{
    "name": "random-25-26184",
    "comment": "size=25 seed=26184",
    "nodes": ["+0", "-0", "+1", "-1", "+2", "-2", "+3", "-3", "+4", "-4", "+5", "-5", "+6", "-6", "+7", "-7", "+8", "-8", "+9", "-9", "+10", "-10", "+11", "-11", "+12", "-12", "+13", "-13", "+14", "-14", "+15", "-15", "+16", "-16", "+17", "-17", "+18", "-18", "+19", "-19", "+20", "-20", "+21", "-21", "+22", "-22", "+23", "-23", "+24", "-24", "+25", "-25"],
    "precedence": {
        "+0": "-0",
        "+1": "-1",
        "+2": "-2",
        "+3": "-3",
        "+4": "-4",
        "+5": "-5",
        "+6": "-6",
        "+7": "-7",
        "+8": "-8",
        "+9": "-9",
        "+10": "-10",
        "+11": "-11",
        "+12": "-12",
        "+13": "-13",
        "+14": "-14",
        "+15": "-15",
        "+16": "-16",
        "+17": "-17",
        "+18": "-18",
        "+19": "-19",
        "+20": "-20",
        "+21": "-21",
        "+22": "-22",
        "+23": "-23",
        "+24": "-24",
        "+25": "-25"
    },
    "edges": [
        [    0,    0,  447,  448,  234,  392,  441,  242,  462,  250,  216,  438,  657,  413,  502,  282,  465,  402,   99,  318,  447,  353,  512,  581,  609,   90,  214,  427,  457,  464,  181,  648,  317,  103,  541,  464,  375,  227,  348,  533,  299,  318,  309,  509,  238,  223,  582,  280,  584,  206,  318,  339],
        [    0,    0,  447,  448,  234,  392,  441,  242,  462,  250,  216,  438,  657,  413,  502,  282,  465,  402,   99,  318,  447,  353,  512,  581,  609,   90,  214,  427,  457,  464,  181,  648,  317,  103,  541,  464,  375,  227,  348,  533,  299,  318,  309,  509,  238,  223,  582,  280,  584,  206,  318,  339],
        [  447,  447,    0,  850,  411,  712,  875,  594,  777,  487,  284,  133,  785,  592,  441,  487,  261,  707,  512,  422,  519,  663,   66,  774,  732,  532,  616,  145,  279,  161,  272, 1079,  685,  499,  496,  575,  759,  243,  792,  931,  322,  450,  434,  580,  529,  551, 1028,  723,  801,  484,  163,  764],
        [  448,  448,  850,    0,  459,  209,  129,  259,  206,  389,  662,  791,  544,  410,  664,  679,  749,  232,  458,  743,  530,  638,  914,  892,  527,  363,  467,  864,  904,  802,  615,  253,  548,  361,  667,  852,  541,  608,  327,   85,  744,  471,  481,  546,  604,  566,  374,  339,  396,  599,  692,  425],
        [  234,  234,  411,  459,    0,  302,  515,  202,  367,   77,  334,  333,  451,  213,  277,  493,  296,  296,  331,  501,  216,  586,  471,  807,  399,  257,  440,  466,  553,  343,  259,  705,  547,  184,  311,  667,  599,  186,  517,  534,  442,   87,   76,  281,  466,  454,  721,  460,  417,  428,  248,  541],
        [  392,  392,  712,  209,  302,    0,  318,  151,   72,  225,  584,  630,  357,  202,  462,  668,  568,   25,  447,  710,  324,  683,  772,  936,  331,  334,  505,  755,  823,  635,  520,  458,  608,  290,  460,  850,  627,  478,  448,  260,  683,  286,  299,  338,  607,  578,  566,  427,  229,  587,  549,  525],
        [  441,  441,  875,  129,  515,  318,    0,  317,  329,  454,  654,  833,  666,  510,  750,  630,  810,  343,  423,  704,  623,  557,  940,  805,  646,  352,  401,  867,  889,  850,  620,  208,  463,  376,  759,  790,  443,  635,  222,  168,  721,  545,  552,  649,  548,  508,  249,  254,  522,  553,  725,  325],
        [  242,  242,  594,  259,  202,  151,  317,    0,  221,  138,  438,  532,  457,  234,  439,  518,  496,  162,  300,  559,  325,  546,  657,  795,  418,  188,  371,  621,  679,  544,  378,  503,  479,  140,  456,  701,  509,  353,  365,  338,  534,  231,  236,  366,  461,  434,  538,  325,  357,  438,  434,  420],
        [  462,  462,  777,  206,  367,   72,  329,  221,    0,  291,  655,  692,  338,  236,  502,  735,  622,   71,  513,  779,  360,  743,  837,  998,  322,  401,  565,  825,  894,  695,  591,  438,  665,  360,  492,  918,  679,  547,  488,  234,  754,  343,  357,  360,  673,  642,  578,  475,  193,  655,  615,  572],
        [  250,  250,  487,  389,   77,  225,  454,  138,  291,    0,  390,  408,  409,  165,  308,  526,  361,  220,  339,  545,  211,  597,  547,  830,  361,  245,  437,  538,  619,  416,  318,  637,  547,  171,  330,  705,  591,  258,  482,  461,  496,   97,  100,  266,  487,  470,  671,  432,  355,  454,  325,  520],
        [  216,  216,  284,  662,  334,  584,  654,  438,  655,  390,    0,  334,  784,  547,  531,  218,  416,  589,  247,  183,  533,  384,  343,  532,  732,  304,  339,  220,  243,  367,   77,  861,  401,  305,  582,  357,  476,  183,  531,  747,  108,  414,  399,  601,  247,  267,  769,  461,  745,  201,  227,  489],
        [  438,  438,  133,  791,  333,  630,  833,  532,  692,  408,  334,    0,  663,  488,  311,  550,  129,  622,  521,  501,  400,  713,  166,  857,  610,  512,  634,  268,  400,   36,  290, 1031,  718,  463,  366,  667,  788,  212,  784,  867,  403,  352,  337,  458,  575,  589, 1012,  717,  692,  529,  122,  773],
        [  657,  657,  785,  544,  451,  357,  666,  457,  338,  409,  784,  663,    0,  244,  365,  934,  548,  333,  740,  950,  268,  996,  828, 1236,   54,  634,  825,  883,  989,  648,  708,  763,  934,  567,  321, 1113,  965,  618,  802,  561,  892,  371,  386,  206,  894,  874,  915,  775,  154,  862,  643,  872],
        [  413,  413,  592,  410,  213,  202,  510,  234,  236,  165,  547,  488,  244,    0,  266,  691,  400,  181,  499,  708,  125,  756,  645,  994,  197,  397,  590,  670,  764,  484,  472,  659,  699,  326,  259,  870,  737,  393,  597,  460,  654,  145,  162,  140,  651,  632,  751,  559,  210,  619,  437,  653],
        [  502,  502,  441,  664,  277,  462,  750,  439,  502,  308,  531,  311,  365,  266,    0,  730,  188,  444,  601,  713,  143,  849,  475, 1051,  316,  533,  713,  561,  684,  291,  458,  917,  819,  460,   56,  887,  874,  348,  788,  722,  631,  212,  211,  170,  720,  716,  977,  734,  431,  677,  330,  817],
        [  282,  282,  487,  679,  493,  668,  630,  518,  735,  526,  218,  550,  934,  691,  730,    0,  632,  680,  226,   91,  707,  184,  538,  321,  886,  335,  235,  382,  323,  585,  277,  825,  238,  382,  777,  183,  311,  387,  447,  761,  173,  579,  567,  773,   85,  126,  673,  387,  866,   82,  443,  370],
        [  465,  465,  261,  749,  296,  568,  810,  496,  622,  361,  416,  129,  548,  400,  188,  632,    0,  556,  558,  595,  296,  779,  289,  948,  497,  523,  674,  392,  522,  104,  356,  998,  769,  461,  241,  767,  834,  253,  796,  819,  502,  283,  271,  345,  642,  648, 1012,  733,  594,  596,  191,  802],
        [  402,  402,  707,  232,  296,   25,  343,  162,   71,  220,  589,  622,  333,  181,  444,  680,  556,    0,  461,  719,  304,  701,  766,  952,  306,  349,  523,  755,  826,  626,  523,  479,  627,  300,  440,  862,  648,  476,  471,  280,  689,  274,  288,  315,  621,  593,  590,  449,  207,  600,  544,  547],
        [   99,   99,  512,  458,  331,  447,  423,  300,  513,  339,  247,  521,  740,  499,  601,  226,  558,  461,    0,  286,  542,  259,  576,  498,  694,  113,  117,  466,  469,  549,  241,  627,  218,  173,  639,  406,  278,  313,  285,  541,  300,  413,  405,  602,  161,  135,  524,  215,  655,  144,  400,  254],
        [  318,  318,  422,  743,  501,  710,  704,  559,  779,  545,  183,  501,  950,  708,  713,   91,  595,  719,  286,    0,  708,  270,  467,  357,  899,  387,  318,  305,  233,  536,  257,  903,  328,  420,  764,  174,  402,  365,  531,  826,  101,  585,  571,  776,  171,  211,  760,  468,  895,  152,  405,  458],
        [  447,  447,  519,  530,  216,  324,  623,  325,  360,  211,  533,  400,  268,  125,  143,  707,  296,  304,  542,  708,    0,  799,  564, 1022,  214,  454,  645,  616,  725,  390,  456,  781,  754,  380,  137,  878,  801,  358,  687,  584,  640,  130,  141,   69,  681,  668,  859,  640,  299,  643,  377,  730],
        [  353,  353,  663,  638,  586,  683,  557,  546,  743,  597,  384,  713,  996,  756,  849,  184,  779,  701,  259,  270,  799,    0,  717,  256,  952,  362,  179,  566,  503,  746,  426,  730,   96,  430,  891,  257,  148,  527,  344,  711,  356,  671,  662,  861,  139,  134,  538,  304,  902,  185,  599,  245],
        [  512,  512,   66,  914,  471,  772,  940,  657,  837,  547,  343,  166,  828,  645,  475,  538,  289,  766,  576,  467,  564,  717,    0,  813,  775,  598,  678,  170,  297,  185,  336, 1144,  743,  564,  529,  612,  818,  307,  857,  994,  369,  505,  489,  622,  585,  609, 1093,  787,  852,  541,  224,  826],
        [  581,  581,  774,  892,  807,  936,  805,  795,  998,  830,  532,  857, 1236,  994, 1051,  321,  948,  952,  498,  357, 1022,  256,  813,    0, 1190,  608,  434,  645,  537,  893,  597,  965,  345,  671, 1098,  205,  367,  707,  586,  963,  456,  893,  882, 1087,  344,  364,  745,  555, 1151,  380,  758,  482],
        [  609,  609,  732,  527,  399,  331,  646,  418,  322,  361,  732,  610,   54,  197,  316,  886,  497,  306,  694,  899,  214,  952,  775, 1190,    0,  591,  783,  829,  935,  597,  655,  756,  892,  522,  275, 1063,  926,  565,  770,  552,  840,  318,  334,  153,  847,  828,  895,  739,  156,  814,  590,  836],
        [   90,   90,  532,  363,  257,  334,  352,  188,  401,  245,  304,  512,  634,  397,  533,  335,  523,  349,  113,  387,  454,  362,  598,  608,  591,    0,  194,  516,  543,  535,  269,  559,  303,   75,  565,  517,  347,  302,  274,  448,  382,  331,  326,  511,  273,  246,  501,  211,  544,  254,  394,  285],
        [  214,  214,  616,  467,  440,  505,  401,  371,  565,  437,  339,  634,  825,  590,  713,  235,  674,  523,  117,  318,  645,  179,  678,  434,  783,  194,    0,  554,  533,  663,  349,  591,  110,  267,  750,  390,  162,  428,  214,  544,  364,  519,  513,  703,  151,  110,  446,  153,  726,  169,  513,  151],
        [  427,  427,  145,  864,  466,  755,  867,  621,  825,  538,  220,  268,  883,  670,  561,  382,  392,  755,  466,  305,  616,  566,  170,  645,  829,  516,  554,    0,  134,  300,  250, 1074,  603,  503,  617,  442,  679,  281,  750,  947,  210,  526,  508,  682,  440,  470,  989,  681,  878,  400,  240,  705],
        [  457,  457,  279,  904,  553,  823,  889,  679,  894,  619,  243,  400,  989,  764,  684,  323,  522,  826,  469,  233,  725,  503,  297,  537,  935,  543,  533,  134,    0,  433,  304, 1094,  559,  548,  739,  333,  633,  372,  742,  989,  171,  622,  606,  792,  397,  434,  978,  675,  969,  366,  355,  680],
        [  464,  464,  161,  802,  343,  635,  850,  544,  695,  416,  367,   36,  648,  484,  291,  585,  104,  626,  549,  536,  390,  746,  185,  893,  597,  535,  663,  300,  433,    0,  322, 1045,  749,  483,  345,  702,  818,  237,  808,  877,  438,  353,  338,  444,  608,  620, 1034,  742,  685,  562,  151,  800],
        [  181,  181,  272,  615,  259,  520,  620,  378,  591,  318,   77,  290,  708,  472,  458,  277,  356,  523,  241,  257,  456,  426,  336,  597,  655,  269,  349,  250,  304,  322,    0,  827,  428,  254,  508,  430,  499,  111,  521,  699,  185,  338,  322,  524,  288,  299,  758,  452,  672,  242,  173,  494],
        [  648,  648, 1079,  253,  705,  458,  208,  503,  438,  637,  861, 1031,  763,  659,  917,  825,  998,  479,  627,  903,  781,  730, 1144,  965,  756,  559,  591, 1074, 1094, 1045,  827,    0,  635,  581,  918,  976,  599,  838,  388,  205,  926,  723,  732,  793,  742,  701,  260,  440,  610,  752,  926,  487],
        [  317,  317,  685,  548,  547,  608,  463,  479,  665,  547,  401,  718,  934,  699,  819,  238,  769,  627,  218,  328,  754,   96,  743,  345,  892,  303,  110,  603,  559,  749,  428,  635,    0,  377,  856,  347,   76,  518,  248,  619,  399,  628,  621,  812,  164,  135,  449,  211,  831,  204,  599,  150],
        [  103,  103,  499,  361,  184,  290,  376,  140,  360,  171,  305,  463,  567,  326,  460,  382,  461,  300,  173,  420,  380,  430,  564,  671,  522,   75,  267,  503,  548,  483,  254,  581,  377,    0,  491,  564,  422,  259,  337,  446,  397,  256,  252,  436,  330,  308,  553,  278,  486,  304,  350,  358],
        [  541,  541,  496,  667,  311,  460,  759,  456,  492,  330,  582,  366,  321,  259,   56,  777,  241,  440,  639,  764,  137,  891,  529, 1098,  275,  565,  750,  617,  739,  345,  508,  918,  856,  491,    0,  937,  909,  400,  812,  719,  684,  236,  239,  141,  764,  758,  992,  761,  402,  723,  386,  847],
        [  464,  464,  575,  852,  667,  850,  790,  701,  918,  705,  357,  667, 1113,  870,  887,  183,  767,  862,  406,  174,  878,  257,  612,  205, 1063,  517,  390,  442,  333,  702,  430,  976,  347,  564,  937,    0,  405,  539,  589,  932,  265,  752,  739,  945,  249,  287,  794,  539, 1048,  263,  576,  497],
        [  375,  375,  759,  541,  599,  627,  443,  509,  679,  591,  476,  788,  965,  737,  874,  311,  834,  648,  278,  402,  801,  148,  818,  367,  926,  347,  162,  679,  633,  818,  499,  599,   76,  422,  909,  405,    0,  586,  222,  606,  474,  677,  671,  856,  240,  210,  392,  206,  854,  279,  668,  119],
        [  227,  227,  243,  608,  186,  478,  635,  353,  547,  258,  183,  212,  618,  393,  348,  387,  253,  476,  313,  365,  358,  527,  307,  707,  565,  302,  428,  281,  372,  237,  111,  838,  518,  259,  400,  539,  586,    0,  573,  689,  286,  251,  234,  426,  391,  396,  803,  506,  600,  345,   93,  563],
        [  348,  348,  792,  327,  517,  448,  222,  365,  488,  482,  531,  784,  802,  597,  788,  447,  796,  471,  285,  531,  687,  344,  857,  586,  770,  274,  214,  750,  742,  808,  521,  388,  248,  337,  812,  589,  222,  573,    0,  386,  572,  577,  577,  730,  363,  322,  239,   70,  675,  381,  665,  104],
        [  533,  533,  931,   85,  534,  260,  168,  338,  234,  461,  747,  867,  561,  460,  722,  761,  819,  280,  541,  826,  584,  711,  994,  963,  552,  448,  544,  947,  989,  877,  699,  205,  619,  446,  719,  932,  606,  689,  386,    0,  829,  538,  549,  592,  684,  646,  385,  409,  408,  681,  771,  488],
        [  299,  299,  322,  744,  442,  683,  721,  534,  754,  496,  108,  403,  892,  654,  631,  173,  502,  689,  300,  101,  640,  356,  369,  456,  840,  382,  364,  210,  171,  438,  185,  926,  399,  397,  684,  265,  474,  286,  572,  829,    0,  522,  507,  708,  235,  268,  808,  505,  850,  199,  313,  513],
        [  318,  318,  450,  471,   87,  286,  545,  231,  343,   97,  414,  352,  371,  145,  212,  579,  283,  274,  413,  585,  130,  671,  505,  893,  318,  331,  519,  526,  622,  353,  338,  723,  628,  256,  236,  752,  677,  251,  577,  538,  522,    0,   18,  194,  551,  539,  767,  525,  354,  514,  293,  611],
        [  309,  309,  434,  481,   76,  299,  552,  236,  357,  100,  399,  337,  386,  162,  211,  567,  271,  288,  405,  571,  141,  662,  489,  882,  334,  326,  513,  508,  606,  338,  322,  732,  621,  252,  239,  739,  671,  234,  577,  549,  507,   18,    0,  207,  541,  530,  771,  524,  371,  503,  276,  609],
        [  509,  509,  580,  546,  281,  338,  649,  366,  360,  266,  601,  458,  206,  140,  170,  773,  345,  315,  602,  776,   69,  861,  622, 1087,  153,  511,  703,  682,  792,  444,  524,  793,  812,  436,  141,  945,  856,  426,  730,  592,  708,  194,  207,    0,  745,  731,  890,  688,  263,  708,  442,  780],
        [  238,  238,  529,  604,  466,  607,  548,  461,  673,  487,  247,  575,  894,  651,  720,   85,  642,  621,  161,  171,  681,  139,  585,  344,  847,  273,  151,  440,  397,  608,  288,  742,  164,  330,  764,  249,  240,  391,  363,  684,  235,  551,  541,  745,    0,   42,  590,  303,  815,   47,  460,  287],
        [  223,  223,  551,  566,  454,  578,  508,  434,  642,  470,  267,  589,  874,  632,  716,  126,  648,  593,  135,  211,  668,  134,  609,  364,  828,  246,  110,  470,  434,  620,  299,  701,  135,  308,  758,  287,  210,  396,  322,  646,  268,  539,  530,  731,   42,    0,  550,  262,  789,   70,  471,  248],
        [  582,  582, 1028,  374,  721,  566,  249,  538,  578,  671,  769, 1012,  915,  751,  977,  673, 1012,  590,  524,  760,  859,  538, 1093,  745,  895,  501,  446,  989,  978, 1034,  758,  260,  449,  553,  992,  794,  392,  803,  239,  385,  808,  767,  771,  890,  590,  550,    0,  309,  770,  614,  895,  304],
        [  280,  280,  723,  339,  460,  427,  254,  325,  475,  432,  461,  717,  775,  559,  734,  387,  733,  449,  215,  468,  640,  304,  787,  555,  739,  211,  153,  681,  675,  742,  452,  440,  211,  278,  761,  539,  206,  506,   70,  409,  505,  525,  524,  688,  303,  262,  309,    0,  656,  317,  597,   98],
        [  584,  584,  801,  396,  417,  229,  522,  357,  193,  355,  745,  692,  154,  210,  431,  866,  594,  207,  655,  895,  299,  902,  852, 1151,  156,  544,  726,  878,  969,  685,  672,  610,  831,  486,  402, 1048,  854,  600,  675,  408,  850,  354,  371,  263,  815,  789,  770,  656,    0,  789,  646,  753],
        [  206,  206,  484,  599,  428,  587,  553,  438,  655,  454,  201,  529,  862,  619,  677,   82,  596,  600,  144,  152,  643,  185,  541,  380,  814,  254,  169,  400,  366,  562,  242,  752,  204,  304,  723,  263,  279,  345,  381,  681,  199,  514,  503,  708,   47,   70,  614,  317,  789,    0,  414,  315],
        [  318,  318,  163,  692,  248,  549,  725,  434,  615,  325,  227,  122,  643,  437,  330,  443,  191,  544,  400,  405,  377,  599,  224,  758,  590,  394,  513,  240,  355,  151,  173,  926,  599,  350,  386,  576,  668,   93,  665,  771,  313,  293,  276,  442,  460,  471,  895,  597,  646,  414,    0,  652],
        [  339,  339,  764,  425,  541,  525,  325,  420,  572,  520,  489,  773,  872,  653,  817,  370,  802,  547,  254,  458,  730,  245,  826,  482,  836,  285,  151,  705,  680,  800,  494,  487,  150,  358,  847,  497,  119,  563,  104,  488,  513,  611,  609,  780,  287,  248,  304,   98,  753,  315,  652,    0]
    ]
}
