{
    "name": "random-91-19623",
    "comment": "size=91 seed=19623",
    "nodes": ["+0", "-0", "+1", "-1", "+2", "-2", "+3", "-3", "+4", "-4", "+5", "-5", "+6", "-6", "+7", "-7", "+8", "-8", "+9", "-9", "+10", "-10", "+11", "-11", "+12", "-12", "+13", "-13", "+14", "-14", "+15", "-15", "+16", "-16", "+17", "-17", "+18", "-18", "+19", "-19", "+20", "-20", "+21", "-21", "+22", "-22", "+23", "-23", "+24", "-24", "+25", "-25", "+26", "-26", "+27", "-27", "+28", "-28", "+29", "-29", "+30", "-30", "+31", "-31", "+32", "-32", "+33", "-33", "+34", "-34", "+35", "-35", "+36", "-36", "+37", "-37", "+38", "-38", "+39", "-39", "+40", "-40", "+41", "-41", "+42", "-42", "+43", "-43", "+44", "-44", "+45", "-45", "+46", "-46", "+47", "-47", "+48", "-48", "+49", "-49", "+50", "-50", "+51", "-51", "+52", "-52", "+53", "-53", "+54", "-54", "+55", "-55", "+56", "-56", "+57", "-57", "+58", "-58", "+59", "-59", "+60", "-60", "+61", "-61", "+62", "-62", "+63", "-63", "+64", "-64", "+65", "-65", "+66", "-66", "+67", "-67", "+68", "-68", "+69", "-69", "+70", "-70", "+71", "-71", "+72", "-72", "+73", "-73", "+74", "-74", "+75", "-75", "+76", "-76", "+77", "-77", "+78", "-78", "+79", "-79", "+80", "-80", "+81", "-81", "+82", "-82", "+83", "-83", "+84", "-84", "+85", "-85", "+86", "-86", "+87", "-87", "+88", "-88", "+89", "-89", "+90", "-90", "+91", "-91"],
    "precedence": {
        "+0": "-0",
        "+1": "-1",
        "+2": "-2",
        "+3": "-3",
        "+4": "-4",
        "+5": "-5",
        "+6": "-6",
        "+7": "-7",
        "+8": "-8",
        "+9": "-9",
        "+10": "-10",
        "+11": "-11",
        "+12": "-12",
        "+13": "-13",
        "+14": "-14",
        "+15": "-15",
        "+16": "-16",
        "+17": "-17",
        "+18": "-18",
        "+19": "-19",
        "+20": "-20",
        "+21": "-21",
        "+22": "-22",
        "+23": "-23",
        "+24": "-24",
        "+25": "-25",
        "+26": "-26",
        "+27": "-27",
        "+28": "-28",
        "+29": "-29",
        "+30": "-30",
        "+31": "-31",
        "+32": "-32",
        "+33": "-33",
        "+34": "-34",
        "+35": "-35",
        "+36": "-36",
        "+37": "-37",
        "+38": "-38",
        "+39": "-39",
        "+40": "-40",
        "+41": "-41",
        "+42": "-42",
        "+43": "-43",
        "+44": "-44",
        "+45": "-45",
        "+46": "-46",
        "+47": "-47",
        "+48": "-48",
        "+49": "-49",
        "+50": "-50",
        "+51": "-51",
        "+52": "-52",
        "+53": "-53",
        "+54": "-54",
        "+55": "-55",
        "+56": "-56",
        "+57": "-57",
        "+58": "-58",
        "+59": "-59",
        "+60": "-60",
        "+61": "-61",
        "+62": "-62",
        "+63": "-63",
        "+64": "-64",
        "+65": "-65",
        "+66": "-66",
        "+67": "-67",
        "+68": "-68",
        "+69": "-69",
        "+70": "-70",
        "+71": "-71",
        "+72": "-72",
        "+73": "-73",
        "+74": "-74",
        "+75": "-75",
        "+76": "-76",
        "+77": "-77",
        "+78": "-78",
        "+79": "-79",
        "+80": "-80",
        "+81": "-81",
        "+82": "-82",
        "+83": "-83",
        "+84": "-84",
        "+85": "-85",
        "+86": "-86",
        "+87": "-87",
        "+88": "-88",
        "+89": "-89",
        "+90": "-90",
        "+91": "-91"
    },
    "edges": [
        [    0,    0,  733,   93,  612,  473,  361,  609,  458,  241,  236,  534,  973,  418,  438,  708,  782,  609,  727,  266,  430,  635,  328,  843,   71,  123,   73,  425,  671,  998,  639,  710,  681,  786,  172,  186,  533,  480,  803,  469,  723,  591,  622,  119,  827,  665,  331,  269,  575,  668,  506,  772,  479,  526,  957,  695,  608,   58, 1009,  313, 1014,  376,  775,  925,  688,  203,  375,  719,  389,  469,  269,  838,  390,  199,  444,  153,  612,  914,  293,  157,  538,  740,  221,  447,  521,  343,  437,  134,  792,  471,  158,  184,  361,  511,  334,  451,  164,  178,  525,  139,  774,  715,  524,  522,  747,  713,  218,  465,  645,  202,  287, 1039,  277,  636,  808,  819,  647,  474,  686,  712,  289,  739,  741,   49,  363,  264,  607,  365,  177,  509,  752,  850,  696,  184,  490,  259,  735,   61,  155,  448,  265,  119,  293,  242,  378,  691,   75,  513,  518,  495,  557,  605,  231,  351,  676,  258,  543,  381,  480,  159,  399,   89,  470,  208,  396,  166,  282,  822,  720,  811,  710,  793,  622,  666,  130,  830,  140,  187,  947,  785,  756,  372,  752,  180],
        [    0,    0,    0,    0,    0,    0,    0,    0,    0,    0,    0,    0,    0,    0,    0,    0,    0,    0,    0,    0,    0,    0,    0,    0,    0,    0,    0,    0,    0,    0,    0,    0,    0,    0,    0,    0,    0,    0,    0,    0,    0,    0,    0,    0,    0,    0,    0,    0,    0,    0,    0,    0,    0,    0,    0,    0,    0,    0,    0,    0,    0,    0,    0,    0,    0,    0,    0,    0,    0,    0,    0,    0,    0,    0,    0,    0,    0,    0,    0,    0,    0,    0,    0,    0,    0,    0,    0,    0,    0,    0,    0,    0,    0,    0,    0,    0,    0,    0,    0,    0,    0,    0,    0,    0,    0,    0,    0,    0,    0,    0,    0,    0,    0,    0,    0,    0,    0,    0,    0,    0,    0,    0,    0,    0,    0,    0,    0,    0,    0,    0,    0,    0,    0,    0,    0,    0,    0,    0,    0,    0,    0,    0,    0,    0,    0,    0,    0,    0,    0,    0,    0,    0,    0,    0,    0,    0,    0,    0,    0,    0,    0,    0,    0,    0,    0,    0,    0,    0,    0,    0,    0,    0,    0,    0,    0,    0,    0,    0,    0,    0,    0,    0,    0,    0],
        [  733,    0,    0,  642,  992,  427,  460,  671,  548,  931,  639,  525,  561,  439,  403, 1054,  277,  393,  801,  817,  500,  349,  501,  554,  803,  610,  771,  465,  351,  590,  509,  437, 1051,  745,  904,  897,  295,  988,  715,  269,  126,  145,  987,  681,  748,  961,  402,  602,  343, 1068,  267,  144,  465,  955,  582, 1085,  252,  677,  534,  949,  568,  439,  613,  667,  139,  932,  580, 1031,  458,  736,  621,  645,  440,  930,  490,  664,  943,  642,  480,  874,  638,  752,  761,  753,  430,  733,  966,  757,  367,  263,  882,  602,  373,  921,  409,  389,  723,  556,  401,  687,  466,  497,  220,  239, 1050,  812,  523,  330,  106,  548,  978,  645,  783,  729,  270,  635, 1014,  309,  292, 1079,  814,  706,  521,  721,  588,  471,  938,  864,  601,  532,   35,  237,  296,  912,  438,  614, 1092,  763,  879,  287,  907,  657,  594,  879,  603,  222,  807,  975,  831,  386,  179,  664,  879,  393,  339,  729,  216,  966,  391,  783,  947,  801,  284,  596,  442,  892,  452,  305,   32,  672,  416,   66,  914, 1048,  716,  365,  642,  869,  662,  480,  118,  597,  136,  704],
        [   93,    0,  642,    0,  609,  390,  276,  553,  389,  324,  187,  462,  890,  334,  370,  704,  705,  524,  680,  279,  354,  548,  271,  764,  161,   37,  150,  345,  602,  916,  563,  628,  680,  728,  263,  274,  456,  499,  740,  377,  637,  500,  617,  123,  766,  650,  243,  240,  488,  672,  424,  687,  424,  529,  876,  699,  517,   35,  923,  362,  930,  290,  704,  852,  596,  295,  312,  709,  306,  433,  246,  767,  326,  288,  393,  114,  600,  839,  204,  237,  481,  686,  222,  416,  461,  317,  459,  182,  705,  380,  242,  112,  270,  508,  242,  382,  157,   86,  461,  147,  692,  637,  432,  437,  736,  669,  138,  374,  557,  112,  372,  958,  275,  586,  718,  748,  644,  394,  596,  712,  296,  679,  664,   83,  302,  172,  594,  373,  133,  438,  661,  758,  622,  276,  408,  234,  734,  138,  246,  357,  313,  104,  231,  310,  319,  611,  167,  523,  495,  429,  468,  548,  301,  267,  588,  240,  457,  416,  413,  187,  424,  163,  385,  139,  333,  258,  191,  732,  630,  744,  626,  702,  603,  666,  157,  742,  116,  266,  872,  703,  669,  312,  667,  194],
        [  612,    0,  992,  609,    0,  565,  559,  373,  444,  774,  446,  481,  850,  560,  925,   98, 1182,  631,  344,  348,  494,  682,  859,  695,  604,  634,  673,  531, 1128,  860,  547,  661,   71,  463,  620,  714,  964,  178,  510,  771, 1057,  868,   20,  720,  507,  104,  731,  848,  661,   77,  906, 1104, 1001,   91,  811,   97,  749,  604,  921,  378,  899,  576,  571,  699,  872,  667,  424,  119,  548,  257,  855,  611,  893,  603,  978,  498,   66,  706,  586,  544,  370,  407,  393,  243, 1026,  306,  216,  743,  791,  793,  564,  530,  722,  102,  668,  931,  456,  635, 1016,  743,  695,  615,  795,  901,  144,  317,  708,  671,  960,  592,  800,  870,  337,  333,  882,  599,   36,  899,  758,  103,  323,  450,  617,  567,  420,  661,   68,  249,  741,  467,  989,  954, 1124,  665,  555,  842,  125,  663,  671,  765,  402,  708,  448,  821,  401, 1082,  615,  120,  162,  979,  879,  377,  807,  780,  715,  371,  910,  297,  964,  455,  251,  550,  862,  512,  901,  669,  683,  870,  999,  558,  678, 1024,  112,   60,  740,  833,  724,  751,  731,  694, 1077,  408, 1085,  788],
        [  473,    0,  427,  390,  565,    0,  114,  275,  122,  712,  275,  124,  501,   56,  467,  630,  634,  137,  420,  436,   77,  170,  466,  378,  529,  377,  539,   53,  613,  527,  189,  238,  625,  411,  623,  658,  455,  572,  405,  234,  498,  308,  560,  494,  437,  539,  282,  521,  118,  642,  389,  543,  558,  531,  487,  658,  192,  418,  537,  576,  542,  104,  338,  474,  312,  665,  166,  609,   84,  309,  539,  398,  459,  636,  552,  340,  517,  458,  191,  565,  224,  392,  393,  328,  561,  323,  556,  566,  326,  261,  580,  291,  248,  496,  211,  465,  380,  327,  541,  513,  303,  252,  240,  374,  630,  424,  359,  119,  402,  281,  759,  569,  395,  331,  369,  380,  588,  399,  235,  653,  424,  362,  281,  437,  177,  268,  512,  458,  446,  118,  425,  429,  592,  648,   25,  526,  667,  527,  624,  239,  543,  467,  213,  697,  186,  538,  539,  554,  404,  504,  330,  268,  689,  328,  212,  346,  376,  572,  494,  443,  544,  502,  351,  270,  467,  634,  273,  372,  435,  390,  238,  462,  490,  621,  533,  367,  466,  655,  491,  314,  516,  182,  525,  553],
        [  361,    0,  460,  276,  559,  114,    0,  340,  159,  599,  186,  209,  614,   59,  396,  636,  623,  249,  485,  361,  103,  275,  374,  491,  420,  263,  426,   76,  575,  640,  297,  352,  625,  498,  516,  546,  411,  530,  499,  214,  505,  322,  558,  380,  529,  553,  199,  418,  216,  634,  350,  553,  485,  508,  601,  655,  265,  306,  648,  498,  654,   22,  444,  585,  370,  556,  136,  623,   33,  310,  434,  505,  379,  532,  472,  236,  521,  570,   79,  463,  274,  469,  310,  317,  496,  276,  507,  452,  433,  235,  476,  182,  175,  475,  125,  398,  284,  214,  481,  400,  417,  365,  245,  343,  647,  482,  252,  133,  408,  167,  647,  683,  325,  390,  460,  487,  586,  348,  331,  655,  355,  448,  393,  328,  139,  163,  516,  404,  336,  191,  467,  512,  566,  539,  134,  421,  672,  414,  514,  207,  460,  354,  135,  583,  159,  524,  429,  523,  403,  442,  323,  334,  576,  249,  316,  271,  352,  507,  430,  348,  487,  397,  307,  163,  387,  524,  174,  469,  460,  491,  351,  506,  503,  618,  420,  472,  353,  541,  603,  428,  529,  151,  534,  441],
        [  609,    0,  671,  553,  373,  275,  340,    0,  182,  839,  373,  154,  487,  304,  732,  406,  903,  281,  147,  440,  239,  331,  712,  330,  642,  556,  682,  273,  887,  501,  179,  291,  415,  177,  711,  777,  729,  460,  200,  509,  760,  572,  360,  674,  220,  309,  538,  746,  329,  442,  663,  800,  822,  381,  452,  451,  419,  569,  554,  562,  537,  346,  214,  363,  537,  761,  243,  375,  311,  183,  761,  268,  718,  712,  812,  456,  311,  362,  408,  637,   72,  134,  432,  217,  830,  301,  466,  732,  421,  535,  656,  441,  510,  348,  463,  733,  460,  524,  812,  697,  322,  243,  511,  649,  390,  149,  580,  394,  666,  471,  880,  520,  398,   59,  518,  252,  382,  672,  404,  436,  414,  132,  246,  563,  252,  498,  307,  399,  652,  158,  660,  593,  866,  749,  254,  747,  443,  669,  736,  513,  551,  651,  322,  850,  234,  809,  654,  417,  235,  774,  602,    8,  839,  587,  357,  377,  650,  518,  763,  506,  473,  598,  625,  415,  726,  741,  511,  502,  685,  224,  309,  690,  270,  417,  709,  462,  657,  792,  392,  322,  773,  241,  785,  743],
        [  458,    0,  548,  389,  444,  122,  159,  182,    0,  696,  228,   80,  539,  130,  554,  509,  752,  210,  326,  355,   60,  258,  531,  395,  503,  388,  529,   98,  721,  560,  189,  284,  504,  346,  585,  637,  559,  462,  353,  345,  619,  428,  439,  507,  381,  418,  357,  568,  223,  521,  495,  663,  643,  414,  516,  537,  307,  411,  589,  494,  584,  167,  317,  469,  429,  632,   87,  489,  132,  189,  583,  380,  538,  593,  631,  308,  396,  459,  228,  518,  116,  313,  324,  210,  653,  225,  451,  571,  399,  370,  536,  278,  331,  378,  283,  555,  331,  349,  636,  529,  342,  271,  358,  484,  510,  324,  401,  235,  521,  297,  740,  595,  312,  231,  465,  361,  466,  499,  332,  532,  338,  296,  292,  415,  100,  318,  391,  357,  477,   54,  545,  531,  705,  618,  111,  569,  546,  517,  599,  345,  468,  483,  167,  696,   95,  654,  514,  439,  283,  598,  447,  175,  686,  407,  297,  271,  488,  476,  586,  388,  443,  466,  454,  252,  546,  606,  331,  461,  556,  355,  292,  581,  370,  500,  544,  442,  487,  644,  492,  349,  637,   96,  646,  574],
        [  241,    0,  931,  324,  774,  712,  599,  839,  696,    0,  470,  773, 1213,  657,  574,  870,  926,  847,  946,  439,  670,  872,  456, 1083,  197,  344,  175,  665,  793, 1238,  878,  949,  837, 1015,  155,   63,  687,  611, 1036,  680,  898,  796,  788,  251, 1058,  846,  535,  360,  811,  815,  679,  945,  580,  684, 1197,  843,  837,  294, 1247,  407, 1253,  614, 1013, 1164,  906,  112,  612,  890,  629,  684,  346, 1075,  526,  177,  541,  388,  790, 1153,  528,  231,  770,  967,  419,  657,  629,  553,  568,  174, 1028,  676,  211,  424,  572,  678,  557,  591,  379,  400,  643,  245, 1014,  955,  736,  701,  917,  930,  412,  695,  834,  436,   49, 1279,  467,  860, 1037, 1057,  809,  641,  919,  866,  467,  970,  981,  282,  600,  483,  785,  530,  330,  748,  954, 1073,  833,  110,  730,  346,  890,  186,  107,  658,  374,  275,  530,   86,  612,  846,  185,  660,  714,  625,  753,  835,   75,  538,  912,  468,  724,  492,  611,  342,  529,  244,  651,  448,  528,  106,  495, 1053,  913, 1047,  949,  994,  810,  820,  215, 1065,  290,   63, 1186, 1025,  933,  607,  925,  237],
        [  236,    0,  639,  187,  446,  275,  186,  373,  228,  470,    0,  307,  761,  229,  482,  537,  770,  408,  495,  179,  214,  445,  413,  621,  276,  200,  309,  223,  696,  784,  415,  500,  517,  550,  358,  411,  535,  373,  567,  378,  669,  497,  451,  309,  591,  473,  296,  412,  391,  516,  484,  719,  556,  376,  741,  541,  449,  198,  805,  313,  805,  207,  544,  696,  555,  404,  142,  537,  201,  247,  422,  606,  448,  368,  532,   84,  427,  687,  164,  294,  302,  505,  125,  233,  582,  142,  342,  360,  600,  392,  310,   85,  298,  349,  246,  489,  106,  190,  575,  333,  562,  496,  420,  486,  563,  483,  263,  318,  576,  146,  514,  821,  148,  402,  640,  588,  479,  468,  508,  549,  178,  503,  519,  191,  130,  220,  421,  241,  306,  281,  648,  695,  701,  390,  286,  408,  570,  297,  371,  365,  274,  290,   65,  477,  142,  671,  287,  380,  316,  537,  487,  369,  467,  342,  486,   94,  500,  329,  523,  168,  316,  238,  440,   66,  456,  379,  243,  646,  635,  577,  504,  688,  425,  506,  341,  641,  300,  421,  719,  571,  696,  137,  699,  380],
        [  534,    0,  525,  462,  481,  124,  209,  154,   80,  773,  307,    0,  460,  162,  588,  533,  750,  151,  298,  432,  111,  202,  580,  315,  581,  457,  605,  134,  735,  481,  109,  209,  534,  292,  665,  715,  578,  522,  291,  357,  609,  419,  473,  577,  321,  438,  399,  626,  184,  556,  512,  650,  679,  463,  436,  569,  274,  485,  511,  569,  506,  209,  242,  392,  396,  711,  166,  508,  177,  235,  642,  305,  578,  673,  672,  386,  426,  381,  285,  598,  115,  269,  403,  263,  684,  298,  514,  643,  330,  384,  615,  353,  367,  427,  326,  587,  410,  415,  664,  598,  264,  191,  358,  497,  526,  302,  459,  241,  514,  364,  818,  515,  388,  211,  406,  286,  498,  523,  278,  560,  413,  242,  212,  492,  179,  372,  421,  426,  541,   27,  517,  477,  713,  696,  102,  629,  571,  592,  677,  362,  545,  552,  245,  770,  174,  656,  592,  492,  323,  627,  448,  146,  761,  446,  237,  349,  497,  547,  617,  468,  510,  545,  474,  327,  586,  685,  381,  399,  537,  285,  220,  550,  393,  533,  615,  373,  554,  720,  413,  271,  623,  176,  634,  642],
        [  973,    0,  561,  890,  850,  501,  614,  487,  539, 1213,  761,  460,    0,  556,  867,  861,  837,  366,  522,  890,  549,  350,  914,  157, 1028,  876, 1039,  548,  902,   30,  352,  264,  879,  406, 1117, 1158,  796,  946,  356,  616,  686,  573,  835,  990,  374,  768,  738,  992,  411,  912,  739,  700,  953,  867,   46,  915,  424,  919,   79, 1025,   50,  601,  280,  184,  447, 1162,  624,  821,  585,  661, 1011,  246,  881, 1128,  963,  835,  785,  164,  689, 1054,  522,  453,  862,  694,  934,  753,  949, 1064,  214,  637, 1071,  790,  696,  834,  684,  858,  866,  823,  907, 1008,  200,  269,  573,  711,  826,  546,  842,  542,  632,  780, 1259,   85,  846,  518,  292,  255,  852,  772,  331,  893,  869,  405,  252,  936,  637,  754,  782,  872,  934,  486,  529,  338,  852, 1146,  484,  999,  893, 1027, 1123,  635, 1004,  963,  697, 1196,  633,  778, 1038,  903,  722,  879,  632,  485, 1189,  768,  316,  808,  696,  994,  876,  925,  953,  997,  723,  768,  887, 1133,  751,  257,  591,  301,  264,  531,  740,  885, 1030,  200,  959, 1155,  158,  191,  675,  635,  695, 1045],
        [  418,    0,  439,  334,  560,   56,   59,  304,  130,  657,  229,  162,  556,    0,  429,  631,  626,  191,  450,  398,   71,  220,  419,  433,  476,  321,  483,   33,  591,  582,  242,  294,  623,  453,  570,  604,  430,  550,  450,  216,  497,  309,  557,  438,  481,  544,  238,  470,  163,  636,  365,  544,  520,  518,  543,  655,  223,  363,  591,  537,  596,   50,  390,  528,  336,  612,  142,  614,   30,  305,  487,  451,  417,  585,  511,  289,  517,  513,  136,  515,  244,  428,  351,  318,  527,  297,  530,  511,  377,  241,  529,  237,  207,  484,  165,  429,  332,  272,  509,  458,  358,  308,  235,  354,  637,  450,  305,  112,  400,  225,  704,  625,  359,  357,  411,  432,  585,  370,  280,  653,  389,  403,  336,  384,  150,  216,  511,  429,  392,  148,  441,  467,  576,  595,   77,  474,  668,  471,  570,  216,  501,  412,  171,  641,  164,  527,  485,  537,  400,  471,  321,  297,  634,  285,  261,  307,  359,  539,  460,  395,  514,  451,  324,  217,  425,  580,  222,  418,  443,  439,  293,  480,  494,  618,  478,  417,  410,  599,  545,  370,  518,  159,  526,  498],
        [  438,    0,  403,  370,  925,  467,  396,  732,  554,  574,  482,  588,  867,  429,    0, 1011,  353,  548,  878,  634,  495,  537,  120,  794,  503,  335,  445,  460,  234,  897,  646,  645,  994,  877,  595,  556,  118,  848,  868,  257,  337,  308,  928,  343,  901,  937,  200,  218,  485,  996,  140,  379,   93,  857,  872, 1020,  445,  397,  868,  731,  891,  388,  792,  906,  442,  607,  523, 1005,  422,  694,  234,  846,   50,  627,   97,  453,  898,  885,  345,  594,  669,  856,  573,  693,  102,  620,  813,  406,  654,  233,  594,  404,  223,  829,  272,   17,  512,  306,   94,  339,  703,  686,  295,  169, 1030,  877,  235,  360,  298,  338,  618,  949,  618,  784,  605,  829,  956,  100,  537, 1026,  645,  828,  716,  450,  522,  264,  892,  716,  265,  576,  435,  609,  262,  588,  490,  231, 1046,  442,  552,  242,  682,  328,  478,  508,  543,  273,  503,  861,  781,   59,  247,  725,  511,  149,  560,  569,  191,  780,   44,  555,  781,  524,  144,  417,   47,  566,  242,  634,  378,  848,  632,  468,  887,  984,  367,  674,  307,  516,  914,  717,  372,  534,  361,  338],
        [  708,    0, 1054,  704,   98,  630,  636,  406,  509,  870,  537,  533,  861,  631, 1011,    0, 1256,  679,  341,  445,  563,  730,  949,  710,  701,  728,  770,  600, 1209,  868,  585,  696,   38,  460,  716,  810, 1045,  266,  509,  845, 1126,  936,   87,  816,  500,   98,  815,  942,  716,   76,  985, 1171, 1090,  187,  820,   61,  806,  700,  935,  471,  910,  652,  584,  698,  928,  762,  500,   46,  621,  327,  950,  617,  981,  698, 1067,  592,  115,  708,  669,  640,  419,  409,  489,  321, 1113,  395,  307,  840,  826,  868,  660,  621,  804,  198,  749, 1017,  552,  726, 1102,  839,  722,  645,  865,  979,   60,  316,  799,  741, 1029,  681,  895,  872,  434,  357,  923,  607,   62,  980,  805,   33,  420,  457,  643,  663,  498,  747,  121,  346,  835,  523, 1048,  998, 1202,  761,  616,  937,   38,  760,  767,  841,  497,  803,  533,  918,  478, 1157,  712,  212,  234, 1064,  952,  412,  903,  865,  760,  465,  986,  387, 1050,  552,  344,  647,  941,  602,  989,  765,  769,  908, 1063,  562,  715, 1082,  141,   56,  837,  866,  819,  848,  730,  719, 1145,  486, 1154,  885],
        [  782,    0,  277,  705, 1182,  634,  623,  903,  752,  926,  770,  750,  837,  626,  353, 1256,    0,  642, 1043,  942,  695,  605,  472,  828,  850,  669,  796,  657,  149,  865,  759,  703, 1247, 1001,  945,  909,  250, 1142,  976,  411,  155,  332, 1180,  694, 1010, 1169,  479,  567,  582, 1257,  289,  139,  357, 1130,  859, 1277,  499,  736,  806, 1056,  842,  606,  877,  942,  408,  959,  758, 1239,  635,  929,  581,  915,  402,  976,  395,  767, 1141,  917,  609,  938,  857, 1000,  882,  939,  307,  893, 1112,  758,  644,  389,  939,  709,  473, 1098,  525,  337,  828,  628,  287,  691,  739,  761,  395,  285, 1261, 1050,  567,  518,  239,  643,  968,  920,  917,  961,  546,  903, 1208,  312,  559, 1277,  947,  958,  787,  788,  762,  559, 1136, 1010,  615,  750,  308,  505,   95,  939,  652,  581, 1293,  792,  904,  417, 1009,  678,  744,  856,  781,  100,  851, 1142, 1024,  302,  305,  896,  860,  442,  603,  864,  273, 1093,  316,  880, 1086,  865,  332,  713,  399,  918,  535,  581,  249,  937,  683,  310, 1119, 1240,  720,  642,  658,  868,  938,  753,  162,  774,  142,  690],
        [  609,    0,  393,  524,  631,  137,  249,  281,  210,  847,  408,  151,  366,  191,  548,  679,  642,    0,  408,  559,  196,   51,  570,  255,  666,  510,  674,  187,  651,  393,  118,  107,  683,  361,  759,  794,  508,  669,  338,  293,  492,  313,  622,  624,  372,  583,  387,  637,   65,  705,  443,  529,  639,  614,  355,  718,  144,  554,  401,  699,  406,  236,  248,  361,  257,  801,  283,  652,  220,  386,  656,  300,  550,  772,  640,  475,  575,  342,  323,  700,  262,  361,  521,  412,  633,  434,  660,  699,  194,  319,  715,  427,  347,  578,  325,  542,  513,  458,  609,  643,  171,  139,  271,  421,  668,  420,  481,  191,  403,  414,  895,  437,  516,  338,  256,  284,  647,  465,  128,  707,  544,  317,  169,  574,  296,  391,  570,  567,  571,  169,  381,  326,  619,  785,  123,  643,  717,  662,  760,  306,  669,  598,  344,  830,  299,  554,  675,  642,  473,  575,  356,  275,  823,  425,   88,  470,  415,  685,  568,  575,  652,  638,  414,  406,  557,  770,  391,  252,  410,  307,  102,  410,  539,  682,  665,  236,  594,  790,  372,  184,  501,  298,  514,  681],
        [  727,    0,  801,  680,  344,  420,  485,  147,  326,  946,  495,  298,  522,  450,  878,  341, 1043,  408,    0,  522,  384,  454,  855,  374,  751,  688,  799,  419, 1032,  528,  294,  389,  361,  121,  809,  884,  875,  480,  169,  654,  897,  711,  326,  802,  164,  251,  683,  885,  463,  397,  809,  935,  968,  386,  480,  396,  551,  692,  597,  625,  570,  491,  249,  359,  665,  859,  378,  300,  457,  263,  899,  277,  863,  805,  957,  576,  279,  368,  550,  731,  212,   69,  529,  292,  976,  394,  498,  854,  512,  680,  752,  570,  655,  360,  609,  879,  569,  660,  958,  826,  400,  331,  653,  794,  306,   27,  719,  538,  804,  607,  985,  532,  486,   97,  620,  267,  339,  818,  521,  373,  495,  120,  320,  679,  385,  640,  278,  458,  787,  304,  788,  696, 1009,  850,  399,  885,  373,  787,  841,  659,  625,  781,  452,  966,  365,  950,  764,  425,  262,  920,  744,  154,  955,  732,  472,  479,  794,  565,  909,  606,  516,  703,  770,  544,  871,  845,  655,  599,  818,  222,  410,  815,  233,  370,  835,  549,  789,  905,  391,  394,  907,  373,  920,  873],
        [  266,    0,  817,  279,  348,  436,  361,  440,  355,  439,  179,  432,  890,  398,  634,  445,  942,  559,  522,    0,  365,  602,  547,  740,  258,  310,  326,  384,  859,  910,  538,  639,  416,  608,  292,  377,  701,  220,  638,  556,  846,  676,  359,  378,  654,  410,  464,  517,  554,  402,  654,  896,  698,  261,  863,  430,  620,  266,  943,  140,  937,  383,  642,  796,  730,  342,  276,  459,  372,  263,  521,  702,  594,  284,  668,  181,  355,  791,  342,  213,  381,  555,   62,  232,  731,  141,  181,  396,  751,  570,  234,  235,  472,  247,  422,  644,  124,  329,  727,  401,  695,  621,  599,  659,  486,  503,  401,  494,  754,  302,  472,  940,   44,  446,  804,  684,  383,  635,  671,  447,   29,  569,  639,  223,  264,  384,  350,  100,  411,  406,  826,  864,  868,  335,  441,  509,  471,  316,  333,  542,  114,  370,  229,  478,  262,  844,  270,  248,  277,  692,  664,  438,  464,  505,  643,   92,  675,  152,  677,  108,  148,  205,  611,  231,  602,  334,  408,  807,  814,  662,  647,  866,  372,  401,  395,  794,  387,  409,  823,  702,  874,  262,  876,  444],
        [  430,    0,  500,  354,  494,   77,  103,  239,   60,  670,  214,  111,  549,   71,  495,  563,  695,  196,  384,  365,    0,  238,  476,  413,  481,  348,  499,   39,  661,  572,  210,  287,  556,  396,  569,  613,  499,  496,  399,  286,  564,  375,  490,  467,  429,  474,  299,  517,  192,  571,  435,  610,  584,  457,  530,  589,  268,  379,  592,  504,  592,  107,  351,  498,  387,  614,   91,  545,   73,  238,  534,  414,  479,  580,  573,  287,  449,  485,  176,  507,  175,  367,  325,  254,  593,  248,  480,  535,  389,  311,  523,  247,  272,  422,  225,  495,  319,  305,  576,  489,  349,  286,  303,  424,  567,  383,  351,  179,  467,  254,  716,  611,  322,  290,  441,  395,  518,  439,  307,  585,  351,  346,  311,  390,  102,  264,  444,  382,  431,   90,  499,  504,  646,  598,   77,  520,  600,  487,  577,  286,  474,  442,  150,  663,  110,  597,  491,  478,  334,  538,  390,  232,  654,  348,  279,  275,  429,  497,  527,  380,  468,  449,  394,  222,  488,  586,  276,  443,  506,  395,  291,  536,  425,  551,  506,  432,  444,  615,  518,  358,  584,  107,  592,  532],
        [  635,    0,  349,  548,  682,  170,  275,  331,  258,  872,  445,  202,  350,  220,  537,  730,  605,   51,  454,  602,  238,    0,  570,  258,  695,  531,  698,  222,  624,  378,  160,  110,  733,  398,  790,  821,  488,  718,  372,  280,  453,  281,  673,  643,  406,  634,  390,  644,   62,  756,  424,  487,  627,  664,  345,  769,  107,  579,  375,  741,  385,  260,  275,  370,  211,  831,  327,  702,  250,  436,  663,  320,  544,  805,  631,  508,  625,  349,  345,  734,  313,  403,  561,  462,  617,  480,  708,  718,  158,  305,  748,  457,  349,  628,  335,  530,  549,  477,  592,  660,  167,  159,  250,  400,  718,  466,  493,  194,  368,  437,  920,  426,  559,  387,  208,  306,  698,  449,   77,  758,  587,  357,  188,  603,  339,  405,  621,  613,  585,  219,  334,  276,  588,  814,  161,  650,  768,  686,  789,  297,  711,  616,  382,  850,  343,  521,  704,  692,  524,  559,  330,  324,  844,  424,   42,  512,  391,  731,  554,  612,  699,  670,  398,  437,  551,  799,  402,  206,  368,  335,   96,  362,  590,  733,  683,  198,  611,  813,  377,  181,  459,  341,  474,  696],
        [  328,    0,  501,  271,  859,  466,  374,  712,  531,  456,  413,  580,  914,  419,  120,  949,  472,  570,  855,  547,  476,  570,    0,  824,  390,  238,  329,  447,  348,  943,  654,  674,  929,  871,  479,  437,  233,  765,  869,  301,  449,  386,  864,  226,  900,  883,  185,  102,  512,  927,  236,  493,  153,  785,  914,  952,  492,  294,  925,  631,  943,  372,  803,  930,  515,  489,  484,  948,  405,  645,  120,  861,   71,  511,  122,  369,  839,  911,  306,  484,  644,  842,  487,  639,  193,  554,  727,  287,  704,  284,  482,  330,  224,  760,  256,  136,  424,  225,  199,  221,  736,  707,  352,  262,  974,  851,  151,  380,  397,  269,  500,  994,  536,  759,  673,  844,  892,  194,  585,  961,  561,  821,  737,  347,  479,  216,  833,  636,  152,  564,  530,  687,  380,  470,  490,  115,  982,  326,  434,  281,  582,  213,  424,  390,  501,  391,  389,  784,  725,  173,  331,  706,  393,  147,  600,  492,  286,  687,  158,  458,  694,  416,  220,  348,   74,  448,  201,  698,  479,  855,  664,  566,  834,  918,  249,  730,  192,  397,  942,  750,  484,  492,  474,  219],
        [  843,    0,  554,  764,  695,  378,  491,  330,  395, 1083,  621,  315,  157,  433,  794,  710,  828,  255,  374,  740,  413,  258,  824,    0,  893,  754,  911,  420,  868,  172,  207,  150,  726,  265,  979, 1026,  741,  789,  217,  537,  673,  525,  680,  871,  242,  615,  641,  891,  313,  758,  678,  697,  884,  711,  124,  762,  356,  791,  227,  873,  207,  482,  126,  116,  421, 1025,  481,  671,  460,  505,  910,  111,  800,  987,  888,  698,  630,   92,  569,  912,  367,  305,  716,  539,  873,  601,  793,  943,  191,  562,  930,  659,  600,  678,  578,  787,  725,  705,  848,  891,   94,  128,  505,  653,  678,  397,  733,  444,  601,  658, 1128,  201,  696,  363,  304,  112,  699,  706,  274,  741,  718,  255,  103,  803,  494,  643,  627,  718,  822,  341,  528,  373,  826, 1010,  357,  897,  743,  899,  989,  554,  854,  845,  558, 1073,  488,  755,  904,  747,  565,  815,  580,  328, 1065,  678,  239,  661,  643,  839,  810,  782,  797,  859,  655,  635,  807,  998,  644,  272,  580,  161,  163,  541,  586,  732,  911,  210,  843, 1027,  120,   79,  671,  490,  689,  931],
        [   71,    0,  803,  161,  604,  529,  420,  642,  503,  197,  276,  581, 1028,  476,  503,  701,  850,  666,  751,  258,  481,  695,  390,  893,    0,  193,   78,  480,  736, 1052,  688,  765,  670,  819,  102,  136,  601,  457,  840,  538,  793,  661,  616,  169,  861,  667,  401,  322,  636,  654,  576,  842,  539,  515, 1010,  682,  672,  126, 1066,  273, 1070,  436,  819,  971,  755,  137,  417,  716,  447,  490,  319,  881,  455,  129,  503,  195,  612,  961,  356,   97,  573,  771,  227,  464,  582,  359,  413,  151,  852,  540,   92,  239,  431,  504,  402,  517,  183,  247,  588,  184,  828,  766,  593,  592,  743,  736,  288,  530,  715,  267,  239, 1091,  279,  664,  873,  863,  639,  543,  748,  701,  285,  774,  791,   93,  405,  333,  607,  355,  239,  555,  821,  916,  763,  120,  545,  311,  725,   73,   97,  518,  227,  178,  337,  221,  417,  760,   13,  497,  526,  560,  627,  639,  208,  421,  736,  274,  613,  348,  545,  153,  375,   54,  540,  261,  460,  105,  351,  885,  790,  852,  766,  862,  627,  654,  165,  891,  199,  155,  994,  838,  826,  412,  822,  216],
        [  123,    0,  610,   37,  634,  377,  263,  556,  388,  344,  200,  457,  876,  321,  335,  728,  669,  510,  688,  310,  348,  531,  238,  754,  193,    0,  171,  335,  566,  902,  556,  614,  704,  730,  295,  297,  420,  529,  740,  347,  602,  469,  641,  120,  767,  670,  209,  215,  470,  698,  388,  652,  390,  555,  864,  725,  494,   69,  906,  397,  914,  275,  699,  844,  568,  324,  314,  731,  295,  446,  224,  761,  291,  320,  360,  136,  622,  831,  187,  272,  485,  690,  251,  432,  426,  336,  490,  190,  686,  348,  276,  119,  239,  533,  215,  347,  187,   57,  426,  142,  679,  627,  402,  402,  758,  678,  102,  351,  523,   97,  392,  946,  303,  593,  694,  742,  668,  358,  576,  737,  325,  681,  654,  119,  305,  143,  616,  401,  108,  434,  630,  733,  586,  304,  397,  210,  758,  160,  273,  326,  348,   96,  236,  321,  324,  575,  197,  551,  514,  393,  435,  551,  314,  231,  570,  264,  422,  449,  378,  222,  456,  198,  350,  144,  298,  285,  160,  710,  598,  741,  612,  670,  623,  692,  158,  722,  102,  284,  863,  691,  635,  316,  632,  187],
        [   73,    0,  771,  150,  673,  539,  426,  682,  529,  175,  309,  605, 1039,  483,  445,  770,  796,  674,  799,  326,  499,  698,  329,  911,   78,  171,    0,  493,  676, 1065,  709,  776,  741,  858,  151,  128,  550,  532,  875,  513,  750,  632,  685,  103,  899,  731,  370,  252,  637,  726,  531,  799,  473,  586, 1025,  754,  664,  121, 1073,  350, 1079,  440,  846,  996,  737,  165,  447,  783,  455,  541,  246,  909,  396,  184,  436,  226,  677,  984,  354,  172,  611,  813,  288,  518,  518,  413,  489,   73,  854,  512,  163,  253,  404,  573,  385,  460,  233,  227,  527,  112,  841,  784,  569,  550,  811,  785,  249,  521,  678,  261,  223, 1106,  342,  709,  865,  890,  709,  496,  745,  772,  351,  812,  810,  121,  436,  312,  672,  425,  182,  580,  793,  903,  707,  145,  557,  239,  796,   13,  110,  492,  304,  120,  365,  169,  450,  710,   71,  570,  586,  501,  594,  678,  158,  381,  738,  328,  572,  425,  486,  219,  450,  127,  498,  278,  401,  124,  326,  880,  756,  883,  776,  833,  690,  726,   90,  891,  139,  117, 1017,  852,  784,  444,  779,  139],
        [  425,    0,  465,  345,  531,   53,   76,  273,   98,  665,  223,  134,  548,   33,  460,  600,  657,  187,  419,  384,   39,  222,  447,  420,  480,  335,  493,    0,  623,  573,  222,  285,  594,  425,  572,  610,  462,  527,  424,  248,  527,  337,  528,  453,  454,  512,  267,  493,  170,  607,  397,  573,  550,  491,  533,  626,  239,  372,  587,  524,  590,   76,  368,  510,  356,  615,  118,  583,   44,  275,  510,  430,  447,  585,  541,  289,  487,  496,  154,  513,  212,  398,  340,  290,  558,  276,  509,  524,  378,  273,  529,  243,  238,  457,  193,  460,  328,  288,  540,  474,  349,  293,  265,  386,  605,  419,  327,  141,  430,  239,  712,  614,  344,  325,  421,  411,  555,  402,  288,  623,  373,  375,  320,  388,  128,  239,  481,  409,  411,  118,  466,  480,  608,  599,   65,  496,  638,  481,  576,  248,  491,  428,  161,  654,  140,  559,  490,  512,  371,  502,  352,  266,  646,  315,  264,  294,  391,  522,  491,  390,  495,  452,  357,  220,  455,  585,  248,  425,  470,  415,  286,  503,  463,  588,  493,  419,  428,  609,  529,  360,  547,  135,  555,  516],
        [  671,    0,  351,  602, 1128,  613,  575,  887,  721,  793,  696,  735,  902,  591,  234, 1209,  149,  651, 1032,  859,  661,  624,  348,  868,  736,  566,  676,  623,    0,  931,  765,  730, 1196, 1008,  826,  781,  165, 1068,  989,  379,  233,  344, 1129,  573, 1023, 1128,  401,  435,  588, 1202,  227,  247,  216, 1068,  918, 1224,  518,  630,  882,  962,  914,  561,  898,  984,  456,  836,  710, 1198,  594,  884,  448,  943,  281,  858,  255,  679, 1095,  960,  544,  828,  833,  998,  797,  889,  166,  829, 1035,  631,  696,  353,  827,  625,  407, 1038,  461,  220,  739,  533,  151,  567,  775,  783,  383,  239, 1222, 1036,  465,  494,  271,  558,  834,  986,  839,  943,  613,  929, 1157,  230,  595, 1227,  867,  961,  811,  683,  712,  478, 1089,  936,  497,  730,  386,  588,   63,  816,  634,  449, 1245,  673,  781,  376,  913,  560,  681,  720,  733,  132,  735, 1075,  976,  176,  295,  880,  725,  355,  632,  787,  239, 1007,  192,  785, 1005,  757,  269,  634,  276,  795,  454,  647,  320,  957,  712,  402, 1078, 1188,  594,  703,  539,  737,  984,  790,  258,  724,  239,  559],
        [  998,    0,  590,  916,  860,  527,  640,  501,  560, 1238,  784,  481,   30,  582,  897,  868,  865,  393,  528,  910,  572,  378,  943,  172, 1052,  902, 1065,  573,  931,    0,  373,  289,  886,  410, 1141, 1183,  826,  960,  360,  645,  715,  602,  844, 1017,  375,  775,  767, 1020,  439,  921,  768,  728,  983,  880,   50,  922,  453,  945,   88, 1044,   48,  628,  290,  180,  477, 1186,  646,  827,  610,  677, 1039,  252,  910, 1151,  992,  859,  795,  163,  715, 1077,  539,  460,  884,  710,  964,  772,  965, 1091,  244,  666, 1094,  815,  725,  847,  712,  888,  889,  850,  937, 1035,  225,  290,  602,  741,  831,  553,  870,  570,  661,  807, 1285,   56,  866,  530,  321,  262,  861,  802,  361,  900,  889,  412,  271,  961,  659,  781,  792,  890,  961,  507,  558,  366,  882, 1170,  509, 1027,  900, 1053, 1148,  664, 1024,  990,  720, 1223,  654,  807, 1062,  917,  735,  909,  662,  499, 1215,  797,  345,  830,  726, 1011,  906,  948,  969, 1021,  753,  792,  917, 1157,  779,  286,  620,  307,  291,  558,  749,  893, 1057,  229,  986, 1181,  151,  215,  704,  656,  723, 1072],
        [  639,    0,  509,  563,  547,  189,  297,  179,  189,  878,  415,  109,  352,  242,  646,  585,  759,  118,  294,  538,  210,  160,  654,  207,  688,  556,  709,  222,  765,  373,    0,  115,  592,  244,  773,  821,  617,  611,  226,  397,  609,  429,  536,  674,  260,  488,  470,  710,  178,  619,  551,  645,  738,  544,  328,  628,  261,  588,  407,  674,  399,  291,  150,  289,  371,  819,  275,  553,  264,  322,  728,  210,  642,  781,  735,  493,  487,  276,  375,  706,  184,  244,  511,  353,  736,  402,  609,  744,  245,  424,  724,  456,  433,  509,  400,  642,  518,  509,  713,  695,  160,   84,  382,  531,  568,  307,  546,  286,  520,  460,  924,  407,  494,  233,  339,  191,  559,  569,  229,  614,  518,  200,  104,  598,  288,  457,  483,  525,  632,  135,  494,  414,  734,  804,  166,  714,  622,  696,  784,  407,  652,  649,  352,  872,  282,  671,  698,  576,  398,  678,  470,  174,  863,  513,  180,  457,  527,  647,  669,  576,  608,  653,  518,  431,  650,  792,  462,  324,  527,  203,  132,  521,  447,  594,  713,  287,  649,  824,  309,  165,  617,  284,  631,  737],
        [  710,    0,  437,  628,  661,  238,  352,  291,  284,  949,  500,  209,  264,  294,  645,  696,  703,  107,  389,  639,  287,  110,  674,  150,  765,  614,  776,  285,  730,  289,  115,    0,  705,  313,  855,  895,  597,  724,  279,  389,  549,  387,  649,  730,  312,  598,  492,  743,  163,  732,  533,  580,  736,  658,  250,  741,  213,  656,  306,  777,  306,  340,  176,  261,  299,  899,  366,  663,  322,  434,  762,  213,  651,  867,  739,  572,  600,  240,  428,  793,  298,  329,  606,  465,  726,  506,  720,  803,  131,  413,  809,  527,  451,  623,  431,  639,  605,  563,  701,  748,   65,   61,  359,  509,  676,  406,  587,  295,  469,  518,  996,  332,  595,  341,  232,  201,  672,  558,  146,  725,  621,  279,   85,  673,  379,  497,  596,  634,  677,  234,  417,  308,  692,  883,  221,  749,  732,  764,  860,  404,  751,  703,  436,  935,  378,  623,  775,  690,  512,  668,  438,  285,  927,  528,  100,  553,  499,  755,  663,  666,  718,  735,  507,  505,  658,  869,  497,  213,  460,  235,   22,  438,  560,  707,  770,  173,  700,  892,  270,   78,  552,  379,  568,  787],
