{
    "name": "random-14-9809",
    "comment": "size=14 seed=9809",
    "nodes": ["+0", "-0", "+1", "-1", "+2", "-2", "+3", "-3", "+4", "-4", "+5", "-5", "+6", "-6", "+7", "-7", "+8", "-8", "+9", "-9", "+10", "-10", "+11", "-11", "+12", "-12", "+13", "-13", "+14", "-14"],
    "precedence": {
        "+0": "-0",
        "+1": "-1",
        "+2": "-2",
        "+3": "-3",
        "+4": "-4",
        "+5": "-5",
        "+6": "-6",
        "+7": "-7",
        "+8": "-8",
        "+9": "-9",
        "+10": "-10",
        "+11": "-11",
        "+12": "-12",
        "+13": "-13",
        "+14": "-14"
    },
    "edges": [
        [    0,    0,  145,  238,  139,  306,  202,  411,  776,  489,  347,  321,  715,  850,  526,  712,  664,  417,  608,  188,  387, 1092, 1131,  594,  662,  236,  440,  482,   88,  604],
        [    0,    0,  145,  238,  139,  306,  202,  411,  776,  489,  347,  321,  715,  850,  526,  712,  664,  417,  608,  188,  387, 1092, 1131,  594,  662,  236,  440,  482,   88,  604],
        [  145,  145,    0,  365,   73,  339,  347,  384,  837,  618,  432,  453,  851,  944,  536,  779,  792,  558,  646,  138,  464, 1126, 1177,  509,  642,  133,  582,  419,  214,  731],
        [  238,  238,  365,    0,  320,  253,  165,  418,  594,  254,  174,   92,  488,  628,  446,  524,  429,  211,  471,  423,  218,  936,  958,  661,  613,  396,  238,  528,  154,  368],
        [  139,  139,   73,  320,    0,  267,  334,  316,  765,  570,  366,  411,  808,  878,  464,  708,  742,  523,  573,  206,  396, 1053, 1104,  465,  574,   97,  548,  363,  179,  681],
        [  306,  306,  339,  253,  267,    0,  386,  168,  499,  424,  155,  322,  664,  631,  221,  445,  571,  444,  309,  462,  161,  792,  839,  419,  373,  277,  470,  284,  247,  513],
        [  202,  202,  347,  165,  334,  386,    0,  536,  757,  351,  337,  193,  546,  770,  597,  686,  519,  243,  634,  348,  382, 1100, 1120,  757,  758,  429,  262,  632,  169,  463],
        [  411,  411,  384,  418,  316,  168,  536,    0,  539,  584,  312,  489,  820,  720,  181,  503,  720,  611,  324,  521,  304,  770,  835,  255,  259,  271,  638,  121,  379,  665],
        [  776,  776,  837,  594,  765,  499,  757,  539,    0,  506,  434,  580,  614,  247,  363,   73,  496,  631,  215,  951,  392,  354,  364,  720,  435,  770,  644,  625,  696,  483],
        [  489,  489,  618,  254,  570,  424,  351,  584,  506,    0,  273,  170,  244,  443,  532,  435,  176,  137,  481,  671,  287,  859,  853,  839,  702,  638,  142,  704,  407,  116],
        [  347,  347,  432,  174,  366,  155,  337,  312,  434,  273,    0,  204,  511,  513,  286,  368,  417,  314,  298,  529,   45,  767,  795,  567,  459,  407,  339,  432,  263,  359],
        [  321,  321,  453,   92,  411,  322,  193,  489,  580,  170,  204,    0,  398,  578,  490,  507,  345,  124,  488,  501,  241,  930,  942,  738,  662,  487,  151,  604,  240,  285],
        [  715,  715,  851,  488,  808,  664,  546,  820,  614,  244,  511,  398,    0,  447,  745,  554,  120,  304,  663,  888,  518,  940,  907, 1074,  907,  879,  285,  941,  638,  159],
        [  850,  850,  944,  628,  878,  631,  770,  720,  247,  443,  513,  578,  447,    0,  564,  235,  349,  579,  422, 1037,  482,  506,  463,  933,  669,  907,  581,  823,  763,  367],
        [  526,  526,  536,  446,  464,  221,  597,  181,  363,  532,  286,  490,  745,  564,    0,  336,  633,  598,  149,  668,  254,  595,  656,  370,  173,  440,  622,  264,  468,  586],
        [  712,  712,  779,  524,  708,  445,  686,  503,   73,  435,  368,  507,  554,  235,  336,    0,  436,  559,  190,  890,  326,  427,  436,  702,  435,  719,  572,  598,  630,  418],
        [  664,  664,  792,  429,  742,  571,  519,  720,  496,  176,  417,  345,  120,  349,  633,  436,    0,  283,  545,  846,  417,  830,  803,  972,  792,  805,  274,  840,  582,   62],
        [  417,  417,  558,  211,  523,  444,  243,  611,  631,  137,  314,  124,  304,  579,  598,  559,  283,    0,  576,  585,  345,  985,  985,  861,  771,  604,   27,  727,  346,  233],
        [  608,  608,  646,  471,  573,  309,  634,  324,  215,  481,  298,  488,  663,  422,  149,  190,  545,  576,    0,  770,  254,  485,  531,  513,  258,  566,  596,  412,  536,  508],
        [  188,  188,  138,  423,  206,  462,  348,  521,  951,  671,  529,  501,  888, 1037,  668,  890,  846,  585,  770,    0,  567, 1253, 1299,  638,  779,  267,  606,  556,  275,  786],
        [  387,  387,  464,  218,  396,  161,  382,  304,  392,  287,   45,  241,  518,  482,  254,  326,  417,  345,  254,  567,    0,  722,  751,  557,  427,  428,  368,  424,  305,  362],
        [ 1092, 1092, 1126,  936, 1053,  792, 1100,  770,  354,  859,  767,  930,  940,  506,  595,  427,  830,  985,  485, 1253,  722,    0,  106,  861,  558, 1034,  998,  814, 1018,  826],
        [ 1131, 1131, 1177,  958, 1104,  839, 1120,  835,  364,  853,  795,  942,  907,  463,  656,  436,  803,  985,  531, 1299,  751,  106,    0,  947,  640, 1093,  995,  890, 1053,  807],
        [  594,  594,  509,  661,  465,  419,  757,  255,  720,  839,  567,  738, 1074,  933,  370,  702,  972,  861,  513,  638,  557,  861,  947,    0,  308,  377,  888,  136,  590,  918],
        [  662,  662,  642,  613,  574,  373,  758,  259,  435,  702,  459,  662,  907,  669,  173,  435,  792,  771,  258,  779,  427,  558,  640,  308,    0,  525,  794,  263,  616,  749],
        [  236,  236,  133,  396,   97,  277,  429,  271,  770,  638,  407,  487,  879,  907,  440,  719,  805,  604,  566,  267,  428, 1034, 1093,  377,  525,    0,  630,  290,  267,  744],
        [  440,  440,  582,  238,  548,  470,  262,  638,  644,  142,  339,  151,  285,  581,  622,  572,  274,   27,  596,  606,  368,  998,  995,  888,  794,  630,    0,  753,  371,  227],
        [  482,  482,  419,  528,  363,  284,  632,  121,  625,  704,  432,  604,  941,  823,  264,  598,  840,  727,  412,  556,  424,  814,  890,  136,  263,  290,  753,    0,  467,  785],
        [   88,   88,  214,  154,  179,  247,  169,  379,  696,  407,  263,  240,  638,  763,  468,  630,  582,  346,  536,  275,  305, 1018, 1053,  590,  616,  267,  371,  467,    0,  521],
        [  604,  604,  731,  368,  681,  513,  463,  665,  483,  116,  359,  285,  159,  367,  586,  418,   62,  233,  508,  786,  362,  826,  807,  918,  749,  744,  227,  785,  521,    0]
    ]
}
