{
    "name": "random-77-3538",
    "comment": "size=77 seed=3538",
    "nodes": ["+0", "-0", "+1", "-1", "+2", "-2", "+3", "-3", "+4", "-4", "+5", "-5", "+6", "-6", "+7", "-7", "+8", "-8", "+9", "-9", "+10", "-10", "+11", "-11", "+12", "-12", "+13", "-13", "+14", "-14", "+15", "-15", "+16", "-16", "+17", "-17", "+18", "-18", "+19", "-19", "+20", "-20", "+21", "-21", "+22", "-22", "+23", "-23", "+24", "-24", "+25", "-25", "+26", "-26", "+27", "-27", "+28", "-28", "+29", "-29", "+30", "-30", "+31", "-31", "+32", "-32", "+33", "-33", "+34", "-34", "+35", "-35", "+36", "-36", "+37", "-37", "+38", "-38", "+39", "-39", "+40", "-40", "+41", "-41", "+42", "-42", "+43", "-43", "+44", "-44", "+45", "-45", "+46", "-46", "+47", "-47", "+48", "-48", "+49", "-49", "+50", "-50", "+51", "-51", "+52", "-52", "+53", "-53", "+54", "-54", "+55", "-55", "+56", "-56", "+57", "-57", "+58", "-58", "+59", "-59", "+60", "-60", "+61", "-61", "+62", "-62", "+63", "-63", "+64", "-64", "+65", "-65", "+66", "-66", "+67", "-67", "+68", "-68", "+69", "-69", "+70", "-70", "+71", "-71", "+72", "-72", "+73", "-73", "+74", "-74", "+75", "-75", "+76", "-76", "+77", "-77"],
    "precedence": {
        "+0": "-0",
        "+1": "-1",
        "+2": "-2",
        "+3": "-3",
        "+4": "-4",
        "+5": "-5",
        "+6": "-6",
        "+7": "-7",
        "+8": "-8",
        "+9": "-9",
        "+10": "-10",
        "+11": "-11",
        "+12": "-12",
        "+13": "-13",
        "+14": "-14",
        "+15": "-15",
        "+16": "-16",
        "+17": "-17",
        "+18": "-18",
        "+19": "-19",
        "+20": "-20",
        "+21": "-21",
        "+22": "-22",
        "+23": "-23",
        "+24": "-24",
        "+25": "-25",
        "+26": "-26",
        "+27": "-27",
        "+28": "-28",
        "+29": "-29",
        "+30": "-30",
        "+31": "-31",
        "+32": "-32",
        "+33": "-33",
        "+34": "-34",
        "+35": "-35",
        "+36": "-36",
        "+37": "-37",
        "+38": "-38",
        "+39": "-39",
        "+40": "-40",
        "+41": "-41",
        "+42": "-42",
        "+43": "-43",
        "+44": "-44",
        "+45": "-45",
        "+46": "-46",
        "+47": "-47",
        "+48": "-48",
        "+49": "-49",
        "+50": "-50",
        "+51": "-51",
        "+52": "-52",
        "+53": "-53",
        "+54": "-54",
        "+55": "-55",
        "+56": "-56",
        "+57": "-57",
        "+58": "-58",
        "+59": "-59",
        "+60": "-60",
        "+61": "-61",
        "+62": "-62",
        "+63": "-63",
        "+64": "-64",
        "+65": "-65",
        "+66": "-66",
        "+67": "-67",
        "+68": "-68",
        "+69": "-69",
        "+70": "-70",
        "+71": "-71",
        "+72": "-72",
        "+73": "-73",
        "+74": "-74",
        "+75": "-75",
        "+76": "-76",
        "+77": "-77"
    },
    "edges": [
        [    0,    0,  505,  817,  755,  255,  556,  558, 1002,  623,  341,  581, 1058,  823,  573,  681,  506,  873,  877,  669,  756,  673,  604,  748,  499,  855, 1073,  447,  131,  334,  333,  775,  894,  952,  637,  512,  427, 1084,  755,  606,  892,   15,   79,  538,  974,  419,  606,  538,  372,  540,  698,  752,  343,  446,  610,  834,  416, 1000,  676,  283,  324,  348,  136,  396,  869,  445,  394,  643,  876,  455,  117,  579,  352,  490,  121,  819,  734,  897,  468,  555,  248,  312,  564,  546,  389,  842,  292,  641,  691, 1083,  517,  583,  761,  306,  741,  934,   54,  341,  870,  791,  585,  895,  483,  117,  660,  955,   59,  973,  898,  952,  541,  912,  612, 1127,  637,  467,  580,  944,  787,   82,  683,  724,  652,  677,  512,  643,  649,  611,  864,  792,  757,  947,  796,  808,  564,  663,  713,  640,  719,  895,  674,  468,  847,  975,  891,  627,  630,  213,  885,  865,  904, 1107,  767,  358,  696,  464],
        [    0,    0,    0,    0,    0,    0,    0,    0,    0,    0,    0,    0,    0,    0,    0,    0,    0,    0,    0,    0,    0,    0,    0,    0,    0,    0,    0,    0,    0,    0,    0,    0,    0,    0,    0,    0,    0,    0,    0,    0,    0,    0,    0,    0,    0,    0,    0,    0,    0,    0,    0,    0,    0,    0,    0,    0,    0,    0,    0,    0,    0,    0,    0,    0,    0,    0,    0,    0,    0,    0,    0,    0,    0,    0,    0,    0,    0,    0,    0,    0,    0,    0,    0,    0,    0,    0,    0,    0,    0,    0,    0,    0,    0,    0,    0,    0,    0,    0,    0,    0,    0,    0,    0,    0,    0,    0,    0,    0,    0,    0,    0,    0,    0,    0,    0,    0,    0,    0,    0,    0,    0,    0,    0,    0,    0,    0,    0,    0,    0,    0,    0,    0,    0,    0,    0,    0,    0,    0,    0,    0,    0,    0,    0,    0,    0,    0,    0,    0,    0,    0,    0,    0,    0,    0,    0,    0],
        [  505,    0,    0,  380,  452,  328,  252,  537,  583,  197,  200,  508,  570,  781,  165,  663,  355,  624,  399,  348,  377,  314,  205,  317,  535,  351,  578,  346,  375,  203,  385,  717,  519,  483,  213,  109,  362,  613,  464,  249,  398,  516,  549,  513,  516,   89,  508,  605,  396,  613,  288,  331,  189,  353,  143,  406,  106,  510,  629,  281,  238,  310,  523,  352,  484,  207,  482,  143,  559,  214,  429,   81,  270,  223,  449,  410,  344,  442,  435,  276,  526,  498,   97,  405,  237,  364,  246,  290,  526,  646,   48,  247,  260,  538,  332,  540,  454,  247,  378,  479,  142,  428,  216,  389,  416,  452,  558,  469,  416,  455,  150,  500,  230,  681,  166,   39,  604,  443,  721,  456,  179,  511,  611,  303,  248,  463,  155,  565,  393,  754,  356,  462,  728,  553,   77,  159,  227,  189,  284,  450,  263,   39,  417,  471,  469,  386,  225,  422,  442,  467,  562,  620,  268,  417,  252,   82],
        [  817,    0,  380,    0,  726,  697,  277,  903,  703,  476,  572,  868,  540, 1123,  248, 1020,  395,  896,  464,  208,  611,  592,  505,   70,  909,  254,  512,  441,  696,  574,  556, 1060,  711,  539,  184,  466,  738,  623,  249,  557,  188,  831,  879,  881,  588,  455,  862,  980,  775,  987,  121,   68,  559,  447,  238,  569,  481,  491,  983,  538,  495,  498,  784,  487,  136,  581,  861,  339,  262,  368,  713,  306,  477,  336,  724,   62,  108,  545,  808,  289,  894,  875,  285,  762,  436,  111,  613,  585,  855,  722,  408,  569,  321,  913,   85,  704,  774,  481,  172,  740,  442,  510,  341,  706,  734,  365,  858,  364,  142,  421,  489,  653,  529,  730,  214,  407,  973,  258, 1062,  748,  309,  822,  967,  157,  322,  797,  357,  925,   92, 1099,  576,  478, 1067,  834,  385,  278,  178,  443,  497,   78,  144,  414,  574,  310,  617,  712,  188,  658,  567,  109,  775,  578,  202,  796,  472,  460],
        [  755,    0,  452,  726,    0,  501,  700,  343,  297,  267,  450,  287,  487,  436,  600,  385,  805,  175,  351,  780,  123,  142,  249,  688,  400,  527,  531,  790,  653,  457,  799,  380,  164,  359,  624,  349,  341,  455,  892,  204,  621,  758,  752,  337,  344,  465,  259,  444,  409,  452,  686,  707,  457,  797,  543,  216,  438,  457,  343,  669,  641,  732,  841,  786,  858,  331,  448,  397,  965,  662,  743,  473,  692,  674,  769,  778,  743,  296,  339,  725,  607,  532,  522,  236,  670,  647,  484,  163,  185,  387,  405,  212,  414,  574,  719,  214,  705,  662,  614,   36,  317,  325,  667,  669,  106,  519,  814,  541,  672,  464,  305,  223,  223,  440,  551,  463,  402,  610,  376,  752,  419,  125,  341,  720,  700,  167,  376,  323,  684,  420,  159,  407,  378,  109,  390,  456,  552,  292,  231,  768,  667,  452,  223,  596,  228,  132,  644,  787,  263,  833,  151,  522,  528,  434,  254,  403],
        [  255,    0,  328,  697,  501,    0,  487,  349,  753,  389,  129,  356,  830,  625,  455,  484,  506,  624,  649,  606,  506,  423,  365,  629,  307,  667,  852,  459,  164,  126,  397,  569,  641,  716,  516,  292,  183,  847,  714,  359,  724,  259,  262,  325,  733,  243,  376,  367,  148,  372,  590,  639,  140,  462,  463,  590,  223,  776,  467,  271,  278,  360,  349,  424,  782,  199,  212,  443,  828,  391,  258,  408,  335,  424,  283,  716,  639,  658,  242,  498,  199,  186,  414,  300,  347,  691,   84,  391,  450,  836,  319,  335,  557,  219,  636,  683,  205,  306,  704,  536,  362,  660,  415,  178,  407,  750,  313,  770,  743,  735,  310,  663,  369,  882,  488,  294,  392,  763,  579,  258,  486,  476,  444,  587,  454,  397,  442,  397,  719,  594,  510,  721,  587,  557,  363,  480,  554,  413,  481,  771,  564,  290,  602,  785,  644,  374,  519,  330,  642,  770,  650,  878,  592,  149,  461,  260],
        [  556,    0,  252,  277,  700,  487,    0,  769,  789,  437,  382,  747,  706, 1025,  109,  900,  140,  874,  568,  120,  613,  560,  452,  213,  755,  422,  696,  171,  444,  380,  280,  962,  748,  655,  132,  361,  585,  771,  229,  499,  411,  570,  623,  744,  698,  280,  751,  824,  600,  831,  158,  210,  367,  178,  182,  620,  314,  647,  870,  274,  235,  222,  509,  212,  314,  443,  683,  329,  342,  103,  446,  234,  206,   67,  454,  267,  181,  633,  660,   27,  673,  672,  183,  648,  168,  338,  407,  539,  775,  836,  299,  498,  401,  703,  194,  761,  518,  216,  388,  726,  384,  608,   75,  451,  668,  547,  591,  556,  392,  579,  402,  715,  477,  860,  192,  253,  831,  479,  967,  481,  334,  762,  850,  124,   46,  713,  350,  803,  346,  997,  588,  613,  974,  803,  311,  291,  256,  418,  507,  353,  142,  265,  629,  526,  680,  637,  111,  383,  642,  310,  798,  753,  325,  615,  475,  321],
        [  558,    0,  537,  903,  343,  349,  769,    0,  638,  449,  397,   56,  815,  277,  700,  137,  825,  368,  655,  878,  431,  378,  416,  847,   71,  775,  854,  786,  506,  401,  741,  221,  505,  686,  749,  439,  187,  794,  994,  370,  859,  555,  523,   26,  679,  489,   86,  102,  201,  110,  824,  863,  412,  791,  674,  537,  456,  776,  120,  610,  606,  696,  679,  760, 1018,  330,  167,  574, 1094,  691,  598,  600,  665,  718,  622,  941,  880,  620,  113,  787,  338,  258,  633,  148,  665,  857,  394,  364,  180,  729,  500,  349,  651,  286,  866,  556,  522,  633,  845,  370,  467,  642,  708,  518,  246,  808,  609,  831,  898,  766,  416,  564,  398,  782,  693,  522,   72,  871,  232,  590,  614,  239,   96,  839,  748,  176,  561,   53,  892,  246,  458,  722,  241,  326,  519,  633,  730,  485,  489,  965,  799,  511,  547,  872,  564,  241,  761,  678,  591,  999,  475,  854,  738,  206,  491,  457],
        [ 1002,    0,  583,  703,  297,  753,  789,  638,    0,  398,  668,  583,  255,  682,  680,  665,  919,  349,  239,  830,  247,  331,  407,  692,  696,  453,  308,  923,  885,  676,  967,  638,  135,  172,  676,  515,  619,  187,  925,  397,  540, 1008, 1013,  633,  124,  635,  554,  740,  689,  747,  714,  713,  670,  930,  608,  178,  619,  259,  625,  853,  814,  893, 1066,  934,  836,  558,  738,  463,  964,  789,  966,  562,  852,  788,  991,  764,  761,  161,  630,  815,  888,  817,  611,  527,  820,  599,  713,  362,  471,   91,  544,  419,  399,  860,  731,   83,  950,  828,  545,  270,  449,  193,  783,  902,  399,  376, 1061,  391,  599,  308,  475,   90,  394,  144,  603,  610,  696,  497,  630,  983,  455,  408,  627,  760,  805,  463,  443,  615,  631,  675,  246,  239,  629,  340,  507,  499,  564,  396,  302,  716,  704,  602,  167,  460,  116,  418,  700,  988,  147,  808,  183,  269,  509,  716,  333,  573],
        [  623,    0,  197,  476,  267,  389,  437,  449,  398,    0,  282,  406,  442,  649,  335,  553,  549,  442,  260,  513,  180,  125,   34,  430,  473,  327,  465,  542,  499,  289,  573,  586,  323,  330,  358,  117,  322,  462,  626,   83,  410,  630,  646,  430,  352,  238,  394,  539,  382,  547,  423,  449,  281,  549,  277,  221,  222,  388,  513,  456,  418,  500,  673,  546,  603,  193,  459,  138,  703,  410,  574,  207,  459,  417,  597,  523,  481,  276,  374,  462,  563,  510,  257,  302,  430,  414,  332,  111,  380,  470,  152,  100,  203,  554,  459,  347,  569,  433,  397,  290,   56,  273,  410,  515,  259,  378,  680,  400,  451,  353,   82,  311,   55,  510,  287,  217,  520,  424,  587,  593,  170,  349,  500,  455,  440,  323,  119,  461,  450,  625,  161,  332,  592,  373,  126,  199,  298,   37,   99,  528,  403,  207,  233,  431,  283,  237,  378,  590,  266,  580,  366,  490,  293,  409,   74,  175],
        [  341,    0,  200,  572,  450,  129,  382,  397,  668,  282,    0,  386,  719,  667,  335,  533,  428,  598,  538,  498,  426,  344,  264,  506,  375,  540,  736,  391,  218,    8,  364,  606,  569,  611,  395,  173,  210,  743,  611,  273,  595,  349,  369,  372,  633,  117,  397,  443,  219,  450,  470,  517,   15,  396,  337,  496,   95,  662,  507,  229,  214,  307,  400,  369,  664,  119,  302,  317,  720,  296,  300,  280,  272,  325,  325,  595,  521,  557,  286,  398,  327,  303,  288,  301,  269,  563,   52,  312,  448,  746,  192,  253,  434,  341,  515,  605,  288,  240,  575,  484,  246,  555,  316,  235,  373,  628,  399,  647,  615,  618,  201,  579,  275,  789,  362,  167,  455,  636,  613,  315,  360,  458,  485,  471,  356,  388,  319,  438,  592,  637,  422,  609,  621,  527,  237,  352,  426,  300,  379,  645,  443,  162,  509,  659,  555,  338,  400,  338,  545,  651,  591,  768,  464,  234,  355,  133],
        [  581,    0,  508,  868,  287,  356,  747,   56,  583,  406,  386,    0,  761,  282,  673,  155,  812,  320,  602,  854,  376,  327,  372,  813,  120,  729,  800,  777,  518,  391,  740,  220,  449,  631,  719,  406,  180,  738,  970,  324,  815,  580,  553,   56,  623,  469,   32,  158,  213,  166,  793,  830,  400,  782,  642,  482,  435,  723,  123,  607,  599,  690,  697,  754,  985,  305,  201,  535, 1067,  674,  611,  567,  657,  699,  636,  908,  850,  566,  116,  767,  374,  293,  603,  106,  654,  817,  390,  315,  129,  673,  469,  306,  605,  326,  835,  500,  541,  625,  802,  314,  428,  588,  690,  531,  191,  758,  634,  780,  855,  714,  379,  508,  353,  726,  660,  497,  122,  824,  228,  607,  573,  186,  103,  811,  729,  120,  520,   58,  852,  252,  405,  669,  236,  273,  484,  594,  693,  442,  439,  927,  768,  486,  492,  823,  509,  188,  733,  685,  536,  965,  420,  799,  697,  224,  443,  431],
        [ 1058,    0,  570,  540,  487,  830,  706,  815,  255,  442,  719,  761,    0,  911,  605,  871,  845,  589,  182,  711,  385,  447,  467,  552,  861,  295,   53,  865,  930,  725,  939,  861,  356,  130,  577,  547,  743,   91,  785,  486,  356, 1066, 1086,  804,  148,  647,  737,  916,  810,  924,  590,  571,  716,  873,  533,  279,  644,   61,  829,  850,  805,  865, 1092,  891,  662,  634,  877,  428,  796,  739,  995,  517,  827,  726, 1017,  601,  624,  196,  776,  730, 1000,  941,  556,  680,  788,  430,  770,  470,  671,  219,  546,  512,  317,  985,  592,  314, 1005,  810,  369,  473,  473,  177,  725,  946,  570,  176, 1114,  179,  410,  128,  521,  277,  468,  205,  517,  606,  881,  293,  855, 1019,  397,  611,  827,  641,  735,  644,  416,  804,  454,  900,  359,  111,  855,  563,  500,  432,  453,  419,  355,  530,  589,  601,  269,  244,  262,  576,  600,  991,  226,  634,  421,   50,  384,  837,  370,  595],
        [  823,    0,  781, 1123,  436,  625, 1025,  277,  682,  649,  667,  282,  911,    0,  946,  143, 1093,  335,  786, 1128,  556,  542,  619, 1074,  327,  953,  959, 1058,  781,  672, 1017,   64,  558,  787,  987,  675,  459,  864, 1245,  567, 1045,  818,  779,  302,  764,  748,  275,  289,  478,  289, 1059, 1092,  681, 1063,  908,  650,  714,  888,  160,  886,  879,  970,  949, 1034, 1247,  583,  432,  785, 1337,  955,  872,  833,  938,  979,  896, 1168, 1117,  727,  387, 1046,  586,  513,  872,  378,  935, 1060,  668,  542,  270,  764,  738,  555,  834,  528, 1099,  605,  791,  906, 1035,  442,  683,  758,  970,  793,  393,  954,  870,  976, 1092,  899,  642,  635,  595,  815,  923,  773,  244, 1041,   62,  862,  818,  315,  183, 1081, 1009,  326,  767,  231, 1096,   32,  592,  840,   59,  349,  747,  846,  946,  683,  652, 1176, 1036,  762,  656, 1030,  651,  412, 1003,  954,  694, 1225,  500,  939,  939,  481,  667,  706],
        [  573,    0,  165,  248,  600,  455,  109,  700,  680,  335,  335,  673,  605,  946,    0,  827,  243,  775,  461,  184,  509,  459,  353,  179,  694,  330,  598,  261,  450,  336,  349,  882,  641,  549,   65,  272,  522,  667,  300,  402,  336,  586,  633,  676,  591,  221,  673,  765,  548,  772,  136,  186,  321,  269,   75,  512,  251,  546,  794,  300,  254,  279,  552,  291,  329,  370,  634,  221,  395,  143,  474,  129,  249,  123,  487,  262,  187,  525,  596,  135,  651,  637,   79,  570,  206,  274,  372,  440,  688,  728,  209,  404,  296,  673,  181,  653,  529,  244,  313,  624,  284,  501,  123,  460,  576,  452,  617,  463,  330,  479,  309,  607,  379,  754,   89,  180,  766,  399,  886,  507,  226,  670,  775,  140,  130,  626,  242,  730,  292,  918,  482,  509,  892,  705,  211,  183,  163,  314,  401,  325,  109,  190,  521,  441,  572,  547,   65,  431,  534,  316,  693,  652,  232,  567,  369,  244],
        [  681,    0,  663, 1020,  385,  484,  900,  137,  665,  553,  533,  155,  871,  143,  827,    0,  960,  344,  726, 1008,  495,  461,  520,  966,  184,  871,  915,  923,  639,  537,  878,   97,  533,  743,  873,  560,  323,  837, 1124,  470,  959,  677,  638,  162,  728,  621,  159,  153,  336,  154,  947,  983,  547,  928,  796,  597,  588,  840,   43,  747,  743,  833,  807,  897, 1139,  459,  289,  685, 1221,  825,  729,  721,  801,  851,  753, 1061, 1004,  679,  249,  920,  447,  372,  757,  259,  801,  965,  530,  454,  201,  753,  623,  454,  748,  390,  988,  584,  648,  770,  947,  402,  579,  706,  842,  650,  313,  889,  729,  911, 1002,  840,  532,  603,  499,  806,  813,  651,  103,  964,  110,  719,  721,  262,   53,  965,  881,  237,  669,   98, 1002,  112,  527,  788,  119,  328,  637,  745,  844,  588,  574, 1078,  922,  640,  605,  959,  612,  321,  887,  812,  647, 1119,  487,  906,  845,  338,  583,  585],
        [  506,    0,  355,  395,  805,  506,  140,  825,  919,  549,  428,  812,  845, 1093,  243,  960,    0,  975,  704,  195,  729,  668,  559,  338,  799,  561,  835,   61,  418,  424,  185, 1031,  869,  791,  271,  457,  638,  909,  253,  601,  545,  521,  582,  799,  832,  352,  820,  865,  639,  871,  285,  330,  413,   64,  317,  746,  385,  786,  934,  245,  228,  161,  431,  114,  394,  515,  715,  456,  373,  144,  390,  358,  173,  134,  391,  369,  289,  765,  713,  117,  671,  686,  308,  719,  161,  470,  437,  643,  858,  970,  402,  596,  538,  710,  310,  885,  480,  200,  523,  833,  495,  742,  140,  420,  760,  686,  530,  695,  521,  718,  501,  841,  584,  996,  329,  343,  881,  615, 1037,  426,  467,  853,  912,  239,  114,  795,  476,  864,  474, 1063,  707,  751, 1045,  903,  425,  425,  395,  537,  629,  465,  273,  355,  756,  663,  808,  727,  249,  305,  773,  398,  915,  891,  465,  648,  597,  407],
        [  873,    0,  624,  896,  175,  624,  874,  368,  349,  442,  598,  320,  589,  335,  775,  344,  975,    0,  489,  955,  286,  317,  423,  860,  438,  685,  639,  957,  785,  605,  957,  296,  234,  472,  799,  519,  446,  534, 1067,  376,  780,  873,  857,  375,  441,  629,  289,  457,  505,  462,  861,  881,  608,  964,  718,  352,  600,  574,  309,  825,  801,  893,  973,  949, 1029,  483,  517,  572, 1139,  832,  878,  648,  853,  846,  904,  950,  917,  418,  415,  898,  689,  609,  697,  327,  836,  813,  625,  336,  193,  430,  577,  380,  580,  644,  893,  276,  826,  823,  776,  157,  492,  453,  838,  800,  226,  658,  929,  679,  833,  597,  475,  313,  397,  481,  726,  633,  405,  761,  286,  882,  591,  149,  320,  895,  872,  230,  550,  327,  849,  330,  321,  532,  284,   73,  564,  629,  724,  467,  400,  935,  842,  621,  354,  740,  336,  261,  819,  933,  385, 1004,  169,  613,  697,  525,  425,  570],
        [  877,    0,  399,  464,  351,  649,  568,  655,  239,  260,  538,  602,  182,  786,  461,  726,  704,  489,    0,  597,  232,  278,  286,  454,  694,  217,  208,  716,  751,  545,  778,  730,  267,   88,  447,  366,  567,  214,  688,  308,  308,  886,  905,  641,  131,  470,  581,  754,  632,  762,  479,  475,  535,  723,  387,  138,  465,  129,  684,  680,  636,  703,  916,  735,  598,  452,  702,  260,  725,  584,  819,  356,  664,  577,  841,  525,  524,   83,  605,  594,  820,  763,  401,  513,  626,  361,  589,  297,  528,  270,  370,  334,  168,  807,  494,  248,  824,  644,  310,  347,  293,   47,  574,  767,  416,  171,  934,  191,  366,  115,  340,  197,  289,  293,  378,  433,  723,  276,  726,  841,  238,  473,  678,  527,  590,  491,  245,  650,  394,  770,  200,   73,  728,  445,  325,  279,  330,  238,  176,  480,  471,  427,  135,  251,  163,  415,  471,  820,  111,  570,  337,  230,  271,  660,  189,  416],
        [  669,    0,  348,  208,  780,  606,  120,  878,  830,  513,  498,  854,  711, 1128,  184, 1008,  195,  955,  597,    0,  682,  638,  534,  164,  868,  416,  691,  248,  561,  497,  371, 1064,  806,  681,  159,  456,  697,  785,  117,  584,  379,  683,  739,  854,  727,  391,  855,  938,  716,  945,  122,  150,  484,  253,  238,  671,  424,  655,  975,  388,  353,  326,  612,  299,  203,  549,  800,  388,  222,  222,  557,  307,  317,  186,  563,  175,  100,  670,  772,  115,  793,  792,  260,  752,  283,  299,  526,  621,  872,  866,  392,  587,  432,  823,  128,  812,  634,  332,  358,  802,  465,  641,  195,  568,  759,  540,  702,  545,  344,  584,  493,  764,  560,  883,  234,  358,  943,  450, 1069,  593,  381,  853,  956,   71,  160,  810,  410,  910,  294, 1101,  652,  630, 1075,  886,  393,  337,  268,  489,  569,  274,  127,  368,  678,  501,  728,  731,  136,  485,  685,  205,  863,  754,  331,  732,  539,  424],
        [  756,    0,  377,  611,  123,  506,  613,  431,  247,  180,  426,  376,  385,  556,  509,  495,  729,  286,  232,  682,    0,   84,  177,  577,  478,  405,  425,  722,  642,  434,  748,  499,  146,  255,  524,  288,  378,  369,  791,  153,  499,  762,  766,  420,  252,  410,  354,  532,  447,  540,  581,  598,  430,  729,  445,  106,  389,  348,  452,  626,  591,  676,  825,  725,  744,  313,  504,  294,  856,  590,  725,  381,  635,  596,  750,  665,  637,  190,  399,  639,  645,  577,  432,  299,  608,  528,  469,  116,  296,  332,  331,  174,  295,  621,  611,  180,  704,  608,  493,  130,  236,  213,  590,  658,  187,  399,  815,  420,  551,  346,  244,  158,  157,  381,  449,  396,  497,  487,  496,  740,  309,  243,  447,  619,  619,  262,  272,  422,  564,  539,   37,  294,  498,  228,  305,  349,  440,  195,  116,  649,  564,  385,  117,  474,  144,  192,  546,  755,  161,  719,  186,  424,  411,  474,  144,  346],
        [  673,    0,  314,  592,  142,  423,  560,  378,  331,  125,  344,  327,  447,  542,  459,  461,  668,  317,  278,  638,   84,    0,  109,  550,  417,  413,  481,  656,  559,  352,  674,  481,  226,  320,  483,  216,  301,  442,  751,   73,  504,  678,  683,  364,  324,  336,  309,  477,  370,  485,  547,  570,  348,  663,  402,  176,  312,  403,  419,  549,  516,  604,  743,  655,  722,  230,  432,  258,  826,  526,  643,  332,  563,  536,  668,  642,  604,  255,  330,  585,  567,  501,  381,  236,  539,  520,  386,   32,  272,  414,  267,   91,  293,  545,  581,  263,  621,  535,  494,  166,  176,  270,  529,  575,  150,  432,  732,  454,  551,  389,  171,  241,   85,  462,  411,  328,  447,  504,  480,  657,  284,  232,  410,  579,  560,  224,  238,  378,  557,  521,   92,  347,  484,  248,  249,  318,  416,  152,  114,  639,  527,  317,  188,  499,  224,  141,  503,  675,  231,  698,  254,  490,  400,  397,  125,  273],
        [  604,    0,  205,  505,  249,  365,  452,  416,  407,   34,  264,  372,  467,  619,  353,  520,  559,  423,  286,  534,  177,  109,    0,  457,  439,  361,  492,  549,  482,  272,  572,  556,  322,  352,  381,  112,  290,  483,  648,   53,  444,  611,  624,  396,  371,  234,  362,  505,  351,  513,  448,  476,  265,  556,  300,  233,  214,  415,  481,  450,  415,  500,  660,  550,  631,  167,  427,  167,  728,  418,  560,  227,  459,  427,  584,  551,  506,  295,  341,  477,  535,  480,  275,  269,  433,  446,  312,   88,  351,  483,  158,   67,  237,  524,  485,  351,  551,  432,  430,  275,   70,  296,  421,  498,  231,  410,  662,  432,  484,  383,   69,  319,   26,  525,  311,  221,  487,  458,  557,  578,  202,  323,  468,  478,  452,  293,  150,  428,  482,  595,  164,  359,  562,  353,  142,  228,  328,   70,  116,  559,  427,  210,  246,  464,  293,  207,  400,  582,  281,  608,  359,  515,  325,  378,   98,  170],
        [  748,    0,  317,   70,  688,  629,  213,  847,  692,  430,  506,  813,  552, 1074,  179,  966,  338,  860,  454,  164,  577,  550,  457,    0,  850,  258,  530,  381,  627,  507,  493, 1010,  687,  534,  115,  409,  678,  630,  236,  510,  215,  762,  810,  823,  582,  389,  808,  920,  712,  927,   55,   21,  493,  387,  175,  547,  416,  499,  930,  470,  426,  432,  716,  425,  174,  521,  798,  293,  280,  300,  645,  247,  410,  269,  656,   96,   72,  532,  749,  228,  827,  809,  221,  707,  368,  136,  546,  540,  807,  719,  348,  520,  298,  846,   41,  686,  705,  412,  195,  704,  392,  500,  274,  637,  687,  380,  790,  383,  184,  428,  435,  635,  482,  733,  154,  342,  915,  287, 1012,  679,  270,  778,  914,  101,  257,  748,  313,  870,  136, 1049,  544,  479, 1018,  796,  330,  233,  137,  399,  462,  147,   75,  350,  552,  338,  599,  664,  119,  591,  551,  153,  749,  594,  184,  733,  436,  397],
        [  499,    0,  535,  909,  400,  307,  755,   71,  696,  473,  375,  120,  861,  327,  694,  184,  799,  438,  694,  868,  478,  417,  439,  850,    0,  799,  898,  758,  457,  378,  703,  277,  563,  732,  747,  444,  173,  845,  983,  398,  879,  495,  459,   65,  729,  478,  151,   71,  162,   78,  823,  864,  390,  762,  675,  584,  445,  819,  179,  576,  576,  663,  623,  727, 1018,  329,  106,  589, 1087,  671,  547,  604,  635,  700,  570,  944,  878,  666,  102,  772,  270,  192,  632,  182,  639,  871,  363,  399,  247,  787,  502,  375,  675,  217,  866,  614,  465,  604,  864,  429,  483,  685,  691,  468,  299,  842,  547,  864,  914,  804,  428,  618,  424,  839,  696,  515,   86,  896,  289,  536,  631,  305,  155,  834,  730,  235,  578,  120,  906,  295,  502,  764,  298,  393,  527,  645,  740,  508,  524,  975,  797,  506,  594,  901,  616,  287,  757,  631,  639, 1001,  538,  902,  754,  159,  522,  454],
        [  855,    0,  351,  254,  527,  667,  422,  775,  453,  327,  540,  729,  295,  953,  330,  871,  561,  685,  217,  416,  405,  413,  361,  258,  799,    0,  277,  588,  725,  545,  677,  893,  478,  286,  290,  381,  643,  372,  492,  406,   95,  866,  899,  756,  335,  439,  716,  866,  698,  874,  295,  277,  532,  595,  264,  339,  449,  241,  831,  608,  561,  604,  861,  620,  384,  497,  779,  226,  515,  471,  772,  277,  571,  452,  790,  315,  329,  299,  700,  445,  860,  819,  300,  628,  528,  146,  591,  418,  685,  468,  349,  427,  125,  862,  298,  464,  804,  560,   94,  533,  323,  263,  452,  739,  563,  126,  906,  135,  151,  170,  380,  412,  378,  478,  242,  389,  846,   99,  892,  802,  182,  640,  820,  347,  455,  636,  230,  784,  178,  933,  368,  225,  895,  632,  305,  192,  168,  292,  302,  264,  296,  389,  340,  121,  377,  551,  313,  748,  325,  356,  546,  338,   98,  724,  289,  408],
        [ 1073,    0,  578,  512,  531,  852,  696,  854,  308,  465,  736,  800,   53,  959,  598,  915,  835,  639,  208,  691,  425,  481,  492,  530,  898,  277,    0,  859,  944,  743,  938,  907,  405,  173,  565,  564,  774,  139,  759,  515,  326, 1082, 1105,  842,  198,  658,  778,  955,  839,  963,  571,  548,  732,  866,  527,  320,  657,   79,  873,  855,  809,  864, 1100,  887,  630,  657,  909,  435,  764,  735, 1006,  519,  828,  721, 1026,  572,  601,  237,  811,  719, 1026,  970,  555,  717,  787,  403,  788,  503,  715,  270,  558,  541,  319, 1014,  570,  365, 1020,  812,  341,  519,  491,  213,  719,  959,  611,  152, 1128,  149,  378,  124,  542,  326,  496,  252,  510,  614,  921,  259,  902, 1031,  401,  656,  869,  622,  727,  686,  426,  846,  423,  947,  397,  136,  902,  610,  511,  432,  441,  439,  383,  496,  572,  610,  311,  208,  308,  614,  588,  996,  269,  602,  472,   68,  371,  867,  396,  609],
        [  447,    0,  346,  441,  790,  459,  171,  786,  923,  542,  391,  777,  865, 1058,  261,  923,   61,  957,  716,  248,  722,  656,  549,  381,  758,  588,  859,    0,  361,  387,  125,  996,  864,  803,  300,  442,  600,  925,  313,  587,  581,  461,  522,  761,  843,  329,  787,  822,  596,  828,  326,  375,  378,    8,  333,  747,  359,  806,  898,  192,  182,  104,  371,   54,  450,  487,  670,  461,  434,  135,  330,  363,  124,  140,  331,  420,  338,  773,  674,  154,  617,  636,  316,  688,  125,  509,  395,  630,  831,  978,  392,  579,  553,  658,  357,  884,  421,  155,  558,  820,  487,  752,  142,  363,  738,  712,  470,  722,  561,  739,  487,  842,  572, 1007,  350,  329,  841,  649, 1004,  366,  478,  830,  876,  285,  133,  768,  480,  828,  516, 1028,  702,  767, 1011,  885,  420,  438,  421,  533,  627,  514,  312,  340,  758,  695,  810,  704,  281,  245,  778,  453,  907,  913,  490,  604,  595,  388],
        [  131,    0,  375,  696,  653,  164,  444,  506,  885,  499,  218,  518,  930,  781,  450,  639,  418,  785,  751,  561,  642,  559,  482,  627,  457,  725,  944,  361,    0,  211,  268,  727,  783,  827,  514,  385,  346,  959,  656,  489,  764,  142,  183,  483,  850,  289,  539,  510,  307,  514,  579,  632,  218,  362,  483,  714,  287,  872,  625,  176,  209,  258,  189,  316,  756,  330,  354,  513,  776,  342,   95,  449,  250,  377,  120,  702,  618,  774,  403,  447,  260,  295,  436,  463,  279,  716,  173,  527,  613,  964,  387,  468,  631,  308,  623,  821,   81,  231,  742,  688,  459,  770,  369,   17,  564,  825,  185,  843,  771,  823,  417,  796,  493, 1007,  509,  337,  542,  814,  737,   99,  552,  638,  601,  562,  402,  559,  519,  556,  738,  750,  640,  820,  746,  716,  434,  533,  584,  514,  596,  774,  554,  338,  727,  845,  773,  530,  509,  176,  763,  750,  799,  979,  637,  301,  571,  335],
        [  334,    0,  203,  574,  457,  126,  380,  401,  676,  289,    8,  391,  725,  672,  336,  537,  424,  605,  545,  497,  434,  352,  272,  507,  378,  545,  743,  387,  211,    0,  357,  611,  577,  618,  396,  179,  215,  750,  609,  281,  599,  342,  363,  376,  640,  119,  403,  446,  221,  452,  470,  518,   15,  391,  339,  504,   98,  669,  512,  223,  209,  301,  392,  364,  664,  127,  303,  322,  719,  293,  292,  283,  267,  323,  317,  596,  522,  564,  290,  396,  324,  302,  290,  307,  264,  566,   46,  320,  455,  753,  197,  261,  439,  339,  516,  613,  281,  235,  579,  492,  252,  562,  314,  227,  380,  633,  392,  652,  618,  624,  208,  586,  282,  796,  364,  169,  458,  640,  618,  308,  365,  465,  490,  471,  353,  394,  324,  442,  594,  641,  430,  615,  626,  534,  242,  356,  429,  307,  386,  647,  444,  165,  516,  664,  562,  345,  400,  331,  552,  651,  598,  774,  468,  235,  362,  138],
        [  333,    0,  385,  556,  799,  397,  280,  741,  967,  573,  364,  740,  939, 1017,  349,  878,  185,  957,  778,  371,  748,  674,  572,  493,  703,  677,  938,  125,  268,  357,    0,  958,  893,  864,  400,  461,  561,  991,  437,  602,  682,  347,  411,  717,  899,  339,  755,  763,  543,  768,  438,  489,  352,  122,  414,  789,  363,  879,  858,  135,  158,   76,  247,   73,  574,  475,  607,  519,  557,  206,  217,  424,  116,  229,  213,  540,  456,  826,  631,  268,  528,  559,  384,  662,  153,  614,  351,  645,  811, 1031,  424,  589,  623,  575,  472,  920,  315,  141,  659,  831,  519,  810,  227,  266,  732,  797,  350,  809,  668,  817,  505,  882,  592, 1064,  435,  357,  788,  747,  967,  252,  544,  820,  835,  401,  236,  751,  534,  787,  625,  986,  733,  836,  975,  885,  462,  508,  511,  571,  666,  631,  420,  366,  801,  790,  852,  697,  383,  124,  826,  576,  928,  988,  579,  545,  635,  402],
        [  775,    0,  717, 1060,  380,  569,  962,  221,  638,  586,  606,  220,  861,   64,  882,   97, 1031,  296,  730, 1064,  499,  481,  556, 1010,  277,  893,  907,  996,  727,  611,  958,    0,  511,  735,  924,  611,  399,  817, 1181,  504,  984,  771,  734,  245,  714,  685,  212,  249,  421,  250,  995, 1028,  619, 1001,  844,  595,  651,  835,  102,  826,  818,  910,  898,  973, 1184,  520,  382,  722, 1273,  892,  819,  769,  877,  916,  843, 1105, 1053,  674,  329,  982,  542,  466,  809,  315,  873,  998,  609,  480,  209,  722,  675,  491,  773,  486, 1035,  559,  740,  845,  974,  389,  619,  704,  907,  739,  331,  897,  823,  919, 1030,  843,  578,  586,  532,  774,  860,  709,  198,  981,   15,  810,  755,  257,  126, 1018,  946,  263,  705,  172, 1034,   41,  534,  786,   23,  300,  683,  783,  883,  621,  592, 1114,  972,  698,  601,  972,  600,  349,  939,  898,  641, 1162,  456,  891,  876,  426,  605,  642],
        [  894,    0,  519,  711,  164,  641,  748,  505,  135,  323,  569,  449,  356,  558,  641,  533,  869,  234,  267,  806,  146,  226,  322,  687,  563,  478,  405,  864,  783,  577,  893,  511,    0,  239,  648,  433,  496,  307,  911,  298,  571,  899,  899,  500,  208,  555,  420,  606,  565,  613,  699,  708,  574,  871,  573,  142,  535,  340,  492,  771,  737,  821,  968,  869,  846,  454,  609,  421,  966,  731,  869,  515,  780,  736,  894,  769,  751,  190,  501,  774,  764,  691,  566,  397,  753,  616,  611,  258,  338,  225,  474,  317,  391,  733,  723,   52,  843,  753,  571,  136,  378,  227,  730,  800,  268,  433,  953,  452,  628,  368,  390,   80,  303,  278,  574,  540,  562,  542,  503,  882,  426,  274,  494,  740,  757,  329,  400,  481,  651,  549,  163,  301,  503,  211,  445,  470,  551,  333,  241,  738,  684,  529,  138,  516,  106,  289,  671,  900,  158,  819,   71,  382,  509,  591,  273,  492],
        [  952,    0,  483,  539,  359,  716,  655,  686,  172,  330,  611,  631,  130,  787,  549,  743,  791,  472,   88,  681,  255,  320,  352,  534,  732,  286,  173,  803,  827,  618,  864,  735,  239,    0,  533,  442,  618,  133,  769,  364,  371,  960,  975,  675,   50,  551,  608,  787,  686,  795,  562,  555,  610,  811,  475,  149,  544,  102,  701,  763,  720,  789,  996,  822,  670,  518,  751,  346,  800,  671,  898,  442,  749,  664,  920,  600,  605,   66,  649,  681,  879,  817,  488,  552,  712,  432,  661,  345,  543,  186,  452,  390,  254,  862,  574,  205,  899,  729,  377,  347,  369,   57,  661,  843,  441,  206, 1009,  222,  429,  138,  411,  160,  349,  206,  464,  516,  752,  326,  730,  919,  325,  483,  698,  610,  677,  515,  330,  675,  463,  775,  231,   69,  731,  440,  408,  367,  414,  313,  236,  547,  555,  509,  140,  290,  137,  447,  557,  903,   97,  642,  308,  171,  353,  714,  257,  495],
        [  637,    0,  213,  184,  624,  516,  132,  749,  676,  358,  395,  719,  577,  987,   65,  873,  271,  799,  447,  159,  524,  483,  381,  115,  747,  290,  565,  300,  514,  396,  400,  924,  648,  533,    0,  314,  574,  644,  268,  432,  283,  650,  696,  725,  578,  279,  717,  817,  604,  825,   76,  124,  381,  308,   82,  514,  307,  519,  838,  361,  316,  333,  612,  337,  272,  420,  691,  230,  350,  197,  536,  156,  306,  171,  549,  201,  132,  517,  647,  155,  713,  697,  117,  614,  263,  216,  433,  468,  725,  716,  251,  438,  280,  734,  121,  655,  593,  305,  260,  645,  312,  489,  173,  524,  609,  416,  679,  424,  271,  450,  346,  607,  407,  738,   75,  234,  816,  350,  927,  569,  223,  703,  821,   97,  168,  664,  252,  776,  231,  961,  494,  487,  933,  731,  243,  180,  125,  333,  411,  261,   50,  243,  522,  395,  571,  583,   25,  489,  530,  257,  705,  623,  195,  624,  381,  294],
        [  512,    0,  109,  466,  349,  292,  361,  439,  515,  117,  173,  406,  547,  675,  272,  560,  457,  519,  366,  456,  288,  216,  112,  409,  444,  381,  564,  442,  385,  179,  461,  611,  433,  442,  314,    0,  275,  574,  572,  146,  448,  520,  541,  416,  467,  123,  404,  514,  321,  522,  387,  425,  170,  448,  236,  338,  105,  490,  525,  340,  304,  390,  557,  440,  580,  120,  406,  157,  663,  314,  458,  162,  349,  327,  481,  503,  445,  391,  343,  384,  480,  439,  199,  301,  324,  430,  224,  189,  417,  587,   64,  140,  266,  481,  429,  461,  459,  321,  430,  379,   74,  385,  320,  402,  308,  459,  569,  479,  477,  446,   46,  427,  132,  627,  255,  114,  507,  479,  615,  478,  201,  402,  508,  407,  354,  355,  153,  463,  463,  648,  274,  436,  621,  447,   84,  205,  297,  129,  215,  531,  363,  103,  350,  496,  399,  277,  329,  474,  382,  561,  469,  596,  318,  346,  188,   59],
        [  427,    0,  362,  738,  341,  183,  585,  187,  619,  322,  210,  180,  743,  459,  522,  323,  638,  446,  567,  697,  378,  301,  290,  678,  173,  643,  774,  600,  346,  215,  561,  399,  496,  618,  574,  275,    0,  742,  812,  259,  718,  428,  414,  162,  625,  306,  196,  244,   70,  251,  650,  692,  225,  605,  503,  476,  273,  695,  299,  428,  421,  512,  531,  575,  845,  157,  138,  426,  915,  504,  440,  433,  479,  532,  466,  771,  706,  555,   76,  602,  269,  201,  459,  120,  478,  705,  211,  274,  268,  707,  331,  233,  521,  245,  694,  542,  381,  448,  701,  376,  322,  566,  523,  361,  239,  699,  483,  721,  750,  669,  265,  533,  281,  757,  525,  343,  247,  741,  407,  440,  469,  298,  276,  661,  562,  217,  417,  229,  738,  428,  392,  639,  415,  382,  359,  479,  572,  356,  391,  805,  624,  333,  488,  752,  521,  210,  585,  509,  532,  828,  492,  788,  590,   97,  382,  281],
        [ 1084,    0,  613,  623,  455,  847,  771,  794,  187,  462,  743,  738,   91,  864,  667,  837,  909,  534,  214,  785,  369,  442,  483,  630,  845,  372,  139,  925,  959,  750,  991,  817,  307,  133,  644,  574,  742,    0,  864,  492,  440, 1092, 1107,  785,  118,  683,  712,  896,  810,  903,  664,  649,  742,  932,  593,  266,  676,  132,  795,  893,  850,  916, 1128,  946,  747,  648,  872,  473,  880,  795, 1030,  568,  877,  785, 1052,  684,  701,  190,  767,  796, 1006,  942,  611,  667,  839,  513,  793,  469,  638,  133,  583,  518,  372,  986,  670,  259, 1031,  857,  452,  435,  501,  189,  783,  975,  548,  260, 1141,  266,  496,  203,  543,  234,  479,  115,  580,  646,  856,  380,  810, 1051,  449,  576,  795,  714,  796,  619,  459,  777,  538,  855,  350,  158,  809,  517,  539,  488,  521,  445,  367,  616,  660,  640,  254,  333,  230,  559,  668, 1034,  211,  719,  366,   85,  455,  838,  389,  627],
        [  755,    0,  464,  249,  892,  714,  229,  994,  925,  626,  611,  970,  785, 1245,  300, 1124,  253, 1067,  688,  117,  791,  751,  648,  236,  983,  492,  759,  313,  656,  609,  437, 1181,  911,  769,  268,  572,  812,  864,    0,  699,  436,  769,  828,  969,  817,  506,  972, 1052,  829, 1059,  213,  216,  596,  316,  349,  773,  539,  732, 1092,  480,  451,  407,  683,  366,  172,  665,  912,  497,  122,  324,  639,  421,  407,  291,  642,  194,  165,  765,  887,  216,  897,  900,  376,  868,  379,  357,  636,  735,  988,  954,  508,  703,  528,  929,  196,  914,  724,  427,  419,  913,  579,  733,  300,  661,  874,  610,  781,  611,  390,  662,  608,  864,  674,  968,  342,  474, 1058,  506, 1185,  676,  485,  968, 1073,  173,  261,  926,  519, 1026,  341, 1217,  760,  714, 1191,  999,  508,  443,  362,  601,  677,  290,  228,  485,  780,  559,  828,  846,  248,  557,  782,  190,  969,  824,  418,  844,  648,  540],
