{
    "name": "random-10-19739",
    "comment": "size=10 seed=19739",
    "nodes": ["+0", "-0", "+1", "-1", "+2", "-2", "+3", "-3", "+4", "-4", "+5", "-5", "+6", "-6", "+7", "-7", "+8", "-8", "+9", "-9", "+10", "-10"],
    "precedence": {
        "+0": "-0",
        "+1": "-1",
        "+2": "-2",
        "+3": "-3",
        "+4": "-4",
        "+5": "-5",
        "+6": "-6",
        "+7": "-7",
        "+8": "-8",
        "+9": "-9",
        "+10": "-10"
    },
    "edges": [
        [    0,    0,  279,  424,  257,  608,  404,  441,  596,  489,  357,  512,  452,  529,  342,  101,  625,  478,   20,  224,  552,  247],
        [    0,    0,  279,  424,  257,  608,  404,  441,  596,  489,  357,  512,  452,  529,  342,  101,  625,  478,   20,  224,  552,  247],
        [  279,  279,    0,  658,  374,  456,  134,  519,  769,  254,  560,  251,  674,  443,  596,  377,  493,  220,  275,  496,  424,  329],
        [  424,  424,  658,    0,  628, 1030,  750,  357,  245,  899,  123,  827,   47,  626,  103,  334,  746,  876,  415,  370,  692,  373],
        [  257,  257,  374,  628,    0,  456,  503,  697,  834,  451,  592,  620,  665,  754,  530,  305,  834,  474,  276,  287,  760,  500],
        [  608,  608,  456, 1030,  456,    0,  489,  969, 1191,  248,  960,  560, 1059,  884,  944,  699,  908,  311,  618,  733,  849,  769],
        [  404,  404,  134,  750,  503,  489,    0,  551,  828,  248,  642,  118,  760,  401,  700,  497,  419,  190,  397,  625,  360,  391],
        [  441,  441,  519,  357,  697,  969,  551,    0,  301,  769,  244,  585,  334,  286,  390,  423,  402,  725,  422,  557,  360,  207],
        [  596,  596,  769,  245,  834, 1191,  828,  301,    0, 1022,  242,  877,  199,  580,  341,  529,  690,  987,  583,  601,  657,  442],
        [  489,  489,  254,  899,  451,  248,  248,  769, 1022,    0,  808,  313,  919,  648,  827,  589,  663,   64,  491,  674,  606,  582],
        [  357,  357,  560,  123,  592,  960,  642,  244,  242,  808,    0,  712,  120,  505,  150,  287,  624,  780,  345,  373,  569,  256],
        [  512,  512,  251,  827,  620,  560,  118,  585,  877,  313,  712,    0,  831,  379,  787,  600,  364,  250,  502,  735,  320,  457],
        [  452,  452,  674,   47,  665, 1059,  760,  334,  199,  919,  120,  831,    0,  611,  147,  367,  730,  893,  442,  413,  679,  375],
        [  529,  529,  443,  626,  754,  884,  401,  286,  580,  648,  505,  379,  611,    0,  633,  565,  120,  590,  511,  719,   79,  310],
        [  342,  342,  596,  103,  530,  944,  700,  390,  341,  827,  150,  787,  147,  633,    0,  246,  752,  810,  337,  268,  692,  348],
        [  101,  101,  377,  334,  305,  699,  497,  423,  529,  589,  287,  600,  367,  565,  246,    0,  671,  579,  103,  155,  600,  259],
        [  625,  625,  493,  746,  834,  908,  419,  402,  690,  663,  624,  364,  730,  120,  752,  671,    0,  601,  608,  825,   74,  422],
        [  478,  478,  220,  876,  474,  311,  190,  725,  987,   64,  780,  250,  893,  590,  810,  579,  601,    0,  478,  675,  546,  545],
        [   20,   20,  275,  415,  276,  618,  397,  422,  583,  491,  345,  502,  442,  511,  337,  103,  608,  478,    0,  236,  534,  228],
        [  224,  224,  496,  370,  287,  733,  625,  557,  601,  674,  373,  735,  413,  719,  268,  155,  825,  675,  236,    0,  754,  411],
        [  552,  552,  424,  692,  760,  849,  360,  360,  657,  606,  569,  320,  679,   79,  692,  600,   74,  546,  534,  754,    0,  355],
        [  247,  247,  329,  373,  500,  769,  391,  207,  442,  582,  256,  457,  375,  310,  348,  259,  422,  545,  228,  411,  355,    0]
    ]
}
