{
    "name": "random-38-5431",
    "comment": "size=38 seed=5431",
    "nodes": ["+0", "-0", "+1", "-1", "+2", "-2", "+3", "-3", "+4", "-4", "+5", "-5", "+6", "-6", "+7", "-7", "+8", "-8", "+9", "-9", "+10", "-10", "+11", "-11", "+12", "-12", "+13", "-13", "+14", "-14", "+15", "-15", "+16", "-16", "+17", "-17", "+18", "-18", "+19", "-19", "+20", "-20", "+21", "-21", "+22", "-22", "+23", "-23", "+24", "-24", "+25", "-25", "+26", "-26", "+27", "-27", "+28", "-28", "+29", "-29", "+30", "-30", "+31", "-31", "+32", "-32", "+33", "-33", "+34", "-34", "+35", "-35", "+36", "-36", "+37", "-37", "+38", "-38"],
    "precedence": {
        "+0": "-0",
        "+1": "-1",
        "+2": "-2",
        "+3": "-3",
        "+4": "-4",
        "+5": "-5",
        "+6": "-6",
        "+7": "-7",
        "+8": "-8",
        "+9": "-9",
        "+10": "-10",
        "+11": "-11",
        "+12": "-12",
        "+13": "-13",
        "+14": "-14",
        "+15": "-15",
        "+16": "-16",
        "+17": "-17",
        "+18": "-18",
        "+19": "-19",
        "+20": "-20",
        "+21": "-21",
        "+22": "-22",
        "+23": "-23",
        "+24": "-24",
        "+25": "-25",
        "+26": "-26",
        "+27": "-27",
        "+28": "-28",
        "+29": "-29",
        "+30": "-30",
        "+31": "-31",
        "+32": "-32",
        "+33": "-33",
        "+34": "-34",
        "+35": "-35",
        "+36": "-36",
        "+37": "-37",
        "+38": "-38"
    },
    "edges": [
        [    0,    0,  960,  401,  789,  315,  250,  344,  368,  576,  187,  345,  521,   41,  737,  317,  454,  920,  314,  451,  678,  635,  227,  827,  427,  332,  535,  215,  748,  879,  359,  831,  214,  666,  660,  604,  280,  496,  369,  225,  552,  567,  839,  354,  464,  328,  685,  634,  229,   86,  277,  230,  509,  514,  717,  440,  550,  532,  650,  631,  377,  371,  514,  433,  609,  421,  430,  898,  351,  115,  541,  680,  368,  178,  319,  374,  475,  397],
        [    0,    0,  960,  401,  789,  315,  250,  344,  368,  576,  187,  345,  521,   41,  737,  317,  454,  920,  314,  451,  678,  635,  227,  827,  427,  332,  535,  215,  748,  879,  359,  831,  214,  666,  660,  604,  280,  496,  369,  225,  552,  567,  839,  354,  464,  328,  685,  634,  229,   86,  277,  230,  509,  514,  717,  440,  550,  532,  650,  631,  377,  371,  514,  433,  609,  421,  430,  898,  351,  115,  541,  680,  368,  178,  319,  374,  475,  397],
        [  960,  960,    0,  562,  543,  647, 1110, 1168,  628,  928, 1102,  707,  955,  984,  346, 1078,  656,   81,  752,  819,  715,  497, 1179,  917,  587,  646,  814,  851,  599,  135,  798,  210,  783,  440,  634,  802,  932,  914, 1302,  853,  463,  426,  164,  607,  497, 1248,  415,  370,  739,  957,  997,  768, 1017,  701,  757,  799,  922,  430,  329,  475,  678,  654,  998, 1029,  775,  746,  718,   63,  620, 1073,  489,  576,  921,  878, 1035,  593,  876,  732],
        [  401,  401,  562,    0,  480,  108,  557,  626,  173,  608,  542,  201,  527,  423,  358,  544,  312,  519,  235,  383,  471,  371,  617,  688,  123,  147,  505,  305,  467,  494,  311,  434,  226,  312,  408,  470,  405,  484,  742,  352,  181,  224,  456,   72,   89,  689,  378,  243,  177,  412,  507,  250,  567,  330,  524,  428,  588,  147,  251,  290,  190,  220,  556,  543,  455,  298,  279,  501,  119,  515,  185,  394,  428,  325,  508,   34,  443,  268],
        [  789,  789,  543,  480,    0,  581,  814,  832,  649, 1081,  847,  445,  507,  791,  223,  737,  774,  463,  479,  419,  206,  748,  948,  376,  384,  627,  972,  591,   69,  593,  463,  337,  576,  184,  154,  321,  608,  478, 1025,  820,  308,  579,  578,  551,  505,  964,  704,  307,  583,  835,  971,  718,  578,  301,  231,  904, 1063,  488,  356,  193,  413,  696,  555,  625,  294,  392,  373,  516,  599,  894,  297,  112,  550,  630,  687,  483,  454,  404],
        [  315,  315,  647,  108,  581,    0,  505,  583,  104,  523,  476,  229,  554,  343,  465,  512,  250,  611,  247,  419,  550,  366,  539,  757,  205,   59,  428,  275,  563,  564,  330,  535,  187,  418,  496,  531,  387,  512,  673,  245,  287,  258,  525,   41,  150,  624,  395,  349,  121,  313,  400,  143,  582,  396,  602,  342,  501,  217,  351,  394,  235,  145,  574,  542,  521,  341,  329,  584,   51,  427,  289,  489,  431,  283,  484,   99,  474,  308],
        [  250,  250, 1110,  557,  814,  505,    0,   95,  584,  823,   85,  411,  398,  210,  830,  110,  692, 1056,  366,  404,  651,  859,  174,  735,  527,  540,  785,  259,  757, 1051,  352,  948,  332,  741,  664,  546,  206,  393,  212,  474,  658,  761, 1013,  535,  638,  151,  898,  751,  388,  328,  507,  463,  355,  513,  674,  690,  797,  702,  783,  701,  444,  599,  370,  268,  562,  423,  445, 1050,  551,  234,  638,  703,  275,  233,  148,  524,  393,  417],
        [  344,  344, 1168,  626,  832,  583,   95,    0,  667,  917,  174,  461,  374,  304,  873,   97,  781, 1110,  416,  415,  655,  943,  240,  710,  581,  623,  879,  322,  772, 1117,  385,  996,  403,  780,  679,  543,  240,  380,  217,  568,  709,  837, 1079,  611,  710,  162,  978,  803,  464,  423,  601,  553,  319,  535,  670,  783,  891,  772,  839,  739,  492,  686,  338,  236,  563,  452,  477, 1110,  631,  324,  686,  724,  283,  303,  146,  592,  389,  452],
        [  368,  368,  628,  173,  649,  104,  584,  667,    0,  436,  544,  332,  657,  402,  503,  603,  147,  605,  350,  522,  640,  276,  594,  853,  291,   48,  333,  371,  639,  529,  434,  549,  284,  474,  580,  629,  484,  616,  735,  226,  343,  208,  489,  110,  158,  691,  319,  383,  216,  341,  375,  146,  685,  492,  693,  256,  416,  211,  370,  457,  335,   48,  677,  643,  617,  443,  429,  566,   59,  470,  353,  566,  533,  374,  578,  182,  577,  410],
        [  576,  576,  928,  608, 1081,  523,  823,  917,  436,    0,  749,  742, 1040,  615,  915,  891,  311,  936,  745,  923, 1072,  432,  735, 1278,  724,  467,  117,  716, 1074,  798,  826,  924,  647,  902, 1015, 1049,  821, 1003,  880,  362,  774,  541,  766,  542,  578,  862,  515,  797,  590,  495,  332,  427, 1049,  917, 1124,  182,   27,  608,  768,  888,  754,  388, 1048,  986, 1041,  854,  845,  875,  491,  608,  786, 1002,  895,  698,  886,  615,  970,  821],
        [  187,  187, 1102,  542,  847,  476,   85,  174,  544,  749,    0,  422,  465,  148,  842,  189,  640, 1054,  379,  450,  697,  816,  106,  799,  531,  504,  718,  265,  794, 1034,  384,  952,  321,  757,  701,  600,  248,  455,  201,  410,  663,  733,  995,  510,  618,  149,  862,  753,  366,  257,  428,  413,  429,  549,  725,  625,  723,  684,  780,  719,  456,  553,  442,  342,  613,  456,  474, 1041,  518,  151,  645,  735,  330,  231,  218,  510,  449,  444],
        [  345,  345,  707,  201,  445,  229,  411,  461,  332,  742,  422,    0,  330,  348,  421,  371,  478,  649,   46,  190,  351,  569,  516,  539,  121,  288,  653,  157,  404,  664,  111,  538,  133,  336,  319,  308,  225,  287,  616,  414,  249,  423,  629,  229,  288,  557,  578,  342,  160,  395,  552,  322,  367,  185,  397,  563,  718,  337,  379,  298,   35,  374,  356,  346,  303,  113,  105,  650,  274,  451,  227,  336,  231,  193,  328,  171,  247,   80],
        [  521,  521,  955,  527,  507,  554,  398,  374,  657, 1040,  465,  330,    0,  498,  617,  292,  802,  883,  308,  148,  307,  898,  568,  338,  422,  611,  963,  328,  439,  944,  224,  754,  394,  519,  357,  188,  242,   45,  589,  685,  507,  745,  913,  557,  612,  532,  901,  593,  456,  602,  790,  615,   71,  254,  309,  869, 1015,  652,  644,  481,  338,  696,   49,  139,  214,  233,  257,  906,  601,  581,  479,  413,  154,  353,  251,  499,   86,  260],
        [   41,   41,  984,  423,  791,  343,  210,  304,  402,  615,  148,  348,  498,    0,  751,  281,  492,  942,  313,  438,  671,  671,  197,  811,  438,  364,  575,  206,  747,  907,  350,  849,  222,  676,  658,  591,  256,  475,  334,  265,  567,  598,  867,  380,  491,  291,  720,  651,  247,  121,  310,  266,  482,  509,  708,  480,  588,  558,  670,  640,  381,  408,  488,  403,  598,  415,  427,  922,  381,  103,  554,  681,  346,  168,  286,  394,  457,  394],
        [  737,  737,  346,  358,  223,  465,  830,  873,  503,  915,  842,  421,  617,  751,    0,  778,  605,  270,  465,  489,  370,  544,  933,  580,  314,  495,  801,  577,  264,  375,  489,  139,  530,   99,  289,  457,  634,  578, 1036,  708,  186,  384,  358,  427,  347,  978,  491,  121,  511,  762,  863,  607,  682,  366,  415,  745,  899,  308,  151,  138,  387,  547,  662,  704,  430,  426,  400,  308,  465,  851,  198,  231,  605,  611,  731,  375,  543,  421],
        [  317,  317, 1078,  544,  737,  512,  110,   97,  603,  891,  189,  371,  292,  281,  778,    0,  726, 1019,  326,  319,  562,  876,  283,  630,  491,  557,  841,  241,  676, 1031,  289,  903,  327,  684,  584,  452,  147,  292,  300,  532,  617,  761,  994,  536,  631,  241,  906,  711,  392,  401,  589,  501,  246,  438,  579,  744,  864,  690,  749,  644,  401,  626,  261,  159,  470,  356,  381, 1020,  561,  330,  594,  628,  187,  230,   50,  511,  297,  357],
        [  454,  454,  656,  312,  774,  250,  692,  781,  147,  311,  640,  478,  802,  492,  605,  726,    0,  650,  495,  668,  782,  201,  671,  997,  433,  191,  199,  504,  771,  537,  579,  622,  420,  593,  718,  775,  618,  761,  818,  252,  466,  240,  500,  255,  269,  781,  273,  486,  352,  403,  362,  229,  827,  637,  835,  147,  295,  298,  459,  581,  482,  106,  820,  780,  763,  589,  575,  597,  206,  539,  481,  699,  673,  501,  706,  326,  723,  557],
        [  920,  920,   81,  519,  463,  611, 1056, 1110,  605,  936, 1054,  649,  883,  942,  270, 1019,  650,    0,  695,  750,  637,  509, 1134,  837,  530,  617,  821,  797,  519,  177,  735,  132,  734,  366,  557,  727,  873,  843, 1253,  830,  402,  413,  191,  571,  463, 1198,  431,  308,  695,  924,  978,  740,  947,  630,  678,  796,  928,  398,  274,  403,  619,  635,  928,  962,  699,  680,  653,   78,  589, 1034,  426,  498,  857,  827,  974,  548,  807,  669],
        [  314,  314,  752,  235,  479,  247,  366,  416,  350,  745,  379,   46,  308,  313,  465,  326,  495,  695,    0,  178,  369,  599,  475,  544,  166,  304,  662,  115,  435,  708,   84,  583,  111,  379,  346,  313,  180,  266,  572,  407,  294,  458,  672,  253,  323,  513,  611,  388,  156,  371,  537,  321,  338,  203,  412,  570,  721,  375,  424,  340,   78,  389,  329,  309,  311,  116,  119,  695,  294,  416,  272,  368,  194,  153,  284,  203,  229,   87],
        [  451,  451,  819,  383,  419,  419,  404,  415,  522,  923,  450,  190,  148,  438,  489,  319,  668,  750,  178,    0,  248,  754,  555,  378,  275,  477,  839,  238,  358,  801,   99,  624,  281,  391,  265,  154,  203,  104,  613,  579,  364,  599,  769,  418,  466,  553,  755,  452,  333,  522,  701,  498,  201,  126,  276,  747,  898,  505,  502,  352,  193,  563,  184,  217,  164,   86,  110,  768,  464,  534,  336,  312,  133,  273,  270,  356,   63,  115],
        [  678,  678,  715,  471,  206,  550,  651,  655,  640, 1072,  697,  351,  307,  671,  370,  562,  782,  637,  369,  248,    0,  808,  802,  227,  350,  606,  973,  466,  137,  739,  323,  506,  479,  285,   84,  119,  450,  284,  859,  763,  348,  637,  716,  532,  528,  799,  783,  399,  509,  740,  902,  667,  378,  167,   55,  891, 1051,  537,  456,  262,  329,  687,  355,  434,   95,  258,  251,  678,  583,  771,  324,  140,  377,  504,  513,  459,  267,  283],
        [  635,  635,  497,  371,  748,  366,  859,  943,  276,  432,  816,  569,  898,  671,  544,  876,  201,  509,  599,  754,  808,    0,  858, 1034,  486,  321,  320,  640,  763,  366,  679,  517,  553,  565,  733,  831,  752,  854, 1003,  449,  462,  172,  334,  349,  291,  962,   84,  442,  486,  594,  561,  406,  936,  691,  862,  320,  427,  272,  396,  568,  561,  264,  925,  904,  813,  669,  649,  444,  316,  729,  486,  699,  790,  647,  849,  400,  814,  639],
        [  227,  227, 1179,  617,  948,  539,  174,  240,  594,  735,  106,  516,  568,  197,  933,  283,  671, 1134,  475,  555,  802,  858,    0,  903,  620,  558,  721,  361,  897, 1103,  487, 1038,  405,  851,  804,  705,  353,  559,  149,  426,  751,  793, 1063,  576,  686,  128,  911,  839,  440,  269,  405,  453,  528,  652,  830,  632,  710,  754,  862,  814,  550,  595,  542,  441,  718,  558,  576, 1117,  576,  134,  735,  836,  434,  324,  318,  587,  554,  544],
        [  827,  827,  917,  688,  376,  757,  735,  710,  853, 1278,  799,  539,  338,  811,  580,  630,  997,  837,  544,  378,  227, 1034,  903,    0,  565,  815, 1184,  615,  319,  954,  475,  708,  653,  505,  308,  232,  562,  345,  926,  950,  575,  863,  934,  744,  751,  869, 1010,  623,  697,  900, 1077,  860,  392,  362,  174, 1098, 1255,  763,  680,  485,  525,  899,  373,  475,  238,  430,  434,  885,  794,  903,  550,  356,  473,  650,  588,  672,  356,  461],
        [  427,  427,  587,  123,  384,  205,  527,  581,  291,  724,  531,  121,  422,  438,  314,  491,  433,  530,  166,  275,  350,  486,  620,  565,    0,  257,  624,  269,  360,  545,  221,  422,  217,  240,  292,  349,  346,  378,  728,  437,  132,  325,  510,  183,  195,  671,  481,  224,  204,  460,  588,  335,  469,  209,  403,  543,  703,  231,  259,  207,   94,  338,  455,  459,  333,  190,  166,  529,  234,  539,  116,  287,  345,  301,  449,  109,  337,  164],
        [  332,  332,  646,  147,  627,   59,  540,  623,   48,  467,  504,  288,  611,  364,  495,  557,  191,  617,  304,  477,  606,  321,  558,  815,  257,    0,  370,  324,  612,  553,  388,  552,  237,  457,  549,  589,  437,  570,  697,  217,  325,  236,  513,   77,  157,  652,  359,  376,  169,  314,  371,  124,  638,  453,  658,  286,  446,  219,  369,  436,  294,   86,  631,  596,  578,  400,  387,  583,   30,  438,  331,  539,  486,  327,  531,  149,  532,  367],
        [  535,  535,  814,  505,  972,  428,  785,  879,  333,  117,  718,  653,  963,  575,  801,  841,  199,  821,  662,  839,  973,  320,  721, 1184,  624,  370,    0,  646,  968,  686,  744,  808,  570,  791,  913,  958,  756,  925,  869,  311,  665,  425,  652,  442,  467,  843,  403,  683,  509,  462,  334,  352,  979,  823, 1026,   98,  108,  494,  653,  779,  662,  286,  976,  922,  948,  765,  755,  760,  391,  588,  678,  896,  824,  633,  831,  515,  889,  733],
        [  215,  215,  851,  305,  591,  275,  259,  322,  371,  716,  265,  157,  328,  206,  577,  241,  504,  797,  115,  238,  466,  640,  361,  615,  269,  324,  646,    0,  544,  796,  145,  690,   88,  492,  453,  390,  114,  296,  460,  358,  401,  520,  758,  296,  390,  403,  666,  493,  156,  285,  467,  295,  334,  304,  503,  550,  690,  451,  524,  454,  191,  400,  333,  278,  395,  209,  222,  792,  324,  308,  382,  480,  180,   40,  210,  271,  268,  189],
        [  748,  748,  599,  467,   69,  563,  757,  772,  639, 1074,  794,  404,  439,  747,  264,  676,  771,  519,  435,  358,  137,  763,  897,  319,  360,  612,  968,  544,    0,  638,  410,  390,  537,  201,   94,  253,  552,  412,  968,  796,  307,  592,  620,  536,  504,  907,  725,  327,  551,  799,  944,  695,  510,  245,  164,  894, 1054,  496,  380,  196,  375,  687,  488,  560,  226,  339,  323,  567,  586,  850,  290,   74,  490,  583,  627,  465,  389,  355],
        [  879,  879,  135,  494,  593,  564, 1051, 1117,  529,  798, 1034,  664,  944,  907,  375, 1031,  537,  177,  708,  801,  739,  366, 1103,  954,  545,  553,  686,  796,  638,    0,  765,  263,  720,  454,  655,  810,  887,  901, 1234,  750,  437,  321,   40,  527,  417, 1182,  284,  353,  668,  866,  888,  673, 1001,  693,  786,  676,  793,  351,  300,  482,  639,  548,  984, 1001,  785,  721,  695,  100,  530,  989,  466,  601,  889,  818,  991,  527,  862,  703],
        [  359,  359,  798,  311,  463,  330,  352,  385,  434,  826,  384,  111,  224,  350,  489,  289,  579,  735,   84,   99,  323,  679,  487,  475,  221,  388,  744,  145,  410,  765,    0,  616,  182,  395,  318,  246,  148,  183,  563,  481,  335,  533,  730,  335,  398,  503,  688,  429,  237,  427,  603,  400,  257,  166,  359,  651,  801,  445,  472,  355,  128,  473,  247,  238,  250,   72,   94,  743,  378,  449,  310,  352,  125,  183,  242,  280,  146,   68],
        [  831,  831,  210,  434,  337,  535,  948,  996,  549,  924,  952,  538,  754,  849,  139,  903,  622,  132,  583,  624,  506,  517, 1038,  708,  422,  552,  808,  690,  390,  263,  616,    0,  634,  236,  425,  595,  757,  715, 1150,  768,  290,  384,  257,  495,  395, 1092,  449,  199,  603,  845,  922,  672,  819,  502,  547,  768,  912,  338,  184,  274,  505,  586,  799,  838,  568,  557,  530,  180,  522,  946,  311,  366,  735,  722,  857,  458,  679,  549],
        [  214,  214,  783,  226,  576,  187,  332,  403,  284,  647,  321,  133,  394,  222,  530,  327,  420,  734,  111,  281,  479,  553,  405,  653,  217,  237,  570,   88,  537,  720,  182,  634,    0,  454,  451,  422,  201,  357,  520,  299,  347,  435,  681,  210,  308,  466,  580,  435,   69,  263,  426,  221,  410,  312,  523,  475,  622,  371,  460,  418,  164,  315,  406,  361,  421,  226,  229,  722,  237,  324,  333,  468,  256,  100,  297,  193,  324,  197],
        [  666,  666,  440,  312,  184,  418,  741,  780,  474,  902,  757,  336,  519,  676,   99,  684,  593,  366,  379,  391,  285,  565,  851,  505,  240,  457,  791,  492,  201,  454,  395,  236,  454,    0,  202,  363,  542,  480,  949,  661,  132,  396,  431,  383,  325,  890,  525,  126,  444,  699,  815,  559,  584,  268,  334,  726,  884,  304,  180,   41,  302,  520,  564,  607,  336,  331,  305,  397,  428,  777,  131,  149,  509,  528,  637,  321,  445,  328],
        [  660,  660,  634,  408,  154,  496,  664,  679,  580, 1015,  701,  319,  357,  658,  289,  584,  718,  557,  346,  265,   84,  733,  804,  308,  292,  549,  913,  453,   94,  655,  318,  425,  451,  202,    0,  177,  459,  326,  874,  721,  271,  561,  633,  474,  458,  814,  704,  317,  471,  714,  866,  622,  427,  152,  134,  834,  994,  461,  374,  179,  291,  628,  405,  471,  149,  247,  232,  595,  524,  760,  248,   60,  397,  492,  535,  401,  300,  265],
        [  604,  604,  802,  470,  321,  531,  546,  543,  629, 1049,  600,  308,  188,  591,  457,  452,  775,  727,  313,  154,  119,  831,  705,  232,  349,  589,  958,  390,  253,  810,  246,  595,  422,  363,  177,    0,  353,  167,  751,  718,  389,  664,  784,  521,  541,  691,  817,  460,  465,  673,  847,  630,  259,  140,  128,  870, 1026,  564,  516,  330,  297,  674,  236,  317,   29,  198,  204,  759,  570,  688,  361,  236,  272,  426,  404,  450,  155,  230],
        [  280,  280,  932,  405,  608,  387,  206,  240,  484,  821,  248,  225,  242,  256,  634,  147,  618,  873,  180,  203,  450,  752,  353,  562,  346,  437,  756,  114,  552,  887,  148,  757,  201,  542,  459,  353,    0,  220,  417,  460,  471,  625,  851,  405,  493,  357,  774,  565,  269,  362,  551,  405,  233,  308,  478,  659,  795,  550,  603,  502,  254,  514,  236,  167,  366,  218,  241,  874,  437,  343,  448,  497,   90,  124,  105,  372,  206,  215],
        [  496,  496,  914,  484,  478,  512,  393,  380,  616, 1003,  455,  287,   45,  475,  578,  292,  761,  843,  266,  104,  284,  854,  559,  345,  378,  570,  925,  296,  412,  901,  183,  715,  357,  480,  326,  167,  220,    0,  591,  651,  465,  701,  870,  515,  568,  533,  857,  550,  417,  574,  760,  578,  105,  214,  292,  831,  979,  608,  602,  442,  294,  655,   85,  151,  190,  189,  213,  865,  559,  562,  436,  381,  130,  324,  247,  456,   42,  216],
        [  369,  369, 1302,  742, 1025,  673,  212,  217,  735,  880,  201,  616,  589,  334, 1036,  300,  818, 1253,  572,  613,  859, 1003,  149,  926,  728,  697,  869,  460,  968, 1234,  563, 1150,  520,  949,  874,  751,  417,  591,    0,  574,  860,  930, 1194,  708,  817,   61, 1053,  951,  566,  418,  549,  598,  535,  725,  879,  781,  855,  883,  979,  910,  649,  740,  554,  452,  769,  634,  656, 1242,  714,  283,  841,  914,  482,  428,  347,  711,  597,  627],
        [  225,  225,  853,  352,  820,  245,  474,  568,  226,  362,  410,  414,  685,  265,  708,  532,  252,  830,  407,  579,  763,  449,  426,  950,  437,  217,  311,  358,  796,  750,  481,  768,  299,  661,  721,  718,  460,  651,  574,    0,  531,  430,  711,  282,  374,  542,  513,  590,  255,  157,  156,  103,  690,  598,  811,  216,  336,  434,  586,  636,  435,  203,  690,  625,  715,  521,  518,  791,  247,  292,  532,  723,  537,  338,  525,  341,  621,  489],
        [  552,  552,  463,  181,  308,  287,  658,  709,  343,  774,  663,  249,  507,  567,  186,  617,  466,  402,  294,  364,  348,  462,  751,  575,  132,  325,  665,  401,  307,  437,  335,  290,  347,  132,  271,  389,  471,  465,  860,  531,    0,  291,  406,  252,  198,  803,  435,   95,  325,  578,  686,  429,  565,  261,  402,  597,  755,  191,  139,  115,  217,  390,  547,  568,  367,  286,  259,  408,  296,  666,   30,  239,  459,  433,  573,  193,  425,  270],
        [  567,  567,  426,  224,  579,  258,  761,  837,  208,  541,  733,  423,  745,  598,  384,  761,  240,  413,  458,  599,  637,  172,  793,  863,  325,  236,  425,  520,  592,  321,  533,  384,  435,  396,  561,  664,  625,  701,  930,  430,  291,    0,  281,  227,  136,  882,  156,  275,  374,  548,  572,  353,  789,  526,  691,  387,  529,  101,  234,  396,  409,  229,  776,  766,  645,  513,  491,  365,  217,  674,  314,  527,  651,  535,  727,  256,  660,  486],
        [  839,  839,  164,  456,  578,  525, 1013, 1079,  489,  766,  995,  629,  913,  867,  358,  994,  500,  191,  672,  769,  716,  334, 1063,  934,  510,  513,  652,  758,  620,   40,  730,  257,  681,  431,  633,  784,  851,  870, 1194,  711,  406,  281,    0,  488,  378, 1143,  252,  325,  629,  827,  849,  633,  969,  664,  764,  640,  759,  312,  270,  457,  604,  509,  953,  968,  759,  689,  662,  116,  491,  949,  435,  580,  855,  780,  955,  489,  830,  669],
        [  354,  354,  607,   72,  551,   41,  535,  611,  110,  542,  510,  229,  557,  380,  427,  536,  255,  571,  253,  418,  532,  349,  576,  744,  183,   77,  442,  296,  536,  527,  335,  495,  210,  383,  474,  521,  405,  515,  708,  282,  252,  227,  488,    0,  111,  658,  370,  310,  148,  353,  437,  181,  590,  383,  584,  361,  521,  178,  311,  361,  228,  156,  581,  556,  509,  337,  322,  545,   51,  466,  256,  463,  443,  309,  505,   74,  475,  305],
        [  464,  464,  497,   89,  505,  150,  638,  710,  158,  578,  618,  288,  612,  491,  347,  631,  269,  463,  323,  466,  528,  291,  686,  751,  195,  157,  467,  390,  504,  417,  398,  395,  308,  325,  458,  541,  493,  568,  817,  374,  198,  136,  378,  111,    0,  766,  291,  226,  252,  462,  527,  279,  654,  402,  582,  403,  560,   68,  214,  313,  274,  201,  641,  631,  524,  381,  359,  435,  128,  577,  214,  434,  516,  408,  595,  122,  527,  352],
        [  328,  328, 1248,  689,  964,  624,  151,  162,  691,  862,  149,  557,  532,  291,  978,  241,  781, 1198,  513,  553,  799,  962,  128,  869,  671,  652,  843,  403,  907, 1182,  503, 1092,  466,  890,  814,  691,  357,  533,   61,  542,  803,  882, 1143,  658,  766,    0, 1009,  895,  514,  386,  532,  557,  479,  664,  819,  753,  836,  832,  924,  851,  591,  698,  497,  395,  709,  574,  596, 1188,  666,  256,  784,  854,  422,  372,  288,  657,  537,  568],
        [  685,  685,  415,  378,  704,  395,  898,  978,  319,  515,  862,  578,  901,  720,  491,  906,  273,  431,  611,  755,  783,   84,  911, 1010,  481,  359,  403,  666,  725,  284,  688,  449,  580,  525,  704,  817,  774,  857, 1053,  513,  435,  156,  252,  370,  291, 1009,    0,  399,  515,  652,  634,  459,  944,  680,  837,  401,  510,  253,  348,  532,  564,  318,  931,  919,  797,  669,  647,  363,  348,  785,  461,  665,  805,  677,  875,  409,  816,  641],
        [  634,  634,  370,  243,  307,  349,  751,  803,  383,  797,  753,  342,  593,  651,  121,  711,  486,  308,  388,  452,  399,  442,  839,  623,  224,  376,  683,  493,  327,  353,  429,  199,  435,  126,  317,  460,  565,  550,  951,  590,   95,  275,  325,  310,  226,  895,  399,    0,  406,  653,  745,  490,  652,  341,  450,  626,  780,  190,   58,  139,  311,  426,  634,  660,  435,  377,  349,  316,  346,  749,  120,  270,  551,  524,  667,  264,  512,  363],
        [  229,  229,  739,  177,  583,  121,  388,  464,  216,  590,  366,  160,  456,  247,  511,  392,  352,  695,  156,  333,  509,  486,  440,  697,  204,  169,  509,  156,  551,  668,  237,  603,   69,  444,  471,  465,  269,  417,  566,  255,  325,  374,  629,  148,  252,  514,  515,  406,    0,  256,  395,  165,  476,  344,  556,  415,  566,  318,  424,  411,  181,  247,  470,  429,  461,  268,  264,  678,  170,  343,  316,  479,  322,  163,  364,  148,  382,  236],
        [   86,   86,  957,  412,  835,  313,  328,  423,  341,  495,  257,  395,  602,  121,  762,  401,  403,  924,  371,  522,  740,  594,  269,  900,  460,  314,  462,  285,  799,  866,  427,  845,  263,  699,  714,  673,  362,  574,  418,  157,  578,  548,  827,  353,  462,  386,  652,  653,  256,    0,  192,  196,  592,  573,  781,  369,  469,  528,  661,  667,  425,  335,  597,  517,  676,  483,  489,  895,  338,  137,  570,  728,  448,  252,  404,  389,  551,  457],
        [  277,  277,  997,  507,  971,  400,  507,  601,  375,  332,  428,  552,  790,  310,  863,  589,  362,  978,  537,  701,  902,  561,  405, 1077,  588,  371,  334,  467,  944,  888,  603,  922,  426,  815,  866,  847,  551,  760,  549,  156,  686,  572,  849,  437,  527,  532,  634,  745,  395,  192,    0,  258,  783,  735,  947,  262,  307,  585,  740,  789,  576,  344,  787,  708,  847,  652,  653,  936,  401,  282,  686,  871,  637,  437,  595,  495,  734,  622],
        [  230,  230,  768,  250,  718,  143,  463,  553,  146,  427,  413,  322,  615,  266,  607,  501,  229,  740,  321,  498,  667,  406,  453,  860,  335,  124,  352,  295,  695,  673,  400,  672,  221,  559,  622,  630,  405,  578,  598,  103,  429,  353,  633,  181,  279,  557,  459,  490,  165,  196,  258,    0,  628,  504,  716,  256,  402,  342,  489,  533,  339,  143,  625,  571,  624,  432,  427,  706,  151,  327,  429,  621,  473,  283,  485,  238,  544,  400],
        [  509,  509, 1017,  567,  578,  582,  355,  319,  685, 1049,  429,  367,   71,  482,  682,  246,  827,  947,  338,  201,  378,  936,  528,  392,  469,  638,  979,  334,  510, 1001,  257,  819,  410,  584,  427,  259,  233,  105,  535,  690,  565,  789,  969,  590,  654,  479,  944,  652,  476,  592,  783,  628,    0,  318,  378,  883, 1024,  698,  702,  546,  381,  721,   24,   87,  285,  282,  308,  967,  631,  556,  536,  483,  156,  353,  211,  537,  141,  306],
        [  514,  514,  701,  330,  301,  396,  513,  535,  492,  917,  549,  185,  254,  509,  366,  438,  637,  630,  203,  126,  167,  691,  652,  362,  209,  453,  823,  304,  245,  693,  166,  502,  312,  268,  152,  140,  308,  214,  725,  598,  261,  526,  664,  383,  402,  664,  680,  341,  344,  573,  735,  504,  318,    0,  213,  737,  895,  427,  394,  229,  165,  538,  298,  342,  126,   96,   84,  653,  433,  611,  232,  191,  253,  343,  389,  312,  178,  117],
        [  717,  717,  757,  524,  231,  602,  674,  670,  693, 1124,  725,  397,  309,  708,  415,  579,  835,  678,  412,  276,   55,  862,  830,  174,  403,  658, 1026,  503,  164,  786,  359,  547,  523,  334,  134,  128,  478,  292,  879,  811,  402,  691,  764,  584,  582,  819,  837,  450,  556,  781,  947,  716,  378,  213,    0,  943, 1102,  591,  507,  312,  377,  740,  355,  442,  113,  298,  295,  722,  635,  806,  377,  185,  399,  541,  532,  511,  283,  326],
        [  440,  440,  799,  428,  904,  342,  690,  783,  256,  182,  625,  563,  869,  480,  745,  744,  147,  796,  570,  747,  891,  320,  632, 1098,  543,  286,   98,  550,  894,  676,  651,  768,  475,  726,  834,  870,  659,  831,  781,  216,  597,  387,  640,  361,  403,  753,  401,  626,  415,  369,  262,  256,  883,  737,  943,    0,  161,  439,  602,  711,  574,  208,  880,  825,  861,  676,  666,  741,  311,  499,  607,  822,  728,  536,  734,  434,  796,  643],
        [  550,  550,  922,  588, 1063,  501,  797,  891,  416,   27,  723,  718, 1015,  588,  899,  864,  295,  928,  721,  898, 1051,  427,  710, 1255,  703,  446,  108,  690, 1054,  793,  801,  912,  622,  884,  994, 1026,  795,  979,  855,  336,  755,  529,  759,  521,  560,  836,  510,  780,  566,  469,  307,  402, 1024,  895, 1102,  161,    0,  592,  753,  870,  731,  368, 1023,  960, 1018,  830,  822,  867,  471,  583,  767,  982,  869,  672,  860,  594,  945,  798],
        [  532,  532,  430,  147,  488,  217,  702,  772,  211,  608,  684,  337,  652,  558,  308,  690,  298,  398,  375,  505,  537,  272,  754,  763,  231,  219,  494,  451,  496,  351,  445,  338,  371,  304,  461,  564,  550,  608,  883,  434,  191,  101,  312,  178,   68,  832,  253,  190,  318,  528,  585,  342,  698,  427,  591,  439,  592,    0,  163,  300,  319,  249,  685,  682,  545,  420,  396,  368,  192,  644,  214,  429,  567,  471,  654,  180,  567,  394],
        [  650,  650,  329,  251,  356,  351,  783,  839,  370,  768,  780,  379,  644,  670,  151,  749,  459,  274,  424,  502,  456,  396,  862,  680,  259,  369,  653,  524,  380,  300,  472,  184,  460,  180,  374,  516,  603,  602,  979,  586,  139,  234,  270,  311,  214,  924,  348,   58,  424,  661,  740,  489,  702,  394,  507,  602,  753,  163,    0,  196,  350,  410,  685,  706,  491,  424,  397,  272,  340,  765,  167,  326,  596,  553,  706,  277,  562,  408],
        [  631,  631,  475,  290,  193,  394,  701,  739,  457,  888,  719,  298,  481,  640,  138,  644,  581,  403,  340,  352,  262,  568,  814,  485,  207,  436,  779,  454,  196,  482,  355,  274,  418,   41,  179,  330,  502,  442,  910,  636,  115,  396,  457,  361,  313,  851,  532,  139,  411,  667,  789,  533,  546,  229,  312,  711,  870,  300,  196,    0,  264,  504,  526,  567,  304,  290,  264,  430,  407,  742,  106,  133,  468,  490,  597,  296,  406,  288],
        [  377,  377,  678,  190,  413,  235,  444,  492,  335,  754,  456,   35,  338,  381,  387,  401,  482,  619,   78,  193,  329,  561,  550,  525,   94,  294,  662,  191,  375,  639,  128,  505,  164,  302,  291,  297,  254,  294,  649,  435,  217,  409,  604,  228,  274,  591,  564,  311,  181,  425,  576,  339,  381,  165,  377,  574,  731,  319,  350,  264,    0,  379,  368,  366,  288,  110,   94,  621,  277,  484,  195,  305,  252,  227,  357,  163,  254,   79],
        [  371,  371,  654,  220,  696,  145,  599,  686,   48,  388,  553,  374,  696,  408,  547,  626,  106,  635,  389,  563,  687,  264,  595,  899,  338,   86,  286,  400,  687,  548,  473,  586,  315,  520,  628,  674,  514,  655,  740,  203,  390,  229,  509,  156,  201,  698,  318,  426,  247,  335,  344,  143,  721,  538,  740,  208,  368,  249,  410,  504,  379,    0,  714,  675,  663,  485,  473,  592,  105,  468,  400,  614,  568,  399,  604,  229,  617,  453],
        [  514,  514,  998,  556,  555,  574,  370,  338,  677, 1048,  442,  356,   49,  488,  662,  261,  820,  928,  329,  184,  355,  925,  542,  373,  455,  631,  976,  333,  488,  984,  247,  799,  406,  564,  405,  236,  236,   85,  554,  690,  547,  776,  953,  581,  641,  497,  931,  634,  470,  597,  787,  625,   24,  298,  355,  880, 1023,  685,  685,  526,  368,  714,    0,  103,  262,  267,  292,  948,  623,  565,  519,  461,  154,  354,  224,  526,  123,  292],
        [  433,  433, 1029,  543,  625,  542,  268,  236,  643,  986,  342,  346,  139,  403,  704,  159,  780,  962,  309,  217,  434,  904,  441,  475,  459,  596,  922,  278,  560, 1001,  238,  838,  361,  607,  471,  317,  167,  151,  452,  625,  568,  766,  968,  556,  631,  395,  919,  660,  429,  517,  708,  571,   87,  342,  442,  825,  960,  682,  706,  567,  366,  675,  103,    0,  340,  284,  311,  976,  592,  472,  541,  523,  116,  290,  125,  511,  172,  299],
        [  609,  609,  775,  455,  294,  521,  562,  563,  617, 1041,  613,  303,  214,  598,  430,  470,  763,  699,  311,  164,   95,  813,  718,  238,  333,  578,  948,  395,  226,  785,  250,  568,  421,  336,  149,   29,  366,  190,  769,  715,  367,  645,  759,  509,  524,  709,  797,  435,  461,  676,  847,  624,  285,  126,  113,  861, 1018,  545,  491,  304,  288,  663,  262,  340,    0,  196,  198,  732,  559,  696,  339,  208,  288,  432,  422,  437,  174,  226],
        [  421,  421,  746,  298,  392,  341,  423,  452,  443,  854,  456,  113,  233,  415,  426,  356,  589,  680,  116,   86,  258,  669,  558,  430,  190,  400,  765,  209,  339,  721,   72,  557,  226,  331,  247,  198,  218,  189,  634,  521,  286,  513,  689,  337,  381,  574,  669,  377,  268,  483,  652,  432,  282,   96,  298,  676,  830,  420,  424,  290,  110,  485,  267,  284,  196,    0,   28,  693,  384,  516,  258,  281,  179,  248,  308,  272,  148,   33],
        [  430,  430,  718,  279,  373,  329,  445,  477,  429,  845,  474,  105,  257,  427,  400,  381,  575,  653,  119,  110,  251,  649,  576,  434,  166,  387,  755,  222,  323,  695,   94,  530,  229,  305,  232,  204,  241,  213,  656,  518,  259,  491,  662,  322,  359,  596,  647,  349,  264,  489,  653,  427,  308,   84,  295,  666,  822,  396,  397,  264,   94,  473,  292,  311,  198,   28,    0,  665,  370,  529,  231,  261,  206,  261,  333,  255,  172,   34],
        [  898,  898,   63,  501,  516,  584, 1050, 1110,  566,  875, 1041,  650,  906,  922,  308, 1020,  597,   78,  695,  768,  678,  444, 1117,  885,  529,  583,  760,  792,  567,  100,  743,  180,  722,  397,  595,  759,  874,  865, 1242,  791,  408,  365,  116,  545,  435, 1188,  363,  316,  678,  895,  936,  706,  967,  653,  722,  741,  867,  368,  272,  430,  621,  592,  948,  976,  732,  693,  665,    0,  558, 1011,  435,  538,  867,  818,  978,  532,  826,  678],
        [  351,  351,  620,  119,  599,   51,  551,  631,   59,  491,  518,  274,  601,  381,  465,  561,  206,  589,  294,  464,  583,  316,  576,  794,  234,   30,  391,  324,  586,  530,  378,  522,  237,  428,  524,  570,  437,  559,  714,  247,  296,  217,  491,   51,  128,  666,  348,  346,  170,  338,  401,  151,  631,  433,  635,  311,  471,  192,  340,  407,  277,  105,  623,  592,  559,  384,  370,  558,    0,  460,  303,  512,  481,  332,  533,  125,  520,  352],
        [  115,  115, 1073,  515,  894,  427,  234,  324,  470,  608,  151,  451,  581,  103,  851,  330,  539, 1034,  416,  534,  771,  729,  134,  903,  539,  438,  588,  308,  850,  989,  449,  946,  324,  777,  760,  688,  343,  562,  283,  292,  666,  674,  949,  466,  577,  256,  785,  749,  343,  137,  282,  327,  556,  611,  806,  499,  583,  644,  765,  742,  484,  468,  565,  472,  696,  516,  529, 1011,  460,    0,  654,  784,  432,  269,  349,  488,  547,  496],
        [  541,  541,  489,  185,  297,  289,  638,  686,  353,  786,  645,  227,  479,  554,  198,  594,  481,  426,  272,  336,  324,  486,  735,  550,  116,  331,  678,  382,  290,  466,  310,  311,  333,  131,  248,  361,  448,  436,  841,  532,   30,  314,  435,  256,  214,  784,  461,  120,  316,  570,  686,  429,  536,  232,  377,  607,  767,  214,  167,  106,  195,  400,  519,  541,  339,  258,  231,  435,  303,  654,    0,  220,  432,  415,  549,  192,  396,  244],
        [  680,  680,  576,  394,  112,  489,  703,  724,  566, 1002,  735,  336,  413,  681,  231,  628,  699,  498,  368,  312,  140,  699,  836,  356,  287,  539,  896,  480,   74,  601,  352,  366,  468,  149,   60,  236,  497,  381,  914,  723,  239,  527,  580,  463,  434,  854,  665,  270,  479,  728,  871,  621,  483,  191,  185,  822,  982,  429,  326,  133,  305,  614,  461,  523,  208,  281,  261,  538,  512,  784,  220,    0,  442,  519,  579,  391,  352,  293],
        [  368,  368,  921,  428,  550,  431,  275,  283,  533,  895,  330,  231,  154,  346,  605,  187,  673,  857,  194,  133,  377,  790,  434,  473,  345,  486,  824,  180,  490,  889,  125,  735,  256,  509,  397,  272,   90,  130,  482,  537,  459,  651,  855,  443,  516,  422,  805,  551,  322,  448,  637,  473,  156,  253,  399,  728,  869,  567,  596,  468,  252,  568,  154,  116,  288,  179,  206,  867,  481,  432,  432,  442,    0,  202,  138,  396,  120,  189],
        [  178,  178,  878,  325,  630,  283,  233,  303,  374,  698,  231,  193,  353,  168,  611,  230,  501,  827,  153,  273,  504,  647,  324,  650,  301,  327,  633,   40,  583,  818,  183,  722,  100,  528,  492,  426,  124,  324,  428,  338,  433,  535,  780,  309,  408,  372,  677,  524,  163,  252,  437,  283,  353,  343,  541,  536,  672,  471,  553,  490,  227,  399,  354,  290,  432,  248,  261,  818,  332,  269,  415,  519,  202,    0,  206,  292,  299,  228],
        [  319,  319, 1035,  508,  687,  484,  148,  146,  578,  886,  218,  328,  251,  286,  731,   50,  706,  974,  284,  270,  513,  849,  318,  588,  449,  531,  831,  210,  627,  991,  242,  857,  297,  637,  535,  404,  105,  247,  347,  525,  573,  727,  955,  505,  595,  288,  875,  667,  364,  404,  595,  485,  211,  389,  532,  734,  860,  654,  706,  597,  357,  604,  224,  125,  422,  308,  333,  978,  533,  349,  549,  579,  138,  206,    0,  475,  250,  310],
        [  374,  374,  593,   34,  483,   99,  524,  592,  182,  615,  510,  171,  499,  394,  375,  511,  326,  548,  203,  356,  459,  400,  587,  672,  109,  149,  515,  271,  465,  527,  280,  458,  193,  321,  401,  450,  372,  456,  711,  341,  193,  256,  489,   74,  122,  657,  409,  264,  148,  389,  495,  238,  537,  312,  511,  434,  594,  180,  277,  296,  163,  229,  526,  511,  437,  272,  255,  532,  125,  488,  192,  391,  396,  292,  475,    0,  416,  242],
        [  475,  475,  876,  443,  454,  474,  393,  389,  577,  970,  449,  247,   86,  457,  543,  297,  723,  807,  229,   63,  267,  814,  554,  356,  337,  532,  889,  268,  389,  862,  146,  679,  324,  445,  300,  155,  206,   42,  597,  621,  425,  660,  830,  475,  527,  537,  816,  512,  382,  551,  734,  544,  141,  178,  283,  796,  945,  567,  562,  406,  254,  617,  123,  172,  174,  148,  172,  826,  520,  547,  396,  352,  120,  299,  250,  416,    0,  175],
        [  397,  397,  732,  268,  404,  308,  417,  452,  410,  821,  444,   80,  260,  394,  421,  357,  557,  669,   87,  115,  283,  639,  544,  461,  164,  367,  733,  189,  355,  703,   68,  549,  197,  328,  265,  230,  215,  216,  627,  489,  270,  486,  669,  305,  352,  568,  641,  363,  236,  457,  622,  400,  306,  117,  326,  643,  798,  394,  408,  288,   79,  453,  292,  299,  226,   33,   34,  678,  352,  496,  244,  293,  189,  228,  310,  242,  175,    0]
    ]
}
