{
    "name": "random-44-19325",
    "comment": "size=44 seed=19325",
    "nodes": ["+0", "-0", "+1", "-1", "+2", "-2", "+3", "-3", "+4", "-4", "+5", "-5", "+6", "-6", "+7", "-7", "+8", "-8", "+9", "-9", "+10", "-10", "+11", "-11", "+12", "-12", "+13", "-13", "+14", "-14", "+15", "-15", "+16", "-16", "+17", "-17", "+18", "-18", "+19", "-19", "+20", "-20", "+21", "-21", "+22", "-22", "+23", "-23", "+24", "-24", "+25", "-25", "+26", "-26", "+27", "-27", "+28", "-28", "+29", "-29", "+30", "-30", "+31", "-31", "+32", "-32", "+33", "-33", "+34", "-34", "+35", "-35", "+36", "-36", "+37", "-37", "+38", "-38", "+39", "-39", "+40", "-40", "+41", "-41", "+42", "-42", "+43", "-43", "+44", "-44"],
    "precedence": {
        "+0": "-0",
        "+1": "-1",
        "+2": "-2",
        "+3": "-3",
        "+4": "-4",
        "+5": "-5",
        "+6": "-6",
        "+7": "-7",
        "+8": "-8",
        "+9": "-9",
        "+10": "-10",
        "+11": "-11",
        "+12": "-12",
        "+13": "-13",
        "+14": "-14",
        "+15": "-15",
        "+16": "-16",
        "+17": "-17",
        "+18": "-18",
        "+19": "-19",
        "+20": "-20",
        "+21": "-21",
        "+22": "-22",
        "+23": "-23",
        "+24": "-24",
        "+25": "-25",
        "+26": "-26",
        "+27": "-27",
        "+28": "-28",
        "+29": "-29",
        "+30": "-30",
        "+31": "-31",
        "+32": "-32",
        "+33": "-33",
        "+34": "-34",
        "+35": "-35",
        "+36": "-36",
        "+37": "-37",
        "+38": "-38",
        "+39": "-39",
        "+40": "-40",
        "+41": "-41",
        "+42": "-42",
        "+43": "-43",
        "+44": "-44"
    },
    "edges": [
        [    0,    0,  119,  675,  792,  287,  455,  189,  732,  294,  344,  647,  428,  186, 1114,  169,  462,  106,  747,  916,  239,  731,  641,  696,   89,  740,  509,  355,  914,  453,  524,  854,  355,  560,  649,  781,   78,  540,  379,  732,  385,  780,  475,  245,  700,  681,  878,  457,  959,  574,  602,  364,  662,  673,  652,  516,  836,  576,  588,  750,  879,  208,  365,  263,  476,  660,  167,  733,  530,  296,  468,  781, 1020,  877,  754,  780,  662,   89,  444,  862,  435,  706,  853,  652,  425,  255,  844,  695, 1102,  661],
        [    0,    0,    0,    0,    0,    0,    0,    0,    0,    0,    0,    0,    0,    0,    0,    0,    0,    0,    0,    0,    0,    0,    0,    0,    0,    0,    0,    0,    0,    0,    0,    0,    0,    0,    0,    0,    0,    0,    0,    0,    0,    0,    0,    0,    0,    0,    0,    0,    0,    0,    0,    0,    0,    0,    0,    0,    0,    0,    0,    0,    0,    0,    0,    0,    0,    0,    0,    0,    0,    0,    0,    0,    0,    0,    0,    0,    0,    0,    0,    0,    0,    0,    0,    0,    0,    0,    0,    0,    0,    0],
        [  119,    0,    0,  655,  760,  397,  490,  165,  776,  321,  440,  534,  490,  111, 1087,  284,  474,  153,  749,  943,  174,  770,  551,  647,   74,  660,  398,  258,  886,  465,  423,  902,  239,  656,  699,  805,  103,  457,  395,  675,  433,  809,  424,  317,  731,  653,  897,  366,  966,  613,  694,  436,  551,  745,  696,  615,  894,  472,  484,  694,  953,  311,  313,  217,  414,  563,  286,  672,  435,  206,  571,  795,  994,  935,  740,  835,  690,  179,  541,  853,  436,  652,  829,  542,  457,  309,  841,  585, 1080,  616],
        [  675,    0,  655,    0,  137,  680,  319,  496,  393,  401,  598,  655,  437,  548,  441,  682,  245,  571,  152,  405,  489,  358,  439,  177,  607,  388,  589,  497,  242,  252,  505,  485,  609,  676,  397,  292,  601,  384,  317,  230,  395,  322,  264,  516,  298,   49,  337,  440,  349,  317,  654,  487,  639,  547,  360,  674,  538,  538,  534,  231,  680,  622,  357,  440,  302,  488,  749,  258,  462,  501,  687,  237,  347,  567,   89,  488,  268,  761,  626,  204,  248,  209,  179,  627,  325,  471,  206,  644,  428,  151],
        [  792,    0,  760,  137,    0,  815,  456,  608,  495,  531,  735,  664,  573,  650,  329,  813,  381,  691,  223,  449,  588,  458,  436,  153,  719,  347,  626,  570,  129,  388,  537,  567,  678,  808,  515,  369,  716,  415,  449,  180,  532,  403,  343,  649,  402,  114,  380,  491,  344,  445,  784,  624,  644,  667,  477,  808,  631,  557,  550,  168,  780,  755,  450,  544,  368,  482,  877,  208,  493,  586,  823,  304,  237,  653,  123,  588,  381,  880,  763,  180,  378,  175,   90,  633,  461,  603,  211,  641,  327,  161],
        [  287,    0,  397,  680,  815,    0,  373,  355,  574,  301,  108,  881,  276,  411, 1104,  121,  435,  267,  693,  788,  433,  587,  814,  769,  335,  881,  743,  568,  916,  428,  731,  679,  607,  289,  485,  671,  304,  705,  370,  818,  289,  657,  580,  176,  580,  705,  769,  646,  875,  452,  341,  206,  890,  452,  504,  242,  639,  788,  797,  832,  644,   94,  500,  421,  603,  846,  169,  828,  723,  509,  188,  695, 1013,  678,  737,  592,  554,  297,  182,  824,  442,  789,  850,  879,  358,  226,  793,  919, 1080,  728],
        [  455,    0,  490,  319,  456,  373,    0,  333,  289,  170,  282,  747,  120,  413,  732,  403,   92,  354,  322,  461,  378,  281,  593,  445,  421,  611,  632,  471,  547,   92,  577,  415,  567,  373,  219,  327,  400,  494,  111,  500,   85,  325,  330,  233,  245,  352,  425,  485,  517,  124,  365,  172,  743,  316,  209,  364,  418,  630,  633,  510,  509,  334,  323,  328,  372,  638,  475,  519,  548,  436,  370,  335,  641,  458,  367,  357,  207,  529,  310,  452,  136,  471,  480,  731,   34,  204,  422,  762,  707,  404],
        [  189,    0,  165,  496,  608,  355,  333,    0,  621,  167,  357,  527,  355,   82,  933,  277,  310,  105,  585,  780,   79,  612,  474,  508,  112,  561,  390,  214,  732,  301,  378,  748,  269,  563,  549,  642,  112,  367,  233,  544,  289,  647,  286,  212,  571,  498,  733,  296,  802,  457,  589,  316,  535,  613,  542,  528,  746,  435,  444,  562,  819,  262,  179,   78,  290,  500,  317,  545,  373,  155,  495,  630,  839,  787,  579,  687,  529,  277,  451,  690,  271,  518,  673,  524,  300,  183,  677,  565,  923,  473],
        [  732,    0,  776,  393,  495,  574,  289,  621,    0,  457,  467,  989,  312,  701,  652,  645,  334,  636,  274,  220,  663,   39,  800,  569,  706,  775,  890,  743,  522,  341,  822,  127,  846,  407,   90,  149,  684,  718,  394,  623,  348,  116,  558,  491,   96,  441,  223,  736,  346,  165,  358,  385,  980,  202,   81,  430,  150,  869,  869,  624,  288,  573,  588,  612,  604,  849,  716,  650,  786,  716,  473,  210,  579,  185,  373,   96,  131,  796,  427,  383,  387,  600,  466,  967,  322,  477,  337,  993,  611,  537],
        [  294,    0,  321,  401,  531,  301,  170,  167,  457,    0,  254,  641,  195,  248,  841,  282,  171,  190,  456,  627,  224,  450,  531,  470,  252,  585,  512,  338,  643,  162,  476,  583,  420,  431,  382,  490,  233,  422,   88,  518,  124,  491,  283,  125,  412,  418,  585,  383,  666,  293,  446,  175,  643,  450,  377,  403,  580,  532,  539,  532,  655,  227,  220,  181,  310,  568,  348,  528,  457,  292,  384,  488,  747,  621,  473,  520,  372,  373,  330,  576,  154,  489,  579,  630,  137,   76,  554,  667,  823,  429],
        [  344,    0,  440,  598,  735,  108,  282,  357,  467,  254,    0,  878,  175,  427, 1013,  201,  356,  292,  597,  682,  433,  481,  784,  704,  370,  836,  743,  565,  829,  350,  719,  573,  623,  217,  378,  567,  338,  675,  304,  756,  204,  552,  534,  146,  475,  627,  664,  628,  773,  349,  259,  111,  883,  350,  398,  176,  534,  776,  784,  768,  548,  138,  470,  409,  564,  820,  264,  769,  704,  510,  139,  594,  922,  573,  649,  486,  451,  376,  101,  730,  373,  726,  762,  871,  274,  188,  696,  910,  986,  662],
        [  647,    0,  534,  655,  664,  881,  747,  527,  989,  641,  878,    0,  827,  475,  942,  791,  668,  618,  805, 1057,  449,  963,  230,  512,  566,  347,  140,  314,  777,  664,  170, 1105,  296, 1070,  949,  932,  592,  274,  643,  491,  752,  955,  432,  732,  904,  617,  990,  263,  994,  844, 1085,  814,   30, 1062,  924, 1041, 1137,  121,  122,  507, 1250,  787,  428,  470,  386,  188,  812,  465,  203,  372, 1015,  886,  869, 1173,  732, 1078,  862,  712,  966,  834,  616,  490,  754,   34,  720,  692,  851,   62,  961,  516],
        [  428,    0,  490,  437,  573,  276,  120,  355,  312,  195,  175,  827,    0,  436,  840,  334,  208,  340,  423,  517,  417,  319,  693,  563,  417,  721,  703,  531,  660,  205,  659,  429,  614,  260,  225,  396,  390,  588,  189,  618,   76,  383,  430,  184,  305,  471,  494,  565,  599,  176,  262,   74,  826,  259,  236,  246,  409,  714,  719,  628,  466,  262,  399,  375,  468,  735,  406,  635,  634,  486,  251,  419,  750,  450,  480,  353,  278,  487,  191,  556,  242,  589,  593,  814,  126,  181,  522,  848,  812,  522],
        [  186,    0,  111,  548,  650,  411,  413,   82,  701,  248,  427,  475,  436,    0,  978,  317,  383,  145,  649,  854,   63,  690,  456,  536,   98,  558,  336,  171,  777,  374,  341,  827,  198,  638,  629,  715,  120,  356,  309,  565,  370,  722,  313,  286,  647,  544,  804,  271,  867,  536,  667,  395,  487,  694,  622,  601,  827,  395,  406,  584,  901,  318,  202,  109,  305,  474,  342,  562,  345,  111,  565,  700,  885,  868,  634,  767,  604,  268,  524,  747,  339,  541,  721,  476,  379,  262,  738,  519,  972,  505],
        [ 1114,    0, 1087,  441,  329, 1104,  732,  933,  652,  841, 1013,  942,  840,  978,    0, 1119,  677, 1012,  419,  490,  916,  616,  716,  463, 1044,  597,  930,  894,  202,  685,  840,  662, 1000, 1037,  709,  504, 1040,  724,  754,  462,  816,  536,  670,  950,  582,  436,  445,  809,  329,  678,  998,  903,  917,  852,  672, 1049,  743,  850,  840,  444,  894, 1056,  778,  871,  693,  755, 1187,  483,  797,  913, 1076,  449,   95,  748,  370,  723,  585, 1202, 1019,  286,  687,  473,  263,  908,  748,  907,  325,  906,   52,  483],
        [  169,    0,  284,  682,  813,  121,  403,  277,  645,  282,  201,  791,  334,  317, 1119,    0,  443,  175,  721,  849,  350,  652,  749,  745,  230,  830,  652,  483,  924,  435,  651,  759,  507,  405,  557,  723,  200,  642,  366,  789,  319,  714,  538,  172,  634,  700,  822,  572,  919,  504,  454,  261,  802,  549,  570,  360,  728,  707,  717,  805,  748,   73,  443,  351,  553,  776,   73,  796,  649,  423,  307,  737, 1026,  768,  750,  676,  603,  179,  293,  847,  435,  761,  859,  792,  380,  212,  821,  834, 1099,  705],
        [  462,    0,  474,  245,  381,  435,   92,  310,  334,  171,  356,  668,  208,  383,  677,  443,    0,  358,  286,  472,  337,  316,  505,  356,  412,  519,  560,  409,  484,   10,  499,  459,  513,  464,  282,  333,  397,  408,   84,  411,  153,  340,  244,  274,  267,  272,  424,  409,  498,  177,  457,  246,  663,  399,  262,  453,  476,  550,  552,  421,  583,  380,  255,  285,  288,  551,  512,  428,  467,  384,  456,  322,  584,  515,  308,  416,  224,  544,  396,  406,   54,  382,  418,  650,   84,  232,  384,  680,  657,  315],
        [  106,    0,  153,  571,  691,  267,  354,  105,  636,  190,  292,  618,  340,  145, 1012,  175,  358,    0,  642,  815,  176,  632,  577,  602,   80,  665,  479,  308,  812,  348,  476,  760,  341,  508,  555,  679,   51,  471,  274,  641,  289,  678,  384,  164,  599,  579,  774,  398,  855,  475,  543,  284,  629,  593,  556,  468,  747,  532,  542,  659,  801,  174,  280,  181,  392,  602,  213,  644,  475,  248,  427,  677,  918,  788,  650,  689,  560,  190,  392,  757,  331,  614,  750,  618,  323,  160,  739,  660,  999,  566],
        [  747,    0,  749,  152,  223,  693,  322,  585,  274,  456,  597,  805,  423,  649,  419,  721,  286,  642,    0,  253,  594,  236,  591,  323,  692,  536,  733,  626,  256,  295,  652,  346,  738,  624,  306,  147,  680,  533,  369,  371,  406,  181,  399,  550,  184,  196,  186,  581,  219,  261,  590,  488,  790,  458,  267,  632,  408,  688,  684,  368,  557,  653,  476,  542,  441,  640,  792,  400,  610,  620,  658,   86,  333,  431,  102,  366,  173,  829,  600,  134,  315,  353,  195,  778,  342,  513,  101,  795,  389,  301],
        [  916,    0,  943,  405,  449,  788,  461,  780,  220,  627,  682, 1057,  517,  854,  490,  849,  472,  815,  253,    0,  807,  201,  843,  571,  877,  783,  980,  859,  419,  481,  901,  177,  969,  623,  306,  140,  859,  784,  549,  616,  537,  137,  642,  686,  217,  447,   70,  825,  162,  347,  571,  590, 1042,  409,  284,  649,  259,  938,  936,  610,  406,  777,  704,  754,  686,  892,  921,  645,  860,  845,  693,  172,  438,  259,  340,  255,  255,  988,  646,  281,  517,  601,  384, 1030,  492,  663,  241, 1048,  442,  552],
        [  239,    0,  174,  489,  588,  433,  378,   79,  663,  224,  433,  449,  417,   63,  916,  350,  337,  176,  594,  807,    0,  650,  405,  474,  151,  502,  312,  136,  715,  329,  302,  790,  198,  637,  597,  668,  166,  302,  270,  503,  347,  677,  251,  288,  604,  483,  755,  223,  813,  499,  660,  386,  457,  673,  586,  603,  795,  358,  368,  522,  877,  340,  140,   54,  243,  428,  385,  501,  300,   77,  572,  649,  823,  836,  575,  735,  561,  324,  527,  690,  291,  479,  660,  446,  345,  254,  681,  487,  911,  442],
        [  731,    0,  770,  358,  458,  587,  281,  612,   39,  450,  481,  963,  319,  690,  616,  652,  316,  632,  236,  201,  650,    0,  770,  534,  701,  742,  867,  724,  484,  324,  797,  145,  829,  435,  107,  113,  679,  691,  382,  588,  347,   82,  532,  494,   62,  406,  194,  712,  315,  158,  389,  392,  953,  237,   84,  456,  182,  843,  842,  588,  324,  580,  569,  598,  578,  819,  724,  615,  760,  700,  496,  172,  542,  213,  336,  132,  101,  798,  448,  345,  368,  565,  427,  941,  314,  476,  299,  965,  576,  503],
        [  641,    0,  551,  439,  436,  814,  593,  474,  800,  531,  784,  230,  693,  456,  716,  749,  505,  577,  591,  843,  405,  770,    0,  285,  553,  134,  229,  293,  548,  503,  148,  909,  354,  950,  773,  725,  570,  110,  504,  261,  620,  752,  264,  645,  710,  397,  775,  186,  770,  671,  953,  699,  208,  902,  744,  928,  949,  137,  126,  278, 1076,  725,  316,  399,  225,   50,  789,  237,  119,  347,  914,  674,  641,  983,  510,  893,  670,  722,  858,  608,  458,  262,  525,  198,  573,  598,  628,  207,  733,  293],
        [  696,    0,  647,  177,  153,  769,  445,  508,  569,  470,  704,  512,  563,  536,  463,  745,  356,  602,  323,  571,  474,  534,  285,    0,  616,  214,  475,  433,  275,  359,  385,  661,  537,  816,  565,  467,  619,  264,  401,   57,  505,  497,  224,  594,  473,  129,  502,  346,  487,  475,  802,  598,  493,  712,  530,  808,  714,  405,  398,   66,  855,  696,  336,  436,  237,  333,  803,   82,  341,  458,  811,  408,  377,  743,  232,  664,  441,  785,  751,  324,  332,   32,  243,  482,  439,  545,  346,  491,  470,   42],
        [   89,    0,   74,  607,  719,  335,  421,  112,  706,  252,  370,  566,  417,   98, 1044,  230,  412,   80,  692,  877,  151,  701,  553,  616,    0,  653,  427,  267,  843,  402,  437,  831,  278,  586,  628,  740,   32,  452,  330,  649,  361,  742,  393,  244,  664,  609,  834,  368,  907,  544,  622,  363,  579,  672,  626,  546,  822,  491,  502,  668,  879,  246,  282,  180,  391,  572,  247,  649,  442,  209,  503,  733,  950,  863,  689,  763,  623,  174,  470,  800,  377,  624,  784,  569,  388,  236,  785,  612, 1034,  582],
        [  740,    0,  660,  388,  347,  881,  611,  561,  775,  585,  836,  347,  721,  558,  597,  830,  519,  665,  536,  783,  502,  742,  134,  214,  653,    0,  363,  407,  444,  520,  280,  873,  481,  981,  763,  679,  666,  204,  539,  169,  654,  709,  303,  706,  680,  341,  714,  298,  690,  666,  976,  741,  322,  903,  730,  965,  923,  269,  258,  179, 1059,  796,  388,  484,  279,  162,  877,  140,  246,  455,  958,  621,  527,  953,  443,  870,  645,  825,  900,  526,  480,  183,  433,  313,  597,  657,  554,  310,  618,  239],
        [  509,    0,  398,  589,  626,  743,  632,  390,  890,  512,  743,  140,  703,  336,  930,  652,  560,  479,  733,  980,  312,  867,  229,  475,  427,  363,    0,  178,  749,  555,   91, 1011,  162,  940,  842,  849,  453,  212,  524,  468,  628,  868,  340,  597,  810,  558,  917,  156,  936,  737,  958,  685,  154,  946,  821,  909, 1035,   98,  112,  487, 1140,  649,  309,  337,  295,  212,  673,  449,  134,  235,  881,  809,  849, 1073,  673,  975,  767,  576,  834,  782,  507,  460,  715,  145,  603,  559,  793,  188,  942,  468],
        [  355,    0,  258,  497,  570,  568,  471,  214,  743,  338,  565,  314,  531,  171,  894,  483,  409,  308,  626,  859,  136,  724,  293,  433,  267,  407,  178,    0,  698,  402,  171,  868,  113,  764,  687,  723,  290,  204,  361,  449,  457,  738,  234,  420,  672,  478,  801,  110,  841,  584,  783,  509,  322,  780,  670,  732,  883,  225,  236,  468,  979,  475,  157,  160,  202,  306,  512,  439,  177,   61,  704,  693,  805,  923,  585,  823,  628,  432,  656,  700,  357,  430,  652,  311,  440,  382,  701,  352,  896,  411],
        [  914,    0,  886,  242,  129,  916,  547,  732,  522,  643,  829,  777,  660,  777,  202,  924,  484,  812,  256,  419,  715,  484,  548,  275,  843,  444,  749,  698,    0,  491,  659,  567,  806,  877,  562,  378,  839,  539,  558,  287,  628,  414,  471,  756,  437,  234,  356,  618,  280,  511,  845,  718,  755,  712,  523,  883,  640,  676,  668,  271,  793,  862,  578,  670,  497,  592,  991,  313,  615,  715,  904,  314,  108,  655,  181,  607,  428, 1001,  845,  144,  490,  291,   67,  745,  558,  712,  190,  749,  198,  289],
        [  453,    0,  465,  252,  388,  428,   92,  301,  341,  162,  350,  664,  205,  374,  685,  435,   10,  348,  295,  481,  329,  324,  503,  359,  402,  520,  555,  402,  491,    0,  494,  467,  506,  463,  288,  342,  388,  405,   74,  414,  148,  349,  241,  265,  276,  278,  433,  404,  507,  183,  457,  241,  659,  402,  268,  451,  482,  546,  548,  424,  587,  372,  249,  276,  284,  548,  503,  431,  463,  376,  452,  332,  592,  521,  316,  422,  232,  534,  392,  415,   49,  385,  426,  646,   81,  223,  393,  677,  665,  318],
        [  524,    0,  423,  505,  537,  731,  577,  378,  822,  476,  719,  170,  659,  341,  840,  651,  499,  476,  652,  901,  302,  797,  148,  385,  437,  280,   91,  171,  659,  494,    0,  940,  209,  906,  780,  772,  460,  123,  474,  378,  584,  793,  266,  574,  739,  472,  836,   94,  851,  675,  918,  650,  168,  893,  756,  878,  969,   58,   66,  397, 1081,  639,  260,  312,  220,  145,  682,  359,   44,  231,  855,  730,  759, 1006,  587,  910,  697,  599,  804,  695,  446,  370,  626,  156,  551,  531,  707,  192,  852,  379],
        [  854,    0,  902,  485,  567,  679,  415,  748,  127,  583,  573, 1105,  429,  827,  662,  759,  459,  760,  346,  177,  790,  145,  909,  661,  831,  873, 1011,  868,  567,  467,  940,    0,  972,  473,  206,  199,  808,  833,  521,  713,  472,  166,  675,  612,  202,  533,  219,  856,  335,  292,  417,  500, 1095,  254,  206,  506,   83,  985,  985,  711,  233,  687,  712,  739,  721,  959,  829,  741,  903,  842,  556,  264,  603,   89,  446,   93,  244,  916,  518,  424,  512,  693,  520, 1083,  449,  601,  378, 1106,  616,  634],
        [  355,    0,  239,  609,  678,  607,  567,  269,  846,  420,  623,  296,  614,  198, 1000,  507,  513,  341,  738,  969,  198,  829,  354,  537,  278,  481,  162,  113,  806,  506,  209,  972,    0,  831,  785,  832,  307,  289,  457,  547,  543,  846,  345,  480,  778,  589,  912,  195,  953,  684,  857,  583,  313,  869,  771,  796,  983,  247,  261,  567, 1072,  515,  266,  241,  312,  353,  521,  534,  236,  132,  761,  804,  912, 1023,  697,  923,  734,  417,  719,  812,  462,  531,  761,  305,  535,  450,  813,  348, 1003,  518],
        [  560,    0,  656,  676,  808,  289,  373,  563,  407,  431,  217, 1070,  260,  638, 1037,  405,  464,  508,  624,  623,  637,  435,  950,  816,  586,  981,  940,  764,  877,  463,  906,  473,  831,    0,  332,  544,  555,  844,  447,  872,  330,  517,  689,  352,  458,  715,  628,  813,  750,  367,   62,  256, 1073,  220,  367,   47,  411,  962,  968,  881,  373,  352,  648,  605,  726,  991,  456,  891,  885,  712,  106,  591,  955,  443,  701,  381,  453,  583,  116,  754,  501,  844,  812, 1061,  385,  383,  713, 1097, 1002,  776],
        [  649,    0,  699,  397,  515,  485,  219,  549,   90,  382,  378,  949,  225,  629,  709,  557,  282,  555,  306,  306,  597,  107,  773,  565,  628,  763,  842,  687,  562,  288,  780,  206,  785,  332,    0,  212,  604,  684,  329,  621,  267,  187,  520,  406,  128,  444,  300,  690,  419,  106,  290,  297,  942,  153,   40,  351,  199,  830,  831,  625,  303,  485,  535,  547,  565,  821,  628,  646,  747,  654,  390,  261,  630,  240,  397,  139,  136,  711,  341,  430,  336,  596,  500,  930,  252,  396,  386,  958,  672,  530],
        [  781,    0,  805,  292,  369,  671,  327,  642,  149,  490,  567,  932,  396,  715,  504,  723,  333,  679,  147,  140,  668,  113,  725,  467,  740,  679,  849,  723,  378,  342,  772,  199,  832,  544,  212,    0,  722,  658,  411,  517,  406,   36,  510,  557,   93,  338,   99,  694,  209,  221,  499,  469,  919,  349,  179,  562,  265,  813,  811,  514,  417,  651,  567,  615,  555,  775,  795,  546,  732,  707,  598,   67,  431,  285,  248,  229,  121,  856,  546,  237,  378,  498,  326,  907,  357,  531,  191,  927,  464,  442],
        [   78,    0,  103,  601,  716,  304,  400,  112,  684,  233,  338,  592,  390,  120, 1040,  200,  397,   51,  680,  859,  166,  679,  570,  619,   32,  666,  453,  290,  839,  388,  460,  808,  307,  555,  604,  722,    0,  467,  315,  655,  337,  723,  397,  214,  644,  606,  817,  387,  894,  522,  591,  334,  605,  643,  604,  514,  796,  514,  525,  673,  851,  214,  288,  186,  399,  591,  223,  655,  462,  230,  471,  718,  946,  838,  682,  739,  605,  166,  439,  791,  366,  629,  779,  595,  368,  210,  775,  637, 1029,  584],
        [  540,    0,  457,  384,  415,  705,  494,  367,  718,  422,  675,  274,  588,  356,  724,  642,  408,  471,  533,  784,  302,  691,  110,  264,  452,  204,  212,  204,  539,  405,  123,  833,  289,  844,  684,  658,  467,    0,  399,  263,  515,  681,  165,  535,  632,  350,  718,   97,  729,  579,  849,  592,  263,  807,  657,  821,  867,  155,  153,  283,  986,  616,  206,  291,  122,  147,  683,  247,   79,  251,  806,  613,  640,  902,  465,  809,  590,  624,  750,  573,  358,  251,  504,  250,  471,  488,  586,  275,  733,  257],
        [  379,    0,  395,  317,  449,  370,  111,  233,  394,   88,  304,  643,  189,  309,  754,  366,   84,  274,  369,  549,  270,  382,  504,  401,  330,  539,  524,  361,  558,   74,  474,  521,  457,  447,  329,  411,  315,  399,    0,  453,  117,  415,  243,  200,  339,  337,  504,  380,  581,  230,  450,  203,  641,  422,  316,  427,  527,  528,  532,  465,  619,  306,  216,  219,  280,  546,  433,  466,  447,  326,  420,  404,  660,  568,  386,  467,  297,  461,  361,  488,   72,  423,  493,  628,   80,  155,  467,  662,  736,  360],
        [  732,    0,  675,  230,  180,  818,  500,  544,  623,  518,  756,  491,  618,  565,  462,  789,  411,  641,  371,  616,  503,  588,  261,   57,  649,  169,  468,  449,  287,  414,  378,  713,  547,  872,  621,  517,  655,  263,  453,    0,  559,  549,  258,  642,  527,  182,  547,  353,  522,  532,  859,  651,  469,  768,  586,  863,  768,  390,  382,   20,  910,  743,  368,  470,  261,  306,  846,   30,  335,  480,  865,  457,  382,  796,  276,  718,  496,  820,  805,  358,  384,   30,  267,  459,  494,  593,  385,  464,  475,   97],
        [  385,    0,  433,  395,  532,  289,   85,  289,  348,  124,  204,  752,   76,  370,  816,  319,  153,  289,  406,  537,  347,  347,  620,  505,  361,  654,  628,  457,  628,  148,  584,  472,  543,  330,  267,  406,  337,  515,  117,  559,    0,  400,  359,  151,  320,  424,  504,  490,  600,  191,  336,   94,  751,  327,  268,  312,  461,  639,  644,  570,  532,  249,  325,  303,  396,  662,  391,  575,  560,  414,  308,  418,  724,  503,  449,  403,  285,  453,  248,  536,  177,  530,  562,  739,   71,  130,  507,  774,  792,  464],
        [  780,    0,  809,  322,  403,  657,  325,  647,  116,  491,  552,  955,  383,  722,  536,  714,  340,  678,  181,  137,  677,   82,  752,  497,  742,  709,  868,  738,  414,  349,  793,  166,  846,  517,  187,   36,  723,  681,  415,  549,  400,    0,  530,  550,   81,  369,  114,  713,  234,  211,  471,  457,  943,  317,  157,  537,  229,  835,  834,  546,  381,  642,  581,  624,  575,  801,  786,  577,  754,  719,  575,  102,  465,  251,  282,  193,  119,  852,  525,  272,  388,  529,  362,  931,  356,  527,  226,  952,  495,  471],
        [  475,    0,  424,  264,  343,  580,  330,  286,  558,  283,  534,  432,  430,  313,  670,  538,  244,  384,  399,  642,  251,  532,  264,  224,  393,  303,  340,  234,  471,  241,  266,  675,  345,  689,  520,  510,  397,  165,  243,  258,  359,  530,    0,  405,  474,  246,  579,  185,  610,  415,  690,  442,  424,  642,  494,  669,  705,  312,  313,  276,  822,  498,  112,  213,   47,  308,  592,  260,  229,  244,  659,  472,  579,  742,  352,  647,  431,  563,  602,  467,  195,  232,  421,  411,  310,  355,  469,  439,  669,  192],
        [  245,    0,  317,  516,  649,  176,  233,  212,  491,  125,  146,  732,  184,  286,  950,  172,  274,  164,  550,  686,  288,  494,  645,  594,  244,  706,  597,  420,  756,  265,  574,  612,  480,  352,  406,  557,  214,  535,  200,  642,  151,  550,  405,    0,  470,  537,  655,  484,  749,  340,  382,  121,  738,  431,  413,  316,  591,  631,  639,  657,  638,  107,  330,  263,  430,  679,  243,  653,  561,  365,  284,  567,  857,  633,  581,  536,  436,  305,  240,  676,  271,  613,  690,  726,  209,   50,  650,  765,  929,  553],
        [  700,    0,  731,  298,  402,  580,  245,  571,   96,  412,  475,  904,  305,  647,  582,  634,  267,  599,  184,  217,  604,   62,  710,  473,  664,  680,  810,  672,  437,  276,  739,  202,  778,  458,  128,   93,  644,  632,  339,  527,  320,   81,  474,  470,    0,  346,  190,  655,  301,  131,  417,  378,  894,  276,   91,  473,  243,  784,  784,  528,  383,  562,  516,  551,  520,  759,  706,  554,  702,  650,  508,  134,  503,  274,  280,  191,   44,  772,  455,  303,  318,  505,  378,  881,  277,  447,  259,  905,  545,  442],
        [  681,    0,  653,   49,  114,  705,  352,  498,  441,  418,  627,  617,  471,  544,  436,  700,  272,  579,  196,  447,  483,  406,  397,  129,  609,  341,  558,  478,  234,  278,  472,  533,  589,  715,  444,  338,  606,  350,  337,  182,  424,  369,  246,  537,  346,    0,  379,  413,  380,  360,  695,  518,  600,  593,  407,  711,  586,  502,  498,  183,  728,  642,  347,  437,  278,  446,  764,  210,  429,  488,  722,  281,  342,  614,  116,  536,  315,  768,  661,  226,  266,  161,  178,  589,  354,  490,  236,  603,  428,  106],
        [  878,    0,  897,  337,  380,  769,  425,  733,  223,  585,  664,  990,  494,  804,  445,  822,  424,  774,  186,   70,  755,  194,  775,  502,  834,  714,  917,  801,  356,  433,  836,  219,  912,  628,  300,   99,  817,  718,  504,  547,  504,  114,  579,  655,  190,  379,    0,  763,  124,  319,  581,  567,  975,  423,  271,  650,  299,  873,  870,  540,  451,  750,  647,  702,  623,  825,  894,  576,  795,  790,  689,  109,  385,  306,  271,  280,  220,  953,  639,  215,  466,  532,  317,  963,  454,  628,  173,  980,  400,  484],
        [  457,    0,  366,  440,  491,  646,  485,  296,  736,  383,  628,  263,  565,  271,  809,  572,  409,  398,  581,  825,  223,  712,  186,  346,  368,  298,  156,  110,  618,  404,   94,  856,  195,  813,  690,  694,  387,   97,  380,  353,  490,  713,  185,  484,  655,  413,  763,    0,  788,  585,  825,  557,  262,  800,  668,  785,  881,  150,  156,  373,  990,  554,  166,  225,  141,  205,  607,  340,   78,  162,  764,  655,  722,  919,  525,  822,  612,  537,  712,  638,  356,  338,  577,  249,  458,  440,  645,  285,  815,  331],
        [  959,    0,  966,  349,  344,  875,  517,  802,  346,  666,  773,  994,  599,  867,  329,  919,  498,  855,  219,  162,  813,  315,  770,  487,  907,  690,  936,  841,  280,  507,  851,  335,  953,  750,  419,  209,  894,  729,  581,  522,  600,  234,  610,  749,  301,  380,  124,  788,    0,  424,  703,  671,  976,  546,  387,  770,  417,  881,  876,  512,  566,  848,  693,  761,  649,  818,  991,  551,  808,  838,  807,  182,  281,  420,  265,  403,  322, 1039,  755,  165,  531,  513,  262,  965,  542,  717,  144,  977,  282,  479],
        [  574,    0,  613,  317,  445,  452,  124,  457,  165,  293,  349,  844,  176,  536,  678,  504,  177,  475,  261,  347,  499,  158,  671,  475,  544,  666,  737,  584,  511,  183,  675,  292,  684,  367,  106,  221,  522,  579,  230,  532,  191,  211,  415,  340,  131,  360,  319,  585,  424,    0,  339,  249,  837,  238,   87,  373,  300,  725,  726,  537,  408,  432,  431,  448,  460,  718,  576,  555,  642,  554,  398,  245,  593,  340,  335,  240,  102,  643,  341,  393,  231,  505,  446,  825,  158,  320,  355,  853,  647,  438],
        [  602,    0,  694,  654,  784,  341,  365,  589,  358,  446,  259, 1085,  262,  667,  998,  454,  457,  543,  590,  571,  660,  389,  953,  802,  622,  976,  958,  783,  845,  457,  918,  417,  857,   62,  290,  499,  591,  849,  450,  859,  336,  471,  690,  382,  417,  695,  581,  825,  703,  339,    0,  275, 1086,  164,  327,  105,  351,  974,  979,  866,  313,  396,  659,  625,  729,  996,  509,  879,  895,  734,  164,  550,  918,  383,  672,  325,  418,  632,  161,  717,  498,  831,  781, 1073,  382,  407,  675, 1109,  961,  763],
        [  364,    0,  436,  487,  624,  206,  172,  316,  385,  175,  111,  814,   74,  395,  903,  261,  246,  284,  488,  590,  386,  392,  699,  598,  363,  741,  685,  509,  718,  241,  650,  500,  583,  256,  297,  469,  334,  592,  203,  651,   94,  457,  442,  121,  378,  518,  567,  557,  671,  249,  275,    0,  817,  311,  309,  230,  475,  706,  712,  663,  518,  188,  393,  350,  476,  739,  332,  667,  630,  459,  218,  490,  812,  516,  538,  420,  350,  418,  160,  620,  268,  622,  651,  805,  164,  134,  588,  841,  876,  557],
        [  662,    0,  551,  639,  644,  890,  743,  535,  980,  643,  883,   30,  826,  487,  917,  802,  663,  629,  790, 1042,  457,  953,  208,  493,  579,  322,  154,  322,  755,  659,  168, 1095,  313, 1073,  942,  919,  605,  263,  641,  469,  751,  943,  424,  738,  894,  600,  975,  262,  976,  837, 1086,  817,    0, 1059,  917, 1045, 1128,  114,  112,  484, 1245,  796,  427,  475,  378,  164,  825,  443,  196,  382, 1020,  872,  845, 1164,  714, 1070,  852,  729,  970,  815,  611,  469,  733,   13,  718,  697,  833,   36,  937,  498],
        [  673,    0,  745,  547,  667,  452,  316,  613,  202,  450,  350, 1062,  259,  694,  852,  549,  399,  593,  458,  409,  673,  237,  902,  712,  672,  903,  946,  780,  712,  402,  893,  254,  869,  220,  153,  349,  643,  807,  422,  768,  327,  317,  642,  431,  276,  593,  423,  800,  546,  238,  164,  311, 1059,    0,  192,  254,  194,  945,  948,  773,  208,  480,  638,  629,  686,  949,  613,  792,  863,  740,  306,  406,  777,  230,  549,  162,  288,  719,  277,  577,  449,  742,  652, 1046,  344,  438,  533, 1077,  812,  675],
        [  652,    0,  696,  360,  477,  504,  209,  542,   81,  377,  398,  924,  236,  622,  672,  570,  262,  556,  267,  284,  586,   84,  744,  530,  626,  730,  821,  670,  523,  268,  756,  206,  771,  367,   40,  179,  604,  657,  316,  586,  268,  157,  494,  413,   91,  407,  271,  668,  387,   87,  327,  309,  917,  192,    0,  384,  215,  805,  806,  589,  332,  497,  516,  535,  539,  792,  641,  611,  722,  640,  420,  224,  592,  254,  358,  155,   97,  718,  369,  391,  315,  561,  461,  904,  243,  398,  348,  932,  635,  495],
        [  516,    0,  615,  674,  808,  242,  364,  528,  430,  403,  176, 1041,  246,  601, 1049,  360,  453,  468,  632,  649,  603,  456,  928,  808,  546,  965,  909,  732,  883,  451,  878,  506,  796,   47,  351,  562,  514,  821,  427,  863,  312,  537,  669,  316,  473,  711,  650,  785,  770,  373,  105,  230, 1045,  254,  384,    0,  447,  935,  941,  873,  417,  308,  622,  573,  704,  968,  410,  881,  859,  679,   60,  605,  964,  480,  705,  413,  465,  538,   77,  764,  486,  834,  817, 1032,  371,  351,  724, 1070, 1015,  767],
        [  836,    0,  894,  538,  631,  639,  418,  746,  150,  580,  534, 1137,  409,  827,  743,  728,  476,  747,  408,  259,  795,  182,  949,  714,  822,  923, 1035,  883,  640,  482,  969,   83,  983,  411,  199,  265,  796,  867,  527,  768,  461,  229,  705,  591,  243,  586,  299,  881,  417,  300,  351,  475, 1128,  194,  215,  447,    0, 1017, 1017,  768,  154,  657,  730,  746,  751,  998,  795,  795,  934,  852,  500,  331,  681,   42,  509,   61,  280,  892,  469,  497,  529,  746,  590, 1116,  451,  587,  451, 1142,  697,  684],
        [  576,    0,  472,  538,  557,  788,  630,  435,  869,  532,  776,  121,  714,  395,  850,  707,  550,  532,  688,  938,  358,  843,  137,  405,  491,  269,   98,  225,  676,  546,   58,  985,  247,  962,  830,  813,  514,  155,  528,  390,  639,  835,  312,  631,  784,  502,  873,  150,  881,  725,  974,  706,  114,  945,  805,  935, 1017,    0,   14,  408, 1132,  695,  315,  370,  266,  115,  736,  368,   83,  285,  912,  767,  772, 1053,  617,  958,  742,  650,  861,  722,  498,  386,  647,  101,  604,  589,  737,  136,  864,  404],
        [  588,    0,  484,  534,  550,  797,  633,  444,  869,  539,  784,  122,  719,  406,  840,  717,  552,  542,  684,  936,  368,  842,  126,  398,  502,  258,  112,  236,  668,  548,   66,  985,  261,  968,  831,  811,  525,  153,  532,  382,  644,  834,  313,  639,  784,  498,  870,  156,  876,  726,  979,  712,  112,  948,  806,  941, 1017,   14,    0,  399, 1133,  705,  321,  378,  267,  102,  747,  359,   86,  296,  919,  765,  763, 1053,  613,  959,  742,  662,  868,  717,  500,  378,  640,   99,  608,  596,  732,  130,  856,  398],
        [  750,    0,  694,  231,  168,  832,  510,  562,  624,  532,  768,  507,  628,  584,  444,  805,  421,  659,  368,  610,  522,  588,  278,   66,  668,  179,  487,  468,  271,  424,  397,  711,  567,  881,  625,  514,  673,  283,  465,   20,  570,  546,  276,  657,  528,  183,  540,  373,  512,  537,  866,  663,  484,  773,  589,  873,  768,  408,  399,    0,  911,  758,  386,  488,  281,  321,  862,   42,  354,  499,  876,  453,  364,  795,  271,  719,  498,  838,  816,  347,  396,   45,  255,  474,  504,  607,  376,  478,  457,  107],
        [  879,    0,  953,  680,  780,  644,  509,  819,  288,  655,  548, 1250,  466,  901,  894,  748,  583,  801,  557,  406,  877,  324, 1076,  855,  879, 1059, 1140,  979,  793,  587, 1081,  233, 1072,  373,  303,  417,  851,  986,  619,  910,  532,  381,  822,  638,  383,  728,  451,  990,  566,  408,  313,  518, 1245,  208,  332,  417,  154, 1132, 1133,  911,    0,  682,  832,  831,  867, 1123,  810,  936, 1049,  941,  476,  483,  834,  148,  658,  193,  415,  922,  463,  651,  635,  886,  742, 1232,  540,  645,  604, 1261,  847,  823],
        [  208,    0,  311,  622,  755,   94,  334,  262,  573,  227,  138,  787,  262,  318, 1056,   73,  380,  174,  653,  777,  340,  580,  725,  696,  246,  796,  649,  475,  862,  372,  639,  687,  515,  352,  485,  651,  214,  616,  306,  743,  249,  642,  498,  107,  562,  642,  750,  554,  848,  432,  396,  188,  796,  480,  497,  308,  657,  695,  705,  758,  682,    0,  412,  329,  518,  755,  145,  752,  631,  415,  261,  667,  963,  697,  687,  605,  531,  240,  237,  781,  377,  714,  797,  785,  312,  153,  754,  826, 1035,  656],
        [  365,    0,  313,  357,  450,  500,  323,  179,  588,  220,  470,  428,  399,  202,  778,  443,  255,  280,  476,  704,  140,  569,  316,  336,  282,  388,  309,  157,  578,  249,  260,  712,  266,  648,  535,  567,  288,  206,  216,  368,  325,  581,  112,  330,  516,  347,  647,  166,  693,  431,  659,  393,  427,  638,  516,  622,  730,  315,  321,  386,  832,  412,    0,  103,  112,  350,  491,  368,  238,  145,  603,  539,  686,  769,  445,  670,  472,  453,  550,  560,  202,  343,  524,  415,  295,  283,  556,  450,  774,  304],
        [  263,    0,  217,  440,  544,  421,  328,   78,  612,  181,  409,  470,  375,  109,  871,  351,  285,  181,  542,  754,   54,  598,  399,  436,  180,  484,  337,  160,  670,  276,  312,  739,  241,  605,  547,  615,  186,  291,  219,  470,  303,  624,  213,  263,  551,  437,  702,  225,  761,  448,  625,  350,  475,  629,  535,  573,  746,  370,  378,  488,  831,  329,  103,    0,  213,  427,  394,  470,  303,  112,  546,  596,  778,  786,  526,  685,  508,  351,  498,  639,  238,  445,  613,  463,  296,  223,  630,  503,  864,  403],
        [  476,    0,  414,  302,  368,  603,  372,  290,  604,  310,  564,  386,  468,  305,  693,  553,  288,  392,  441,  686,  243,  578,  225,  237,  391,  279,  295,  202,  497,  284,  220,  721,  312,  726,  565,  555,  399,  122,  280,  261,  396,  575,   47,  430,  520,  278,  623,  141,  649,  460,  729,  476,  378,  686,  539,  704,  751,  266,  267,  281,  867,  518,  112,  213,    0,  267,  602,  259,  183,  222,  692,  515,  603,  788,  389,  693,  477,  563,  635,  502,  237,  238,  450,  365,  350,  381,  507,  394,  694,  211],
        [  660,    0,  563,  488,  482,  846,  638,  500,  849,  568,  820,  188,  735,  474,  755,  776,  551,  602,  640,  892,  428,  819,   50,  333,  572,  162,  212,  306,  592,  548,  145,  959,  353,  991,  821,  775,  591,  147,  546,  306,  662,  801,  308,  679,  759,  446,  825,  205,  818,  718,  996,  739,  164,  949,  792,  968,  998,  115,  102,  321, 1123,  755,  350,  427,  267,    0,  812,  279,  130,  364,  952,  724,  682, 1032,  559,  942,  719,  738,  897,  656,  502,  308,  571,  155,  617,  633,  676,  159,  774,  342],
        [  167,    0,  286,  749,  877,  169,  475,  317,  716,  348,  264,  812,  406,  342, 1187,   73,  512,  213,  792,  921,  385,  724,  789,  803,  247,  877,  673,  512,  991,  503,  682,  829,  521,  456,  628,  795,  223,  683,  433,  846,  391,  786,  592,  243,  706,  764,  894,  607,  991,  576,  509,  332,  825,  613,  641,  410,  795,  736,  747,  862,  810,  145,  491,  394,  602,  812,    0,  851,  683,  452,  354,  809, 1093,  835,  819,  745,  675,  139,  350,  917,  502,  818,  926,  816,  451,  281,  892,  858, 1168,  765],
        [  733,    0,  672,  258,  208,  828,  519,  545,  650,  528,  769,  465,  635,  562,  483,  796,  428,  644,  400,  645,  501,  615,  237,   82,  649,  140,  449,  439,  313,  431,  359,  741,  534,  891,  646,  546,  655,  247,  466,   30,  575,  577,  260,  653,  554,  210,  576,  340,  551,  555,  879,  667,  443,  792,  611,  881,  795,  368,  359,   42,  936,  752,  368,  470,  259,  279,  851,    0,  317,  473,  882,  486,  405,  824,  305,  745,  522,  821,  822,  387,  399,   51,  296,  433,  511,  603,  414,  437,  497,  118],
        [  530,    0,  435,  462,  493,  723,  548,  373,  786,  457,  704,  203,  634,  345,  797,  649,  467,  475,  610,  860,  300,  760,  119,  341,  442,  246,  134,  177,  615,  463,   44,  903,  236,  885,  747,  732,  462,   79,  447,  335,  560,  754,  229,  561,  702,  429,  795,   78,  808,  642,  895,  630,  196,  863,  722,  859,  934,   83,   86,  354, 1049,  631,  238,  303,  183,  130,  683,  317,    0,  234,  839,  689,  715,  970,  544,  875,  659,  609,  786,  652,  415,  326,  582,  184,  523,  516,  664,  215,  808,  335],
