{
    "name": "random-61-24280",
    "comment": "size=61 seed=24280",
    "nodes": ["+0", "-0", "+1", "-1", "+2", "-2", "+3", "-3", "+4", "-4", "+5", "-5", "+6", "-6", "+7", "-7", "+8", "-8", "+9", "-9", "+10", "-10", "+11", "-11", "+12", "-12", "+13", "-13", "+14", "-14", "+15", "-15", "+16", "-16", "+17", "-17", "+18", "-18", "+19", "-19", "+20", "-20", "+21", "-21", "+22", "-22", "+23", "-23", "+24", "-24", "+25", "-25", "+26", "-26", "+27", "-27", "+28", "-28", "+29", "-29", "+30", "-30", "+31", "-31", "+32", "-32", "+33", "-33", "+34", "-34", "+35", "-35", "+36", "-36", "+37", "-37", "+38", "-38", "+39", "-39", "+40", "-40", "+41", "-41", "+42", "-42", "+43", "-43", "+44", "-44", "+45", "-45", "+46", "-46", "+47", "-47", "+48", "-48", "+49", "-49", "+50", "-50", "+51", "-51", "+52", "-52", "+53", "-53", "+54", "-54", "+55", "-55", "+56", "-56", "+57", "-57", "+58", "-58", "+59", "-59", "+60", "-60", "+61", "-61"],
    "precedence": {
        "+0": "-0",
        "+1": "-1",
        "+2": "-2",
        "+3": "-3",
        "+4": "-4",
        "+5": "-5",
        "+6": "-6",
        "+7": "-7",
        "+8": "-8",
        "+9": "-9",
        "+10": "-10",
        "+11": "-11",
        "+12": "-12",
        "+13": "-13",
        "+14": "-14",
        "+15": "-15",
        "+16": "-16",
        "+17": "-17",
        "+18": "-18",
        "+19": "-19",
        "+20": "-20",
        "+21": "-21",
        "+22": "-22",
        "+23": "-23",
        "+24": "-24",
        "+25": "-25",
        "+26": "-26",
        "+27": "-27",
        "+28": "-28",
        "+29": "-29",
        "+30": "-30",
        "+31": "-31",
        "+32": "-32",
        "+33": "-33",
        "+34": "-34",
        "+35": "-35",
        "+36": "-36",
        "+37": "-37",
        "+38": "-38",
        "+39": "-39",
        "+40": "-40",
        "+41": "-41",
        "+42": "-42",
        "+43": "-43",
        "+44": "-44",
        "+45": "-45",
        "+46": "-46",
        "+47": "-47",
        "+48": "-48",
        "+49": "-49",
        "+50": "-50",
        "+51": "-51",
        "+52": "-52",
        "+53": "-53",
        "+54": "-54",
        "+55": "-55",
        "+56": "-56",
        "+57": "-57",
        "+58": "-58",
        "+59": "-59",
        "+60": "-60",
        "+61": "-61"
    },
    "edges": [
        [    0,    0,  525,  532,  602,   42,  433,  414,  275,  688,  618,  822,  692,  550,  605,  796,  518,  651,  812,  965, 1046,  188,  690,  517,  659,  663, 1046,  825,  691,  131,  694,  880,  742,  733,  777,  135,  565,  690,  859,  550,  886,  952,  885,  765, 1110,  149,  856,  763,  795,  527,  836,  625,  382,  636,  387,  286,  561, 1046,  921,  330,  582,  814,  291,  835,  929,  307,  822,  674,  414,  859,  709,  776, 1071,  507,  506,  916,  512,  787,  465, 1066,  520,  940,  797,  388,  747,  377,  666,  896,  506,  853,  999,  890,  272,  582,  777,  830,  767,  613,  254,  762,  658,  578,  434,  835,  421,  892,  783,  665,   87,  414,  634,  480, 1002,  902,  555,  685,  786, 1002,  752,  814, 1050,  935,  889,  665],
        [    0,    0,    0,    0,    0,    0,    0,    0,    0,    0,    0,    0,    0,    0,    0,    0,    0,    0,    0,    0,    0,    0,    0,    0,    0,    0,    0,    0,    0,    0,    0,    0,    0,    0,    0,    0,    0,    0,    0,    0,    0,    0,    0,    0,    0,    0,    0,    0,    0,    0,    0,    0,    0,    0,    0,    0,    0,    0,    0,    0,    0,    0,    0,    0,    0,    0,    0,    0,    0,    0,    0,    0,    0,    0,    0,    0,    0,    0,    0,    0,    0,    0,    0,    0,    0,    0,    0,    0,    0,    0,    0,    0,    0,    0,    0,    0,    0,    0,    0,    0,    0,    0,    0,    0,    0,    0,    0,    0,    0,    0,    0,    0,    0,    0,    0,    0,    0,    0,    0,    0,    0,    0,    0,    0],
        [  525,    0,    0,  279,  207,  557,  234,  119,  250,  282,  610,  480,  658,  330,  544,  346,  367,  442,  293,  531,  553,  337,  428,  213,  369,  449,  581,  818,  217,  423,  332,  661,  345,  230,  656,  410,   62,  362,  420,  331,  373,  432,  514,  269,  703,  519,  695,  708,  294,  593,  312,  290,  352,  509,  455,  375,  476,  611,  483,  317,  322,  700,  309,  311,  406,  539,  472,  150,  136,  397,  518,  257,  565,  230,  112,  398,  469,  268,  400,  674,  124,  482,  515,  521,  744,  215,  161,  451,  514,  492,  663,  576,  535,  122,  253,  431,  459,  649,  298,  239,  242,  250,  115,  499,  314,  656,  455,  255,  506,  524,  340,   46,  502,  430,  657,  190,  407,  516,  278,  732,  697,  545,  507,  166],
        [  532,    0,  279,    0,  485,  547,  107,  239,  325,  180,  846,  757,  904,  591,  789,  294,  615,  710,  488,  441,  766,  380,  703,   67,  644,  718,  817, 1065,  480,  490,  610,  937,  620,  466,  919,  474,  336,  640,  680,  592,  572,  524,  787,  507,  963,  600,  966,  961,  524,  806,  484,   98,  554,  766,  648,  263,  721,  862,  400,  205,  590,  964,  464,  464,  524,  685,  748,  345,  208,  648,  788,  378,  758,  490,  379,  486,  701,  469,  628,  938,  156,  729,  793,  702,  987,  176,  274,  706,  736,  767,  938,  854,  667,  194,  409,  702,  737,  876,  288,  383,  168,   67,  336,  777,  536,  933,  733,  532,  472,  714,  615,  265,  710,  672,  865,  268,  682,  739,  280,  991,  969,  814,  779,  420],
        [  602,    0,  207,  485,    0,  640,  431,  285,  357,  466,  460,  277,  493,  168,  387,  499,  225,  253,  277,  673,  451,  432,  227,  419,  167,  258,  445,  647,  114,  476,  127,  457,  153,  182,  468,  469,  154,  155,  259,  170,  323,  477,  319,  195,  528,  542,  497,  532,  225,  473,  318,  490,  289,  335,  380,  539,  325,  451,  627,  491,  142,  511,  320,  337,  435,  501,  270,  230,  315,  258,  325,  336,  485,  111,  120,  455,  338,  257,  287,  491,  331,  339,  308,  448,  580,  395,  303,  296,  390,  294,  463,  371,  510,  315,  301,  244,  253,  508,  435,  308,  429,  454,  195,  296,  235,  450,  249,   65,  612,  440,  141,  226,  414,  302,  538,  335,  211,  405,  425,  548,  502,  358,  316,  138],
        [   42,    0,  557,  547,  640,    0,  451,  443,  307,  708,  656,  863,  730,  591,  644,  818,  559,  692,  846,  983, 1083,  221,  731,  537,  700,  704, 1084,  861,  728,  172,  734,  921,  781,  768,  816,  175,  599,  731,  898,  591,  920,  981,  926,  801, 1150,  183,  896,  801,  831,  564,  868,  641,  423,  677,  426,  293,  602, 1086,  940,  343,  623,  853,  332,  867,  960,  341,  863,  706,  441,  897,  750,  805, 1107,  547,  543,  944,  552,  821,  506, 1106,  545,  979,  838,  425,  783,  399,  695,  935,  545,  894, 1040,  931,  306,  609,  808,  869,  808,  649,  277,  792,  680,  596,  470,  875,  462,  933,  824,  704,   81,  451,  675,  511, 1039,  940,  589,  712,  826, 1039,  776,  852, 1091,  975,  929,  700],
        [  433,    0,  234,  107,  431,  451,    0,  156,  219,  259,  754,  707,  815,  513,  700,  371,  531,  636,  494,  533,  769,  273,  636,   88,  580,  645,  807,  975,  450,  384,  557,  870,  576,  452,  839,  368,  295,  582,  652,  514,  578,  569,  745,  493,  936,  493,  891,  874,  514,  708,  499,  193,  457,  683,  547,  183,  632,  842,  490,  119,  518,  884,  361,  485,  560,  579,  700,  342,  122,  627,  713,  405,  770,  415,  315,  531,  609,  472,  536,  907,  135,  712,  732,  599,  896,   70,  292,  682,  641,  722,  892,  801,  561,  198,  426,  663,  680,  781,  183,  403,  233,  146,  257,  726,  445,  869,  679,  485,  379,  612,  550,  205,  714,  658,  765,  297,  637,  736,  339,  908,  928,  778,  739,  395],
        [  414,    0,  119,  239,  285,  443,  156,    0,  142,  317,  607,  560,  665,  358,  550,  408,  378,  481,  411,  590,  670,  226,  482,  182,  426,  490,  693,  826,  326,  322,  409,  716,  435,  346,  685,  308,  174,  431,  524,  359,  491,  539,  603,  385,  805,  426,  736,  723,  411,  571,  429,  290,  319,  530,  416,  262,  482,  717,  543,  208,  363,  730,  241,  425,  517,  474,  554,  265,   34,  507,  558,  363,  683,  260,  166,  503,  463,  387,  389,  771,  128,  592,  580,  476,  748,  111,  254,  557,  498,  578,  747,  652,  463,  177,  366,  525,  529,  638,  180,  349,  280,  240,  102,  578,  298,  715,  529,  344,  389,  484,  396,   74,  620,  543,  631,  276,  494,  631,  351,  755,  786,  640,  599,  281],
        [  275,    0,  250,  325,  357,  307,  219,  142,    0,  444,  558,  614,  625,  366,  514,  543,  363,  488,  539,  721,  784,   87,  507,  285,  460,  499,  795,  782,  430,  183,  469,  730,  508,  465,  669,  168,  293,  479,  614,  367,  615,  678,  668,  499,  884,  289,  733,  689,  528,  501,  562,  400,  259,  513,  336,  207,  450,  807,  675,  186,  386,  713,  150,  561,  655,  361,  610,  400,  149,  606,  561,  502,  804,  288,  246,  643,  417,  515,  347,  845,  260,  690,  613,  384,  701,  150,  395,  650,  440,  639,  800,  697,  343,  317,  502,  599,  570,  578,   89,  488,  409,  349,  169,  630,  263,  735,  578,  421,  262,  399,  431,  205,  737,  646,  554,  417,  561,  742,  490,  729,  845,  711,  667,  396],
        [  688,    0,  282,  180,  466,  708,  259,  317,  444,    0,  892,  711,  939,  609,  826,  115,  648,  715,  370,  279,  639,  516,  692,  172,  633,  721,  705, 1099,  419,  624,  577,  918,  570,  381,  930,  608,  316,  615,  599,  610,  447,  356,  725,  418,  870,  732,  963,  987,  425,  871,  352,   89,  624,  788,  726,  435,  758,  763,  234,  374,  597,  974,  557,  325,  364,  791,  700,  260,  298,  557,  789,  239,  619,  511,  393,  319,  750,  357,  680,  854,  190,  630,  765,  788, 1026,  312,  174,  617,  793,  712,  877,  809,  779,  160,  282,  638,  707,  930,  435,  254,   40,  117,  384,  731,  592,  908,  695,  494,  637,  794,  607,  298,  581,  571,  934,  150,  630,  619,  113, 1009,  899,  742,  714,  358],
        [  618,    0,  610,  846,  460,  656,  754,  607,  558,  892,    0,  429,   75,  294,   75,  947,  245,  239,  725, 1127,  799,  566,  299,  788,  333,  243,  740,  224,  563,  509,  419,  330,  471,  633,  182,  517,  585,  378,  577,  292,  747,  930,  497,  633,  694,  476,  268,  146,  658,  102,  768,  889,  300,  145,  238,  756,  137,  689, 1080,  744,  320,  208,  411,  791,  886,  325,  439,  687,  639,  614,  219,  795,  856,  384,  500,  911,  145,  708,  219,  642,  716,  655,  348,  232,  143,  690,  750,  607,  120,  467,  526,  430,  359,  732,  760,  505,  368,   56,  640,  767,  852,  842,  516,  426,  311,  354,  397,  474,  684,  205,  341,  598,  788,  656,  129,  782,  462,  752,  874,  198,  583,  548,  511,  597],
        [  822,    0,  480,  757,  277,  863,  707,  560,  614,  711,  429,    0,  417,  274,  363,  715,  317,  208,  401,  866,  379,  676,  148,  691,  164,  199,  312,  528,  293,  691,  151,  232,  142,  341,  326,  688,  422,  136,  173,  274,  384,  596,   72,  315,  295,  727,  308,  417,  325,  497,  444,  751,  449,  289,  496,  808,  341,  264,  825,  764,  240,  356,  532,  476,  547,  632,   14,  453,  591,  222,  212,  521,  442,  327,  395,  590,  387,  397,  388,  247,  602,  236,   91,  548,  489,  670,  538,  193,  433,   39,  188,   98,  654,  576,  473,   97,   65,  484,  698,  493,  678,  720,  465,   21,  403,  213,   40,  226,  850,  528,  189,  502,  380,  253,  549,  565,   83,  335,  643,  405,  232,  126,   84,  354],
        [  692,    0,  658,  904,  493,  730,  815,  665,  625,  939,   75,  417,    0,  332,  116,  988,  293,  252,  746, 1165,  795,  637,  304,  844,  349,  252,  727,  162,  589,  583,  434,  280,  481,  658,  124,  590,  627,  390,  577,  331,  761,  953,  481,  653,  663,  551,  207,   71,  676,  174,  791,  942,  366,  160,  311,  825,  184,  670, 1118,  810,  352,  141,  480,  816,  907,  398,  428,  723,  698,  618,  208,  827,  855,  429,  547,  936,  208,  732,  280,  611,  769,  650,  330,  307,   88,  752,  791,  604,  192,  454,  488,  401,  433,  780,  789,  502,  361,  100,  709,  799,  900,  897,  570,  411,  371,  307,  390,  498,  758,  280,  363,  650,  789,  658,  184,  822,  463,  749,  914,  124,  545,  530,  497,  629],
        [  550,    0,  330,  591,  168,  591,  513,  358,  366,  609,  294,  274,  332,    0,  222,  656,   61,  124,  441,  835,  570,  415,  144,  527,  111,  135,  538,  491,  277,  419,  170,  366,  228,  347,  329,  417,  296,  150,  351,    2,  476,  644,  341,  353,  567,  454,  379,  379,  380,  307,  483,  617,  176,  180,  240,  571,  158,  517,  788,  539,   41,  374,  262,  504,  601,  373,  275,  394,  391,  372,  201,  503,  616,  102,  218,  622,  172,  422,  133,  520,  446,  437,  252,  303,  419,  460,  459,  388,  225,  308,  450,  342,  390,  450,  469,  300,  218,  340,  455,  475,  570,  574,  257,  286,  129,  369,  235,  195,  583,  289,   91,  328,  545,  418,  372,  491,  253,  522,  582,  404,  501,  393,  347,  305],
        [  605,    0,  544,  789,  387,  644,  700,  550,  514,  826,   75,  363,  116,  222,    0,  877,  178,  166,  650, 1056,  729,  532,  227,  729,  259,  171,  672,  277,  489,  488,  345,  297,  398,  559,  172,  493,  516,  304,  506,  221,  673,  856,  433,  558,  638,  471,  254,  176,  583,  138,  694,  827,  257,   75,  218,  716,   69,  626, 1009,  699,  247,  210,  371,  717,  811,  330,  372,  615,  582,  541,  158,  723,  785,  316,  434,  837,   98,  634,  168,  586,  654,  585,  287,  235,  201,  638,  680,  537,  103,  402,  476,  374,  362,  666,  687,  435,  300,  128,  599,  694,  786,  781,  455,  362,  256,  317,  329,  400,  664,  209,  267,  535,  716,  584,  187,  712,  391,  681,  804,  218,  534,  485,  446,  524],
        [  796,    0,  346,  294,  499,  818,  371,  408,  543,  115,  947,  715,  988,  656,  877,    0,  702,  751,  335,  185,  581,  620,  720,  283,  662,  756,  659, 1144,  428,  725,  595,  935,  577,  375,  965,  709,  363,  637,  581,  658,  400,  264,  718,  404,  837,  831,  988, 1030,  403,  937,  306,  200,  697,  832,  801,  549,  811,  727,  137,  487,  638, 1008,  644,  274,  284,  878,  703,  272,  394,  535,  822,  200,  551,  564,  450,  230,  810,  329,  744,  827,  284,  597,  780,  866, 1075,  420,  198,  594,  857,  710,  867,  811,  869,  234,  249,  633,  721,  989,  542,  226,  139,  231,  458,  735,  660,  922,  705,  514,  748,  870,  639,  374,  524,  540, 1002,  166,  633,  569,   75, 1046,  882,  727,  705,  373],
        [  518,    0,  367,  615,  225,  559,  531,  378,  363,  648,  245,  317,  293,   61,  178,  702,    0,  134,  499,  883,  629,  401,  174,  554,  159,  145,  594,  453,  335,  389,  228,  372,  285,  405,  310,  389,  340,  202,  408,   60,  536,  701,  386,  412,  611,  412,  371,  346,  440,  249,  541,  650,  137,  153,  184,  569,  110,  569,  835,  543,  100,  355,  240,  561,  659,  319,  320,  445,  411,  431,  201,  556,  676,  139,  256,  679,  114,  480,   75,  563,  477,  494,  280,  244,  378,  472,  505,  444,  166,  353,  483,  374,  339,  489,  524,  353,  257,  288,  452,  529,  609,  605,  280,  326,  104,  380,  277,  255,  559,  230,  146,  358,  604,  477,  314,  537,  306,  580,  629,  378,  537,  439,  394,  361],
        [  651,    0,  442,  710,  253,  692,  636,  481,  488,  715,  239,  208,  252,  124,  166,  751,  134,    0,  495,  924,  563,  532,   63,  646,   98,   12,  510,  397,  340,  522,  183,  243,  233,  408,  216,  523,  400,  140,  340,  124,  511,  702,  279,  402,  498,  540,  256,  281,  425,  293,  540,  731,  270,   96,  295,  694,  134,  470,  878,  662,  121,  260,  373,  565,  656,  430,  215,  482,  514,  376,   78,  581,  619,  222,  333,  686,  180,  481,  192,  447,  562,  421,  151,  343,  336,  583,  556,  372,  226,  246,  356,  246,  455,  560,  541,  271,  143,  293,  577,  552,  677,  690,  379,  211,  236,  249,  170,  248,  692,  322,  114,  446,  550,  418,  350,  587,  226,  516,  677,  296,  411,  333,  290,  384],
        [  812,    0,  293,  488,  277,  846,  494,  411,  539,  370,  725,  401,  746,  441,  650,  335,  499,  495,    0,  468,  279,  626,  448,  434,  398,  496,  336,  889,  164,  700,  315,  631,  277,   95,  694,  689,  247,  360,  250,  442,   85,  207,  392,   94,  504,  785,  698,  772,   77,  747,   45,  439,  558,  588,  654,  659,  594,  395,  429,  597,  408,  732,  562,   75,  161,  769,  388,  153,  425,  201,  552,  137,  277,  383,  317,  193,  612,   25,  563,  492,  359,  264,  479,  723,  831,  497,  215,  259,  665,  389,  536,  491,  774,  300,   89,  310,  423,  775,  590,  116,  348,  429,  380,  420,  506,  613,  401,  251,  798,  716,  385,  338,  222,  206,  812,  227,  322,  252,  273,  777,  548,  394,  377,  155],
        [  965,    0,  531,  441,  673,  983,  533,  590,  721,  279, 1127,  866, 1165,  835, 1056,  185,  883,  924,  468,    0,  664,  795,  888,  448,  831,  927,  756, 1319,  591,  902,  759, 1092,  733,  529, 1136,  886,  544,  802,  716,  836,  511,  316,  859,  552,  944, 1010, 1152, 1204,  543, 1120,  428,  344,  882, 1008,  985,  703,  991,  833,   49,  644,  814, 1177,  827,  395,  357, 1061,  853,  443,  574,  666,  991,  348,  619,  745,  632,  300,  992,  470,  927,  943,  464,  714,  938, 1051, 1252,  590,  378,  721, 1039,  856, 1001,  958, 1052,  418,  394,  777,  880, 1170,  712,  377,  313,  388,  643,  885,  843, 1077,  861,  680,  910, 1054,  810,  558,  611,  661, 1185,  347,  785,  664,  255, 1217, 1008,  859,  844,  541],
        [ 1046,    0,  553,  766,  451, 1083,  769,  670,  784,  639,  799,  379,  795,  570,  729,  581,  629,  563,  279,  664,    0,  866,  502,  712,  480,  558,  103,  904,  356,  924,  402,  587,  344,  324,  704,  915,  497,  433,  224,  571,  195,  349,  324,  286,  294,  992,  674,  796,  260,  854,  288,  713,  730,  655,  809,  927,  692,  191,  638,  867,  530,  731,  770,  315,  310,  939,  367,  428,  689,  199,  587,  401,   69,  558,  541,  368,  728,  299,  703,  309,  635,  145,  469,  872,  867,  766,  493,  192,  779,  345,  410,  427,  953,  577,  361,  295,  435,  854,  847,  388,  622,  707,  616,  389,  676,  561,  405,  393, 1045,  858,  485,  596,   59,  153,  912,  503,  338,   49,  533,  781,  392,  288,  306,  390],
        [  188,    0,  337,  380,  432,  221,  273,  226,   87,  516,  566,  676,  637,  415,  532,  620,  401,  532,  626,  795,  866,    0,  558,  351,  517,  543,  874,  788,  511,  111,  537,  773,  579,  549,  696,   95,  379,  541,  690,  416,  701,  764,  734,  583,  954,  221,  766,  705,  612,  496,  648,  463,  277,  542,  332,  195,  474,  882,  749,  202,  441,  738,  163,  647,  741,  323,  674,  486,  230,  685,  601,  588,  888,  351,  327,  729,  434,  601,  369,  913,  339,  768,  666,  366,  707,  208,  480,  727,  447,  704,  860,  754,  298,  399,  589,  670,  628,  578,   95,  574,  484,  414,  251,  691,  297,  780,  639,  496,  180,  386,  490,  292,  821,  726,  542,  500,  630,  824,  571,  749,  908,  780,  735,  481],
        [  690,    0,  428,  703,  227,  731,  636,  482,  507,  692,  299,  148,  304,  144,  227,  720,  174,   63,  448,  888,  502,  558,    0,  637,   60,   57,  448,  442,  299,  560,  133,  235,  177,  365,  249,  559,  380,   89,  279,  143,  457,  654,  220,  354,  441,  586,  271,  325,  375,  355,  492,  716,  310,  155,  349,  709,  195,  410,  843,  673,  122,  290,  405,  519,  606,  485,  154,  449,  515,  316,  105,  542,  558,  225,  324,  640,  240,  435,  242,  392,  551,  359,  109,  400,  386,  588,  527,  310,  287,  186,  310,  200,  508,  541,  500,  208,   85,  354,  595,  513,  655,  677,  381,  154,  270,  234,  109,  208,  726,  380,   88,  438,  490,  358,  412,  558,  164,  454,  646,  331,  363,  273,  230,  349],
        [  517,    0,  213,   67,  419,  537,   88,  182,  285,  172,  788,  691,  844,  527,  729,  283,  554,  646,  434,  448,  712,  351,  637,    0,  579,  654,  759, 1005,  416,  460,  544,  872,  554,  405,  856,  444,  270,  574,  616,  528,  518,  489,  722,  446,  900,  569,  901,  899,  464,  752,  433,  115,  500,  704,  596,  268,  660,  801,  404,  205,  526,  901,  415,  416,  484,  643,  683,  286,  153,  586,  723,  332,  707,  426,  314,  451,  643,  413,  570,  874,   90,  668,  727,  653,  928,  144,  222,  643,  680,  702,  872,  788,  627,  135,  359,  637,  671,  820,  265,  334,  146,   64,  274,  711,  478,  867,  667,  466,  466,  663,  550,  201,  655,  612,  812,  222,  616,  682,  254,  929,  904,  750,  714,  356],
        [  659,    0,  369,  644,  167,  700,  580,  426,  460,  633,  333,  164,  349,  111,  259,  662,  159,   98,  398,  831,  480,  517,   60,  579,    0,   99,  438,  493,  244,  528,   87,  294,  140,  312,  305,  526,  320,   48,  256,  111,  415,  605,  230,  305,  456,  565,  330,  377,  328,  375,  443,  656,  286,  192,  342,  660,  213,  410,  786,  621,   77,  347,  370,  468,  558,  477,  165,  391,  459,  286,  161,  486,  532,  174,  266,  589,  248,  384,  233,  410,  492,  341,  155,  400,  433,  534,  468,  291,  300,  197,  344,  238,  497,  481,  445,  196,  111,  386,  547,  457,  595,  618,  326,  176,  240,  290,  125,  153,  689,  382,   31,  380,  462,  331,  436,  499,  148,  432,  587,  387,  393,  282,  237,  291],
        [  663,    0,  449,  718,  258,  704,  645,  490,  499,  721,  243,  199,  252,  135,  171,  756,  145,   12,  496,  927,  558,  543,   57,  654,   99,    0,  504,  395,  342,  534,  182,  232,  231,  410,  210,  534,  406,  139,  335,  134,  510,  702,  270,  402,  488,  551,  248,  279,  425,  300,  541,  738,  281,   99,  306,  704,  142,  462,  882,  673,  129,  254,  384,  567,  656,  441,  206,  486,  523,  372,   70,  584,  614,  231,  341,  687,  190,  482,  204,  437,  570,  415,  140,  353,  336,  593,  560,  366,  234,  238,  344,  235,  466,  566,  543,  265,  135,  297,  588,  555,  683,  698,  388,  202,  248,  237,  162,  250,  704,  331,  118,  454,  546,  414,  356,  592,  220,  511,  681,  291,  400,  324,  282,  387],
        [ 1046,    0,  581,  817,  445, 1084,  807,  693,  795,  705,  740,  312,  727,  538,  672,  659,  594,  510,  336,  756,  103,  874,  448,  759,  438,  504,    0,  826,  369,  920,  369,  502,  313,  356,  629,  913,  521,  392,  190,  539,  260,  442,  247,  315,  193,  979,  591,  722,  295,  803,  356,  774,  707,  598,  777,  954,  643,   89,  726,  897,  498,  651,  761,  386,  399,  911,  302,  473,  716,  189,  523,  468,  169,  544,  549,  456,  684,  352,  668,  207,  677,  106,  398,  837,  795,  796,  547,  153,  733,  274,  313,  342,  928,  624,  423,  243,  373,  795,  865,  451,  684,  762,  627,  317,  655,  474,  344,  382, 1054,  820,  449,  621,  146,  151,  858,  562,  290,   92,  604,  702,  291,  203,  231,  416],
        [  825,    0,  818, 1065,  647,  861,  975,  826,  782, 1099,  224,  528,  162,  491,  277, 1144,  453,  397,  889, 1319,  904,  788,  442, 1005,  493,  395,  826,    0,  736,  725,  574,  333,  616,  804,  202,  734,  786,  530,  697,  489,  895, 1095,  582,  795,  729,  679,  241,  117,  816,  300,  934, 1103,  523,  313,  457,  979,  345,  758, 1273,  967,  507,  175,  634,  960, 1047,  521,  540,  877,  858,  743,  338,  978,  968,  589,  707, 1081,  367,  876,  440,  679,  930,  762,  437,  439,   82,  912,  947,  720,  343,  560,  549,  485,  557,  940,  938,  620,  481,  214,  864,  949, 1059, 1057,  731,  516,  531,  362,  509,  645,  897,  414,  511,  811,  907,  779,  276,  979,  587,  861, 1070,  125,  601,  624,  599,  780],
        [  691,    0,  217,  480,  114,  728,  450,  326,  430,  419,  563,  293,  589,  277,  489,  428,  335,  340,  164,  591,  356,  511,  299,  416,  244,  342,  369,  736,    0,  570,  169,  507,  152,   71,  547,  561,  156,  212,  203,  278,  210,  368,  311,   82,  487,  645,  563,  620,  112,  583,  207,  463,  401,  430,  494,  587,  431,  394,  546,  532,  245,  588,  420,  229,  324,  613,  282,  161,  350,  181,  403,  244,  382,  224,  186,  349,  449,  146,  400,  459,  328,  267,  352,  562,  675,  431,  246,  234,  501,  295,  463,  390,  621,  290,  202,  224,  294,  613,  497,  215,  386,  436,  261,  313,  348,  494,  279,   92,  690,  554,  227,  254,  313,  218,  648,  274,  211,  313,  354,  630,  490,  335,  301,   63],
        [  131,    0,  423,  490,  476,  172,  384,  322,  183,  624,  509,  691,  583,  419,  488,  725,  389,  522,  700,  902,  924,  111,  560,  460,  528,  534,  920,  725,  570,    0,  564,  755,  613,  617,  658,   17,  455,  560,  732,  419,  771,  854,  755,  647,  980,  110,  735,  653,  677,  427,  728,  573,  253,  513,  273,  288,  439,  918,  856,  308,  452,  698,  161,  730,  827,  227,  691,  570,  331,  734,  583,  678,  952,  378,  388,  819,  392,  676,  339,  936,  442,  814,  667,  289,  645,  318,  575,  769,  393,  723,  868,  759,  198,  498,  674,  700,  637,  512,  205,  661,  590,  524,  321,  704,  291,  766,  652,  539,  177,  313,  504,  379,  882,  777,  464,  597,  657,  879,  672,  701,  920,  804,  759,  549],
        [  694,    0,  332,  610,  127,  734,  557,  409,  469,  577,  419,  151,  434,  170,  345,  595,  228,  183,  315,  759,  402,  537,  133,  544,   87,  182,  369,  574,  169,  564,    0,  342,   58,  233,  381,  559,  275,   45,  181,  171,  329,  521,  199,  221,  418,  614,  395,  458,  243,  458,  360,  609,  339,  278,  409,  659,  297,  355,  714,  614,  130,  421,  404,  387,  474,  543,  145,  325,  440,  205,  238,  412,  451,  188,  244,  507,  329,  303,  302,  377,  455,  267,  189,  472,  517,  520,  407,  218,  381,  171,  338,  245,  559,  434,  368,  136,  131,  472,  552,  383,  541,  576,  316,  170,  287,  332,  124,   83,  714,  457,   85,  352,  380,  250,  520,  436,   93,  353,  521,  464,  379,  244,  199,  223],
        [  880,    0,  661,  937,  457,  921,  870,  716,  730,  918,  330,  232,  280,  366,  297,  935,  372,  243,  631, 1092,  587,  773,  235,  872,  294,  232,  502,  333,  507,  755,  342,    0,  360,  564,  157,  757,  611,  304,  402,  365,  615,  827,  267,  542,  398,  757,   92,  245,  555,  427,  675,  947,  503,  246,  502,  936,  322,  428, 1050,  904,  354,  162,  612,  706,  778,  625,  245,  666,  749,  452,  173,  745,  654,  458,  559,  821,  374,  625,  416,  347,  785,  451,  156,  530,  321,  822,  748,  416,  397,  254,  218,  161,  655,  772,  699,  328,  214,  375,  819,  717,  882,  910,  615,  215,  476,   30,  232,  425,  928,  504,  323,  673,  599,  480,  457,  778,  310,  548,  861,  211,  271,  301,  285,  565],
        [  742,    0,  345,  620,  153,  781,  576,  435,  508,  570,  471,  142,  481,  228,  398,  577,  285,  233,  277,  733,  344,  579,  177,  554,  140,  231,  313,  616,  152,  613,   58,  360,    0,  205,  418,  608,  285,   94,  124,  228,  281,  481,  170,  185,  376,  667,  422,  500,  202,  514,  322,  610,  395,  328,  467,  691,  353,  305,  691,  642,  187,  456,  453,  351,  433,  599,  131,  312,  464,  148,  279,  386,  394,  235,  272,  469,  386,  268,  360,  339,  465,  210,  205,  529,  563,  545,  397,  162,  438,  148,  319,  240,  615,  436,  340,   92,  147,  525,  587,  357,  536,  581,  347,  162,  342,  345,  129,   92,  758,  514,  142,  372,  323,  193,  575,  425,   63,  296,  504,  501,  353,  206,  165,  213],
        [  733,    0,  230,  466,  182,  768,  452,  346,  465,  381,  633,  341,  658,  347,  559,  375,  405,  408,   95,  529,  324,  549,  365,  405,  312,  410,  356,  804,   71,  617,  233,  564,  205,    0,  613,  607,  174,  277,  219,  348,  154,  298,  347,   42,  498,  698,  624,  688,   65,  653,  137,  435,  464,  499,  560,  604,  501,  396,  486,  545,  315,  653,  473,  159,  254,  676,  329,  125,  365,  182,  469,  182,  340,  288,  230,  279,  518,   76,  469,  477,  322,  263,  409,  628,  744,  443,  209,  241,  571,  337,  498,  437,  681,  273,  137,  260,  351,  683,  524,  153,  352,  415,  299,  361,  412,  549,  333,  161,  726,  621,  296,  273,  274,  207,  718,  232,  259,  287,  303,  696,  519,  362,  335,   69],
        [  777,    0,  656,  919,  468,  816,  839,  685,  669,  930,  182,  326,  124,  329,  172,  965,  310,  216,  694, 1136,  704,  696,  249,  856,  305,  210,  629,  202,  547,  658,  381,  157,  418,  613,    0,  663,  615,  336,  496,  328,  696,  899,  383,  600,  548,  642,   86,   94,  619,  283,  739,  945,  419,  157,  390,  875,  223,  564, 1090,  852,  335,   45,  534,  766,  851,  498,  339,  695,  718,  542,  145,  790,  768,  430,  546,  886,  267,  683,  327,  496,  775,  561,  236,  403,  170,  782,  770,  519,  273,  359,  370,  291,  531,  775,  748,  419,  280,  222,  757,  761,  892,  903,  585,  316,  407,  185,  307,  456,  834,  376,  327,  657,  706,  577,  305,  802,  387,  660,  891,   83,  425,  427,  400,  596],
        [  135,    0,  410,  474,  469,  175,  368,  308,  168,  608,  517,  688,  590,  417,  493,  709,  389,  523,  689,  886,  915,   95,  559,  444,  526,  534,  913,  734,  561,   17,  559,  757,  608,  607,  663,    0,  444,  556,  725,  417,  760,  841,  751,  637,  976,  126,  739,  660,  667,  436,  716,  557,  254,  516,  280,  273,  443,  912,  840,  292,  449,  703,  157,  718,  815,  241,  688,  558,  316,  726,  585,  665,  942,  373,  378,  806,  397,  665,  342,  932,  427,  807,  666,  299,  653,  302,  561,  762,  400,  719,  867,  758,  212,  484,  661,  695,  635,  521,  189,  648,  575,  508,  310,  701,  290,  767,  650,  531,  173,  322,  501,  366,  873,  770,  475,  583,  652,  870,  657,  708,  918,  800,  754,  539],
        [  565,    0,   62,  336,  154,  599,  295,  174,  293,  316,  585,  422,  627,  296,  516,  363,  340,  400,  247,  544,  497,  379,  380,  270,  320,  406,  521,  786,  156,  455,  275,  611,  285,  174,  615,  444,    0,  308,  358,  297,  323,  407,  453,  211,  642,  545,  650,  673,  238,  577,  273,  337,  348,  474,  452,  434,  449,  549,  497,  377,  281,  659,  326,  277,  376,  548,  413,  122,  195,  336,  475,  238,  512,  201,   91,  376,  449,  222,  384,  612,  181,  421,  461,  519,  714,  276,  166,  389,  496,  432,  603,  519,  547,  162,  223,  369,  405,  627,  350,  215,  277,  301,  135,  442,  304,  604,  398,  197,  553,  519,  293,  100,  448,  370,  642,  198,  347,  458,  290,  694,  636,  484,  446,  107],
        [  690,    0,  362,  640,  155,  731,  582,  431,  479,  615,  378,  136,  390,  150,  304,  637,  202,  140,  360,  802,  433,  541,   89,  574,   48,  139,  392,  530,  212,  560,   45,  304,   94,  277,  336,  556,  308,    0,  209,  150,  372,  566,  196,  266,  421,  602,  352,  413,  287,  422,  404,  644,  324,  235,  385,  674,  260,  368,  758,  632,  111,  377,  400,  431,  519,  520,  133,  366,  463,  240,  193,  455,  485,  192,  267,  551,  295,  347,  277,  376,  486,  294,  154,  445,  473,  541,  447,  244,  347,  164,  322,  222,  539,  469,  413,  151,   99,  432,  564,  426,  579,  609,  334,  152,  275,  296,  100,  124,  716,  428,   59,  379,  415,  284,  482,  477,  104,  385,  563,  419,  368,  246,  199,  265],
        [  859,    0,  420,  680,  259,  898,  652,  524,  614,  599,  577,  173,  577,  351,  506,  581,  408,  340,  250,  716,  224,  690,  279,  616,  256,  335,  190,  697,  203,  732,  181,  402,  124,  219,  496,  725,  358,  209,    0,  352,  216,  430,  145,  182,  285,  789,  480,  585,  179,  630,  289,  653,  518,  433,  590,  785,  468,  194,  678,  732,  311,  528,  572,  322,  381,  723,  160,  343,  550,   52,  369,  382,  280,  355,  370,  428,  504,  253,  483,  259,  529,   87,  262,  652,  653,  631,  427,   38,  555,  149,  287,  250,  739,  487,  333,   77,  218,  632,  689,  357,  570,  632,  448,  188,  465,  380,  190,  195,  870,  636,  263,  455,  213,   82,  688,  450,  115,  177,  514,  576,  302,  146,  128,  261],
        [  550,    0,  331,  592,  170,  591,  514,  359,  367,  610,  292,  274,  331,    2,  221,  658,   60,  124,  442,  836,  571,  416,  143,  528,  111,  134,  539,  489,  278,  419,  171,  365,  228,  348,  328,  417,  297,  150,  352,    0,  477,  645,  341,  354,  567,  454,  378,  377,  382,  306,  484,  619,  176,  178,  239,  572,  156,  518,  789,  539,   42,  373,  262,  505,  602,  372,  275,  395,  392,  373,  200,  504,  617,  103,  220,  623,  171,  424,  132,  520,  448,  438,  251,  302,  418,  461,  460,  388,  224,  308,  450,  341,  390,  452,  470,  300,  218,  339,  455,  476,  571,  576,  258,  286,  129,  368,  235,  196,  583,  288,   92,  329,  546,  419,  370,  492,  253,  523,  584,  402,  501,  393,  347,  307],
        [  886,    0,  373,  572,  323,  920,  578,  491,  615,  447,  747,  384,  761,  476,  673,  400,  536,  511,   85,  511,  195,  701,  457,  518,  415,  510,  260,  895,  210,  771,  329,  615,  281,  154,  696,  760,  323,  372,  216,  477,    0,  215,  359,  129,  439,  851,  689,  779,   99,  780,   96,  519,  610,  606,  702,  742,  622,  328,  477,  681,  439,  731,  626,  127,  166,  823,  370,  237,  506,  164,  559,  209,  193,  433,  384,  216,  647,  107,  605,  433,  444,  204,  469,  769,  843,  580,  298,  213,  699,  364,  494,  465,  830,  384,  167,  288,  417,  800,  670,  194,  428,  512,  452,  401,  557,  594,  392,  282,  876,  760,  408,  418,  138,  150,  844,  308,  311,  172,  344,  778,  498,  351,  343,  222],
        [  952,    0,  432,  524,  477,  981,  569,  539,  678,  356,  930,  596,  953,  644,  856,  264,  701,  702,  207,  316,  349,  764,  654,  489,  605,  702,  442, 1095,  368,  854,  521,  827,  481,  298,  899,  841,  407,  566,  430,  645,  215,    0,  574,  301,  632,  949,  899,  978,  280,  949,  163,  443,  746,  795,  847,  750,  798,  522,  291,  686,  612,  936,  732,  141,   50,  953,  582,  287,  541,  378,  758,  176,  304,  577,  492,   39,  815,  223,  762,  635,  445,  411,  678,  915, 1038,  596,  288,  427,  867,  577,  706,  679,  953,  378,  186,  500,  624,  981,  709,  194,  357,  458,  540,  613,  697,  807,  600,  457,  922,  911,  592,  475,  296,  362, 1014,  274,  520,  351,  246,  981,  706,  564,  557,  344],
        [  885,    0,  514,  787,  319,  926,  745,  603,  668,  725,  497,   72,  481,  341,  433,  718,  386,  279,  392,  859,  324,  734,  220,  722,  230,  270,  247,  582,  311,  755,  199,  267,  170,  347,  383,  751,  453,  196,  145,  341,  359,  574,    0,  314,  226,  794,  352,  475,  317,  567,  432,  773,  516,  359,  566,  857,  412,  193,  820,  810,  305,  408,  595,  464,  525,  702,   67,  466,  633,  196,  279,  520,  389,  384,  439,  572,  458,  392,  458,  181,  633,  185,  152,  619,  549,  713,  552,  151,  504,   34,  153,  108,  724,  600,  471,   88,  136,  552,  750,  493,  694,  745,  513,   72,  469,  243,  111,  261,  910,  599,  252,  541,  332,  216,  619,  577,  109,  282,  649,  458,  184,   54,   19,  373],
        [  765,    0,  269,  507,  195,  801,  493,  385,  499,  418,  633,  315,  653,  353,  558,  404,  412,  402,   94,  552,  286,  583,  354,  446,  305,  402,  315,  795,   82,  647,  221,  542,  185,   42,  600,  637,  211,  266,  182,  354,  129,  301,  314,    0,  458,  724,  607,  679,   31,  659,  139,  474,  482,  495,  574,  643,  503,  356,  510,  585,  318,  639,  500,  167,  254,  694,  302,  164,  405,  142,  458,  207,  306,  305,  260,  286,  524,   84,  479,  438,  363,  222,  388,  642,  737,  483,  247,  202,  577,  307,  464,  408,  702,  314,  159,  229,  331,  684,  561,  180,  390,  456,  332,  335,  429,  526,  311,  160,  761,  633,  293,  311,  239,  166,  723,  269,  233,  247,  335,  683,  482,  326,  301,  105],
        [ 1110,    0,  703,  963,  528, 1150,  936,  805,  884,  870,  694,  295,  663,  567,  638,  837,  611,  498,  504,  944,  294,  954,  441,  900,  456,  488,  193,  729,  487,  980,  418,  398,  376,  498,  548,  976,  642,  421,  285,  567,  439,  632,  226,  458,    0, 1020,  489,  640,  447,  775,  532,  931,  742,  567,  790, 1064,  628,  112,  913, 1013,  531,  559,  819,  564,  588,  925,  292,  622,  832,  316,  481,  640,  357,  605,  645,  645,  677,  514,  682,   53,  813,  241,  353,  840,  716,  913,  703,  257,  719,  260,  181,  265,  948,  770,  592,  285,  357,  747,  963,  619,  845,  913,  722,  288,  695,  369,  335,  465, 1132,  819,  478,  737,  338,  300,  821,  723,  325,  282,  776,  608,  133,  176,  222,  545],
        [  149,    0,  519,  600,  542,  183,  493,  426,  289,  732,  476,  727,  551,  454,  471,  831,  412,  540,  785, 1010,  992,  221,  586,  569,  565,  551,  979,  679,  645,  110,  614,  757,  667,  698,  642,  126,  545,  602,  789,  454,  851,  949,  794,  724, 1020,    0,  724,  622,  755,  382,  816,  683,  279,  511,  255,  388,  435,  968,  963,  414,  491,  677,  225,  821,  920,  159,  729,  663,  437,  797,  590,  774, 1026,  436,  469,  916,  384,  761,  348,  973,  548,  874,  690,  244,  601,  427,  675,  827,  370,  761,  894,  784,  124,  602,  766,  749,  668,  468,  314,  756,  698,  633,  411,  737,  328,  772,  687,  601,  230,  271,  544,  477,  955,  843,  407,  699,  703,  946,  777,  673,  948,  846,  800,  632],
        [  856,    0,  695,  966,  497,  896,  891,  736,  733,  963,  268,  308,  207,  379,  254,  988,  371,  256,  698, 1152,  674,  766,  271,  901,  330,  248,  591,  241,  563,  735,  395,   92,  422,  624,   86,  739,  650,  352,  480,  378,  689,  899,  352,  607,  489,  724,    0,  160,  622,  369,  742,  984,  490,  224,  470,  939,  296,  519, 1109,  913,  376,   74,  603,  772,  850,  582,  321,  718,  769,  529,  179,  805,  740,  478,  588,  890,  344,  690,  399,  438,  817,  536,  221,  487,  234,  837,  797,  497,  356,  335,  309,  249,  615,  811,  760,  404,  276,  306,  822,  776,  925,  944,  635,  293,  472,  121,  299,  475,  911,  460,  357,  701,  683,  560,  390,  828,  380,  633,  914,  120,  361,  389,  369,  616],
        [  763,    0,  708,  961,  532,  801,  874,  723,  689,  987,  146,  417,   71,  379,  176, 1030,  346,  281,  772, 1204,  796,  705,  325,  899,  377,  279,  722,  117,  620,  653,  458,  245,  500,  688,   94,  660,  673,  413,  585,  377,  779,  978,  475,  679,  640,  622,  160,    0,  699,  243,  817,  994,  432,  200,  381,  891,  242,  657, 1158,  875,  393,   87,  546,  844,  931,  469,  430,  761,  755,  629,  222,  862,  859,  478,  596,  964,  273,  760,  343,  588,  822,  653,  327,  378,   77,  813,  833,  609,  261,  451,  461,  385,  504,  829,  822,  508,  368,  164,  774,  833,  948,  950,  626,  408,  432,  274,  396,  529,  828,  351,  395,  703,  796,  666,  246,  865,  473,  752,  955,   55,  516,  520,  492,  665],
        [  795,    0,  294,  524,  225,  831,  514,  411,  528,  425,  658,  325,  676,  380,  583,  403,  440,  425,   77,  543,  260,  612,  375,  464,  328,  425,  295,  816,  112,  677,  243,  555,  202,   65,  619,  667,  238,  287,  179,  382,   99,  280,  317,   31,  447,  755,  622,  699,    0,  686,  121,  486,  512,  519,  604,  668,  529,  342,  503,  609,  345,  657,  530,  152,  232,  725,  312,  179,  430,  134,  479,  204,  277,  335,  290,  269,  552,   75,  508,  430,  383,  207,  402,  672,  760,  507,  258,  194,  605,  313,  464,  416,  732,  330,  155,  234,  346,  709,  588,  179,  399,  470,  362,  344,  459,  537,  324,  187,  789,  663,  317,  337,  210,  150,  750,  277,  245,  223,  336,  702,  479,  324,  303,  132],
