{
    "name": "random-68-17147",
    "comment": "size=68 seed=17147",
    "nodes": ["+0", "-0", "+1", "-1", "+2", "-2", "+3", "-3", "+4", "-4", "+5", "-5", "+6", "-6", "+7", "-7", "+8", "-8", "+9", "-9", "+10", "-10", "+11", "-11", "+12", "-12", "+13", "-13", "+14", "-14", "+15", "-15", "+16", "-16", "+17", "-17", "+18", "-18", "+19", "-19", "+20", "-20", "+21", "-21", "+22", "-22", "+23", "-23", "+24", "-24", "+25", "-25", "+26", "-26", "+27", "-27", "+28", "-28", "+29", "-29", "+30", "-30", "+31", "-31", "+32", "-32", "+33", "-33", "+34", "-34", "+35", "-35", "+36", "-36", "+37", "-37", "+38", "-38", "+39", "-39", "+40", "-40", "+41", "-41", "+42", "-42", "+43", "-43", "+44", "-44", "+45", "-45", "+46", "-46", "+47", "-47", "+48", "-48", "+49", "-49", "+50", "-50", "+51", "-51", "+52", "-52", "+53", "-53", "+54", "-54", "+55", "-55", "+56", "-56", "+57", "-57", "+58", "-58", "+59", "-59", "+60", "-60", "+61", "-61", "+62", "-62", "+63", "-63", "+64", "-64", "+65", "-65", "+66", "-66", "+67", "-67", "+68", "-68"],
    "precedence": {
        "+0": "-0",
        "+1": "-1",
        "+2": "-2",
        "+3": "-3",
        "+4": "-4",
        "+5": "-5",
        "+6": "-6",
        "+7": "-7",
        "+8": "-8",
        "+9": "-9",
        "+10": "-10",
        "+11": "-11",
        "+12": "-12",
        "+13": "-13",
        "+14": "-14",
        "+15": "-15",
        "+16": "-16",
        "+17": "-17",
        "+18": "-18",
        "+19": "-19",
        "+20": "-20",
        "+21": "-21",
        "+22": "-22",
        "+23": "-23",
        "+24": "-24",
        "+25": "-25",
        "+26": "-26",
        "+27": "-27",
        "+28": "-28",
        "+29": "-29",
        "+30": "-30",
        "+31": "-31",
        "+32": "-32",
        "+33": "-33",
        "+34": "-34",
        "+35": "-35",
        "+36": "-36",
        "+37": "-37",
        "+38": "-38",
        "+39": "-39",
        "+40": "-40",
        "+41": "-41",
        "+42": "-42",
        "+43": "-43",
        "+44": "-44",
        "+45": "-45",
        "+46": "-46",
        "+47": "-47",
        "+48": "-48",
        "+49": "-49",
        "+50": "-50",
        "+51": "-51",
        "+52": "-52",
        "+53": "-53",
        "+54": "-54",
        "+55": "-55",
        "+56": "-56",
        "+57": "-57",
        "+58": "-58",
        "+59": "-59",
        "+60": "-60",
        "+61": "-61",
        "+62": "-62",
        "+63": "-63",
        "+64": "-64",
        "+65": "-65",
        "+66": "-66",
        "+67": "-67",
        "+68": "-68"
    },
    "edges": [
        [    0,    0,  541,  395,  574,  546,  526,  331,  275,  540,  350,  511,  385,  266,  373,  425,  404,  366,  411,  262,  548,  551,  267,  262,  603,  297,  406,  232,  540,  645,  257,  248,  366,  385,  580,  638,  580,  177,   82,  558,  316,  219,  615,  621,  505,  655,  215,  476,  562,  586,  416,  474,  354,  463,  633,  696,  683,  313,  248,  407,  329,  319,  189,  195,  482,  568,  295,  285,  645,   27,  663,  387,  587,  539,  366,  304,  345,  570,  434,  288,  677,  273,  429,  201,  236,  512,  687,  679,  324,  540,  545,  575,  518,  562,  456,  226,  312,  273,  306,  602,  264,  755,  522,   74,  521,  402,   34,  163,  518,  439,  693,  279,  387,  375,  392,  484,  477,  409,  466,  556,  472,  315,  168,  294,  467,  538,  217,  488,   19,  401,  332,  613,  310,  597,   59,  257,  583,  405],
        [    0,    0,    0,    0,    0,    0,    0,    0,    0,    0,    0,    0,    0,    0,    0,    0,    0,    0,    0,    0,    0,    0,    0,    0,    0,    0,    0,    0,    0,    0,    0,    0,    0,    0,    0,    0,    0,    0,    0,    0,    0,    0,    0,    0,    0,    0,    0,    0,    0,    0,    0,    0,    0,    0,    0,    0,    0,    0,    0,    0,    0,    0,    0,    0,    0,    0,    0,    0,    0,    0,    0,    0,    0,    0,    0,    0,    0,    0,    0,    0,    0,    0,    0,    0,    0,    0,    0,    0,    0,    0,    0,    0,    0,    0,    0,    0,    0,    0,    0,    0,    0,    0,    0,    0,    0,    0,    0,    0,    0,    0,    0,    0,    0,    0,    0,    0,    0,    0,    0,    0,    0,    0,    0,    0,    0,    0,    0,    0,    0,    0,    0,    0,    0,    0,    0,    0,    0,    0],
        [  541,    0,    0,  849,  675,  300,  504,  745,  614,  443,  627,  722,  728,  759,  579,  647,  410,  595,  565,  784,  682,  433,  359,  280,  861,  812,  330,  766,  591,  186,  754,  307,  176,  746,  316,   98,  114,  460,  557,  247,  270,  334,  841,  372,  295,  576,  344,  695,  847,  199,  957,  709,  591,  229,  872,  874,  181,  275,  453,  729,  848,  392,  520,  681,  170,  125,  420,  558,  428,  527,  145,  915,  284,  838,  475,  348,  886,  590,  551,  351,  623,  490,  187,  666,  759,  496,  267,  849,  790,  308,  361,  377,   24,  543,  257,  428,  850,  453,  343,  598,  598,  257,  596,  558,  222,  938,  547,  676,  574,  166,  874,  263,  863,  885,  203,  362,  769,  503,  493,  796,  191,  580,  708,  308,  169,  242,  703,  845,  547,  646,  559,  217,  567,  524,  511,  382,  492,  725],
        [  395,    0,  849,    0,  475,  929,  920,  111,  246,  618,  275,  348,  702,  487,  748,  325,  798,  323,  793,  190,  437,  945,  656,  600,  341,  158,  577,  237,  926,  886,  476,  549,  687,  160,  741,  938,  919,  391,  330,  932,  580,  528,  379, 1009,  889, 1048,  589,  332,  290,  810,  351,  315,  319,  836,  377,  472,  940,  575,  642,  209,  453,  481,  330,  201,  842,  826,  690,  661,  747,  422,  989,  209,  766,  264,  437,  511,  320,  542,  427,  678, 1068,  663,  791,  500,  204,  551,  895,  469,   73,  924,  677,  699,  829,  569,  659,  423,  364,  667,  695,  991,  624,  998,  481,  334,  734,  270,  418,  424,  495,  700,  467,  614,  572,  137,  654,  618,  251,  800,  506,  334,  837,  303,  299,  674,  827,  912,  179,  174,  406,  301,  336,  975,  684,  625,  454,  649,  978,  210],
        [  574,    0,  675,  475,    0,  897, 1000,  389,  322,  254,  244,  132,  958,  811,  917,  166,  864,  212,  942,  584,   39,  979,  711,  569,  236,  577,  350,  611, 1048,  609,  800,  500,  589,  318,  414,  730,  783,  414,  499,  869,  463,  503,  197,  985,  868, 1119,  623,  144,  255,  533,  797,  161,  224,  793,  229,  201,  671,  460,  759,  267,  830,  332,  385,  488,  765,  587,  781,  837,  357,  592,  814,  669,  452,  265,  240,  383,  745,  104,  152,  726, 1155,  800,  730,  769,  577,  185,  576,  176,  476,  898,  344,  347,  664,  155,  419,  383,  763,  781,  737, 1095,  830,  699,   80,  509,  470,  726,  607,  711,  102,  513,  202,  571,  927,  600,  490,  319,  234,  915,  183,  184,  772,  263,  623,  693,  752,  855,  489,  337,  592,  195,  242,  875,  861,  205,  614,  719, 1031,  267],
        [  546,    0,  300,  929,  897,    0,  227,  843,  735,  700,  777,  909,  552,  669,  382,  821,  198,  760,  346,  807,  893,  141,  281,  348, 1039,  842,  554,  773,  321,  483,  668,  415,  308,  871,  601,  345,  208,  562,  601,   61,  435,  425, 1031,   89,   42,  278,  341,  876, 1013,  495,  923,  885,  752,  105, 1058, 1083,  464,  439,  336,  870,  771,  571,  623,  733,  141,  423,  282,  405,  713,  522,  280,  927,  573,  997,  665,  518,  858,  830,  753,  260,  325,  348,  168,  577,  781,  736,  565, 1060,  860,   13,  632,  654,  292,  789,  509,  556,  805,  320,  242,  311,  459,  532,  819,  597,  501,  932,  534,  620,  800,  408, 1082,  340,  743,  920,  415,  613,  927,  282,  718,  977,  128,  728,  701,  256,  151,   58,  756,  978,  542,  812,  719,  134,  402,  784,  494,  294,  198,  867],
        [  526,    0,  504,  920, 1000,  227,    0,  854,  773,  844,  832,  983,  379,  553,  217,  892,  137,  828,  167,  764,  988,   94,  293,  433, 1099,  802,  684,  722,   95,  689,  556,  501,  447,  900,  774,  564,  428,  610,  600,  287,  550,  497, 1100,  219,  214,  129,  380,  947, 1065,  687,  829,  952,  818,  276, 1124, 1167,  679,  552,  278,  912,  654,  669,  662,  720,  334,  619,  235,  283,  883,  499,  506,  867,  753, 1045,  760,  620,  772,  951,  848,  275,  157,  259,  328,  475,  740,  862,  768, 1146,  848,  215,  790,  816,  491,  918,  662,  624,  711,  253,  263,  100,  336,  750,  927,  594,  675,  857,  502,  538,  912,  569, 1165,  433,  597,  878,  560,  757,  978,  127,  834, 1043,  314,  786,  646,  308,  336,  279,  741, 1006,  514,  876,  787,  360,  267,  925,  467,  289,   72,  909],
        [  331,    0,  745,  111,  389,  843,  854,    0,  136,  511,  169,  271,  678,  482,  700,  229,  727,  217,  740,  206,  352,  871,  578,  505,  305,  191,  467,  243,  870,  776,  470,  450,  587,   80,  631,  832,  820,  291,  255,  842,  475,  431,  333,  926,  804,  983,  504,  248,  256,  700,  410,  234,  211,  747,  340,  426,  830,  470,  577,  127,  471,  371,  229,  149,  748,  717,  621,  612,  640,  358,  886,  281,  656,  230,  327,  404,  363,  445,  322,  599, 1006,  604,  698,  473,  206,  445,  784,  417,   87,  839,  568,  590,  725,  468,  549,  318,  392,  602,  616,  932,  582,  888,  383,  261,  624,  338,  359,  400,  396,  593,  421,  518,  583,  213,  547,  507,  189,  739,  400,  279,  745,  193,  282,  590,  733,  822,  136,  161,  345,  202,  226,  880,  636,  522,  389,  574,  908,  127],
        [  275,    0,  614,  246,  322,  735,  773,  136,    0,  389,   79,  238,  655,  492,  644,  159,  640,  113,  679,  277,  290,  778,  485,  389,  331,  280,  332,  296,  801,  641,  481,  328,  462,  137,  499,  699,  694,  174,  194,  727,  345,  313,  340,  820,  698,  900,  403,  204,  293,  564,  495,  200,  103,  635,  359,  422,  695,  340,  503,  140,  509,  236,  113,  169,  630,  582,  539,  558,  516,  298,  757,  385,  522,  272,  198,  270,  436,  351,  214,  505,  928,  536,  581,  457,  265,  330,  650,  406,  205,  732,  438,  462,  595,  362,  414,  189,  446,  528,  521,  858,  539,  752,  291,  203,  488,  435,  308,  395,  297,  459,  418,  400,  606,  327,  414,  376,  206,  667,  282,  281,  629,   69,  302,  488,  615,  709,  175,  244,  293,  132,  103,  760,  582,  413,  327,  485,  820,  137],
        [  540,    0,  443,  618,  254,  700,  844,  511,  389,    0,  344,  346,  896,  805,  811,  308,  713,  296,  824,  659,  274,  804,  576,  421,  479,  667,  162,  669,  909,  356,  795,  363,  401,  466,  160,  485,  556,  365,  490,  663,  298,  380,  446,  785,  678,  950,  497,  333,  484,  282,  875,  352,  300,  601,  478,  454,  418,  297,  648,  425,  853,  222,  378,  544,  561,  342,  653,  746,  129,  547,  574,  773,  198,  485,  195,  251,  811,  155,  195,  586,  991,  693,  537,  738,  643,   76,  324,  428,  590,  704,   91,   95,  436,  104,  193,  314,  809,  666,  592,  943,  756,  446,  184,  498,  225,  821,  568,  701,  160,  294,  455,  416,  926,  715,  288,   88,  430,  783,  113,  418,  573,  322,  651,  543,  550,  651,  556,  531,  557,  326,  288,  654,  766,   84,  558,  591,  861,  423],
        [  350,    0,  627,  275,  244,  777,  832,  169,   79,  344,    0,  162,  732,  571,  714,   80,  697,   49,  747,  345,  212,  831,  541,  429,  268,  343,  320,  369,  865,  631,  559,  363,  489,  128,  471,  707,  716,  223,  270,  764,  364,  353,  271,  864,  742,  958,  456,  126,  237,  553,  561,  125,   45,  675,  293,  347,  689,  359,  567,  102,  586,  237,  172,  244,  663,  580,  600,  629,  472,  371,  772,  443,  499,  221,  169,  281,  505,  282,  154,  560,  988,  603,  618,  535,  336,  277,  630,  330,  252,  775,  405,  425,  610,  301,  405,  221,  520,  592,  575,  920,  613,  740,  221,  279,  477,  496,  383,  473,  231,  466,  344,  438,  685,  379,  425,  348,  151,  731,  232,  212,  664,   50,  380,  538,  648,  746,  247,  219,  368,   53,   70,  790,  653,  355,  398,  544,  876,   99],
        [  511,    0,  722,  348,  132,  909,  983,  271,  238,  346,  162,    0,  893,  725,  873,   91,  847,  155,  905,  474,   94,  975,  691,  565,  140,  462,  394,  507, 1021,  687,  714,  496,  608,  195,  501,  789,  822,  375,  431,  889,  479,  492,  122,  997,  876, 1107,  604,   36,  138,  608,  680,   40,  166,  805,  151,  187,  748,  474,  724,  145,  731,  342,  330,  390,  786,  652,  754,  789,  465,  532,  865,  548,  536,  141,  250,  393,  633,  220,  173,  708, 1139,  761,  744,  695,  471,  270,  666,  169,  357,  908,  430,  440,  708,  262,  474,  360,  658,  748,  722, 1074,  774,  786,  167,  440,  537,  606,  544,  630,  189,  556,  185,  571,  836,  477,  524,  389,  103,  886,  246,   75,  790,  201,  529,  682,  771,  873,  387,  206,  529,  110,  196,  906,  813,  318,  559,  695, 1022,  145],
        [  385,    0,  728,  702,  958,  552,  379,  678,  655,  896,  732,  893,    0,  228,  172,  809,  356,  750,  215,  515,  933,  461,  372,  506,  974,  552,  742,  467,  321,  890,  237,  543,  587,  747,  894,  816,  703,  551,  463,  600,  617,  521,  991,  582,  519,  474,  420,  858,  928,  855,  499,  855,  739,  534, 1006, 1076,  905,  617,  279,  778,  313,  677,  573,  529,  586,  809,  309,  171,  981,  367,  793,  579,  888,  903,  741,  646,  458,  949,  815,  378,  468,  239,  548,  205,  498,  881,  954, 1061,  635,  541,  878,  909,  707,  934,  764,  593,  392,  275,  386,  391,  142,  982,  903,  454,  811,  550,  352,  279,  898,  705, 1072,  518,  227,  614,  671,  824,  849,  274,  838,  932,  567,  700,  404,  423,  579,  583,  543,  838,  367,  784,  717,  675,  162,  963,  347,  350,  451,  776],
        [  266,    0,  759,  487,  811,  669,  553,  482,  492,  805,  571,  725,  228,    0,  339,  650,  479,  599,  390,  298,  781,  616,  415,  490,  786,  332,  671,  250,  520,  890,   12,  498,  591,  557,  843,  855,  768,  440,  321,  702,  572,  470,  809,  722,  629,  667,  416,  693,  737,  838,  280,  686,  588,  617,  820,  900,  919,  569,  336,  595,  103,  585,  439,  339,  655,  809,  388,  274,  911,  264,  858,  351,  847,  711,  624,  569,  232,  823,  683,  430,  671,  322,  607,   95,  285,  773,  940,  887,  425,  659,  810,  841,  736,  820,  717,  491,  167,  350,  446,  591,  219,  995,  770,  312,  778,  323,  241,  105,  770,  686,  895,  506,  121,  389,  643,  749,  665,  429,  725,  752,  640,  549,  200,  462,  644,  683,  347,  637,  250,  623,  574,  771,  287,  859,  263,  394,  623,  594],
        [  373,    0,  579,  748,  917,  382,  217,  700,  644,  811,  714,  873,  172,  339,    0,  784,  187,  721,   52,  577,  897,  292,  244,  396,  974,  615,  651,  532,  184,  751,  343,  449,  458,  757,  783,  662,  542,  505,  454,  430,  517,  433,  983,  411,  349,  329,  315,  838,  933,  726,  618,  839,  710,  372, 1002, 1060,  759,  518,  164,  779,  440,  605,  544,  555,  427,  672,  168,   88,  880,  348,  631,  668,  772,  911,  683,  564,  564,  889,  767,  242,  334,  120,  394,  269,  555,  811,  822, 1042,  677,  370,  779,  809,  560,  866,  657,  535,  501,  147,  244,  255,  129,  836,  852,  446,  692,  652,  342,  339,  843,  583, 1057,  405,  381,  688,  557,  732,  848,  103,  773,  924,  406,  674,  458,  289,  421,  415,  574,  859,  357,  764,  683,  507,   65,  886,  318,  225,  289,  776],
        [  425,    0,  647,  325,  166,  821,  892,  229,  159,  308,   80,   91,  809,  650,  784,    0,  756,   65,  815,  419,  133,  885,  600,  476,  219,  413,  323,  445,  930,  627,  639,  408,  523,  166,  452,  718,  742,  284,  346,  804,  395,  402,  210,  909,  788, 1016,  513,   56,  201,  548,  633,   64,   75,  718,  237,  277,  687,  390,  634,  120,  665,  259,  242,  322,  701,  585,  663,  701,  435,  446,  790,  509,  484,  193,  172,  309,  579,  218,  115,  618, 1048,  671,  658,  614,  411,  235,  616,  258,  315,  821,  382,  398,  631,  246,  407,  270,  597,  658,  632,  983,  688,  731,  156,  356,  474,  564,  458,  552,  171,  481,  275,  483,  764,  441,  445,  332,  128,  796,  197,  156,  704,  112,  459,  592,  686,  787,  323,  224,  443,   29,  106,  823,  725,  302,  471,  605,  932,  118],
        [  404,    0,  410,  798,  864,  198,  137,  727,  640,  713,  697,  847,  356,  479,  187,  756,    0,  692,  159,  653,  851,  149,  157,  298,  965,  690,  553,  614,  197,  590,  479,  365,  323,  769,  654,  485,  359,  475,  473,  245,  417,  361,  965,  243,  164,  261,  244,  812,  931,  578,  744,  817,  682,  190,  989, 1031,  590,  419,  161,  780,  582,  534,  529,  598,  247,  515,  109,  209,  760,  377,  447,  765,  636,  912,  624,  485,  681,  817,  712,  139,  293,  159,  224,  391,  628,  729,  666, 1010,  727,  187,  664,  692,  393,  785,  537,  488,  625,  139,  127,  233,  264,  666,  791,  468,  557,  762,  383,  443,  777,  449, 1029,  300,  547,  768,  434,  628,  844,   95,  699,  908,  227,  651,  539,  173,  244,  229,  620,  877,  394,  741,  651,  321,  204,  794,  346,  155,  181,  777],
        [  366,    0,  595,  323,  212,  760,  828,  217,  113,  296,   49,  155,  750,  599,  721,   65,  692,    0,  751,  387,  184,  821,  536,  414,  279,  387,  280,  409,  866,  590,  588,  346,  465,  174,  425,  671,  688,  220,  289,  744,  337,  339,  274,  847,  726,  952,  449,  120,  256,  511,  605,  127,   12,  656,  300,  341,  648,  332,  570,  140,  621,  204,  179,  282,  641,  541,  599,  639,  424,  385,  739,  489,  454,  244,  127,  252,  547,  239,  106,  554,  984,  608,  598,  558,  376,  229,  586,  322,  299,  759,  359,  378,  578,  254,  364,  207,  558,  594,  568,  919,  627,  697,  179,  298,  435,  541,  399,  500,  186,  431,  339,  421,  716,  426,  392,  302,  175,  731,  183,  219,  644,   51,  413,  528,  627,  726,  287,  256,  384,   53,   42,  766,  662,  307,  410,  540,  868,  138],
        [  411,    0,  565,  793,  942,  346,  167,  740,  679,  824,  747,  905,  215,  390,   52,  815,  159,  751,    0,  624,  924,  246,  250,  405, 1009,  663,  663,  579,  135,  742,  394,  463,  457,  796,  786,  643,  518,  533,  491,  398,  527,  450, 1017,  369,  317,  278,  329,  869,  970,  722,  669,  871,  741,  348, 1037, 1092,  745,  528,  184,  815,  491,  624,  575,  598,  406,  664,  172,  133,  887,  385,  606,  718,  773,  947,  706,  581,  615,  910,  791,  243,  284,  144,  378,  319,  602,  828,  815, 1072,  721,  334,  787,  816,  547,  884,  662,  560,  552,  162,  242,  205,  179,  821,  876,  484,  693,  702,  382,  388,  865,  584, 1089,  412,  430,  736,  561,  743,  884,   66,  793,  958,  385,  705,  505,  290,  401,  385,  617,  898,  396,  795,  712,  475,  111,  901,  355,  234,  239,  813],
        [  262,    0,  784,  190,  584,  807,  764,  206,  277,  659,  345,  474,  515,  298,  577,  419,  653,  387,  624,    0,  548,  801,  527,  511,  506,   39,  572,   49,  759,  859,  287,  478,  610,  285,  749,  879,  834,  339,  228,  820,  530,  451,  537,  880,  766,  890,  475,  447,  456,  790,  218,  436,  378,  724,  542,  630,  905,  526,  493,  332,  269,  471,  296,  117,  741,  788,  545,  492,  783,  286,  914,  131,  767,  429,  464,  483,  161,  626,  490,  548,  905,  505,  689,  318,   27,  605,  885,  622,  132,  800,  697,  723,  762,  639,  644,  387,  187,  516,  566,  827,  449,  972,  565,  227,  717,  165,  274,  242,  573,  657,  625,  527,  386,  115,  609,  633,  394,  640,  556,  484,  733,  346,  119,  555,  727,  800,  104,  347,  266,  390,  379,  873,  514,  689,  314,  515,  827,  331],
        [  548,    0,  682,  437,   39,  893,  988,  352,  290,  274,  212,   94,  933,  781,  897,  133,  851,  184,  924,  548,    0,  971,  697,  559,  208,  541,  353,  577, 1033,  625,  770,  490,  586,  280,  433,  740,  787,  393,  472,  868,  458,  491,  173,  981,  863, 1108,  609,  106,  222,  548,  760,  122,  195,  789,  205,  194,  687,  454,  741,  229,  797,  324,  361,  454,  763,  599,  765,  817,  383,  567,  822,  632,  469,  230,  230,  376,  709,  132,  141,  713, 1143,  781,  726,  741,  542,  200,  597,  169,  439,  894,  362,  368,  669,  179,  427,  367,  728,  764,  725, 1082,  807,  719,   91,  481,  482,  689,  582,  682,  115,  517,  193,  563,  896,  562,  491,  330,  196,  899,  189,  151,  770,  235,  591,  681,  750,  852,  455,  300,  567,  161,  217,  876,  840,  233,  591,  704, 1022,  229],
        [  551,    0,  433,  945,  979,  141,   94,  871,  778,  804,  831,  975,  461,  616,  292,  885,  149,  821,  246,  801,  971,    0,  294,  412, 1097,  839,  649,  762,  187,  618,  617,  481,  404,  910,  720,  484,  347,  608,  618,  201,  519,  483, 1095,  126,  138,  148,  375,  940, 1066,  624,  886,  947,  812,  211, 1120, 1156,  603,  523,  309,  917,  718,  648,  665,  745,  265,  553,  257,  342,  832,  524,  420,  912,  696, 1048,  741,  597,  826,  923,  830,  274,  192,  303,  272,  532,  776,  831,  699, 1133,  874,  130,  743,  768,  423,  886,  617,  615,  767,  286,  257,  170,  398,  671,  904,  613,  620,  907,  531,  588,  887,  519, 1154,  409,  671,  916,  517,  717,  979,  191,  807, 1039,  247,  783,  687,  294,  270,  197,  767, 1017,  542,  871,  780,  271,  331,  887,  493,  298,   60,  914],
        [  267,    0,  359,  656,  711,  281,  293,  578,  485,  576,  541,  691,  372,  415,  244,  600,  157,  536,  250,  527,  697,  294,    0,  156,  808,  562,  415,  493,  339,  518,  411,  217,  217,  616,  540,  451,  355,  319,  328,  299,  279,  209,  809,  355,  240,  417,   88,  655,  776,  486,  650,  661,  526,  207,  832,  875,  534,  280,   94,  625,  511,  384,  373,  458,  241,  437,   78,  202,  638,  242,  445,  648,  529,  756,  471,  337,  583,  669,  559,   22,  449,  135,  193,  320,  501,  584,  584,  854,  586,  274,  538,  567,  338,  640,  414,  332,  534,  100,   40,  385,  239,  611,  640,  323,  449,  654,  254,  349,  627,  341,  873,  163,  510,  641,  314,  494,  688,  209,  551,  751,  226,  494,  421,   52,  230,  279,  480,  724,  262,  584,  495,  362,  215,  654,  214,   24,  335,  622],
        [  262,    0,  280,  600,  569,  348,  433,  505,  389,  421,  429,  565,  506,  490,  396,  476,  298,  414,  405,  511,  559,  412,  156,    0,  693,  541,  259,  489,  491,  401,  484,   70,  104,  526,  390,  377,  325,  217,  285,  339,  123,   77,  686,  435,  313,  550,   86,  531,  666,  354,  677,  540,  405,  246,  713,  745,  430,  124,  236,  523,  573,  237,  279,  416,  243,  320,  234,  341,  485,  248,  403,  641,  383,  649,  330,  187,  606,  519,  419,  166,  587,  281,  193,  401,  485,  431,  456,  722,  535,  346,  383,  413,  257,  488,  262,  209,  571,  250,  174,  530,  365,  505,  495,  285,  305,  661,  268,  401,  480,  202,  743,   17,  601,  617,  166,  338,  580,  363,  401,  632,  241,  380,  429,  126,  228,  320,  438,  633,  268,  465,  373,  376,  359,  499,  234,  173,  463,  520],
        [  603,    0,  861,  341,  236, 1039, 1099,  305,  331,  479,  268,  140,  974,  786,  974,  219,  965,  279, 1009,  506,  208, 1097,  808,  693,    0,  485,  533,  547, 1131,  824,  774,  625,  742,  230,  636,  928,  959,  490,  521, 1022,  613,  617,   48, 1126, 1005, 1225,  723,  167,   52,  746,  690,  155,  288,  935,   37,  134,  886,  608,  832,  197,  775,  477,  438,  449,  919,  791,  867,  887,  591,  627, 1004,  549,  672,   78,  387,  527,  655,  339,  312,  827, 1255,  866,  876,  770,  510,  403,  801,  137,  376, 1038,  565,  573,  846,  386,  614,  485,  692,  857,  842, 1187,  866,  922,  295,  530,  676,  610,  635,  700,  319,  695,  129,  700,  887,  477,  661,  526,  126,  996,  383,   65,  922,  315,  586,  804,  905, 1005,  439,  168,  620,  228,  321, 1041,  912,  440,  656,  811, 1143,  199],
        [  297,    0,  812,  158,  577,  842,  802,  191,  280,  667,  343,  462,  552,  332,  615,  413,  690,  387,  663,   39,  541,  839,  562,  541,  485,    0,  588,   86,  797,  881,  322,  505,  639,  269,  764,  906,  865,  361,  256,  854,  554,  479,  518,  916,  801,  929,  509,  438,  434,  810,  220,  425,  379,  758,  521,  611,  928,  549,  530,  318,  296,  487,  313,  135,  774,  811,  582,  530,  793,  321,  943,  109,  783,  408,  473,  503,  173,  625,  492,  584,  944,  544,  721,  355,   63,  610,  904,  605,  110,  835,  709,  735,  789,  641,  662,  407,  209,  554,  602,  865,  488,  994,  563,  256,  736,  155,  310,  280,  572,  681,  607,  557,  415,   79,  632,  645,  378,  678,  561,  467,  766,  349,  158,  590,  759,  834,  116,  322,  301,  385,  383,  906,  552,  692,  350,  551,  865,  318],
        [  406,    0,  330,  577,  350,  554,  684,  467,  332,  162,  320,  394,  742,  671,  651,  323,  553,  280,  663,  572,  353,  649,  415,  259,  533,  588,    0,  572,  748,  312,  662,  203,  247,  446,  179,  396,  434,  242,  371,  522,  137,  223,  512,  640,  528,  794,  336,  368,  523,  234,  779,  384,  278,  451,  543,  547,  369,  136,  488,  419,  731,  101,  276,  455,  418,  263,  492,  588,  242,  408,  472,  697,  196,  516,  154,  102,  711,  277,  222,  424,  834,  533,  387,  596,  551,  183,  319,  522,  532,  556,  140,  171,  317,  238,   85,  190,  698,  505,  431,  783,  601,  422,  271,  377,  158,  737,  430,  568,  250,  165,  546,  255,  791,  648,  141,   83,  450,  622,  168,  469,  427,  279,  539,  382,  405,  508,  472,  535,  421,  328,  251,  525,  608,  241,  414,  430,  705,  416],
        [  232,    0,  766,  237,  611,  773,  722,  243,  296,  669,  369,  507,  467,  250,  532,  445,  614,  409,  579,   49,  577,  762,  493,  489,  547,   86,  572,    0,  714,  850,  240,  462,  590,  322,  750,  862,  810,  333,  212,  789,  519,  434,  576,  844,  732,  847,  447,  478,  497,  783,  209,  468,  399,  693,  582,  668,  894,  514,  453,  366,  228,  472,  297,  128,  714,  777,  506,  447,  791,  254,  892,  156,  766,  471,  475,  479,  143,  646,  508,  514,  861,  464,  661,  270,   37,  619,  880,  659,  177,  766,  701,  728,  743,  656,  640,  384,  152,  476,  532,  783,  403,  963,  587,  209,  712,  174,  240,  195,  593,  646,  664,  505,  342,  157,  598,  637,  432,  597,  570,  521,  704,  364,   76,  524,  699,  768,  123,  391,  233,  417,  395,  844,  468,  704,  280,  480,  785,  365],
        [  540,    0,  591,  926, 1048,  321,   95,  870,  801,  909,  865, 1021,  321,  520,  184,  930,  197,  866,  135,  759, 1033,  187,  339,  491, 1131,  797,  748,  714,    0,  775,  524,  555,  519,  922,  850,  655,  521,  646,  618,  380,  611,  547, 1136,  310,  306,  153,  426,  985, 1093,  769,  799,  989,  856,  363, 1157, 1207,  768,  613,  299,  939,  618,  722,  694,  729,  422,  704,  269,  267,  957,  513,  600,  852,  831, 1072,  809,  675,  747, 1007,  897,  326,  151,  267,  411,  453,  736,  921,  854, 1187,  854,  309,  861,  888,  577,  978,  733,  667,  683,  274,  318,   72,  313,  841,  978,  611,  752,  836,  512,  523,  965,  644, 1204,  494,  546,  870,  630,  823, 1007,  135,  890, 1077,  401,  821,  640,  366,  422,  372,  749, 1026,  526,  912,  826,  454,  246,  988,  482,  330,  149,  936],
        [  645,    0,  186,  886,  609,  483,  689,  776,  641,  356,  631,  687,  890,  890,  751,  627,  590,  590,  742,  859,  625,  618,  518,  401,  824,  881,  312,  850,  775,    0,  883,  398,  306,  758,  198,  159,  282,  521,  639,  427,  333,  427,  796,  549,  480,  760,  481,  666,  822,   80, 1053,  683,  589,  414,  827,  809,   63,  337,  611,  729,  969,  406,  570,  747,  356,   82,  586,  720,  293,  637,  255,  989,  160,  818,  463,  380,  982,  511,  517,  514,  807,  652,  367,  801,  836,  426,   83,  784,  837,  491,  265,  268,  199,  459,  228,  475,  957,  617,  509,  783,  754,  113,  535,  643,  155, 1022,  659,  797,  511,  207,  810,  385, 1002,  947,  254,  299,  755,  682,  442,  761,  376,  591,  804,  468,  354,  425,  766,  845,  655,  635,  562,  384,  732,  424,  629,  540,  677,  727],
        [  257,    0,  754,  476,  800,  668,  556,  470,  481,  795,  559,  714,  237,   12,  343,  639,  479,  588,  394,  287,  770,  617,  411,  484,  774,  322,  662,  240,  524,  883,    0,  491,  585,  545,  834,  850,  765,  430,  310,  700,  564,  462,  798,  722,  628,  671,  410,  681,  726,  830,  276,  675,  577,  615,  808,  888,  913,  561,  334,  584,  103,  575,  428,  327,  652,  803,  387,  276,  901,  255,  854,  343,  839,  700,  614,  560,  225,  812,  672,  428,  675,  322,  603,   92,  274,  762,  932,  876,  414,  658,  801,  831,  731,  809,  708,  482,  160,  349,  443,  596,  221,  989,  759,  301,  770,  316,  233,   95,  759,  679,  884,  500,  131,  380,  635,  740,  653,  431,  715,  741,  637,  538,  189,  458,  640,  681,  336,  626,  241,  612,  563,  769,  290,  848,  256,  391,  626,  582],
        [  248,    0,  307,  549,  500,  415,  501,  450,  328,  363,  363,  496,  543,  498,  449,  408,  365,  346,  463,  478,  490,  481,  217,   70,  625,  505,  203,  462,  555,  398,  491,    0,  138,  465,  354,  402,  371,  160,  251,  402,   76,   30,  618,  502,  381,  619,  134,  463,  599,  340,  659,  471,  338,  312,  644,  675,  436,   75,  285,  459,  573,  169,  222,  375,  302,  320,  292,  386,  439,  240,  442,  609,  353,  583,  261,  121,  588,  453,  350,  230,  655,  330,  255,  414,  453,  367,  442,  653,  487,  414,  336,  367,  285,  424,  224,  143,  560,  303,  239,  597,  401,  508,  426,  253,  281,  635,  262,  402,  412,  191,  674,   76,  614,  578,  146,  285,  513,  425,  335,  563,  302,  314,  409,  193,  287,  384,  397,  571,  258,  398,  305,  432,  405,  439,  235,  230,  532,  456],
        [  366,    0,  176,  687,  589,  308,  447,  587,  462,  401,  489,  608,  587,  591,  458,  523,  323,  465,  457,  610,  586,  404,  217,  104,  742,  639,  247,  590,  519,  306,  585,  138,    0,  597,  332,  273,  234,  297,  383,  282,  130,  162,  730,  396,  282,  550,  177,  576,  721,  270,  781,  587,  458,  205,  758,  778,  330,  134,  309,  588,  676,  267,  359,  510,  178,  224,  291,  417,  438,  351,  305,  741,  317,  707,  360,  215,  710,  523,  446,  217,  592,  351,  141,  499,  585,  429,  368,  754,  624,  310,  344,  370,  153,  484,  216,  273,  675,  317,  216,  546,  449,  406,  511,  384,  237,  763,  372,  504,  492,  128,  777,   88,  699,  713,  114,  313,  637,  404,  410,  679,  184,  440,  532,  169,  164,  267,  533,  702,  371,  517,  425,  302,  431,  483,  337,  239,  461,  585],
        [  385,    0,  746,  160,  318,  871,  900,   80,  137,  466,  128,  195,  747,  557,  757,  166,  769,  174,  796,  285,  280,  910,  616,  526,  230,  269,  446,  322,  922,  758,  545,  465,  597,    0,  598,  828,  828,  310,  305,  864,  477,  449,  255,  956,  833, 1028,  537,  175,  183,  679,  486,  159,  172,  771,  264,  347,  815,  472,  626,   51,  550,  358,  248,  220,  766,  705,  666,  670,  595,  411,  889,  353,  627,  157,  297,  399,  441,  383,  272,  637, 1054,  656,  718,  542,  285,  396,  757,  338,  162,  868,  532,  551,  727,  411,  531,  324,  471,  651,  653,  982,  644,  867,  321,  312,  603,  412,  416,  471,  337,  587,  342,  537,  660,  283,  544,  475,  111,  789,  354,  200,  765,  168,  357,  622,  751,  845,  210,  108,  401,  143,  196,  896,  694,  467,  441,  615,  950,   51],
        [  580,    0,  316,  741,  414,  601,  774,  631,  499,  160,  471,  501,  894,  843,  783,  452,  654,  425,  786,  749,  433,  720,  540,  390,  636,  764,  179,  750,  850,  198,  834,  354,  332,  598,    0,  338,  429,  421,  550,  555,  278,  379,  605,  680,  586,  867,  475,  484,  638,  129,  958,  503,  427,  510,  637,  613,  260,  279,  625,  563,  907,  279,  455,  633,  461,  199,  616,  731,  114,  580,  432,  873,   39,  637,  304,  278,  890,  314,  338,  544,  912,  670,  450,  764,  730,  234,  165,  588,  702,  607,   72,   70,  315,  263,  130,  369,  877,  637,  545,  873,  752,  287,  343,  556,  101,  914,  602,  742,  319,  206,  614,  380,  962,  822,  227,  124,  578,  736,  257,  574,  477,  438,  718,  497,  453,  546,  649,  675,  594,  465,  406,  532,  748,  226,  582,  559,  779,  561],
        [  638,    0,   98,  938,  730,  345,  564,  832,  699,  485,  707,  789,  816,  855,  662,  718,  485,  671,  643,  879,  740,  484,  451,  377,  928,  906,  396,  862,  655,  159,  850,  402,  273,  828,  338,    0,  138,  551,  652,  286,  359,  429,  905,  401,  351,  620,  441,  764,  919,  210, 1054,  779,  668,  297,  936,  931,  123,  364,  544,  808,  945,  471,  609,  775,  239,  144,  508,  647,  444,  624,   96, 1010,  302,  911,  548,  430,  983,  638,  617,  442,  668,  579,  269,  762,  854,  546,  239,  905,  881,  355,  396,  406,  121,  588,  315,  516,  947,  543,  432,  654,  689,  188,  652,  654,  261, 1035,  644,  773,  629,  242,  931,  360,  958,  978,  286,  412,  844,  580,  551,  864,  260,  661,  805,  401,  242,  288,  796,  925,  644,  721,  638,  231,  655,  561,  609,  474,  542,  805],
        [  580,    0,  114,  919,  783,  208,  428,  820,  694,  556,  716,  822,  703,  768,  542,  742,  359,  688,  518,  834,  787,  347,  355,  325,  959,  865,  434,  810,  521,  282,  765,  371,  234,  828,  429,  138,    0,  530,  609,  149,  353,  393,  942,  268,  215,  483,  368,  793,  943,  310,  990,  806,  682,  171,  972,  980,  258,  358,  441,  816,  863,  484,  592,  740,  117,  235,  398,  538,  541,  561,   92,  963,  397,  931,  573,  436,  920,  701,  653,  340,  531,  471,  162,  674,  809,  606,  365,  955,  856,  218,  475,  491,  120,  654,  367,  505,  878,  435,  327,  517,  585,  325,  703,  609,  336,  981,  579,  696,  682,  270,  980,  309,  863,  941,  299,  472,  862,  454,  600,  895,  137,  667,  746,  307,  126,  151,  762,  931,  582,  740,  650,  104,  542,  637,  540,  376,  405,  813],
        [  177,    0,  460,  391,  414,  562,  610,  291,  174,  365,  223,  375,  551,  440,  505,  284,  475,  220,  533,  339,  393,  608,  319,  217,  490,  361,  242,  333,  646,  521,  430,  160,  297,  310,  421,  551,  530,    0,  130,  555,  194,  141,  491,  647,  525,  735,  234,  339,  458,  451,  540,  343,  210,  462,  515,  561,  568,  190,  350,  310,  492,  147,   63,  227,  459,  451,  379,  424,  475,  188,  599,  469,  434,  440,  191,  146,  471,  398,  266,  337,  766,  389,  410,  376,  317,  336,  548,  541,  331,  559,  378,  407,  439,  387,  307,   53,  456,  374,  352,  699,  419,  633,  354,  136,  379,  503,  207,  336,  347,  320,  559,  229,  561,  430,  272,  314,  371,  512,  291,  434,  457,  177,  298,  317,  444,  536,  248,  417,  194,  267,  180,  590,  448,  421,  205,  322,  653,  307],
        [   82,    0,  557,  330,  499,  601,  600,  255,  194,  490,  270,  431,  463,  321,  454,  346,  473,  289,  491,  228,  472,  618,  328,  285,  521,  256,  371,  212,  618,  639,  310,  251,  383,  305,  550,  652,  609,  130,    0,  606,  307,  224,  534,  680,  561,  729,  261,  396,  480,  573,  415,  394,  277,  510,  551,  615,  682,  303,  323,  326,  364,  276,  119,  134,  521,  565,  366,  367,  603,  107,  687,  358,  561,  457,  305,  273,  345,  504,  365,  349,  752,  351,  469,  270,  203,  454,  672,  599,  260,  595,  507,  536,  535,  500,  433,  182,  328,  348,  366,  679,  346,  751,  452,   10,  503,  385,  115,  217,  451,  434,  612,  301,  440,  332,  386,  443,  396,  486,  406,  474,  515,  238,  169,  345,  506,  587,  157,  409,   99,  322,  258,  654,  391,  539,  137,  321,  654,  323],
        [  558,    0,  247,  932,  869,   61,  287,  842,  727,  663,  764,  889,  600,  702,  430,  804,  245,  744,  398,  820,  868,  201,  299,  339, 1022,  854,  522,  789,  380,  427,  700,  402,  282,  864,  555,  286,  149,  555,  606,    0,  412,  415, 1011,  126,   82,  335,  347,  857,  999,  445,  948,  868,  736,   97, 1039, 1059,  406,  416,  366,  860,  802,  548,  617,  740,  105,  371,  315,  446,  668,  535,  220,  944,  526,  984,  642,  497,  881,  798,  728,  279,  383,  385,  147,  609,  794,  702,  509, 1035,  864,   72,  590,  611,  242,  755,  470,  544,  831,  353,  262,  371,  498,  473,  790,  604,  456,  952,  549,  646,  771,  369, 1058,  328,  783,  932,  382,  576,  914,  333,  688,  959,  100,  715,  718,  265,  119,   21,  763,  971,  556,  796,  703,   77,  445,  746,  509,  316,  257,  857],
        [  316,    0,  270,  580,  463,  435,  550,  475,  345,  298,  364,  479,  617,  572,  517,  395,  417,  337,  527,  530,  458,  519,  279,  123,  613,  554,  137,  519,  611,  333,  564,   76,  130,  477,  278,  359,  353,  194,  307,  412,    0,  102,  600,  523,  406,  662,  203,  447,  593,  270,  721,  459,  331,  331,  629,  649,  376,    6,  355,  464,  644,  137,  251,  420,  308,  259,  356,  458,  366,  311,  413,  660,  277,  580,  231,   86,  650,  404,  318,  288,  701,  400,  268,  489,  506,  313,  371,  625,  523,  436,  264,  294,  251,  369,  149,  158,  626,  371,  294,  648,  476,  445,  386,  311,  207,  691,  334,  474,  369,  128,  648,  118,  689,  624,   80,  216,  511,  485,  288,  550,  313,  315,  471,  246,  293,  396,  441,  579,  328,  389,  298,  429,  477,  378,  309,  295,  574,  461],
        [  219,    0,  334,  528,  503,  425,  497,  431,  313,  380,  353,  492,  521,  470,  433,  402,  361,  339,  450,  451,  491,  483,  209,   77,  617,  479,  223,  434,  547,  427,  462,   30,  162,  449,  379,  429,  393,  141,  224,  415,  102,    0,  612,  511,  389,  618,  122,  457,  589,  369,  630,  465,  330,  323,  638,  673,  465,  100,  270,  446,  544,  176,  203,  349,  318,  349,  282,  367,  461,  211,  466,  582,  379,  573,  263,  132,  559,  461,  352,  223,  653,  314,  269,  387,  426,  379,  471,  651,  464,  423,  358,  389,  311,  435,  250,  133,  531,  289,  235,  592,  379,  537,  432,  226,  308,  607,  234,  373,  419,  220,  671,   88,  587,  552,  175,  305,  503,  416,  344,  557,  317,  304,  380,  191,  303,  397,  372,  556,  229,  390,  298,  450,  387,  453,  207,  219,  532,  443],
        [  615,    0,  841,  379,  197, 1031, 1100,  333,  340,  446,  271,  122,  991,  809,  983,  210,  965,  274, 1017,  537,  173, 1095,  809,  686,   48,  518,  512,  576, 1136,  796,  798,  618,  730,  255,  605,  905,  942,  491,  534, 1011,  600,  612,    0, 1118,  998, 1225,  722,  156,   92,  718,  727,  148,  283,  926,   32,   94,  857,  596,  838,  215,  804,  463,  442,  471,  907,  766,  870,  898,  554,  638,  983,  587,  641,  116,  371,  515,  689,  301,  290,  827, 1257,  873,  866,  789,  539,  372,  769,   92,  408, 1030,  534,  540,  827,  350,  590,  480,  723,  862,  841, 1190,  879,  891,  263,  542,  650,  648,  648,  721,  287,  675,   90,  693,  914,  514,  644,  499,  145, 1001,  356,   60,  912,  315,  610,  802,  893,  995,  464,  208,  632,  225,  316, 1027,  922,  401,  666,  812, 1142,  217],
        [  621,    0,  372, 1009,  985,   89,  219,  926,  820,  785,  864,  997,  582,  722,  411,  909,  243,  847,  369,  880,  981,  126,  355,  435, 1126,  916,  640,  844,  310,  549,  722,  502,  396,  956,  680,  401,  268,  647,  680,  126,  523,  511, 1118,    0,  123,  226,  422,  963, 1100,  570,  985,  973,  839,  193, 1145, 1171,  524,  527,  397,  956,  824,  659,  708,  811,  225,  496,  343,  451,  793,  596,  324,  998,  651, 1084,  753,  606,  921,  917,  841,  334,  274,  401,  255,  633,  854,  822,  632, 1148,  939,   89,  714,  736,  368,  876,  593,  643,  866,  378,  316,  280,  506,  586,  906,  676,  581,  999,  606,  682,  888,  492, 1170,  427,  786,  994,  501,  698, 1014,  309,  805, 1065,  214,  815,  771,  336,  236,  135,  834, 1063,  615,  899,  806,  172,  443,  869,  567,  366,  165,  953],
