{
    "name": "random-55-26813",
    "comment": "size=55 seed=26813",
    "nodes": ["+0", "-0", "+1", "-1", "+2", "-2", "+3", "-3", "+4", "-4", "+5", "-5", "+6", "-6", "+7", "-7", "+8", "-8", "+9", "-9", "+10", "-10", "+11", "-11", "+12", "-12", "+13", "-13", "+14", "-14", "+15", "-15", "+16", "-16", "+17", "-17", "+18", "-18", "+19", "-19", "+20", "-20", "+21", "-21", "+22", "-22", "+23", "-23", "+24", "-24", "+25", "-25", "+26", "-26", "+27", "-27", "+28", "-28", "+29", "-29", "+30", "-30", "+31", "-31", "+32", "-32", "+33", "-33", "+34", "-34", "+35", "-35", "+36", "-36", "+37", "-37", "+38", "-38", "+39", "-39", "+40", "-40", "+41", "-41", "+42", "-42", "+43", "-43", "+44", "-44", "+45", "-45", "+46", "-46", "+47", "-47", "+48", "-48", "+49", "-49", "+50", "-50", "+51", "-51", "+52", "-52", "+53", "-53", "+54", "-54", "+55", "-55"],
    "precedence": {
        "+0": "-0",
        "+1": "-1",
        "+2": "-2",
        "+3": "-3",
        "+4": "-4",
        "+5": "-5",
        "+6": "-6",
        "+7": "-7",
        "+8": "-8",
        "+9": "-9",
        "+10": "-10",
        "+11": "-11",
        "+12": "-12",
        "+13": "-13",
        "+14": "-14",
        "+15": "-15",
        "+16": "-16",
        "+17": "-17",
        "+18": "-18",
        "+19": "-19",
        "+20": "-20",
        "+21": "-21",
        "+22": "-22",
        "+23": "-23",
        "+24": "-24",
        "+25": "-25",
        "+26": "-26",
        "+27": "-27",
        "+28": "-28",
        "+29": "-29",
        "+30": "-30",
        "+31": "-31",
        "+32": "-32",
        "+33": "-33",
        "+34": "-34",
        "+35": "-35",
        "+36": "-36",
        "+37": "-37",
        "+38": "-38",
        "+39": "-39",
        "+40": "-40",
        "+41": "-41",
        "+42": "-42",
        "+43": "-43",
        "+44": "-44",
        "+45": "-45",
        "+46": "-46",
        "+47": "-47",
        "+48": "-48",
        "+49": "-49",
        "+50": "-50",
        "+51": "-51",
        "+52": "-52",
        "+53": "-53",
        "+54": "-54",
        "+55": "-55"
    },
    "edges": [
        [    0,    0,  619,  315,  972,  315,  751,  230,  281,  670,  845, 1218,  601,  544,  680,  861,  228,  262,  474,  553,    7,  334,  801,  781,  962, 1029,  944,  101,  347,  240,  458,  827,  636,  234,  768,  397,  893,  600,  495,  586,  948,  384,  711,  529,  468,  713,  561,  144,  682,  319, 1036,  887,  371,  477,  802,  480, 1111,  902,  825,  516,  573,  518,  263,  722,  943,  812,  234,  171, 1166,  618,  800,  595,  564,  562,  651,  172,  122,  692,  852,  173,  767,  630,  810,  429,  389,  565,  301,  579,  737,  736,  888,  616,  341,  170,  691,  681,  122,  129,  872,   78,  251,  180, 1013,  644,  739,  168,  528,  930,  721,  815,  627,  834],
        [    0,    0,    0,    0,    0,    0,    0,    0,    0,    0,    0,    0,    0,    0,    0,    0,    0,    0,    0,    0,    0,    0,    0,    0,    0,    0,    0,    0,    0,    0,    0,    0,    0,    0,    0,    0,    0,    0,    0,    0,    0,    0,    0,    0,    0,    0,    0,    0,    0,    0,    0,    0,    0,    0,    0,    0,    0,    0,    0,    0,    0,    0,    0,    0,    0,    0,    0,    0,    0,    0,    0,    0,    0,    0,    0,    0,    0,    0,    0,    0,    0,    0,    0,    0,    0,    0,    0,    0,    0,    0,    0,    0,    0,    0,    0,    0,    0,    0,    0,    0,    0,    0,    0,    0,    0,    0,    0,    0,    0,    0,    0,    0],
        [  619,    0,    0,  317,  713,  449,  263,  416,  627,  132,  319,  748,  723,  105,  158,  276,  411,  418,  201,  148,  618,  489,  187,  262,  477,  721,  342,  522,  367,  416,  419,  281,  435,  389,  195,  447,  530,  625,  379,  766,  610,  308,  786,  124,  423,  120,  200,  623,  556,  618,  756,  623,  647,  446,  581,  242,  735,  762,  741,  229,  517,  656,  402,  155,  382,  198,  441,  693,  749,  725,  212,  242,  105,  418,  234,  449,  712,  158,  936,  480,  355,  285,  315,  318,  582,  616,  318,   83,  734,  133,  274,  100,  280,  454,  162,  712,  596,  673,  366,  695,  377,  458,  584,  816,  183,  668,  395,  672,  541,  284,  292,  816],
        [  315,    0,  317,    0,  850,  292,  442,  177,  422,  356,  591, 1003,  648,  232,  366,  581,   94,  114,  237,  239,  316,  340,  503,  526,  732,  887,  655,  229,  240,  103,  373,  514,  506,  125,  491,  350,  716,  590,  375,  666,  786,  221,  744,  256,  383,  401,  253,  360,  600,  433,  908,  757,  480,  404,  686,  178,  939,  836,  782,  302,  511,  564,  195,  444,  676,  503,  219,  427,  976,  659,  517,  379,  250,  446,  421,  144,  398,  378,  900,  221,  556,  426,  567,  277,  443,  565,   75,  297,  729,  444,  579,  303,   53,  145,  424,  686,  280,  396,  628,  392,   65,  194,  811,  726,  466,  406,  409,  806,  616,  557,  428,  826],
        [  972,    0,  713,  850,    0,  659,  959,  770,  749,  836,  473,  406,  504,  789,  862,  586,  905,  955,  625,  844,  968,  640,  679,  490,  373,   83,  647,  888,  646,  931,  517,  936,  348,  801,  581,  575,  204,  421,  490,  568,  135,  638,  446,  649,  507,  791,  901,  864,  294,  707,   66,   94,  679,  496,  171,  909,  209,  172,  249,  557,  404,  535,  732,  590,  527,  769,  748,  904,  295,  487,  600,  494,  803,  418,  481,  882, 1093,  858,  491,  807,  363,  444,  442,  581,  618,  454,  787,  647,  353,  649,  795,  812,  799,  897,  560,  399, 1040,  920,  432, 1016,  867,  812,  269,  562,  565,  881,  455,   45,  252,  492,  439,  335],
        [  315,    0,  449,  292,  659,    0,  670,  132,  182,  551,  579,  916,  359,  424,  571,  623,  294,  355,  252,  463,  310,   49,  598,  521,  673,  715,  716,  231,   82,  324,  144,  717,  323,  182,  536,   84,  584,  316,  186,  375,  636,  141,  459,  328,  154,  567,  501,  227,  372,  169,  723,  573,  204,  163,  488,  449,  799,  599,  529,  258,  264,  273,  101,  495,  684,  640,   97,  288,  857,  371,  571,  322,  449,  248,  382,  246,  436,  579,  614,  151,  475,  344,  537,  151,  153,  286,  219,  378,  458,  529,  713,  497,  264,  262,  452,  408,  387,  287,  596,  365,  268,  161,  709,  435,  502,  261,  216,  616,  407,  554,  339,  557],
        [  751,    0,  263,  442,  959,  670,    0,  599,  837,  133,  516,  922,  977,  247,  107,  425,  523,  499,  445,  211,  753,  716,  307,  477,  671,  957,  436,  671,  592,  514,  670,   95,  698,  556,  388,  688,  765,  884,  636, 1015,  845,  537, 1046,  375,  675,  168,  191,  798,  819,  836,  997,  873,  874,  699,  839,  272,  951, 1021, 1004,  487,  777,  906,  599,  370,  533,  228,  634,  867,  949,  981,  380,  505,  223,  679,  492,  584,  815,  106, 1197,  655,  596,  546,  530,  562,  816,  873,  484,  345,  997,  314,  264,  179,  434,  583,  401,  973,  688,  838,  565,  827,  505,  629,  793, 1069,  397,  845,  655,  921,  803,  486,  553, 1079],
        [  230,    0,  416,  177,  770,  132,  599,    0,  246,  494,  616,  991,  488,  362,  509,  638,  163,  224,  249,  388,  227,  176,  589,  553,  732,  820,  725,  130,  125,  193,  255,  659,  424,   54,  546,  209,  672,  447,  281,  498,  732,  155,  590,  311,  266,  524,  416,  208,  492,  256,  832,  680,  304,  282,  599,  350,  893,  724,  658,  287,  388,  401,   39,  501,  716,  613,   43,  278,  944,  500,  579,  365,  385,  352,  422,  116,  346,  519,  744,   65,  538,  401,  581,  203,  274,  418,  116,  363,  589,  521,  689,  438,  166,  132,  466,  540,  271,  258,  643,  298,  140,   50,  787,  559,  515,  254,  316,  726,  521,  587,  399,  688],
        [  281,    0,  627,  422,  749,  182,  837,  246,    0,  724,  749, 1055,  324,  594,  742,  801,  386,  445,  432,  627,  275,  153,  779,  694,  828,  817,  894,  252,  262,  413,  285,  890,  450,  297,  715,  221,  716,  342,  338,  306,  754,  321,  434,  508,  291,  744,  659,  139,  456,   44,  814,  674,   91,  286,  586,  596,  916,  651,  567,  438,  350,  246,  239,  675,  856,  821,  206,  158,  983,  342,  751,  495,  618,  381,  555,  318,  386,  751,  572,  207,  633,  510,  706,  330,  131,  306,  360,  559,  470,  710,  894,  668,  410,  331,  632,  412,  393,  183,  762,  293,  376,  234,  848,  364,  681,  138,  359,  710,  505,  727,  504,  563],
        [  670,    0,  132,  356,  836,  551,  133,  494,  724,    0,  412,  834,  847,  132,   26,  338,  446,  435,  317,  120,  671,  595,  222,  365,  571,  839,  374,  581,  471,  443,  541,  167,  566,  457,  281,  562,  647,  752,  505,  887,  728,  415,  914,  244,  546,   69,  138,  699,  687,  720,  877,  748,  754,  569,  710,  215,  843,  892,  873,  356,  645,  777,  488,  254,  449,  174,  526,  768,  848,  850,  283,  373,  109,  547,  363,  499,  748,   28, 1065,  554,  475,  415,  419,  435,  693,  742,  383,  213,  864,  206,  241,   57,  335,  500,  278,  841,  624,  743,  461,  747,  420,  530,  687,  940,  283,  745,  523,  797,  672,  379,  423,  947],
        [  845,    0,  319,  591,  473,  579,  516,  616,  749,  412,    0,  429,  700,  421,  435,  113,  677,  703,  373,  467,  843,  598,  214,   66,  160,  454,  190,  744,  513,  692,  470,  475,  356,  615,  131,  530,  269,  585,  415,  760,  345,  464,  719,  335,  466,  352,  517,  800,  454,  722,  498,  402,  730,  479,  403,  560,  436,  580,  597,  331,  483,  665,  587,  165,  108,  304,  622,  864,  437,  693,  136,  258,  424,  396,  198,  693,  956,  426,  840,  678,  150,  241,   49,  431,  653,  595,  561,  298,  638,  206,  323,  409,  542,  703,  169,  642,  857,  858,   50,  914,  638,  666,  278,  792,  137,  838,  403,  442,  409,   36,  247,  690],
        [ 1218,    0,  748, 1003,  406,  916,  922,  991, 1055,  834,  429,    0,  877,  850,  854,  498, 1083, 1116,  770,  896, 1214,  916,  618,  489,  274,  326,  498, 1120,  871, 1101,  778,  862,  605, 1002,  557,  844,  340,  775,  730,  943,  320,  837,  840,  751,  770,  769,  946, 1142,  626, 1017,  369,  424, 1004,  771,  500,  988,  203,  577,  649,  713,  715,  885,  956,  594,  390,  696,  985, 1196,  118,  863,  551,  632,  853,  676,  583, 1085, 1336,  844,  896, 1045,  454,  591,  441,  789,  932,  802,  961,  722,  745,  630,  681,  836,  951, 1097,  595,  781, 1252, 1201,  384, 1278, 1043, 1040,  208,  950,  566, 1171,  702,  417,  569,  465,  592,  740],
        [  601,    0,  723,  648,  504,  359,  977,  488,  324,  847,  700,  877,    0,  736,  871,  788,  650,  711,  532,  785,  595,  313,  815,  665,  715,  583,  881,  553,  413,  680,  308, 1003,  344,  539,  723,  303,  552,  116,  344,   67,  558,  454,  111,  603,  302,  841,  832,  462,  262,  283,  565,  456,  234,  278,  378,  793,  702,  365,  274,  494,  221,   87,  459,  698,  802,  883,  448,  474,  782,   20,  758,  504,  759,  319,  547,  594,  709,  875,  258,  485,  552,  485,  651,  418,  220,  109,  574,  640,  164,  752,  945,  798,  615,  610,  651,  108,  706,  504,  691,  615,  626,  504,  685,   96,  691,  458,  332,  475,  318,  692,  477,  246],
        [  544,    0,  105,  232,  789,  424,  247,  362,  594,  132,  421,  850,  736,    0,  149,  380,  325,  324,  206,   57,  544,  469,  284,  362,  578,  804,  441,  453,  345,  326,  429,  298,  485,  326,  299,  442,  615,  648,  400,  771,  694,  291,  811,  147,  435,  170,  113,  567,  602,  591,  837,  697,  627,  459,  646,  139,  828,  821,  790,  259,  545,  662,  357,  258,  486,  273,  394,  637,  846,  741,  316,  300,   25,  452,  310,  372,  628,  158,  965,  423,  441,  348,  413,  319,  569,  634,  252,  143,  769,  236,  348,   76,  206,  375,  258,  740,  508,  613,  466,  621,  295,  398,  680,  826,  285,  614,  423,  747,  596,  386,  354,  857],
        [  680,    0,  158,  366,  862,  571,  107,  509,  742,   26,  435,  854,  871,  149,    0,  358,  454,  440,  340,  128,  681,  616,  240,  389,  593,  864,  389,  593,  491,  449,  565,  150,  592,  471,  304,  584,  672,  777,  529,  910,  753,  436,  939,  269,  569,   86,  135,  713,  713,  739,  902,  774,  775,  593,  736,  216,  867,  918,  898,  381,  670,  801,  506,  279,  468,  183,  543,  783,  871,  874,  304,  399,  125,  573,  389,  509,  754,   14, 1090,  569,  500,  441,  443,  458,  714,  766,  397,  238,  890,  229,  245,   75,  349,  510,  303,  866,  630,  756,  483,  757,  430,  544,  710,  963,  307,  760,  548,  822,  698,  402,  449,  973],
        [  861,    0,  276,  581,  586,  623,  425,  638,  801,  338,  113,  498,  788,  380,  358,    0,  672,  688,  390,  416,  859,  649,  120,  124,  250,  564,   95,  761,  550,  683,  533,  374,  446,  627,   93,  587,  382,  675,  479,  846,  457,  495,  816,  333,  531,  272,  460,  834,  553,  779,  609,  515,  792,  547,  513,  516,  536,  692,  705,  366,  568,  746,  613,  139,  111,  203,  651,  902,  526,  783,   65,  309,  377,  475,  252,  699,  965,  347,  944,  702,  254,  309,  153,  473,  717,  681,  564,  286,  740,  145,  212,  349,  536,  707,  173,  739,  857,  891,  155,  933,  635,  686,  376,  883,  124,  875,  474,  555,  513,  103,  316,  797],
        [  228,    0,  411,   94,  905,  294,  523,  163,  386,  446,  677, 1083,  650,  325,  454,  672,    0,   62,  313,  327,  230,  338,  597,  612,  814,  947,  748,  157,  267,   30,  404,  600,  557,  114,  582,  367,  784,  607,  418,  658,  851,  267,  752,  344,  414,  494,  333,  298,  640,  405,  965,  813,  457,  433,  737,  253, 1008,  874,  813,  373,  541,  563,  195,  535,  766,  597,  203,  359, 1050,  663,  609,  453,  342,  491,  500,   71,  304,  466,  906,  179,  631,  498,  651,  325,  434,  579,  123,  388,  749,  537,  672,  394,  137,   63,  512,  701,  186,  325,  713,  305,   40,  153,  887,  719,  556,  343,  453,  861,  662,  644,  498,  848],
        [  262,    0,  418,  114,  955,  355,  499,  224,  445,  435,  703, 1116,  711,  324,  440,  688,   62,    0,  349,  316,  265,  399,  604,  638,  845,  994,  759,  207,  324,   33,  461,  580,  608,  174,  599,  426,  826,  667,  471,  720,  896,  318,  813,  369,  471,  489,  311,  350,  695,  466, 1014,  862,  518,  491,  788,  228, 1050,  930,  871,  412,  599,  625,  255,  553,  786,  595,  265,  408, 1088,  724,  624,  491,  338,  544,  534,  128,  317,  453,  968,  239,  668,  538,  680,  375,  496,  639,  168,  407,  809,  549,  669,  387,  166,  116,  535,  762,  191,  371,  741,  335,   91,  214,  924,  781,  576,  393,  506,  910,  715,  669,  539,  907],
        [  474,    0,  201,  237,  625,  252,  445,  249,  432,  317,  373,  770,  532,  206,  340,  390,  313,  349,    0,  258,  472,  289,  350,  308,  502,  655,  478,  373,  171,  332,  225,  478,  294,  242,  298,  247,  480,  443,  195,  571,  552,  112,  605,   78,  230,  321,  310,  447,  405,  419,  680,  531,  447,  255,  468,  293,  704,  633,  594,   68,  341,  461,  224,  254,  469,  389,  262,  515,  740,  537,  332,  143,  229,  251,  188,  321,  584,  345,  760,  313,  320,  191,  342,  119,  381,  429,  192,  127,  566,  281,  462,  266,  184,  332,  218,  535,  486,  502,  404,  545,  273,  297,  576,  624,  267,  489,  220,  581,  407,  342,  193,  656],
        [  553,    0,  148,  239,  844,  463,  211,  388,  627,  120,  467,  896,  785,   57,  128,  416,  327,  316,  258,    0,  554,  510,  312,  409,  625,  859,  469,  467,  386,  323,  479,  276,  540,  347,  341,  488,  669,  700,  452,  818,  749,  335,  862,  203,  485,  177,   57,  590,  657,  627,  892,  752,  666,  509,  702,  103,  880,  877,  846,  313,  598,  709,  389,  302,  525,  284,  424,  659,  896,  790,  354,  356,   44,  506,  365,  382,  628,  140, 1017,  446,  494,  404,  462,  368,  612,  685,  274,  198,  823,  273,  356,   75,  225,  383,  308,  793,  505,  631,  513,  630,  303,  420,  731,  874,  330,  636,  476,  802,  651,  432,  410,  912],
        [    7,    0,  618,  316,  968,  310,  753,  227,  275,  671,  843, 1214,  595,  544,  681,  859,  230,  265,  472,  554,    0,  329,  800,  779,  959, 1025,  943,   99,  344,  243,  453,  828,  632,  233,  767,  393,  889,  594,  491,  580,  944,  382,  705,  528,  463,  714,  563,  138,  677,  313, 1032,  882,  365,  472,  797,  482, 1107,  896,  819,  514,  568,  513,  260,  721,  941,  812,  230,  165, 1162,  612,  798,  592,  564,  557,  649,  173,  126,  693,  846,  170,  764,  627,  808,  426,  383,  560,  301,  578,  731,  735,  888,  617,  341,  172,  689,  676,  128,  123,  870,   77,  252,  177, 1009,  638,  737,  162,  524,  925,  716,  813,  624,  828],
        [  334,    0,  489,  340,  640,   49,  716,  176,  153,  595,  598,  916,  313,  469,  616,  649,  338,  399,  289,  510,  329,    0,  631,  542,  681,  701,  743,  260,  125,  368,  139,  760,  315,  227,  564,   73,  581,  277,  190,  326,  627,  182,  415,  366,  147,  608,  549,  228,  349,  132,  705,  558,  160,  149,  471,  497,  790,  570,  496,  287,  239,  226,  147,  524,  704,  677,  137,  281,  852,  325,  600,  343,  494,  242,  403,  286,  455,  623,  569,  183,  484,  359,  554,  180,  105,  246,  267,  415,  419,  562,  749,  541,  312,  301,  481,  368,  417,  287,  612,  377,  314,  198,  709,  386,  530,  255,  215,  599,  389,  575,  353,  518],
        [  801,    0,  187,  503,  679,  598,  307,  589,  779,  222,  214,  618,  815,  284,  240,  120,  597,  604,  350,  312,  800,  631,    0,  190,  366,  666,  158,  703,  519,  603,  533,  261,  485,  568,  103,  577,  478,  706,  483,  867,  556,  461,  858,  279,  533,  155,  351,  793,  602,  763,  709,  601,  784,  553,  585,  414,  649,  769,  770,  346,  596,  762,  570,  117,  229,   91,  608,  862,  643,  813,   80,  313,  276,  496,  269,  632,  897,  229,  995,  653,  325,  331,  238,  452,  712,  706,  500,  227,  789,   70,  132,  240,  464,  638,  165,  781,  782,  846,  262,  876,  562,  634,  489,  910,  129,  837,  486,  645,  570,  189,  340,  857],
        [  781,    0,  262,  526,  490,  521,  477,  553,  694,  365,   66,  489,  665,  362,  389,  124,  612,  638,  308,  409,  779,  542,  190,    0,  216,  482,  216,  680,  452,  627,  419,  446,  323,  550,   91,  475,  291,  551,  364,  723,  370,  402,  693,  270,  416,  310,  461,  739,  430,  668,  523,  411,  679,  430,  398,  499,  479,  581,  588,  268,  445,  625,  524,  111,  165,  280,  560,  805,  488,  660,  113,  199,  366,  353,  140,  628,  891,  382,  822,  615,  137,  190,   55,  371,  603,  558,  496,  234,  618,  163,  313,  356,  477,  638,  106,  616,  792,  797,  106,  850,  573,  603,  324,  759,   83,  778,  355,  455,  392,   35,  197,  678],
        [  962,    0,  477,  732,  373,  673,  671,  732,  828,  571,  160,  274,  715,  578,  593,  250,  814,  845,  502,  625,  959,  681,  366,  216,    0,  332,  286,  862,  618,  831,  545,  623,  390,  739,  290,  609,  185,  602,  492,  780,  238,  578,  709,  478,  538,  510,  676,  899,  454,  796,  381,  326,  793,  544,  362,  715,  288,  513,  553,  448,  516,  700,  699,  324,  162,  452,  731,  959,  279,  704,  291,  368,  582,  451,  315,  820, 1078,  584,  808,  790,  198,  333,  167,  534,  717,  620,  693,  448,  619,  365,  456,  568,  681,  832,  321,  638,  987,  959,  112, 1026,  774,  782,  128,  801,  295,  933,  470,  353,  399,  194,  336,  650],
        [ 1029,    0,  721,  887,   83,  715,  957,  820,  817,  839,  454,  326,  583,  804,  864,  564,  947,  994,  655,  859, 1025,  701,  666,  482,  332,    0,  615,  942,  695,  972,  572,  926,  396,  847,  572,  633,  193,  496,  539,  648,  112,  681,  529,  670,  562,  789,  915,  927,  361,  775,   51,  144,  750,  554,  231,  930,  127,  253,  331,  588,  468,  610,  782,  588,  492,  756,  801,  970,  214,  567,  587,  518,  817,  469,  496,  929, 1151,  859,  572,  861,  367,  467,  430,  625,  687,  528,  827,  662,  435,  644,  775,  820,  834,  944,  563,  479, 1091,  984,  409, 1077,  909,  864,  214,  644,  561,  947,  505,  110,  313,  478,  464,  417],
        [  944,    0,  342,  655,  647,  716,  436,  725,  894,  374,  190,  498,  881,  441,  389,   95,  748,  759,  478,  469,  943,  743,  158,  216,  286,  615,    0,  845,  641,  756,  628,  367,  538,  711,  181,  681,  445,  767,  574,  939,  514,  585,  905,  416,  626,  306,  507,  924,  641,  873,  663,  584,  887,  642,  591,  571,  570,  766,  786,  458,  661,  840,  702,  225,  124,  210,  740,  992,  545,  875,  147,  403,  434,  569,  346,  779, 1046,  376, 1029,  790,  339,  403,  236,  566,  812,  774,  645,  366,  827,  212,  184,  397,  614,  787,  264,  829,  934,  980,  219, 1018,  712,  773,  413,  975,  215,  966,  568,  620,  598,  190,  411,  879],
        [  101,    0,  522,  229,  888,  231,  671,  130,  252,  581,  744, 1120,  553,  453,  593,  761,  157,  207,  373,  467,   99,  260,  703,  680,  862,  942,  845,    0,  251,  178,  371,  742,  546,  135,  668,  315,  799,  535,  404,  548,  857,  285,  661,  429,  381,  621,  481,  144,  602,  281,  951,  800,  335,  393,  717,  404, 1019,  828,  756,  416,  495,  467,  165,  622,  842,  717,  141,  203, 1072,  568,  700,  495,  474,  473,  551,   88,  216,  604,  809,   81,  668,  531,  710,  332,  334,  502,  205,  479,  676,  637,  794,  527,  248,   94,  590,  622,  158,  169,  772,  174,  167,   81,  916,  608,  638,  187,  438,  845,  637,  714,  529,  774],
        [  347,    0,  367,  240,  646,   82,  592,  125,  262,  471,  513,  871,  413,  345,  491,  550,  267,  324,  171,  386,  344,  125,  519,  452,  618,  695,  641,  251,    0,  295,  138,  636,  300,  156,  460,  111,  548,  350,  157,  438,  607,   60,  505,  247,  148,  485,  428,  288,  374,  251,  708,  556,  284,  168,  476,  381,  769,  608,  548,  185,  276,  331,   88,  418,  617,  559,  114,  353,  821,  422,  495,  256,  370,  229,  315,  236,  467,  499,  662,  175,  421,  285,  474,   84,  226,  326,  166,  297,  490,  450,  632,  417,  202,  252,  377,  446,  396,  346,  534,  409,  234,  171,  666,  496,  427,  327,  192,  602,  399,  486,  282,  587],
        [  240,    0,  416,  103,  931,  324,  514,  193,  413,  443,  692, 1101,  680,  326,  449,  683,   30,   33,  332,  323,  243,  368,  603,  627,  831,  972,  756,  178,  295,    0,  433,  593,  583,  143,  593,  396,  806,  637,  445,  688,  875,  293,  782,  358,  443,  494,  325,  321,  667,  434,  990,  838,  486,  462,  763,  242, 1030,  902,  842,  394,  570,  593,  224,  546,  778,  598,  233,  380, 1071,  692,  618,  473,  342,  518,  518,   96,  306,  462,  936,  207,  651,  519,  667,  351,  464,  608,  146,  399,  779,  545,  673,  393,  151,   85,  525,  731,  183,  344,  728,  315,   64,  182,  907,  749,  568,  365,  480,  886,  689,  658,  520,  877],
        [  458,    0,  419,  373,  517,  144,  670,  255,  285,  541,  470,  778,  308,  429,  565,  533,  404,  461,  225,  479,  453,  139,  533,  419,  545,  572,  628,  371,  138,  433,    0,  699,  180,  293,  453,   66,  443,  225,   56,  347,  493,  157,  385,  298,   11,  539,  527,  365,  237,  254,  581,  430,  261,   32,  347,  495,  656,  471,  411,  193,  139,  238,  218,  419,  578,  592,  231,  419,  715,  312,  490,  226,  453,  105,  282,  370,  579,  569,  542,  290,  349,  230,  425,  112,  185,  207,  300,  338,  358,  466,  659,  491,  330,  386,  373,  320,  523,  425,  480,  508,  371,  295,  571,  399,  419,  393,   76,  474,  267,  451,  224,  455],
        [  827,    0,  281,  514,  936,  717,   95,  659,  890,  167,  475,  862, 1003,  298,  150,  374,  600,  580,  478,  276,  828,  760,  261,  446,  623,  926,  367,  742,  636,  593,  699,    0,  703,  620,  356,  725,  736,  903,  659, 1046,  816,  579, 1063,  402,  703,  163,  269,  863,  824,  886,  968,  854,  920,  726,  829,  353,  909, 1013, 1004,  509,  794,  936,  655,  349,  475,  172,  692,  932,  898, 1005,  340,  512,  274,  694,  488,  657,  896,  141, 1211,  719,  575,  547,  497,  596,  857,  896,  547,  363, 1007,  289,  186,  223,  498,  657,  388,  988,  770,  906,  523,  903,  577,  694,  749, 1096,  372,  910,  674,  900,  801,  449,  555, 1084],
        [  636,    0,  435,  506,  348,  323,  698,  424,  450,  566,  356,  605,  344,  485,  592,  446,  557,  608,  294,  540,  632,  315,  485,  323,  390,  396,  538,  546,  300,  583,  180,  703,    0,  453,  388,  244,  267,  229,  144,  404,  314,  291,  373,  338,  170,  542,  595,  543,  122,  414,  409,  257,  405,  167,  180,  586,  477,  339,  307,  230,  129,  314,  386,  370,  459,  563,  406,  594,  537,  338,  422,  194,  504,   75,  219,  535,  757,  592,  512,  466,  211,  158,  308,  233,  331,  240,  440,  356,  306,  428,  616,  528,  456,  550,  324,  296,  695,  602,  350,  687,  520,  468,  398,  438,  358,  569,  109,  304,  113,  348,  149,  382],
        [  234,    0,  389,  125,  801,  182,  556,   54,  297,  457,  615, 1002,  539,  326,  471,  627,  114,  174,  242,  347,  233,  227,  568,  550,  739,  847,  711,  135,  156,  143,  293,  620,  453,    0,  535,  254,  691,  494,  311,  551,  755,  169,  640,  295,  303,  492,  370,  243,  529,  309,  862,  710,  358,  321,  631,  301,  914,  763,  700,  291,  429,  453,   82,  488,  711,  585,   96,  313,  961,  551,  566,  372,  348,  384,  425,   84,  342,  481,  795,  100,  549,  412,  583,  223,  327,  466,   74,  345,  636,  503,  662,  401,  123,   98,  458,  588,  250,  288,  645,  308,   88,   74,  801,  612,  505,  290,  346,  757,  555,  584,  411,  735],
        [  768,    0,  195,  491,  581,  536,  388,  546,  715,  281,  131,  557,  723,  299,  304,   93,  582,  599,  298,  341,  767,  564,  103,   91,  290,  572,  181,  668,  460,  593,  453,  356,  388,  535,    0,  503,  381,  612,  400,  778,  461,  405,  761,  241,  452,  222,  389,  743,  503,  694,  613,  500,  710,  470,  483,  437,  565,  667,  668,  278,  503,  675,  522,   47,  189,  190,  560,  811,  567,  720,   37,  228,  299,  405,  177,  607,  873,  296,  896,  610,  223,  238,  143,  386,  636,  615,  472,  194,  690,   76,  231,  280,  445,  615,   84,  684,  766,  799,  180,  841,  544,  594,  407,  818,   35,  785,  399,  545,  469,   99,  247,  756],
        [  397,    0,  447,  350,  575,   84,  688,  209,  221,  562,  530,  844,  303,  442,  584,  587,  367,  426,  247,  488,  393,   73,  577,  475,  609,  633,  681,  315,  111,  396,   66,  725,  244,  254,  503,    0,  509,  242,  118,  331,  556,  153,  394,  324,   75,  567,  532,  300,  288,  194,  640,  490,  208,   80,  405,  490,  720,  516,  449,  231,  181,  223,  174,  466,  637,  629,  179,  353,  780,  312,  540,  279,  466,  170,  337,  325,  519,  590,  551,  235,  413,  290,  485,  130,  136,  216,  275,  369,  383,  508,  699,  510,  313,  341,  421,  337,  470,  359,  542,  445,  337,  243,  636,  388,  469,  328,  142,  533,  324,  508,  284,  482],
        [  893,    0,  530,  716,  204,  584,  765,  672,  716,  647,  269,  340,  552,  615,  672,  382,  784,  826,  480,  669,  889,  581,  478,  291,  185,  193,  445,  799,  548,  806,  443,  736,  267,  691,  381,  509,    0,  444,  399,  618,   81,  523,  534,  485,  435,  597,  725,  808,  293,  678,  233,  143,  665,  433,  182,  744,  225,  329,  369,  415,  376,  551,  635,  395,  328,  568,  660,  860,  273,  539,  398,  339,  627,  339,  309,  775, 1014,  667,  624,  721,  176,  290,  240,  470,  593,  468,  662,  474,  441,  452,  592,  629,  663,  789,  370,  466,  940,  867,  229,  949,  745,  719,  136,  633,  369,  835,  369,  176,  235,  290,  288,  466],
        [  600,    0,  625,  590,  421,  316,  884,  447,  342,  752,  585,  775,  116,  648,  777,  675,  607,  667,  443,  700,  594,  277,  706,  551,  602,  496,  767,  535,  350,  637,  225,  903,  229,  494,  612,  242,  444,    0,  249,  179,  457,  380,  163,  509,  217,  741,  750,  472,  151,  299,  485,  360,  263,  193,  277,  719,  608,  309,  226,  397,  111,  114,  413,  589,  687,  777,  412,  500,  685,  109,  647,  397,  671,  211,  437,  561,  716,  780,  318,  459,  437,  375,  536,  335,  215,   36,  516,  542,  143,  644,  836,  706,  550,  577,  542,   96,  692,  523,  576,  628,  579,  474,  578,  209,  580,  480,  230,  387,  209,  577,  366,  242],
        [  495,    0,  379,  375,  490,  186,  636,  281,  338,  505,  415,  730,  344,  400,  529,  479,  418,  471,  195,  452,  491,  190,  483,  364,  492,  539,  574,  404,  157,  445,   56,  659,  144,  311,  400,  118,  399,  249,    0,  390,  454,  155,  412,  261,   53,  497,  503,  412,  227,  309,  552,  400,  316,   71,  321,  479,  616,  462,  411,  150,  147,  282,  243,  368,  522,  544,  264,  469,  672,  347,  437,  173,  422,   74,  228,  392,  616,  532,  566,  324,  295,  175,  370,   99,  240,  238,  305,  297,  373,  416,  610,  457,  327,  407,  321,  341,  552,  472,  425,  550,  382,  325,  523,  438,  366,  442,   36,  446,  245,  396,  168,  465],
        [  586,    0,  766,  666,  568,  375, 1015,  498,  306,  887,  760,  943,   67,  771,  910,  846,  658,  720,  571,  818,  580,  326,  867,  723,  780,  648,  939,  548,  438,  688,  347, 1046,  404,  551,  778,  331,  618,  179,  390,    0,  624,  484,  147,  644,  344,  885,  863,  444,  327,  269,  628,  522,  216,  321,  444,  819,  767,  424,  333,  538,  278,  110,  473,  750,  863,  933,  456,  446,  848,   82,  813,  555,  795,  373,  601,  598,  688,  915,  267,  486,  614,  540,  712,  454,  225,  165,  593,  684,  221,  802,  996,  837,  636,  613,  703,  170,  696,  480,  753,  592,  638,  508,  752,   62,  745,  434,  382,  540,  384,  750,  532,  291],
        [  948,    0,  610,  786,  135,  636,  845,  732,  754,  728,  345,  320,  558,  694,  753,  457,  851,  896,  552,  749,  944,  627,  556,  370,  238,  112,  514,  857,  607,  875,  493,  816,  314,  755,  461,  556,   81,  457,  454,  624,    0,  587,  524,  562,  483,  678,  804,  855,  310,  715,  154,  108,  696,  479,  181,  822,  164,  285,  341,  486,  407,  569,  694,  476,  393,  646,  717,  903,  231,  543,  477,  412,  706,  388,  386,  838, 1069,  747,  596,  778,  256,  363,  319,  532,  627,  485,  730,  552,  429,  532,  667,  709,  734,  852,  451,  462, 1002,  914,  302, 1000,  812,  778,  144,  631,  449,  879,  421,  119,  254,  368,  360,  436],
        [  384,    0,  308,  221,  638,  141,  537,  155,  321,  415,  464,  837,  454,  291,  436,  495,  267,  318,  112,  335,  382,  182,  461,  402,  578,  681,  585,  285,   60,  293,  157,  579,  291,  169,  405,  153,  523,  380,  155,  484,  587,    0,  539,  187,  166,  427,  379,  340,  381,  310,  698,  546,  341,  189,  471,  340,  746,  616,  562,  134,  293,  375,  123,  361,  566,  500,  158,  407,  793,  461,  439,  211,  315,  227,  268,  252,  501,  442,  696,  215,  384,  247,  428,   58,  280,  360,  151,  238,  515,  392,  573,  361,  174,  266,  322,  476,  418,  397,  489,  451,  230,  205,  635,  541,  372,  381,  189,  594,  398,  436,  245,  611],
        [  711,    0,  786,  744,  446,  459, 1046,  590,  434,  914,  719,  840,  111,  811,  939,  816,  752,  813,  605,  862,  705,  415,  858,  693,  709,  529,  905,  661,  505,  782,  385, 1063,  373,  640,  761,  394,  534,  163,  412,  147,  524,  539,    0,  671,  378,  901,  912,  572,  265,  393,  503,  417,  344,  354,  352,  879,  652,  289,  200,  559,  270,  195,  559,  741,  815,  932,  551,  583,  737,   94,  794,  554,  833,  370,  590,  699,  819,  942,  158,  591,  569,  527,  671,  496,  328,  180,  669,  703,   95,  798,  989,  868,  707,  715,  695,   78,  815,  614,  703,  726,  726,  609,  661,  120,  730,  568,  392,  425,  313,  716,  519,  145],
        [  529,    0,  124,  256,  649,  328,  375,  311,  508,  244,  335,  751,  603,  147,  269,  333,  344,  369,   78,  203,  528,  366,  279,  270,  478,  670,  416,  429,  247,  358,  298,  402,  338,  295,  241,  324,  485,  509,  261,  644,  562,  187,  671,    0,  302,  244,  258,  514,  456,  496,  699,  556,  524,  326,  501,  261,  705,  675,  644,  114,  403,  535,  291,  195,  423,  313,  330,  584,  732,  606,  271,  156,  167,  308,  178,  366,  632,  272,  824,  376,  315,  206,  312,  195,  458,  498,  232,   53,  626,  211,  387,  197,  208,  375,  169,  599,  526,  568,  373,  602,  306,  358,  566,  696,  213,  558,  281,  606,  449,  301,  211,  712],
        [  468,    0,  423,  383,  507,  154,  675,  266,  291,  546,  466,  770,  302,  435,  569,  531,  414,  471,  230,  485,  463,  147,  533,  416,  538,  562,  626,  381,  148,  443,   11,  703,  170,  303,  452,   75,  435,  217,   53,  344,  483,  166,  378,  302,    0,  542,  534,  374,  227,  259,  571,  420,  264,   25,  336,  503,  647,  460,  401,  195,  129,  234,  228,  419,  574,  593,  242,  427,  706,  307,  489,  224,  458,   96,  280,  381,  589,  573,  535,  301,  343,  227,  421,  119,  188,  200,  310,  341,  350,  466,  660,  496,  339,  396,  372,  312,  534,  433,  475,  518,  381,  306,  562,  395,  418,  401,   69,  464,  257,  448,  220,  446],
        [  713,    0,  120,  401,  791,  567,  168,  524,  744,   69,  352,  769,  841,  170,   86,  272,  494,  489,  321,  177,  714,  608,  155,  310,  510,  789,  306,  621,  485,  494,  539,  163,  542,  492,  222,  567,  597,  741,  497,  885,  678,  427,  901,  244,  542,    0,  204,  731,  663,  736,  829,  706,  766,  565,  674,  277,  787,  858,  845,  348,  631,  776,  514,  202,  383,  108,  552,  801,  788,  842,  219,  350,  152,  532,  329,  542,  798,   76, 1048,  586,  429,  386,  363,  438,  701,  734,  419,  201,  845,  148,  180,  103,  374,  544,  234,  826,  676,  778,  401,  790,  465,  563,  629,  935,  229,  777,  511,  753,  642,  321,  394,  923],
        [  561,    0,  200,  253,  901,  501,  191,  416,  659,  138,  517,  946,  832,  113,  135,  460,  333,  311,  310,   57,  563,  549,  351,  461,  676,  915,  507,  481,  428,  325,  527,  269,  595,  370,  389,  532,  725,  750,  503,  863,  804,  379,  912,  258,  534,  204,    0,  611,  711,  662,  948,  809,  704,  558,  758,   84,  934,  933,  900,  367,  650,  754,  421,  353,  570,  311,  454,  679,  949,  838,  400,  412,   99,  559,  421,  395,  628,  149, 1067,  469,  550,  460,  514,  416,  652,  733,  301,  254,  875,  318,  378,  112,  250,  393,  361,  843,  501,  649,  564,  637,  315,  443,  784,  919,  381,  658,  529,  858,  707,  482,  466,  965],
        [  144,    0,  623,  360,  864,  227,  798,  208,  139,  699,  800, 1142,  462,  567,  713,  834,  298,  350,  447,  590,  138,  228,  793,  739,  899,  927,  924,  144,  288,  321,  365,  863,  543,  243,  743,  300,  808,  472,  412,  444,  855,  340,  572,  514,  374,  731,  611,    0,  570,  180,  929,  783,  229,  377,  696,  537, 1018,  779,  698,  472,  461,  382,  224,  700,  904,  820,  185,   71, 1080,  480,  778,  543,  590,  469,  602,  228,  248,  724,  710,  145,  701,  568,  760,  370,  258,  436,  316,  567,  605,  725,  896,  643,  366,  236,  662,  548,  261,   60,  820,  157,  302,  170,  934,  502,  711,   47,  440,  823,  615,  773,  564,  699],
        [  682,    0,  556,  600,  294,  372,  819,  492,  456,  687,  454,  626,  262,  602,  713,  553,  640,  695,  405,  657,  677,  349,  602,  430,  454,  361,  641,  602,  374,  667,  237,  824,  122,  529,  503,  288,  293,  151,  227,  327,  310,  381,  265,  456,  227,  663,  711,  570,    0,  414,  360,  220,  390,  211,  132,  697,  466,  236,  189,  344,  110,  260,  454,  488,  551,  681,  465,  611,  540,  251,  535,  315,  622,  157,  339,  607,  803,  713,  394,  522,  304,  278,  407,  325,  326,  177,  530,  476,  188,  547,  733,  648,  553,  622,  443,  189,  757,  627,  439,  723,  605,  530,  427,  348,  474,  588,  193,  255,   58,  452,  270,  261],
        [  319,    0,  618,  433,  707,  169,  836,  256,   44,  720,  722, 1017,  283,  591,  739,  779,  405,  466,  419,  627,  313,  132,  763,  668,  796,  775,  873,  281,  251,  434,  254,  886,  414,  309,  694,  194,  678,  299,  309,  269,  715,  310,  393,  496,  259,  736,  662,  180,  414,    0,  772,  633,   54,  252,  545,  603,  876,  608,  524,  418,  309,  203,  243,  655,  830,  808,  214,  201,  944,  300,  730,  471,  615,  346,  530,  340,  427,  747,  534,  227,  601,  482,  678,  311,   89,  263,  367,  546,  427,  693,  880,  664,  416,  354,  611,  370,  428,  226,  733,  335,  392,  252,  811,  329,  660,  182,  327,  668,  465,  702,  476,  521],
        [ 1036,    0,  756,  908,   66,  723,  997,  832,  814,  877,  498,  369,  565,  837,  902,  609,  965, 1014,  680,  892, 1032,  705,  709,  523,  381,   51,  663,  951,  708,  990,  581,  968,  409,  862,  613,  640,  233,  485,  552,  628,  154,  698,  503,  699,  571,  829,  948,  929,  360,  772,    0,  153,  744,  560,  235,  960,  166,  219,  303,  612,  469,  598,  794,  627,  541,  799,  811,  970,  253,  548,  630,  545,  850,  480,  528,  944, 1158,  897,  535,  871,  403,  495,  472,  641,  684,  519,  846,  695,  412,  684,  820,  856,  856,  959,  600,  459, 1103,  986,  454, 1081,  927,  875,  264,  620,  601,  947,  517,  107,  316,  521,  491,  383],
        [  887,    0,  623,  757,   94,  573,  873,  680,  674,  748,  402,  424,  456,  697,  774,  515,  813,  862,  531,  752,  882,  558,  601,  411,  326,  144,  584,  800,  556,  838,  430,  854,  257,  710,  500,  490,  143,  360,  400,  522,  108,  546,  417,  556,  420,  706,  809,  783,  220,  633,  153,    0,  609,  411,   88,  816,  249,  187,  235,  464,  325,  474,  642,  506,  469,  690,  660,  827,  327,  441,  523,  401,  712,  329,  390,  791, 1008,  771,  491,  720,  279,  351,  366,  489,  544,  391,  694,  556,  322,  566,  721,  722,  705,  807,  473,  357,  951,  841,  366,  934,  775,  723,  249,  526,  483,  804,  365,   51,  170,  417,  346,  331],
        [  371,    0,  647,  480,  679,  204,  874,  304,   91,  754,  730, 1004,  234,  627,  775,  792,  457,  518,  447,  666,  365,  160,  784,  679,  793,  750,  887,  335,  284,  486,  261,  920,  405,  358,  710,  208,  665,  263,  316,  216,  696,  341,  344,  524,  264,  766,  704,  229,  390,   54,  744,  609,    0,  252,  522,  647,  855,  571,  485,  438,  291,  159,  288,  674,  837,  834,  262,  242,  926,  252,  747,  484,  652,  342,  542,  392,  476,  782,  482,  280,  602,  490,  684,  334,   77,  228,  412,  573,  384,  715,  905,  700,  460,  406,  628,  326,  481,  271,  737,  382,  442,  304,  799,  276,  676,  225,  328,  642,  443,  711,  483,  475],
        [  477,    0,  446,  404,  496,  163,  699,  282,  286,  569,  479,  771,  278,  459,  593,  547,  433,  491,  255,  509,  472,  149,  553,  430,  544,  554,  642,  393,  168,  462,   32,  726,  167,  321,  470,   80,  433,  193,   71,  321,  479,  189,  354,  326,   25,  565,  558,  377,  211,  252,  560,  411,  252,    0,  326,  527,  642,  443,  381,  218,  109,  212,  244,  438,  586,  615,  255,  427,  704,  282,  507,  243,  482,   95,  296,  397,  598,  597,  510,  313,  351,  241,  433,  143,  175,  176,  331,  364,  327,  487,  680,  520,  361,  413,  391,  288,  547,  436,  485,  524,  401,  319,  563,  371,  436,  402,   77,  454,  245,  462,  234,  423],
        [  802,    0,  581,  686,  171,  488,  839,  599,  586,  710,  403,  500,  378,  646,  736,  513,  737,  788,  468,  702,  797,  471,  585,  398,  362,  231,  591,  717,  476,  763,  347,  829,  180,  631,  483,  405,  182,  277,  321,  444,  181,  471,  352,  501,  336,  674,  758,  696,  132,  545,  235,   88,  522,  326,    0,  757,  334,  185,  196,  401,  237,  389,  561,  481,  485,  671,  577,  740,  409,  364,  510,  347,  663,  248,  348,  712,  923,  734,  448,  637,  262,  299,  361,  413,  457,  306,  620,  508,  260,  541,  711,  679,  635,  727,  442,  286,  869,  754,  375,  847,  700,  641,  310,  454,  460,  716,  285,  128,   82,  411,  293,  292],
