{
    "name": "random-77-26311",
    "comment": "size=77 seed=26311",
    "nodes": ["+0", "-0", "+1", "-1", "+2", "-2", "+3", "-3", "+4", "-4", "+5", "-5", "+6", "-6", "+7", "-7", "+8", "-8", "+9", "-9", "+10", "-10", "+11", "-11", "+12", "-12", "+13", "-13", "+14", "-14", "+15", "-15", "+16", "-16", "+17", "-17", "+18", "-18", "+19", "-19", "+20", "-20", "+21", "-21", "+22", "-22", "+23", "-23", "+24", "-24", "+25", "-25", "+26", "-26", "+27", "-27", "+28", "-28", "+29", "-29", "+30", "-30", "+31", "-31", "+32", "-32", "+33", "-33", "+34", "-34", "+35", "-35", "+36", "-36", "+37", "-37", "+38", "-38", "+39", "-39", "+40", "-40", "+41", "-41", "+42", "-42", "+43", "-43", "+44", "-44", "+45", "-45", "+46", "-46", "+47", "-47", "+48", "-48", "+49", "-49", "+50", "-50", "+51", "-51", "+52", "-52", "+53", "-53", "+54", "-54", "+55", "-55", "+56", "-56", "+57", "-57", "+58", "-58", "+59", "-59", "+60", "-60", "+61", "-61", "+62", "-62", "+63", "-63", "+64", "-64", "+65", "-65", "+66", "-66", "+67", "-67", "+68", "-68", "+69", "-69", "+70", "-70", "+71", "-71", "+72", "-72", "+73", "-73", "+74", "-74", "+75", "-75", "+76", "-76", "+77", "-77"],
    "precedence": {
        "+0": "-0",
        "+1": "-1",
        "+2": "-2",
        "+3": "-3",
        "+4": "-4",
        "+5": "-5",
        "+6": "-6",
        "+7": "-7",
        "+8": "-8",
        "+9": "-9",
        "+10": "-10",
        "+11": "-11",
        "+12": "-12",
        "+13": "-13",
        "+14": "-14",
        "+15": "-15",
        "+16": "-16",
        "+17": "-17",
        "+18": "-18",
        "+19": "-19",
        "+20": "-20",
        "+21": "-21",
        "+22": "-22",
        "+23": "-23",
        "+24": "-24",
        "+25": "-25",
        "+26": "-26",
        "+27": "-27",
        "+28": "-28",
        "+29": "-29",
        "+30": "-30",
        "+31": "-31",
        "+32": "-32",
        "+33": "-33",
        "+34": "-34",
        "+35": "-35",
        "+36": "-36",
        "+37": "-37",
        "+38": "-38",
        "+39": "-39",
        "+40": "-40",
        "+41": "-41",
        "+42": "-42",
        "+43": "-43",
        "+44": "-44",
        "+45": "-45",
        "+46": "-46",
        "+47": "-47",
        "+48": "-48",
        "+49": "-49",
        "+50": "-50",
        "+51": "-51",
        "+52": "-52",
        "+53": "-53",
        "+54": "-54",
        "+55": "-55",
        "+56": "-56",
        "+57": "-57",
        "+58": "-58",
        "+59": "-59",
        "+60": "-60",
        "+61": "-61",
        "+62": "-62",
        "+63": "-63",
        "+64": "-64",
        "+65": "-65",
        "+66": "-66",
        "+67": "-67",
        "+68": "-68",
        "+69": "-69",
        "+70": "-70",
        "+71": "-71",
        "+72": "-72",
        "+73": "-73",
        "+74": "-74",
        "+75": "-75",
        "+76": "-76",
        "+77": "-77"
    },
    "edges": [
        [    0,    0,  954,  217,  361,  548,  348,  703,  795,  679,  404,  676,  665,  282,  632,  168,  368,  684,  928,  626,  435,  537,  189, 1175, 1083,  810,  422,  733,  710,  947,  331,  287,  685,  532,  682,  879,  610,  849,  840,  576,  956,  198,  506, 1084,  422, 1130, 1141,  761,  597,  413,  808,  915,  913,  714,   81,  582,  819,  798,  157,  557,  522,  950,  579,  866,  700,  243,  362,  553,  708,  902,  810,  376, 1122,  895,  377,  909,  641,  957,  974,  229,  621,  383,  721,  758,  241,  837,   78,  793, 1039,  973,  635,  168,  977,  100,  761,  724,  462, 1013,  973,  505,  478,  667,  701,  787,  424, 1035,  727,  846,  657,  564,  697,  471,  697,  294,  817,  870,  967,  688, 1132,  902,  587, 1100,  330,  872, 1160,  345,  770,  487,  661,  637,  513,  290,  552,  831,  220,  257,  112,  204,  617,  365,  175,  216,  645,  107,  438, 1024,  510,  439,  580,  501,  329,  958,  395,  977,  246,  581],
        [    0,    0,    0,    0,    0,    0,    0,    0,    0,    0,    0,    0,    0,    0,    0,    0,    0,    0,    0,    0,    0,    0,    0,    0,    0,    0,    0,    0,    0,    0,    0,    0,    0,    0,    0,    0,    0,    0,    0,    0,    0,    0,    0,    0,    0,    0,    0,    0,    0,    0,    0,    0,    0,    0,    0,    0,    0,    0,    0,    0,    0,    0,    0,    0,    0,    0,    0,    0,    0,    0,    0,    0,    0,    0,    0,    0,    0,    0,    0,    0,    0,    0,    0,    0,    0,    0,    0,    0,    0,    0,    0,    0,    0,    0,    0,    0,    0,    0,    0,    0,    0,    0,    0,    0,    0,    0,    0,    0,    0,    0,    0,    0,    0,    0,    0,    0,    0,    0,    0,    0,    0,    0,    0,    0,    0,    0,    0,    0,    0,    0,    0,    0,    0,    0,    0,    0,    0,    0,    0,    0,    0,    0,    0,    0,    0,    0,    0,    0,    0,    0,    0,    0,    0,    0,    0,    0],
        [  954,    0,    0,  982,  686,  424,  829,  618,  767,  685,  777,  359,  772,  758,  476,  965,  587,  273,  184,  344,  675,  588,  836,  222,  133,  218,  690,  314,  742,   91,  750,  734,  408,  423,  763,  651,  625,  598,  378,  653,  239,  757,  514,  226,  571,  181,  222,  513,  672,  605,  529,  222,  251,  353,  898,  512,  139,  604,  846,  631,  715,   53,  488,  749,  568,  780,  735,  612,  255,  185,  581,  627,  194,  602,  852,  587,  510,  440,  288,  734,  583,  834,  261,  213,  720,  272,  877,  302,  234,  150,  694,  787,  595,  932,  635,  403,  504,  105,  630,  515,  522,  306,  302,  405,  582,  222,  686,  119,  711,  427,  371,  581,  318,  794,  691,  137,  531,  288,  179,  188,  403,  158,  634,  357,  231,  631,  569,  468,  727,  610,  656,  853,  406,  581,  735,  790,  976,  775,  618,  852, 1001,  767,  436,  942,  744,  164,  478,  575,  689,  766,  627,  729,  817,   50,  712,  422],
        [  217,    0,  982,    0,  517,  624,  201,  590,  975,  548,  271,  769,  851,  225,  575,   50,  436,  730,  915,  693,  598,  683,  379, 1200, 1101,  803,  330,  711,  890,  995,  244,  448,  795,  573,  530,  757,  770,  738,  785,  741,  930,  293,  620, 1147,  535, 1163, 1141,  899,  767,  382,  715,  894,  885,  811,  280,  524,  844,  952,  163,  717,  699,  989,  533,  722,  849,  416,  269,  708,  727,  890,  703,  356, 1126,  784,  212,  802,  775,  886, 1062,  279,  771,  226,  728,  812,  294,  923,  234,  763, 1110, 1032,  808,  274,  871,  125,  922,  835,  481, 1021,  859,  477,  586,  732,  695,  902,  402, 1016,  595,  888,  833,  559,  664,  421,  685,  481,  684,  875,  875,  752, 1155,  971,  672, 1138,  432,  977, 1163,  459,  919,  540,  840,  531,  411,  149,  611,  980,  309,  438,  108,  358,  776,  202,   54,  370,  600,  115,  313, 1081,  506,  412,  753,  688,  412,  823,  244,  995,  307,  568],
        [  361,    0,  686,  517,    0,  267,  513,  698,  462,  711,  525,  351,  346,  389,  549,  474,  203,  422,  720,  343,   82,  176,  182,  898,  818,  609,  476,  568,  378,  653,  434,   75,  342,  317,  751,  861,  254,  814,  713,  225,  766,  231,  176,  768,  121,  845,  898,  401,  251,  383,  750,  722,  731,  381,  282,  517,  570,  440,  359,  201,  191,  667,  496,  893,  340,  121,  452,  194,  483,  695,  774,  355,  873,  854,  553,  860,  283,  841,  638,  268,  261,  546,  514,  473,  257,  507,  299,  631,  716,  665,  294,  245,  918,  403,  406,  376,  320,  767,  928,  420,  164,  381,  517,  435,  371,  826,  752,  568,  319,  417,  559,  437,  525,  109,  828,  642,  884,  398,  859,  586,  284,  811,  140,  525,  913,  110,  410,  270,  328,  634,  543,  482,  299,  472,  221,  117,  444,  163,  260,  543,  499,  150,  539,  417,  532,  715,  383,  386,  239,  199,  178,  957,  545,  721,  244,  441],
        [  548,    0,  424,  624,  267,    0,  528,  544,  530,  581,  504,  148,  467,  419,  367,  595,  190,  155,  457,   81,  275,  228,  414,  641,  556,  350,  424,  328,  466,  402,  437,  311,  192,  104,  642,  680,  311,  627,  480,  318,  506,  356,  113,  537,  149,  590,  633,  335,  347,  310,  553,  462,  474,  191,  484,  356,  303,  421,  468,  286,  352,  410,  327,  737,  326,  357,  438,  264,  222,  433,  589,  309,  608,  659,  563,  659,  230,  606,  438,  349,  280,  549,  258,  215,  334,  299,  471,  386,  494,  426,  387,  385,  708,  546,  417,  230,  186,  501,  725,  278,  106,  122,  272,  296,  286,  561,  611,  308,  413,  222,  336,  332,  285,  373,  668,  376,  664,  142,  600,  355,   52,  559,  218,  358,  648,  210,  378,   97,  428,  493,  449,  527,   50,  431,  334,  367,  591,  356,  309,  558,  629,  347,  342,  558,  490,  477,  221,  292,  354,  393,  222,  777,  539,  456,  322,  242],
        [  348,    0,  829,  201,  513,  528,    0,  389,  969,  349,   70,  676,  858,  125,  388,  220,  361,  599,  740,  582,  592,  651,  437, 1040,  939,  633,  143,  537,  887,  855,   92,  461,  716,  451,  338,  557,  746,  537,  593,  727,  748,  293,  560, 1014,  485, 1009,  968,  843,  755,  231,  515,  715,  703,  719,  374,  339,  692,  913,  202,  697,  704,  844,  353,  528,  808,  449,   96,  682,  577,  716,  503,  222,  956,  583,   40,  602,  721,  688,  951,  247,  737,   37,  569,  683,  256,  816,  317,  582,  984,  899,  800,  294,  670,  253,  891,  756,  353,  855,  659,  314,  523,  616,  530,  822,  256,  836,  397,  747,  827,  403,  485,  249,  517,  519,  486,  711,  675,  635,  995,  847,  579,  987,  389,  885,  992,  422,  874,  433,  837,  331,  213,   60,  501,  933,  297,  475,  272,  385,  750,   31,  247,  393,  418,  252,  112,  946,  357,  259,  747,  708,  356,  627,   48,  835,  270,  407],
        [  703,    0,  618,  590,  698,  544,  389,    0, 1073,   72,  319,  654,  998,  422,  181,  605,  496,  506,  466,  546,  755,  756,  718,  789,  689,  402,  282,  313, 1005,  680,  374,  683,  716,  441,  148,  177,  849,  149,  267,  848,  447,  563,  638,  840,  606,  777,  681,  869,  878,  325,  138,  429,  407,  690,  700,  190,  510,  961,  547,  814,  860,  654,  218,  197,  869,  698,  343,  794,  432,  450,  114,  360,  679,  195,  384,  213,  773,  322,  841,  509,  821,  368,  397,  572,  506,  733,  648,  317,  832,  739,  921,  583,  282,  623,  960,  748,  387,  599,  272,  282,  609,  556,  349,  802,  331,  534,   72,  588,  949,  323,  262,  265,  328,  759,  131,  482,  290,  567,  746,  719,  584,  766,  561,  827,  707,  589,  917,  466,  963,   68,  191,  445,  496,  965,  551,  723,  651,  646,  848,  392,  634,  648,  216,  625,  278,  773,  331,  314,  880,  887,  524,  264,  348,  602,  512,  304],
        [  795,    0,  767,  975,  462,  530,  969, 1073,    0, 1106,  972,  454,  133,  845,  897,  929,  620,  617,  896,  548,  381,  326,  607,  911,  875,  822,  909,  837,   86,  689,  885,  528,  388,  632, 1161, 1208,  229, 1154,  987,  243,  956,  692,  439,  707,  493,  850,  980,  255,  214,  801, 1079,  917,  938,  437,  715,  884,  722,  167,  819,  274,  276,  722,  856, 1267,  215,  561,  898,  291,  707,  879, 1118,  783,  950, 1184, 1009, 1183,  305, 1105,  544,  727,  252,  999,  750,  601,  715,  496,  746,  886,  648,  658,  169,  705, 1225,  856,  133,  376,  696,  871, 1247,  798,  471,  555,  781,  363,  781,  977, 1138,  668,  143,  752,  858,  841,  798,  502, 1198,  807, 1175,  556,  890,  587,  495,  816,  581,  426,  982,  547,  199,  609,  136, 1019,  957,  942,  580,  200,  682,  541,  892,  617,  228,  999,  952,  606,  871,  869,  971,  692,  745,  793,  224,  295,  616, 1306,  996,  816,  701,  772],
        [  679,    0,  685,  548,  711,  581,  349,   72, 1106,    0,  282,  699, 1024,  401,  232,  568,  510,  558,  536,  591,  773,  784,  713,  859,  759,  468,  263,  376, 1035,  745,  349,  689,  760,  478,   78,  209,  879,  198,  339,  875,  518,  556,  667,  905,  627,  846,  752,  911,  905,  329,  205,  500,  478,  737,  684,  226,  574, 1001,  523,  842,  881,  719,  256,  190,  906,  699,  318,  822,  489,  520,  172,  362,  750,  242,  338,  263,  810,  388,  900,  501,  854,  323,  456,  628,  500,  789,  630,  386,  896,  803,  949,  572,  330,  593,  997,  793,  412,  669,  314,  308,  637,  605,  408,  850,  341,  605,   49,  650,  977,  364,  323,  275,  388,  763,  139,  549,  348,  617,  816,  780,  624,  834,  572,  880,  778,  602,  958,  497,  991,   90,  176,  407,  534, 1008,  546,  725,  618,  643,  879,  347,  595,  646,  270,  595,  244,  838,  361,  326,  906,  904,  534,  280,  305,  671,  507,  347],
        [  404,    0,  777,  271,  525,  504,   70,  319,  972,  282,    0,  650,  867,  145,  324,  287,  354,  559,  679,  551,  601,  649,  472,  985,  883,  576,   88,  478,  891,  808,   93,  481,  695,  419,  278,  488,  745,  468,  526,  729,  685,  320,  549,  969,  480,  956,  908,  829,  759,  196,  446,  653,  640,  693,  422,  277,  642,  904,  252,  698,  713,  795,  294,  464,  800,  475,   74,  682,  529,  656,  433,  198,  897,  514,   77,  532,  710,  619,  915,  268,  732,   59,  517,  643,  274,  782,  365,  521,  942,  855,  804,  327,  601,  314,  886,  734,  322,  797,  590,  266,  513,  582,  476,  799,  221,  774,  330,  701,  832,  356,  425,  198,  462,  545,  420,  655,  605,  600,  939,  807,  555,  935,  393,  856,  932,  426,  864,  408,  843,  261,  144,  126,  472,  922,  318,  502,  337,  412,  748,   81,  316,  419,  357,  315,   43,  900,  314,  220,  753,  722,  357,  561,   41,  780,  286,  357],
        [  676,    0,  359,  769,  351,  148,  676,  654,  454,  699,  650,    0,  427,  567,  473,  738,  333,  164,  451,  109,  324,  229,  522,  557,  488,  369,  567,  387,  409,  310,  585,  413,   67,  235,  766,  769,  272,  714,  535,  297,  509,  492,  177,  418,  256,  501,  580,  219,  318,  455,  637,  468,  488,   44,  606,  474,  277,  315,  610,  274,  357,  329,  444,  839,  240,  462,  584,  254,  254,  431,  680,  455,  552,  740,  710,  736,  159,  651,  298,  492,  231,  695,  297,  157,  476,  161,  602,  433,  368,  315,  346,  520,  775,  684,  326,   94,  329,  455,  798,  410,  200,  103,  331,  153,  430,  543,  724,  243,  367,  337,  414,  470,  350,  459,  771,  362,  722,  102,  522,  236,   98,  467,  349,  210,  590,  332,  272,  243,  383,  610,  583,  675,  179,  314,  471,  465,  730,  476,  266,  705,  771,  466,  440,  697,  633,  365,  353,  434,  333,  408,  360,  865,  685,  402,  464,  353],
        [  665,    0,  772,  851,  346,  467,  858,  998,  133, 1024,  867,  427,    0,  734,  828,  804,  523,  580,  878,  502,  267,  243,  478,  940,  891,  791,  810,  790,   58,  704,  777,  406,  368,  564, 1074, 1144,  159, 1092,  943,  151,  935,  574,  362,  750,  399,  880,  991,  277,  121,  707, 1019,  894,  912,  422,  585,  809,  704,  226,  699,  184,  155,  732,  782, 1194,  207,  435,  794,  205,  668,  858, 1054,  685,  962, 1125,  898, 1126,  269, 1066,  588,  613,  198,  890,  709,  583,  603,  511,  620,  844,  691,  683,   83,  584, 1174,  730,  176,  370,  613,  873, 1192,  718,  389,  519,  733,  380,  690,  969, 1060,  663,   61,  683,  803,  753,  748,  373, 1126,  789, 1128,  525,  913,  606,  442,  844,  475,  462,  997,  441,  235,  532,   46,  940,  867,  828,  517,  268,  566,  414,  764,  494,  163,  888,  825,  483,  806,  742,  870,  724,  668,  703,  119,  165,  512, 1241,  889,  819,  589,  705],
        [  282,    0,  758,  225,  389,  419,  125,  422,  845,  401,  145,  567,  734,    0,  364,  215,  243,  510,  693,  481,  468,  527,  328,  976,  876,  579,  141,  490,  762,  773,   55,  339,  602,  355,  413,  598,  622,  568,  576,  602,  711,  175,  440,  928,  362,  939,  918,  724,  631,  158,  530,  673,  666,  610,  284,  313,  619,  791,  126,  573,  579,  766,  317,  590,  686,  331,   84,  558,  503,  668,  529,  131,  902,  614,  165,  628,  601,  686,  852,  125,  614,  157,  503,  593,  133,  714,  229,  544,  894,  813,  676,  182,  696,  208,  768,  643,  260,  797,  692,  255,  404,  518,  471,  709,  178,  796,  449,  666,  703,  334,  445,  204,  462,  401,  538,  651,  689,  538,  931,  755,  470,  914,  265,  777,  940,  298,  753,  328,  713,  356,  232,  108,  398,  813,  175,  358,  244,  268,  626,  155,  250,  275,  385,  213,  167,  861,  281,  188,  623,  584,  233,  679,  158,  771,  146,  344],
        [  632,    0,  476,  575,  549,  367,  388,  181,  897,  232,  324,  473,  828,  364,    0,  575,  351,  327,  357,  365,  597,  586,  603,  671,  568,  262,  247,  163,  832,  525,  332,  548,  536,  266,  305,  318,  676,  267,  212,  677,  361,  460,  466,  687,  445,  648,  586,  689,  707,  219,  201,  329,  316,  509,  609,   52,  352,  781,  484,  644,  696,  503,   56,  370,  690,  571,  307,  623,  259,  335,  228,  256,  576,  306,  401,  311,  595,  326,  671,  412,  646,  383,  230,  397,  403,  557,  564,  197,  673,  580,  749,  485,  371,  570,  781,  567,  230,  480,  379,  136,  441,  376,  182,  622,  212,  450,  252,  425,  777,  146,  106,  162,  162,  624,  302,  344,  346,  387,  626,  551,  405,  631,  420,  649,  610,  443,  738,  297,  791,  145,  187,  429,  318,  785,  443,  594,  607,  529,  675,  404,  609,  528,   41,  576,  286,  619,  167,  195,  711,  728,  387,  415,  364,  470,  405,  125],
        [  168,    0,  965,   50,  474,  595,  220,  605,  929,  568,  287,  738,  804,  215,  575,    0,  406,  708,  907,  667,  554,  642,  330, 1185, 1087,  793,  335,  704,  844,  974,  244,  403,  761,  550,  556,  775,  727,  754,  786,  698,  926,  253,  584, 1123,  498, 1146, 1131,  860,  722,  372,  726,  888,  881,  779,  231,  523,  827,  911,  128,  674,  653,  970,  530,  747,  808,  369,  272,  665,  711,  882,  718,  343, 1115,  800,  238,  817,  736,  892, 1033,  247,  730,  249,  714,  789,  262,  894,  186,  758, 1085, 1009,  763,  232,  886,   76,  879,  801,  462, 1009,  876,  469,  551,  706,  684,  867,  391, 1010,  616,  868,  788,  546,  659,  417,  676,  433,  705,  863,  886,  727, 1140,  945,  642, 1119,  396,  944, 1153,  421,  878,  515,  794,  544,  420,  162,  585,  940,  272,  390,   61,  313,  733,  226,   36,  325,  598,   65,  327, 1059,  492,  402,  708,  641,  379,  846,  266,  981,  274,  558],
        [  368,    0,  587,  436,  203,  190,  361,  496,  620,  510,  354,  333,  523,  243,  351,  406,    0,  316,  575,  264,  264,  296,  269,  808,  716,  458,  289,  397,  542,  580,  272,  198,  362,  166,  554,  660,  393,  614,  531,  379,  612,  172,  199,  723,  128,  762,  779,  482,  410,  186,  552,  569,  572,  375,  313,  316,  453,  552,  279,  347,  374,  582,  297,  691,  448,  227,  281,  330,  346,  550,  574,  163,  758,  655,  400,  662,  360,  658,  627,  160,  379,  388,  365,  392,  145,  488,  291,  460,  682,  610,  455,  201,  722,  357,  533,  403,  125,  649,  730,  219,  163,  304,  354,  470,  170,  684,  551,  478,  483,  232,  377,  236,  356,  274,  626,  510,  693,  325,  765,  542,  237,  733,   69,  542,  798,   94,  513,  120,  495,  432,  346,  350,  185,  572,  149,  247,  403,  198,  396,  392,  440,  193,  346,  369,  351,  660,  188,  185,  406,  394,   43,  755,  382,  612,  133,  254],
        [  684,    0,  273,  730,  422,  155,  599,  506,  617,  558,  559,  164,  580,  510,  327,  708,  316,    0,  308,   84,  424,  357,  564,  493,  404,  211,  472,  224,  567,  267,  513,  465,  231,  158,  629,  610,  422,  554,  371,  439,  361,  487,  259,  418,  303,  447,  478,  381,  464,  369,  477,  318,  334,  192,  626,  339,  148,  478,  584,  411,  487,  266,  309,  684,  403,  509,  504,  389,   90,  285,  522,  382,  454,  578,  629,  574,  316,  489,  358,  469,  383,  612,  134,   84,  454,  233,  607,  270,  386,  303,  498,  517,  611,  668,  489,  253,  251,  347,  635,  298,  259,   62,  170,  300,  344,  410,  577,  162,  521,  211,  255,  365,  189,  528,  617,  224,  559,   64,  451,  249,  149,  417,  361,  322,  493,  359,  435,  198,  537,  470,  467,  612,  134,  474,  465,  520,  713,  502,  417,  626,  743,  494,  291,  679,  534,  352,  246,  342,  476,  533,  355,  705,  598,  303,  445,  219],
        [  928,    0,  184,  915,  720,  457,  740,  466,  896,  536,  679,  451,  878,  693,  357,  907,  575,  308,    0,  391,  731,  664,  842,  324,  224,  119,  597,  204,  858,  271,  673,  753,  513,  414,  613,  474,  722,  423,  206,  743,   61,  734,  566,  406,  600,  314,  229,  645,  766,  536,  359,   40,   68,  461,  884,  403,  175,  741,  798,  716,  794,  234,  387,  575,  686,  793,  652,  695,  238,   26,  411,  566,  220,  423,  756,  406,  610,  256,  467,  700,  681,  737,  212,  297,  687,  420,  852,  160,  418,  332,  796,  764,  412,  887,  764,  521,  466,  134,  446,  439,  562,  364,  227,  542,  517,  109,  528,  234,  818,  365,  255,  496,  233,  822,  521,   90,  347,  355,  281,  354,  456,  308,  635,  514,  254,  642,  701,  464,  834,  472,  543,  774,  422,  725,  713,  808,  929,  773,  716,  758,  942,  767,  323,  896,  641,  348,  420,  506,  780,  841,  618,  548,  719,  150,  683,  351],
        [  626,    0,  344,  693,  343,   81,  582,  546,  548,  591,  551,  109,  502,  481,  365,  667,  264,   84,  391,    0,  342,  275,  494,  560,  477,  292,  467,  291,  493,  322,  493,  391,  172,  133,  657,  665,  344,  610,  442,  359,  444,  433,  176,  460,  228,  510,  556,  325,  385,  356,  534,  401,  416,  149,  564,  365,  229,  419,  540,  330,  404,  329,  335,  732,  335,  437,  489,  308,  166,  368,  575,  361,  531,  638,  615,  636,  243,  564,  371,  422,  307,  600,  207,  134,  407,  234,  550,  343,  419,  347,  420,  462,  678,  620,  424,  203,  230,  425,  699,  303,  180,   42,  234,  261,  331,  493,  615,  227,  445,  228,  312,  366,  251,  451,  664,  307,  629,   62,  520,  279,   66,  479,  298,  307,  570,  291,  375,  154,  460,  501,  477,  587,   83,  421,  411,  446,  666,  436,  340,  611,  701,  428,  333,  632,  532,  398,  247,  333,  396,  450,  298,  762,  588,  378,  396,  244],
        [  435,    0,  675,  598,   82,  275,  592,  755,  381,  773,  601,  324,  267,  468,  597,  554,  264,  424,  731,  342,    0,  113,  249,  880,  807,  624,  548,  596,  297,  633,  511,  152,  300,  347,  818,  913,  176,  864,  745,  145,  780,  312,  166,  734,  153,  824,  893,  334,  169,  449,  796,  736,  748,  347,  354,  569,  570,  364,  440,  123,  113,  650,  546,  951,  267,  193,  528,  120,  496,  707,  824,  424,  867,  902,  632,  906,  224,  873,  594,  348,  188,  624,  532,  463,  337,  471,  376,  657,  680,  637,  212,  326,  960,  483,  328,  330,  370,  764,  973,  474,  171,  375,  542,  382,  434,  833,  813,  557,  238,  458,  594,  500,  552,  155,  885,  647,  923,  389,  844,  557,  277,  790,  210,  475,  905,  177,  337,  305,  247,  693,  610,  563,  316,  398,  302,  180,  522,  242,  183,  622,  579,  230,  583,  496,  606,  686,  431,  448,  157,  132,  248, 1009,  623,  714,  323,  481],
        [  537,    0,  588,  683,  176,  228,  651,  756,  326,  784,  649,  229,  243,  527,  586,  642,  296,  357,  664,  275,  113,    0,  355,  784,  717,  566,  584,  554,  251,  537,  564,  250,  194,  322,  837,  902,   98,  850,  707,   92,  717,  392,  120,  628,  169,  727,  808,  226,  122,  475,  778,  675,  690,  245,  458,  567,  495,  270,  522,   59,  131,  558,  540,  952,  167,  296,  576,   38,  439,  641,  812,  458,  780,  884,  690,  885,  112,  832,  484,  417,   89,  680,  479,  380,  403,  365,  473,  611,  572,  535,  165,  411,  934,  575,  242,  220,  373,  681,  951,  477,  148,  300,  498,  271,  456,  762,  819,  470,  193,  441,  563,  517,  512,  266,  884,  577,  891,  311,  750,  454,  210,  692,  263,  363,  818,  231,  237,  290,  207,  699,  632,  630,  276,  298,  377,  288,  616,  336,  100,  681,  670,  324,  564,  588,  646,  583,  426,  468,  127,  180,  295,  999,  675,  630,  389,  463],
        [  189,    0,  836,  379,  182,  414,  437,  718,  607,  713,  472,  522,  478,  328,  603,  330,  269,  564,  842,  494,  249,  355,    0, 1054,  968,  725,  453,  665,  522,  814,  381,  111,  520,  429,  735,  892,  423,  852,  795,  388,  880,  157,  346,  939,  270, 1003, 1039,  580,  409,  396,  798,  837,  841,  556,  109,  559,  709,  612,  244,  371,  333,  823,  547,  902,  516,   62,  408,  368,  608,  816,  812,  359, 1016,  896,  475,  906,  464,  921,  815,  213,  436,  474,  631,  628,  213,  682,  145,  728,  889,  832,  446,  146,  970,  255,  573,  556,  390,  908,  973,  467,  325,  534,  622,  616,  395,  950,  759,  721,  468,  498,  642,  458,  624,  106,  844,  772,  948,  554, 1013,  756,  444,  972,  208,  705, 1056,  205,  586,  380,  473,  650,  538,  391,  432,  646,  167,   69,  287,   75,  431,  463,  349,   77,  605,  267,  493,  883,  450,  412,  392,  314,  228,  981,  479,  866,  207,  519],
        [ 1175,    0,  222, 1200,  898,  641, 1040,  789,  911,  859,  985,  557,  940,  976,  671, 1185,  808,  493,  324,  560,  880,  784, 1054,    0,  103,  411,  899,  510,  903,  248,  965,  951,  594,  645,  937,  781,  806,  736,  526,  839,  349,  979,  724,  219,  787,   62,  142,  667,  853,  821,  677,  360,  384,  541, 1119,  713,  359,  745, 1066,  822,  907,  232,  692,  887,  734,  997,  948,  804,  474,  341,  728,  845,  126,  727, 1061,  708,  693,  540,  373,  956,  764, 1043,  474,  427,  941,  431, 1098,  479,  272,  257,  868, 1008,  695, 1153,  785,  579,  725,  192,  733,  728,  736,  520,  511,  561,  799,  275,  851,  334,  881,  643,  565,  792,  524, 1007,  837,  330,  630,  502,   46,  336,  615,   97,  854,  486,  123,  850,  718,  689,  896,  794,  856, 1068,  626,  714,  956, 1005, 1197,  994,  798, 1062, 1220,  986,  633, 1163,  950,  220,  695,  790,  872,  959,  848,  843, 1025,  206,  933,  635],
        [ 1083,    0,  133, 1101,  818,  556,  939,  689,  875,  759,  883,  488,  891,  876,  568, 1087,  716,  404,  224,  477,  807,  717,  968,  103,    0,  308,  798,  407,  858,  188,  864,  867,  532,  551,  837,  690,  748,  642,  428,  778,  256,  886,  646,  232,  704,   95,  108,  624,  795,  720,  581,  262,  287,  477, 1028,  610,  264,  709,  969,  758,  843,  160,  590,  794,  685,  912,  847,  740,  377,  240,  632,  746,   77,  636,  959,  618,  634,  454,  356,  860,  706,  941,  374,  346,  846,  382, 1005,  377,  270,  221,  815,  916,  611, 1056,  745,  523,  628,   91,  648,  627,  655,  438,  409,  515,  699,  192,  752,  251,  831,  543,  463,  691,  422,  926,  742,  229,  545,  421,   58,  288,  535,  101,  765,  453,  108,  763,  678,  597,  846,  693,  754,  967,  537,  682,  863,  922, 1100,  906,  741,  960, 1122,  898,  531, 1067,  848,  201,  596,  690,  813,  895,  757,  756,  923,  107,  839,  535],
        [  810,    0,  218,  803,  609,  350,  633,  402,  822,  468,  576,  369,  791,  579,  262,  793,  458,  211,  119,  292,  624,  566,  725,  411,  308,    0,  491,  100,  776,  281,  562,  638,  434,  297,  546,  453,  632,  397,  184,  650,  158,  616,  461,  439,  488,  386,  339,  577,  675,  422,  323,  114,  125,  387,  766,  303,  121,  675,  682,  621,  695,  253,  282,  544,  608,  677,  543,  599,  128,   93,  375,  451,  324,  410,  652,  399,  525,  286,  457,  582,  593,  634,   95,  227,  569,  377,  734,   89,  434,  341,  708,  645,  424,  771,  692,  450,  348,  222,  453,  326,  454,  272,  110,  483,  403,  227,  471,  201,  732,  248,  156,  386,  118,  709,  482,   83,  365,  268,  365,  336,  356,  370,  518,  475,  361,  527,  633,  347,  747,  394,  446,  664,  311,  665,  594,  693,  813,  656,  628,  654,  828,  650,  224,  780,  540,  372,  303,  392,  687,  739,  500,  539,  616,  209,  564,  236],
        [  422,    0,  690,  330,  476,  424,  143,  282,  909,  263,   88,  567,  810,  141,  247,  335,  289,  472,  597,  467,  548,  584,  453,  899,  798,  491,    0,  395,  831,  720,   94,  442,  615,  335,  284,  457,  681,  428,  455,  668,  607,  296,  478,  881,  416,  869,  826,  753,  698,  114,  393,  573,  561,  610,  422,  197,  554,  832,  266,  636,  659,  707,  211,  453,  729,  445,   64,  619,  441,  574,  390,  127,  814,  474,  163,  489,  637,  557,  828,  241,  664,  145,  430,  555,  242,  697,  368,  440,  855,  767,  743,  311,  558,  343,  817,  654,  239,  713,  552,  178,  443,  496,  390,  718,  138,  694,  310,  613,  771,  268,  343,  110,  376,  512,  398,  570,  553,  514,  854,  720,  474,  848,  338,  773,  849,  371,  791,  328,  783,  216,   92,  183,  389,  848,  288,  471,  375,  386,  683,  163,  367,  390,  276,  347,   66,  812,  227,  135,  694,  674,  300,  539,  128,  694,  251,  269],
        [  733,    0,  314,  711,  568,  328,  537,  313,  837,  376,  478,  387,  790,  490,  163,  704,  397,  224,  204,  291,  596,  554,  665,  510,  407,  100,  395,    0,  783,  369,  469,  588,  453,  251,  454,  390,  632,  334,  153,  643,  224,  544,  440,  530,  450,  486,  432,  604,  671,  333,  257,  184,  181,  415,  696,  204,  198,  701,  598,  612,  679,  344,  185,  472,  623,  622,  448,  590,  136,  180,  305,  365,  420,  356,  555,  350,  533,  279,  530,  505,  596,  536,   93,  271,  493,  432,  659,   64,  520,  427,  708,  572,  389,  687,  711,  477,  277,  320,  412,  236,  426,  284,   57,  520,  316,  307,  384,  276,  733,  170,   57,  292,   44,  662,  407,  182,  339,  288,  464,  409,  349,  469,  462,  529,  455,  476,  658,  299,  749,  298,  347,  570,  282,  697,  523,  640,  728,  593,  629,  556,  739,  589,  124,  695,  441,  462,  224,  303,  680,  719,  438,  483,  518,  308,  490,  152],
        [  710,    0,  742,  890,  378,  466,  887, 1005,   86, 1035,  891,  409,   58,  762,  832,  844,  542,  567,  858,  493,  297,  251,  522,  903,  858,  776,  831,  783,    0,  671,  803,  443,  346,  566, 1088, 1146,  157, 1093,  935,  163,  916,  608,  368,  708,  416,  842,  960,  237,  133,  724, 1019,  876,  896,  398,  630,  816,  684,  174,  735,  196,  191,  701,  788, 1200,  175,  475,  818,  214,  656,  839, 1055,  705,  930, 1124,  926, 1124,  252, 1056,  545,  643,  188,  918,  699,  562,  632,  476,  661,  835,  648,  647,   88,  620, 1169,  771,  125,  342,  623,  845, 1189,  727,  398,  505,  726,  344,  706,  945, 1069,  637,   60,  686,  799,  767,  742,  417, 1132,  769, 1122,  509,  878,  571,  436,  807,  499,  420,  965,  466,  189,  539,   51,  949,  882,  859,  516,  215,  598,  456,  807,  532,  158,  917,  866,  521,  808,  783,  892,  685,  675,  718,  140,  211,  535, 1243,  915,  790,  618,  707],
        [  947,    0,   91,  995,  653,  402,  855,  680,  689,  745,  808,  310,  704,  773,  525,  974,  580,  267,  271,  322,  633,  537,  814,  248,  188,  281,  720,  369,  671,    0,  772,  709,  348,  424,  822,  727,  563,  674,  454,  594,  328,  752,  478,  163,  545,  192,  291,  437,  610,  626,  601,  307,  336,  294,  885,  555,  173,  524,  850,  576,  661,   39,  528,  823,  498,  756,  760,  558,  279,  268,  653,  644,  261,  681,  881,  667,  449,  526,  198,  735,  521,  863,  298,  189,  720,  195,  870,  369,  154,   63,  628,  781,  679,  934,  558,  336,  515,  191,  713,  543,  493,  281,  344,  328,  602,  312,  750,  108,  644,  453,  423,  610,  363,  762,  762,  208,  615,  261,  214,  103,  372,  159,  619,  271,  295,  612,  491,  463,  659,  665,  696,  873,  396,  499,  729,  763,  979,  758,  555,  880, 1009,  749,  484,  945,  778,   95,  499,  597,  629,  713,  618,  809,  848,  139,  710,  452],
        [  331,    0,  750,  244,  434,  437,   92,  374,  885,  349,   93,  585,  777,   55,  332,  244,  272,  513,  673,  493,  511,  564,  381,  965,  864,  562,   94,  469,  803,  772,    0,  388,  625,  362,  359,  549,  660,  521,  543,  642,  687,  227,  470,  929,  397,  931,  900,  753,  671,  146,  486,  651,  642,  628,  338,  281,  612,  824,  174,  611,  623,  762,  289,  538,  719,  382,   32,  596,  496,  648,  483,  132,  886,  567,  128,  582,  631,  649,  862,  175,  649,  116,  492,  597,  181,  726,  282,  519,  898,  814,  716,  236,  651,  250,  803,  665,  264,  782,  645,  238,  434,  527,  456,  731,  170,  773,  397,  664,  744,  324,  421,  178,  445,  452,  487,  637,  646,  546,  920,  760,  488,  907,  305,  794,  923,  338,  785,  343,  754,  308,  184,  103,  411,  844,  225,  409,  282,  320,  663,  122,  277,  327,  357,  254,  113,  862,  274,  176,  664,  631,  270,  628,  112,  759,  193,  330],
        [  287,    0,  734,  448,   75,  311,  461,  683,  528,  689,  481,  413,  406,  339,  548,  403,  198,  465,  753,  391,  152,  250,  111,  951,  867,  638,  442,  588,  443,  709,  388,    0,  410,  342,  723,  852,  326,  808,  726,  296,  795,  170,  237,  830,  164,  899,  942,  475,  320,  361,  748,  751,  758,  446,  208,  510,  612,  514,  293,  273,  253,  719,  493,  875,  414,   49,  410,  267,  517,  728,  767,  328,  918,  850,  501,  858,  356,  854,  705,  215,  335,  495,  544,  524,  208,  572,  225,  651,  780,  724,  361,  179,  918,  332,  479,  446,  322,  811,  926,  413,  217,  431,  540,  507,  353,  861,  732,  618,  386,  427,  572,  420,  545,   77,  813,  679,  890,  449,  910,  647,  337,  866,  129,  595,  958,  113,  485,  292,  393,  617,  516,  425,  335,  546,  165,   56,  371,   91,  333,  490,  428,   79,  543,  345,  493,  775,  385,  370,  306,  249,  162,  945,  496,  767,  196,  450],
        [  685,    0,  408,  795,  342,  192,  716,  716,  388,  760,  695,   67,  368,  602,  536,  761,  362,  231,  513,  172,  300,  194,  520,  594,  532,  434,  615,  453,  346,  348,  625,  410,    0,  288,  825,  835,  218,  780,  601,  247,  571,  510,  180,  435,  266,  535,  629,  154,  265,  501,  703,  532,  552,   56,  612,  534,  339,  249,  634,  228,  314,  372,  504,  903,  175,  459,  627,  211,  321,  494,  745,  498,  600,  806,  752,  802,  102,  717,  297,  517,  176,  738,  364,  216,  501,  172,  613,  499,  380,  342,  288,  536,  841,  703,  259,   41,  377,  507,  864,  465,  211,  170,  398,  108,  477,  601,  786,  295,  307,  397,  480,  522,  416,  446,  835,  423,  789,  168,  561,  261,  142,  500,  366,  187,  636,  344,  206,  288,  323,  671,  637,  710,  231,  250,  490,  458,  747,  482,  211,  746,  792,  471,  504,  715,  681,  390,  407,  483,  282,  366,  384,  931,  728,  453,  488,  414],
        [  532,    0,  423,  573,  317,  104,  451,  441,  632,  478,  419,  235,  564,  355,  266,  550,  166,  158,  414,  133,  347,  322,  429,  645,  551,  297,  335,  251,  566,  424,  362,  342,  288,    0,  539,  581,  410,  529,  399,  413,  454,  335,  202,  575,  199,  601,  614,  436,  443,  224,  457,  410,  417,  277,  479,  253,  288,  524,  426,  381,  438,  422,  224,  635,  429,  380,  357,  359,  180,  388,  490,  231,  593,  563,  483,  565,  333,  527,  500,  312,  381,  468,  203,  240,  297,  365,  455,  314,  540,  460,  484,  365,  616,  511,  520,  325,   99,  484,  632,  177,  181,  165,  201,  388,  198,  522,  508,  319,  512,  120,  248,  236,  208,  413,  566,  344,  577,  185,  601,  400,  149,  573,  222,  439,  632,  230,  481,   51,  526,  389,  350,  459,   58,  533,  312,  396,  556,  362,  409,  479,  585,  355,  243,  522,  400,  509,  120,  201,  448,  474,  208,  678,  455,  446,  289,  142],
        [  682,    0,  763,  530,  751,  642,  338,  148, 1161,   78,  278,  766, 1074,  413,  305,  556,  554,  629,  613,  657,  818,  837,  735,  937,  837,  546,  284,  454, 1088,  822,  359,  723,  825,  539,    0,  248,  933,  253,  414,  926,  594,  579,  722,  983,  676,  924,  828,  975,  957,  370,  274,  577,  555,  805,  696,  293,  651, 1063,  528,  893,  928,  797,  323,  193,  966,  727,  330,  874,  563,  598,  234,  397,  826,  292,  319,  315,  870,  455,  975,  524,  910,  307,  532,  701,  525,  861,  639,  464,  973,  880, 1002,  591,  378,  590, 1056,  859,  466,  746,  355,  365,  691,  674,  484,  918,  385,  681,   95,  726, 1030,  430,  400,  322,  464,  794,  166,  627,  405,  687,  893,  855,  687,  912,  612,  951,  854,  643, 1020,  554, 1043,  160,  209,  398,  596, 1071,  571,  754,  609,  669,  934,  330,  580,  673,  344,  590,  247,  915,  421,  372,  956,  947,  574,  297,  291,  749,  534,  415],
        [  879,    0,  651,  757,  861,  680,  557,  177, 1208,  209,  488,  769, 1144,  598,  318,  775,  660,  610,  474,  665,  913,  902,  892,  781,  690,  453,  457,  390, 1146,  727,  549,  852,  835,  581,  248,    0,  990,   57,  274,  994,  435,  738,  783,  876,  761,  783,  655,  988, 1023,  497,  134,  434,  406,  801,  876,  345,  573, 1083,  722,  961, 1013,  695,  367,  107,  998,  870,  518,  939,  524,  467,   91,  533,  660,   57,  546,   80,  904,  249,  909,  685,  959,  532,  483,  661,  681,  821,  824,  365,  880,  789, 1065,  758,  132,  797, 1089,  862,  544,  603,  108,  442,  758,  668,  441,  909,  501,  509,  164,  652, 1092,  462,  356,  436,  422,  928,   83,  520,  174,  674,  743,  787,  714,  780,  727,  918,  680,  753, 1040,  614, 1107,  244,  366,  614,  630, 1082,  725,  894,  823,  819,  989,  556,  803,  821,  339,  799,  449,  814,  483,  484, 1028, 1044,  692,   98,  513,  622,  686,  440],
        [  610,    0,  625,  770,  254,  311,  746,  849,  229,  879,  745,  272,  159,  622,  676,  727,  393,  422,  722,  344,  176,   98,  423,  806,  748,  632,  681,  632,  157,  563,  660,  326,  218,  410,  933,  990,    0,  937,  784,   41,  778,  480,  212,  630,  266,  746,  846,  177,   48,  572,  864,  737,  754,  273,  529,  659,  549,  189,  609,   54,  117,  588,  632, 1044,  100,  368,  672,   64,  509,  701,  900,  555,  817,  970,  785,  970,  116,  907,  475,  509,   43,  775,  550,  428,  496,  376,  551,  686,  572,  550,   77,  497, 1017,  657,  153,  228,  468,  723, 1035,  571,  243,  361,  575,  257,  553,  815,  913,  512,  103,  530,  646,  613,  590,  324,  976,  633,  970,  367,  775,  470,  284,  711,  357,  348,  853,  325,  166,  383,  118,  793,  729,  723,  361,  224,  466,  355,  697,  416,   10,  776,  753,  404,  652,  670,  743,  595,  519,  564,   68,  168,  391, 1088,  771,  670,  482,  552],
        [  849,    0,  598,  738,  814,  627,  537,  149, 1154,  198,  468,  714, 1092,  568,  267,  754,  614,  554,  423,  610,  864,  850,  852,  736,  642,  397,  428,  334, 1093,  674,  521,  808,  780,  529,  253,   57,  937,    0,  221,  942,  387,  701,  731,  824,  712,  735,  612,  932,  971,  457,   78,  384,  357,  745,  842,  299,  517, 1028,  693,  909,  963,  642,  319,  153,  944,  827,  490,  887,  468,  415,   41,  494,  616,   47,  531,   66,  850,  213,  854,  648,  906,  515,  427,  605,  643,  765,  791,  310,  827,  735, 1012,  722,  134,  770, 1034,  806,  496,  555,  125,  396,  707,  612,  385,  853,  459,  465,  160,  597, 1039,  410,  300,  395,  366,  885,  105,  466,  153,  618,  696,  732,  660,  730,  682,  862,  638,  707,  985,  563, 1054,  213,  337,  593,  577, 1027,  687,  852,  799,  779,  936,  539,  783,  780,  286,  773,  427,  761,  434,  442,  976,  995,  647,  152,  496,  571,  648,  388],
        [  840,    0,  378,  785,  713,  480,  593,  267,  987,  339,  526,  535,  943,  576,  212,  786,  531,  371,  206,  442,  745,  707,  795,  526,  428,  184,  455,  153,  935,  454,  543,  726,  601,  399,  414,  274,  784,  221,    0,  796,  181,  662,  592,  604,  597,  519,  414,  750,  823,  428,  154,  167,  142,  559,  813,  264,  305,  847,  695,  765,  831,  422,  262,  372,  773,  757,  517,  743,  281,  196,  206,  464,  413,  228,  601,  216,  684,  129,  638,  617,  748,  583,  238,  405,  607,  560,  771,  103,  607,  516,  861,  688,  242,  781,  860,  622,  407,  339,  270,  337,  576,  433,  210,  660,  417,  268,  326,  383,  886,  300,  155,  373,  196,  802,  316,  247,  188,  434,  484,  518,  501,  513,  598,  658,  440,  615,  805,  444,  901,  287,  383,  637,  433,  841,  643,  777,  819,  722,  781,  606,  820,  719,  196,  788,  485,  541,  346,  402,  832,  870,  571,  357,  564,  352,  606,  278],
