{
    "name": "random-60-15194",
    "comment": "size=60 seed=15194",
    "nodes": ["+0", "-0", "+1", "-1", "+2", "-2", "+3", "-3", "+4", "-4", "+5", "-5", "+6", "-6", "+7", "-7", "+8", "-8", "+9", "-9", "+10", "-10", "+11", "-11", "+12", "-12", "+13", "-13", "+14", "-14", "+15", "-15", "+16", "-16", "+17", "-17", "+18", "-18", "+19", "-19", "+20", "-20", "+21", "-21", "+22", "-22", "+23", "-23", "+24", "-24", "+25", "-25", "+26", "-26", "+27", "-27", "+28", "-28", "+29", "-29", "+30", "-30", "+31", "-31", "+32", "-32", "+33", "-33", "+34", "-34", "+35", "-35", "+36", "-36", "+37", "-37", "+38", "-38", "+39", "-39", "+40", "-40", "+41", "-41", "+42", "-42", "+43", "-43", "+44", "-44", "+45", "-45", "+46", "-46", "+47", "-47", "+48", "-48", "+49", "-49", "+50", "-50", "+51", "-51", "+52", "-52", "+53", "-53", "+54", "-54", "+55", "-55", "+56", "-56", "+57", "-57", "+58", "-58", "+59", "-59", "+60", "-60"],
    "precedence": {
        "+0": "-0",
        "+1": "-1",
        "+2": "-2",
        "+3": "-3",
        "+4": "-4",
        "+5": "-5",
        "+6": "-6",
        "+7": "-7",
        "+8": "-8",
        "+9": "-9",
        "+10": "-10",
        "+11": "-11",
        "+12": "-12",
        "+13": "-13",
        "+14": "-14",
        "+15": "-15",
        "+16": "-16",
        "+17": "-17",
        "+18": "-18",
        "+19": "-19",
        "+20": "-20",
        "+21": "-21",
        "+22": "-22",
        "+23": "-23",
        "+24": "-24",
        "+25": "-25",
        "+26": "-26",
        "+27": "-27",
        "+28": "-28",
        "+29": "-29",
        "+30": "-30",
        "+31": "-31",
        "+32": "-32",
        "+33": "-33",
        "+34": "-34",
        "+35": "-35",
        "+36": "-36",
        "+37": "-37",
        "+38": "-38",
        "+39": "-39",
        "+40": "-40",
        "+41": "-41",
        "+42": "-42",
        "+43": "-43",
        "+44": "-44",
        "+45": "-45",
        "+46": "-46",
        "+47": "-47",
        "+48": "-48",
        "+49": "-49",
        "+50": "-50",
        "+51": "-51",
        "+52": "-52",
        "+53": "-53",
        "+54": "-54",
        "+55": "-55",
        "+56": "-56",
        "+57": "-57",
        "+58": "-58",
        "+59": "-59",
        "+60": "-60"
    },
    "edges": [
        [    0,    0,  250,  427,  210,  476,  502,  451,  478,  688,  493,  429,  542,  441,  311,  553,  342,  606,  405,  209,  384,  377,  378,  423,  446,  362,  377,  353,  384,  524,  614,  129,  372,  160,  270,  508,  410,  214,  599,  103,  501,  460,  583,  563,  376,  426,  206,  490,  534,  163,  205,  542,  440,  428,  169,  654,  612,  368,  409,  659,  323,  512,  112,  398,  365,  439,  402,  514,  565,  329,  259,  540,  315,   84,  632,  350,  605,  529,  228,  225,  548,  223,  359,  623,  466,  270,  370,   66,  405,  394,  539,  326,  729,  392,  377,  330,  159,  471,  219,  558,  214,  435,  396,  162,  298,  369,  333,  501,  209,   39,  579,  633,  408,  300,  399,  445,  480,  276,  268,  381,  111,  336],
        [    0,    0,    0,    0,    0,    0,    0,    0,    0,    0,    0,    0,    0,    0,    0,    0,    0,    0,    0,    0,    0,    0,    0,    0,    0,    0,    0,    0,    0,    0,    0,    0,    0,    0,    0,    0,    0,    0,    0,    0,    0,    0,    0,    0,    0,    0,    0,    0,    0,    0,    0,    0,    0,    0,    0,    0,    0,    0,    0,    0,    0,    0,    0,    0,    0,    0,    0,    0,    0,    0,    0,    0,    0,    0,    0,    0,    0,    0,    0,    0,    0,    0,    0,    0,    0,    0,    0,    0,    0,    0,    0,    0,    0,    0,    0,    0,    0,    0,    0,    0,    0,    0,    0,    0,    0,    0,    0,    0,    0,    0,    0,    0,    0,    0,    0,    0,    0,    0,    0,    0,    0,    0],
        [  250,    0,    0,  673,  415,  339,  648,  584,  605,  923,  296,  413,  755,  292,  485,  463,  553,  813,  447,  450,  222,  476,  627,  407,  526,  381,  621,  340,  632,  451,  559,  258,  398,  285,  513,  671,  456,  223,  794,  261,  632,  572,  778,  577,  570,  468,   94,  427,  672,  200,  375,  494,  633,  643,  288,  846,  808,  398,  633,  855,  325,  703,  307,  549,  525,  221,  536,  521,  783,  321,  505,  609,  535,  331,  810,  506,  805,  729,  472,  453,  735,  419,  586,  841,  676,  498,  120,  237,  645,  581,  487,  576,  923,  415,  588,  574,  374,  517,  361,  659,  464,  420,  461,  410,  524,  580,  470,  751,  358,  227,  532,  855,  437,  538,  495,  371,  730,  494,   79,  582,  189,  488],
        [  427,    0,  673,    0,  384,  798,  587,  583,  449,  422,  862,  753,  237,  846,  452,  912,  212,  488,  561,  283,  797,  598,  157,  642,  663,  678,  211,  697,  160,  874,  937,  494,  678,  435,  239,  554,  558,  540,  523,  426,  449,  625,  515,  826,  261,  697,  631,  839,  624,  561,  357,  870,  269,  190,  505,  378,  339,  672,  326,  561,  668,  485,  378,  524,  494,  831,  559,  796,  420,  677,  224,  740,  334,  356,  405,  498,  511,  468,  202,  236,  330,  304,  309,  459,  216,  309,  792,  439,   61,  443,  871,  138,  430,  581,  371,  208,  312,  721,  396,  705,  217,  648,  526,  288,  314,  368,  392,  107,  478,  447,  900,  272,  578,  262,  615,  808,  155,  222,  672,  238,  495,  500],
        [  210,    0,  415,  384,    0,  684,  304,  263,  617,  513,  690,  370,  576,  489,  112,  531,  410,  403,  593,  104,  455,  229,  265,  625,  300,  295,  236,  318,  268,  492,  554,  161,  295,  353,  149,  302,  597,  422,  391,  300,  635,  287,  376,  453,  464,  318,  336,  458,  339,  232,  359,  487,  519,  474,  148,  710,  667,  288,  220,  452,  290,  303,  283,  204,  168,  627,  220,  417,  369,  300,  161,  389,  121,  150,  709,  159,  398,  322,  250,  298,  622,  347,  174,  427,  515,   96,  527,  272,  393,  185,  488,  247,  778,  587,  174,  201,  282,  349,  389,  383,  200,  637,  577,  134,  115,  167,  483,  415,   98,  248,  517,  643,  600,  147,  250,  431,  365,  350,  457,  458,  320,  150],
        [  476,    0,  339,  798,  684,    0,  959,  900,  514, 1146,  128,  751,  777,  600,  778,  784,  609, 1082,  305,  675,  536,  801,  816,  209,  857,  718,  831,  678,  823,  779,  888,  555,  735,  373,  729,  973,  314,  274, 1074,  405,  541,  896, 1059,  916,  591,  804,  428,  758,  988,  518,  442,  826,  638,  686,  594,  816,  788,  734,  881, 1135,  662,  986,  445,  856,  826,  188,  850,  859, 1038,  659,  711,  944,  790,  551,  758,  809, 1080, 1005,  618,  565,  709,  495,  832, 1096,  704,  743,  326,  419,  750,  866,  819,  753,  887,  267,  853,  783,  498,  854,  403,  987,  639,  215,  342,  619,  772,  845,  443,  898,  657,  438,  863,  884,  285,  766,  821,  703,  906,  578,  263,  613,  366,  793],
        [  502,    0,  648,  587,  304,  959,    0,   68,  912,  464,  942,  366,  816,  583,  193,  519,  686,  261,  896,  378,  584,  185,  432,  924,  180,  325,  379,  378,  430,  478,  477,  405,  310,  654,  376,   52,  900,  713,  210,  599,  927,  105,  199,  320,  744,  263,  555,  454,   38,  449,  661,  438,  791,  732,  366,  957,  915,  306,  268,  258,  369,  148,  586,  105,  138,  868,  113,  325,  286,  379,  401,  195,  265,  453,  970,  152,  233,  186,  528,  587,  885,  645,  279,  320,  770,  308,  737,  567,  622,  147,  444,  460, 1015,  889,  217,  383,  584,  244,  692,  128,  475,  936,  880,  427,  289,  220,  783,  565,  302,  539,  448,  858,  902,  338,  176,  463,  489,  633,  709,  733,  607,  167],
        [  451,    0,  584,  583,  263,  900,   68,    0,  879,  508,  879,  303,  805,  517,  153,  461,  661,  314,  850,  349,  518,  118,  431,  873,  123,  259,  380,  311,  430,  419,  428,  346,  244,  606,  358,  109,  855,  660,  267,  550,  895,   51,  255,  277,  718,  202,  491,  393,   89,  386,  620,  384,  768,  715,  307,  944,  902,  240,  279,  320,  302,  193,  541,   62,   98,  804,   50,  273,  329,  312,  382,  164,  251,  409,  953,  105,  289,  232,  501,  557,  866,  609,  277,  370,  754,  287,  671,  516,  611,  144,  389,  450, 1006,  841,  218,  376,  545,  190,  650,  125,  449,  885,  837,  393,  273,  218,  745,  572,  246,  487,  396,  854,  855,  325,  110,  400,  500,  605,  647,  709,  553,  116],
        [  478,    0,  605,  449,  617,  514,  912,  879,    0,  869,  626,  906,  307,  881,  726, 1021,  249,  902,  209,  535,  814,  835,  558,  307,  907,  840,  602,  830,  564,  996, 1091,  606,  849,  338,  548,  898,  201,  384,  923,  387,   29,  903,  911, 1038,  191,  899,  629,  963,  949,  634,  275, 1018,  188,  265,  643,  306,  285,  844,  704,  973,  801,  859,  367,  818,  782,  641,  837,  990,  839,  805,  522, 1000,  656,  482,  245,  775,  917,  857,  389,  325,  209,  272,  666,  886,  257,  607,  690,  428,  388,  772, 1015,  497,  375,  248,  718,  568,  339,  941,  263, 1000,  440,  304,  174,  486,  631,  712,  146,  552,  667,  460, 1056,  404,  230,  592,  857,  914,  600,  284,  552,  213,  439,  767],
        [  688,    0,  923,  422,  513, 1146,  464,  508,  869,    0, 1179,  797,  631,  978,  483,  962,  625,  212,  958,  480,  956,  600,  334, 1026,  629,  735,  316,  779,  328,  920,  936,  674,  725,  775,  420,  412,  957,  873,  271,  742,  870,  558,  276,  782,  679,  702,  848,  891,  484,  745,  724,  889,  689,  611,  657,  758,  727,  719,  295,  259,  758,  318,  702,  483,  478, 1126,  522,  781,  180,  769,  436,  659,  393,  605,  803,  497,  246,  279,  538,  601,  739,  679,  339,  149,  632,  425, 1038,  733,  482,  397,  894,  401,  787,  970,  353,  363,  654,  697,  765,  585,  509, 1035,  927,  531,  401,  359,  796,  325,  594,  722,  904,  613,  973,  388,  603,  885,  269,  614,  954,  657,  791,  511],
        [  493,    0,  296,  862,  690,  128,  942,  879,  626, 1179,    0,  692,  870,  515,  772,  701,  688, 1092,  419,  700,  456,  772,  859,  328,  820,  671,  865,  625,  865,  701,  809,  544,  688,  428,  759,  963,  428,  323, 1078,  445,  654,  868, 1062,  857,  679,  758,  390,  685,  967,  493,  510,  753,  732,  771,  578,  921,  891,  688,  900, 1139,  614,  988,  490,  842,  816,   86,  830,  801, 1055,  609,  745,  901,  804,  574,  867,  797, 1087, 1011,  670,  626,  812,  563,  851, 1114,  794,  762,  241,  447,  819,  866,  745,  798,  995,  379,  863,  817,  552,  807,  476,  953,  682,  336,  452,  649,  789,  856,  538,  957,  646,  457,  788,  977,  399,  792,  790,  631,  954,  648,  236,  700,  389,  780],
        [  429,    0,  413,  753,  370,  751,  366,  303,  906,  797,  692,    0,  934,  230,  329,  168,  748,  614,  808,  472,  255,  198,  628,  796,  187,   76,  590,   80,  630,  127,  189,  302,   77,  577,  518,  412,  815,  580,  570,  522,  930,  262,  557,  165,  793,  103,  330,   95,  370,  277,  633,  119,  854,  825,  270, 1060, 1017,   84,  525,  622,  107,  490,  540,  315,  320,  608,  277,  109,  619,  103,  530,  231,  450,  444, 1049,  303,  590,  528,  599,  628,  962,  647,  499,  666,  865,  454,  456,  481,  759,  401,  119,  617, 1132,  785,  458,  564,  579,  137,  645,  307,  556,  809,  808,  482,  460,  454,  761,  780,  277,  448,  153, 1009,  805,  507,  197,   99,  722,  682,  491,  793,  485,  290],
        [  542,    0,  755,  237,  576,  777,  816,  805,  307,  631,  870,  934,    0,  982,  664, 1080,  204,  723,  487,  472,  924,  803,  391,  584,  872,  859,  444,  868,  395, 1046, 1122,  644,  862,  475,  448,  786,  482,  567,  759,  495,  293,  842,  751, 1028,  193,  893,  741, 1011,  853,  699,  383, 1052,  140,  115,  668,  142,  103,  856,  560,  796,  837,  720,  452,  744,  711,  862,  775,  992,  655,  845,  426,  955,  555,  496,  173,  712,  746,  705,  335,  317,  115,  337,  539,  689,   80,  520,  865,  524,  195,  670, 1051,  356,  203,  520,  600,  433,  388,  924,  406,  928,  379,  585,  449,  453,  532,  596,  335,  310,  659,  546, 1085,  107,  508,  481,  822,  973,  381,  267,  730,  175,  566,  711],
        [  441,    0,  292,  846,  489,  600,  583,  517,  881,  978,  515,  230,  982,    0,  496,  187,  782,  815,  737,  572,   70,  401,  751,  698,  411,  259,  725,  207,  754,  191,  297,  352,  273,  546,  631,  624,  745,  508,  777,  504,  908,  482,  763,  376,  813,  329,  253,  182,  592,  287,  626,  247,  877,  869,  346, 1092, 1051,  278,  689,  834,  222,  692,  539,  513,  507,  430,  481,  325,  809,  211,  635,  461,  598,  495, 1066,  487,  796,  727,  659,  666,  984,  658,  652,  861,  906,  584,  276,  468,  836,  585,  239,  721, 1168,  706,  626,  688,  598,  367,  624,  536,  631,  711,  748,  559,  600,  621,  739,  897,  395,  441,  280, 1073,  728,  636,  408,  138,  853,  716,  365,  820,  443,  471],
        [  311,    0,  485,  452,  112,  778,  193,  153,  726,  483,  772,  329,  664,  496,    0,  496,  511,  334,  703,  198,  476,  148,  310,  732,  211,  259,  266,  299,  311,  455,  498,  229,  253,  462,  217,  197,  707,  524,  310,  407,  743,  182,  294,  374,  567,  252,  397,  423,  228,  287,  470,  437,  619,  569,  197,  801,  759,  247,  198,  371,  276,  219,  393,   93,   57,  704,  114,  349,  316,  287,  238,  292,  125,  260,  806,   50,  322,  247,  350,  405,  719,  457,  171,  372,  608,  145,  587,  376,  473,   98,  440,  315,  866,  696,  133,  249,  393,  270,  500,  275,  298,  744,  688,  241,  140,  128,  593,  461,  128,  349,  462,  721,  709,  192,  164,  408,  397,  454,  537,  559,  419,   49],
        [  553,    0,  463,  912,  531,  784,  519,  461, 1021,  962,  701,  168, 1080,  187,  496,    0,  888,  775,  897,  629,  249,  363,  792,  868,  340,  239,  755,  215,  794,   43,  114,  437,  244,  684,  679,  568,  905,  665,  727,  635, 1046,  415,  715,  237,  927,  261,  402,   74,  517,  391,  753,   90,  991,  969,  413, 1201, 1159,  250,  693,  777,  245,  652,  661,  480,  487,  616,  441,  203,  784,  236,  690,  352,  616,  584, 1184,  470,  749,  690,  746,  768, 1099,  776,  667,  829, 1008,  618,  462,  595,  913,  568,   82,  777, 1275,  869,  626,  728,  710,  276,  759,  437,  708,  881,  903,  632,  625,  622,  876,  944,  435,  564,  107, 1160,  890,  671,  360,  109,  888,  821,  540,  930,  585,  458],
        [  342,    0,  553,  212,  410,  609,  686,  661,  249,  625,  688,  748,  204,  782,  511,  888,    0,  655,  351,  314,  722,  638,  310,  437,  710,  675,  355,  679,  316,  856,  937,  452,  681,  276,  312,  666,  349,  374,  678,  292,  255,  692,  666,  857,   61,  719,  539,  821,  723,  502,  185,  866,  109,   90,  479,  314,  272,  675,  461,  726,  648,  619,  249,  600,  564,  672,  625,  816,  591,  655,  286,  798,  423,  305,  302,  561,  671,  614,  162,  121,  215,  135,  425,  638,  125,  378,  664,  321,  153,  541,  865,  250,  389,  374,  481,  324,  185,  755,  214,  785,  214,  442,  316,  278,  398,  475,  182,  318,  481,  343,  901,  303,  370,  354,  659,  780,  356,   67,  531,   48,  364,  556],
        [  606,    0,  813,  488,  403, 1082,  261,  314,  902,  212, 1092,  614,  723,  815,  334,  775,  655,    0,  946,  413,  804,  419,  347,  998,  436,  561,  301,  610,  341,  733,  738,  556,  549,  728,  372,  210,  947,  813,   59,  683,  910,  362,   65,  580,  714,  515,  728,  706,  276,  619,  701,  697,  743,  670,  529,  861,  824,  544,  208,   74,  594,  125,  653,  303,  310, 1029,  338,  585,   69,  605,  396,  454,  292,  532,  892,  331,   35,   89,  525,  593,  816,  667,  255,   63,  701,  340,  920,  664,  541,  237,  702,  405,  905,  949,  230,  337,  623,  503,  740,  377,  481, 1008,  920,  471,  311,  238,  800,  422,  460,  644,  708,  733,  957,  328,  418,  708,  345,  623,  859,  696,  717,  348],
        [  405,    0,  447,  561,  593,  305,  896,  850,  209,  958,  419,  808,  487,  737,  703,  897,  351,  946,    0,  539,  668,  782,  626,   99,  850,  751,  657,  729,  632,  878,  981,  529,  764,  246,  574,  894,   10,  232,  954,  303,  236,  864,  940,  957,  316,  824,  495,  849,  931,  532,  245,  910,  350,  411,  570,  512,  487,  760,  739, 1010,  703,  877,  311,  794,  759,  441,  803,  904,  889,  705,  550,  944,  667,  444,  453,  747,  954,  884,  425,  359,  408,  282,  693,  944,  420,  616,  512,  341,  504,  771,  906,  559,  583,   41,  733,  614,  324,  871,  208,  962,  465,   98,   39,  482,  643,  726,  170,  667,  613,  373,  949,  592,   22,  618,  804,  796,  695,  346,  381,  340,  324,  735],
        [  209,    0,  450,  283,  104,  675,  378,  349,  535,  480,  700,  472,  472,  572,  198,  629,  314,  413,  539,    0,  530,  331,  183,  585,  401,  396,  171,  415,  187,  592,  657,  224,  397,  315,   64,  365,  542,  403,  416,  272,  550,  379,  402,  556,  370,  422,  385,  557,  415,  296,  295,  589,  421,  373,  227,  608,  565,  391,  208,  474,  386,  339,  240,  287,  251,  647,  312,  521,  365,  395,   63,  487,  128,  126,  609,  248,  418,  346,  153,  210,  522,  271,  159,  423,  413,   77,  568,  257,  289,  239,  590,  150,  675,  539,  194,  125,  216,  452,  332,  472,  101,  596,  518,   59,  105,  187,  409,  326,  195,  244,  620,  540,  549,   93,  351,  527,  287,  257,  476,  361,  313,  244],
        [  384,    0,  222,  797,  455,  536,  584,  518,  814,  956,  456,  255,  924,   70,  476,  249,  722,  804,  668,  530,    0,  400,  711,  628,  422,  263,  689,  210,  715,  246,  355,  307,  280,  480,  591,  622,  676,  439,  770,  441,  841,  488,  755,  413,  751,  343,  188,  230,  598,  237,  562,  298,  816,  810,  308, 1031,  990,  283,  663,  828,  216,  681,  477,  506,  494,  371,  477,  359,  791,  206,  593,  483,  569,  443, 1003,  474,  786,  715,  606,  608,  922,  596,  623,  846,  847,  550,  216,  405,  784,  569,  290,  677, 1107,  636,  603,  650,  538,  387,  558,  553,  581,  641,  679,  511,  567,  597,  673,  854,  364,  380,  333, 1016,  659,  600,  410,  178,  815,  657,  296,  759,  377,  457],
        [  377,    0,  476,  598,  229,  801,  185,  118,  835,  600,  772,  198,  803,  401,  148,  363,  638,  419,  782,  331,  400,    0,  458,  794,   72,  144,  414,  195,  459,  321,  352,  258,  130,  537,  361,  224,  787,  576,  378,  479,  855,   96,  364,  228,  691,  107,  383,  292,  201,  284,  566,  296,  747,  703,  216,  938,  895,  125,  335,  433,  185,  295,  479,  118,  125,  695,   82,  201,  422,  194,  380,  165,  273,  354,  938,  111,  397,  332,  478,  524,  851,  564,  316,  470,  743,  290,  558,  442,  616,  205,  299,  461, 1005,  768,  268,  396,  496,  123,  590,  187,  429,  806,  772,  361,  288,  265,  695,  609,  171,  410,  317,  865,  784,  339,   23,  290,  543,  577,  543,  686,  469,  102],
        [  378,    0,  627,  157,  265,  816,  432,  431,  558,  334,  859,  628,  391,  751,  310,  792,  310,  347,  626,  183,  711,  458,    0,  693,  519,  554,   54,  581,    7,  753,  805,  406,  551,  444,  121,  398,  626,  544,  375,  416,  565,  474,  365,  684,  369,  561,  566,  719,  467,  478,  390,  742,  397,  325,  406,  533,  493,  545,  170,  419,  554,  330,  372,  374,  345,  814,  410,  658,  282,  564,  122,  590,  187,  296,  555,  353,  366,  316,  204,  268,  475,  346,  155,  329,  358,  175,  746,  413,  200,  289,  744,   67,  587,  637,  216,   65,  321,  580,  431,  551,  178,  701,  596,  218,  171,  214,  468,  153,  362,  409,  769,  427,  640,  122,  473,  694,  105,  286,  644,  350,  472,  357],
        [  423,    0,  407,  642,  625,  209,  924,  873,  307, 1026,  328,  796,  584,  698,  732,  868,  437,  998,   99,  585,  628,  794,  693,    0,  859,  745,  718,  717,  699,  853,  959,  537,  759,  273,  628,  927,  107,  220, 1001,  326,  333,  881,  987,  952,  408,  824,  471,  826,  957,  527,  304,  890,  446,  503,  579,  610,  585,  757,  791, 1059,  694,  920,  347,  820,  786,  360,  825,  897,  945,  694,  606,  952,  711,  477,  551,  773, 1003,  931,  489,  426,  507,  349,  743, 1001,  515,  661,  452,  357,  588,  808,  885,  626,  681,   65,  777,  673,  377,  872,  263,  978,  523,   14,  137,  527,  689,  770,  258,  747,  630,  387,  929,  689,   78,  671,  815,  771,  769,  422,  333,  432,  325,  759],
        [  446,    0,  526,  663,  300,  857,  180,  123,  907,  629,  820,  187,  872,  411,  211,  340,  710,  436,  850,  401,  422,   72,  519,  859,    0,  160,  472,  213,  519,  298,  308,  324,  143,  606,  427,  229,  856,  641,  388,  548,  926,   76,  376,  166,  763,   85,  433,  274,  183,  341,  637,  262,  818,  773,  282, 1008,  965,  140,  383,  438,  213,  315,  549,  154,  175,  741,  114,  153,  450,  220,  447,   94,  333,  426, 1009,  166,  410,  354,  549,  596,  921,  636,  371,  492,  813,  356,  598,  510,  683,  248,  267,  526, 1074,  835,  318,  458,  568,   69,  660,  134,  499,  872,  842,  433,  350,  316,  766,  667,  242,  477,  275,  932,  852,  402,   51,  285,  599,  648,  597,  757,  535,  163],
        [  362,    0,  381,  678,  295,  718,  325,  259,  840,  735,  671,   76,  859,  259,  259,  239,  675,  561,  751,  396,  263,  144,  554,  745,  160,    0,  517,   54,  556,  199,  264,  234,   18,  514,  442,  366,  758,  527,  521,  459,  862,  226,  507,  207,  721,   88,  291,  166,  336,  220,  565,  194,  782,  751,  199,  986,  943,   20,  457,  576,   57,  437,  473,  259,  258,  589,  224,  154,  560,   63,  455,  231,  378,  371,  976,  239,  540,  474,  524,  555,  889,  577,  429,  610,  791,  380,  442,  418,  684,  338,  194,  542, 1058,  730,  391,  489,  509,  137,  580,  292,  481,  759,  749,  407,  387,  386,  694,  706,  202,  384,  227,  933,  749,  433,  150,  151,  649,  609,  456,  720,  428,  225],
        [  377,    0,  621,  211,  236,  831,  379,  380,  602,  316,  865,  590,  444,  725,  266,  755,  355,  301,  657,  171,  689,  414,   54,  718,  472,  517,    0,  547,   52,  715,  763,  387,  513,  461,  108,  344,  657,  558,  326,  427,  609,  424,  315,  637,  414,  518,  554,  682,  414,  459,  416,  702,  446,  376,  382,  586,  546,  507,  116,  372,  521,  277,  387,  324,  297,  816,  362,  614,  238,  531,  121,  540,  142,  294,  607,  306,  317,  264,  232,  299,  527,  376,  103,  289,  410,  141,  739,  419,  252,  237,  704,  105,  640,  665,  163,   49,  342,  535,  456,  499,  196,  727,  629,  217,  130,  162,  504,  196,  332,  410,  727,  480,  670,   90,  427,  660,  133,  324,  645,  397,  477,  312],
        [  353,    0,  340,  697,  318,  678,  378,  311,  830,  779,  625,   80,  868,  207,  299,  215,  679,  610,  729,  415,  210,  195,  581,  717,  213,   54,  547,    0,  584,  179,  262,  229,   71,  498,  466,  418,  736,  501,  571,  445,  853,  279,  557,  239,  721,  137,  254,  144,  389,  199,  557,  190,  784,  758,  201,  992,  949,   74,  496,  627,   31,  486,  464,  307,  303,  543,  275,  182,  606,   25,  476,  280,  412,  374,  978,  284,  589,  522,  533,  558,  892,  573,  464,  657,  798,  408,  394,  404,  699,  383,  188,  563, 1065,  706,  431,  517,  506,  184,  568,  344,  494,  730,  729,  418,  418,  426,  684,  733,  221,  371,  227,  947,  726,  461,  203,  114,  679,  612,  417,  723,  406,  268],
        [  384,    0,  632,  160,  268,  823,  430,  430,  564,  328,  865,  630,  395,  754,  311,  794,  316,  341,  632,  187,  715,  459,    7,  699,  519,  556,   52,  584,    0,  754,  806,  410,  553,  450,  124,  395,  632,  551,  370,  422,  570,  474,  360,  684,  375,  562,  571,  721,  465,  482,  396,  743,  402,  330,  409,  536,  496,  547,  166,  414,  556,  326,  379,  373,  345,  819,  410,  659,  276,  566,  127,  590,  187,  301,  559,  353,  361,  312,  210,  274,  479,  352,  153,  323,  363,  177,  751,  419,  204,  288,  745,   74,  590,  643,  214,   67,  327,  581,  437,  549,  185,  707,  603,  223,  172,  212,  474,  151,  365,  414,  770,  429,  646,  124,  474,  697,  101,  292,  650,  356,  478,  358],
        [  524,    0,  451,  874,  492,  779,  478,  419,  996,  920,  701,  127, 1046,  191,  455,   43,  856,  733,  878,  592,  246,  321,  753,  853,  298,  199,  715,  179,  754,    0,  110,  404,  203,  660,  640,  526,  886,  646,  686,  609, 1020,  374,  673,  204,  896,  219,  384,   35,  476,  363,  726,   60,  959,  936,  379, 1169, 1126,  209,  651,  736,  209,  610,  633,  438,  445,  616,  399,  165,  742,  201,  652,  314,  576,  551, 1153,  428,  707,  649,  712,  735, 1068,  746,  626,  787,  975,  578,  461,  569,  877,  526,   51,  739, 1242,  851,  584,  688,  680,  235,  733,  399,  672,  866,  883,  597,  585,  580,  850,  905,  397,  537,   89, 1125,  872,  631,  318,   83,  847,  789,  529,  899,  562,  416],
        [  614,    0,  559,  937,  554,  888,  477,  428, 1091,  936,  809,  189, 1122,  297,  498,  114,  937,  738,  981,  657,  355,  352,  805,  959,  308,  264,  763,  262,  806,  110,    0,  490,  261,  757,  699,  528,  988,  750,  686,  705, 1115,  378,  675,  162,  981,  246,  489,  133,  467,  458,  818,   73, 1043, 1014,  459, 1249, 1206,  267,  686,  729,  292,  619,  725,  460,  476,  724,  419,  156,  756,  286,  714,  290,  622,  633, 1237,  462,  709,  659,  787,  817, 1151,  835,  667,  795, 1054,  633,  570,  664,  946,  553,   76,  799, 1321,  955,  619,  742,  767,  240,  828,  375,  744,  972,  984,  670,  635,  616,  945,  957,  464,  631,   38, 1195,  976,  684,  342,  188,  894,  871,  637,  982,  662,  453],
        [  129,    0,  258,  494,  161,  555,  405,  346,  606,  674,  544,  302,  644,  352,  229,  437,  452,  556,  529,  224,  307,  258,  406,  537,  324,  234,  387,  229,  410,  404,  490,    0,  243,  286,  286,  421,  535,  319,  537,  229,  629,  347,  521,  434,  493,  298,  175,  370,  434,   73,  332,  418,  556,  533,   43,  765,  722,  239,  380,  598,  199,  446,  240,  302,  273,  476,  297,  385,  527,  205,  286,  417,  282,  149,  750,  256,  547,  471,  313,  332,  664,  346,  335,  585,  572,  252,  367,  189,  486,  324,  416,  370,  839,  512,  331,  345,  278,  343,  348,  443,  280,  549,  523,  207,  274,  324,  461,  548,  104,  156,  454,  728,  529,  299,  279,  329,  510,  385,  309,  495,  212,  239],
        [  372,    0,  398,  678,  295,  735,  310,  244,  849,  725,  688,   77,  862,  273,  253,  244,  681,  549,  764,  397,  280,  130,  551,  759,  143,   18,  513,   71,  553,  203,  261,  243,    0,  526,  441,  352,  770,  541,  507,  470,  871,  210,  494,  194,  727,   70,  307,  170,  320,  233,  575,  193,  788,  755,  207,  991,  948,    7,  450,  563,   75,  425,  482,  247,  248,  607,  211,  143,  550,   80,  455,  214,  373,  378,  982,  230,  527,  462,  528,  561,  895,  585,  423,  598,  796,  377,  460,  429,  686,  329,  194,  541, 1062,  743,  383,  487,  516,  120,  591,  275,  484,  773,  761,  410,  383,  379,  704,  704,  204,  395,  224,  935,  762,  430,  135,  161,  645,  615,  472,  726,  441,  216],
        [  160,    0,  285,  435,  353,  373,  654,  606,  338,  775,  428,  577,  475,  546,  462,  684,  276,  728,  246,  315,  480,  537,  444,  273,  606,  514,  461,  498,  450,  660,  757,  286,  526,    0,  363,  655,  251,  105,  729,   58,  363,  619,  715,  719,  287,  583,  294,  628,  688,  301,   93,  685,  349,  365,  327,  562,  524,  522,  523,  788,  471,  648,   76,  551,  517,  400,  559,  668,  678,  474,  343,  700,  440,  205,  527,  504,  732,  659,  246,  199,  451,  142,  474,  736,  396,  390,  390,   98,  394,  535,  682,  380,  639,  235,  505,  414,  126,  629,   79,  717,  267,  284,  237,  257,  418,  498,  194,  530,  368,  131,  723,  578,  249,  404,  559,  578,  534,  225,  255,  301,  103,  491],
        [  270,    0,  513,  239,  149,  729,  376,  358,  548,  420,  759,  518,  448,  631,  217,  679,  312,  372,  574,   64,  591,  361,  121,  628,  427,  442,  108,  466,  124,  640,  699,  286,  441,  363,    0,  355,  576,  456,  382,  324,  560,  395,  369,  588,  371,  459,  449,  606,  414,  358,  330,  634,  415,  357,  286,  587,  544,  435,  165,  437,  438,  313,  288,  297,  264,  709,  328,  558,  317,  448,   26,  508,  112,  187,  596,  265,  380,  314,  160,  226,  510,  297,  120,  374,  396,   73,  632,  314,  257,  231,  635,  101,  650,  578,  171,   62,  252,  484,  369,  483,  111,  638,  550,  111,   87,  165,  433,  268,  246,  304,  662,  505,  585,   45,  379,  579,  225,  264,  537,  358,  372,  265],
        [  508,    0,  671,  554,  302,  973,   52,  109,  898,  412,  963,  412,  786,  624,  197,  568,  666,  210,  894,  365,  622,  224,  398,  927,  229,  366,  344,  418,  395,  526,  528,  421,  352,  655,  355,    0,  897,  721,  160,  602,  912,  153,  148,  372,  725,  310,  579,  501,   77,  471,  655,  488,  768,  707,  385,  928,  886,  347,  230,  211,  407,   96,  584,  122,  148,  891,  145,  376,  234,  417,  380,  247,  244,  451,  944,  166,  182,  135,  511,  573,  860,  635,  248,  268,  744,  291,  765,  572,  592,  127,  494,  432,  984,  889,  188,  354,  576,  294,  688,  177,  459,  939,  876,  417,  269,  192,  773,  525,  318,  546,  499,  823,  901,  313,  218,  508,  447,  616,  728,  712,  616,  183],
        [  410,    0,  456,  558,  597,  314,  900,  855,  201,  957,  428,  815,  482,  745,  707,  905,  349,  947,   10,  542,  676,  787,  626,  107,  856,  758,  657,  736,  632,  886,  988,  535,  770,  251,  576,  897,    0,  240,  956,  308,  228,  868,  942,  964,  312,  830,  503,  856,  935,  539,  247,  918,  345,  407,  576,  504,  479,  767,  740, 1012,  710,  880,  315,  798,  763,  450,  808,  911,  890,  712,  552,  949,  669,  448,  445,  752,  955,  887,  426,  359,  401,  282,  695,  945,  415,  618,  521,  346,  501,  774,  913,  559,  575,   50,  735,  615,  327,  877,  211,  967,  467,  105,   34,  485,  646,  728,  167,  664,  618,  379,  956,  586,   30,  620,  809,  803,  694,  345,  390,  336,  331,  740],
        [  214,    0,  223,  540,  422,  274,  713,  660,  384,  873,  323,  580,  567,  508,  524,  665,  374,  813,  232,  403,  439,  576,  544,  220,  641,  527,  558,  501,  551,  646,  750,  319,  541,  105,  456,  721,  240,    0,  809,  132,  412,  665,  794,  734,  375,  605,  263,  618,  745,  308,  191,  680,  435,  461,  361,  641,  605,  539,  610,  869,  477,  724,  173,  609,  577,  298,  611,  680,  767,  478,  438,  733,  521,  282,  599,  562,  814,  739,  350,  304,  529,  243,  561,  825,  488,  473,  310,  151,  498,  607,  675,  482,  718,  206,  586,  510,  230,  653,  162,  761,  367,  233,  241,  347,  502,  578,  254,  635,  415,  176,  718,  672,  227,  494,  597,  564,  636,  328,  171,  393,  108,  547],
        [  599,    0,  794,  523,  391, 1074,  210,  267,  923,  271, 1078,  570,  759,  777,  310,  727,  678,   59,  954,  416,  770,  378,  375, 1001,  388,  521,  326,  571,  370,  686,  686,  537,  507,  729,  382,  160,  956,  809,    0,  682,  932,  313,   16,  527,  738,  469,  706,  660,  221,  597,  709,  647,  771,  700,  507,  899,  861,  502,  220,   62,  557,   91,  654,  265,  277, 1012,  297,  534,  115,  568,  407,  400,  290,  529,  927,  298,   25,   71,  540,  607,  849,  679,  263,  122,  732,  341,  896,  659,  573,  213,  653,  429,  946,  955,  225,  356,  630,  453,  747,  321,  493, 1012,  931,  475,  312,  232,  814,  465,  437,  637,  657,  776,  964,  337,  374,  665,  387,  641,  843,  721,  709,  316],
        [  103,    0,  261,  426,  300,  405,  599,  550,  387,  742,  445,  522,  495,  504,  407,  635,  292,  683,  303,  272,  441,  479,  416,  326,  548,  459,  427,  445,  422,  609,  705,  229,  470,   58,  324,  602,  308,  132,  682,    0,  412,  562,  667,  662,  313,  526,  253,  577,  633,  248,  122,  633,  378,  382,  270,  592,  552,  466,  479,  741,  416,  598,   49,  496,  462,  406,  503,  612,  636,  420,  307,  642,  393,  154,  562,  449,  685,  612,  228,  196,  483,  159,  430,  694,  416,  344,  374,   42,  392,  484,  629,  354,  669,  291,  458,  379,  117,  572,  124,  660,  238,  337,  294,  215,  372,  450,  241,  515,  311,   75,  670,  595,  306,  363,  502,  528,  510,  233,  247,  324,   72,  436],
        [  501,    0,  632,  449,  635,  541,  927,  895,   29,  870,  654,  930,  293,  908,  743, 1046,  255,  910,  236,  550,  841,  855,  565,  333,  926,  862,  609,  853,  570, 1020, 1115,  629,  871,  363,  560,  912,  228,  412,  932,  412,    0,  921,  920, 1060,  196,  921,  655,  988,  964,  658,  297, 1042,  183,  262,  666,  282,  263,  867,  714,  981,  824,  871,  390,  834,  798,  669,  854, 1013,  845,  829,  534, 1019,  669,  502,  219,  792,  926,  867,  401,  340,  190,  291,  677,  892,  250,  621,  719,  452,  388,  786, 1039,  505,  349,  276,  730,  577,  359,  962,  288, 1017,  453,  330,  202,  503,  644,  724,  171,  550,  687,  484, 1080,  387,  257,  604,  876,  939,  601,  296,  581,  216,  465,  784],
        [  460,    0,  572,  625,  287,  896,  105,   51,  903,  558,  868,  262,  842,  482,  182,  415,  692,  362,  864,  379,  488,   96,  474,  881,   76,  226,  424,  279,  474,  374,  378,  347,  210,  619,  395,  153,  868,  665,  313,  562,  921,    0,  301,  227,  748,  159,  478,  349,  111,  378,  639,  336,  800,  749,  306,  981,  939,  206,  327,  362,  274,  242,  556,  101,  132,  790,   68,  224,  378,  283,  417,  117,  291,  426,  987,  132,  335,  281,  531,  584,  900,  632,  322,  418,  789,  323,  653,  526,  650,  191,  341,  490, 1044,  852,  264,  418,  566,  142,  666,   99,  480,  893,  852,  419,  312,  264,  766,  618,  252,  495,  347,  895,  867,  364,   80,  360,  547,  634,  639,  740,  558,  137],
        [  583,    0,  778,  515,  376, 1059,  199,  255,  911,  276, 1062,  557,  751,  763,  294,  715,  666,   65,  940,  402,  755,  364,  365,  987,  376,  507,  315,  557,  360,  673,  675,  521,  494,  715,  369,  148,  942,  794,   16,  667,  920,  301,    0,  517,  726,  456,  690,  647,  212,  581,  695,  636,  760,  689,  491,  891,  853,  489,  207,   78,  543,   76,  640,  251,  262,  996,  283,  523,  113,  553,  394,  390,  276,  514,  918,  283,   35,   56,  527,  594,  839,  665,  249,  127,  723,  326,  881,  644,  563,  198,  641,  418,  939,  941,  210,  344,  616,  441,  733,  312,  480,  997,  917,  460,  298,  217,  801,  459,  422,  622,  646,  769,  950,  324,  361,  652,  380,  629,  828,  710,  694,  301],
        [  563,    0,  577,  826,  453,  916,  320,  277, 1038,  782,  857,  165, 1028,  376,  374,  237,  857,  580,  957,  556,  413,  228,  684,  952,  166,  207,  637,  239,  684,  204,  162,  434,  194,  719,  588,  372,  964,  734,  527,  662, 1060,  227,  517,    0,  907,  140,  492,  197,  307,  426,  764,  148,  965,  926,  396, 1162, 1119,  197,  548,  569,  259,  465,  673,  319,  341,  773,  279,   57,  603,  260,  606,  129,  497,  561, 1158,  331,  550,  504,  699,  740, 1071,  771,  537,  639,  966,  517,  620,  622,  843,  412,  156,  688, 1230,  937,  483,  622,  702,  105,  782,  213,  651,  965,  954,  581,  514,  482,  894,  833,  377,  588,  140, 1092,  956,  566,  211,  239,  765,  793,  654,  904,  634,  327],
        [  376,    0,  570,  261,  464,  591,  744,  718,  191,  679,  679,  793,  193,  813,  567,  927,   61,  714,  316,  370,  751,  691,  369,  408,  763,  721,  414,  721,  375,  896,  981,  493,  727,  287,  371,  725,  312,  375,  738,  313,  196,  748,  726,  907,    0,  768,  565,  863,  781,  538,  195,  910,   65,   96,  523,  280,  240,  722,  521,  786,  691,  679,  274,  657,  621,  670,  680,  864,  650,  698,  345,  852,  482,  350,  257,  617,  731,  674,  218,  168,  173,  156,  485,  697,  115,  436,  676,  347,  200,  600,  908,  310,  357,  343,  540,  384,  218,  806,  215,  842,  270,  411,  278,  331,  457,  535,  150,  366,  530,  372,  945,  299,  336,  414,  712,  819,  410,  115,  540,   25,  382,  611],
        [  426,    0,  468,  697,  318,  804,  263,  202,  899,  702,  758,  103,  893,  329,  252,  261,  719,  515,  824,  422,  343,  107,  561,  824,   85,   88,  518,  137,  562,  219,  246,  298,   70,  583,  459,  310,  830,  605,  469,  526,  921,  159,  456,  140,  768,    0,  377,  192,  267,  298,  626,  189,  827,  789,  258, 1025,  982,   71,  441,  521,  144,  392,  535,  221,  232,  676,  181,  100,  524,  150,  475,  144,  377,  422, 1020,  217,  490,  430,  562,  601,  933,  632,  422,  568,  830,  390,  529,  486,  710,  311,  193,  559, 1094,  805,  374,  498,  563,   50,  645,  210,  515,  837,  819,  443,  390,  371,  756,  712,  239,  453,  210,  960,  823,  441,  100,  201,  649,  655,  542,  765,  502,  208],
        [  206,    0,   94,  631,  336,  428,  555,  491,  629,  848,  390,  330,  741,  253,  397,  402,  539,  728,  495,  385,  188,  383,  566,  471,  433,  291,  554,  254,  571,  384,  489,  175,  307,  294,  449,  579,  503,  263,  706,  253,  655,  478,  690,  492,  565,  377,    0,  356,  579,  110,  375,  420,  629,  627,  200,  845,  804,  307,  555,  767,  235,  615,  292,  457,  434,  314,  443,  436,  701,  233,  445,  517,  456,  278,  815,  414,  718,  642,  434,  428,  735,  410,  509,  759,  663,  424,  192,  219,  611,  493,  415,  522,  921,  467,  506,  510,  354,  426,  371,  565,  416,  484,  502,  353,  448,  498,  486,  700,  269,  196,  459,  836,  489,  468,  401,  302,  671,  475,  165,  574,  191,  397],
        [  490,    0,  427,  839,  458,  758,  454,  393,  963,  891,  685,   95, 1011,  182,  423,   74,  821,  706,  849,  557,  230,  292,  719,  826,  274,  166,  682,  144,  721,   35,  133,  370,  170,  628,  606,  501,  856,  618,  660,  577,  988,  349,  647,  197,  863,  192,  356,    0,  454,  331,  693,   69,  925,  901,  344, 1135, 1092,  177,  619,  711,  175,  583,  600,  409,  414,  599,  370,  152,  713,  167,  617,  298,  543,  517, 1119,  397,  681,  621,  677,  701, 1034,  713,  593,  759,  941,  545,  444,  536,  842,  495,   62,  704, 1208,  822,  552,  654,  646,  214,  701,  381,  637,  839,  853,  562,  552,  548,  818,  871,  362,  504,  106, 1090,  844,  598,  289,   56,  814,  755,  505,  865,  531,  385],
        [  534,    0,  672,  624,  339,  988,   38,   89,  949,  484,  967,  370,  853,  592,  228,  517,  723,  276,  931,  415,  598,  201,  467,  957,  183,  336,  414,  389,  465,  476,  467,  434,  320,  688,  414,   77,  935,  745,  221,  633,  964,  111,  212,  307,  781,  267,  579,  454,    0,  474,  697,  433,  828,  769,  394,  994,  952,  316,  303,  263,  383,  172,  621,  137,  172,  892,  138,  318,  308,  393,  439,  179,  302,  487, 1007,  185,  245,  209,  565,  624,  922,  682,  315,  337,  808,  346,  758,  600,  659,  184,  439,  497, 1052,  923,  254,  420,  620,  241,  728,  102,  513,  969,  916,  464,  327,  257,  819,  599,  332,  571,  439,  894,  936,  375,  188,  468,  522,  671,  735,  770,  638,  199],
        [  163,    0,  200,  561,  232,  518,  449,  386,  634,  745,  493,  277,  699,  287,  287,  391,  502,  619,  532,  296,  237,  284,  478,  527,  341,  220,  459,  199,  482,  363,  458,   73,  233,  301,  358,  471,  539,  308,  597,  248,  658,  378,  581,  426,  538,  298,  110,  331,  474,    0,  363,  386,  602,  586,   91,  815,  773,  231,  450,  658,  172,  506,  271,  350,  325,  420,  338,  373,  594,  175,  358,  430,  352,  208,  794,  306,  609,  533,  373,  383,  710,  385,  406,  651,  625,  324,  301,  207,  549,  384,  382,  441,  890,  511,  399,  418,  320,  347,  372,  469,  345,  540,  532,  274,  346,  391,  488,  619,  160,  174,  423,  787,  530,  371,  303,  283,  582,  435,  261,  542,  209,  288],
