{
    "name": "random-60-22946",
    "comment": "size=60 seed=22946",
    "nodes": ["+0", "-0", "+1", "-1", "+2", "-2", "+3", "-3", "+4", "-4", "+5", "-5", "+6", "-6", "+7", "-7", "+8", "-8", "+9", "-9", "+10", "-10", "+11", "-11", "+12", "-12", "+13", "-13", "+14", "-14", "+15", "-15", "+16", "-16", "+17", "-17", "+18", "-18", "+19", "-19", "+20", "-20", "+21", "-21", "+22", "-22", "+23", "-23", "+24", "-24", "+25", "-25", "+26", "-26", "+27", "-27", "+28", "-28", "+29", "-29", "+30", "-30", "+31", "-31", "+32", "-32", "+33", "-33", "+34", "-34", "+35", "-35", "+36", "-36", "+37", "-37", "+38", "-38", "+39", "-39", "+40", "-40", "+41", "-41", "+42", "-42", "+43", "-43", "+44", "-44", "+45", "-45", "+46", "-46", "+47", "-47", "+48", "-48", "+49", "-49", "+50", "-50", "+51", "-51", "+52", "-52", "+53", "-53", "+54", "-54", "+55", "-55", "+56", "-56", "+57", "-57", "+58", "-58", "+59", "-59", "+60", "-60"],
    "precedence": {
        "+0": "-0",
        "+1": "-1",
        "+2": "-2",
        "+3": "-3",
        "+4": "-4",
        "+5": "-5",
        "+6": "-6",
        "+7": "-7",
        "+8": "-8",
        "+9": "-9",
        "+10": "-10",
        "+11": "-11",
        "+12": "-12",
        "+13": "-13",
        "+14": "-14",
        "+15": "-15",
        "+16": "-16",
        "+17": "-17",
        "+18": "-18",
        "+19": "-19",
        "+20": "-20",
        "+21": "-21",
        "+22": "-22",
        "+23": "-23",
        "+24": "-24",
        "+25": "-25",
        "+26": "-26",
        "+27": "-27",
        "+28": "-28",
        "+29": "-29",
        "+30": "-30",
        "+31": "-31",
        "+32": "-32",
        "+33": "-33",
        "+34": "-34",
        "+35": "-35",
        "+36": "-36",
        "+37": "-37",
        "+38": "-38",
        "+39": "-39",
        "+40": "-40",
        "+41": "-41",
        "+42": "-42",
        "+43": "-43",
        "+44": "-44",
        "+45": "-45",
        "+46": "-46",
        "+47": "-47",
        "+48": "-48",
        "+49": "-49",
        "+50": "-50",
        "+51": "-51",
        "+52": "-52",
        "+53": "-53",
        "+54": "-54",
        "+55": "-55",
        "+56": "-56",
        "+57": "-57",
        "+58": "-58",
        "+59": "-59",
        "+60": "-60"
    },
    "edges": [
        [    0,    0,  448,  646,  407,  776,  420,  711,  189,  982,  608,  327,  553,  512,  590,  917,  318,  648,  319,  534,  828,  220,  788,  306,  623,  642,  165,  952,  861,  430,  569,  621,  129,  421,   46,  550,  958,  421,  325,  616,  854,  630,  375,  143,  892,  667,  450,  486,  530,  267,  620,  531,  220,  897,  553,  421,  793,  731,  462,  155,  264,  882,  921,  618,  921,   47,  371,   96,  463,  727,  463,  385,  837,  321,  611,  688,  337,  214,  159,  102,  255,  450,  932,  439,  461,  527,  623,  691,  441,  430,  245,  643,  376,  545,  804,  292,  433,  832,  715,  334,  303,  628,  791,  883,  855,  559,  673,  728,  578,  197,  543,  417,  384,  477,  658,  211,  308,  363,  219,  905,  370,  557],
        [    0,    0,    0,    0,    0,    0,    0,    0,    0,    0,    0,    0,    0,    0,    0,    0,    0,    0,    0,    0,    0,    0,    0,    0,    0,    0,    0,    0,    0,    0,    0,    0,    0,    0,    0,    0,    0,    0,    0,    0,    0,    0,    0,    0,    0,    0,    0,    0,    0,    0,    0,    0,    0,    0,    0,    0,    0,    0,    0,    0,    0,    0,    0,    0,    0,    0,    0,    0,    0,    0,    0,    0,    0,    0,    0,    0,    0,    0,    0,    0,    0,    0,    0,    0,    0,    0,    0,    0,    0,    0,    0,    0,    0,    0,    0,    0,    0,    0,    0,    0,    0,    0,    0,    0,    0,    0,    0,    0,    0,    0,    0,    0,    0,    0,    0,    0,    0,    0,    0,    0,    0,    0],
        [  448,    0,    0,  618,  558,  854,  779,  693,  311,  696,  893,  700,  466,  532,  701,  994,  765,  673,  593,  131,  737,  629,  565,  243,  770,  834,  471,  798,  628,  296,  498,  185,  542,  295,  486,  530,  792,  867,  645,  901, 1041,  595,  381,  306,  578,  708,  145,  769,  138,  338,  432,  721,  287,  649,  112,  673,  640,  592,  541,  313,  185,  603, 1046,  631,  807,  474,  784,  542,  624,  545,  213,   73,  983,  763,  901,  371,  506,  659,  293,  549,  355,  520,  651,  397,  133,  658,  188,  447,   78,  156,  586,  482,  172,  510,  907,  644,  670,  876,  540,  328,  485,  518,  585,  918,  786,  636,  518,  871,  871,  253,  616,  841,  685,  226,  928,  540,  249,   97,  246,  747,  797,  582],
        [  646,    0,  618,    0,  276,  257,  581,   76,  494,  500,  518,  574,  154,  134,  199,  384,  830,   82,  421,  743,  188,  616,  300,  747,  270,  359,  496,  333,  351,  326,  122,  623,  605,  328,  639,  100,  346,  861,  482,  522,  500,   24,  289,  602,  486,  117,  476,  455,  753,  399,  242,  310,  711,  391,  696,  390,  212,  168,  196,  663,  576,  426,  456,   58,  284,  620,  687,  707,  268,  225,  408,  569,  415,  769,  530,  420,  327,  723,  573,  685,  404,  201,  459,  239,  491,  222,  622,  311,  541,  463,  508,  197,  458,  115,  319,  529,  369,  261,  212,  348,  355,  129,  278,  301,  210,  149,  182,  325,  519,  604,  148,  751,  461,  398,  517,  497,  753,  638,  532,  296,  735,   98],
        [  407,    0,  558,  276,    0,  371,  326,  325,  310,  734,  349,  302,  267,  156,  185,  513,  555,  252,  146,  687,  463,  342,  523,  594,  231,  279,  244,  608,  589,  302,  259,  643,  340,  297,  390,  208,  620,  587,  210,  356,  493,  269,  186,  411,  686,  265,  449,  239,  692,  232,  386,  163,  534,  629,  663,  146,  472,  415,   85,  471,  438,  644,  530,  231,  558,  372,  417,  451,   68,  445,  401,  490,  452,  494,  358,  542,   73,  450,  388,  425,  223,   91,  687,  210,  467,  123,  644,  475,  496,  426,  234,  374,  390,  218,  403,  254,  132,  425,  430,  231,  106,  324,  511,  477,  476,  156,  387,  338,  334,  435,  143,  483,  202,  402,  376,  228,  600,  534,  373,  568,  463,  178],
        [  776,    0,  854,  257,  371,    0,  556,  201,  669,  696,  402,  590,  404,  324,  187,  145,  872,  185,  479,  983,  303,  673,  526,  946,  173,  223,  612,  444,  557,  560,  372,  877,  697,  560,  756,  327,  467,  869,  514,  402,  263,  279,  487,  775,  713,  149,  718,  407,  991,  579,  498,  272,  895,  592,  941,  397,  409,  392,  336,  836,  780,  643,  199,  227,  365,  739,  686,  812,  315,  461,  652,  797,  166,  798,  412,  674,  442,  785,  749,  784,  576,  354,  665,  459,  734,  250,  876,  562,  780,  701,  573,  451,  686,  349,   64,  566,  377,   75,  451,  549,  476,  385,  498,  122,  269,  230,  431,  123,  418,  791,  250,  740,  467,  644,  374,  583,  952,  859,  723,  434,  740,  272],
        [  420,    0,  779,  581,  326,  556,    0,  609,  470, 1059,  221,   94,  592,  479,  411,  664,  340,  530,  203,  895,  756,  209,  848,  713,  386,  346,  313,  910,  912,  593,  585,  910,  292,  586,  377,  531,  925,  314,  139,  228,  513,  580,  477,  520, 1011,  525,  710,  150,  895,  453,  710,  294,  631,  953,  891,  191,  789,  735,  408,  560,  610,  970,  623,  527,  848,  374,  134,  389,  314,  770,  681,  707,  536,  260,  219,  856,  323,  293,  514,  358,  434,  417, 1012,  522,  727,  364,  910,  799,  737,  686,  195,  700,  636,  542,  551,  138,  212,  630,  755,  494,  323,  648,  835,  678,  756,  435,  712,  455,  189,  568,  434,  184,  125,  687,  276,  242,  716,  721,  541,  875,  188,  488],
        [  711,    0,  693,   76,  325,  201,  609,    0,  566,  511,  519,  612,  228,  201,  204,  316,  878,   79,  467,  817,  148,  666,  328,  821,  260,  346,  557,  303,  366,  401,  196,  691,  662,  404,  702,  174,  320,  901,  522,  522,  458,   99,  362,  674,  516,   93,  551,  473,  827,  471,  303,  323,  785,  404,  769,  421,  218,  193,  253,  735,  651,  449,  397,   95,  240,  683,  723,  768,  303,  261,  482,  644,  366,  814,  530,  476,  384,  774,  645,  744,  474,  262,  475,  314,  565,  245,  690,  362,  616,  537,  558,  253,  534,  190,  265,  572,  399,  192,  250,  422,  414,  191,  302,  228,  152,  178,  231,  291,  524,  678,  185,  786,  494,  472,  509,  551,  828,  713,  606,  275,  773,  155],
        [  189,    0,  311,  494,  310,  669,  470,  566,    0,  794,  605,  389,  380,  367,  488,  813,  486,  514,  296,  425,  667,  323,  603,  285,  541,  584,  160,  780,  676,  242,  401,  461,  242,  234,  210,  395,  784,  575,  340,  613,  800,  476,  208,  109,  703,  540,  273,  478,  426,   96,  435,  466,  227,  711,  423,  388,  618,  557,  335,  170,  143,  694,  839,  478,  757,  192,  475,  281,  377,  546,  277,  240,  762,  468,  611,  500,  241,  371,   81,  276,   94,  318,  744,  267,  287,  431,  463,  503,  281,  251,  276,  462,  196,  385,  708,  334,  391,  713,  534,  155,  211,  455,  608,  763,  701,  440,  494,  648,  580,  125,  421,  534,  386,  290,  647,  229,  290,  252,   72,  731,  492,  417],
        [  982,    0,  696,  500,  734,  696, 1059,  511,  794,    0, 1018, 1031,  471,  581,  698,  761, 1246,  574,  872,  765,  396, 1040,  212,  924,  766,  854,  882,  293,  149,  553,  475,  564,  997,  561,  996,  529,  269, 1304,  940, 1021,  958,  492,  628,  877,  125,  600,  584,  948,  779,  721,  368,  807,  936,  109,  698,  871,  293,  333,  651,  922,  785,  101,  866,  557,  367,  976, 1146, 1069,  750,  289,  539,  698,  860, 1202, 1029,  326,  755, 1130,  848, 1057,  737,  643,   50,  566,  584,  716,  561,  291,  635,  592,  941,  363,  634,  517,  757,  978,  852,  653,  304,  653,  770,  411,  225,  656,  440,  645,  348,  800, 1017,  848,  639, 1213,  935,  523, 1015,  913,  931,  773,  786,  276, 1187,  578],
        [  608,    0,  893,  518,  349,  402,  221,  519,  605, 1018,    0,  302,  587,  462,  320,  480,  559,  447,  311, 1019,  662,  417,  815,  877,  260,  182,  468,  816,  869,  650,  568,  991,  487,  645,  570,  507,  836,  518,  284,    8,  296,  527,  534,  680,  996,  427,  794,  128, 1022,  556,  710,  215,  801,  909, 1002,  221,  728,  685,  406,  730,  747,  941,  420,  461,  744,  562,  349,  595,  297,  737,  749,  822,  336,  479,   12,  879,  389,  512,  667,  564,  540,  423,  976,  556,  812,  307,  992,  797,  837,  771,  364,  684,  730,  525,  377,  319,  224,  476,  722,  573,  408,  621,  795,  517,  647,  375,  685,  283,   33,  721,  384,  384,  227,  751,   56,  403,  881,  854,  677,  792,  401,  447],
        [  327,    0,  700,  574,  302,  590,   94,  612,  389, 1031,  302,    0,  561,  458,  426,  710,  283,  534,  160,  812,  757,  117,  820,  622,  418,  396,  229,  906,  888,  536,  558,  838,  199,  529,  284,  510,  920,  289,   93,  309,  582,  569,  425,  431,  974,  535,  640,  202,  811,  383,  672,  319,  539,  928,  811,  197,  774,  717,  387,  469,  526,  939,  682,  524,  851,  281,  115,  298,  310,  744,  618,  627,  593,  209,  302,  806,  279,  213,  427,  267,  364,  391,  983,  477,  656,  371,  840,  760,  663,  616,  115,  669,  564,  518,  595,   59,  219,  661,  729,  432,  270,  623,  810,  711,  763,  435,  685,  502,  269,  480,  430,  182,  124,  625,  356,  161,  625,  637,  457,  868,  162,  477],
        [  553,    0,  466,  154,  267,  404,  592,  228,  380,  471,  587,  561,    0,  125,  294,  536,  784,  219,  402,  590,  292,  574,  260,  608,  372,  456,  425,  401,  330,  177,   33,  473,  540,  181,  556,   86,  406,  835,  470,  592,  629,  131,  178,  484,  420,  256,  323,  495,  599,  289,  124,  373,  582,  370,  543,  409,  241,  179,  188,  542,  439,  379,  602,  179,  379,  536,  675,  628,  296,  187,  255,  419,  552,  735,  597,  297,  284,  670,  454,  611,  299,  176,  423,  115,  338,  283,  472,  212,  388,  310,  471,  109,  310,   64,  463,  507,  392,  415,  172,  226,  301,   76,  253,  454,  333,  225,  127,  451,  579,  477,  210,  742,  468,  245,  599,  447,  615,  490,  405,  353,  717,  152],
        [  512,    0,  532,  134,  156,  324,  479,  201,  367,  581,  462,  458,  125,    0,  179,  466,  702,  150,  301,  662,  320,  489,  370,  631,  256,  336,  363,  458,  434,  240,  109,  573,  473,  239,  506,   53,  469,  741,  365,  467,  522,  121,  168,  475,  541,  180,  399,  373,  669,  272,  248,  249,  589,  475,  623,  291,  317,  259,   72,  536,  462,  493,  515,  112,  416,  486,  573,  573,  173,  292,  337,  474,  454,  646,  472,  420,  196,  593,  447,  552,  274,   70,  535,  136,  416,  159,  573,  336,  459,  381,  382,  226,  363,   65,  375,  409,  273,  354,  277,  230,  223,  170,  356,  402,  344,  109,  234,  346,  454,  482,   91,  639,  355,  331,  475,  367,  638,  536,  411,  416,  618,   53],
        [  590,    0,  701,  199,  185,  187,  411,  204,  488,  698,  320,  426,  294,  179,    0,  329,  702,  128,  298,  831,  351,  497,  498,  769,   78,  165,  426,  506,  549,  414,  268,  751,  514,  412,  570,  209,  524,  712,  341,  324,  344,  209,  322,  592,  682,  115,  573,  271,  838,  402,  412,  120,  714,  589,  797,  230,  408,  366,  163,  653,  607,  624,  353,  142,  440,  554,  531,  628,  130,  421,  513,  638,  283,  633,  331,  589,  257,  609,  568,  601,  397,  183,  657,  309,  591,   64,  751,  494,  630,  554,  393,  378,  530,  230,  221,  394,  208,  246,  407,  381,  291,  311,  477,  298,  346,   71,  372,  170,  322,  612,   89,  591,  303,  509,  319,  400,  775,  693,  546,  477,  583,  143],
        [  917,    0,  994,  384,  513,  145,  664,  316,  813,  761,  480,  710,  536,  466,  329,    0,  992,  322,  612, 1121,  370,  802,  618, 1090,  299,  319,  752,  482,  634,  699,  503, 1006,  832,  700,  895,  465,  506,  978,  641,  478,  245,  407,  631,  919,  798,  287,  855,  515, 1130,  724,  618,  399, 1040,  664, 1077,  524,  493,  492,  480,  980,  924,  724,  112,  363,  401,  879,  797,  948,  455,  563,  788,  938,  155,  916,  488,  789,  585,  913,  893,  920,  720,  498,  737,  600,  871,  391, 1005,  673,  918,  839,  705,  568,  827,  485,  117,  693,  505,  124,  555,  692,  619,  506,  587,  105,  321,  375,  543,  210,  502,  935,  394,  846,  589,  779,  439,  719, 1097, 1001,  868,  486,  851,  414],
        [  318,    0,  765,  830,  555,  872,  340,  878,  486, 1246,  559,  283,  784,  702,  702,  992,    0,  802,  412,  847, 1017,  214, 1040,  600,  700,  677,  366, 1160, 1112,  706,  789,  937,  252,  697,  282,  751, 1171,  119,  362,  565,  853,  821,  619,  460, 1170,  808,  758,  481,  842,  534,  878,  600,  516, 1150,  869,  476, 1015,  955,  635,  463,  581, 1148,  960,  785, 1112,  297,  211,  225,  579,  969,  761,  702,  873,   81,  556,  978,  508,  118,  475,  217,  516,  633, 1196,  681,  771,  644,  939,  960,  756,  737,  322,  887,  681,  754,  877,  309,  497,  941,  955,  599,  485,  855, 1036,  992, 1029,  702,  911,  784,  528,  514,  693,  199,  405,  773,  614,  338,  600,  679,  532, 1118,  164,  732],
        [  648,    0,  673,   82,  252,  185,  530,   79,  514,  574,  447,  534,  219,  150,  128,  322,  802,    0,  391,  800,  227,  591,  380,  780,  192,  281,  490,  381,  426,  378,  187,  692,  591,  379,  636,  144,  398,  823,  445,  450,  420,  100,  317,  622,  567,   38,  534,  395,  809,  420,  320,  246,  737,  466,  757,  342,  283,  245,  186,  683,  611,  504,  383,   42,  319,  617,  644,  700,  225,  306,  468,  618,  336,  737,  458,  499,  315,  700,  594,  675,  420,  199,  535,  280,  550,  166,  691,  392,  597,  518,  483,  277,  506,  165,  244,  495,  320,  206,  293,  379,  347,  209,  356,  253,  229,  100,  263,  244,  449,  631,  110,  707,  416,  460,  441,  479,  787,  683,  560,  350,  695,   98],
        [  319,    0,  593,  421,  146,  479,  203,  467,  296,  872,  311,  160,  402,  301,  298,  612,  412,  391,    0,  715,  607,  201,  661,  568,  314,  324,  162,  754,  729,  390,  399,  712,  221,  383,  289,  352,  766,  441,   69,  319,  536,  415,  275,  372,  817,  398,  511,  183,  717,  257,  515,  216,  494,  770,  704,  103,  617,  559,  230,  424,  438,  780,  606,  374,  703,  276,  274,  337,  170,  585,  479,  521,  521,  349,  316,  654,  122,  312,  357,  308,  240,  232,  824,  321,  529,  237,  713,  603,  544,  487,   95,  510,  440,  359,  497,  108,  114,  543,  570,  293,  121,  465,  651,  594,  618,  291,  526,  414,  285,  411,  282,  341,   93,  485,  355,  110,  572,  546,  367,  714,  318,  324],
        [  534,    0,  131,  743,  687,  983,  895,  817,  425,  765, 1019,  812,  590,  662,  831, 1121,  847,  800,  715,    0,  852,  732,  661,  267,  900,  964,  583,  900,  717,  424,  622,  205,  642,  423,  576,  657,  892,  955,  764, 1026, 1172,  720,  511,  396,  642,  836,  267,  893,   15,  464,  544,  850,  338,  733,   68,  798,  748,  704,  671,  385,  287,  680, 1176,  758,  916,  567,  888,  623,  754,  651,  335,  198, 1113,  854, 1026,  451,  633,  748,  390,  636,  479,  650,  725,  526,  252,  788,  208,  545,  204,  283,  701,  595,  302,  636, 1036,  759,  797, 1002,  648,  458,  611,  637,  684, 1044,  903,  766,  631, 1001,  996,  342,  746,  942,  807,  346, 1055,  653,  270,  176,  355,  850,  897,  711],
        [  828,    0,  737,  188,  463,  303,  756,  148,  667,  396,  662,  757,  292,  320,  351,  370, 1017,  227,  607,  852,    0,  804,  254,  899,  403,  486,  682,  156,  264,  465,  268,  698,  792,  470,  824,  278,  174, 1045,  666,  665,  564,  200,  460,  773,  429,  238,  593,  621,  863,  573,  309,  471,  874,  295,  796,  568,  128,  151,  384,  832,  730,  354,  472,  234,   96,  804,  868,  893,  448,  216,  525,  700,  465,  955,  673,  451,  514,  910,  743,  871,  580,  388,  368,  402,  605,  392,  696,  333,  660,  586,  695,  257,  595,  284,  363,  714,  546,  258,  213,  515,  542,  224,  223,  266,   56,  323,  222,  415,  669,  768,  328,  932,  640,  512,  649,  685,  906,  775,  696,  133,  918,  285],
        [  220,    0,  629,  616,  342,  673,  209,  666,  323, 1040,  417,  117,  574,  489,  497,  802,  214,  591,  201,  732,  804,    0,  832,  523,  504,  495,  173,  947,  903,  513,  578,  783,   93,  505,  175,  539,  958,  267,  162,  424,  692,  608,  415,  340,  971,  598,  591,  310,  730,  344,  674,  404,  438,  943,  740,  279,  803,  743,  421,  370,  448,  944,  783,  573,  899,  176,  157,  181,  370,  760,  581,  559,  695,  162,  418,  787,  295,  113,  342,  150,  325,  420,  991,  475,  606,  437,  785,  758,  603,  568,  109,  679,  513,  542,  686,  110,  298,  740,  745,  405,  274,  644,  827,  792,  817,  491,  701,  596,  385,  393,  482,  212,  216,  591,  471,  128,  525,  556,  384,  905,  170,  519],
        [  788,    0,  565,  300,  523,  526,  848,  328,  603,  212,  815,  820,  260,  370,  498,  618, 1040,  380,  661,  661,  254,  832,    0,  771,  570,  659,  677,  243,   74,  363,  264,  481,  792,  371,  798,  319,  232, 1094,  729,  819,  786,  289,  423,  694,  189,  410,  433,  739,  674,  523,  168,  602,  768,  111,  598,  661,  126,  136,  440,  745,  617,  126,  713,  357,  278,  778,  935,  871,  541,   79,  374,  549,  692,  993,  826,  219,  544,  924,  664,  857,  537,  432,  165,  360,  439,  510,  478,  119,  494,  434,  731,  153,  465,  306,  590,  767,  642,  498,   94,  455,  560,  201,   32,  515,  309,  440,  137,  618,  812,  672,  433, 1002,  723,  358,  816,  705,  778,  627,  606,  196,  977,  371],
        [  306,    0,  243,  747,  594,  946,  713,  821,  285,  924,  877,  622,  608,  631,  769, 1090,  600,  780,  568,  267,  899,  523,  771,    0,  824,  868,  411,  987,  839,  435,  636,  424,  430,  429,  351,  648,  985,  713,  598,  885, 1084,  725,  463,  197,  811,  810,  342,  750,  258,  368,  617,  750,   86,  866,  310,  666,  823,  767,  611,  154,  171,  828, 1121,  741,  981,  347,  676,  381,  661,  735,  397,  227, 1045,  619,  882,  599,  525,  512,  212,  400,  373,  593,  877,  508,  340,  713,  427,  655,  291,  337,  523,  659,  310,  632,  989,  578,  671,  984,  727,  402,  495,  676,  785, 1032,  941,  716,  695,  931,  849,  161,  697,  721,  652,  413,  922,  478,    8,  153,  224,  936,  674,  683],
        [  623,    0,  770,  270,  231,  173,  386,  260,  541,  766,  260,  418,  372,  256,   78,  299,  700,  192,  314,  900,  403,  504,  570,  824,    0,   89,  459,  557,  618,  487,  346,  827,  534,  485,  599,  286,  576,  697,  343,  262,  272,  283,  390,  641,  755,  168,  646,  238,  907,  460,  489,  101,  764,  657,  868,  226,  474,  436,  230,  700,  666,  695,  301,  214,  486,  583,  515,  650,  165,  494,  587,  706,  222,  626,  271,  667,  301,  616,  618,  621,  452,  251,  727,  382,  663,  114,  826,  570,  701,  625,  406,  454,  599,  308,  184,  396,  207,  244,  480,  446,  334,  387,  547,  294,  389,  148,  447,  108,  267,  665,  165,  570,  295,  583,  250,  422,  830,  757,  603,  533,  568,  221],
        [  642,    0,  834,  359,  279,  223,  346,  346,  584,  854,  182,  396,  456,  336,  165,  319,  677,  281,  324,  964,  486,  495,  659,  868,   89,    0,  481,  639,  707,  559,  431,  902,  540,  557,  612,  371,  659,  659,  336,  183,  217,  371,  455,  678,  844,  255,  716,  197,  969,  511,  575,  118,  802,  746,  936,  224,  562,  525,  300,  735,  716,  784,  288,  303,  565,  599,  479,  656,  212,  583,  660,  767,  201,  599,  192,  752,  344,  604,  658,  626,  500,  320,  815,  456,  734,  182,  902,  658,  768,  694,  408,  542,  663,  392,  207,  386,  210,  297,  569,  507,  373,  475,  636,  341,  467,  232,  535,  111,  196,  707,  247,  528,  280,  658,  164,  433,  873,  813,  650,  617,  533,  306],
        [  165,    0,  471,  496,  244,  612,  313,  557,  160,  882,  468,  229,  425,  363,  426,  752,  366,  490,  162,  583,  682,  173,  677,  411,  459,  481,    0,  816,  749,  343,  435,  615,  116,  335,  147,  406,  824,  436,  188,  475,  696,  483,  254,  214,  806,  507,  420,  341,  583,  173,  514,  368,  334,  788,  583,  264,  663,  601,  305,  264,  298,  783,  757,  463,  777,  129,  318,  211,  298,  609,  409,  399,  674,  330,  472,  617,  176,  249,  204,  190,  154,  297,  832,  318,  436,  363,  617,  595,  437,  397,  118,  526,  343,  404,  639,  176,  273,  669,  595,  236,  144,  499,  675,  721,  705,  398,  551,  564,  439,  258,  383,  380,  242,  419,  514,   71,  415,  409,  229,  770,  340,  403],
        [  952,    0,  798,  333,  608,  444,  910,  303,  780,  293,  816,  906,  401,  458,  506,  482, 1160,  381,  754,  900,  156,  947,  243,  987,  557,  639,  816,    0,  208,  557,  384,  723,  928,  563,  953,  411,   25, 1194,  815,  819,  699,  340,  578,  882,  366,  393,  659,  776,  913,  689,  371,  626,  972,  219,  839,  720,  165,  224,  526,  938,  823,  289,  591,  384,   82,  933, 1019, 1023,  599,  254,  595,  773,  599, 1102,  828,  461,  654, 1051,  851, 1004,  699,  528,  282,  515,  667,  546,  721,  356,  723,  656,  839,  329,  678,  412,  499,  861,  699,  387,  261,  626,  679,  326,  218,  380,  176,  475,  293,  562,  824,  870,  478, 1083,  792,  579,  802,  825,  994,  851,  799,   52, 1068,  431],
        [  861,    0,  628,  351,  589,  557,  912,  366,  676,  149,  869,  888,  330,  434,  549,  634, 1112,  426,  729,  717,  264,  903,   74,  839,  618,  707,  749,  208,    0,  436,  330,  529,  865,  444,  871,  382,  192, 1165,  796,  873,  819,  343,  496,  767,  167,  454,  499,  799,  731,  596,  242,  659,  839,   41,  653,  724,  149,  184,  505,  817,  687,   90,  735,  408,  263,  851, 1003,  944,  603,  144,  443,  616,  722, 1064,  880,  267,  613,  996,  737,  930,  611,  499,  110,  432,  504,  568,  526,  185,  558,  502,  801,  225,  535,  372,  619,  835,  705,  520,  159,  528,  631,  266,   78,  530,  315,  496,  204,  656,  868,  744,  490, 1070,  788,  427,  867,  776,  846,  693,  678,  171, 1046,  430],
        [  430,    0,  296,  326,  302,  560,  593,  401,  242,  553,  650,  536,  177,  240,  414,  699,  706,  378,  390,  424,  465,  513,  363,  435,  487,  559,  343,  557,  436,    0,  208,  344,  454,    9,  445,  235,  557,  778,  456,  657,  758,  303,  118,  332,  466,  413,  160,  537,  432,  173,  196,  454,  416,  470,  384,  440,  393,  335,  260,  384,  268,  453,  753,  336,  547,  425,  644,  517,  359,  311,  102,  243,  693,  672,  659,  275,  274,  589,  302,  507,  191,  240,  503,  105,  177,  378,  344,  262,  220,  142,  428,  230,  133,  215,  614,  478,  430,  581,  301,  108,  270,  242,  370,  624,  509,  346,  265,  583,  634,  314,  327,  709,  477,  101,  676,  390,  441,  314,  245,  506,  675,  288],
        [  569,    0,  498,  122,  259,  372,  585,  196,  401,  475,  568,  558,   33,  109,  268,  503,  789,  187,  399,  622,  268,  578,  264,  636,  346,  431,  435,  384,  330,  208,    0,  505,  549,  211,  569,   62,  390,  836,  466,  573,  600,   98,  195,  506,  432,  225,  355,  481,  632,  308,  145,  354,  607,  371,  575,  399,  228,  167,  177,  565,  466,  386,  570,  147,  357,  549,  673,  641,  281,  187,  287,  450,  522,  738,  578,  322,  285,  676,  476,  622,  316,  169,  428,  135,  370,  262,  504,  230,  420,  342,  474,  118,  340,   44,  431,  506,  381,  382,  172,  248,  305,   66,  253,  422,  306,  200,  128,  422,  561,  501,  187,  740,  460,  277,  577,  452,  643,  521,  429,  337,  716,  126],
        [  621,    0,  185,  623,  643,  877,  910,  691,  461,  564,  991,  838,  473,  573,  751, 1006,  937,  692,  712,  205,  698,  783,  481,  424,  827,  902,  615,  723,  529,  344,  505,    0,  702,  348,  655,  553,  712, 1032,  772,  998, 1095,  600,  458,  480,  440,  729,  201,  874,  219,  458,  394,  798,  472,  541,  138,  776,  582,  548,  603,  494,  358,  483, 1075,  651,  750,  641,  933,  716,  703,  486,  243,  236, 1023,  927, 1000,  263,  606,  826,  462,  720,  477,  583,  525,  447,  184,  721,    4,  371,  182,  225,  724,  447,  275,  531,  936,  781,  769,  883,  486,  422,  594,  502,  507,  918,  752,  682,  479,  918,  973,  429,  663,  994,  803,  245, 1019,  679,  429,  281,  406,  675,  952,  616],
        [  129,    0,  542,  605,  340,  697,  292,  662,  242,  997,  487,  199,  540,  473,  514,  832,  252,  591,  221,  642,  792,   93,  792,  430,  534,  540,  116,  928,  865,  454,  549,  702,    0,  446,   86,  518,  937,  333,  209,  495,  746,  593,  370,  248,  919,  605,  515,  370,  640,  282,  629,  436,  346,  903,  652,  316,  777,  716,  411,  277,  359,  898,  825,  567,  888,   84,  249,  117,  384,  724,  512,  474,  739,  226,  489,  726,  279,  135,  253,   88,  264,  404,  947,  433,  528,  451,  704,  709,  521,  492,  132,  641,  437,  517,  717,  169,  332,  759,  710,  348,  250,  613,  790,  811,  812,  495,  666,  634,  456,  301,  482,  301,  268,  523,  539,  115,  433,  467,  298,  884,  256,  509],
        [  421,    0,  295,  328,  297,  560,  586,  404,  234,  561,  645,  529,  181,  239,  412,  700,  697,  379,  383,  423,  470,  505,  371,  429,  485,  557,  335,  563,  444,    9,  211,  348,  446,    0,  436,  236,  564,  770,  449,  652,  756,  306,  113,  325,  475,  413,  161,  531,  432,  164,  204,  450,  409,  478,  385,  434,  399,  341,  257,  377,  262,  461,  753,  337,  553,  417,  636,  509,  355,  318,  105,  241,  692,  664,  654,  283,  268,  580,  294,  499,  182,  237,  511,  104,  179,  376,  348,  271,  220,  142,  420,  237,  130,  217,  614,  470,  425,  583,  308,  100,  263,  247,  377,  626,  513,  345,  271,  582,  629,  307,  326,  702,  470,  106,  671,  382,  436,  310,  238,  513,  667,  288],
        [   46,    0,  486,  639,  390,  756,  377,  702,  210,  996,  570,  284,  556,  506,  570,  895,  282,  636,  289,  576,  824,  175,  798,  351,  599,  612,  147,  953,  871,  445,  569,  655,   86,  436,    0,  546,  959,  381,  289,  578,  823,  625,  379,  182,  910,  653,  479,  450,  573,  276,  631,  504,  265,  908,  592,  389,  796,  734,  450,  199,  301,  896,  894,  608,  918,   21,  326,   73,  441,  735,  487,  421,  809,  279,  572,  709,  322,  173,  194,   66,  261,  441,  946,  444,  491,  507,  657,  706,  475,  458,  209,  650,  403,  543,  781,  252,  403,  814,  721,  344,  289,  631,  799,  866,  849,  544,  679,  701,  539,  236,  529,  372,  348,  500,  621,  180,  353,  403,  250,  906,  325,  548],
        [  550,    0,  530,  100,  208,  327,  531,  174,  395,  529,  507,  510,   86,   53,  209,  465,  751,  144,  352,  657,  278,  539,  319,  648,  286,  371,  406,  411,  382,  235,   62,  553,  518,  236,  546,    0,  420,  792,  417,  512,  545,   82,  189,  503,  492,  179,  391,  422,  666,  300,  206,  293,  611,  423,  614,  343,  266,  208,  124,  563,  477,  443,  524,  102,  372,  527,  625,  616,  223,  240,  325,  476,  470,  696,  518,  382,  244,  641,  473,  595,  305,  120,  483,  141,  407,  201,  553,  291,  454,  375,  432,  178,  365,   23,  384,  460,  324,  347,  225,  248,  269,  119,  305,  391,  307,  140,  183,  367,  501,  504,  126,  691,  407,  317,  516,  415,  654,  543,  432,  368,  669,   66],
        [  958,    0,  792,  346,  620,  467,  925,  320,  784,  269,  836,  920,  406,  469,  524,  506, 1171,  398,  766,  892,  174,  958,  232,  985,  576,  659,  824,   25,  192,  557,  390,  712,  937,  564,  959,  420,    0, 1207,  827,  838,  722,  352,  583,  884,  346,  411,  654,  793,  905,  694,  369,  643,  972,  199,  830,  735,  166,  228,  538,  940,  823,  270,  615,  399,  106,  939, 1033, 1030,  613,  251,  591,  769,  622, 1113,  847,  450,  664, 1061,  854, 1012,  704,  539,  261,  520,  662,  561,  710,  348,  718,  653,  850,  328,  676,  420,  522,  874,  713,  410,  259,  629,  689,  330,  209,  403,  198,  491,  293,  583,  842,  871,  492, 1097,  806,  575,  822,  835,  992,  847,  800,   54, 1081,  443],
        [  421,    0,  867,  861,  587,  869,  314,  901,  575, 1304,  518,  289,  835,  741,  712,  978,  119,  823,  441,  955, 1045,  267, 1094,  713,  697,  659,  436, 1194, 1165,  778,  836, 1032,  333,  770,  381,  792, 1207,    0,  380,  523,  814,  856,  681,  563, 1237,  823,  847,  464,  950,  609,  938,  601,  629, 1204,  973,  484, 1058,  999,  671,  572,  682, 1208,  933,  812, 1140,  394,  183,  334,  599, 1021,  843,  801,  847,  107,  513, 1053,  552,  208,  574,  320,  590,  672, 1255,  740,  861,  659, 1034, 1023,  851,  825,  364,  942,  769,  798,  865,  333,  505,  941, 1006,  671,  535,  902, 1087,  990, 1052,  724,  962,  769,  489,  617,  718,  135,  410,  853,  571,  393,  713,  783,  627, 1155,  130,  764],
        [  325,    0,  645,  482,  210,  514,  139,  522,  340,  940,  284,   93,  470,  365,  341,  641,  362,  445,   69,  764,  666,  162,  729,  598,  343,  336,  188,  815,  796,  456,  466,  772,  209,  449,  289,  417,  827,  380,    0,  292,  538,  477,  342,  402,  885,  448,  572,  162,  765,  315,  583,  243,  520,  837,  757,  118,  682,  624,  294,  449,  481,  848,  623,  432,  760,  279,  208,  323,  221,  652,  543,  572,  536,  293,  288,  722,  190,  273,  392,  293,  296,  298,  892,  390,  589,  284,  773,  672,  601,  548,   80,  578,  498,  425,  525,   53,  138,  582,  637,  356,  187,  531,  718,  633,  674,  345,  593,  436,  254,  446,  339,  274,   60,  549,  334,  120,  602,  591,  411,  776,  254,  385],
        [  616,    0,  901,  522,  356,  402,  228,  522,  613, 1021,    8,  309,  592,  467,  324,  478,  565,  450,  319, 1026,  665,  424,  819,  885,  262,  183,  475,  819,  873,  657,  573,  998,  495,  652,  578,  512,  838,  523,  292,    0,  292,  531,  541,  688, 1001,  430,  802,  136, 1029,  563,  715,  220,  809,  913, 1009,  228,  732,  689,  412,  738,  755,  945,  416,  465,  746,  569,  355,  603,  303,  742,  756,  829,  333,  485,   11,  885,  396,  519,  675,  572,  548,  429,  980,  562,  819,  312,  999,  802,  844,  778,  371,  689,  738,  531,  376,  327,  232,  476,  727,  580,  416,  626,  799,  517,  648,  380,  689,  282,   40,  729,  389,  389,  235,  757,   49,  411,  889,  861,  684,  795,  406,  452],
        [  854,    0, 1041,  500,  493,  263,  513,  458,  800,  958,  296,  582,  629,  522,  344,  245,  853,  420,  536, 1172,  564,  692,  786, 1084,  272,  217,  696,  699,  819,  758,  600, 1095,  746,  756,  823,  545,  722,  814,  538,  292,    0,  519,  661,  895,  973,  384,  917,  383, 1178,  725,  738,  335, 1019,  854, 1139,  434,  671,  650,  502,  952,  931,  904,  147,  456,  618,  810,  644,  861,  426,  718,  857,  976,  101,  772,  302,  918,  560,  795,  874,  830,  716,  522,  927,  653,  934,  384, 1094,  811,  972,  897,  615,  696,  870,  567,  202,  585,  423,  312,  706,  716,  590,  628,  758,  328,  526,  414,  681,  179,  327,  924,  432,  680,  480,  852,  244,  644, 1090, 1026,  866,  693,  696,  481],
        [  630,    0,  595,   24,  269,  279,  580,   99,  476,  492,  527,  569,  131,  121,  209,  407,  821,  100,  415,  720,  200,  608,  289,  725,  283,  371,  483,  340,  343,  303,   98,  600,  593,  306,  625,   82,  352,  856,  477,  531,  519,    0,  269,  583,  474,  136,  453,  459,  729,  381,  221,  316,  691,  384,  673,  390,  210,  160,  187,  643,  555,  415,  478,   69,  295,  605,  683,  693,  267,  212,  385,  546,  435,  762,  538,  399,  316,  713,  554,  672,  386,  190,  450,  218,  468,  225,  599,  293,  518,  439,  500,  177,  435,   93,  340,  523,  369,  285,  198,  328,  343,  109,  269,  324,  226,  154,  166,  343,  525,  584,  149,  748,  459,  375,  528,  487,  732,  615,  512,  300,  730,   93],
        [  375,    0,  381,  289,  186,  487,  477,  362,  208,  628,  534,  425,  178,  168,  322,  631,  619,  317,  275,  511,  460,  415,  423,  463,  390,  455,  254,  578,  496,  118,  195,  458,  370,  113,  379,  189,  583,  681,  342,  541,  661,  269,    0,  315,  556,  348,  263,  419,  518,  113,  260,  344,  423,  534,  481,  322,  418,  356,  160,  374,  294,  530,  672,  278,  551,  359,  536,  451,  248,  357,  216,  317,  604,  577,  543,  381,  157,  502,  285,  436,  122,  140,  578,   65,  281,  277,  458,  343,  314,  241,  322,  273,  210,  178,  535,  368,  313,  522,  343,   62,  156,  254,  422,  569,  494,  260,  300,  491,  517,  316,  241,  602,  359,  218,  562,  289,  470,  373,  245,  530,  571,  220],
        [  143,    0,  306,  602,  411,  775,  520,  674,  109,  877,  680,  431,  484,  475,  592,  919,  460,  622,  372,  396,  773,  340,  694,  197,  641,  678,  214,  882,  767,  332,  506,  480,  248,  325,  182,  503,  884,  563,  402,  688,  895,  583,  315,    0,  778,  648,  318,  553,  393,  204,  528,  561,  125,  800,  411,  471,  718,  658,  442,   62,  122,  777,  940,  586,  862,  172,  496,  237,  476,  642,  343,  244,  862,  460,  685,  569,  340,  355,   31,  244,  202,  426,  827,  372,  327,  533,  482,  589,  302,  301,  328,  559,  250,  492,  812,  383,  477,  820,  631,  259,  307,  558,  702,  870,  808,  546,  592,  748,  653,   55,  528,  548,  455,  358,  726,  282,  201,  222,   91,  832,  502,  526],
        [  892,    0,  578,  486,  686,  713, 1011,  516,  703,  125,  996,  974,  420,  541,  682,  798, 1170,  567,  817,  642,  429,  971,  189,  811,  755,  844,  806,  366,  167,  466,  432,  440,  919,  475,  910,  492,  346, 1237,  885, 1001,  973,  474,  556,  778,    0,  598,  474,  913,  656,  638,  303,  782,  828,  148,  574,  829,  307,  325,  608,  819,  680,   78,  897,  542,  428,  891, 1087,  982,  713,  262,  436,  585,  879, 1132, 1007,  213,  696, 1053,  750,  973,  656,  596,   95,  499,  473,  690,  437,  214,  521,  485,  876,  315,  531,  476,  776,  918,  812,  682,  276,  572,  706,  376,  216,  694,  481,  621,  312,  806,  991,  745,  612, 1154,  887,  421, 1000,  844,  817,  659,  688,  334, 1125,  550],
        [  667,    0,  708,  117,  265,  149,  525,   93,  540,  600,  427,  535,  256,  180,  115,  287,  808,   38,  398,  836,  238,  598,  410,  810,  168,  255,  507,  393,  454,  413,  225,  729,  605,  413,  653,  179,  411,  823,  448,  430,  384,  136,  348,  648,  598,    0,  570,  385,  844,  447,  356,  235,  765,  492,  793,  341,  308,  274,  208,  709,  642,  533,  346,   79,  326,  635,  643,  715,  229,  338,  504,  652,  300,  740,  438,  535,  332,  709,  620,  690,  446,  223,  563,  313,  586,  165,  728,  428,  632,  554,  491,  313,  541,  201,  207,  499,  319,  175,  325,  409,  365,  245,  385,  223,  232,  110,  298,  210,  432,  659,  125,  704,  414,  496,  418,  491,  816,  715,  589,  366,  694,  128],
        [  450,    0,  145,  476,  449,  718,  710,  551,  273,  584,  794,  640,  323,  399,  573,  855,  758,  534,  511,  267,  593,  591,  433,  342,  646,  716,  420,  659,  499,  160,  355,  201,  515,  161,  479,  391,  654,  847,  572,  802,  917,  453,  263,  318,  474,  570,    0,  675,  277,  258,  290,  607,  354,  525,  225,  577,  499,  449,  417,  351,  208,  487,  912,  492,  665,  462,  737,  545,  511,  406,   69,  117,  852,  740,  803,  261,  407,  644,  294,  545,  277,  396,  537,  265,   19,  536,  202,  315,   67,   24,  526,  339,   78,  370,  773,  582,  571,  736,  400,  223,  394,  374,  450,  777,  642,  506,  375,  743,  776,  277,  486,  800,  603,   82,  824,  482,  349,  195,  232,  608,  760,  447],
        [  486,    0,  769,  455,  239,  407,  150,  473,  478,  948,  128,  202,  495,  373,  271,  515,  481,  395,  183,  893,  621,  310,  739,  750,  238,  197,  341,  776,  799,  537,  481,  874,  370,  531,  450,  422,  793,  464,  162,  136,  383,  459,  419,  553,  913,  385,  675,    0,  896,  431,  618,  151,  675,  840,  878,   98,  667,  617,  308,  604,  620,  864,  481,  399,  711,  440,  282,  482,  200,  661,  634,  697,  393,  403,  134,  779,  268,  414,  540,  451,  415,  322,  903,  448,  693,  234,  874,  707,  715,  651,  242,  599,  608,  438,  402,  204,  108,  480,  646,  453,  284,  540,  723,  528,  616,  307,  605,  306,  103,  593,  310,  334,  103,  636,  174,  278,  754,  727,  549,  745,  337,  370],
        [  530,    0,  138,  753,  692,  991,  895,  827,  426,  779, 1022,  811,  599,  669,  838, 1130,  842,  809,  717,   15,  863,  730,  674,  258,  907,  969,  583,  913,  731,  432,  632,  219,  640,  432,  573,  666,  905,  950,  765, 1029, 1178,  729,  518,  393,  656,  844,  277,  896,    0,  467,  555,  855,  331,  747,   82,  802,  760,  716,  677,  380,  286,  694, 1184,  767,  928,  564,  887,  618,  759,  664,  345,  203, 1120,  850, 1029,  465,  637,  744,  389,  631,  482,  657,  738,  534,  262,  794,  223,  558,  212,  291,  701,  607,  309,  645, 1044,  759,  800, 1011,  661,  463,  615,  648,  697, 1053,  914,  773,  643, 1008,  999,  339,  753,  940,  809,  357, 1059,  654,  261,  175,  355,  863,  894,  719],
        [  267,    0,  338,  399,  232,  579,  453,  471,   96,  721,  556,  383,  289,  272,  402,  724,  534,  420,  257,  464,  573,  344,  523,  368,  460,  511,  173,  689,  596,  173,  308,  458,  282,  164,  276,  300,  694,  609,  315,  563,  725,  381,  113,  204,  638,  447,  258,  431,  467,    0,  356,  394,  318,  633,  448,  335,  528,  467,  244,  265,  207,  622,  754,  383,  664,  256,  483,  349,  300,  461,  238,  267,  680,  502,  563,  445,  171,  416,  175,  337,   20,  226,  671,  175,  275,  348,  459,  431,  287,  234,  270,  377,  184,  290,  621,  325,  333,  621,  448,   69,  148,  364,  525,  670,  606,  349,  407,  566,  533,  212,  330,  548,  350,  247,  592,  227,  374,  304,  145,  641,  510,  323],
