{
    "name": "random-25-22486",
    "comment": "size=25 seed=22486",
    "nodes": ["+0", "-0", "+1", "-1", "+2", "-2", "+3", "-3", "+4", "-4", "+5", "-5", "+6", "-6", "+7", "-7", "+8", "-8", "+9", "-9", "+10", "-10", "+11", "-11", "+12", "-12", "+13", "-13", "+14", "-14", "+15", "-15", "+16", "-16", "+17", "-17", "+18", "-18", "+19", "-19", "+20", "-20", "+21", "-21", "+22", "-22", "+23", "-23", "+24", "-24", "+25", "-25"],
    "precedence": {
        "+0": "-0",
        "+1": "-1",
        "+2": "-2",
        "+3": "-3",
        "+4": "-4",
        "+5": "-5",
        "+6": "-6",
        "+7": "-7",
        "+8": "-8",
        "+9": "-9",
        "+10": "-10",
        "+11": "-11",
        "+12": "-12",
        "+13": "-13",
        "+14": "-14",
        "+15": "-15",
        "+16": "-16",
        "+17": "-17",
        "+18": "-18",
        "+19": "-19",
        "+20": "-20",
        "+21": "-21",
        "+22": "-22",
        "+23": "-23",
        "+24": "-24",
        "+25": "-25"
    },
    "edges": [
        [    0,    0,  902,  310,  278,  559,  729,  800,  498,  296,  949,  447,  146,  603,  712,  847,  803,   70,  598,  449,  525,  697,   56,  391,  761,  601,  160,   67,  821,  556,  838,  598,  639,  428,  408,  731,  603,  786,  236,  888,  586,  185,  764,  809,   82,   78,  235,   10,  893,  835,  125,  818],
        [    0,    0,  902,  310,  278,  559,  729,  800,  498,  296,  949,  447,  146,  603,  712,  847,  803,   70,  598,  449,  525,  697,   56,  391,  761,  601,  160,   67,  821,  556,  838,  598,  639,  428,  408,  731,  603,  786,  236,  888,  586,  185,  764,  809,   82,   78,  235,   10,  893,  835,  125,  818],
        [  902,  902,    0,  892,  625,  888,  767,  798,  630,  987,  337,  458,  805,  641,  200,  192,  513,  867,  416,  894,  413,  821,  953,  635,  574,  301,  749,  853,  257,  379,  110,  756,  319,  559,  702,  702,  787, 1054,  979,  552,  432,  938,  569,  119,  862,  974,  668,  911,  388,  285,  975,  708],
        [  310,  310,  892,    0,  385,  256,  462,  528,  708,  105,  825,  509,  205,  383,  693,  775,  618,  364,  722,  142,  480,  414,  347,  593,  555,  620,  358,  348,  728,  639,  801,  332,  578,  593,  207,  482,  326,  476,  136,  691,  480,  146,  561,  778,  375,  359,  340,  316,  750,  924,  429,  570],
        [  278,  278,  625,  385,    0,  550,  629,  698,  332,  444,  705,  169,  211,  468,  438,  583,  608,  245,  347,  476,  272,  624,  329,  222,  587,  324,  127,  230,  567,  285,  565,  516,  382,  210,  322,  605,  534,  788,  410,  695,  360,  357,  588,  535,  242,  350,   51,  287,  661,  572,  357,  681],
        [  559,  559,  888,  256,  550,    0,  243,  297,  880,  327,  726,  616,  432,  258,  705,  730,  481,  605,  837,  116,  513,  178,  600,  771,  405,  673,  570,  587,  670,  738,  782,  148,  574,  750,  236,  289,  123,  239,  380,  533,  458,  401,  411,  769,  614,  613,  519,  566,  640,  995,  681,  367],
        [  729,  729,  767,  462,  629,  243,    0,   72,  933,  552,  536,  629,  586,  169,  616,  586,  282,  759,  834,  342,  478,   74,  778,  838,  206,  628,  692,  740,  520,  727,  657,  133,  489,  796,  327,   68,  136,  296,  596,  310,  383,  602,  212,  653,  766,  795,  615,  738,  448,  937,  854,  126],
        [  800,  800,  798,  528,  698,  297,   72,    0,  998,  615,  542,  692,  657,  234,  658,  611,  294,  830,  891,  403,  536,  120,  849,  905,  225,  681,  763,  811,  545,  784,  688,  203,  536,  861,  398,  106,  203,  296,  662,  301,  436,  670,  230,  687,  837,  865,  685,  808,  455,  983,  925,  104],
        [  498,  498,  630,  708,  332,  880,  933,  998,    0,  749,  849,  313,  512,  765,  517,  688,  842,  432,  215,  807,  483,  940,  522,  116,  845,  404,  363,  432,  704,  277,  628,  833,  548,  137,  649,  897,  854, 1117,  703,  925,  592,  647,  845,  596,  420,  536,  370,  502,  837,  431,  494,  961],
        [  296,  296,  987,  105,  444,  327,  552,  615,  749,    0,  930,  585,  239,  485,  788,  877,  722,  360,  789,  213,  575,  498,  317,  635,  658,  708,  388,  349,  831,  715,  899,  426,  677,  647,  312,  579,  416,  521,   64,  794,  582,  112,  663,  876,  373,  323,  395,  298,  854, 1002,  398,  666],
        [  949,  949,  337,  825,  705,  726,  536,  542,  849,  930,    0,  576,  818,  472,  335,  171,  254,  939,  655,  774,  433,  604, 1005,  811,  332,  446,  826,  921,  147,  573,  257,  579,  326,  738,  619,  469,  606,  830,  944,  249,  366,  919,  326,  279,  938, 1027,  731,  959,   89,  607, 1053,  440],
        [  447,  447,  458,  509,  169,  616,  629,  692,  313,  585,  576,    0,  368,  461,  278,  436,  533,  410,  223,  568,  172,  645,  497,  243,  533,  158,  292,  396,  431,  131,  406,  542,  254,  180,  381,  589,  566,  841,  561,  617,  280,  512,  533,  375,  405,  517,  216,  456,  548,  417,  519,  650],
        [  146,  146,  805,  205,  211,  432,  586,  657,  512,  239,  818,  368,    0,  457,  608,  728,  660,  176,  557,  331,  407,  558,  200,  397,  616,  509,  154,  157,  696,  492,  730,  456,  519,  409,  263,  585,  463,  667,  200,  744,  453,  146,  619,  703,  184,  219,  161,  156,  757,  780,  270,  672],
        [  603,  603,  641,  383,  468,  258,  169,  234,  765,  485,  472,  461,  457,    0,  471,  475,  240,  623,  667,  306,  313,  194,  656,  672,  173,  467,  543,  603,  414,  560,  533,  116,  340,  628,  197,  138,  147,  419,  515,  309,  226,  507,  178,  523,  628,  675,  460,  612,  388,  783,  726,  218],
        [  712,  712,  200,  693,  438,  705,  616,  658,  517,  788,  335,  278,  608,  471,    0,  172,  404,  683,  321,  702,  214,  660,  765,  491,  444,  124,  564,  667,  194,  241,  129,  583,  133,  416,  507,  556,  613,  889,  780,  468,  249,  740,  441,   98,  679,  786,  478,  721,  339,  327,  794,  581],
        [  847,  847,  192,  775,  583,  730,  586,  611,  688,  877,  171,  436,  728,  475,  172,    0,  323,  826,  488,  753,  323,  644,  902,  660,  387,  291,  709,  809,   67,  412,   92,  591,  210,  585,  573,  519,  621,  877,  880,  360,  296,  847,  382,  110,  824,  923,  617,  857,  201,  441,  939,  518],
        [  803,  803,  513,  618,  608,  481,  282,  294,  842,  722,  254,  533,  660,  240,  404,  323,    0,  810,  689,  544,  362,  351,  859,  773,   79,  463,  710,  790,  257,  586,  406,  334,  306,  712,  420,  215,  360,  577,  747,   88,  255,  733,   73,  410,  812,  879,  617,  813,  166,  728,  920,  197],
        [   70,   70,  867,  364,  245,  605,  759,  830,  432,  360,  939,  410,  176,  623,  683,  826,  810,    0,  543,  499,  508,  733,   95,  327,  773,  567,  120,   20,  805,  510,  810,  630,  621,  371,  434,  755,  638,  836,  302,  896,  580,  249,  776,  780,   13,  113,  210,   72,  887,  784,  114,  840],
        [  598,  598,  416,  722,  347,  837,  834,  891,  215,  789,  655,  223,  557,  667,  321,  488,  689,  543,    0,  789,  356,  856,  637,  242,  708,  227,  440,  536,  513,  108,  420,  757,  383,  176,  603,  787,  783, 1060,  757,  765,  459,  703,  707,  390,  534,  655,  397,  605,  656,  243,  633,  837],
        [  449,  449,  894,  142,  476,  116,  342,  403,  807,  213,  774,  568,  331,  306,  702,  753,  544,  499,  789,    0,  496,  285,  487,  695,  473,  651,  476,  482,  699,  696,  794,  222,  575,  683,  197,  375,  208,  338,  265,  607,  464,  286,  478,  776,  509,  500,  438,  455,  692,  968,  569,  460],
        [  525,  525,  413,  480,  272,  513,  478,  536,  483,  575,  433,  172,  407,  313,  214,  323,  362,  508,  356,  496,    0,  505,  580,  412,  363,  161,  393,  491,  298,  249,  327,  411,  114,  351,  299,  431,  439,  720,  569,  447,  110,  531,  363,  302,  507,  601,  299,  535,  391,  482,  622,  485],
        [  697,  697,  821,  414,  624,  178,   74,  120,  940,  498,  604,  645,  558,  194,  660,  644,  351,  733,  856,  285,  505,    0,  744,  840,  273,  660,  675,  714,  579,  751,  712,  109,  530,  804,  309,  137,   96,  234,  546,  383,  419,  558,  279,  705,  741,  759,  605,  705,  516,  976,  822,  198],
        [   56,   56,  953,  347,  329,  600,  778,  849,  522,  317, 1005,  497,  200,  656,  765,  902,  859,   95,  637,  487,  580,  744,    0,  420,  815,  652,  206,  103,  876,  601,  891,  647,  694,  465,  460,  782,  650,  821,  254,  943,  642,  210,  819,  862,  105,   22,  287,   47,  949,  877,   83,  869],
        [  391,  391,  635,  593,  222,  771,  838,  905,  116,  635,  811,  243,  397,  672,  491,  660,  773,  327,  242,  695,  412,  840,  420,    0,  767,  370,  249,  325,  665,  258,  612,  732,  494,   77,  542,  807,  752, 1009,  589,  858,  519,  533,  768,  580,  316,  436,  257,  396,  788,  482,  402,  876],
        [  761,  761,  574,  555,  587,  405,  206,  225,  845,  658,  332,  533,  616,  173,  444,  387,   79,  773,  708,  473,  363,  273,  815,  767,    0,  486,  680,  753,  320,  603,  465,  258,  332,  711,  364,  138,  283,  501,  687,  137,  254,  677,    7,  465,  777,  835,  590,  770,  244,  771,  880,  138],
        [  601,  601,  301,  620,  324,  673,  628,  681,  404,  708,  446,  158,  509,  467,  124,  291,  463,  567,  227,  651,  161,  660,  652,  370,  486,    0,  448,  553,  300,  130,  250,  570,  157,  295,  454,  575,  598,  879,  692,  539,  246,  647,  484,  218,  563,  673,  367,  610,  435,  322,  677,  618],
        [  160,  160,  749,  358,  127,  570,  692,  763,  363,  388,  826,  292,  154,  543,  564,  709,  710,  120,  440,  476,  393,  675,  206,  249,  680,  448,    0,  105,  690,  396,  691,  568,  505,  274,  367,  678,  581,  808,  341,  798,  472,  284,  683,  661,  116,  227,   96,  168,  778,  676,  231,  760],
        [   67,   67,  853,  348,  230,  587,  740,  811,  432,  349,  921,  396,  157,  603,  667,  809,  790,   20,  536,  482,  491,  714,  103,  325,  753,  553,  105,    0,  788,  499,  795,  611,  603,  365,  414,  735,  619,  819,  292,  876,  561,  237,  756,  765,   28,  123,  193,   72,  869,  775,  133,  820],
        [  821,  821,  257,  728,  567,  670,  520,  545,  704,  831,  147,  431,  696,  414,  194,   67,  257,  805,  513,  699,  298,  579,  876,  665,  320,  300,  690,  788,    0,  428,  151,  529,  186,  592,  524,  453,  559,  812,  838,  299,  251,  808,  316,  161,  804,  898,  596,  831,  149,  493,  919,  452],
        [  556,  556,  379,  639,  285,  738,  727,  784,  277,  715,  573,  131,  492,  560,  241,  412,  586,  510,  108,  696,  249,  751,  601,  258,  603,  130,  396,  499,  428,    0,  357,  652,  282,  181,  506,  679,  679,  957,  688,  665,  353,  637,  602,  325,  503,  621,  335,  564,  564,  289,  611,  730],
        [  838,  838,  110,  801,  565,  782,  657,  688,  628,  899,  257,  406,  730,  533,  129,   92,  406,  810,  420,  794,  327,  712,  891,  612,  465,  250,  691,  795,  151,  357,    0,  649,  223,  536,  605,  592,  679,  945,  896,  450,  331,  858,  460,   33,  807,  913,  604,  848,  292,  351,  922,  599],
        [  598,  598,  756,  332,  516,  148,  133,  203,  833,  426,  579,  542,  456,  116,  583,  591,  334,  630,  757,  222,  411,  109,  647,  732,  258,  570,  568,  611,  529,  652,  649,    0,  451,  698,  202,  154,   31,  310,  467,  389,  336,  471,  264,  638,  637,  663,  497,  606,  493,  889,  723,  241],
        [  639,  639,  319,  578,  382,  574,  489,  536,  548,  677,  326,  254,  519,  340,  133,  210,  306,  621,  383,  575,  114,  530,  694,  494,  332,  157,  505,  603,  186,  282,  223,  451,    0,  425,  384,  431,  481,  758,  676,  383,  117,  640,  330,  203,  619,  715,  411,  649,  295,  448,  735,  466],
        [  428,  428,  559,  593,  210,  750,  796,  861,  137,  647,  738,  180,  409,  628,  416,  585,  712,  371,  176,  683,  351,  804,  465,   77,  711,  295,  274,  365,  592,  181,  536,  698,  425,    0,  517,  761,  720,  985,  607,  796,  459,  552,  712,  504,  361,  482,  254,  435,  719,  419,  457,  826],
        [  408,  408,  702,  207,  322,  236,  327,  398,  649,  312,  619,  381,  263,  197,  507,  573,  420,  434,  603,  197,  299,  309,  460,  542,  364,  454,  367,  414,  524,  506,  605,  202,  384,  517,    0,  323,  215,  469,  330,  498,  278,  314,  369,  586,  440,  478,  298,  417,  544,  773,  532,  410],
        [  731,  731,  702,  482,  605,  289,   68,  106,  897,  579,  469,  589,  585,  138,  556,  519,  215,  755,  787,  375,  431,  137,  782,  807,  138,  575,  678,  735,  453,  679,  592,  154,  431,  761,  323,    0,  170,  364,  617,  249,  330,  618,  144,  589,  761,  800,  597,  739,  381,  879,  854,   89],
        [  603,  603,  787,  326,  534,  123,  136,  203,  854,  416,  606,  566,  463,  147,  613,  621,  360,  638,  783,  208,  439,   96,  650,  752,  283,  598,  581,  619,  559,  679,  679,   31,  481,  720,  215,  170,    0,  281,  460,  411,  365,  468,  289,  669,  646,  666,  513,  611,  520,  918,  727,  253],
        [  786,  786, 1054,  476,  788,  239,  296,  296, 1117,  521,  830,  841,  667,  419,  889,  877,  577,  836, 1060,  338,  720,  234,  821, 1009,  501,  879,  808,  819,  812,  957,  945,  310,  758,  985,  469,  364,  281,    0,  582,  596,  643,  614,  507,  937,  846,  832,  758,  791,  742, 1198,  904,  399],
        [  236,  236,  979,  136,  410,  380,  596,  662,  703,   64,  944,  561,  200,  515,  780,  880,  747,  302,  757,  265,  569,  546,  254,  589,  687,  692,  341,  292,  838,  688,  896,  467,  676,  607,  330,  617,  460,  582,    0,  823,  588,   57,  692,  871,  315,  260,  360,  238,  872,  977,  335,  706],
        [  888,  888,  552,  691,  695,  533,  310,  301,  925,  794,  249,  617,  744,  309,  468,  360,   88,  896,  765,  607,  447,  383,  943,  858,  137,  539,  798,  876,  299,  665,  450,  389,  383,  796,  498,  249,  411,  596,  823,    0,  341,  812,  131,  459,  899,  963,  705,  898,  170,  787, 1006,  198],
        [  586,  586,  432,  480,  360,  458,  383,  436,  592,  582,  366,  280,  453,  226,  249,  296,  255,  580,  459,  464,  110,  419,  642,  519,  254,  246,  472,  561,  251,  353,  331,  336,  117,  459,  278,  330,  365,  643,  588,  341,    0,  558,  254,  314,  581,  663,  376,  596,  308,  557,  693,  378],
        [  185,  185,  938,  146,  357,  401,  602,  670,  647,  112,  919,  512,  146,  507,  740,  847,  733,  249,  703,  286,  531,  558,  210,  533,  677,  647,  284,  237,  808,  637,  858,  471,  640,  552,  314,  618,  468,  614,   57,  812,  558,    0,  682,  832,  261,  219,  307,  187,  850,  926,  292,  706],
        [  764,  764,  569,  561,  588,  411,  212,  230,  845,  663,  326,  533,  619,  178,  441,  382,   73,  776,  707,  478,  363,  279,  819,  768,    7,  484,  683,  756,  316,  602,  460,  264,  330,  712,  369,  144,  289,  507,  692,  131,  254,  682,    0,  461,  780,  838,  592,  774,  238,  768,  884,  141],
        [  809,  809,  119,  778,  535,  769,  653,  687,  596,  876,  279,  375,  703,  523,   98,  110,  410,  780,  390,  776,  302,  705,  862,  580,  465,  218,  661,  765,  161,  325,   33,  638,  203,  504,  586,  589,  669,  937,  871,  459,  314,  832,  461,    0,  776,  883,  575,  818,  307,  333,  891,  601],
        [   82,   82,  862,  375,  242,  614,  766,  837,  420,  373,  938,  405,  184,  628,  679,  824,  812,   13,  534,  509,  507,  741,  105,  316,  777,  563,  116,   28,  804,  503,  807,  637,  619,  361,  440,  761,  646,  846,  315,  899,  581,  261,  780,  776,    0,  122,  208,   85,  888,  775,  116,  846],
        [   78,   78,  974,  359,  350,  613,  795,  865,  536,  323, 1027,  517,  219,  675,  786,  923,  879,  113,  655,  500,  601,  759,   22,  436,  835,  673,  227,  123,  898,  621,  913,  663,  715,  482,  478,  800,  666,  832,  260,  963,  663,  219,  838,  883,  122,    0,  309,   68,  970,  896,   77,  887],
        [  235,  235,  668,  340,   51,  519,  615,  685,  370,  395,  731,  216,  161,  460,  478,  617,  617,  210,  397,  438,  299,  605,  287,  257,  590,  367,   96,  193,  596,  335,  604,  497,  411,  254,  298,  597,  513,  758,  360,  705,  376,  307,  592,  575,  208,  309,    0,  244,  682,  622,  324,  676],
        [   10,   10,  911,  316,  287,  566,  738,  808,  502,  298,  959,  456,  156,  612,  721,  857,  813,   72,  605,  455,  535,  705,   47,  396,  770,  610,  168,   72,  831,  564,  848,  606,  649,  435,  417,  739,  611,  791,  238,  898,  596,  187,  774,  818,   85,   68,  244,    0,  903,  843,  117,  826],
        [  893,  893,  388,  750,  661,  640,  448,  455,  837,  854,   89,  548,  757,  388,  339,  201,  166,  887,  656,  692,  391,  516,  949,  788,  244,  435,  778,  869,  149,  564,  292,  493,  295,  719,  544,  381,  520,  742,  872,  170,  308,  850,  238,  307,  888,  970,  682,  903,    0,  640, 1001,  354],
        [  835,  835,  285,  924,  572,  995,  937,  983,  431, 1002,  607,  417,  780,  783,  327,  441,  728,  784,  243,  968,  482,  976,  877,  482,  771,  322,  676,  775,  493,  289,  351,  889,  448,  419,  773,  879,  918, 1198,  977,  787,  557,  926,  768,  333,  775,  896,  622,  843,  640,    0,  876,  908],
        [  125,  125,  975,  429,  357,  681,  854,  925,  494,  398, 1053,  519,  270,  726,  794,  939,  920,  114,  633,  569,  622,  822,   83,  402,  880,  677,  231,  133,  919,  611,  922,  723,  735,  457,  532,  854,  727,  904,  335, 1006,  693,  292,  884,  891,  116,   77,  324,  117, 1001,  876,    0,  941],
        [  818,  818,  708,  570,  681,  367,  126,  104,  961,  666,  440,  650,  672,  218,  581,  518,  197,  840,  837,  460,  485,  198,  869,  876,  138,  618,  760,  820,  452,  730,  599,  241,  466,  826,  410,   89,  253,  399,  706,  198,  378,  706,  141,  601,  846,  887,  676,  826,  354,  908,  941,    0]
    ]
}
