{
    "name": "random-80-2318",
    "comment": "size=80 seed=2318",
    "nodes": ["+0", "-0", "+1", "-1", "+2", "-2", "+3", "-3", "+4", "-4", "+5", "-5", "+6", "-6", "+7", "-7", "+8", "-8", "+9", "-9", "+10", "-10", "+11", "-11", "+12", "-12", "+13", "-13", "+14", "-14", "+15", "-15", "+16", "-16", "+17", "-17", "+18", "-18", "+19", "-19", "+20", "-20", "+21", "-21", "+22", "-22", "+23", "-23", "+24", "-24", "+25", "-25", "+26", "-26", "+27", "-27", "+28", "-28", "+29", "-29", "+30", "-30", "+31", "-31", "+32", "-32", "+33", "-33", "+34", "-34", "+35", "-35", "+36", "-36", "+37", "-37", "+38", "-38", "+39", "-39", "+40", "-40", "+41", "-41", "+42", "-42", "+43", "-43", "+44", "-44", "+45", "-45", "+46", "-46", "+47", "-47", "+48", "-48", "+49", "-49", "+50", "-50", "+51", "-51", "+52", "-52", "+53", "-53", "+54", "-54", "+55", "-55", "+56", "-56", "+57", "-57", "+58", "-58", "+59", "-59", "+60", "-60", "+61", "-61", "+62", "-62", "+63", "-63", "+64", "-64", "+65", "-65", "+66", "-66", "+67", "-67", "+68", "-68", "+69", "-69", "+70", "-70", "+71", "-71", "+72", "-72", "+73", "-73", "+74", "-74", "+75", "-75", "+76", "-76", "+77", "-77", "+78", "-78", "+79", "-79", "+80", "-80"],
    "precedence": {
        "+0": "-0",
        "+1": "-1",
        "+2": "-2",
        "+3": "-3",
        "+4": "-4",
        "+5": "-5",
        "+6": "-6",
        "+7": "-7",
        "+8": "-8",
        "+9": "-9",
        "+10": "-10",
        "+11": "-11",
        "+12": "-12",
        "+13": "-13",
        "+14": "-14",
        "+15": "-15",
        "+16": "-16",
        "+17": "-17",
        "+18": "-18",
        "+19": "-19",
        "+20": "-20",
        "+21": "-21",
        "+22": "-22",
        "+23": "-23",
        "+24": "-24",
        "+25": "-25",
        "+26": "-26",
        "+27": "-27",
        "+28": "-28",
        "+29": "-29",
        "+30": "-30",
        "+31": "-31",
        "+32": "-32",
        "+33": "-33",
        "+34": "-34",
        "+35": "-35",
        "+36": "-36",
        "+37": "-37",
        "+38": "-38",
        "+39": "-39",
        "+40": "-40",
        "+41": "-41",
        "+42": "-42",
        "+43": "-43",
        "+44": "-44",
        "+45": "-45",
        "+46": "-46",
        "+47": "-47",
        "+48": "-48",
        "+49": "-49",
        "+50": "-50",
        "+51": "-51",
        "+52": "-52",
        "+53": "-53",
        "+54": "-54",
        "+55": "-55",
        "+56": "-56",
        "+57": "-57",
        "+58": "-58",
        "+59": "-59",
        "+60": "-60",
        "+61": "-61",
        "+62": "-62",
        "+63": "-63",
        "+64": "-64",
        "+65": "-65",
        "+66": "-66",
        "+67": "-67",
        "+68": "-68",
        "+69": "-69",
        "+70": "-70",
        "+71": "-71",
        "+72": "-72",
        "+73": "-73",
        "+74": "-74",
        "+75": "-75",
        "+76": "-76",
        "+77": "-77",
        "+78": "-78",
        "+79": "-79",
        "+80": "-80"
    },
    "edges": [
        [    0,    0,  286,  159,  655,  243,  310,  533,  429,  486,  152,  594,  379,  299,  373,  431,  306,  190,  360,  404,  205,  487,  461,  344,  183,  387,  442,  557,  371,  326,  151,  145,  600,  622,  221,  530,  303,  464,  317,  558,  233,  176,  458,  372,  354,  335,  305,  393,  179,  136,  442,  413,  400,  435,  330,  428,  276,  553,  440,  267,  232,  620,  131,  415,  298,  305,  341,  444,  335,  209,  549,  299,  252,  599,   57,  207,  516,  100,  326,  714,  168,  487,  169,  105,   55,  472,  436,  416,  463,  195,  528,  258,  275,  363,  326,  361,  431,  568,  511,  551,  459,  315,  212,  225,  588,  428,  301,  208,  573,  278,  447,  616,  219,  786,  269,  225,   96,  393,   92,  274,  229,  470,  271,  669,  327,  153,  373,  323,  720,  118,  495,  651,  596,  292,  282,  436,  326,  380,  456,  155,  384,  520,  376,  418,  572,  550,  633,  704,  516,  389,  473,  239,  538,  454,   91,  595,  757,  356,  454,  503,  328,  161],
        [    0,    0,    0,    0,    0,    0,    0,    0,    0,    0,    0,    0,    0,    0,    0,    0,    0,    0,    0,    0,    0,    0,    0,    0,    0,    0,    0,    0,    0,    0,    0,    0,    0,    0,    0,    0,    0,    0,    0,    0,    0,    0,    0,    0,    0,    0,    0,    0,    0,    0,    0,    0,    0,    0,    0,    0,    0,    0,    0,    0,    0,    0,    0,    0,    0,    0,    0,    0,    0,    0,    0,    0,    0,    0,    0,    0,    0,    0,    0,    0,    0,    0,    0,    0,    0,    0,    0,    0,    0,    0,    0,    0,    0,    0,    0,    0,    0,    0,    0,    0,    0,    0,    0,    0,    0,    0,    0,    0,    0,    0,    0,    0,    0,    0,    0,    0,    0,    0,    0,    0,    0,    0,    0,    0,    0,    0,    0,    0,    0,    0,    0,    0,    0,    0,    0,    0,    0,    0,    0,    0,    0,    0,    0,    0,    0,    0,    0,    0,    0,    0,    0,    0,    0,    0,    0,    0,    0,    0,    0,    0,    0,    0],
        [  286,    0,    0,  128,  457,   45,  130,  387,  663,  566,  378,  529,  242,  425,  538,  522,  287,  469,  552,  670,   81,  296,  266,  130,  450,  105,  515,  341,  129,  112,  144,  430,  315,  458,  423,  353,  386,  256,  590,  408,  349,  405,  525,  479,  637,  284,  363,  570,  464,  232,  632,  534,  149,  429,  325,  167,  284,  268,  614,  163,  497,  335,  160,  342,  539,   23,  596,  422,  547,  475,  375,  445,   56,  534,  343,  287,  418,  278,  111,  521,  423,  690,  347,  387,  239,  243,  496,  217,  589,  477,  484,   69,  338,  525,  365,  104,  601,  431,  651,  457,  327,  536,  281,  344,  385,  439,  246,  150,  363,  499,  221,  429,  112,  620,  553,  451,  349,  155,  236,  167,  105,  251,  548,  489,  587,  422,  424,  586,  474,  216,  285,  520,  487,  568,  110,  629,  214,  412,  470,  174,  590,  731,  542,  339,  746,  418,  529,  561,  281,  276,  269,  517,  253,  324,  332,  330,  582,  165,  349,  717,  573,  318],
        [  159,    0,  128,    0,  531,   86,  183,  430,  556,  518,  260,  546,  282,  341,  445,  457,  265,  345,  451,  551,   48,  362,  333,  208,  326,  229,  457,  431,  227,  188,   32,  303,  442,  523,  322,  412,  327,  339,  465,  464,  262,  288,  470,  416,  511,  279,  301,  483,  337,  129,  541,  458,  254,  402,  289,  279,  236,  396,  530,  168,  378,  462,   46,  354,  428,  147,  476,  402,  447,  351,  443,  355,  102,  552,  216,  206,  448,  169,  181,  594,  305,  587,  248,  262,  115,  338,  442,  284,  512,  352,  490,  113,  272,  443,  324,  212,  517,  481,  581,  486,  359,  432,  215,  255,  469,  417,  238,  102,  451,  387,  306,  496,   95,  689,  426,  336,  229,  246,  118,  164,   91,  340,  425,  554,  465,  300,  382,  468,  576,  113,  362,  570,  525,  442,  144,  528,  235,  366,  448,   91,  485,  634,  458,  342,  655,  466,  565,  617,  380,  294,  342,  393,  380,  355,  214,  447,  655,  231,  367,  610,  461,  213],
        [  655,    0,  457,  531,    0,  490,  572,  152, 1081, 1022,  646,  950,  671,  553,  651,  541,  742,  839,  697, 1056,  506,  170,  198,  552,  740,  382,  512,  666,  524,  543,  519,  772,  394,  815,  851,  128,  841,  624,  860,  790,  529,  663,  507,  934,  986,  735,  463, 1013,  808,  527, 1072,  588,  519,  378,  392,  505,  421,  412, 1059,  618,  886,  386,  576,  780,  950,  436,  827,  353,  976,  755,  741,  584,  511,  954,  704,  495,  835,  698,  356,   65,  821,  807,  779,  753,  633,  590,  488,  248,  623,  840,  918,  525,  470,  971,  821,  498, 1047,  819, 1104,  871,  214,  960,  732,  531,  714,  891,  699,  449,  688,  705,  236,   45,  565,  945,  872,  683,  746,  302,  566,  382,  441,  608,  917,   56,  829,  808,  880,  977,  158,  644,  173,  898,  887,  849,  388,  746,  659,  433,  921,  613,  742, 1163,  988,  287,  799,  812,  927,  922,  600,  278,  190,  885,  393,  219,  734,  550,  901,  588,  241,  844,  982,  565],
        [  243,    0,   45,   86,  490,    0,  125,  410,  620,  535,  342,  518,  236,  404,  514,  509,  261,  425,  525,  625,   39,  326,  296,  138,  411,  150,  504,  359,  149,  118,  107,  387,  358,  465,  380,  381,  352,  270,  550,  412,  326,  370,  515,  444,  593,  263,  349,  530,  421,  201,  591,  516,  174,  428,  320,  197,  274,  311,  575,  141,  453,  379,  116,  328,  495,   67,  560,  423,  505,  436,  383,  421,   31,  524,  299,  265,  411,  234,  136,  554,  379,  662,  305,  344,  195,  264,  486,  246,  571,  433,  469,   49,  322,  486,  335,  130,  562,  432,  615,  451,  345,  493,  244,  320,  401,  415,  223,  133,  380,  467,  256,  460,   76,  630,  511,  417,  304,  190,  200,  168,   92,  268,  504,  520,  550,  377,  394,  541,  515,  172,  318,  522,  484,  528,  120,  602,  200,  405,  446,  131,  561,  689,  503,  348,  723,  418,  525,  566,  304,  289,  301,  472,  296,  342,  288,  364,  594,  168,  363,  687,  529,  288],
        [  310,    0,  130,  183,  572,  125,    0,  514,  611,  457,  438,  399,  113,  521,  628,  631,  176,  465,  633,  641,  149,  419,  390,   39,  492,  193,  627,  250,   77,   32,  213,  447,  344,  343,  374,  477,  294,  158,  626,  287,  443,  465,  639,  384,  633,  164,  472,  494,  476,  312,  558,  636,  104,  552,  444,  135,  398,  291,  535,   64,  478,  367,  184,  214,  498,  144,  647,  547,  490,  517,  262,  537,   95,  405,  360,  384,  290,  259,  240,  636,  403,  769,  303,  396,  256,  163,  610,  342,  691,  477,  355,   77,  444,  447,  260,   87,  521,  307,  557,  329,  456,  485,  209,  436,  287,  320,  132,  257,  269,  567,  338,  548,   93,  509,  570,  515,  339,  273,  298,  291,  217,  161,  539,  609,  635,  412,  316,  559,  567,  202,  403,  397,  360,  601,  237,  711,   88,  529,  350,  157,  667,  663,  465,  467,  837,  294,  402,  441,  206,  405,  390,  510,  285,  453,  321,  294,  473,   48,  478,  791,  532,  396],
        [  533,    0,  387,  430,  152,  410,  514,    0,  962,  942,  505,  910,  623,  403,  500,  392,  670,  709,  546,  927,  416,  108,  132,  504,  599,  343,  364,  661,  484,  490,  412,  638,  437,  804,  741,   60,  754,  601,  714,  768,  383,  520,  361,  845,  849,  670,  314,  909,  674,  400,  964,  439,  487,  229,  244,  482,  279,  437,  956,  548,  760,  437,  474,  727,  831,  371,  679,  204,  863,  613,  725,  433,  436,  915,  578,  355,  797,  590,  276,  195,  700,  657,  672,  625,  520,  573,  339,  174,  475,  708,  869,  453,  323,  870,  743,  456,  945,  794, 1010,  835,   74,  846,  642,  386,  711,  824,  631,  336,  685,  557,  193,  107,  484,  950,  732,  536,  627,  247,  442,  268,  340,  588,  785,  143,  681,  684,  802,  850,  291,  542,  141,  880,  858,  705,  293,  595,  600,  282,  854,  519,  591, 1050,  886,  137,  653,  785,  900,  912,  593,  144,  139,  754,  414,   80,  618,  571,  908,  541,   92,  693,  861,  426],
        [  429,    0,  663,  556, 1081,  620,  611,  962,    0,  353,  499,  619,  600,  666,  679,  790,  470,  270,  638,  124,  591,  912,  885,  650,  430,  767,  811,  788,  688,  641,  563,  350,  953,  769,  241,  957,  347,  715,  428,  707,  626,  501,  828,  296,  241,  504,  708,  162,  323,  564,  124,  752,  714,  844,  749,  745,  698,  901,  162,  548,  210,  977,  513,  546,  132,  686,  501,  858,  122,  435,  731,  650,  612,  623,  387,  623,  618,  389,  737, 1141,  262,  702,  317,  344,  448,  742,  814,  837,  786,  278,  556,  607,  682,  200,  401,  694,  170,  697,  250,  633,  888,  128,  403,  619,  794,  444,  506,  633,  793,  550,  862, 1043,  557,  896,  334,  522,  336,  801,  521,  700,  644,  730,  219, 1097,  482,  281,  383,  138, 1132,  449,  916,  745,  680,  409,  698,  686,  561,  780,  448,  490,  631,  111,  188,  844,  812,  681,  696,  798,  781,  818,  895,  239,  893,  883,  347,  889,  886,  637,  882,  694,  103,  560],
        [  486,    0,  566,  518, 1022,  535,  457,  942,  353,    0,  625,  278,  384,  784,  847,  917,  282,  458,  822,  461,  527,  860,  830,  485,  605,  649,  928,  529,  521,  488,  543,  514,  774,  462,  295,  916,  193,  486,  676,  411,  718,  642,  943,  116,  544,  296,  786,  196,  512,  601,  234,  896,  539,  907,  795,  565,  740,  722,  194,  405,  412,  798,  478,  285,  344,  586,  737,  912,  276,  623,  450,  782,  512,  281,  485,  684,  314,  391,  671, 1086,  389,  927,  320,  471,  464,  522,  920,  780,  944,  474,  226,  497,  755,  177,  201,  541,  185,  392,  139,  314,  874,  296,  304,  710,  518,  152,  326,  619,  526,  731,  786,  994,  460,  562,  579,  684,  410,  720,  560,  681,  604,  504,  471, 1054,  717,  421,  143,  420, 1023,  416,  850,  416,  354,  650,  649,  890,  374,  859,  134,  428,  833,  324,  180,  860, 1028,  379,  361,  466,  549,  811,  834,  465,  724,  870,  405,  662,  560,  456,  885,  931,  358,  646],
        [  152,    0,  378,  260,  646,  342,  438,  505,  499,  625,    0,  745,  521,  170,  223,  301,  456,  229,  209,  436,  305,  490,  470,  466,   94,  463,  318,  687,  487,  447,  236,  149,  681,  765,  340,  519,  449,  595,  225,  702,  132,   28,  334,  510,  346,  484,  214,  505,  181,  150,  542,  273,  514,  349,  267,  538,  227,  640,  550,  405,  289,  698,  254,  564,  376,  392,  220,  365,  432,  112,  689,  161,  361,  751,  141,  152,  665,  250,  375,  698,  257,  338,  307,  166,  198,  597,  317,  435,  319,  222,  680,  373,  192,  484,  476,  471,  543,  714,  632,  701,  435,  408,  363,  126,  723,  578,  449,  248,  706,  130,  476,  603,  345,  931,  227,   78,  216,  438,  143,  292,  288,  597,  294,  647,  212,  229,  521,  369,  741,  265,  509,  799,  746,  209,  329,  285,  468,  283,  606,  294,  235,  602,  494,  372,  421,  697,  783,  851,  639,  369,  486,  266,  621,  429,  221,  705,  900,  485,  416,  357,  398,   82],
        [  594,    0,  529,  546,  950,  518,  399,  910,  619,  278,  745,    0,  288,  875,  964,  999,  291,  647,  953,  713,  530,  811,  782,  407,  758,  573, 1001,  328,  429,  421,  577,  678,  621,  211,  483,  869,  324,  332,  862,  185,  798,  768, 1014,  328,  773,  269,  846,  457,  689,  665,  506,  993,  432,  943,  832,  447,  781,  577,  467,  382,  619,  643,  521,  193,  576,  542,  909,  940,  520,  781,  237,  882,  488,    6,  618,  748,  115,  497,  638, 1013,  570, 1077,  463,  625,  550,  369,  987,  737, 1046,  663,   69,  470,  816,  423,  278,  456,  455,  157,  415,   82,  854,  534,  383,  790,  297,  188,  309,  641,  315,  869,  726,  932,  456,  285,  774,  817,  554,  665,  634,  685,  608,  350,  686,  993,  892,  596,  257,  655,  909,  485,  789,  143,   92,  834,  635, 1029,  319,  912,  174,  468,  976,  601,  432,  865, 1165,  153,   84,  189,  376,  804,  780,  670,  586,  851,  541,  475,  285,  370,  877, 1090,  599,  735],
        [  379,    0,  242,  282,  671,  236,  113,  623,  600,  384,  521,  288,    0,  622,  724,  737,  131,  503,  724,  651,  255,  525,  496,  121,  561,  290,  735,  194,  148,  134,  313,  503,  391,  245,  380,  584,  257,  116,  689,  184,  543,  547,  747,  335,  664,   99,  579,  462,  526,  410,  526,  739,  160,  664,  555,  184,  507,  339,  497,  117,  503,  415,  270,  110,  503,  255,  719,  659,  479,  587,  170,  635,  206,  293,  422,  487,  177,  304,  351,  735,  432,  857,  320,  448,  326,  146,  719,  450,  793,  518,  248,  188,  550,  415,  208,  173,  483,  200,  500,  216,  567,  479,  214,  536,  215,  236,   98,  366,  205,  651,  442,  650,  187,  411,  621,  598,  382,  379,  388,  403,  328,  131,  569,  712,  705,  448,  253,  573,  649,  262,  506,  289,  248,  662,  350,  802,   54,  639,  262,  227,  754,  633,  432,  580,  932,  185,  290,  336,  182,  518,  495,  543,  341,  564,  364,  292,  380,   84,  590,  877,  535,  490],
        [  299,    0,  425,  341,  553,  404,  521,  403,  666,  784,  170,  875,  622,    0,  118,  134,  585,  396,  150,  594,  374,  423,  412,  541,  241,  482,  148,  762,  551,  520,  310,  316,  686,  863,  506,  433,  601,  673,  324,  805,   79,  165,  165,  669,  491,  607,   93,  674,  344,  213,  712,  119,  573,  202,  166,  591,  162,  655,  719,  507,  457,  699,  356,  686,  545,  431,  279,  223,  601,  244,  782,   31,  431,  881,  306,  139,  784,  397,  375,  595,  426,  280,  465,  335,  330,  666,  148,  392,  172,  388,  813,  446,   99,  650,  620,  528,  711,  821,  799,  822,  343,  577,  503,   86,  804,  721,  568,  275,  783,  158,  439,  509,  436, 1029,  367,  154,  380,  424,  241,  281,  321,  671,  454,  542,  283,  398,  670,  532,  674,  393,  451,  910,  863,  320,  337,  215,  574,  134,  751,  407,  195,  771,  661,  267,  322,  805,  902,  958,  705,  293,  429,  429,  633,  338,  382,  748,  994,  568,  313,  312,  566,  142],
        [  373,    0,  538,  445,  651,  514,  628,  500,  679,  847,  223,  964,  724,  118,    0,  137,  674,  420,   54,  591,  482,  532,  524,  650,  255,  599,  168,  873,  662,  629,  415,  345,  803,  967,  557,  537,  672,  782,  283,  907,  190,  205,  182,  731,  475,  699,  205,  714,  362,  317,  744,   85,  686,  280,  276,  705,  279,  772,  757,  608,  480,  816,  454,  779,  571,  545,  219,  304,  635,  245,  888,   94,  540,  969,  363,  252,  879,  473,  493,  688,  468,  164,  530,  379,  414,  777,  185,  507,  107,  408,  900,  555,  216,  698,  699,  641,  751,  921,  844,  916,  448,  610,  584,  195,  913,  800,  662,  389,  893,  130,  554,  607,  539, 1134,  354,  165,  437,  541,  336,  398,  435,  781,  461,  634,  231,  437,  743,  542,  781,  480,  562, 1009,  959,  290,  454,   99,  673,  219,  828,  502,   94,  788,  706,  369,  210,  905,  997, 1058,  817,  403,  541,  442,  751,  443,  444,  864, 1100,  675,  413,  198,  585,  234],
        [  431,    0,  522,  457,  541,  509,  631,  392,  790,  917,  301,  999,  737,  134,  137,    0,  711,  523,  191,  711,  484,  444,  442,  646,  361,  561,   32,  863,  651,  626,  425,  444,  747,  973,  639,  437,  732,  777,  415,  918,  203,  293,   45,  802,  600,  731,  160,  806,  468,  335,  842,   55,  670,  164,  209,  684,  239,  724,  850,  625,  584,  757,  479,  809,  673,  524,  355,  189,  732,  359,  891,  142,  538, 1005,  439,  252,  904,  529,  452,  570,  558,  271,  598,  466,  461,  765,   54,  437,   84,  513,  939,  555,  187,  783,  750,  626,  843,  936,  932,  943,  352,  707,  633,  211,  907,  851,  691,  376,  885,  252,  484,  498,  551, 1138,  477,  269,  513,  486,  368,  362,  420,  772,  575,  516,  366,  529,  801,  655,  680,  521,  478, 1026,  982,  419,  422,  214,  692,  125,  880,  531,  229,  897,  794,  274,  263,  921, 1022, 1072,  801,  324,  459,  552,  701,  347,  515,  831, 1102,  676,  312,  308,  692,  272],
        [  306,    0,  287,  265,  742,  261,  176,  670,  470,  282,  456,  291,  131,  585,  674,  711,    0,  393,  665,  524,  260,  583,  553,  207,  478,  367,  714,  321,  245,  208,  295,  407,  508,  336,  255,  639,  128,  246,  594,  269,  509,  481,  728,  212,  546,   37,  561,  334,  425,  377,  398,  703,  266,  667,  553,  295,  500,  455,  371,  124,  384,  532,  234,  111,  376,  306,  634,  666,  349,  502,  277,  592,  235,  297,  336,  461,  212,  213,  395,  806,  318,  792,  203,  352,  260,  275,  702,  503,  756,  409,  229,  219,  530,  286,   85,  261,  356,  273,  383,  246,  605,  350,  102,  501,  334,  155,   45,  365,  329,  583,  506,  715,  187,  493,  517,  530,  281,  440,  344,  419,  340,  261,  452,  776,  618,  339,  141,  448,  742,  194,  570,  350,  293,  567,  379,  741,   99,  629,  186,  181,  689,  505,  303,  601,  876,  255,  328,  404,  312,  546,  556,  428,  452,  601,  265,  422,  469,  182,  621,  807,  408,  445],
        [  190,    0,  469,  345,  839,  425,  465,  709,  270,  458,  229,  647,  503,  396,  420,  523,  393,    0,  384,  218,  389,  673,  648,  503,  166,  572,  543,  695,  536,  488,  340,   81,  781,  729,  168,  712,  324,  607,  220,  662,  358,  232,  560,  348,  169,  430,  440,  299,   59,  312,  325,  487,  565,  576,  485,  595,  437,  732,  339,  409,   62,  803,  309,  501,  151,  490,  280,  591,  216,  177,  667,  382,  428,  652,  136,  360,  597,  207,  515,  896,   78,  473,  191,   87,  230,  623,  544,  604,  525,   18,  578,  430,  415,  291,  371,  532,  335,  665,  429,  626,  636,  191,  293,  351,  718,  461,  409,  396,  708,  293,  636,  798,  384,  884,  128,  257,  127,  583,  274,  460,  419,  616,   81,  848,  260,   56,  393,  142,  909,  266,  683,  737,  675,  193,  471,  444,  452,  511,  481,  312,  386,  375,  296,  584,  578,  647,  705,  792,  666,  566,  660,   49,  719,  630,  145,  758,  862,  505,  625,  475,  170,  293],
        [  360,    0,  552,  451,  697,  525,  633,  546,  638,  822,  209,  953,  724,  150,   54,  191,  665,  384,    0,  545,  491,  572,  561,  658,  221,  620,  222,  881,  673,  638,  422,  313,  829,  969,  529,  580,  653,  789,  232,  907,  209,  186,  236,  707,  426,  693,  242,  682,  326,  324,  708,  138,  698,  329,  315,  719,  310,  796,  723,  608,  444,  843,  454,  773,  534,  561,  166,  353,  600,  208,  890,  120,  549,  959,  343,  270,  873,  458,  517,  735,  438,  138,  509,  352,  406,  787,  238,  541,  154,  371,  888,  563,  247,  668,  684,  654,  718,  920,  812,  909,  490,  574,  572,  213,  919,  785,  656,  405,  901,   93,  587,  653,  542, 1135,  309,  139,  415,  569,  337,  423,  451,  790,  419,  681,  179,  406,  725,  500,  822,  473,  600, 1006,  954,  241,  476,   78,  673,  266,  812,  499,   46,  747,  675,  412,  212,  903,  991, 1057,  828,  442,  578,  402,  775,  485,  423,  881, 1102,  681,  457,  167,  546,  238],
        [  404,    0,  670,  551, 1056,  625,  641,  927,  124,  461,  436,  713,  651,  594,  591,  711,  524,  218,  545,    0,  592,  890,  864,  680,  354,  774,  735,  844,  716,  668,  551,  291,  975,  844,  272,  929,  414,  763,  323,  780,  567,  432,  752,  386,  126,  560,  649,  265,  257,  530,  243,  668,  744,  785,  700,  775,  653,  924,  278,  579,  174,  997,  511,  614,  149,  692,  396,  801,  194,  353,  797,  575,  623,  718,  353,  576,  697,  393,  727, 1114,  247,  594,  339,  304,  437,  786,  740,  820,  696,  219,  647,  621,  626,  292,  469,  717,  283,  774,  371,  717,  853,  182,  440,  561,  856,  531,  554,  612,  852,  462,  850, 1016,  573,  982,  237,  443,  323,  794,  491,  676,  631,  776,  143, 1066,  378,  252,  464,   84, 1123,  456,  899,  830,  765,  307,  685,  585,  606,  718,  540,  501,  532,  225,  285,  801,  705,  757,  786,  885,  827,  784,  877,  173,  913,  848,  338,  930,  968,  674,  842,  583,  118,  507],
        [  205,    0,   81,   48,  506,   39,  149,  416,  591,  527,  305,  530,  255,  374,  482,  484,  260,  389,  491,  592,    0,  339,  309,  168,  373,  184,  481,  391,  184,  148,   70,  349,  395,  491,  353,  392,  339,  301,  512,  435,  296,  333,  492,  431,  556,  268,  325,  508,  383,  167,  568,  488,  210,  414,  302,  234,  253,  349,  554,  149,  419,  416,   81,  338,  465,  101,  522,  411,  478,  397,  410,  390,   59,  536,  262,  236,  427,  204,  151,  570,  346,  628,  278,  307,  159,  297,  464,  259,  543,  397,  478,   73,  297,  466,  328,  167,  542,  453,  599,  466,  348,  466,  228,  289,  431,  414,  227,  112,  412,  430,  275,  474,   75,  657,  473,  380,  270,  212,  162,  160,   81,  300,  469,  533,  512,  343,  387,  508,  541,  143,  335,  543,  502,  489,  123,  568,  213,  385,  445,  108,  526,  664,  482,  342,  691,  439,  543,  589,  338,  287,  316,  437,  334,  344,  254,  401,  621,  195,  361,  652,  498,  253],
        [  487,    0,  296,  362,  170,  326,  419,  108,  912,  860,  490,  811,  525,  423,  532,  444,  583,  673,  572,  890,  339,    0,   31,  405,  584,  240,  420,  555,  383,  393,  350,  608,  336,  698,  682,   59,  676,  497,  710,  664,  383,  510,  421,  769,  824,  580,  331,  844,  645,  363,  903,  484,  384,  287,  258,  377,  272,  332,  891,  459,  718,  338,  407,  632,  781,  278,  685,  265,  807,  601,  619,  453,  349,  815,  538,  340,  696,  529,  190,  232,  653,  694,  610,  586,  464,  468,  395,   81,  527,  674,  773,  365,  330,  803,  660,  355,  879,  691,  938,  734,   96,  791,  566,  384,  604,  735,  542,  280,  578,  565,   87,  135,  401,  843,  714,  535,  577,  147,  400,  214,  271,  483,  752,  195,  685,  640,  719,  810,  254,  475,   37,  776,  756,  697,  219,  630,  507,  322,  765,  445,  617,  994,  819,  171,  706,  682,  797,  806,  486,  131,   32,  720,  309,   99,  566,  465,  800,  442,  137,  729,  813,  409],
        [  461,    0,  266,  333,  198,  296,  390,  132,  885,  830,  470,  782,  496,  412,  524,  442,  553,  648,  561,  864,  309,   31,    0,  376,  563,  212,  420,  530,  355,  364,  322,  585,  323,  672,  654,   88,  646,  470,  692,  637,  368,  491,  422,  739,  801,  550,  320,  815,  622,  339,  874,  479,  356,  290,  248,  351,  257,  315,  862,  429,  693,  327,  378,  602,  754,  248,  669,  269,  778,  581,  593,  442,  319,  787,  513,  322,  668,  501,  160,  261,  626,  687,  581,  561,  437,  442,  395,   51,  524,  650,  743,  334,  317,  774,  630,  327,  849,  664,  908,  706,  104,  763,  537,  368,  580,  705,  512,  254,  554,  550,   62,  165,  371,  820,  692,  518,  550,  118,  375,  189,  243,  457,  727,  225,  668,  614,  689,  784,  271,  446,   40,  749,  728,  678,  190,  622,  477,  319,  735,  416,  606,  966,  790,  171,  703,  655,  769,  780,  462,  121,   18,  695,  291,  105,  538,  445,  777,  413,  144,  721,  786,  389],
        [  344,    0,  130,  208,  552,  138,   39,  504,  650,  485,  466,  407,  121,  541,  650,  646,  207,  503,  658,  680,  168,  405,  376,    0,  524,  171,  640,  224,   39,   21,  237,  483,  306,  329,  413,  463,  329,  133,  660,  278,  463,  494,  651,  418,  671,  190,  486,  530,  513,  335,  595,  654,   65,  558,  453,   97,  410,  253,  571,  102,  517,  330,  216,  229,  537,  138,  678,  551,  528,  549,  247,  558,  111,  412,  396,  402,  294,  296,  234,  616,  442,  795,  342,  433,  290,  131,  622,  331,  709,  514,  368,   96,  460,  483,  292,   56,  557,  301,  590,  332,  449,  523,  247,  457,  264,  344,  162,  270,  244,  594,  322,  531,  125,  493,  606,  543,  377,  259,  325,  296,  228,  132,  577,  592,  667,  450,  346,  598,  538,  239,  386,  391,  359,  636,  240,  735,  112,  540,  373,  193,  693,  700,  501,  467,  859,  289,  401,  432,  174,  403,  375,  548,  248,  446,  359,  256,  456,   38,  474,  818,  571,  420],
        [  183,    0,  450,  326,  740,  411,  492,  599,  430,  605,   94,  758,  561,  241,  255,  361,  478,  166,  221,  354,  373,  584,  563,  524,    0,  543,  383,  739,  549,  505,  307,   92,  760,  803,  311,  613,  445,  647,  140,  738,  221,   81,  400,  491,  255,  510,  301,  461,  109,  235,  490,  323,  577,  434,  359,  604,  321,  717,  503,  450,  227,  779,  309,  589,  317,  467,  158,  452,  381,   26,  731,  222,  426,  764,  143,  246,  690,  266,  460,  792,  218,  324,  299,  136,  238,  654,  387,  527,  360,  154,  690,  434,  282,  448,  482,  537,  498,  746,  591,  723,  529,  356,  378,  216,  771,  581,  479,  333,  756,  129,  566,  697,  400,  966,  134,   93,  205,  525,  216,  382,  370,  652,  215,  741,  144,  187,  517,  294,  833,  300,  601,  827,  770,  120,  414,  286,  508,  366,  606,  338,  229,  537,  455,  465,  423,  729,  805,  881,  697,  463,  578,  192,  700,  523,  218,  772,  938,  538,  510,  334,  333,  175],
        [  387,    0,  105,  229,  382,  150,  193,  343,  767,  649,  463,  573,  290,  482,  599,  561,  367,  572,  620,  774,  184,  240,  212,  171,  543,    0,  547,  326,  145,  163,  239,  530,  218,  463,  527,  298,  478,  259,  682,  426,  412,  490,  555,  570,  739,  356,  406,  669,  565,  314,  731,  582,  145,  442,  353,  142,  326,  178,  712,  246,  602,  237,  264,  399,  643,   83,  682,  428,  650,  566,  383,  506,  156,  577,  444,  351,  458,  383,  109,  446,  528,  757,  451,  490,  343,  233,  526,  172,  635,  580,  538,  163,  387,  623,  450,  118,  699,  452,  743,  495,  298,  640,  378,  408,  374,  512,  323,  219,  349,  578,  154,  361,  211,  615,  652,  532,  453,   97,  328,  202,  176,  247,  652,  422,  675,  526,  507,  691,  378,  320,  217,  538,  517,  662,  145,  694,  279,  441,  541,  278,  661,  832,  640,  334,  802,  443,  558,  571,  258,  267,  209,  620,  158,  296,  437,  271,  574,  207,  329,  786,  677,  395],
        [  442,    0,  515,  457,  512,  504,  627,  364,  811,  928,  318, 1001,  735,  148,  168,   32,  714,  543,  222,  735,  481,  420,  420,  640,  383,  547,    0,  854,  643,  620,  425,  463,  729,  969,  653,  410,  741,  770,  443,  914,  211,  312,   17,  813,  626,  733,  156,  821,  489,  338,  860,   86,  661,  136,  195,  674,  231,  707,  867,  624,  604,  738,  481,  810,  692,  515,  384,  161,  749,  382,  886,  162,  533, 1007,  453,  254,  904,  538,  439,  540,  574,  302,  610,  483,  468,  757,   25,  417,  112,  534,  942,  551,  186,  797,  757,  618,  859,  933,  946,  943,  327,  725,  639,  219,  899,  857,  692,  371,  877,  279,  464,  469,  550, 1133,  502,  292,  526,  470,  374,  351,  413,  765,  598,  486,  395,  546,  809,  677,  653,  526,  455, 1023,  981,  446,  412,  246,  690,  107,  887,  534,  260,  917,  809,  250,  289,  919, 1021, 1068,  792,  303,  437,  574,  685,  323,  528,  818, 1095,  672,  286,  339,  712,  282],
        [  557,    0,  341,  431,  666,  359,  250,  661,  788,  529,  687,  328,  194,  762,  873,  863,  321,  695,  881,  844,  391,  555,  530,  224,  739,  326,  854,    0,  213,  244,  460,  689,  301,  150,  573,  610,  441,   93,  872,  144,  685,  715,  864,  508,  857,  285,  703,  643,  715,  558,  705,  874,  194,  761,  663,  186,  624,  263,  673,  291,  696,  321,  434,  251,  696,  340,  896,  750,  668,  765,   91,  780,  333,  331,  604,  624,  228,  492,  425,  725,  625, 1018,  513,  636,  503,   98,  835,  495,  929,  709,  329,  319,  678,  596,  388,  237,  659,  173,  660,  249,  622,  670,  408,  679,   50,  380,  291,  489,   24,  816,  469,  657,  343,  290,  809,  764,  572,  422,  547,  504,  444,   92,  762,  715,  883,  640,  420,  766,  599,  443,  525,  238,  244,  846,  444,  958,  244,  751,  396,  402,  915,  812,  612,  658, 1082,  175,  278,  257,   69,  591,  523,  736,  277,  621,  554,  148,  248,  203,  655, 1041,  728,  643],
        [  371,    0,  129,  227,  524,  149,   77,  484,  688,  521,  487,  429,  148,  551,  662,  651,  245,  536,  673,  716,  184,  383,  355,   39,  549,  145,  643,  213,    0,   49,  253,  512,  268,  333,  451,  441,  367,  129,  686,  288,  474,  515,  653,  456,  704,  226,  491,  569,  543,  350,  633,  662,   30,  554,  452,   60,  413,  215,  609,  140,  551,  292,  241,  258,  574,  131,  702,  545,  566,  574,  250,  569,  126,  433,  424,  412,  314,  330,  222,  588,  476,  811,  378,  463,  318,  116,  624,  311,  716,  547,  395,  115,  466,  522,  329,   29,  595,  313,  627,  352,  433,  561,  285,  468,  257,  378,  200,  277,  235,  613,  297,  505,  153,  493,  636,  563,  410,  238,  344,  294,  232,  123,  611,  565,  691,  483,  383,  634,  504,  271,  361,  401,  375,  662,  235,  750,  148,  540,  406,  225,  709,  738,  539,  457,  871,  302,  416,  438,  155,  392,  352,  581,  210,  431,  392,  225,  454,   66,  461,  835,  608,  436],
        [  326,    0,  112,  188,  543,  118,   32,  490,  641,  488,  447,  421,  134,  520,  629,  626,  208,  488,  638,  668,  148,  393,  364,   21,  505,  163,  620,  244,   49,    0,  216,  466,  313,  349,  403,  452,  326,  153,  642,  297,  442,  474,  631,  416,  656,  194,  466,  526,  496,  314,  590,  634,   78,  540,  434,  108,  390,  261,  567,   95,  503,  337,  197,  239,  526,  122,  659,  533,  520,  531,  266,  537,   90,  426,  378,  382,  309,  282,  218,  608,  428,  774,  330,  416,  272,  151,  603,  318,  688,  499,  380,   76,  440,  479,  292,   55,  553,  319,  589,  347,  434,  514,  239,  436,  284,  350,  163,  250,  264,  574,  311,  521,  107,  513,  590,  523,  362,  247,  305,  278,  208,  153,  562,  582,  648,  435,  348,  585,  535,  223,  375,  409,  376,  617,  222,  715,  117,  520,  379,  177,  672,  694,  496,  450,  839,  307,  418,  451,  193,  387,  364,  533,  254,  431,  344,  272,  476,   54,  458,  798,  560,  400],
        [  151,    0,  144,   32,  519,  107,  213,  412,  563,  543,  236,  577,  313,  310,  415,  425,  295,  340,  422,  551,   70,  350,  322,  237,  307,  239,  425,  460,  253,  216,    0,  292,  456,  554,  333,  398,  351,  368,  446,  496,  231,  263,  438,  438,  504,  310,  270,  498,  327,   99,  555,  426,  280,  373,  259,  303,  206,  411,  545,  200,  377,  475,   66,  385,  433,  161,  453,  374,  457,  331,  474,  324,  128,  583,  207,  174,  479,  180,  177,  581,  307,  559,  261,  255,  116,  366,  411,  274,  480,  346,  521,  141,  240,  459,  351,  236,  533,  513,  600,  518,  340,  441,  239,  224,  499,  445,  269,   78,  480,  361,  300,  483,  127,  720,  413,  310,  231,  244,   93,  144,   81,  369,  421,  540,  444,  299,  408,  468,  573,  131,  353,  602,  557,  425,  135,  499,  267,  335,  476,  118,  457,  644,  475,  318,  624,  497,  597,  649,  407,  273,  332,  388,  395,  335,  218,  470,  686,  261,  345,  583,  466,  184],
        [  145,    0,  430,  303,  772,  387,  447,  638,  350,  514,  149,  678,  503,  316,  345,  444,  407,   81,  313,  291,  349,  608,  585,  483,   92,  530,  463,  689,  512,  466,  292,    0,  744,  739,  220,  644,  360,  598,  188,  673,  279,  152,  480,  401,  217,  441,  361,  370,   38,  246,  401,  409,  541,  497,  409,  570,  363,  697,  413,  398,  141,  764,  275,  517,  230,  449,  232,  512,  291,  110,  671,  302,  396,  684,   89,  285,  617,  200,  462,  827,  126,  413,  216,   55,  195,  609,  464,  543,  449,   74,  610,  401,  337,  356,  400,  504,  407,  678,  500,  649,  565,  266,  305,  273,  716,  497,  414,  337,  704,  220,  578,  730,  359,  899,  125,  181,  126,  529,  213,  397,  366,  605,  148,  779,  214,   95,  432,  220,  850,  247,  621,  756,  697,  161,  416,  377,  450,  432,  521,  290,  320,  455,  363,  510,  514,  661,  729,  811,  652,  496,  598,  119,  682,  560,  142,  737,  873,  491,  552,  420,  250,  217],
        [  600,    0,  315,  442,  394,  358,  344,  437,  953,  774,  681,  621,  391,  686,  803,  747,  508,  781,  829,  975,  395,  336,  323,  306,  760,  218,  729,  301,  268,  313,  456,  744,    0,  448,  714,  379,  633,  297,  900,  441,  621,  707,  734,  719,  950,  484,  603,  836,  778,  531,  900,  776,  243,  607,  540,  213,  525,   54,  876,  407,  805,   25,  473,  494,  837,  296,  899,  588,  833,  784,  388,  712,  354,  624,  657,  561,  512,  583,  313,  446,  730,  965,  641,  701,  553,  258,  706,  313,  826,  790,  609,  354,  588,  789,  592,  260,  862,  471,  889,  540,  426,  826,  552,  618,  344,  625,  464,  435,  319,  792,  269,  398,  402,  560,  867,  748,  658,  264,  545,  407,  393,  277,  860,  448,  892,  732,  641,  891,  302,  520,  299,  537,  542,  879,  357,  900,  409,  623,  649,  475,  872, 1005,  806,  489, 1000,  470,  577,  550,  246,  428,  309,  829,   62,  428,  641,  163,  516,  326,  467,  995,  871,  611],
        [  622,    0,  458,  523,  815,  465,  343,  804,  769,  462,  765,  211,  245,  863,  967,  973,  336,  729,  969,  844,  491,  698,  672,  329,  803,  463,  969,  150,  333,  349,  554,  739,  448,    0,  584,  755,  431,  206,  926,   67,  784,  792,  980,  475,  879,  300,  814,  613,  759,  652,  670,  979,  321,  886,  782,  322,  738,  412,  634,  361,  718,  467,  515,  232,  698,  462,  960,  877,  656,  828,   83,  877,  436,  212,  662,  726,  153,  540,  554,  874,  654, 1102,  539,  684,  570,  231,  951,  634, 1033,  745,  239,  419,  787,  570,  376,  360,  620,   73,  600,  149,  760,  664,  437,  778,  105,  329,  325,  598,  129,  895,  612,  805,  429,  167,  852,  842,  615,  560,  633,  624,  556,  217,  786,  863,  945,  674,  387,  775,  748,  505,  670,   91,  119,  900,  566, 1046,  298,  868,  334,  472,  999,  773,  584,  789, 1176,   89,  141,  109,  216,  723,  666,  764,  427,  758,  598,  289,  136,  298,  790, 1121,  727,  734],
        [  221,    0,  423,  322,  851,  380,  374,  741,  241,  295,  340,  483,  380,  506,  557,  639,  255,  168,  529,  272,  353,  682,  654,  413,  311,  527,  653,  573,  451,  403,  333,  220,  714,  584,    0,  730,  160,  492,  388,  518,  448,  354,  669,  182,  297,  291,  524,  173,  219,  354,  224,  612,  478,  655,  550,  509,  495,  662,  220,  312,  138,  738,  277,  352,  125,  446,  445,  665,  126,  329,  530,  500,  372,  488,  201,  427,  443,  154,  501,  913,   95,  632,   76,  178,  222,  516,  649,  605,  657,  185,  414,  366,  494,  145,  212,  455,  211,  516,  294,  469,  668,  114,  169,  440,  588,  296,  283,  407,  582,  437,  626,  815,  317,  731,  295,  393,  128,  564,  309,  474,  411,  505,  205,  872,  426,  126,  227,  194,  894,  211,  683,  581,  518,  361,  465,  596,  334,  598,  315,  250,  539,  313,  157,  634,  733,  498,  545,  637,  556,  599,  663,  189,  654,  663,  130,  660,  713,  404,  668,  637,  159,  376],
        [  530,    0,  353,  412,  128,  381,  477,   60,  957,  916,  519,  869,  584,  433,  537,  437,  639,  712,  580,  929,  392,   59,   88,  463,  613,  298,  410,  610,  441,  452,  398,  644,  379,  755,  730,    0,  731,  554,  734,  721,  403,  536,  409,  822,  858,  637,  342,  895,  681,  400,  952,  481,  442,  275,  269,  434,  295,  380,  942,  516,  760,  378,  457,  690,  826,  335,  704,  251,  854,  629,  676,  464,  405,  874,  578,  368,  755,  577,  245,  185,  696,  697,  659,  626,  510,  524,  386,  137,  520,  712,  831,  421,  346,  854,  715,  413,  929,  748,  991,  792,   90,  837,  620,  405,  659,  792,  599,  325,  633,  582,  145,   87,  457,  898,  745,  557,  622,  205,  440,  257,  321,  540,  790,  142,  705,  682,  774,  850,  245,  525,   86,  833,  814,  723,  271,  634,  564,  321,  822,  498,  625, 1041,  870,  169,  699,  740,  855,  863,  542,  151,   90,  758,  357,   96,  611,  515,  855,  500,  126,  733,  857,  438],
        [  303,    0,  386,  327,  841,  352,  294,  754,  347,  193,  449,  324,  257,  601,  672,  732,  128,  324,  653,  414,  339,  676,  646,  329,  445,  478,  741,  441,  367,  326,  351,  360,  633,  431,  160,  731,    0,  372,  540,  366,  531,  469,  756,   93,  455,  159,  596,  207,  368,  410,  271,  715,  390,  716,  604,  420,  548,  580,  244,  234,  298,  657,  286,  201,  267,  408,  591,  720,  229,  466,  386,  601,  331,  329,  311,  494,  286,  204,  487,  905,  247,  768,  146,  309,  274,  402,  733,  596,  765,  340,  255,  319,  565,  159,   56,  381,  230,  361,  266,  310,  685,  234,  113,  523,  448,  138,  169,  428,  446,  564,  606,  811,  276,  573,  451,  515,  240,  540,  370,  491,  415,  388,  365,  870,  573,  274,   73,  345,  855,  224,  669,  423,  359,  513,  462,  725,  225,  669,  161,  237,  670,  378,  176,  668,  863,  344,  385,  478,  438,  620,  652,  348,  576,  680,  230,  548,  557,  307,  694,  778,  296,  460],
