{
    "name": "random-31-6969",
    "comment": "size=31 seed=6969",
    "nodes": ["+0", "-0", "+1", "-1", "+2", "-2", "+3", "-3", "+4", "-4", "+5", "-5", "+6", "-6", "+7", "-7", "+8", "-8", "+9", "-9", "+10", "-10", "+11", "-11", "+12", "-12", "+13", "-13", "+14", "-14", "+15", "-15", "+16", "-16", "+17", "-17", "+18", "-18", "+19", "-19", "+20", "-20", "+21", "-21", "+22", "-22", "+23", "-23", "+24", "-24", "+25", "-25", "+26", "-26", "+27", "-27", "+28", "-28", "+29", "-29", "+30", "-30", "+31", "-31"],
    "precedence": {
        "+0": "-0",
        "+1": "-1",
        "+2": "-2",
        "+3": "-3",
        "+4": "-4",
        "+5": "-5",
        "+6": "-6",
        "+7": "-7",
        "+8": "-8",
        "+9": "-9",
        "+10": "-10",
        "+11": "-11",
        "+12": "-12",
        "+13": "-13",
        "+14": "-14",
        "+15": "-15",
        "+16": "-16",
        "+17": "-17",
        "+18": "-18",
        "+19": "-19",
        "+20": "-20",
        "+21": "-21",
        "+22": "-22",
        "+23": "-23",
        "+24": "-24",
        "+25": "-25",
        "+26": "-26",
        "+27": "-27",
        "+28": "-28",
        "+29": "-29",
        "+30": "-30",
        "+31": "-31"
    },
    "edges": [
        [    0,    0,  546,  460,  717,  471,  422,  399,  538,  927,  646,  436,  341,  640,  967,  719,  470,  560,  662,  361,  649,  502,  412,  539,  372,  683,  103,  364,  348,  876,  138,  972,  941,  829,  959,  607,  400, 1037,  319,  231,  385,  677,  366,  436,  332,  233,  353,  375,  721,  610,  947,  645,  320,  885,  613,  974,   88,  845,  518,  134,  654,  411,  372,  341],
        [    0,    0,  546,  460,  717,  471,  422,  399,  538,  927,  646,  436,  341,  640,  967,  719,  470,  560,  662,  361,  649,  502,  412,  539,  372,  683,  103,  364,  348,  876,  138,  972,  941,  829,  959,  607,  400, 1037,  319,  231,  385,  677,  366,  436,  332,  233,  353,  375,  721,  610,  947,  645,  320,  885,  613,  974,   88,  845,  518,  134,  654,  411,  372,  341],
        [  546,  546,    0,   92,  784,  506,  489,  602,  853,  793,  675,  245,  734,  955,  691,  721,  728,  220,  866,  707,  735,   62,  379,  470,  520,  526,  495,  695,  324,  338,  577,  439,  557,  555,  813,  348,  405,  911,  352,  347,  746,  194,  348,  130,  389,  498,  620,  539,  423,  789,  413,  205,  311,  371,   71,  691,  463,  763,  118,  449,  903,  144,  263,  502],
        [  460,  460,   92,    0,  720,  434,  411,  518,  767,  761,  612,  231,  643,  870,  686,  664,  644,  196,  789,  617,  667,   43,  303,  410,  436,  487,  417,  606,  283,  417,  486,  515,  577,  544,  784,  317,  327,  881,  265,  277,  657,  237,  265,   95,  303,  408,  532,  455,  411,  712,  489,  226,  261,  435,  163,  688,  376,  720,   94,  373,  822,   88,  226,  416],
        [  717,  717,  784,  720,    0,  296,  334,  319,  356,  320,  110,  909,  476,  378,  511,   93,  295,  582,  198,  420,   68,  725,  425,  315,  356,  320,  788,  405,  895,  918,  591,  959,  650,  462,  350,  473,  408,  383,  504,  787,  429,  718,  476,  795,  463,  489,  373,  347,  489,  162,  947,  663,  856,  850,  836,  523,  674,  220,  668,  781,  268,  770,  866,  389],
        [  471,  471,  506,  434,  296,    0,   50,  156,  390,  457,  196,  614,  366,  477,  526,  263,  261,  332,  362,  312,  237,  445,  132,   97,  111,  235,  523,  294,  602,  705,  371,  769,  566,  405,  488,  266,  113,  566,  211,  498,  345,  485,  181,  503,  171,  242,  214,  120,  345,  284,  751,  430,  563,  660,  566,  535,  410,  375,  396,  507,  406,  477,  571,  136],
        [  422,  422,  489,  411,  334,   50,    0,  134,  383,  506,  240,  579,  335,  476,  569,  309,  253,  331,  379,  284,  272,  427,  111,  134,   70,  278,  474,  266,  561,  709,  324,  778,  598,  445,  537,  284,   85,  616,  171,  454,  319,  486,  149,  474,  129,  193,  183,   83,  374,  302,  759,  432,  523,  670,  551,  578,  361,  425,  383,  459,  415,  446,  533,   89],
        [  399,  399,  602,  518,  319,  156,  134,    0,  254,  566,  260,  656,  213,  353,  670,  332,  126,  462,  290,  157,  251,  541,  235,  253,   83,  383,  475,  138,  619,  841,  273,  912,  721,  557,  598,  417,  206,  663,  257,  498,  189,  618,  255,  568,  216,  178,   65,   64,  501,  223,  892,  564,  580,  804,  669,  679,  363,  472,  504,  473,  309,  538,  602,  104],
        [  538,  538,  853,  767,  356,  390,  383,  254,    0,  671,  377,  883,  202,  108,  836,  425,  130,  713,  182,  179,  312,  792,  488,  477,  336,  577,  635,  181,  830, 1091,  402, 1158,  930,  750,  703,  655,  459,  737,  503,  703,  153,  868,  507,  809,  465,  382,  237,  317,  723,  195, 1139,  814,  792, 1049,  920,  847,  539,  570,  757,  649,  135,  779,  824,  352],
        [  927,  927,  793,  761,  320,  457,  506,  566,  671,    0,  312,  985,  762,  697,  236,  250,  591,  573,  516,  703,  361,  748,  539,  399,  561,  277,  973,  686, 1005,  801,  823,  809,  431,  276,   33,  446,  541,  121,  640,  924,  721,  656,  596,  853,  610,  697,  630,  563,  383,  478,  804,  611,  970,  712,  822,  248,  863,  102,  680,  953,  586,  835,  960,  590],
        [  646,  646,  675,  612,  110,  196,  240,  260,  377,  312,    0,  806,  451,  426,  460,   73,  282,  473,  260,  391,   80,  617,  321,  206,  276,  226,  709,  374,  798,  814,  529,  860,  572,  385,  345,  367,  307,  403,  407,  694,  410,  611,  374,  689,  367,  414,  323,  271,  392,  195,  846,  555,  759,  750,  727,  471,  595,  214,  559,  697,  325,  665,  765,  308],
        [  436,  436,  245,  231,  909,  614,  579,  656,  883,  985,  806,    0,  719,  990,  917,  865,  773,  427,  943,  712,  850,  258,  486,  614,  581,  709,  350,  705,  104,  556,  522,  659,  798,  775, 1009,  546,  501, 1105,  410,  206,  748,  439,  434,  136,  453,  501,  648,  598,  641,  871,  633,  444,  119,  606,  278,  918,  377,  938,  323,  307,  964,  150,   65,  553],
        [  341,  341,  734,  643,  476,  366,  335,  213,  202,  762,  451,  719,    0,  301,  881,  517,  182,  638,  355,   60,  415,  675,  413,  462,  268,  595,  441,   78,  655, 1013,  210, 1093,  931,  769,  795,  615,  385,  849,  388,  526,   53,  790,  410,  666,  361,  236,  153,  253,  708,  329, 1071,  741,  619,  988,  804,  891,  355,  664,  655,  460,  329,  636,  658,  264],
        [  640,  640,  955,  870,  378,  477,  476,  353,  108,  697,  426,  990,  301,    0,  882,  461,  227,  806,  181,  285,  352,  893,  585,  558,  436,  642,  739,  288,  937, 1181,  506, 1244,  994,  810,  726,  738,  556,  747,  607,  810,  256,  961,  608,  914,  567,  489,  343,  417,  797,  232, 1227,  906,  899, 1134, 1021,  893,  645,  597,  856,  754,  111,  885,  931,  455],
        [  967,  967,  691,  686,  511,  526,  569,  670,  836,  236,  460,  917,  881,  882,    0,  423,  732,  491,  706,  823,  531,  662,  555,  437,  636,  292,  990,  805,  960,  614,  889,  603,  211,  145,  227,  383,  569,  305,  652,  906,  850,  520,  604,  781,  635,  755,  733,  645,  277,  652,  603,  489,  930,  518,  703,   13,  889,  307,  595,  960,  776,  771,  907,  657],
        [  719,  719,  721,  664,   93,  263,  309,  332,  425,  250,   73,  865,  517,  461,  423,    0,  342,  512,  284,  458,  113,  665,  382,  255,  348,  233,  780,  441,  862,  834,  601,  872,  557,  369,  282,  396,  371,  334,  472,  761,  474,  640,  437,  745,  433,  486,  393,  344,  401,  233,  860,  586,  823,  763,  769,  434,  666,  149,  604,  767,  353,  721,  827,  380],
        [  470,  470,  728,  644,  295,  261,  253,  126,  130,  591,  282,  773,  182,  227,  732,  342,    0,  583,  192,  128,  236,  666,  359,  351,  209,  461,  559,  116,  729,  961,  333, 1028,  811,  636,  623,  526,  330,  672,  381,  605,  134,  739,  381,  691,  341,  278,  128,  190,  599,  150, 1010,  684,  690,  919,  794,  743,  453,  491,  629,  565,  193,  661,  718,  229],
        [  560,  560,  220,  196,  582,  332,  331,  462,  713,  573,  473,  427,  638,  806,  491,  512,  583,    0,  691,  597,  541,  176,  229,  271,  383,  307,  548,  582,  472,  379,  537,  455,  398,  348,  594,  128,  259,  692,  264,  435,  636,  156,  231,  291,  281,  421,  499,  402,  215,  613,  434,  103,  444,  351,  259,  493,  472,  544,  108,  510,  737,  281,  417,  378],
        [  662,  662,  866,  789,  198,  362,  379,  290,  182,  516,  260,  943,  355,  181,  706,  284,  192,  691,    0,  311,  181,  805,  488,  425,  363,  484,  749,  303,  908, 1054,  525, 1108,  830,  643,  545,  604,  463,  568,  538,  787,  303,  840,  525,  848,  495,  462,  315,  346,  647,   79, 1093,  784,  869,  998,  927,  718,  642,  417,  757,  754,   71,  820,  891,  391],
        [  361,  361,  707,  617,  420,  312,  284,  157,  179,  703,  391,  712,   60,  285,  823,  458,  128,  597,  311,    0,  357,  647,  370,  408,  219,  538,  457,   19,  654,  974,  224, 1051,  877,  713,  736,  566,  340,  791,  357,  526,   40,  751,  372,  648,  325,  215,  101,  202,  655,  277, 1030,  700,  617,  945,  776,  833,  361,  605,  622,  470,  294,  618,  652,  220],
        [  649,  649,  735,  667,   68,  237,  272,  251,  312,  361,   80,  850,  415,  352,  531,  113,  236,  541,  181,  357,    0,  676,  368,  270,  289,  305,  720,  342,  833,  890,  523,  938,  650,  463,  393,  440,  349,  437,  443,  722,  369,  683,  417,  739,  401,  421,  306,  280,  471,  122,  923,  627,  794,  828,  790,  542,  607,  260,  620,  714,  248,  713,  805,  322],
        [  502,  502,   62,   43,  725,  445,  427,  541,  792,  748,  617,  258,  675,  893,  662,  665,  666,  176,  805,  647,  676,    0,  317,  412,  458,  477,  460,  635,  319,  374,  524,  472,  543,  522,  770,  302,  343,  867,  291,  319,  686,  196,  286,  124,  328,  440,  559,  477,  388,  727,  447,  189,  299,  393,  130,  663,  417,  713,   69,  416,  841,  125,  260,  440],
        [  412,  412,  379,  303,  425,  132,  111,  235,  488,  539,  321,  486,  413,  585,  555,  382,  359,  229,  488,  370,  368,  317,    0,  141,  155,  276,  441,  354,  481,  607,  346,  682,  545,  417,  568,  212,   30,  656,  102,  388,  408,  384,   58,  372,   81,  215,  271,  174,  319,  411,  661,  331,  443,  576,  441,  562,  336,  472,  273,  416,  526,  346,  446,  150],
        [  539,  539,  470,  410,  315,   97,  134,  253,  477,  399,  206,  614,  462,  558,  437,  255,  351,  271,  425,  408,  270,  412,  141,    0,  202,  147,  577,  390,  618,  630,  452,  687,  469,  311,  428,  181,  143,  515,  242,  528,  441,  416,  199,  491,  213,  319,  310,  213,  250,  348,  670,  360,  581,  577,  522,  446,  469,  332,  354,  555,  478,  468,  579,  221],
        [  372,  372,  520,  436,  356,  111,   70,   83,  336,  561,  276,  581,  268,  436,  636,  348,  209,  383,  363,  219,  289,  458,  155,  202,    0,  345,  434,  202,  552,  762,  263,  835,  666,  513,  593,  349,  125,  667,  176,  436,  256,  538,  172,  488,  134,  139,  118,   20,  442,  291,  815,  486,  512,  729,  586,  645,  320,  475,  422,  425,  389,  459,  531,   34],
        [  683,  683,  526,  487,  320,  235,  278,  383,  577,  277,  226,  709,  595,  642,  292,  233,  461,  307,  484,  538,  305,  477,  276,  147,  345,    0,  716,  520,  729,  602,  598,  640,  353,  176,  302,  180,  284,  397,  376,  653,  568,  417,  330,  577,  353,  465,  445,  354,  169,  414,  628,  365,  695,  531,  564,  301,  610,  238,  410,  691,  547,  559,  684,  366],
        [  103,  103,  495,  417,  788,  523,  474,  475,  635,  973,  709,  350,  441,  739,  990,  780,  559,  548,  749,  457,  720,  460,  441,  577,  434,  716,    0,  458,  255,  832,  234,  931,  941,  847, 1004,  616,  434, 1087,  340,  154,  483,  647,  387,  374,  365,  300,  436,  441,  731,  693,  905,  622,  232,  851,  558,  995,  115,  897,  489,   47,  746,  353,  288,  401],
        [  364,  364,  695,  606,  405,  294,  266,  138,  181,  686,  374,  705,   78,  288,  805,  441,  116,  582,  303,   19,  342,  635,  354,  390,  202,  520,  458,    0,  650,  959,  227, 1036,  859,  695,  718,  549,  325,  774,  344,  523,   54,  736,  358,  639,  311,  207,   84,  185,  638,  265, 1015,  685,  613,  929,  764,  815,  359,  588,  609,  470,  290,  609,  646,  205],
        [  348,  348,  324,  283,  895,  602,  561,  619,  830, 1005,  798,  104,  655,  937,  960,  862,  729,  472,  908,  654,  833,  319,  481,  618,  552,  729,  255,  650,    0,  649,  450,  752,  860,  816, 1031,  580,  491, 1125,  392,  129,  688,  512,  425,  197,  433,  451,  602,  566,  684,  840,  726,  508,   40,  693,  369,  963,  302,  949,  376,  215,  921,  196,   61,  521],
        [  876,  876,  338,  417,  918,  705,  709,  841, 1091,  801,  814,  556, 1013, 1181,  614,  834,  961,  379, 1054,  974,  890,  374,  607,  630,  762,  602,  832,  959,  649,    0,  888,  104,  413,  526,  808,  451,  637,  902,  628,  685, 1013,  224,  604,  465,  653,  786,  877,  780,  438,  977,   78,  277,  643,  100,  282,  608,  790,  814,  366,  786, 1106,  481,  590,  755],
        [  138,  138,  577,  486,  591,  371,  324,  273,  402,  823,  529,  522,  210,  506,  889,  601,  333,  537,  525,  224,  523,  524,  346,  452,  263,  598,  234,  227,  450,  888,    0,  978,  890,  757,  855,  556,  326,  927,  274,  322,  250,  674,  314,  489,  269,  134,  220,  261,  665,  476,  954,  633,  415,  881,  648,  897,  148,  735,  522,  251,  516,  460,  459,  236],
        [  972,  972,  439,  515,  959,  769,  778,  912, 1158,  809,  860,  659, 1093, 1244,  603,  872, 1028,  455, 1108, 1051,  938,  472,  682,  687,  835,  640,  931, 1036,  752,  104,  978,    0,  394,  537,  812,  507,  712,  902,  712,  786, 1089,  305,  684,  567,  734,  871,  952,  854,  471, 1033,   27,  352,  745,  111,  385,  595,  886,  834,  458,  886, 1164,  582,  693,  832],
        [  941,  941,  557,  577,  650,  566,  598,  721,  930,  431,  572,  798,  931,  994,  211,  557,  811,  398,  830,  877,  650,  543,  545,  469,  666,  353,  941,  859,  860,  413,  890,  394,    0,  189,  429,  336,  567,  514,  625,  832,  910,  366,  580,  667,  622,  759,  779,  680,  227,  764,  395,  355,  835,  314,  550,  203,  856,  478,  484,  904,  896,  664,  802,  678],
        [  829,  829,  555,  544,  462,  405,  445,  557,  750,  276,  385,  775,  769,  810,  145,  369,  636,  348,  643,  713,  463,  522,  417,  311,  513,  176,  847,  695,  816,  526,  757,  537,  189,    0,  284,  238,  434,  380,  511,  761,  743,  395,  464,  639,  498,  624,  618,  524,  134,  579,  531,  357,  785,  437,  572,  149,  749,  300,  454,  816,  710,  628,  763,  531],
        [  959,  959,  813,  784,  350,  488,  537,  598,  703,   33,  345, 1009,  795,  726,  227,  282,  623,  594,  545,  736,  393,  770,  568,  428,  593,  302, 1004,  718, 1031,  808,  855,  812,  429,  284,    0,  468,  570,   99,  669,  952,  754,  671,  625,  876,  640,  729,  663,  595,  399,  509,  809,  628,  996,  718,  840,  238,  893,  134,  701,  983,  616,  859,  986,  622],
        [  607,  607,  348,  317,  473,  266,  284,  417,  655,  446,  367,  546,  615,  738,  383,  396,  526,  128,  604,  566,  440,  302,  212,  181,  349,  180,  616,  549,  580,  451,  556,  507,  336,  238,  468,    0,  237,  566,  290,  524,  602,  245,  245,  411,  287,  426,  466,  365,  115,  528,  490,  190,  549,  397,  384,  387,  524,  417,  234,  583,  658,  397,  529,  354],
        [  400,  400,  405,  327,  408,  113,   85,  206,  459,  541,  307,  501,  385,  556,  569,  371,  330,  259,  463,  340,  349,  343,   30,  143,  125,  284,  434,  325,  491,  637,  326,  712,  567,  434,  570,  237,    0,  656,  102,  392,  379,  413,   68,  392,   70,  193,  241,  144,  341,  386,  691,  361,  453,  605,  468,  576,  327,  469,  301,  413,  499,  365,  459,  121],
        [ 1037, 1037,  911,  881,  383,  566,  616,  663,  737,  121,  403, 1105,  849,  747,  305,  334,  672,  692,  568,  791,  437,  867,  656,  515,  667,  397, 1087,  774, 1125,  902,  927,  902,  514,  380,   99,  566,  656,    0,  756, 1042,  805,  770,  713,  973,  725,  805,  726,  667,  498,  544,  900,  727, 1089,  810,  939,  315,  975,  193,  799, 1068,  637,  955, 1080,  697],
        [  319,  319,  352,  265,  504,  211,  171,  257,  503,  640,  407,  410,  388,  607,  652,  472,  381,  264,  538,  357,  443,  291,  102,  242,  176,  376,  340,  344,  392,  628,  274,  712,  625,  511,  669,  290,  102,  756,    0,  290,  396,  408,   48,  312,   44,  159,  268,  194,  403,  464,  690,  363,  353,  612,  421,  658,  239,  571,  267,  315,  564,  283,  363,  153],
        [  231,  231,  347,  277,  787,  498,  454,  498,  703,  924,  694,  206,  526,  810,  906,  761,  605,  435,  787,  526,  722,  319,  388,  528,  436,  653,  154,  523,  129,  685,  322,  786,  832,  761,  952,  524,  392, 1042,  290,    0,  560,  513,  331,  223,  328,  327,  477,  449,  635,  721,  760,  494,   94,  711,  408,  910,  175,  859,  358,  108,  797,  204,  141,  404],
        [  385,  385,  746,  657,  429,  345,  319,  189,  153,  721,  410,  748,   53,  256,  850,  474,  134,  636,  303,   40,  369,  686,  408,  441,  256,  568,  483,   54,  688, 1013,  250, 1089,  910,  743,  754,  602,  379,  805,  396,  560,    0,  790,  412,  686,  364,  253,  138,  239,  690,  279, 1069,  738,  651,  983,  816,  860,  392,  622,  661,  499,  278,  656,  687,  259],
        [  677,  677,  194,  237,  718,  485,  486,  618,  868,  656,  611,  439,  790,  961,  520,  640,  739,  156,  840,  751,  683,  196,  384,  416,  538,  417,  647,  736,  512,  224,  674,  305,  366,  395,  671,  245,  413,  770,  408,  513,  790,    0,  381,  315,  430,  566,  653,  557,  273,  762,  282,   57,  494,  209,  186,  518,  590,  647,  160,  604,  889,  320,  452,  532],
        [  366,  366,  348,  265,  476,  181,  149,  255,  507,  596,  374,  434,  410,  608,  604,  437,  381,  231,  525,  372,  417,  286,   58,  199,  172,  330,  387,  358,  425,  604,  314,  684,  580,  464,  625,  245,   68,  713,   48,  331,  412,  381,    0,  326,   50,  191,  278,  192,  357,  449,  662,  333,  387,  582,  414,  610,  286,  529,  252,  361,  557,  298,  392,  157],
        [  436,  436,  130,   95,  795,  503,  474,  568,  809,  853,  689,  136,  666,  914,  781,  745,  691,  291,  848,  648,  739,  124,  372,  491,  488,  577,  374,  639,  197,  465,  489,  567,  667,  639,  876,  411,  392,  973,  312,  223,  686,  315,  326,    0,  355,  434,  572,  506,  506,  774,  541,  313,  182,  500,  186,  783,  359,  809,  187,  328,  876,   31,  137,  464],
        [  332,  332,  389,  303,  463,  171,  129,  216,  465,  610,  367,  453,  361,  567,  635,  433,  341,  281,  495,  325,  401,  328,   81,  213,  134,  353,  365,  311,  433,  653,  269,  734,  622,  498,  640,  287,   70,  725,   44,  328,  364,  430,   50,  355,    0,  142,  232,  153,  398,  421,  712,  382,  394,  631,  457,  642,  257,  537,  298,  343,  522,  326,  406,  113],
        [  233,  233,  498,  408,  489,  242,  193,  178,  382,  697,  414,  501,  236,  489,  755,  486,  278,  421,  462,  215,  421,  440,  215,  319,  139,  465,  300,  207,  451,  786,  134,  871,  759,  624,  729,  426,  193,  805,  159,  327,  253,  566,  191,  434,  142,    0,  151,  143,  533,  400,  848,  520,  413,  770,  569,  763,  187,  613,  424,  296,  471,  404,  443,  108],
        [  353,  353,  620,  532,  373,  214,  183,   65,  237,  630,  323,  648,  153,  343,  733,  393,  128,  499,  315,  101,  306,  559,  271,  310,  118,  445,  436,   84,  602,  877,  220,  952,  779,  618,  663,  466,  241,  726,  268,  477,  138,  653,  278,  572,  232,  151,    0,  102,  556,  258,  932,  602,  563,  846,  688,  743,  328,  535,  529,  440,  320,  542,  592,  123],
        [  375,  375,  539,  455,  347,  120,   83,   64,  317,  563,  271,  598,  253,  417,  645,  344,  190,  402,  346,  202,  280,  477,  174,  213,   20,  354,  441,  185,  566,  780,  261,  854,  680,  524,  595,  365,  144,  667,  194,  449,  239,  557,  192,  506,  153,  143,  102,    0,  456,  275,  834,  504,  527,  747,  605,  654,  327,  474,  441,  434,  370,  477,  546,   46],
        [  721,  721,  423,  411,  489,  345,  374,  501,  723,  383,  392,  641,  708,  797,  277,  401,  599,  215,  647,  655,  471,  388,  319,  250,  442,  169,  731,  638,  684,  438,  665,  471,  227,  134,  399,  115,  341,  498,  403,  635,  690,  273,  357,  506,  398,  533,  556,  456,    0,  574,  460,  230,  655,  363,  444,  279,  639,  380,  320,  697,  707,  495,  631,  453],
        [  610,  610,  789,  712,  162,  284,  302,  223,  195,  478,  195,  871,  329,  232,  652,  233,  150,  613,   79,  277,  122,  727,  411,  348,  291,  414,  693,  265,  840,  977,  476, 1033,  764,  579,  509,  528,  386,  544,  464,  721,  279,  762,  449,  774,  421,  400,  258,  275,  574,    0, 1017,  706,  801,  922,  849,  663,  583,  377,  679,  694,  133,  746,  821,  320],
        [  947,  947,  413,  489,  947,  751,  759,  892, 1139,  804,  846,  633, 1071, 1227,  603,  860, 1010,  434, 1093, 1030,  923,  447,  661,  670,  815,  628,  905, 1015,  726,   78,  954,   27,  395,  531,  809,  490,  691,  900,  690,  760, 1069,  282,  662,  541,  712,  848,  932,  834,  460, 1017,    0,  331,  719,   97,  359,  595,  861,  826,  433,  860, 1147,  556,  667,  811],
        [  645,  645,  205,  226,  663,  430,  432,  564,  814,  611,  555,  444,  741,  906,  489,  586,  684,  103,  784,  700,  627,  189,  331,  360,  486,  365,  622,  685,  508,  277,  633,  352,  355,  357,  628,  190,  361,  727,  363,  494,  738,   57,  333,  313,  382,  520,  602,  504,  230,  706,  331,    0,  486,  250,  215,  489,  557,  597,  137,  581,  833,  313,  449,  480],
        [  320,  320,  311,  261,  856,  563,  523,  580,  792,  970,  759,  119,  619,  899,  930,  823,  690,  444,  869,  617,  794,  299,  443,  581,  512,  695,  232,  613,   40,  643,  415,  745,  835,  785,  996,  549,  453, 1089,  353,   94,  651,  494,  387,  182,  394,  413,  563,  527,  655,  801,  719,  486,    0,  681,  361,  933,  268,  912,  352,  189,  883,  175,   58,  481],
        [  885,  885,  371,  435,  850,  660,  670,  804, 1049,  712,  750,  606,  988, 1134,  518,  763,  919,  351,  998,  945,  828,  393,  576,  577,  729,  531,  851,  929,  693,  100,  881,  111,  314,  437,  718,  397,  605,  810,  612,  711,  983,  209,  582,  500,  631,  770,  846,  747,  363,  922,   97,  250,  681,    0,  328,  511,  798,  731,  367,  807, 1053,  511,  632,  726],
        [  613,  613,   71,  163,  836,  566,  551,  669,  920,  822,  727,  278,  804, 1021,  703,  769,  794,  259,  927,  776,  790,  130,  441,  522,  586,  564,  558,  764,  369,  282,  648,  385,  550,  572,  840,  384,  468,  939,  421,  408,  816,  186,  414,  186,  457,  569,  688,  605,  444,  849,  359,  215,  361,  328,    0,  701,  532,  800,  171,  512,  966,  206,  309,  569],
        [  974,  974,  691,  688,  523,  535,  578,  679,  847,  248,  471,  918,  891,  893,   13,  434,  743,  493,  718,  833,  542,  663,  562,  446,  645,  301,  995,  815,  963,  608,  897,  595,  203,  149,  238,  387,  576,  315,  658,  910,  860,  518,  610,  783,  642,  763,  743,  654,  279,  663,  595,  489,  933,  511,  701,    0,  896,  319,  596,  965,  787,  773,  909,  666],
        [   88,   88,  463,  376,  674,  410,  361,  363,  539,  863,  595,  377,  355,  645,  889,  666,  453,  472,  642,  361,  607,  417,  336,  469,  320,  610,  115,  359,  302,  790,  148,  886,  856,  749,  893,  524,  327,  975,  239,  175,  392,  590,  286,  359,  257,  187,  328,  327,  639,  583,  861,  557,  268,  798,  532,  896,    0,  785,  431,  112,  643,  332,  313,  287],
        [  845,  845,  763,  720,  220,  375,  425,  472,  570,  102,  214,  938,  664,  597,  307,  149,  491,  544,  417,  605,  260,  713,  472,  332,  475,  238,  897,  588,  949,  814,  735,  834,  478,  300,  134,  417,  469,  193,  571,  859,  622,  647,  529,  809,  537,  613,  535,  474,  380,  377,  826,  597,  912,  731,  800,  319,  785,    0,  647,  879,  487,  789,  908,  505],
        [  518,  518,  118,   94,  668,  396,  383,  504,  757,  680,  559,  323,  655,  856,  595,  604,  629,  108,  757,  622,  620,   69,  273,  354,  422,  410,  489,  609,  376,  366,  522,  458,  484,  454,  701,  234,  301,  799,  267,  358,  661,  160,  252,  187,  298,  424,  529,  441,  320,  679,  433,  137,  352,  367,  171,  596,  431,  647,    0,  446,  797,  181,  319,  408],
        [  134,  134,  449,  373,  781,  507,  459,  473,  649,  953,  697,  307,  460,  754,  960,  767,  565,  510,  754,  470,  714,  416,  416,  555,  425,  691,   47,  470,  215,  786,  251,  886,  904,  816,  983,  583,  413, 1068,  315,  108,  499,  604,  361,  328,  343,  296,  440,  434,  697,  694,  860,  581,  189,  807,  512,  965,  112,  879,  446,    0,  755,  307,  244,  392],
        [  654,  654,  903,  822,  268,  406,  415,  309,  135,  586,  325,  964,  329,  111,  776,  353,  193,  737,   71,  294,  248,  841,  526,  478,  389,  547,  746,  290,  921, 1106,  516, 1164,  896,  710,  616,  658,  499,  637,  564,  797,  278,  889,  557,  876,  522,  471,  320,  370,  707,  133, 1147,  833,  883, 1053,  966,  787,  643,  487,  797,  755,    0,  847,  909,  413],
        [  411,  411,  144,   88,  770,  477,  446,  538,  779,  835,  665,  150,  636,  885,  771,  721,  661,  281,  820,  618,  713,  125,  346,  468,  459,  559,  353,  609,  196,  481,  460,  582,  664,  628,  859,  397,  365,  955,  283,  204,  656,  320,  298,   31,  326,  404,  542,  477,  495,  746,  556,  313,  175,  511,  206,  773,  332,  789,  181,  307,  847,    0,  138,  435],
        [  372,  372,  263,  226,  866,  571,  533,  602,  824,  960,  765,   65,  658,  931,  907,  827,  718,  417,  891,  652,  805,  260,  446,  579,  531,  684,  288,  646,   61,  590,  459,  693,  802,  763,  986,  529,  459, 1080,  363,  141,  687,  452,  392,  137,  406,  443,  592,  546,  631,  821,  667,  449,   58,  632,  309,  909,  313,  908,  319,  244,  909,  138,    0,  501],
        [  341,  341,  502,  416,  389,  136,   89,  104,  352,  590,  308,  553,  264,  455,  657,  380,  229,  378,  391,  220,  322,  440,  150,  221,   34,  366,  401,  205,  521,  755,  236,  832,  678,  531,  622,  354,  121,  697,  153,  404,  259,  532,  157,  464,  113,  108,  123,   46,  453,  320,  811,  480,  481,  726,  569,  666,  287,  505,  408,  392,  413,  435,  501,    0]
    ]
}
