{
    "name": "random-95-28535",
    "comment": "size=95 seed=28535",
    "nodes": ["+0", "-0", "+1", "-1", "+2", "-2", "+3", "-3", "+4", "-4", "+5", "-5", "+6", "-6", "+7", "-7", "+8", "-8", "+9", "-9", "+10", "-10", "+11", "-11", "+12", "-12", "+13", "-13", "+14", "-14", "+15", "-15", "+16", "-16", "+17", "-17", "+18", "-18", "+19", "-19", "+20", "-20", "+21", "-21", "+22", "-22", "+23", "-23", "+24", "-24", "+25", "-25", "+26", "-26", "+27", "-27", "+28", "-28", "+29", "-29", "+30", "-30", "+31", "-31", "+32", "-32", "+33", "-33", "+34", "-34", "+35", "-35", "+36", "-36", "+37", "-37", "+38", "-38", "+39", "-39", "+40", "-40", "+41", "-41", "+42", "-42", "+43", "-43", "+44", "-44", "+45", "-45", "+46", "-46", "+47", "-47", "+48", "-48", "+49", "-49", "+50", "-50", "+51", "-51", "+52", "-52", "+53", "-53", "+54", "-54", "+55", "-55", "+56", "-56", "+57", "-57", "+58", "-58", "+59", "-59", "+60", "-60", "+61", "-61", "+62", "-62", "+63", "-63", "+64", "-64", "+65", "-65", "+66", "-66", "+67", "-67", "+68", "-68", "+69", "-69", "+70", "-70", "+71", "-71", "+72", "-72", "+73", "-73", "+74", "-74", "+75", "-75", "+76", "-76", "+77", "-77", "+78", "-78", "+79", "-79", "+80", "-80", "+81", "-81", "+82", "-82", "+83", "-83", "+84", "-84", "+85", "-85", "+86", "-86", "+87", "-87", "+88", "-88", "+89", "-89", "+90", "-90", "+91", "-91", "+92", "-92", "+93", "-93", "+94", "-94", "+95", "-95"],
    "precedence": {
        "+0": "-0",
        "+1": "-1",
        "+2": "-2",
        "+3": "-3",
        "+4": "-4",
        "+5": "-5",
        "+6": "-6",
        "+7": "-7",
        "+8": "-8",
        "+9": "-9",
        "+10": "-10",
        "+11": "-11",
        "+12": "-12",
        "+13": "-13",
        "+14": "-14",
        "+15": "-15",
        "+16": "-16",
        "+17": "-17",
        "+18": "-18",
        "+19": "-19",
        "+20": "-20",
        "+21": "-21",
        "+22": "-22",
        "+23": "-23",
        "+24": "-24",
        "+25": "-25",
        "+26": "-26",
        "+27": "-27",
        "+28": "-28",
        "+29": "-29",
        "+30": "-30",
        "+31": "-31",
        "+32": "-32",
        "+33": "-33",
        "+34": "-34",
        "+35": "-35",
        "+36": "-36",
        "+37": "-37",
        "+38": "-38",
        "+39": "-39",
        "+40": "-40",
        "+41": "-41",
        "+42": "-42",
        "+43": "-43",
        "+44": "-44",
        "+45": "-45",
        "+46": "-46",
        "+47": "-47",
        "+48": "-48",
        "+49": "-49",
        "+50": "-50",
        "+51": "-51",
        "+52": "-52",
        "+53": "-53",
        "+54": "-54",
        "+55": "-55",
        "+56": "-56",
        "+57": "-57",
        "+58": "-58",
        "+59": "-59",
        "+60": "-60",
        "+61": "-61",
        "+62": "-62",
        "+63": "-63",
        "+64": "-64",
        "+65": "-65",
        "+66": "-66",
        "+67": "-67",
        "+68": "-68",
        "+69": "-69",
        "+70": "-70",
        "+71": "-71",
        "+72": "-72",
        "+73": "-73",
        "+74": "-74",
        "+75": "-75",
        "+76": "-76",
        "+77": "-77",
        "+78": "-78",
        "+79": "-79",
        "+80": "-80",
        "+81": "-81",
        "+82": "-82",
        "+83": "-83",
        "+84": "-84",
        "+85": "-85",
        "+86": "-86",
        "+87": "-87",
        "+88": "-88",
        "+89": "-89",
        "+90": "-90",
        "+91": "-91",
        "+92": "-92",
        "+93": "-93",
        "+94": "-94",
        "+95": "-95"
    },
    "edges": [
        [    0,    0,  118,  670,  757,  471,  741,  495,  580,  773,  717,  150,  488,  608,   80,  429,  811,  830, 1049, 1012,  567,  329,  934,  663,  589,  961,  972,  331,  582,   75,  153,  658,  890,  407,  875,   45,  454,  423,  174,  773,  948,  969,  826,  900,  765,  304,  888,  427,  520,  131,  184,   78,  671,  346,  718,  842,  804,  938,  250,  935,  771,   86,  519,  867, 1085,  385,  835,  503,  688,  314,  285,  623,  712,  271,  655,  657,  913,  839,  377,  386,  641, 1023,  625,  873,  633,  703,  513,  737,  872,  799,  939,  850,  113,  860,  773,  146,  643,  768,  473,  288,  891,  478,  156,  441,  725,  861,  852,  267,  194,  814,  298,  756,  664,  250,  314,  749,  571,  675,  634,  370,  497,  690, 1102, 1039,  279,  573,  565,  913,  985,  536,  744,  485,  662,  918,   95,  560,  683,  129,  203,  490,  104,  411,  517,  384,  539,  496,  718,  446,  594,  471,  340,  909,  473,  536,  335,  383,  968,  193,  767,  702,  164,  203,  852,  398,  414,  392,  720,  324,  850,  128,  289,  959,  594,  644,  308,  602,  770,  409,  882,  413,  936,  548,  580,  332,  302,  545,  504,  295,  554,  598,  240,  877],
        [    0,    0,    0,    0,    0,    0,    0,    0,    0,    0,    0,    0,    0,    0,    0,    0,    0,    0,    0,    0,    0,    0,    0,    0,    0,    0,    0,    0,    0,    0,    0,    0,    0,    0,    0,    0,    0,    0,    0,    0,    0,    0,    0,    0,    0,    0,    0,    0,    0,    0,    0,    0,    0,    0,    0,    0,    0,    0,    0,    0,    0,    0,    0,    0,    0,    0,    0,    0,    0,    0,    0,    0,    0,    0,    0,    0,    0,    0,    0,    0,    0,    0,    0,    0,    0,    0,    0,    0,    0,    0,    0,    0,    0,    0,    0,    0,    0,    0,    0,    0,    0,    0,    0,    0,    0,    0,    0,    0,    0,    0,    0,    0,    0,    0,    0,    0,    0,    0,    0,    0,    0,    0,    0,    0,    0,    0,    0,    0,    0,    0,    0,    0,    0,    0,    0,    0,    0,    0,    0,    0,    0,    0,    0,    0,    0,    0,    0,    0,    0,    0,    0,    0,    0,    0,    0,    0,    0,    0,    0,    0,    0,    0,    0,    0,    0,    0,    0,    0,    0,    0,    0,    0,    0,    0,    0,    0,    0,    0,    0,    0,    0,    0,    0,    0,    0,    0,    0,    0,    0,    0,    0,    0],
        [  118,    0,    0,  636,  860,  578,  802,  563,  661,  826,  821,   85,  452,  685,  187,  497,  809,  795, 1089, 1038,  560,  412,  988,  765,  614,  899,  965,  228,  565,   79,  247,  758,  883,  498,  874,  116,  482,  405,  168,  747,  915, 1024,  882,  836,  773,  416,  845,  513,  518,  113,   90,   42,  674,  246,  721,  783,  765,  909,  142,  876,  779,   68,  497,  876, 1131,  474,  783,  529,  681,  389,  393,  624,  823,  302,  631,  764,  952,  862,  366,  380,  715, 1025,  566,  845,  646,  773,  521,  827,  818,  760,  944,  807,   48,  828,  753,   81,  600,  771,  549,  387,  889,  406,  268,  501,  714,  818,  833,  150,  258,  898,  270,  689,  703,  140,  416,  831,  668,  606,  614,  452,  455,  650, 1138, 1052,  289,  675,  499,  976,  931,  539,  856,  432,  692,  866,   86,  645,  648,   45,  259,  576,  196,  507,  448,  470,  493,  486,  659,  383,  651,  442,  451,  874,  558,  605,  360,  328, 1009,   86,  759,  800,   56,  123,  910,  504,  325,  491,  690,  242,  791,  193,  400,  935,  637,  726,  385,  660,  737,  318,  854,  521,  885,  582,  644,  252,  412,  568,  568,  220,  524,  652,  140,  942],
        [  670,    0,  636,    0,  920,  777,  587,  526,  638,  556,  903,  553,  184,  627,  652,  517,  256,  161,  669,  557,  168,  576,  669,  848,  317,  347,  365,  491,  122,  605,  615,  821,  297,  631,  308,  626,  345,  251,  497,  117,  280,  696,  601,  304,  279,  743,  223,  609,  209,  545,  554,  652,  215,  472,  227,  235,  138,  273,  548,  310,  284,  601,  158,  355,  740,  620,  196,  328,  162,  544,  692,  192,  980,  441,   62,  896,  558,  407,  300,  299,  623,  452,  156,  211,  261,  625,  248,  788,  237,  132,  390,  185,  596,  193,  141,  556,   64,  250,  565,  648,  313,  286,  677,  480,  155,  197,  215,  590,  538,  793,  374,  224,  420,  553,  674,  741,  747,  212,   81,  580,  183,   37,  694,  516,  406,  790,  214,  714,  340,  221, 1021,  217,  364,  270,  584,  654,   15,  592,  520,  633,  616,  669,  251,  603,  150,  200,  162,  278,  494,  200,  742,  240,  622,  547,  390,  315,  615,  573,  196,  834,  593,  517,  638,  733,  397,  673,   58,  423,  239,  571,  725,  303,  416,  680,  553,  504,  101,  406,  220,  750,  284,  359,  529,  414,  718,  308,  511,  430,  117,  475,  719,  705],
        [  757,    0,  860,  920,    0,  290,  403,  404,  284,  467,   44,  830,  849,  294,  679,  439,  825, 1015,  699,  771,  755,  465,  528,   96,  608, 1260,  954,  982,  804,  784,  614,  110,  894,  374,  857,  746,  596,  768,  752,  940, 1081,  547,  470, 1222,  749,  464, 1098,  371,  723,  779,  875,  827,  735,  984,  757, 1154, 1027, 1058,  941, 1220,  750,  796,  806,  790,  674,  397, 1108,  597,  795,  498,  473,  736,  140,  641,  863,  118,  624,  697,  740,  722,  305,  925, 1009, 1007,  675,  332,  680,  159, 1147, 1021,  857, 1070,  827, 1017,  903,  828,  950,  782,  378,  474,  877,  973,  603,  466,  831, 1080,  942,  979,  621,  231,  781, 1131,  533,  943,  445,  228,  201, 1084,  841,  431,  874,  957,  755,  868,  692,  186, 1002,  448, 1231,  703,  163,  910,  587, 1167,  783,  272,  932,  842,  628,  318,  665,  356,  984,  407,  906,  752, 1069,  926,  431,  815,  424, 1070,  334,  376,  633,  875,  636,  898,  835,   87,  882,  863,  457,  361,  998,  371,  926,  921, 1158,  673,  475, 1043,  510,  244,  497,  422,  970,  999, 1013,  347, 1175,  562,  393,  922,  459,  613,  416,  890,  847,  451,  995,  411],
        [  471,    0,  578,  777,  290,    0,  447,  275,  237,  507,  248,  557,  659,  273,  393,  263,  764,  905,  795,  820,  613,  221,  636,  198,  506, 1124,  920,  724,  656,  504,  334,  202,  845,  147,  814,  463,  433,  571,  489,  830,  996,  666,  541, 1076,  691,  175,  985,  170,  568,  507,  603,  543,  640,  729,  677, 1008,  904,  976,  671, 1087,  695,  517,  636,  765,  798,  161,  972,  457,  691,  257,  186,  620,  250,  404,  729,  187,  681,  691,  532,  519,  310,  922,  828,  916,  578,  376,  531,  314, 1013,  897,  842,  951,  549,  917,  804,  555,  790,  716,  228,  197,  834,  755,  315,  301,  733,  962,  862,  706,  356,  407,  544,  962,  488,  673,  164,  355,  138,  900,  705,  203,  682,  811,  854,  893,  457,  114,  804,  579, 1113,  559,  287,  707,  527, 1044,  506,  203,  791,  565,  367,  169,  384,  110,  775,  177,  721,  584,  904,  708,  370,  626,  135,  973,  170,  280,  418,  649,  716,  624,  753,  249,  605,  596,  548,   74,  757,  111,  800,  672, 1013,  399,  185,  974,  433,  270,  252,  368,  850,  756,  923,   58, 1056,  450,  330,  674,  171,  490,  294,  639,  680,  389,  710,  538],
        [  741,    0,  802,  587,  403,  447,    0,  247,  211,   66,  406,  738,  583,  175,  669,  312,  436,  647,  349,  383,  443,  421,  199,  373,  281,  901,  553,  828,  489,  727,  594,  342,  498,  374,  459,  708,  354,  527,  644,  576,  695,  233,   95,  874,  362,  557,  728,  343,  432,  693,  774,  785,  377,  821,  384,  809,  668,  671,  821,  861,  362,  735,  521,  389,  360,  389,  755,  324,  437,  429,  527,  397,  515,  505,  526,  440,  238,  295,  524,  502,  138,  522,  711,  627,  327,   77,  393,  245,  790,  662,  455,  705,  757,  641,  533,  738,  633,  398,  278,  493,  479,  734,  623,  302,  465,  714,  557,  869,  550,  214,  605,  811,  168,  825,  488,  180,  326,  783,  509,  384,  607,  623,  408,  471,  535,  374,  729,  175,  860,  404,  551,  654,  223,  801,  716,  244,  597,  767,  545,  296,  638,  397,  730,  381,  625,  474,  747,  692,  152,  554,  524,  690,  306,  209,  458,  664,  270,  801,  457,  327,  798,  747,  113,  465,  799,  418,  576,  751,  811,  618,  552,  650,  195,  188,  436,  142,  611,  804,  631,  469,  807,  266,  161,  747,  535,  312,  237,  729,  551,  156,  939,  144],
        [  495,    0,  563,  526,  404,  275,  247,    0,  125,  287,  381,  506,  446,  134,  423,   67,  490,  641,  577,  573,  359,  176,  444,  324,  234,  872,  646,  621,  407,  487,  348,  299,  571,  151,  540,  465,  192,  367,  414,  565,  725,  479,  337,  830,  417,  330,  722,  118,  322,  458,  545,  543,  368,  618,  403,  761,  644,  705,  600,  833,  420,  496,  404,  494,  600,  157,  719,  199,  422,  183,  292,  354,  454,  279,  472,  370,  447,  427,  344,  325,  156,  653,  606,  646,  306,  210,  281,  301,  759,  638,  571,  690,  520,  650,  535,  505,  551,  442,   48,  253,  560,  576,  378,   71,  463,  701,  590,  645,  307,  349,  402,  730,  222,  603,  255,  282,  221,  681,  449,  142,  471,  562,  633,  633,  320,  265,  600,  418,  853,  306,  495,  509,  255,  785,  478,  132,  539,  531,  305,  111,  392,  185,  584,  145,  503,  350,  669,  530,  112,  413,  305,  705,  105,   43,  248,  485,  494,  572,  480,  320,  565,  522,  359,  260,  615,  201,  540,  550,  765,  375,  322,  701,  160,  186,  190,  116,  588,  618,  653,  271,  796,  178,   87,  548,  306,  223,   19,  523,  446,  126,  702,  382],
        [  580,    0,  661,  638,  284,  237,  211,  125,    0,  271,  266,  612,  569,   37,  503,  176,  565,  740,  560,  586,  472,  252,  404,  213,  329,  979,  710,  739,  520,  583,  428,  185,  641,  180,  606,  555,  315,  491,  523,  664,  814,  436,  306,  940,  489,  355,  821,  154,  439,  562,  653,  636,  460,  737,  488,  872,  748,  792,  712,  940,  491,  594,  524,  549,  567,  200,  827,  314,  518,  273,  332,  456,  353,  394,  581,  270,  445,  467,  469,  449,   76,  700,  727,  737,  398,  144,  397,  178,  866,  742,  623,  792,  620,  744,  629,  611,  667,  519,  116,  306,  627,  701,  444,  194,  556,  802,  675,  756,  404,  237,  524,  848,  273,  715,  293,  171,  128,  801,  559,  211,  594,  674,  619,  664,  438,  178,  723,  357,  954,  420,  393,  633,  322,  888,  577,   34,  650,  633,  405,   95,  477,  194,  709,  198,  625,  470,  785,  654,  158,  536,  319,  798,  110,   93,  370,  608,  481,  679,  566,  198,  669,  633,  316,  257,  738,  216,  646,  670,  876,  469,  353,  782,  235,   66,  277,  151,  691,  740,  743,  259,  898,  280,  116,  669,  336,  330,  135,  642,  564,  179,  801,  316],
        [  773,    0,  826,  556,  467,  507,   66,  287,  271,    0,  471,  759,  571,  235,  705,  350,  384,  603,  294,  318,  423,  463,  162,  439,  267,  858,  493,  835,  467,  754,  630,  407,  441,  425,  402,  739,  361,  524,  665,  534,  643,  198,   57,  834,  313,  608,  682,  392,  419,  715,  792,  812,  342,  827,  343,  770,  626,  619,  836,  818,  312,  761,  506,  330,  314,  437,  715,  324,  400,  466,  575,  369,  580,  526,  495,  506,  175,  234,  527,  505,  200,  459,  688,  578,  299,  142,  383,  308,  749,  621,  393,  661,  781,  593,  490,  759,  606,  350,  324,  539,  421,  726,  664,  333,  424,  670,  507,  883,  580,  267,  615,  780,  148,  839,  537,  241,  389,  758,  480,  428,  594,  591,  352,  406,  551,  438,  712,  167,  813,  390,  615,  644,  196,  756,  742,  304,  564,  789,  574,  351,  672,  451,  718,  428,  609,  463,  717,  686,  180,  544,  577,  641,  359,  254,  474,  663,  212,  819,  411,  392,  818,  763,   91,  521,  798,  470,  539,  757,  772,  648,  602,  595,  197,  253,  474,  173,  570,  804,  581,  525,  761,  265,  201,  752,  586,  304,  275,  737,  532,  176,  962,  151],
        [  717,    0,  821,  903,   44,  248,  406,  381,  266,  471,    0,  793,  824,  281,  639,  411,  819, 1003,  716,  781,  737,  430,  544,   60,  593, 1245,  953,  947,  785,  745,  574,   83,  890,  339,  853,  706,  572,  742,  716,  928, 1073,  565,  479, 1206,  742,  422, 1085,  339,  702,  742,  838,  788,  723,  950,  748, 1137, 1013, 1050,  904, 1205,  744,  757,  784,  789,  695,  361, 1092,  577,  782,  464,  432,  721,  115,  609,  846,   75,  633,  698,  712,  695,  297,  928,  986,  998,  662,  332,  660,  169, 1132, 1007,  858, 1056,  788, 1006,  892,  791,  930,  775,  351,  434,  874,  944,  562,  441,  819, 1067,  934,  942,  584,  252,  749, 1111,  525,  906,  405,  238,  169, 1061,  824,  397,  849,  939,  773,  875,  660,  148,  977,  467, 1219,  684,  146,  884,  579, 1153,  745,  250,  915,  804,  592,  288,  625,  319,  957,  372,  882,  730, 1049,  897,  418,  790,  382, 1060,  304,  357,  603,  845,  650,  861,  826,   80,  844,  826,  470,  320,  966,  333,  911,  888, 1141,  635,  433, 1037,  498,  235,  463,  410,  956,  967, 1003,  305, 1162,  546,  379,  889,  418,  596,  395,  857,  826,  439,  955,  428],
        [  150,    0,   85,  553,  830,  557,  738,  506,  612,  759,  793,    0,  369,  633,  190,  441,  726,  712, 1015,  959,  477,  370,  920,  735,  537,  823,  881,  185,  481,   76,  226,  725,  800,  459,  791,  120,  407,  321,   94,  663,  832,  955,  814,  761,  691,  410,  764,  470,  435,   52,   46,  102,  592,  198,  639,  706,  682,  825,  115,  799,  697,   65,  412,  794, 1059,  436,  704,  453,  598,  342,  377,  541,  806,  233,  547,  742,  877,  783,  283,  298,  660,  942,  488,  762,  565,  714,  440,  783,  740,  678,  861,  726,   45,  745,  669,    5,  518,  688,  497,  362,  805,  333,  265,  440,  630,  737,  749,  150,  212,  848,  186,  615,  631,  116,  394,  781,  633,  533,  530,  408,  372,  568, 1063,  971,  212,  646,  424,  912,  853,  457,  841,  352,  616,  787,   61,  599,  565,   40,  208,  533,  181,  475,  374,  429,  412,  402,  582,  306,  586,  358,  439,  791,  514,  548,  287,  247,  935,   69,  676,  764,   60,   53,  844,  484,  265,  461,  606,  175,  714,  159,  391,  851,  566,  677,  340,  596,  653,  259,  771,  502,  806,  508,  583,  183,  400,  491,  509,  147,  440,  585,  204,  880],
        [  488,    0,  452,  184,  849,  659,  583,  446,  569,  571,  824,  369,    0,  569,  476,  416,  387,  344,  754,  665,  160,  443,  712,  766,  305,  490,  527,  325,  136,  422,  447,  743,  450,  515,  450,  445,  255,   90,  315,  296,  464,  745,  625,  434,  376,  595,  400,  500,  153,  362,  371,  468,  280,  309,  318,  369,  317,  457,  371,  459,  382,  418,   70,  474,  817,  499,  352,  266,  260,  408,  544,  230,  885,  280,  185,  804,  627,  494,  134,  143,  577,  602,  170,  394,  287,  599,  191,  739,  391,  312,  528,  362,  412,  377,  307,  372,  157,  360,  474,  503,  461,  157,  509,  384,  282,  373,  387,  415,  372,  765,  191,  305,  423,  376,  533,  705,  659,  241,  172,  457,   25,  202,  791,  649,  237,  695,  154,  738,  503,  182,  926,   73,  381,  434,  401,  578,  197,  408,  355,  539,  442,  550,  148,  483,   63,  110,  252,  124,  454,   34,  600,  423,  525,  478,  245,  137,  687,  391,  330,  765,  410,  334,  661,  604,  249,  550,  238,  250,  376,  396,  575,  484,  390,  624,  415,  466,  285,  256,  403,  623,  451,  319,  478,  241,  572,  272,  435,  252,   76,  440,  541,  719],
        [  608,    0,  685,  627,  294,  273,  175,  134,   37,  235,  281,  633,  569,    0,  532,  193,  541,  723,  524,  551,  463,  279,  368,  233,  314,  966,  683,  754,  512,  608,  456,  203,  616,  213,  580,  581,  315,  495,  543,  647,  793,  400,  269,  929,  465,  391,  805,  185,  434,  584,  674,  662,  442,  751,  467,  861,  733,  771,  731,  926,  467,  618,  521,  520,  530,  232,  814,  309,  502,  298,  366,  442,  375,  410,  569,  293,  409,  436,  475,  455,   39,  670,  723,  718,  381,  108,  391,  170,  853,  727,  594,  776,  644,  726,  611,  633,  659,  496,  137,  338,  600,  705,  475,  204,  539,  787,  654,  775,  428,  216,  536,  841,  248,  733,  327,  150,  158,  798,  547,  239,  594,  664,  582,  630,  453,  208,  723,  321,  938,  413,  415,  635,  299,  873,  601,   70,  639,  656,  428,  129,  505,  230,  711,  228,  623,  467,  778,  659,  138,  536,  355,  779,  142,   95,  381,  616,  444,  700,  546,  208,  691,  652,  280,  293,  748,  251,  632,  683,  864,  494,  388,  759,  217,   55,  302,  129,  676,  751,  723,  296,  882,  269,   99,  681,  370,  320,  139,  656,  560,  158,  825,  282],
        [   80,    0,  187,  652,  679,  393,  669,  423,  503,  705,  639,  190,  476,  532,    0,  358,  770,  810,  986,  955,  533,  253,  865,  584,  536,  960,  934,  374,  554,  119,   76,  579,  851,  329,  834,   74,  402,  401,  171,  749,  925,  900,  757,  901,  719,  230,  873,  350,  484,  151,  232,  151,  628,  386,  676,  840,  788,  914,  302,  931,  725,  133,  496,  819, 1018,  306,  827,  451,  652,  241,  208,  583,  637,  226,  630,  580,  850,  785,  353,  357,  566,  978,  625,  848,  586,  629,  472,  659,  865,  783,  894,  835,  166,  837,  744,  186,  632,  726,  399,  209,  851,  491,   81,  373,  690,  846,  821,  327,  135,  736,  290,  760,  602,  302,  235,  671,  492,  682,  608,  294,  488,  675, 1039,  988,  248,  494,  572,  840,  978,  497,  669,  485,  605,  909,  130,  482,  665,  183,  148,  413,   38,  332,  526,  306,  531,  467,  717,  454,  525,  454,  265,  888,  395,  463,  289,  388,  903,  248,  730,  623,  223,  240,  781,  320,  444,  313,  698,  351,  847,   82,  214,  932,  532,  567,  234,  533,  749,  440,  857,  336,  926,  491,  509,  358,  226,  494,  433,  319,  535,  531,  317,  804],
        [  429,    0,  497,  517,  439,  263,  312,   67,  176,  350,  411,  441,  416,  193,  358,    0,  513,  643,  637,  624,  351,  116,  508,  352,  252,  864,  674,  563,  396,  421,  282,  331,  596,  120,  568,  398,  172,  331,  350,  569,  735,  543,  401,  818,  444,  283,  722,   93,  308,  393,  482,  477,  382,  561,  422,  749,  642,  717,  538,  827,  448,  430,  382,  529,  663,  117,  712,  195,  431,  117,  240,  359,  471,  218,  467,  389,  504,  470,  302,  284,  220,  691,  581,  656,  322,  276,  270,  353,  752,  636,  607,  689,  454,  656,  543,  441,  534,  465,   63,  198,  588,  534,  315,   39,  473,  700,  604,  583,  241,  409,  349,  710,  268,  541,  205,  342,  244,  655,  443,   88,  439,  552,  692,  678,  263,  280,  567,  484,  851,  298,  512,  473,  291,  782,  412,  172,  531,  466,  239,  124,  326,  158,  547,  100,  475,  328,  650,  487,  171,  382,  263,  712,  110,  108,  196,  438,  554,  508,  496,  358,  500,  460,  424,  230,  564,  168,  538,  495,  754,  308,  272,  717,  199,  241,  125,  177,  588,  566,  663,  245,  794,  195,  152,  494,  257,  229,   76,  466,  425,  180,  636,  449],
        [  811,    0,  809,  256,  825,  764,  436,  490,  565,  384,  819,  726,  387,  541,  770,  513,    0,  230,  421,  303,  250,  610,  453,  774,  262,  483,  166,  712,  254,  759,  713,  743,   84,  631,   66,  767,  378,  407,  648,  176,  260,  475,  414,  469,   77,  788,  304,  601,  293,  703,  740,  814,  142,  695,   96,  413,  264,  236,  752,  444,   76,  760,  324,  100,  496,  630,  353,  334,  130,  590,  740,  188,  916,  545,  215,  834,  327,  174,  444,  430,  522,  218,  412,  195,  194,  497,  299,  673,  381,  260,  142,  289,  764,  214,  130,  729,  319,   49,  537,  694,   81,  526,  769,  476,  108,  296,  123,  798,  638,  649,  541,  453,  294,  757,  711,  612,  691,  463,  219,  597,  399,  279,  442,  264,  533,  740,  467,  516,  432,  275,  955,  446,  243,  380,  740,  592,  256,  764,  624,  598,  732,  669,  498,  613,  384,  324,  398,  506,  408,  382,  774,  258,  595,  490,  481,  522,  378,  763,   61,  742,  777,  703,  447,  743,  631,  681,  210,  636,  413,  691,  774,  219,  335,  585,  600,  414,  217,  640,  198,  756,  382,  319,  450,  627,  762,  291,  471,  633,  315,  387,  916,  518],
        [  830,    0,  795,  161, 1015,  905,  647,  641,  740,  603, 1003,  712,  344,  723,  810,  643,  230,    0,  642,  513,  298,  716,  683,  952,  412,  256,  259,  640,  263,  765,  770,  923,  222,  761,  251,  786,  477,  409,  657,   76,  121,  704,  638,  240,  291,  888,   83,  736,  347,  705,  712,  812,  281,  620,  263,  187,   47,  118,  703,  216,  293,  761,  314,  322,  720,  753,  126,  449,  222,  687,  837,  287, 1090,  595,  185, 1006,  557,  404,  457,  454,  711,  361,  269,   68,  342,  699,  378,  872,  151,   47,  324,   60,  755,   40,  114,  716,  200,  254,  684,  792,  245,  428,  831,  604,  185,   68,  121,  742,  692,  860,  534,  250,  488,  707,  816,  817,  858,  289,  209,  714,  341,  147,  654,  444,  563,  904,  341,  743,  216,  349, 1131,  370,  432,  155,  744,  761,  148,  751,  675,  750,  774,  800,  388,  736,  305,  349,  212,  428,  586,  360,  883,   80,  742,  653,  540,  471,  605,  730,  192,  930,  751,  676,  673,  868,  539,  807,  113,  577,  186,  729,  871,  157,  506,  772,  696,  594,   61,  549,   75,  884,  161,  464,  625,  567,  863,  418,  623,  586,  277,  565,  874,  743],
        [ 1049,    0, 1089,  669,  699,  795,  349,  577,  560,  294,  716, 1015,  754,  524,  986,  637,  421,  642,    0,  137,  595,  751,  172,  698,  481,  882,  425, 1059,  625, 1021,  913,  669,  424,  718,  392, 1012,  608,  735,  923,  596,  626,  156,  255,  879,  391,  902,  704,  685,  614,  976, 1042, 1080,  477, 1047,  447,  828,  681,  602, 1076,  844,  386, 1027,  685,  322,   80,  730,  767,  562,  513,  751,  867,  525,  830,  789,  617,  766,  138,  264,  753,  733,  486,  338,  822,  590,  471,  420,  592,  548,  790,  677,  327,  699, 1042,  616,  551, 1016,  730,  419,  616,  830,  400,  909,  951,  615,  514,  703,  523, 1124,  856,  470,  850,  874,  387, 1080,  829,  480,  670,  880,  612,  718,  773,  695,   59,  244,  803,  716,  868,  254,  816,  585,  860,  824,  400,  778, 1007,  593,  671, 1049,  847,  644,  951,  744,  889,  720,  772,  658,  818,  878,  467,  736,  871,  645,  652,  546,  729,  873,   83, 1069,  477,  641, 1073, 1010,  252,  813, 1000,  763,  629,  979,  827,  923,  895,  561,  456,  530,  760,  461,  637, 1008,  589,  817,  775,  508,  493,  972,  878,  527,  563,  966,  694,  457, 1218,  289],
        [ 1012,    0, 1038,  557,  771,  820,  383,  573,  586,  318,  781,  959,  665,  551,  955,  624,  303,  513,  137,    0,  509,  739,  261,  753,  425,  748,  288,  981,  531,  975,  886,  722,  293,  721,  264,  972,  559,  660,  871,  474,  491,  261,  302,  748,  290,  903,  572,  688,  537,  925,  982, 1034,  386,  967,  348,  700,  554,  467, 1008,  711,  284,  979,  596,  203,  217,  730,  638,  511,  411,  732,  863,  438,  893,  744,  510,  821,  148,  177,  684,  666,  516,  202,  713,  459,  396,  459,  522,  613,  659,  551,  193,  569,  991,  485,  430,  961,  620,  311,  617,  822,  269,  815,  931,  596,  404,  572,  393, 1056,  822,  549,  784,  752,  358, 1012,  827,  544,  706,  765,  510,  711,  681,  581,  142,  112,  749,  755,  764,  346,  681,  510,  926,  731,  351,  645,  959,  618,  558,  995,  811,  657,  918,  752,  790,  717,  674,  578,  699,  788,  462,  651,  876,  511,  662,  550,  681,  792,  146, 1008,  362,  702, 1015,  948,  315,  826,  913,  770,  512,  902,  698,  885,  893,  425,  428,  570,  741,  460,  514,  921,  457,  833,  641,  464,  497,  895,  878,  470,  556,  893,  599,  448, 1160,  372],
        [  567,    0,  560,  168,  755,  613,  443,  359,  472,  423,  737,  477,  160,  463,  533,  351,  250,  298,  595,  509,    0,  418,  557,  682,  162,  514,  407,  474,   49,  512,  484,  655,  325,  467,  315,  523,  181,  158,  401,  227,  402,  588,  474,  471,  223,  591,  374,  444,   51,  455,  491,  566,  124,  459,  167,  402,  292,  387,  507,  476,  229,  512,   90,  324,  657,  458,  361,  161,  122,  389,  541,   72,  813,  310,  116,  729,  467,  336,  195,  183,  462,  466,  269,  323,  129,  471,   82,  627,  402,  286,  387,  339,  515,  317,  213,  479,  197,  214,  398,  495,  329,  316,  544,  313,  158,  351,  289,  553,  407,  640,  292,  379,  277,  511,  519,  584,  580,  342,   92,  418,  180,  204,  632,  502,  289,  623,  290,  588,  501,   54,  854,  231,  228,  431,  492,  488,  181,  515,  391,  466,  496,  505,  300,  440,  187,   75,  315,  283,  333,  143,  586,  371,  455,  380,  250,  284,  527,  515,  201,  669,  528,  455,  511,  572,  407,  511,  188,  395,  407,  453,  574,  400,  258,  517,  399,  344,  240,  414,  331,  588,  444,  195,  365,  387,  566,  144,  344,  388,  110,  316,  668,  573],
        [  329,    0,  412,  576,  465,  221,  421,  176,  252,  463,  430,  370,  443,  279,  253,  116,  610,  716,  751,  739,  418,    0,  619,  371,  351,  919,  774,  518,  457,  334,  178,  358,  694,   92,  668,  304,  241,  354,  288,  644,  816,  654,  512,  868,  545,  178,  792,  102,  370,  319,  414,  386,  473,  521,  517,  800,  708,  800,  477,  884,  550,  345,  426,  635,  776,   69,  770,  279,  515,   37,  131,  442,  463,  185,  533,  388,  619,  581,  313,  301,  313,  797,  612,  736,  417,  376,  338,  416,  811,  702,  713,  756,  373,  733,  624,  368,  581,  563,  146,   86,  687,  535,  203,  144,  557,  768,  691,  518,  159,  487,  326,  747,  381,  479,  102,  421,  266,  683,  509,   41,  465,  608,  807,  789,  237,  284,  585,  590,  915,  367,  502,  488,  400,  845,  329,  234,  590,  387,  164,  165,  226,  116,  555,   60,  505,  377,  691,  488,  285,  411,  168,  788,  147,  213,  200,  429,  669,  438,  586,  395,  425,  399,  534,  162,  541,  110,  606,  460,  806,  219,  164,  805,  312,  316,   33,  291,  658,  541,  744,  180,  859,  296,  262,  461,  152,  320,  189,  428,  471,  295,  551,  552],
        [  934,    0,  988,  669,  528,  636,  199,  444,  404,  162,  544,  920,  712,  368,  865,  508,  453,  683,  172,  261,  557,  619,    0,  528,  412,  936,  514,  991,  596,  916,  790,  499,  486,  573,  448,  900,  519,  674,  826,  622,  697,   36,  108,  921,  397,  755,  756,  541,  562,  877,  953,  974,  457,  981,  443,  863,  714,  672,  995,  896,  394,  923,  644,  370,  163,  588,  803,  480,  508,  625,  726,  495,  659,  688,  610,  596,  134,  280,  681,  660,  329,  449,  813,  644,  429,  261,  530,  376,  833,  709,  408,  742,  942,  665,  576,  921,  724,  433,  477,  692,  463,  869,  821,  493,  522,  748,  572, 1043,  742,  299,  772,  889,  298,  998,  687,  310,  506,  878,  599,  583,  734,  701,  229,  370,  711,  550,  845,   86,  880,  532,  688,  785,  333,  832,  903,  437,  675,  951,  735,  493,  832,  595,  856,  580,  743,  606,  828,  832,  341,  688,  722,  705,  504,  408,  634,  814,  116,  979,  497,  470,  980,  923,   89,  661,  948,  615,  641,  912,  863,  809,  751,  639,  356,  367,  633,  332,  662,  954,  645,  663,  832,  421,  358,  906,  734,  454,  433,  893,  664,  337, 1123,  118],
        [  663,    0,  765,  848,   96,  198,  373,  324,  213,  439,   60,  735,  766,  233,  584,  352,  774,  952,  698,  753,  682,  371,  528,    0,  541, 1191,  912,  888,  729,  688,  519,   32,  847,  280,  811,  651,  515,  683,  657,  877, 1025,  551,  453, 1151,  697,  373, 1034,  279,  646,  684,  780,  732,  673,  891,  699, 1083,  961, 1003,  846, 1152,  699,  701,  727,  748,  683,  302, 1039,  521,  731,  404,  379,  668,  144,  549,  792,   69,  606,  660,  653,  636,  254,  892,  929,  949,  611,  297,  604,  155, 1078,  954,  820, 1005,  732,  957,  842,  733,  874,  729,  293,  378,  831,  885,  508,  382,  769, 1015,  886,  884,  526,  248,  689, 1054,  480,  848,  350,  219,  110, 1003,  770,  337,  790,  884,  756,  844,  600,   91,  918,  455, 1167,  629,  183,  825,  532, 1101,  688,  194,  861,  747,  533,  229,  570,  261,  898,  313,  825,  673,  992,  838,  369,  732,  332, 1011,  245,  302,  544,  785,  627,  803,  778,   64,  787,  768,  448,  267,  906,  275,  858,  828, 1087,  578,  382,  992,  447,  192,  403,  361,  904,  907,  955,  254, 1111,  492,  328,  829,  366,  541,  338,  797,  769,  390,  900,  415],
        [  589,    0,  614,  317,  608,  506,  281,  234,  329,  267,  593,  537,  305,  314,  536,  252,  262,  412,  481,  425,  162,  351,  412,  541,    0,  653,  424,  583,  210,  551,  472,  513,  345,  370,  318,  548,  136,  262,  447,  336,  492,  446,  320,  616,  195,  528,  494,  340,  153,  502,  563,  609,  135,  572,  171,  549,  420,  472,  595,  613,  200,  555,  241,  288,  532,  368,  501,   87,  191,  333,  481,  129,  679,  320,  258,  595,  345,  251,  274,  253,  307,  449,  431,  413,   73,  310,  118,  472,  540,  414,  365,  464,  567,  418,  303,  538,  356,  214,  280,  436,  338,  460,  523,  214,  230,  474,  356,  644,  402,  479,  370,  537,  119,  599,  450,  425,  447,  504,  237,  335,  328,  354,  527,  453,  326,  494,  449,  433,  626,  124,  720,  378,   83,  560,  534,  350,  328,  572,  390,  344,  499,  408,  452,  351,  345,  197,  473,  421,  178,  278,  512,  473,  338,  242,  256,  403,  405,  589,  247,  522,  594,  530,  356,  481,  536,  419,  319,  503,  552,  463,  514,  468,   99,  365,  343,  188,  363,  542,  420,  495,  570,   58,  215,  497,  502,   47,  216,  487,  270,  159,  739,  415],
        [  961,    0,  899,  347, 1260, 1124,  901,  872,  979,  858, 1245,  823,  490,  966,  960,  864,  483,  256,  882,  748,  514,  919,  936, 1191,  653,    0,  467,  699,  469,  889,  937, 1163,  459,  977,  494,  920,  692,  576,  793,  326,  261,  956,  893,   65,  547, 1081,  181,  956,  556,  831,  809,  925,  529,  678,  517,  121,  235,  284,  778,   41,  549,  882,  493,  569,  961,  966,  153,  674,  468,  886, 1030,  524, 1325,  769,  400, 1241,  807,  656,  623,  628,  958,  568,  337,  294,  587,  950,  595, 1121,  114,  241,  556,  197,  868,  271,  369,  828,  339,  510,  911,  987,  483,  494,  999,  826,  437,  189,  365,  807,  862, 1114,  671,  212,  739,  782, 1015, 1068, 1092,  294,  423,  925,  475,  313,  887,  662,  726, 1136,  400,  998,   82,  568, 1367,  477,  683,  105,  868,  998,  334,  859,  844,  979,  928, 1015,  451,  949,  431,  543,  244,  518,  830,  518, 1083,  237,  969,  890,  727,  579,  853,  820,  447, 1174,  847,  777,  928, 1078,  590, 1019,  334,  659,  115,  883, 1062,  330,  750, 1017,  894,  839,  292,  599,  294, 1095,  108,  700,  867,  649, 1057,  651,  856,  679,  449,  810,  944,  999],
        [  972,    0,  965,  365,  954,  920,  553,  646,  710,  493,  953,  881,  527,  683,  934,  674,  166,  259,  425,  288,  407,  774,  514,  912,  424,  467,    0,  849,  401,  918,  878,  881,   83,  791,  107,  928,  543,  560,  807,  252,  207,  526,  508,  475,  231,  952,  298,  760,  453,  861,  891,  972,  307,  832,  261,  437,  306,  184,  898,  432,  227,  918,  471,  165,  504,  791,  377,  499,  285,  754,  904,  351, 1055,  708,  344,  975,  381,  259,  601,  589,  659,  104,  510,  194,  359,  623,  463,  797,  390,  305,  106,  305,  920,  223,  225,  884,  424,  213,  694,  859,   87,  650,  934,  637,  251,  305,  152,  942,  803,  758,  695,  509,  437,  902,  874,  732,  837,  543,  356,  759,  534,  373,  423,  196,  694,  887,  576,  591,  396,  438, 1094,  576,  393,  367,  899,  739,  359,  920,  788,  752,  896,  828,  615,  774,  510,  480,  468,  638,  556,  528,  936,  234,  750,  642,  645,  664,  413,  913,  206,  874,  929,  855,  535,  902,  760,  841,  308,  777,  433,  855,  938,  139,  488,  721,  764,  560,  285,  769,  189,  915,  360,  481,  598,  768,  926,  456,  627,  778,  452,  536, 1065,  604],
        [  331,    0,  228,  491,  982,  724,  828,  621,  739,  835,  947,  185,  325,  754,  374,  563,  712,  640, 1059,  981,  474,  518,  991,  888,  583,  699,  849,    0,  459,  260,  403,  874,  774,  609,  774,  305,  475,  324,  235,  607,  759, 1025,  891,  635,  696,  588,  675,  613,  447,  227,  147,  266,  597,   22,  638,  590,  602,  758,   88,  681,  702,  247,  389,  796, 1114,  587,  601,  512,  584,  485,  550,  545,  973,  346,  506,  903,  925,  807,  310,  331,  775,  926,  382,  699,  589,  819,  468,  915,  632,  598,  853,  639,  218,  677,  626,  189,  440,  683,  624,  529,  785,  215,  448,  551,  607,  649,  704,  109,  368,  969,  223,  488,  693,   90,  562,  903,  782,  406,  496,  552,  316,  494, 1101,  972,  302,  802,  309,  998,  742,  475, 1010,  275,  665,  682,  246,  732,  500,  203,  358,  672,  362,  631,  258,  576,  341,  404,  470,  214,  679,  332,  614,  715,  654,  662,  375,  191,  985,  143,  654,  910,  173,  135,  925,  652,  110,  620,  549,   80,  598,  332,  569,  792,  639,  803,  486,  690,  587,  101,  708,  670,  702,  571,  686,   87,  575,  539,  619,  100,  399,  673,  246,  971],
        [  582,    0,  565,  122,  804,  656,  489,  407,  520,  467,  785,  481,  136,  512,  554,  396,  254,  263,  625,  531,   49,  457,  596,  729,  210,  469,  401,  459,    0,  522,  510,  703,  322,  510,  318,  537,  224,  161,  411,  196,  373,  627,  517,  424,  242,  627,  336,  488,   89,  464,  491,  574,  148,  443,  183,  355,  252,  361,  499,  431,  248,  521,   71,  339,  690,  500,  317,  209,  125,  426,  576,  102,  860,  334,   78,  776,  501,  362,  205,  198,  511,  470,  223,  295,  169,  519,  127,  676,  358,  246,  395,  300,  521,  286,  192,  484,  148,  225,  444,  531,  329,  285,  571,  358,  152,  311,  271,  545,  432,  688,  295,  330,  322,  504,  556,  633,  627,  295,   55,  459,  151,  157,  659,  514,  307,  670,  250,  631,  459,  101,  901,  201,  272,  389,  502,  536,  135,  520,  415,  512,  517,  548,  265,  482,  149,   88,  267,  258,  382,  129,  624,  339,  501,  428,  278,  269,  560,  513,  198,  718,  529,  454,  554,  613,  383,  553,  150,  382,  360,  473,  609,  379,  307,  565,  435,  393,  203,  391,  304,  630,  403,  244,  414,  374,  602,  192,  392,  380,   70,  364,  665,  617],
        [   75,    0,   79,  605,  784,  504,  727,  487,  583,  754,  745,   76,  422,  608,  119,  421,  759,  765, 1021,  975,  512,  334,  916,  688,  551,  889,  918,  260,  522,    0,  171,  680,  836,  420,  824,   47,  417,  362,  112,  711,  884,  951,  809,  827,  718,  346,  821,  435,  467,   60,  115,   59,  621,  274,  669,  771,  738,  875,  184,  863,  724,   14,  457,  821, 1061,  396,  765,  465,  634,  311,  319,  572,  750,  233,  593,  690,  884,  801,  319,  330,  638,  974,  553,  811,  588,  696,  465,  749,  802,  733,  891,  782,   47,  796,  713,   72,  575,  719,  471,  311,  839,  403,  199,  426,  669,  794,  793,  208,  180,  820,  232,  682,  635,  184,  341,  753,  591,  601,  574,  374,  428,  623, 1072,  996,  229,  598,  492,  901,  915,  486,  784,  414,  627,  848,   22,  567,  618,   64,  183,  498,  121,  430,  443,  392,  470,  439,  647,  373,  577,  406,  379,  844,  480,  528,  295,  311,  941,  129,  712,  722,  104,  129,  837,  430,  340,  414,  656,  249,  778,  115,  329,  899,  567,  649,  307,  586,  705,  335,  820,  447,  866,  515,  568,  257,  340,  505,  492,  220,  489,  579,  218,  867],
        [  153,    0,  247,  615,  614,  334,  594,  348,  428,  630,  574,  226,  447,  456,   76,  282,  713,  770,  913,  886,  484,  178,  790,  519,  472,  937,  878,  403,  510,  171,    0,  512,  795,  256,  776,  133,  340,  366,  174,  706,  883,  825,  682,  879,  659,  186,  838,  275,  434,  178,  272,  215,  572,  411,  619,  816,  752,  870,  341,  906,  664,  184,  458,  757,  944,  233,  797,  387,  600,  165,  151,  529,  581,  176,  587,  520,  778,  719,  317,  317,  490,  917,  606,  804,  525,  553,  417,  586,  837,  747,  833,  800,  216,  795,  697,  224,  602,  668,  323,  141,  794,  486,   63,  299,  640,  811,  772,  373,   78,  662,  274,  743,  531,  342,  171,  597,  423,  668,  565,  218,  463,  641,  967,  923,  212,  428,  559,  765,  948,  444,  616,  467,  537,  879,  173,  408,  629,  232,   95,  338,   52,  262,  518,  231,  506,  422,  696,  445,  451,  422,  213,  848,  321,  387,  236,  379,  830,  292,  677,  554,  272,  269,  706,  260,  457,  244,  658,  365,  823,   71,  167,  884,  460,  492,  158,  458,  710,  454,  813,  277,  895,  424,  434,  370,  174,  431,  358,  332,  499,  457,  383,  728],
