{
    "name": "random-78-27046",
    "comment": "size=78 seed=27046",
    "nodes": ["+0", "-0", "+1", "-1", "+2", "-2", "+3", "-3", "+4", "-4", "+5", "-5", "+6", "-6", "+7", "-7", "+8", "-8", "+9", "-9", "+10", "-10", "+11", "-11", "+12", "-12", "+13", "-13", "+14", "-14", "+15", "-15", "+16", "-16", "+17", "-17", "+18", "-18", "+19", "-19", "+20", "-20", "+21", "-21", "+22", "-22", "+23", "-23", "+24", "-24", "+25", "-25", "+26", "-26", "+27", "-27", "+28", "-28", "+29", "-29", "+30", "-30", "+31", "-31", "+32", "-32", "+33", "-33", "+34", "-34", "+35", "-35", "+36", "-36", "+37", "-37", "+38", "-38", "+39", "-39", "+40", "-40", "+41", "-41", "+42", "-42", "+43", "-43", "+44", "-44", "+45", "-45", "+46", "-46", "+47", "-47", "+48", "-48", "+49", "-49", "+50", "-50", "+51", "-51", "+52", "-52", "+53", "-53", "+54", "-54", "+55", "-55", "+56", "-56", "+57", "-57", "+58", "-58", "+59", "-59", "+60", "-60", "+61", "-61", "+62", "-62", "+63", "-63", "+64", "-64", "+65", "-65", "+66", "-66", "+67", "-67", "+68", "-68", "+69", "-69", "+70", "-70", "+71", "-71", "+72", "-72", "+73", "-73", "+74", "-74", "+75", "-75", "+76", "-76", "+77", "-77", "+78", "-78"],
    "precedence": {
        "+0": "-0",
        "+1": "-1",
        "+2": "-2",
        "+3": "-3",
        "+4": "-4",
        "+5": "-5",
        "+6": "-6",
        "+7": "-7",
        "+8": "-8",
        "+9": "-9",
        "+10": "-10",
        "+11": "-11",
        "+12": "-12",
        "+13": "-13",
        "+14": "-14",
        "+15": "-15",
        "+16": "-16",
        "+17": "-17",
        "+18": "-18",
        "+19": "-19",
        "+20": "-20",
        "+21": "-21",
        "+22": "-22",
        "+23": "-23",
        "+24": "-24",
        "+25": "-25",
        "+26": "-26",
        "+27": "-27",
        "+28": "-28",
        "+29": "-29",
        "+30": "-30",
        "+31": "-31",
        "+32": "-32",
        "+33": "-33",
        "+34": "-34",
        "+35": "-35",
        "+36": "-36",
        "+37": "-37",
        "+38": "-38",
        "+39": "-39",
        "+40": "-40",
        "+41": "-41",
        "+42": "-42",
        "+43": "-43",
        "+44": "-44",
        "+45": "-45",
        "+46": "-46",
        "+47": "-47",
        "+48": "-48",
        "+49": "-49",
        "+50": "-50",
        "+51": "-51",
        "+52": "-52",
        "+53": "-53",
        "+54": "-54",
        "+55": "-55",
        "+56": "-56",
        "+57": "-57",
        "+58": "-58",
        "+59": "-59",
        "+60": "-60",
        "+61": "-61",
        "+62": "-62",
        "+63": "-63",
        "+64": "-64",
        "+65": "-65",
        "+66": "-66",
        "+67": "-67",
        "+68": "-68",
        "+69": "-69",
        "+70": "-70",
        "+71": "-71",
        "+72": "-72",
        "+73": "-73",
        "+74": "-74",
        "+75": "-75",
        "+76": "-76",
        "+77": "-77",
        "+78": "-78"
    },
    "edges": [
        [    0,    0,  552,  402,  653,  632, 1235,  392,  911,  777,  628,  431,  449,  622,  628,  693,  109,  910,  749,  333,  882,  830,  842,  748,  826,  949,  935,  355,  364,  859,  253,  717,  301,  934, 1091,  379,  926,  415,  608,  831, 1040,  539,  810,  292,  572,  997,  855,  613,  355,  169,  545,  876,  980,  630,  730,  905, 1090,  665,  847,  914,  231,  852,  327,  632,  742,  930, 1036,  440,  660,  749,  334,  730,  688,  302,  397,  741,  574, 1054,  291,  548,  923,  787,  769, 1056,  805,  852,  285, 1078,  150,  541,  945,  694,  681,  838,  824, 1028,  730,  739,  594,  513,  333,  165,  878,  799,  729,  661,  411,  365,  728,  826,  781,  100,  889,  810,  596,  925,  901,  807,  887,  707,  732,  595,  442,  783,  754,  526,  761,  824,  876, 1124,  426,  347,  967,  890,  575,  415, 1172,  135, 1073,  604, 1085,  919,  978,  857,  484,  853,  286,  955,  363, 1087,  784,  630,  538,  251,  919,  924, 1146,  857],
        [    0,    0,    0,    0,    0,    0,    0,    0,    0,    0,    0,    0,    0,    0,    0,    0,    0,    0,    0,    0,    0,    0,    0,    0,    0,    0,    0,    0,    0,    0,    0,    0,    0,    0,    0,    0,    0,    0,    0,    0,    0,    0,    0,    0,    0,    0,    0,    0,    0,    0,    0,    0,    0,    0,    0,    0,    0,    0,    0,    0,    0,    0,    0,    0,    0,    0,    0,    0,    0,    0,    0,    0,    0,    0,    0,    0,    0,    0,    0,    0,    0,    0,    0,    0,    0,    0,    0,    0,    0,    0,    0,    0,    0,    0,    0,    0,    0,    0,    0,    0,    0,    0,    0,    0,    0,    0,    0,    0,    0,    0,    0,    0,    0,    0,    0,    0,    0,    0,    0,    0,    0,    0,    0,    0,    0,    0,    0,    0,    0,    0,    0,    0,    0,    0,    0,    0,    0,    0,    0,    0,    0,    0,    0,    0,    0,    0,    0,    0,    0,    0,    0,    0,    0,    0,    0,    0,    0,    0],
        [  552,    0,    0,  196,  810,  410,  876,  526,  383,  954,  554,  646,  105,  310,   80,  200,  445,  632,  839,  229,  724,  369,  291,  664,  293,  605,  408,  616,  574,  510,  319,  167,  338,  681,  800,  220,  378,  162,  239,  451,  582,  226,  907,  593,  818,  584,  311,  163,  200,  414,  364,  661,  609,  459,  677,  672,  785,  403,  697,  385,  652,  799,  628,  240,  192,  434,  635,  445,  730,  820,  270,  288,  191,  260,  627,  919,  242,  629,  306,  112,  663,  238,  544,  822,  354,  690,  472,  796,  456,  452,  527,  296,  488,  927,  309,  575,  755,  654,  519,  532,  267,  442,  837,  338,  183,  111,  220,  686,  601,  275,  276,  593,  388,  523,  790,  547,  364,  268,  365,  157,  182,  588,  525,  765,  697,  353,  373,  294,  351,  807,  264,  248,  638,  732,  662,  187,  800,  421,  644,  169,  673,  692,  832,  978,  129,  731,  305,  459,  239,  773,  321,  807,   81,  311,  832,  412,  808,  429],
        [  402,    0,  196,    0,  821,  521, 1052,  514,  578,  966,  626,  622,  136,  444,  255,  391,  306,  780,  875,   82,  838,  558,  466,  749,  488,  771,  602,  572,  542,  673,  149,  355,  299,  823,  957,   26,  562,  182,  386,  621,  774,  342,  944,  531,  798,  767,  501,  212,   90,  243,  450,  790,  782,  556,  752,  807,  946,  529,  807,  516,  556,  882,  571,  398,  366,  629,  816,  467,  766,  861,   78,  469,  288,  185,  596,  929,  372,  816,  120,  264,  806,  405,  669,  963,  540,  803,  425,  950,  350,  515,  710,  462,  597,  968,  505,  766,  808,  738,  587,  565,   77,  264,  918,  526,  344,  300,   38,  629,  697,  455,  470,  467,  584,  668,  786,  720,  557,  462,  561,  331,  357,  639,  532,  834,  775,  433,  541,  428,  477,  971,  305,   59,  801,  846,  686,   14,  978,  268,  831,  335,  857,  826,  947, 1010,   86,  834,  246,  654,  228,  936,  509,  811,  148,  153,  928,  607,  977,  612],
        [  653,    0,  810,  821,    0,  485,  905,  310,  959,  146,  316,  224,  740,  581,  875,  782,  634,  599,  117,  747,  445,  794, 1014,  317,  914,  699,  972,  299,  301,  663,  745,  900,  524,  580,  718,  816, 1041,  669,  642,  690,  909,  606,  162,  362,  129,  817,  966,  962,  731,  738,  472,  508,  749,  430,  277,  542,  734,  524,  422, 1162,  446,  314,  328,  662,  948,  905,  824,  366,  122,  133,  809,  731, 1000,  638,  258,  109,  612,  869,  789,  715,  582,  993,  487,  629,  771,  438,  414,  699,  548,  377,  793,  673,  445,  191,  875,  895,  180,  317,  331,  281,  803,  760,  316,  781,  963,  869,  854,  303,  367,  991,  837,  565,  888,  572,   66,  731,  975,  918,  927,  927,  940,  250,  291,  246,  285,  475,  676, 1080, 1137,  772,  548,  802,  689,  448,  152,  829,  875,  679,  887,  704,  870,  543,  484,  205,  854,  391,  578,  920,  600,  742,  777,   32,  863,  722,  387,  932,  814,  763],
        [  632,    0,  410,  521,  485,    0,  604,  326,  474,  615,  174,  421,  392,  109,  450,  311,  542,  282,  474,  481,  320,  312,  543,  259,  432,  320,  488,  443,  392,  238,  538,  444,  337,  315,  465,  530,  558,  340,  182,  232,  463,  186,  537,  466,  547,  392,  486,  571,  448,  595,   88,  272,  356,   59,  279,  292,  461,   44,  290,  701,  577,  393,  478,  195,  493,  425,  422,  222,  376,  449,  555,  247,  582,  398,  424,  584,  169,  451,  563,  299,  300,  534,  151,  450,  288,  285,  376,  454,  483,  131,  350,  190,   79,  551,  391,  450,  375,  250,  154,  232,  549,  628,  431,  297,  517,  427,  557,  519,  193,  520,  355,  606,  404,  179,  493,  310,  490,  440,  442,  480,  487,  236,  284,  368,  296,  108,  196,  629,  682,  494,  234,  536,  335,  328,  339,  521,  542,  558,  470,  256,  471,  310,  429,  610,  507,  322,  371,  442,  321,  456,  292,  496,  485,  515,  423,  449,  515,  292],
        [ 1235,    0,  876, 1052,  905,  604,    0,  902,  610,  966,  660,  962,  917,  628,  864,  680, 1142,  335,  817, 1039,  460,  516,  788,  594,  664,  289,  597, 1009,  963,  385, 1113,  787,  937,  332,  188, 1069,  716,  893,  670,  432,  348,  727,  840, 1047, 1019,  299,  699, 1001, 1003, 1184,  691,  404,  270,  613,  633,  370,  172,  571,  484,  937, 1163,  609, 1049,  655,  821,  507,  246,  813,  789,  790, 1107,  588,  965,  980,  979,  955,  693,  269, 1127,  788,  336,  829,  479,  291,  526,  469,  973,  208, 1086,  709,  353,  590,  564,  832,  617,  346,  726,  598,  679,  779, 1102, 1217,  626,  544,  859,  816, 1084, 1076,  565,  774,  628, 1207,  543,  425,  949,  332,  648,  695,  598,  835,  822,  725,  851,  664,  621,  710,  511,  917,  943,  133,  821, 1086,  269,  458,  818, 1047,   78, 1153,  264,  717,  221,  365,  452,  894, 1003,  515,  965,  492,  903,  165,  560,  931,  954, 1093,  552,  553,   94,  449],
        [  392,    0,  526,  514,  310,  326,  902,    0,  756,  454,  251,  121,  444,  378,  598,  548,  343,  568,  380,  438,  502,  616,  768,  362,  692,  634,  774,  118,   67,  561,  437,  644,  215,  579,  738,  507,  816,  373,  413,  557,  788,  357,  447,  146,  293,  717,  739,  668,  424,  441,  262,  512,  675,  296,  340,  545,  742,  368,  468,  900,  262,  461,  153,  438,  688,  730,  744,  109,  279,  373,  500,  529,  715,  330,  109,  416,  376,  775,  481,  446,  571,  735,  423,  686,  590,  475,  114,  722,  259,  199,  676,  474,  341,  473,  665,  774,  342,  353,  225,  129,  494,  466,  487,  593,  695,  602,  546,  196,  353,  746,  622,  329,  701,  488,  273,  633,  762,  688,  725,  661,  678,  206,   54,  392,  364,  252,  510,  812,  870,  779,  266,  492,  641,  509,  192,  522,  849,  384,  795,  457,  794,  556,  592,  506,  552,  468,  269,  751,  299,  742,  583,  298,  569,  415,  529,  744,  809,  611],
        [  911,    0,  383,  578,  959,  474,  610,  756,    0, 1086,  645,  869,  473,  385,  329,  222,  803,  510,  940,  607,  679,  174,  181,  699,   90,  423,   25,  869,  819,  369,  697,  229,  642,  566,  613,  602,  112,  497,  344,  309,  265,  406,  998,  870, 1015,  325,   95,  444,  575,  791,  503,  589,  394,  530,  730,  579,  589,  437,  668,  328,  959,  814,  895,  319,  240,  105,  374,  650,  848,  914,  652,  231,  385,  609,  864, 1057,  382,  342,  688,  364,  548,  232,  517,  682,  193,  653,  753,  619,  791,  592,  286,  289,  523, 1009,   93,  265,  836,  692,  628,  695,  649,  820,  850,  179,  278,  280,  598,  947,  629,  170,  137,  933,   85,  445,  964,  349,   39,  118,   33,  268,  245,  709,  729,  814,  740,  508,  290,  310,  334,  593,  520,  630,  461,  685,  812,  568,  535,  788,  347,  316,  390,  597,  766, 1072,  502,  713,  633,  119,  555,  572,  183,  969,  438,  686,  813,   58,  573,  233],
        [  777,    0,  954,  966,  146,  615,  966,  454, 1086,    0,  442,  358,  886,  716, 1018,  918,  768,  686,  156,  891,  512,  918, 1151,  410, 1046,  792, 1098,  428,  438,  770,  886, 1040,  668,  657,  779,  960, 1173,  815,  779,  805, 1014,  747,  129,  489,  209,  917, 1100, 1108,  876,  874,  611,  590,  844,  557,  371,  621,  798,  651,  496, 1302,  558,  358,  452,  798, 1089, 1026,  918,  512,  239,  184,  952,  861, 1144,  783,  391,   38,  751,  966,  931,  858,  663, 1133,  594,  679,  896,  514,  555,  759,  683,  515,  900,  804,  565,  146, 1005, 1000,  261,  413,  463,  424,  947,  894,  344,  907, 1105, 1010,  999,  416,  472, 1128,  969,  685, 1012,  678,  186,  833, 1104, 1053, 1054, 1068, 1081,  382,  436,  309,  371,  615,  799, 1222, 1278,  835,  693,  945,  776,  513,  294,  974,  947,  815,  983,  844,  961,  617,  521,  108, 1000,  457,  722, 1039,  746,  809,  905,  157, 1009,  864,  419, 1056,  880,  880],
        [  628,    0,  554,  626,  316,  174,  660,  251,  645,  442,    0,  303,  512,  278,  606,  482,  559,  328,  301,  569,  255,  478,  715,  128,  606,  409,  658,  350,  307,  357,  603,  611,  372,  332,  490,  629,  732,  448,  347,  376,  601,  330,  365,  394,  393,  515,  659,  716,  542,  638,  191,  263,  457,  116,  127,  296,  496,  209,  220,  871,  510,  257,  391,  363,  660,  589,  530,  192,  203,  277,  642,  420,  737,  467,  319,  412,  325,  570,  638,  446,  325,  703,  190,  435,  456,  226,  345,  473,  483,  111,  484,  363,  130,  381,  564,  587,  205,  117,   40,  123,  636,  667,  292,  467,  682,  589,  662,  416,  103,  692,  529,  576,  572,  269,  332,  428,  663,  613,  613,  644,  653,   73,  198,  212,  150,  202,  360,  796,  850,  534,  321,  627,  409,  262,  179,  629,  614,  588,  589,  418,  579,  306,  353,  438,  631,  228,  421,  604,  402,  498,  463,  330,  622,  579,  309,  617,  567,  447],
        [  431,    0,  646,  622,  224,  421,  962,  121,  869,  358,  303,    0,  561,  487,  718,  665,  411,  630,  319,  544,  531,  723,  887,  385,  808,  709,  887,   77,   82,  646,  531,  764,  326,  632,  788,  613,  933,  491,  528,  651,  882,  475,  379,  140,  177,  805,  856,  785,  534,  517,  369,  561,  754,  380,  353,  595,  796,  464,  499, 1020,  240,  453,  113,  553,  808,  838,  826,  221,  240,  321,  600,  640,  834,  438,   35,  321,  492,  862,  577,  566,  627,  856,  491,  721,  697,  510,  200,  770,  325,  290,  768,  584,  418,  408,  779,  868,  316,  378,  290,  193,  595,  537,  471,  702,  816,  723,  653,  116,  398,  865,  737,  348,  811,  565,  172,  719,  877,  805,  838,  781,  799,  238,  141,  379,  374,  362,  613,  933,  990,  834,  386,  595,  711,  537,  165,  631,  916,  457,  882,  576,  876,  603,  605,  428,  667,  487,  377,  857,  416,  799,  694,  204,  687,  509,  527,  855,  869,  712],
        [  449,    0,  105,  136,  740,  392,  917,  444,  473,  886,  512,  561,    0,  309,  183,  268,  341,  645,  780,  136,  711,  431,  395,  631,  385,  635,  498,  525,  486,  538,  225,  269,  243,  689,  821,  153,  478,   72,  250,  486,  648,  209,  850,  497,  737,  635,  408,  225,  102,  318,  327,  658,  647,  432,  638,  674,  810,  396,  681,  485,  550,  766,  534,  262,  296,  511,  683,  375,  671,  764,  194,  337,  277,  156,  540,  849,  237,  685,  222,  131,  672,  342,  538,  829,  411,  676,  379,  815,  352,  404,  578,  327,  470,  872,  392,  639,  705,  620,  475,  469,  189,  347,  802,  398,  287,  213,  171,  593,  574,  378,  353,  489,  467,  533,  714,  585,  458,  363,  452,  261,  286,  535,  451,  723,  660,  312,  406,  394,  450,  835,  196,  171,  665,  719,  596,  134,  843,  319,  701,  202,  725,  693,  820,  919,  120,  710,  205,  536,  147,  800,  381,  735,  126,  213,  807,  495,  842,  480],
        [  622,    0,  310,  444,  581,  109,  628,  378,  385,  716,  278,  487,  309,    0,  344,  204,  522,  337,  578,  417,  415,  239,  437,  367,  333,  340,  401,  495,  444,  244,  486,  335,  322,  381,  516,  457,  460,  271,   75,  209,  426,  103,  643,  505,  631,  376,  385,  470,  382,  557,  119,  353,  363,  166,  387,  367,  506,   94,  388,  594,  607,  500,  525,   86,  385,  353,  416,  270,  478,  555,  488,  154,  476,  352,  484,  684,   73,  433,  504,  200,  363,  426,  235,  521,  213,  380,  398,  508,  478,  208,  324,   97,  183,  658,  297,  413,  481,  358,  253,  312,  483,  589,  539,  216,  409,  319,  479,  573,  300,  414,  257,  613,  324,  225,  582,  306,  396,  338,  353,  372,  378,  334,  347,  477,  404,  127,  142,  520,  574,  534,  197,  468,  366,  423,  432,  442,  560,  528,  452,  149,  464,  386,  523,  716,  417,  424,  341,  374,  275,  498,  207,  589,  388,  465,  526,  368,  546,  243],
        [  628,    0,   80,  255,  875,  450,  864,  598,  329, 1018,  606,  718,  183,  344,    0,  187,  522,  646,  897,  300,  755,  349,  216,  708,  241,  605,  354,  691,  648,  514,  389,  102,  416,  698,  804,  280,  308,  240,  270,  451,  552,  276,  965,  670,  889,  567,  248,  139,  274,  485,  417,  685,  602,  503,  725,  692,  787,  437,  731,  306,  731,  843,  705,  264,  115,  394,  619,  512,  789,  877,  332,  285,  133,  339,  701,  983,  283,  607,  371,  162,  679,  160,  573,  837,  339,  722,  549,  802,  535,  509,  512,  308,  527,  983,  268,  547,  809,  698,  573,  595,  330,  511,  881,  320,  104,   51,  271,  763,  642,  202,  242,  672,  350,  541,  858,  541,  305,  212,  317,   80,  105,  646,  594,  814,  743,  408,  378,  217,  274,  806,  333,  310,  640,  763,  725,  243,  787,  496,  620,  196,  653,  712,  862, 1037,  174,  768,  384,  418,  317,  774,  304,  874,  110,  383,  870,  365,  802,  416],
        [  693,    0,  200,  391,  782,  311,  680,  548,  222,  918,  482,  665,  268,  204,  187,    0,  585,  464,  782,  404,  590,  169,  234,  566,  145,  419,  244,  658,  609,  329,  491,  139,  421,  518,  619,  413,  269,  280,  141,  265,  384,  192,  846,  654,  821,  385,  191,  325,  369,  582,  310,  513,  416,  369,  588,  516,  601,  285,  569,  391,  739,  695,  681,  120,  188,  243,  437,  445,  681,  759,  459,  100,  305,  392,  656,  885,  174,  429,  490,  147,  499,  224,  409,  655,  155,  558,  535,  617,  570,  405,  329,  134,  379,  861,  132,  376,  685,  557,  456,  505,  455,  612,  733,  138,  217,  144,  418,  735,  496,  210,   89,  712,  200,  364,  777,  355,  219,  141,  195,  183,  183,  536,  528,  677,  604,  310,  195,  322,  373,  619,  300,  436,  454,  597,  631,  384,  604,  574,  444,   96,  473,  536,  693,  920,  329,  609,  413,  269,  334,  588,  121,  787,  276,  477,  713,  232,  616,  232],
        [  109,    0,  445,  306,  634,  542, 1142,  343,  803,  768,  559,  411,  341,  522,  522,  585,    0,  822,  719,  232,  810,  724,  735,  684,  717,  854,  826,  341,  334,  762,  163,  609,  205,  850, 1005,  285,  818,  306,  503,  730,  935,  435,  783,  282,  572,  896,  746,  516,  250,  109,  454,  795,  882,  546,  670,  823, 1002,  571,  776,  813,  266,  797,  323,  527,  636,  822,  937,  368,  621,  714,  247,  623,  589,  194,  378,  731,  470,  952,  208,  439,  837,  681,  684,  977,  700,  779,  230,  993,   87,  463,  843,  590,  596,  811,  715,  924,  685,  673,  522,  452,  244,  127,  826,  693,  623,  553,  321,  373,  656,  719,  673,  161,  781,  719,  582,  827,  792,  699,  778,  601,  626,  536,  387,  732,  695,  434,  658,  722,  775, 1035,  325,  255,  874,  818,  534,  319, 1077,   50,  971,  496,  985,  838,  911,  837,  385,  786,  182,  847,  256,  998,  677,  614,  436,  154,  860,  816, 1055,  753],
        [  910,    0,  632,  780,  599,  282,  335,  568,  510,  686,  328,  630,  645,  337,  646,  464,  822,    0,  531,  751,  189,  348,  651,  283,  519,  111,  510,  675,  629,  145,  815,  598,  618,   57,  184,  793,  620,  606,  398,  210,  345,  439,  570,  713,  702,  242,  569,  782,  716,  876,  370,   98,  162,  282,  323,   74,  180,  258,  193,  817,  829,  346,  714,  392,  643,  416,  234,  481,  478,  502,  824,  366,  769,  676,  645,  667,  408,  284,  836,  527,   38,  669,  145,  192,  340,  176,  642,  174,  761,  376,  244,  339,  232,  570,  466,  332,  428,  283,  345,  445,  818,  909,  377,  360,  678,  606,  815,  743,  238,  631,  453,  876,  425,  112,  634,  172,  542,  542,  484,  645,  641,  395,  517,  378,  318,  389,  270,  768,  810,  215,  512,  803,   91,  192,  493,  778,  287,  839,  300,  463,  276,   89,  259,  636,  749,  238,  652,  418,  599,  178,  369,  621,  712,  792,  321,  460,  242,  279],
        [  749,    0,  839,  875,  117,  474,  817,  380,  940,  156,  301,  319,  780,  578,  897,  782,  719,  531,    0,  805,  360,  769, 1015,  254,  905,  637,  950,  396,  387,  616,  815,  909,  584,  503,  630,  873, 1030,  711,  646,  652,  859,  622,   70,  459,  245,  762,  959,  997,  786,  819,  482,  435,  688,  415,  217,  467,  648,  506,  342, 1170,  553,  212,  430,  663,  959,  875,  763,  409,  110,   29,  872,  718, 1026,  697,  353,  139,  621,  810,  857,  736,  509, 1002,  440,  534,  748,  359,  491,  610,  633,  388,  745,  662,  418,   94,  862,  845,  106,  258,  328,  312,  866,  843,  207,  761,  978,  884,  910,  412,  318,  992,  827,  666,  863,  524,  182,  678,  960,  913,  908,  941,  951,  252,  347,  156,  215,  489,  651, 1093, 1148,  686,  585,  862,  621,  361,  191,  881,  795,  761,  828,  714,  806,  464,  381,  140,  898,  305,  639,  887,  649,  658,  759,  149,  899,  791,  281,  907,  729,  729],
        [  333,    0,  229,   82,  747,  481, 1039,  438,  607,  891,  569,  544,  136,  417,  300,  404,  232,  751,  805,    0,  793,  564,  515,  695,  518,  754,  632,  491,  463,  656,   91,  395,  224,  791,  932,   70,  605,  147,  369,  609,  781,  315,  874,  450,  719,  764,  539,  285,   37,  186,  403,  752,  770,  510,  694,  772,  923,  495,  761,  582,  476,  825,  490,  386,  415,  646,  811,  400,  697,  793,   75,  469,  357,  109,  516,  853,  348,  815,   89,  263,  775,  457,  632,  929,  543,  758,  345,  924,  269,  459,  707,  452,  554,  899,  527,  772,  744,  684,  530,  498,   69,  214,  860,  531,  398,  339,  110,  548,  646,  501,  489,  390,  602,  640,  710,  709,  591,  495,  587,  379,  405,  575,  460,  773,  718,  384,  530,  492,  545,  950,  253,   59,  781,  801,  615,   94,  967,  199,  832,  332,  854,  790,  901,  939,  154,  784,  169,  672,  168,  914,  515,  735,  206,   84,  875,  630,  961,  610],
        [  882,    0,  724,  838,  445,  320,  460,  502,  679,  512,  255,  531,  711,  415,  755,  590,  810,  189,  360,  793,    0,  508,  802,  147,  673,  299,  683,  591,  553,  314,  840,  728,  617,  149,  274,  846,  785,  657,  488,  371,  533,  505,  390,  641,  562,  431,  726,  884,  762,  884,  391,   94,  349,  284,  181,  116,  290,  321,   35,  968,  756,  160,  632,  492,  777,  592,  420,  444,  331,  332,  867,  499,  886,  700,  554,  498,  484,  471,  870,  613,  159,  810,  183,  192,  495,   36,  599,  254,  736,  350,  429,  456,  242,  387,  622,  520,  266,  154,  289,  375,  861,  915,  189,  513,  807,  724,  875,  647,  155,  780,  600,  830,  595,  237,  492,  357,  708,  692,  650,  771,  772,  300,  449,  205,  165,  409,  407,  908,  956,  328,  541,  850,  275,    9,  373,  839,  436,  838,  487,  561,  459,  108,  110,  452,  826,   56,  662,  597,  628,  299,  519,  472,  801,  816,  135,  634,  371,  447],
        [  830,    0,  369,  558,  794,  312,  516,  616,  174,  918,  478,  723,  431,  239,  349,  169,  724,  348,  769,  564,  508,    0,  305,  526,  172,  275,  182,  733,  682,  204,  649,  274,  539,  404,  476,  579,  277,  429,  224,  140,  218,  293,  827,  742,  858,  218,  222,  486,  528,  735,  355,  419,  261,  365,  558,  412,  455,  271,  496,  471,  841,  640,  763,  199,  312,  115,  271,  508,  680,  743,  623,  101,  452,  535,  722,  889,  261,  261,  652,  302,  385,  330,  344,  530,   27,  481,  632,  477,  695,  436,  163,  145,  353,  836,  119,  209,  665,  520,  465,  540,  619,  766,  677,   33,  350,  301,  586,  811,  456,  285,  115,  835,   95,  273,  804,  204,  200,  197,  143,  322,  312,  545,  583,  641,  567,  365,  119,  426,  465,  467,  410,  601,  313,  514,  650,  551,  439,  720,  275,  234,  305,  431,  599,  900,  498,  541,  544,  136,  468,  440,   50,  806,  444,  633,  641,  139,  458,   74],
        [  842,    0,  291,  466, 1014,  543,  788,  768,  181, 1151,  715,  887,  395,  437,  216,  234,  735,  651, 1015,  515,  802,  305,    0,  793,  134,  578,  199,  872,  825,  507,  604,  130,  611,  708,  776,  492,  105,  441,  373,  442,  445,  415, 1079,  860, 1049,  497,   90,  292,  489,  700,  542,  717,  558,  601,  818,  714,  754,  514,  785,  167,  931,  919,  891,  353,  101,  281,  548,  670,  914,  991,  544,  306,  221,  548,  875, 1118,  403,  519,  585,  327,  689,   65,  626,  834,  312,  772,  738,  779,  742,  638,  451,  358,  608, 1093,  187,  444,  917,  785,  689,  736,  542,  726,  957,  292,  125,  183,  478,  947,  723,   24,  202,  882,  248,  567, 1008,  505,  144,  111,  190,  137,  111,  769,  753,  907,  833,  541,  395,  130,  161,  762,  507,  523,  617,  808,  863,  454,  712,  711,  526,  314,  567,  733,  898, 1152,  382,  828,  587,  298,  513,  737,  285, 1019,  318,  598,  930,  236,  746,  377],
        [  748,    0,  664,  749,  317,  259,  594,  362,  699,  410,  128,  385,  631,  367,  708,  566,  684,  283,  254,  695,  147,  526,  793,    0,  674,  385,  708,  445,  409,  362,  731,  701,  499,  265,  412,  754,  796,  570,  441,  402,  605,  438,  304,  497,  425,  508,  728,  826,  667,  765,  304,  193,  436,  206,   41,  227,  424,  281,  115,  955,  612,  136,  486,  453,  750,  627,  511,  317,  197,  226,  768,  489,  841,  595,  408,  388,  426,  558,  766,  554,  266,  789,  188,  338,  507,  128,  464,  393,  606,  237,  491,  436,  187,  311,  627,  591,  149,   12,  167,  236,  762,  794,  173,  522,  775,  686,  786,  500,   71,  770,  597,  690,  619,  270,  355,  424,  722,  687,  668,  739,  744,  156,  309,  115,   42,  319,  411,  886,  938,  463,  445,  753,  373,  153,  227,  752,  560,  715,  576,  515,  556,  230,  231,  376,  750,  107,  549,  638,  528,  430,  523,  340,  736,  707,  182,  662,  502,  480],
        [  826,    0,  293,  488,  914,  432,  664,  692,   90, 1046,  606,  808,  385,  333,  241,  145,  717,  519,  905,  518,  673,  172,  134,  674,    0,  445,  115,  802,  753,  374,  608,  142,  564,  575,  644,  512,  128,  412,  280,  310,  329,  336,  966,  799,  960,  369,   55,  361,  486,  702,  447,  587,  426,  490,  701,  582,  622,  399,  657,  299,  882,  796,  826,  257,  161,  164,  421,  587,  808,  880,  563,  187,  308,  524,  800, 1015,  316,  397,  599,  280,  556,  166,  500,  701,  179,  644,  680,  646,  709,  540,  321,  243,  491,  979,   54,  326,  804,  666,  584,  642,  560,  731,  834,  161,  200,  191,  509,  880,  603,  115,   78,  851,  123,  437,  914,  372,   76,   32,   77,  184,  165,  665,  669,  788,  714,  449,  268,  258,  294,  631,  445,  540,  483,  679,  764,  478,  587,  701,  406,  240,  445,  601,  767, 1040,  412,  701,  551,  185,  473,  606,  155,  921,  349,  597,  803,  127,  617,  244],
        [  949,    0,  605,  771,  699,  320,  289,  634,  423,  792,  409,  709,  635,  340,  605,  419,  854,  111,  637,  754,  299,  275,  578,  385,  445,    0,  420,  746,  698,   98,  825,  544,  650,  157,  202,  787,  534,  607,  386,  155,  235,  440,  678,  778,  796,  133,  492,  744,  718,  896,  406,  208,   52,  338,  424,  183,  183,  285,  303,  742,  891,  456,  784,  374,  585,  323,  127,  537,  577,  608,  823,  321,  720,  692,  721,  772,  406,  175,  841,  509,  143,  605,  220,  260,  276,  285,  694,  202,  801,  436,  142,  311,  294,  679,  392,  222,  533,  384,  419,  519,  818,  929,  487,  296,  622,  561,  804,  818,  332,  560,  388,  926,  340,  147,  730,   75,  458,  472,  400,  592,  584,  480,  585,  485,  422,  424,  232,  701,  739,  202,  533,  802,   39,  302,  583,  767,  223,  865,  192,  440,  173,  196,  361,  745,  729,  348,  677,  321,  615,  170,  309,  720,  685,  805,  430,  370,  208,  202],
        [  935,    0,  408,  602,  972,  488,  597,  774,   25, 1098,  658,  887,  498,  401,  354,  244,  826,  510,  950,  632,  683,  182,  199,  708,  115,  420,    0,  888,  838,  370,  722,  253,  664,  566,  607,  627,  120,  521,  363,  313,  250,  427, 1008,  890, 1030,  316,  117,  467,  599,  815,  519,  591,  388,  543,  739,  580,  582,  449,  672,  341,  980,  820,  915,  338,  263,   98,  364,  668,  860,  924,  677,  248,  408,  633,  882, 1069,  401,  329,  713,  388,  548,  253,  524,  679,  203,  657,  774,  613,  813,  607,  280,  305,  534, 1018,  114,  252,  846,  701,  641,  711,  674,  844,  856,  191,  301,  305,  623,  966,  638,  191,  158,  956,   89,  450,  979,  346,   56,  142,   51,  291,  269,  723,  747,  822,  749,  525,  300,  327,  348,  584,  541,  655,  457,  688,  826,  592,  522,  812,  334,  338,  377,  597,  767, 1081,  526,  718,  656,  106,  578,  564,  196,  983,  463,  710,  816,   51,  563,  236],
        [  355,    0,  616,  572,  299,  443, 1009,  118,  869,  428,  350,   77,  525,  495,  691,  658,  341,  675,  396,  491,  591,  733,  872,  445,  802,  746,  888,    0,   52,  676,  469,  745,  283,  681,  840,  561,  925,  456,  526,  674,  905,  466,  455,   64,  234,  833,  848,  747,  485,  448,  379,  612,  789,  410,  417,  646,  846,  485,  557,  996,  169,  523,   42,  551,  787,  847,  859,  226,  315,  397,  543,  644,  801,  390,   44,  391,  488,  892,  516,  546,  675,  835,  532,  779,  707,  567,  148,  823,  256,  315,  793,  590,  453,  484,  778,  891,  390,  438,  331,  230,  538,  467,  543,  709,  792,  701,  600,   79,  450,  851,  735,  271,  817,  601,  243,  749,  874,  797,  839,  759,  778,  292,  161,  450,  439,  369,  628,  907,  965,  884,  366,  540,  752,  597,  235,  582,  959,  388,  911,  565,  909,  655,  671,  503,  623,  550,  329,  868,  379,  847,  699,  276,  649,  449,  596,  860,  916,  729],
        [  364,    0,  574,  542,  301,  392,  963,   67,  819,  438,  307,   82,  486,  444,  648,  609,  334,  629,  387,  463,  553,  682,  825,  409,  753,  698,  838,   52,    0,  627,  449,  699,  247,  638,  796,  532,  877,  416,  476,  624,  854,  417,  451,   88,  257,  783,  799,  709,  454,  438,  328,  570,  740,  361,  383,  603,  802,  435,  519,  952,  204,  496,   87,  501,  742,  796,  810,  175,  296,  385,  519,  593,  761,  358,   55,  401,  439,  842,  495,  501,  630,  790,  486,  740,  656,  528,  119,  780,  248,  265,  742,  539,  405,  479,  728,  841,  368,  401,  285,  185,  514,  460,  519,  659,  748,  656,  572,  130,  408,  803,  685,  289,  766,  552,  253,  699,  824,  748,  789,  714,  733,  254,  113,  425,  406,  318,  577,  864,  921,  839,  319,  514,  704,  559,  212,  551,  912,  379,  861,  517,  860,  613,  637,  504,  588,  515,  297,  817,  340,  803,  648,  283,  611,  428,  567,  809,  870,  678],
        [  859,    0,  510,  673,  663,  238,  385,  561,  369,  770,  357,  646,  538,  244,  514,  329,  762,  145,  616,  656,  314,  204,  507,  362,  374,   98,  370,  676,  627,    0,  729,  459,  559,  201,  291,  690,  477,  510,  289,   67,  246,  343,  665,  703,  750,  159,  425,  652,  620,  801,  319,  222,  121,  267,  399,  211,  276,  199,  307,  673,  814,  458,  713,  277,  503,  279,  184,  460,  543,  588,  726,  230,  633,  596,  654,  746,  309,  217,  744,  412,  182,  527,  177,  330,  197,  290,  612,  289,  712,  362,  130,  214,  230,  670,  321,  232,  510,  358,  359,  454,  720,  833,  493,  217,  538,  472,  707,  751,  299,  487,  310,  840,  284,   93,  687,   73,  400,  398,  341,  506,  500,  429,  516,  473,  403,  337,  137,  625,  667,  299,  439,  704,  129,  319,  535,  670,  316,  771,  236,  343,  234,  229,  398,  736,  633,  353,  583,  285,  519,  265,  227,  681,  590,  708,  448,  321,  305,  136],
        [  253,    0,  319,  149,  745,  538, 1113,  437,  697,  886,  603,  531,  225,  486,  389,  491,  163,  815,  815,   91,  840,  649,  604,  731,  608,  825,  722,  469,  449,  729,    0,  485,  236,  852,  997,  126,  695,  223,  446,  685,  866,  386,  883,  419,  702,  843,  629,  361,  123,   97,  454,  807,  845,  559,  726,  829,  990,  557,  806,  664,  424,  857,  461,  464,  503,  734,  889,  422,  709,  805,   84,  552,  437,  141,  500,  848,  421,  897,   48,  348,  836,  545,  688,  987,  627,  806,  332,  988,  223,  496,  788,  531,  606,  909,  616,  856,  763,  720,  564,  518,   81,  124,  889,  616,  485,  429,  159,  516,  689,  590,  577,  323,  690,  705,  701,  785,  681,  585,  677,  468,  494,  600,  469,  800,  750,  435,  607,  575,  626, 1019,  304,   94,  851,  848,  624,  162, 1042,  121,  914,  416,  934,  847,  946,  943,  233,  826,  183,  759,  217,  982,  600,  730,  291,   25,  912,  719, 1032,  692],
        [  717,    0,  167,  355,  900,  444,  787,  644,  229, 1040,  611,  764,  269,  335,  102,  139,  609,  598,  909,  395,  728,  274,  130,  701,  142,  544,  253,  745,  699,  459,  485,    0,  482,  653,  745,  380,  211,  313,  265,  393,  463,  295,  975,  731,  928,  489,  146,  221,  367,  581,  430,  650,  534,  500,  722,  653,  725,  421,  707,  263,  802,  832,  763,  249,   50,  301,  542,  548,  805,  887,  432,  233,  179,  421,  750, 1006,  290,  524,  471,  199,  634,   94,  547,  788,  269,  696,  610,  745,  614,  525,  436,  273,  515,  991,  176,  459,  815,  692,  582,  620,  429,  608,  870,  249,   80,   57,  373,  820,  632,  111,  160,  754,  257,  501,  890,  475,  204,  112,  218,   49,   44,  660,  632,  811,  739,  426,  330,  186,  239,  740,  380,  410,  581,  735,  749,  344,  710,  587,  536,  197,  571,  672,  831, 1048,  276,  747,  458,  324,  384,  711,  236,  903,  212,  477,  851,  268,  731,  345],
        [  301,    0,  338,  299,  524,  337,  937,  215,  642,  668,  372,  326,  243,  322,  416,  421,  205,  618,  584,  224,  617,  539,  611,  499,  564,  650,  664,  283,  247,  559,  236,  482,    0,  647,  801,  293,  678,  177,  316,  531,  744,  247,  653,  255,  502,  698,  602,  464,  209,  268,  249,  595,  680,  344,  492,  621,  797,  367,  582,  722,  321,  623,  291,  341,  519,  645,  736,  187,  477,  573,  288,  440,  520,  115,  301,  631,  280,  755,  275,  287,  634,  567,  481,  776,  514,  584,  136,  789,  157,  268,  646,  399,  394,  678,  551,  732,  528,  489,  334,  283,  283,  299,  655,  510,  519,  432,  331,  350,  463,  591,  507,  296,  607,  514,  488,  625,  639,  551,  615,  488,  510,  365,  238,  565,  517,  230,  462,  632,  689,  830,  130,  279,  669,  624,  393,  307,  873,  224,  774,  327,  785,  637,  720,  716,  342,  598,   56,  669,  100,  793,  496,  513,  367,  212,  680,  646,  850,  561],
        [  934,    0,  681,  823,  580,  315,  332,  579,  566,  657,  332,  632,  689,  381,  698,  518,  850,   57,  503,  791,  149,  404,  708,  265,  575,  157,  566,  681,  638,  201,  852,  653,  647,    0,  160,  836,  676,  647,  445,  266,  392,  482,  537,  723,  689,  289,  626,  834,  757,  909,  401,   73,  205,  305,  305,   38,  165,  297,  162,  874,  840,  308,  722,  442,  698,  471,  274,  499,  461,  475,  865,  420,  822,  712,  649,  641,  453,  325,  875,  575,   20,  725,  167,  141,  397,  145,  660,  145,  785,  395,  296,  391,  255,  535,  522,  379,  405,  267,  355,  453,  859,  941,  336,  416,  732,  660,  859,  746,  234,  687,  509,  895,  481,  159,  620,  225,  599,  598,  540,  699,  696,  394,  527,  348,  296,  421,  324,  824,  867,  203,  548,  845,  129,  150,  486,  822,  296,  870,  340,  513,  311,   41,  205,  601,  796,  202,  684,  472,  635,  168,  426,  605,  761,  829,  275,  516,  239,  335],
        [ 1091,    0,  800,  957,  718,  465,  188,  738,  613,  779,  490,  788,  821,  516,  804,  619, 1005,  184,  630,  932,  274,  476,  776,  412,  644,  202,  607,  840,  796,  291,  997,  745,  801,  160,    0,  972,  725,  786,  572,  354,  383,  618,  653,  882,  834,  293,  689,  943,  897, 1060,  553,  228,  220,  461,  450,  194,   29,  441,  299,  938,  999,  421,  880,  564,  786,  510,  253,  658,  604,  603, 1004,  520,  921,  859,  807,  767,  586,  301, 1018,  700,  170,  805,  323,  110,  477,  285,  819,   20,  942,  554,  328,  504,  411,  645,  591,  375,  539,  416,  514,  612,  998, 1092,  439,  497,  823,  761,  992,  903,  390,  758,  589, 1054,  533,  293,  764,  272,  650,  671,  593,  793,  785,  550,  686,  476,  436,  572,  428,  901,  937,   58,  696,  983,  165,  271,  638,  954,  179, 1022,  308,  632,  265,  185,  269,  708,  921,  328,  835,  503,  782,   47,  510,  745,  880,  975,  366,  558,  105,  402],
        [  379,    0,  220,   26,  816,  530, 1069,  507,  602,  960,  629,  613,  153,  457,  280,  413,  285,  793,  873,   70,  846,  579,  492,  754,  512,  787,  627,  561,  532,  690,  126,  380,  293,  836,  972,    0,  587,  191,  402,  638,  795,  355,  942,  518,  789,  786,  526,  236,   89,  218,  457,  800,  800,  564,  755,  819,  961,  540,  815,  541,  539,  886,  558,  415,  392,  652,  835,  466,  764,  860,   52,  488,  313,  178,  586,  923,  386,  836,   95,  282,  819,  431,  680,  975,  560,  812,  415,  964,  333,  519,  730,  480,  606,  966,  529,  787,  809,  743,  590,  564,   51,  239,  921,  547,  370,  325,   40,  616,  703,  480,  493,  446,  607,  681,  779,  738,  582,  487,  585,  356,  383,  640,  528,  836,  779,  439,  559,  453,  502,  987,  310,   34,  816,  854,  683,   39,  996,  246,  852,  354,  877,  838,  955, 1007,  112,  840,  238,  677,  229,  951,  530,  805,  174,  132,  934,  631,  994,  631],
        [  926,    0,  378,  562, 1041,  558,  716,  816,  112, 1173,  732,  933,  478,  460,  308,  269,  818,  620, 1030,  605,  785,  277,  105,  796,  128,  534,  120,  925,  877,  477,  695,  211,  678,  676,  725,  587,    0,  517,  407,  415,  369,  460, 1091,  919, 1087,  435,   78,  396,  577,  791,  574,  696,  506,  616,  824,  687,  700,  524,  772,  222,  999,  915,  948,  383,  198,  216,  484,  713,  934, 1005,  639,  312,  325,  627,  924, 1142,  442,  448,  679,  391,  657,  169,  617,  794,  291,  757,  799,  730,  818,  667,  398,  369,  614, 1103,  169,  371,  928,  788,  711,  769,  637,  818,  952,  275,  227,  267,  576, 1002,  725,  109,  204,  959,  196,  549, 1041,  460,   78,  129,  136,  232,  206,  792,  795,  910,  836,  576,  386,  221,  233,  704,  564,  618,  572,  791,  891,  551,  641,  797,  453,  361,  496,  705,  874, 1164,  479,  817,  661,  226,  584,  683,  274, 1048,  415,  688,  917,  168,  683,  342],
        [  415,    0,  162,  182,  669,  340,  893,  373,  497,  815,  448,  491,   72,  271,  240,  280,  306,  606,  711,  147,  657,  429,  441,  570,  412,  607,  521,  456,  416,  510,  223,  313,  177,  647,  786,  191,  517,    0,  224,  464,  646,  169,  780,  432,  666,  621,  443,  296,  111,  306,  268,  611,  625,  375,  574,  629,  776,  351,  626,  546,  492,  703,  467,  242,  346,  521,  668,  305,  601,  695,  218,  331,  345,  113,  470,  778,  202,  675,  235,  134,  630,  394,  490,  786,  407,  622,  312,  778,  302,  338,  565,  309,  416,  803,  410,  636,  637,  559,  410,  399,  213,  338,  740,  397,  343,  260,  219,  526,  516,  423,  368,  443,  479,  494,  643,  564,  487,  395,  473,  314,  336,  467,  380,  658,  597,  252,  386,  455,  512,  804,  128,  198,  635,  665,  526,  184,  822,  294,  692,  196,  712,  648,  766,  849,  188,  653,  146,  546,   78,  768,  381,  663,  196,  205,  748,  512,  814,  470],
