{
    "name": "random-31-7053",
    "comment": "size=31 seed=7053",
    "nodes": ["+0", "-0", "+1", "-1", "+2", "-2", "+3", "-3", "+4", "-4", "+5", "-5", "+6", "-6", "+7", "-7", "+8", "-8", "+9", "-9", "+10", "-10", "+11", "-11", "+12", "-12", "+13", "-13", "+14", "-14", "+15", "-15", "+16", "-16", "+17", "-17", "+18", "-18", "+19", "-19", "+20", "-20", "+21", "-21", "+22", "-22", "+23", "-23", "+24", "-24", "+25", "-25", "+26", "-26", "+27", "-27", "+28", "-28", "+29", "-29", "+30", "-30", "+31", "-31"],
    "precedence": {
        "+0": "-0",
        "+1": "-1",
        "+2": "-2",
        "+3": "-3",
        "+4": "-4",
        "+5": "-5",
        "+6": "-6",
        "+7": "-7",
        "+8": "-8",
        "+9": "-9",
        "+10": "-10",
        "+11": "-11",
        "+12": "-12",
        "+13": "-13",
        "+14": "-14",
        "+15": "-15",
        "+16": "-16",
        "+17": "-17",
        "+18": "-18",
        "+19": "-19",
        "+20": "-20",
        "+21": "-21",
        "+22": "-22",
        "+23": "-23",
        "+24": "-24",
        "+25": "-25",
        "+26": "-26",
        "+27": "-27",
        "+28": "-28",
        "+29": "-29",
        "+30": "-30",
        "+31": "-31"
    },
    "edges": [
        [    0,    0,  261,  287,  642,  362,  439,  493,  743,  788,  492,  326,  451,  407,  200,  462,  441,  525,  401,  415,  608,  142,  210,  488,  671,  405,  388,  221,  205,  294,  397,  412,  395,  473,  481,  557,  496,  242,  418,  825,  418,  259,  233,  436,  688,  743,  376,  624,  489,  253,  702,  281,  510,  776,  784,  405,  806,  655,  798,  394,  876,  479,  120,   74],
        [    0,    0,  261,  287,  642,  362,  439,  493,  743,  788,  492,  326,  451,  407,  200,  462,  441,  525,  401,  415,  608,  142,  210,  488,  671,  405,  388,  221,  205,  294,  397,  412,  395,  473,  481,  557,  496,  242,  418,  825,  418,  259,  233,  436,  688,  743,  376,  624,  489,  253,  702,  281,  510,  776,  784,  405,  806,  655,  798,  394,  876,  479,  120,   74],
        [  261,  261,    0,  299,  384,  465,  467,  355,  499,  541,  237,  501,  282,  578,  453,  315,  396,  336,  368,  491,  351,  256,  323,  307,  411,  163,  303,   70,  298,  143,  205,  160,  405,  298,  440,  327,  340,  272,  547,  630,  575,   81,  372,  192,  510,  592,  174,  549,  533,  131,  442,  503,  618,  528,  539,  509,  580,  496,  545,  223,  665,  586,  144,  235],
        [  287,  287,  299,    0,  553,  180,  694,  649,  596,  644,  417,  265,  580,  325,  452,  611,  660,  326,  116,  193,  519,  404,  482,  606,  624,  451,  578,  330,  469,  185,  504,  353,  639,  596,  703,  613,  269,  482,  703,  598,  705,  365,  152,  476,  808,  484,  253,  340,  237,  173,  658,  327,  324,  782,  637,  684,  620,  408,  673,  520,  664,  292,  277,  337],
        [  642,  642,  384,  553,    0,  728,  752,  506,  159,  183,  150,  812,  431,  877,  836,  477,  639,  285,  538,  722,   36,  630,  684,  417,  107,  296,  546,  442,  658,  386,  386,  231,  691,  424,  672,  299,  353,  612,  886,  401,  927,  421,  686,  278,  512,  472,  303,  578,  722,  420,  134,  848,  853,  296,  186,  838,  279,  400,  167,  420,  387,  825,  527,  618],
        [  362,  362,  465,  180,  728,    0,  799,  802,  757,  805,  596,  132,  739,  160,  460,  765,  788,  481,  213,   64,  695,  501,  571,  768,  802,  623,  717,  482,  566,  363,  667,  532,  752,  757,  830,  787,  416,  595,  768,  718,  754,  520,  130,  649,  973,  578,  431,  384,  148,  346,  836,  238,  156,  961,  797,  762,  765,  521,  840,  678,  793,  124,  405,  431],
        [  439,  439,  467,  694,  752,  799,    0,  286,  902,  934,  645,  757,  333,  836,  446,  295,  127,  799,  795,  849,  728,  299,  232,  362,  715,  460,  207,  401,  234,  600,  366,  591,   64,  348,  121,  496,  806,  213,  192, 1082,  255,  388,  671,  475,  458, 1058,  639, 1002,  918,  572,  731,  686,  948,  708,  935,  137, 1006,  962,  916,  333, 1104,  917,  418,  369],
        [  493,  493,  355,  649,  506,  802,  286,    0,  664,  687,  434,  807,   84,  889,  603,   41,  160,  632,  722,  836,  489,  373,  365,   89,  449,  253,  118,  322,  344,  495,  159,  409,  241,   83,  179,  220,  661,  281,  466,  878,  524,  285,  690,  252,  205,  891,  495,  891,  885,  486,  459,  773,  958,  423,  691,  410,  778,  797,  660,  133,  883,  925,  404,  423],
        [  743,  743,  499,  596,  159,  757,  902,  664,    0,   48,  267,  860,  587,  914,  942,  634,  793,  277,  550,  738,  176,  754,  815,  575,  245,  443,  698,  564,  789,  460,  538,  340,  841,  582,  828,  457,  346,  749, 1027,  260, 1063,  551,  742,  428,  665,  370,  372,  526,  720,  499,  259,  913,  862,  416,   42,  981,  123,  323,   93,  572,  232,  838,  636,  732],
        [  788,  788,  541,  644,  183,  805,  934,  687,   48,    0,  307,  908,  614,  962,  986,  659,  822,  325,  597,  785,  206,  795,  855,  599,  254,  476,  728,  605,  828,  506,  568,  382,  873,  606,  855,  476,  393,  787, 1063,  275, 1101,  590,  790,  459,  676,  400,  419,  566,  766,  545,  261,  961,  908,  410,   11, 1016,  128,  361,   60,  602,  231,  884,  680,  775],
        [  492,  492,  237,  417,  150,  596,  645,  434,  267,  307,    0,  671,  352,  739,  688,  399,  543,  218,  422,  597,  116,  489,  549,  351,  207,  188,  445,  299,  523,  242,  288,   81,  582,  353,  582,  272,  270,  483,  761,  446,  797,  285,  543,  183,  500,  464,  165,  511,  609,  273,  241,  701,  730,  375,  305,  716,  362,  374,  308,  322,  460,  701,  379,  472],
        [  326,  326,  501,  265,  812,  132,  757,  807,  860,  908,  671,    0,  754,   82,  368,  773,  767,  588,  333,  191,  778,  467,  526,  787,  876,  663,  710,  499,  527,  430,  688,  599,  718,  775,  806,  827,  527,  568,  697,  841,  674,  539,  130,  692,  993,  707,  510,  515,  272,  403,  909,  114,  212, 1021,  900,  699,  879,  646,  937,  694,  914,  189,  405,  400],
        [  451,  451,  282,  580,  431,  739,  333,   84,  587,  614,  352,  754,    0,  835,  584,   48,  212,  548,  647,  769,  412,  348,  357,   39,  383,  170,  132,  259,  333,  418,   79,  326,  279,   23,  242,  165,  578,  270,  497,  796,  550,  219,  633,  169,  239,  807,  413,  810,  815,  412,  398,  729,  894,  388,  616,  443,  700,  714,  589,   61,  804,  862,  350,  386],
        [  407,  407,  578,  325,  877,  160,  836,  889,  914,  962,  739,   82,  835,    0,  432,  854,  848,  639,  373,  201,  843,  547,  604,  868,  945,  741,  791,  579,  606,  499,  769,  669,  797,  855,  887,  905,  575,  649,  767,  876,  741,  620,  207,  769, 1073,  732,  575,  529,  269,  475,  978,  166,  167, 1094,  955,  773,  925,  680,  995,  775,  952,  154,  486,  481],
        [  200,  200,  453,  452,  836,  460,  446,  603,  942,  986,  688,  368,  584,  432,    0,  580,  502,  721,  566,  522,  802,  237,  242,  623,  857,  580,  486,  401,  260,  493,  549,  608,  427,  607,  531,  717,  688,  322,  340, 1020,  309,  431,  341,  610,  806,  929,  576,  789,  605,  452,  886,  268,  579,  944,  983,  354, 1005,  844,  995,  535, 1074,  553,  310,  221],
        [  462,  462,  315,  611,  477,  765,  295,   41,  634,  659,  399,  773,   48,  854,  580,    0,  171,  593,  683,  798,  459,  348,  346,   67,  426,  216,  105,  284,  324,  455,  120,  371,  245,   55,  198,  202,  622,  260,  467,  844,  522,  246,  654,  216,  229,  853,  455,  851,  846,  446,  439,  741,  920,  417,  662,  411,  747,  759,  634,   93,  851,  888,  368,  393],
        [  441,  441,  396,  660,  639,  788,  127,  160,  793,  822,  543,  767,  212,  848,  502,  171,    0,  716,  751,  832,  618,  303,  262,  237,  595,  356,  100,  340,  251,  538,  257,  499,   89,  225,   45,  372,  732,  200,  311,  987,  371,  316,  665,  366,  340,  977,  562,  944,  893,  517,  609,  712,  942,  582,  824,  254,  901,  882,  800,  223, 1002,  910,  386,  368],
        [  525,  525,  336,  326,  285,  481,  799,  632,  277,  325,  218,  588,  548,  639,  721,  593,  716,    0,  273,  462,  260,  577,  651,  555,  384,  379,  618,  405,  628,  232,  475,  223,  736,  554,  758,  488,   71,  607,  879,  303,  902,  412,  476,  385,  716,  262,  164,  299,  448,  272,  415,  651,  587,  571,  317,  843,  296,  167,  363,  507,  353,  562,  440,  535],
        [  401,  401,  368,  116,  538,  213,  795,  722,  550,  597,  422,  333,  647,  373,  566,  683,  751,  273,    0,  189,  507,  512,  591,  668,  623,  500,  664,  413,  576,  230,  569,  374,  739,  661,  795,  654,  205,  583,  815,  509,  818,  443,  247,  521,  864,  381,  264,  225,  188,  238,  657,  417,  316,  797,  589,  794,  553,  314,  635,  590,  582,  290,  379,  448],
        [  415,  415,  491,  193,  722,   64,  849,  836,  738,  785,  597,  191,  769,  201,  522,  798,  832,  462,  189,    0,  690,  551,  624,  796,  803,  643,  757,  515,  617,  375,  695,  539,  800,  787,  875,  805,  393,  643,  826,  679,  814,  552,  187,  668, 1000,  533,  434,  330,   85,  365,  836,  300,  133,  969,  777,  818,  737,  483,  824,  709,  757,  104,  446,  481],
        [  608,  608,  351,  519,   36,  695,  728,  489,  176,  206,  116,  778,  412,  843,  802,  459,  618,  260,  507,  690,    0,  598,  654,  401,  125,  270,  523,  410,  627,  351,  363,  196,  667,  407,  652,  290,  327,  583,  859,  403,  898,  390,  652,  254,  509,  462,  269,  557,  692,  385,  155,  813,  822,  313,  207,  811,  290,  386,  197,  397,  396,  794,  493,  585],
        [  142,  142,  256,  404,  630,  501,  299,  373,  754,  795,  489,  467,  348,  547,  237,  348,  303,  577,  512,  551,  598,    0,   80,  387,  636,  353,  261,  190,   67,  350,  313,  414,  253,  371,  341,  481,  564,  103,  309,  877,  326,  210,  373,  382,  576,  819,  415,  729,  621,  314,  663,  411,  651,  710,  793,  283,  835,  726,  795,  298,  917,  620,  141,   71],
        [  210,  210,  323,  482,  684,  571,  232,  365,  815,  855,  549,  526,  357,  604,  242,  346,  262,  651,  591,  624,  654,   80,    0,  396,  681,  397,  247,  254,   27,  427,  338,  477,  196,  380,  295,  506,  641,   88,  231,  950,  253,  265,  442,  423,  568,  896,  489,  808,  696,  392,  706,  458,  718,  736,  853,  204,  901,  803,  851,  317,  987,  687,  220,  146],
        [  488,  488,  307,  606,  417,  768,  362,   89,  575,  599,  351,  787,   39,  868,  623,   67,  237,  555,  668,  796,  401,  387,  396,    0,  361,  178,  165,  290,  372,  439,  102,  333,  310,   17,  263,  136,  589,  309,  531,  792,  585,  249,  665,  171,  206,  811,  427,  824,  839,  436,  374,  765,  922,  353,  602,  475,  690,  719,  571,   95,  795,  890,  385,  424],
        [  671,  671,  411,  624,  107,  802,  715,  449,  245,  254,  207,  876,  383,  945,  857,  426,  595,  384,  623,  803,  125,  636,  681,  361,    0,  285,  509,  457,  654,  446,  356,  278,  658,  372,  624,  230,  450,  602,  866,  500,  912,  428,  747,  259,  422,  578,  372,  681,  810,  474,   35,  900,  935,  190,  260,  814,  368,  506,  216,  387,  477,  906,  552,  637],
        [  405,  405,  163,  451,  296,  623,  460,  253,  443,  476,  188,  663,  170,  741,  580,  216,  356,  379,  500,  643,  270,  353,  397,  178,  285,    0,  258,  184,  370,  273,  101,  157,  399,  176,  394,  165,  411,  319,  591,  633,  633,  150,  534,   31,  364,  638,  250,  646,  678,  279,  311,  662,  773,  371,  476,  542,  547,  544,  463,  134,  647,  742,  287,  360],
        [  388,  388,  303,  578,  546,  717,  207,  118,  698,  728,  445,  710,  132,  791,  486,  105,  100,  618,  664,  757,  523,  261,  247,  165,  509,  258,    0,  251,  227,  445,  161,  400,  149,  150,  141,  296,  635,  165,  366,  888,  420,  223,  599,  270,  322,  879,  465,  851,  814,  427,  526,  667,  873,  518,  730,  311,  805,  783,  709,  127,  905,  841,  313,  316],
        [  221,  221,   70,  330,  442,  482,  401,  322,  564,  605,  299,  499,  259,  579,  401,  284,  340,  405,  413,  515,  410,  190,  254,  290,  457,  184,  251,    0,  229,  200,  190,  225,  340,  278,  384,  339,  406,  202,  477,  700,  505,   41,  375,  215,  495,  660,  243,  606,  566,  178,  486,  485,  637,  555,  603,  439,  648,  564,  606,  198,  734,  605,  104,  180],
        [  205,  205,  298,  469,  658,  566,  234,  344,  789,  828,  523,  527,  333,  606,  260,  324,  251,  628,  576,  617,  627,   67,   27,  372,  654,  370,  227,  229,    0,  406,  312,  452,  192,  356,  286,  480,  620,   64,  252,  927,  277,  239,  437,  396,  548,  875,  466,  792,  687,  372,  679,  464,  715,  710,  827,  221,  876,  781,  824,  292,  963,  684,  202,  136],
        [  294,  294,  143,  185,  386,  363,  600,  495,  460,  506,  242,  430,  418,  499,  493,  455,  538,  232,  230,  375,  351,  350,  427,  439,  446,  273,  445,  200,  406,    0,  340,  171,  539,  432,  582,  432,  214,  395,  657,  534,  676,  223,  302,  296,  636,  470,   88,  407,  405,   41,  480,  463,  507,  599,  501,  625,  513,  376,  526,  362,  582,  476,  210,  304],
        [  397,  397,  205,  504,  386,  667,  366,  159,  538,  568,  288,  688,   79,  769,  549,  120,  257,  475,  569,  695,  363,  313,  338,  102,  356,  101,  161,  190,  312,  340,    0,  253,  306,   93,  294,  170,  503,  254,  510,  733,  557,  150,  564,  110,  307,  736,  336,  732,  738,  336,  377,  671,  821,  399,  570,  458,  645,  642,  550,   35,  746,  789,  289,  339],
        [  412,  412,  160,  353,  231,  532,  591,  409,  340,  382,   81,  599,  326,  669,  608,  371,  499,  223,  374,  539,  196,  414,  477,  333,  278,  157,  400,  225,  452,  171,  253,    0,  528,  332,  540,  285,  257,  417,  695,  491,  728,  215,  470,  165,  507,  483,  110,  496,  559,  197,  311,  624,  672,  430,  380,  653,  425,  389,  387,  285,  516,  642,  300,  394],
        [  395,  395,  405,  639,  691,  752,   64,  241,  841,  873,  582,  718,  279,  797,  427,  245,   89,  736,  739,  800,  667,  253,  196,  310,  658,  399,  149,  340,  192,  539,  306,  528,    0,  296,  105,  443,  744,  159,  225, 1019,  284,  326,  625,  414,  428,  995,  577,  942,  867,  513,  675,  653,  903,  661,  874,  169,  944,  899,  856,  273, 1041,  872,  362,  323],
        [  473,  473,  298,  596,  424,  757,  348,   83,  582,  606,  353,  775,   23,  855,  607,   55,  225,  554,  661,  787,  407,  371,  380,   17,  372,  176,  150,  278,  356,  432,   93,  332,  296,    0,  252,  148,  586,  293,  516,  796,  570,  238,  652,  171,  219,  811,  423,  820,  830,  428,  385,  751,  912,  368,  609,  461,  696,  718,  580,   81,  801,  880,  371,  409],
        [  481,  481,  440,  703,  672,  830,  121,  179,  828,  855,  582,  806,  242,  887,  531,  198,   45,  758,  795,  875,  652,  341,  295,  263,  624,  394,  141,  384,  286,  582,  294,  540,  105,  252,    0,  397,  775,  239,  312, 1026,  374,  360,  706,  402,  338, 1019,  605,  988,  936,  561,  636,  749,  984,  599,  857,  256,  938,  924,  831,  260, 1040,  952,  429,  407],
        [  557,  557,  327,  613,  299,  787,  496,  220,  457,  476,  272,  827,  165,  905,  717,  202,  372,  488,  654,  805,  290,  481,  506,  136,  230,  165,  296,  339,  480,  432,  170,  285,  443,  148,  397,    0,  536,  420,  661,  691,  713,  300,  699,  138,  229,  732,  393,  777,  835,  441,  240,  823,  936,  230,  480,  607,  577,  645,  444,  189,  685,  905,  442,  504],
        [  496,  496,  340,  269,  353,  416,  806,  661,  346,  393,  270,  527,  578,  575,  688,  622,  732,   71,  205,  393,  327,  564,  641,  589,  450,  411,  635,  406,  620,  214,  503,  257,  744,  586,  775,  536,    0,  605,  871,  335,  889,  419,  421,  421,  761,  256,  170,  242,  377,  251,  481,  596,  517,  634,  384,  839,  353,  162,  433,  532,  396,  492,  424,  515],
        [  242,  242,  272,  482,  612,  595,  213,  281,  749,  787,  483,  568,  270,  649,  322,  260,  200,  607,  583,  643,  583,  103,   88,  309,  602,  319,  165,  202,   64,  395,  254,  417,  159,  293,  239,  420,  605,    0,  279,  901,  315,  202,  469,  344,  485,  860,  444,  792,  709,  364,  625,  513,  747,  650,  786,  238,  841,  765,  779,  231,  932,  716,  206,  169],
        [  418,  418,  547,  703,  886,  768,  192,  466, 1027, 1063,  761,  697,  497,  767,  340,  467,  311,  879,  815,  826,  859,  309,  231,  531,  866,  591,  366,  477,  252,  657,  510,  695,  225,  516,  312,  661,  871,  279,    0, 1177,   65,  480,  639,  612,  648, 1127,  716, 1035,  903,  622,  886,  605,  903,  883, 1063,   57, 1120, 1033, 1053,  480, 1210,  875,  450,  368],
        [  825,  825,  630,  598,  401,  718, 1082,  878,  260,  275,  446,  841,  796,  876, 1020,  844,  987,  303,  509,  679,  403,  877,  950,  792,  500,  633,  888,  700,  927,  534,  733,  491, 1019,  796, 1026,  691,  335,  901, 1177,    0, 1202,  701,  748,  628,  911,  168,  462,  381,  633,  574,  517,  922,  779,  676,  265, 1138,  149,  197,  333,  767,   86,  763,  742,  837],
        [  418,  418,  575,  705,  927,  754,  255,  524, 1063, 1101,  797,  674,  550,  741,  309,  522,  371,  902,  818,  814,  898,  326,  253,  585,  912,  633,  420,  505,  277,  676,  557,  728,  284,  570,  374,  713,  889,  315,   65, 1202,    0,  513,  628,  655,  710, 1144,  740, 1041,  894,  639,  933,  577,  884,  937, 1100,  119, 1152, 1051, 1094,  529, 1239,  857,  466,  377],
        [  259,  259,   81,  365,  421,  520,  388,  285,  551,  590,  285,  539,  219,  620,  431,  246,  316,  412,  443,  552,  390,  210,  265,  249,  428,  150,  223,   41,  239,  223,  150,  215,  326,  238,  360,  300,  419,  202,  480,  701,  513,    0,  416,  180,  455,  670,  252,  629,  601,  206,  456,  525,  676,  518,  589,  438,  640,  574,  587,  158,  730,  643,  143,  212],
        [  233,  233,  372,  152,  686,  130,  671,  690,  742,  790,  543,  130,  633,  207,  341,  654,  665,  476,  247,  187,  652,  373,  442,  665,  747,  534,  599,  375,  437,  302,  564,  470,  625,  652,  706,  699,  421,  469,  639,  748,  628,  416,    0,  563,  870,  627,  384,  459,  267,  273,  780,  176,  279,  891,  783,  632,  771,  556,  817,  572,  815,  247,  288,  303],
        [  436,  436,  192,  476,  278,  649,  475,  252,  428,  459,  183,  692,  169,  769,  610,  216,  366,  385,  521,  668,  254,  382,  423,  171,  259,   31,  270,  215,  396,  296,  110,  165,  414,  171,  402,  138,  421,  344,  612,  628,  655,  180,  563,    0,  346,  641,  266,  659,  700,  304,  283,  692,  799,  341,  461,  562,  536,  549,  443,  144,  638,  767,  318,  391],
        [  688,  688,  510,  808,  512,  973,  458,  205,  665,  676,  500,  993,  239, 1073,  806,  229,  340,  716,  864, 1000,  509,  576,  568,  206,  422,  364,  322,  495,  548,  636,  307,  507,  428,  219,  338,  229,  761,  485,  648,  911,  710,  455,  870,  346,    0,  959,  611, 1002, 1039,  637,  417,  967, 1127,  312,  682,  592,  788,  873,  634,  299,  897, 1095,  589,  621],
        [  743,  743,  592,  484,  472,  578, 1058,  891,  370,  400,  464,  707,  807,  732,  929,  853,  977,  262,  381,  533,  462,  819,  896,  811,  578,  638,  879,  660,  875,  470,  736,  483,  995,  811, 1019,  732,  256,  860, 1127,  168, 1144,  670,  627,  641,  959,    0,  419,  218,  478,  506,  603,  797,  623,  766,  389, 1094,  290,   96,  458,  767,  253,  609,  678,  769],
        [  376,  376,  174,  253,  303,  431,  639,  495,  372,  419,  165,  510,  413,  575,  576,  455,  562,  164,  264,  434,  269,  415,  489,  427,  372,  250,  465,  243,  466,   88,  336,  110,  577,  423,  605,  393,  170,  444,  716,  462,  740,  252,  384,  266,  611,  419,    0,  397,  450,  127,  406,  549,  567,  536,  414,  680,  430,  323,  438,  364,  505,  537,  281,  378],
        [  624,  624,  549,  340,  578,  384, 1002,  891,  526,  566,  511,  515,  810,  529,  789,  851,  944,  299,  225,  330,  557,  729,  808,  824,  681,  646,  851,  606,  792,  407,  732,  496,  942,  820,  988,  777,  242,  792, 1035,  381, 1041,  629,  459,  659, 1002,  218,  397,    0,  266,  430,  711,  616,  408,  869,  556, 1011,  479,  207,  618,  759,  465,  397,  591,  667],
        [  489,  489,  533,  237,  722,  148,  918,  885,  720,  766,  609,  272,  815,  269,  605,  846,  893,  448,  188,   85,  692,  621,  696,  839,  810,  678,  814,  566,  687,  405,  738,  559,  867,  830,  936,  835,  377,  709,  903,  633,  894,  601,  267,  700, 1039,  478,  450,  266,    0,  404,  843,  383,  148,  984,  757,  893,  705,  441,  809,  755,  714,  132,  507,  552],
        [  253,  253,  131,  173,  420,  346,  572,  486,  499,  545,  273,  403,  412,  475,  452,  446,  517,  272,  238,  365,  385,  314,  392,  436,  474,  279,  427,  178,  372,   41,  336,  197,  513,  428,  561,  441,  251,  364,  622,  574,  639,  206,  273,  304,  637,  506,  127,  430,  404,    0,  508,  429,  495,  620,  540,  592,  554,  413,  563,  354,  623,  464,  173,  265],
        [  702,  702,  442,  658,  134,  836,  731,  459,  259,  261,  241,  909,  398,  978,  886,  439,  609,  415,  657,  836,  155,  663,  706,  374,   35,  311,  526,  486,  679,  480,  377,  311,  675,  385,  636,  240,  481,  625,  886,  517,  933,  456,  780,  283,  417,  603,  406,  711,  843,  508,    0,  933,  969,  164,  268,  833,  381,  533,  217,  406,  489,  940,  583,  666],
        [  281,  281,  503,  327,  848,  238,  686,  773,  913,  961,  701,  114,  729,  166,  268,  741,  712,  651,  417,  300,  813,  411,  458,  765,  900,  662,  667,  485,  464,  463,  671,  624,  653,  751,  749,  823,  596,  513,  605,  922,  577,  525,  176,  692,  967,  797,  549,  616,  383,  429,  933,    0,  321, 1030,  955,  614,  946,  729,  985,  671,  990,  300,  383,  351],
        [  510,  510,  618,  324,  853,  156,  948,  958,  862,  908,  730,  212,  894,  167,  579,  920,  942,  587,  316,  133,  822,  651,  718,  922,  935,  773,  873,  637,  715,  507,  821,  672,  903,  912,  984,  936,  517,  747,  903,  779,  884,  676,  279,  799, 1127,  623,  567,  408,  148,  495,  969,  321,    0, 1101,  899,  902,  851,  588,  949,  833,  861,   33,  560,  581],
        [  776,  776,  528,  782,  296,  961,  708,  423,  416,  410,  375, 1021,  388, 1094,  944,  417,  582,  571,  797,  969,  313,  710,  736,  353,  190,  371,  518,  555,  710,  599,  399,  430,  661,  368,  599,  230,  634,  650,  883,  676,  937,  518,  891,  341,  312,  766,  536,  869,  984,  620,  164, 1030, 1101,    0,  419,  827,  535,  696,  358,  419,  641, 1071,  658,  727],
        [  784,  784,  539,  637,  186,  797,  935,  691,   42,   11,  305,  900,  616,  955,  983,  662,  824,  317,  589,  777,  207,  793,  853,  602,  260,  476,  730,  603,  827,  501,  570,  380,  874,  609,  857,  480,  384,  786, 1063,  265, 1100,  589,  783,  461,  682,  389,  414,  556,  757,  540,  268,  955,  899,  419,    0, 1016,  118,  351,   70,  603,  223,  876,  677,  772],
        [  405,  405,  509,  684,  838,  762,  137,  410,  981, 1016,  716,  699,  443,  773,  354,  411,  254,  843,  794,  818,  811,  283,  204,  475,  814,  542,  311,  439,  221,  625,  458,  653,  169,  461,  256,  607,  839,  238,   57, 1138,  119,  438,  632,  562,  592, 1094,  680, 1011,  893,  592,  833,  614,  902,  827, 1016,    0, 1077,  999, 1004,  428, 1168,  873,  422,  348],
        [  806,  806,  580,  620,  279,  765, 1006,  778,  123,  128,  362,  879,  700,  925, 1005,  747,  901,  296,  553,  737,  290,  835,  901,  690,  368,  547,  805,  648,  876,  513,  645,  425,  944,  696,  938,  577,  353,  841, 1120,  149, 1152,  640,  771,  536,  788,  290,  430,  479,  705,  554,  381,  946,  851,  535,  118, 1077,    0,  273,  186,  679,  110,  830,  708,  805],
        [  655,  655,  496,  408,  400,  521,  962,  797,  323,  361,  374,  646,  714,  680,  844,  759,  882,  167,  314,  483,  386,  726,  803,  719,  506,  544,  783,  564,  781,  376,  642,  389,  899,  718,  924,  645,  162,  765, 1033,  197, 1051,  574,  556,  549,  873,   96,  323,  207,  441,  413,  533,  729,  588,  696,  351,  999,  273,    0,  415,  673,  274,  570,  586,  677],
        [  798,  798,  545,  673,  167,  840,  916,  660,   93,   60,  308,  937,  589,  995,  995,  634,  800,  363,  635,  824,  197,  795,  851,  571,  216,  463,  709,  606,  824,  526,  550,  387,  856,  580,  831,  444,  433,  779, 1053,  333, 1094,  587,  817,  443,  634,  458,  438,  618,  809,  563,  217,  985,  949,  358,   70, 1004,  186,  415,    0,  583,  287,  924,  686,  780],
        [  394,  394,  223,  520,  420,  678,  333,  133,  572,  602,  322,  694,   61,  775,  535,   93,  223,  507,  590,  709,  397,  298,  317,   95,  387,  134,  127,  198,  292,  362,   35,  285,  273,   81,  260,  189,  532,  231,  480,  767,  529,  158,  572,  144,  299,  767,  364,  759,  755,  354,  406,  671,  833,  419,  603,  428,  679,  673,  583,    0,  780,  801,  290,  331],
        [  876,  876,  665,  664,  387,  793, 1104,  883,  232,  231,  460,  914,  804,  952, 1074,  851, 1002,  353,  582,  757,  396,  917,  987,  795,  477,  647,  905,  734,  963,  582,  746,  516, 1041,  801, 1040,  685,  396,  932, 1210,   86, 1239,  730,  815,  638,  897,  253,  505,  465,  714,  623,  489,  990,  861,  641,  223, 1168,  110,  274,  287,  780,    0,  843,  785,  882],
        [  479,  479,  586,  292,  825,  124,  917,  925,  838,  884,  701,  189,  862,  154,  553,  888,  910,  562,  290,  104,  794,  620,  687,  890,  906,  742,  841,  605,  684,  476,  789,  642,  872,  880,  952,  905,  492,  716,  875,  763,  857,  643,  247,  767, 1095,  609,  537,  397,  132,  464,  940,  300,   33, 1071,  876,  873,  830,  570,  924,  801,  843,    0,  528,  550],
        [  120,  120,  144,  277,  527,  405,  418,  404,  636,  680,  379,  405,  350,  486,  310,  368,  386,  440,  379,  446,  493,  141,  220,  385,  552,  287,  313,  104,  202,  210,  289,  300,  362,  371,  429,  442,  424,  206,  450,  742,  466,  143,  288,  318,  589,  678,  281,  591,  507,  173,  583,  383,  560,  658,  677,  422,  708,  586,  686,  290,  785,  528,    0,   97],
        [   74,   74,  235,  337,  618,  431,  369,  423,  732,  775,  472,  400,  386,  481,  221,  393,  368,  535,  448,  481,  585,   71,  146,  424,  637,  360,  316,  180,  136,  304,  339,  394,  323,  409,  407,  504,  515,  169,  368,  837,  377,  212,  303,  391,  621,  769,  378,  667,  552,  265,  666,  351,  581,  727,  772,  348,  805,  677,  780,  331,  882,  550,   97,    0]
    ]
}
