{
    "name": "random-44-30155",
    "comment": "size=44 seed=30155",
    "nodes": ["+0", "-0", "+1", "-1", "+2", "-2", "+3", "-3", "+4", "-4", "+5", "-5", "+6", "-6", "+7", "-7", "+8", "-8", "+9", "-9", "+10", "-10", "+11", "-11", "+12", "-12", "+13", "-13", "+14", "-14", "+15", "-15", "+16", "-16", "+17", "-17", "+18", "-18", "+19", "-19", "+20", "-20", "+21", "-21", "+22", "-22", "+23", "-23", "+24", "-24", "+25", "-25", "+26", "-26", "+27", "-27", "+28", "-28", "+29", "-29", "+30", "-30", "+31", "-31", "+32", "-32", "+33", "-33", "+34", "-34", "+35", "-35", "+36", "-36", "+37", "-37", "+38", "-38", "+39", "-39", "+40", "-40", "+41", "-41", "+42", "-42", "+43", "-43", "+44", "-44"],
    "precedence": {
        "+0": "-0",
        "+1": "-1",
        "+2": "-2",
        "+3": "-3",
        "+4": "-4",
        "+5": "-5",
        "+6": "-6",
        "+7": "-7",
        "+8": "-8",
        "+9": "-9",
        "+10": "-10",
        "+11": "-11",
        "+12": "-12",
        "+13": "-13",
        "+14": "-14",
        "+15": "-15",
        "+16": "-16",
        "+17": "-17",
        "+18": "-18",
        "+19": "-19",
        "+20": "-20",
        "+21": "-21",
        "+22": "-22",
        "+23": "-23",
        "+24": "-24",
        "+25": "-25",
        "+26": "-26",
        "+27": "-27",
        "+28": "-28",
        "+29": "-29",
        "+30": "-30",
        "+31": "-31",
        "+32": "-32",
        "+33": "-33",
        "+34": "-34",
        "+35": "-35",
        "+36": "-36",
        "+37": "-37",
        "+38": "-38",
        "+39": "-39",
        "+40": "-40",
        "+41": "-41",
        "+42": "-42",
        "+43": "-43",
        "+44": "-44"
    },
    "edges": [
        [    0,    0,   74,  825,  921,  209,  393,  172,  683,  463,  807,  164,  878,  138,  458,  828,  106,  674,  845,  777,  389,  416,  331,  517,  717,  562,  713,  554,  679,  271,  358,  515,  688,  573,  693,  747,  725,  882,  487,  870,  455,  372,  374,  910,  548,  134,  608,  720,  274,  658,  918,  917,  318,  715,  685,  615,  620,  682,  413,  898,  648,  822,   92,  161,  520,  700,  789,  732,   90,  200,  663,  148,  209,  644,  514,  760,   50,  302,  781,  255,   62,  850,  692,  233,  549,  311,  361,  994,  582,  744],
        [    0,    0,    0,    0,    0,    0,    0,    0,    0,    0,    0,    0,    0,    0,    0,    0,    0,    0,    0,    0,    0,    0,    0,    0,    0,    0,    0,    0,    0,    0,    0,    0,    0,    0,    0,    0,    0,    0,    0,    0,    0,    0,    0,    0,    0,    0,    0,    0,    0,    0,    0,    0,    0,    0,    0,    0,    0,    0,    0,    0,    0,    0,    0,    0,    0,    0,    0,    0,    0,    0,    0,    0,    0,    0,    0,    0,    0,    0,    0,    0,    0,    0,    0,    0,    0,    0,    0,    0,    0,    0],
        [   74,    0,    0,  840,  945,  204,  437,  244,  645,  530,  811,  225,  885,  171,  427,  840,  167,  650,  832,  741,  338,  487,  261,  534,  724,  636,  733,  580,  695,  285,  391,  512,  730,  640,  714,  715,  751,  846,  558,  903,  400,  301,  448,  940,  559,   62,  664,  697,  269,  607,  889,  924,  337,  758,  737,  573,  601,  718,  455,  923,  690,  845,   62,   93,  590,  729,  796,  768,  163,  252,  641,  107,  234,  678,  456,  764,  107,  264,  830,  200,   72,  818,  719,  307,  613,  382,  293, 1024,  555,  785],
        [  825,    0,  840,    0,  159,  638,  494,  857,  566,  671,  120,  707,  109,  688,  543,   32,  890,  426,  324,  556,  696,  756,  857,  309,  139,  890,  126,  286,  148,  557,  482,  357,  333,  686,  149,  510,  152,  583,  774,  241,  725,  869,  856,  212,  282,  875,  519,  417,  577,  700,  520,  131,  508,  341,  460,  601,  396,  264,  464,  146,  345,   91,  779,  906,  733,  196,   94,  257,  807,  659,  408,  752,  617,  268,  763,  136,  779,  654,  431,  747,  884,  535,  182,  842,  640,  732,  837,  265,  476,  315],
        [  921,    0,  945,  159,    0,  750,  553,  927,  725,  686,  275,  785,  235,  783,  689,  185,  973,  585,  473,  714,  838,  780,  992,  415,  292,  889,  217,  367,  263,  662,  565,  496,  311,  675,  233,  668,  196,  736,  783,  131,  872, 1007,  890,   72,  404,  987,  502,  576,  694,  858,  667,  232,  609,  304,  422,  759,  553,  267,  526,   23,  339,  104,  886, 1019,  735,  225,  252,  232,  889,  738,  567,  867,  714,  293,  914,  295,  872,  785,  361,  876,  982,  688,  230,  900,  635,  777,  975,  107,  632,  269],
        [  209,    0,  204,  638,  750,    0,  292,  326,  493,  463,  607,  197,  681,  105,  263,  637,  303,  469,  637,  582,  247,  460,  295,  336,  520,  632,  536,  389,  495,   93,  222,  309,  564,  567,  518,  548,  558,  685,  527,  719,  320,  328,  471,  751,  357,  238,  541,  515,   67,  495,  715,  720,  148,  593,  596,  433,  413,  539,  299,  728,  525,  648,  143,  270,  539,  541,  592,  589,  238,  179,  457,  117,   87,  498,  385,  560,  175,  138,  679,  168,  259,  651,  527,  359,  529,  358,  302,  834,  381,  615],
        [  393,    0,  437,  494,  553,  292,    0,  374,  640,  234,  520,  239,  576,  267,  441,  507,  425,  552,  641,  704,  509,  289,  587,  223,  428,  454,  370,  210,  353,  210,   85,  328,  296,  313,  347,  657,  363,  791,  331,  484,  575,  618,  371,  531,  275,  491,  250,  586,  275,  699,  786,  610,  169,  323,  306,  610,  484,  297,   31,  531,  256,  464,  389,  525,  315,  329,  491,  345,  343,  195,  532,  395,  216,  263,  639,  479,  343,  406,  394,  459,  454,  745,  328,  350,  266,  241,  592,  614,  503,  352],
        [  172,    0,  244,  857,  927,  326,  374,    0,  818,  351,  862,  156,  928,  223,  588,  866,   96,  786,  936,  907,  547,  279,  503,  558,  769,  402,  736,  573,  711,  348,  377,  597,  655,  455,  714,  871,  735, 1010,  346,  853,  616,  543,  211,  903,  600,  299,  532,  831,  381,  811, 1035,  965,  376,  678,  621,  757,  726,  668,  402,  904,  616,  836,  256,  321,  389,  702,  839,  714,   93,  203,  773,  310,  279,  636,  678,  817,  167,  448,  722,  419,  195,  973,  700,   70,  442,  192,  532,  985,  703,  712],
        [  683,    0,  645,  566,  725,  493,  640,  818,    0,  872,  458,  682,  523,  597,  231,  542,  786,  141,  316,   99,  321,  905,  487,  468,  439, 1080,  557,  540,  508,  493,  561,  327,  747,  951,  558,   93,  610,  203,  961,  780,  289,  473,  947,  770,  427,  638,  845,  157,  442,  144,  264,  551,  496,  772,  848,   81,  187,  680,  622,  710,  726,  638,  595,  653,  953,  631,  474,  714,  729,  650,  160,  540,  553,  648,  281,  431,  661,  383,  882,  454,  716,  184,  605,  849,  902,  819,  448,  831,  138,  770],
        [  463,    0,  530,  671,  686,  463,  234,  351,  872,    0,  723,  307,  767,  390,  664,  691,  439,  786,  865,  937,  705,   99,  744,  447,  636,  225,  549,  413,  548,  406,  311,  561,  379,  111,  526,  891,  523, 1025,  104,  583,  776,  781,  217,  643,  500,  591,  205,  819,  472,  921, 1017,  798,  383,  392,  300,  837,  718,  423,  257,  666,  347,  618,  504,  622,   82,  480,  690,  455,  381,  295,  766,  533,  377,  406,  842,  687,  424,  597,  401,  624,  514,  979,  491,  291,   92,  160,  759,  716,  735,  429],
        [  807,    0,  811,  120,  275,  607,  520,  862,  458,  723,    0,  708,   78,  672,  468,   91,  882,  319,  205,  440,  624,  799,  794,  306,   94,  947,  189,  313,  176,  536,  488,  303,  421,  753,  208,  395,  237,  464,  826,  359,  644,  801,  890,  331,  264,  839,  594,  304,  542,  596,  401,  115,  494,  435,  548,  500,  300,  348,  490,  264,  425,  208,  749,  868,  792,  278,   36,  353,  801,  660,  303,  715,  602,  340,  675,   48,  763,  598,  534,  694,  863,  416,  257,  856,  705,  760,  770,  380,  382,  415],
        [  164,    0,  225,  707,  785,  197,  239,  156,  682,  307,  708,    0,  774,   97,  452,  714,  188,  638,  782,  766,  440,  278,  444,  404,  615,  443,  588,  425,  560,  197,  226,  442,  533,  417,  566,  728,  591,  867,  348,  722,  512,  483,  275,  768,  445,  286,  444,  682,  240,  691,  887,  811,  221,  559,  522,  626,  576,  535,  263,  763,  493,  691,  198,  318,  372,  561,  685,  583,  105,   49,  623,  232,  130,  499,  577,  662,  120,  333,  619,  334,  223,  829,  557,  169,  389,  171,  464,  851,  560,  589],
        [  878,    0,  885,  109,  235,  681,  576,  928,  523,  767,   78,  774,    0,  743,  544,   81,  951,  387,  242,  495,  701,  848,  871,  371,  162,  989,  220,  366,  224,  608,  552,  380,  440,  788,  242,  453,  256,  506,  870,  340,  719,  878,  944,  300,  332,  914,  623,  367,  617,  663,  434,   39,  563,  449,  567,  570,  373,  370,  545,  229,  450,  196,  823,  943,  832,  301,   90,  365,  869,  726,  373,  790,  672,  370,  749,  124,  834,  675,  539,  771,  935,  460,  283,  918,  741,  816,  847,  335,  456,  424],
        [  138,    0,  171,  688,  783,  105,  267,  223,  597,  390,  672,   97,  743,    0,  367,  691,  213,  566,  724,  685,  344,  371,  355,  379,  581,  539,  575,  417,  541,  138,  222,  387,  560,  499,  555,  649,  588,  788,  441,  735,  416,  392,  371,  774,  412,  225,  501,  611,  159,  598,  814,  781,  181,  587,  570,  538,  507,  549,  284,  760,  520,  684,  124,  259,  460,  564,  653,  599,  138,   96,  553,  143,   71,  510,  481,  625,   92,  238,  661,  239,  199,  751,  555,  254,  465,  266,  371,  858,  481,  615],
        [  458,    0,  427,  543,  689,  263,  441,  588,  231,  664,  468,  452,  544,  367,    0,  529,  560,  227,  423,  321,  157,  687,  331,  325,  405,  863,  483,  402,  433,  268,  358,  198,  616,  753,  475,  289,  526,  425,  747,  705,  184,  335,  720,  715,  305,  431,  672,  274,  213,  258,  462,  581,  281,  644,  695,  177,  190,  562,  430,  670,  586,  588,  373,  452,  745,  531,  467,  605,  499,  423,  222,  320,  324,  524,  231,  425,  433,  165,  750,  253,  496,  393,  509,  619,  706,  596,  304,  790,  129,  653],
        [  828,    0,  840,   32,  185,  637,  507,  866,  542,  691,   91,  714,   81,  691,  529,    0,  895,  402,  293,  529,  683,  774,  848,  313,  125,  911,  143,  297,  156,  558,  490,  348,  360,  709,  166,  483,  176,  554,  794,  272,  710,  858,  872,  241,  281,  873,  543,  392,  575,  678,  489,  108,  510,  369,  487,  580,  376,  289,  476,  174,  370,  122,  779,  904,  754,  221,   69,  285,  813,  666,  385,  750,  620,  291,  746,  113,  782,  646,  461,  740,  886,  506,  204,  853,  662,  746,  827,  291,  457,  344],
        [  106,    0,  167,  890,  973,  303,  425,   96,  786,  439,  882,  188,  951,  213,  560,  895,    0,  771,  936,  880,  495,  373,  426,  583,  790,  497,  773,  610,  743,  350,  410,  600,  717,  545,  751,  848,  778,  984,  441,  909,  560,  467,  306,  955,  620,  214,  610,  817,  366,  763, 1017,  989,  389,  742,  695,  719,  715,  722,  451,  950,  677,  878,  197,  232,  483,  749,  862,  770,   84,  235,  759,  254,  282,  687,  619,  836,  129,  406,  795,  360,  105,  951,  744,  165,  530,  280,  460, 1038,  682,  774],
        [  674,    0,  650,  426,  585,  469,  552,  786,  141,  786,  319,  638,  387,  566,  227,  402,  771,    0,  206,  159,  367,  832,  544,  356,  299, 1003,  420,  421,  373,  442,  480,  225,  620,  855,  423,  109,  474,  240,  881,  641,  362,  540,  888,  630,  308,  656,  735,   48,  408,  278,  249,  417,  430,  644,  728,  185,   68,  550,  530,  570,  603,  498,  593,  678,  866,  497,  334,  581,  703,  600,   22,  543,  509,  521,  376,  291,  643,  391,  754,  479,  716,  195,  471,  806,  805,  756,  511,  691,   99,  639],
        [  845,    0,  832,  324,  473,  637,  641,  936,  316,  865,  205,  782,  242,  724,  423,  293,  936,  206,    0,  265,  571,  929,  748,  419,  251, 1090,  379,  458,  349,  590,  587,  340,  610,  913,  393,  231,  432,  265,  967,  564,  568,  745, 1004,  533,  367,  845,  766,  167,  572,  459,  197,  258,  562,  628,  734,  381,  235,  536,  613,  464,  607,  413,  772,  869,  940,  469,  237,  549,  861,  738,  204,  727,  659,  520,  580,  210,  809,  582,  731,  675,  894,  220,  444,  944,  863,  871,  716,  575,  302,  611],
        [  777,    0,  741,  556,  714,  582,  704,  907,   99,  937,  440,  766,  495,  685,  321,  529,  880,  159,  265,    0,  420,  978,  585,  514,  442, 1151,  568,  579,  524,  574,  628,  379,  776, 1010,  574,   51,  623,  105, 1030,  784,  387,  569, 1026,  765,  467,  736,  893,  144,  528,  217,  169,  518,  570,  800,  886,  179,  224,  706,  683,  702,  760,  636,  690,  752, 1018,  650,  463,  734,  819,  732,  181,  636,  637,  678,  373,  422,  753,  478,  909,  552,  812,   87,  623,  934,  960,  897,  546,  819,  208,  793],
        [  389,    0,  338,  696,  838,  247,  509,  547,  321,  705,  624,  440,  701,  344,  157,  683,  495,  367,  571,  420,    0,  707,  178,  450,  559,  879,  627,  524,  577,  303,  426,  342,  731,  806,  616,  403,  666,  523,  773,  844,   73,  179,  714,  858,  442,  322,  755,  412,  236,  270,  580,  737,  341,  761,  793,  243,  342,  686,  505,  817,  698,  736,  298,  334,  783,  665,  622,  733,  454,  426,  367,  242,  332,  646,  138,  581,  381,  110,  861,  139,  410,  502,  644,  592,  764,  605,  148,  936,  270,  774],
        [  416,    0,  487,  756,  780,  460,  289,  279,  905,   99,  799,  278,  848,  371,  687,  774,  373,  832,  929,  978,  707,    0,  721,  511,  710,  176,  632,  487,  626,  421,  352,  610,  475,  181,  609,  933,  611, 1070,   72,  679,  779,  760,  119,  739,  563,  548,  303,  869,  483,  941, 1071,  881,  410,  489,  398,  863,  765,  514,  316,  759,  442,  708,  472,  577,  111,  569,  768,  550,  328,  282,  813,  509,  377,  495,  845,  761,  384,  598,  499,  610,  459, 1026,  577,  213,  182,  108,  741,  813,  772,  526],
        [  331,    0,  261,  857,  992,  295,  587,  503,  487,  744,  794,  444,  871,  355,  331,  848,  426,  544,  748,  585,  178,  721,    0,  587,  723,  882,  777,  654,  730,  381,  514,  501,  848,  852,  764,  573,  810,  686,  792,  984,  199,   41,  699, 1005,  589,  216,  835,  589,  323,  403,  749,  908,  432,  877,  889,  407,  519,  814,  593,  971,  811,  889,  253,  211,  814,  803,  790,  863,  416,  450,  544,  213,  377,  773,  231,  749,  346,  208,  969,  129,  324,  670,  785,  562,  816,  614,   42, 1086,  447,  896],
        [  517,    0,  534,  309,  415,  336,  223,  558,  468,  447,  306,  404,  371,  379,  325,  313,  583,  356,  419,  514,  450,  511,  587,    0,  213,  671,  200,   77,  162,  250,  183,  143,  291,  504,  183,  464,  225,  590,  548,  397,  500,  607,  591,  421,   53,  573,  380,  382,  279,  560,  573,  408,  199,  320,  381,  460,  291,  238,  195,  393,  265,  313,  474,  605,  524,  217,  282,  283,  501,  356,  334,  452,  309,  199,  554,  262,  470,  379,  427,  465,  576,  542,  199,  550,  454,  459,  576,  502,  334,  328],
        [  717,    0,  724,  139,  292,  520,  428,  769,  439,  636,   94,  615,  162,  581,  405,  125,  790,  299,  251,  442,  559,  710,  723,  213,    0,  860,  131,  224,   98,  446,  395,  224,  360,  672,  143,  393,  186,  486,  739,  343,  587,  734,  798,  332,  171,  754,  519,  299,  456,  568,  439,  201,  402,  378,  483,  468,  261,  285,  398,  275,  356,  200,  662,  784,  707,  220,   73,  302,  709,  567,  279,  631,  511,  269,  624,   52,  672,  522,  484,  617,  774,  436,  195,  763,  623,  668,  702,  397,  340,  364],
        [  562,    0,  636,  890,  889,  632,  454,  402, 1080,  225,  947,  443,  989,  539,  863,  911,  497, 1003, 1090, 1151,  879,  176,  882,  671,  860,    0,  769,  638,  771,  596,  524,  780,  579,  217,  747, 1106,  740, 1242,  124,  775,  951,  921,  192,  839,  724,  695,  388, 1039,  657, 1116, 1239, 1018,  585,  586,  475, 1038,  935,  634,  479,  870,  554,  831,  629,  720,  157,  696,  914,  660,  473,  453,  983,  672,  550,  622, 1017,  911,  538,  770,  565,  776,  596, 1197,  709,  334,  255,  275,  905,  905,  946,  623],
        [  713,    0,  733,  126,  217,  536,  370,  736,  557,  549,  189,  588,  220,  575,  483,  143,  773,  420,  379,  568,  627,  632,  777,  200,  131,  769,    0,  164,   52,  450,  363,  287,  234,  569,   24,  519,   55,  616,  651,  227,  666,  794,  731,  232,  189,  773,  407,  425,  478,  678,  569,  250,  397,  249,  360,  576,  373,  159,  340,  195,  236,  113,  674,  805,  613,   91,  154,  172,  689,  539,  399,  652,  505,  152,  712,  170,  665,  570,  353,  660,  773,  566,   68,  718,  522,  607,  762,  310,  444,  234],
        [  554,    0,  580,  286,  367,  389,  210,  573,  540,  413,  313,  425,  366,  417,  402,  297,  610,  421,  458,  579,  524,  487,  654,   77,  224,  638,  164,    0,  143,  299,  200,  218,  215,  456,  142,  529,  171,  650,  516,  332,  576,  676,  578,  362,  114,  623,  317,  443,  339,  636,  625,  401,  244,  243,  309,  535,  358,  163,  180,  344,  189,  269,  522,  656,  485,  152,  283,  210,  527,  376,  399,  506,  348,  123,  631,  275,  506,  448,  350,  530,  616,  601,  139,  557,  406,  451,  646,  445,  408,  252],
        [  679,    0,  695,  148,  263,  495,  353,  711,  508,  548,  176,  560,  224,  541,  433,  156,  743,  373,  349,  524,  577,  626,  730,  162,   98,  771,   52,  143,    0,  412,  335,  236,  263,  578,   51,  474,  102,  576,  651,  278,  616,  745,  721,  283,  142,  732,  422,  381,  436,  627,  534,  258,  361,  283,  385,  525,  324,  189,  323,  242,  258,  160,  635,  764,  616,  127,  143,  211,  660,  512,  352,  611,  470,  171,  661,  146,  632,  523,  390,  614,  738,  526,  101,  698,  529,  593,  713,  359,  394,  272],
        [  271,    0,  285,  557,  662,   93,  210,  348,  493,  406,  536,  197,  608,  138,  268,  558,  350,  442,  590,  574,  303,  421,  381,  250,  446,  596,  450,  299,  412,    0,  133,  251,  472,  504,  431,  534,  468,  673,  482,  628,  372,  411,  454,  660,  278,  325,  459,  486,   68,  521,  690,  646,   56,  501,  509,  445,  380,  446,  212,  640,  433,  561,  225,  358,  485,  450,  518,  497,  272,  159,  427,  208,   70,  406,  438,  489,  227,  198,  589,  253,  329,  633,  437,  364,  461,  328,  384,  744,  366,  523],
        [  358,    0,  391,  482,  565,  222,   85,  377,  561,  311,  488,  226,  552,  222,  358,  490,  410,  480,  587,  628,  426,  352,  514,  183,  395,  524,  363,  200,  335,  133,    0,  259,  344,  396,  341,  583,  369,  719,  402,  514,  492,  543,  418,  553,  229,  440,  330,  517,  195,  615,  720,  589,   86,  373,  377,  528,  413,  328,   81,  542,  305,  468,  336,  474,  392,  343,  463,  378,  327,  177,  461,  332,  158,  289,  556,  444,  309,  325,  457,  385,  419,  674,  336,  368,  349,  285,  515,  636,  425,  397],
        [  515,    0,  512,  357,  496,  309,  328,  597,  327,  561,  303,  442,  380,  387,  198,  348,  600,  225,  340,  379,  342,  610,  501,  143,  224,  780,  287,  218,  236,  251,  259,    0,  431,  631,  278,  331,  329,  464,  657,  508,  380,  513,  673,  518,  110,  537,  519,  259,  243,  419,  461,  418,  223,  458,  524,  318,  158,  371,  305,  476,  406,  394,  450,  565,  641,  335,  293,  412,  523,  399,  205,  413,  321,  335,  428,  257,  475,  298,  567,  393,  568,  418,  312,  606,  582,  540,  481,  594,  192,  463],
        [  688,    0,  730,  333,  311,  564,  296,  655,  747,  379,  421,  533,  440,  560,  616,  360,  717,  620,  610,  776,  731,  475,  848,  291,  360,  579,  234,  215,  263,  472,  344,  431,    0,  366,  218,  725,  186,  836,  473,  206,  786,  874,  588,  265,  323,  782,  194,  635,  525,  849,  797,  462,  418,   30,  128,  748,  562,   75,  276,  292,   41,  259,  679,  816,  425,  143,  386,   81,  637,  490,  598,  676,  501,   99,  843,  402,  639,  646,  137,  720,  750,  786,  167,  618,  325,  487,  844,  340,  618,   57],
        [  573,    0,  640,  686,  675,  567,  313,  455,  951,  111,  753,  417,  788,  499,  753,  709,  545,  855,  913, 1010,  806,  181,  852,  504,  672,  217,  569,  456,  578,  504,  396,  631,  366,    0,  548,  962,  535, 1093,  136,  559,  876,  888,  292,  623,  556,  701,  173,  885,  571, 1011, 1077,  816,  475,  371,  259,  922,  788,  425,  329,  657,  344,  621,  614,  732,   78,  490,  719,  447,  490,  403,  834,  641,  481,  419,  941,  722,  534,  698,  350,  730,  623, 1045,  506,  391,   51,  267,  866,  688,  814,  407],
        [  693,    0,  714,  149,  233,  518,  347,  714,  558,  526,  208,  566,  242,  555,  475,  166,  751,  423,  393,  574,  616,  609,  764,  183,  143,  747,   24,  142,   51,  431,  341,  278,  218,  548,    0,  524,   53,  625,  629,  232,  657,  781,  708,  243,  176,  754,  387,  430,  461,  676,  581,  273,  378,  236,  343,  574,  373,  143,  317,  211,  218,  131,  655,  787,  591,   78,  173,  162,  668,  517,  402,  634,  485,  132,  705,  185,  645,  556,  342,  645,  753,  575,   52,  695,  500,  584,  749,  322,  442,  223],
        [  747,    0,  715,  510,  668,  548,  657,  871,   93,  891,  395,  728,  453,  649,  289,  483,  848,  109,  231,   51,  403,  933,  573,  464,  393, 1106,  519,  529,  474,  534,  583,  331,  725,  962,  524,    0,  573,  140,  985,  735,  378,  561,  985,  718,  417,  713,  843,   95,  491,  232,  178,  478,  528,  749,  835,  171,  175,  655,  636,  655,  710,  588,  661,  731,  971,  599,  416,  683,  785,  692,  130,  608,  598,  627,  373,  375,  720,  451,  859,  530,  784,  104,  573,  896,  912,  854,  536,  774,  169,  743],
        [  725,    0,  751,  152,  196,  558,  363,  735,  610,  523,  237,  591,  256,  588,  526,  176,  778,  474,  432,  623,  666,  611,  810,  225,  186,  740,   55,  171,  102,  468,  369,  329,  186,  535,   53,  573,    0,  671,  625,  180,  709,  829,  715,  196,  225,  793,  368,  480,  503,  729,  623,  282,  414,  199,  313,  626,  425,  114,  334,  173,  194,  101,  692,  826,  583,   45,  202,  118,  695,  543,  453,  674,  519,  118,  757,  222,  677,  603,  300,  690,  786,  621,   36,  712,  489,  596,  797,  277,  495,  180],
        [  882,    0,  846,  583,  736,  685,  791, 1010,  203, 1025,  464,  867,  506,  788,  425,  554,  984,  240,  265,  105,  523, 1070,  686,  590,  486, 1242,  616,  650,  576,  673,  719,  464,  836, 1093,  625,  140,  671,    0, 1120,  820,  487,  668, 1123,  794,  541,  841,  967,  208,  630,  301,   95,  522,  666,  857,  951,  281,  307,  763,  769,  727,  824,  669,  795,  856, 1105,  702,  492,  786,  922,  831,  260,  741,  737,  739,  468,  457,  857,  583,  966,  657,  916,   51,  676, 1035, 1042,  993,  646,  839,  308,  847],
        [  487,    0,  558,  774,  783,  527,  331,  346,  961,  104,  826,  348,  870,  441,  747,  794,  441,  881,  967, 1030,  773,   72,  792,  548,  739,  124,  651,  516,  651,  482,  402,  657,  473,  136,  629,  985,  625, 1120,    0,  675,  845,  830,  160,  736,  601,  619,  288,  916,  546, 1002, 1116,  901,  467,  484,  381,  922,  813,  522,  356,  763,  444,  718,  543,  647,   58,  581,  794,  552,  399,  350,  861,  580,  442,  507,  911,  790,  455,  664,  478,  679,  529, 1075,  593,  278,  155,  179,  811,  807,  826,  521],
        [  870,    0,  903,  241,  131,  719,  484,  853,  780,  583,  359,  722,  340,  735,  705,  272,  909,  641,  564,  784,  844,  679,  984,  397,  343,  775,  227,  332,  278,  628,  514,  508,  206,  559,  232,  735,  180,  820,  675,    0,  887, 1004,  793,   65,  403,  950,  389,  641,  670,  903,  760,  347,  573,  192,  302,  802,  598,  188,  460,  122,  242,  152,  847,  984,  623,  181,  329,  140,  827,  677,  621,  836,  670,  226,  936,  364,  820,  776,  232,  861,  931,  771,  200,  819,  523,  690,  972,  134,  670,  155],
        [  455,    0,  400,  725,  872,  320,  575,  616,  289,  776,  644,  512,  719,  416,  184,  710,  560,  362,  568,  387,   73,  779,  199,  500,  587,  951,  666,  576,  616,  372,  492,  380,  786,  876,  657,  378,  709,  487,  845,  887,    0,  184,  786,  898,  485,  377,  820,  403,  305,  212,  552,  755,  407,  816,  854,  209,  350,  738,  570,  853,  754,  772,  364,  385,  854,  711,  646,  783,  523,  498,  366,  308,  403,  698,   67,  603,  449,  182,  918,  201,  471,  472,  689,  663,  833,  677,  160,  973,  270,  827],
        [  372,    0,  301,  869, 1007,  328,  618,  543,  473,  781,  801,  483,  878,  392,  335,  858,  467,  540,  745,  569,  179,  760,   41,  607,  734,  921,  794,  676,  745,  411,  543,  513,  874,  888,  781,  561,  829,  668,  830, 1004,  184,    0,  739, 1023,  606,  255,  867,  583,  350,  380,  736,  915,  461,  903,  919,  392,  519,  837,  623,  986,  837,  904,  293,  249,  851,  823,  799,  885,  456,  487,  542,  251,  411,  796,  206,  757,  386,  229,  996,  161,  364,  655,  805,  602,  852,  653,   32, 1103,  445,  921],
        [  374,    0,  448,  856,  890,  471,  371,  211,  947,  217,  890,  275,  944,  371,  720,  872,  306,  888, 1004, 1026,  714,  119,  699,  591,  798,  192,  731,  578,  721,  454,  418,  673,  588,  292,  708,  985,  715, 1123,  160,  793,  786,  739,    0,  851,  641,  506,  421,  928,  508,  965, 1132,  978,  458,  604,  516,  896,  822,  624,  401,  869,  554,  814,  447,  530,  215,  675,  860,  661,  286,  298,  870,  493,  397,  601,  851,  849,  354,  608,  617,  601,  405, 1082,  680,  143,  299,  134,  725,  927,  819,  641],
        [  910,    0,  940,  212,   72,  751,  531,  903,  770,  643,  331,  768,  300,  774,  715,  241,  955,  630,  533,  765,  858,  739, 1005,  421,  332,  839,  232,  362,  283,  660,  553,  518,  265,  623,  243,  718,  196,  794,  736,   65,  898, 1023,  851,    0,  418,  985,  451,  625,  698,  899,  729,  300,  606,  253,  366,  798,  592,  235,  505,   71,  298,  132,  883, 1018,  686,  211,  304,  192,  872,  721,  610,  867,  707,  269,  943,  344,  861,  798,  297,  885,  972,  746,  224,  872,  585,  745,  992,   84,  668,  216],
        [  548,    0,  559,  282,  404,  357,  275,  600,  427,  500,  264,  445,  332,  412,  305,  281,  620,  308,  367,  467,  442,  563,  589,   53,  171,  724,  189,  114,  142,  278,  229,  110,  323,  556,  176,  417,  225,  541,  601,  403,  485,  606,  641,  418,    0,  594,  427,  333,  296,  527,  521,  370,  232,  350,  422,  426,  245,  261,  247,  382,  300,  301,  498,  625,  577,  227,  242,  302,  538,  397,  287,  471,  341,  226,  536,  218,  503,  382,  459,  472,  606,  492,  205,  596,  506,  509,  574,  497,  296,  353],
        [  134,    0,   62,  875,  987,  238,  491,  299,  638,  591,  839,  286,  914,  225,  431,  873,  214,  656,  845,  736,  322,  548,  216,  573,  754,  695,  773,  623,  732,  325,  440,  537,  782,  701,  754,  713,  793,  841,  619,  950,  377,  255,  506,  985,  594,    0,  723,  703,  299,  587,  889,  953,  379,  810,  793,  563,  612,  766,  507,  964,  742,  885,  104,   35,  651,  774,  826,  816,  223,  311,  650,  124,  282,  726,  427,  792,  168,  266,  885,  185,  110,  816,  762,  364,  674,  443,  253, 1068,  559,  836],
        [  608,    0,  664,  519,  502,  541,  250,  532,  845,  205,  594,  444,  623,  501,  672,  543,  610,  735,  766,  893,  755,  303,  835,  380,  519,  388,  407,  317,  422,  459,  330,  519,  194,  173,  387,  843,  368,  967,  288,  389,  820,  867,  421,  451,  427,  723,    0,  759,  524,  924,  941,  649,  415,  199,   96,  829,  670,  256,  250,  484,  174,  450,  624,  756,  236,  323,  559,  275,  539,  413,  713,  637,  461,  255,  883,  567,  562,  654,  197,  708,  666,  917,  341,  481,  135,  344,  841,  520,  709,  236],
        [  720,    0,  697,  417,  576,  515,  586,  831,  157,  819,  304,  682,  367,  611,  274,  392,  817,   48,  167,  144,  412,  869,  589,  382,  299, 1039,  425,  443,  381,  486,  517,  259,  635,  885,  430,   95,  480,  208,  916,  641,  403,  583,  928,  625,  333,  703,  759,    0,  453,  300,  205,  394,  471,  658,  747,  216,  107,  564,  563,  563,  621,  495,  640,  725,  899,  507,  324,  591,  749,  643,   59,  590,  554,  537,  414,  282,  689,  438,  767,  526,  763,  160,  480,  849,  835,  796,  555,  682,  146,  651],
        [  274,    0,  269,  577,  694,   67,  275,  381,  442,  472,  542,  240,  617,  159,  213,  575,  366,  408,  572,  528,  236,  483,  323,  279,  456,  657,  478,  339,  436,   68,  195,  243,  525,  571,  461,  491,  503,  630,  546,  670,  305,  350,  508,  698,  296,  299,  524,  453,    0,  459,  655,  655,  111,  555,  570,  388,  350,  494,  276,  672,  488,  591,  208,  330,  551,  490,  528,  544,  296,  211,  395,  176,  112,  453,  371,  495,  238,  131,  647,  195,  325,  593,  475,  407,  529,  387,  322,  780,  323,  574],
        [  658,    0,  607,  700,  858,  495,  699,  811,  144,  921,  596,  691,  663,  598,  258,  678,  763,  278,  459,  217,  270,  941,  403,  560,  568, 1116,  678,  636,  627,  521,  615,  419,  849, 1011,  676,  232,  729,  301, 1002,  903,  212,  380,  965,  899,  527,  587,  924,  300,  459,    0,  382,  692,  538,  876,  939,  103,  307,  787,  686,  842,  824,  767,  567,  596, 1002,  744,  610,  825,  718,  668,  293,  510,  569,  752,  174,  566,  646,  363,  985,  408,  679,  301,  719,  852,  964,  845,  362,  964,  234,  878],
        [  918,    0,  889,  520,  667,  715,  786, 1035,  264, 1017,  401,  887,  434,  814,  462,  489, 1017,  249,  197,  169,  580, 1071,  749,  573,  439, 1239,  569,  625,  534,  690,  720,  461,  797, 1077,  581,  178,  623,   95, 1116,  760,  552,  736, 1132,  729,  521,  889,  941,  205,  655,  382,    0,  445,  676,  816,  917,  344,  312,  722,  761,  660,  789,  609,  834,  908, 1096,  658,  433,  740,  951,  848,  264,  782,  758,  703,  541,  402,  889,  626,  922,  707,  957,   83,  633, 1054, 1027, 1000,  711,  768,  336,  802],
        [  917,    0,  924,  131,  232,  720,  610,  965,  551,  798,  115,  811,   39,  781,  581,  108,  989,  417,  258,  518,  737,  881,  908,  408,  201, 1018,  250,  401,  258,  646,  589,  418,  462,  816,  273,  478,  282,  522,  901,  347,  755,  915,  978,  300,  370,  953,  649,  394,  655,  692,  445,    0,  601,  469,  589,  601,  407,  394,  580,  230,  475,  211,  862,  982,  862,  326,  129,  385,  907,  763,  404,  829,  711,  398,  783,  162,  872,  713,  555,  809,  974,  478,  311,  954,  769,  851,  883,  326,  489,  442],
        [  318,    0,  337,  508,  609,  148,  169,  376,  496,  383,  494,  221,  563,  181,  281,  510,  389,  430,  562,  570,  341,  410,  432,  199,  402,  585,  397,  244,  361,   56,   86,  223,  418,  475,  378,  528,  414,  666,  467,  573,  407,  461,  458,  606,  232,  379,  415,  471,  111,  538,  676,  601,    0,  447,  460,  455,  365,  391,  166,  586,  380,  508,  278,  413,  464,  395,  473,  442,  308,  176,  413,  264,  110,  351,  471,  447,  272,  240,  537,  304,  377,  624,  383,  383,  430,  327,  432,  689,  363,  468],
        [  715,    0,  758,  341,  304,  593,  323,  678,  772,  392,  435,  559,  449,  587,  644,  369,  742,  644,  628,  800,  761,  489,  877,  320,  378,  586,  249,  243,  283,  501,  373,  458,   30,  371,  236,  749,  199,  857,  484,  192,  816,  903,  604,  253,  350,  810,  199,  658,  555,  876,  816,  469,  447,    0,  121,  775,  587,   95,  304,  287,   69,  262,  707,  844,  433,  159,  400,   85,  662,  517,  622,  705,  529,  125,  872,  419,  666,  676,  111,  749,  776,  807,  184,  639,  333,  506,  873,  324,  645,   38],
        [  685,    0,  737,  460,  422,  596,  306,  621,  848,  300,  548,  522,  567,  570,  695,  487,  695,  728,  734,  886,  793,  398,  889,  381,  483,  475,  360,  309,  385,  509,  377,  524,  128,  259,  343,  835,  313,  951,  381,  302,  854,  919,  516,  366,  422,  793,   96,  747,  570,  939,  917,  589,  460,  121,    0,  841,  666,  201,  297,  406,  128,  383,  692,  827,  327,  270,  513,  205,  621,  486,  706,  700,  522,  215,  915,  527,  637,  699,  103,  761,  744,  901,  292,  572,  227,  436,  891,  430,  715,  154],
        [  615,    0,  573,  601,  759,  433,  610,  757,   81,  837,  500,  626,  570,  538,  177,  580,  719,  185,  381,  179,  243,  863,  407,  460,  468, 1038,  576,  535,  525,  445,  528,  318,  748,  922,  574,  171,  626,  281,  922,  802,  209,  392,  896,  798,  426,  563,  829,  216,  388,  103,  344,  601,  455,  775,  841,    0,  207,  685,  595,  742,  724,  666,  525,  577,  918,  642,  512,  723,  666,  598,  198,  470,  500,  651,  203,  468,  596,  314,  884,  379,  644,  264,  617,  791,  875,  772,  368,  864,  132,  777],
        [  620,    0,  601,  396,  553,  413,  484,  726,  187,  718,  300,  576,  373,  507,  190,  376,  715,   68,  235,  224,  342,  765,  519,  291,  261,  935,  373,  358,  324,  380,  413,  158,  562,  788,  373,  175,  425,  307,  813,  598,  350,  519,  822,  592,  245,  612,  670,  107,  350,  307,  312,  407,  365,  587,  666,  207,    0,  494,  462,  536,  543,  460,  542,  635,  798,  445,  308,  528,  645,  537,   49,  495,  448,  463,  376,  264,  587,  348,  697,  441,  665,  262,  419,  743,  738,  690,  489,  658,   83,  584],
        [  682,    0,  718,  264,  267,  539,  297,  668,  680,  423,  348,  535,  370,  549,  562,  289,  722,  550,  536,  706,  686,  514,  814,  238,  285,  634,  159,  163,  189,  446,  328,  371,   75,  425,  143,  655,  114,  763,  522,  188,  738,  837,  624,  235,  261,  766,  256,  564,  494,  787,  722,  394,  391,   95,  201,  685,  494,    0,  272,  246,   82,  198,  663,  800,  477,   70,  312,   51,  640,  489,  529,  654,  485,   42,  792,  328,  633,  608,  204,  688,  744,  713,   92,  637,  380,  512,  806,  317,  555,   92],
        [  413,    0,  455,  464,  526,  299,   31,  402,  622,  257,  490,  263,  545,  284,  430,  476,  451,  530,  613,  683,  505,  316,  593,  195,  398,  479,  340,  180,  323,  212,   81,  305,  276,  329,  317,  636,  334,  769,  356,  460,  570,  623,  401,  505,  247,  507,  250,  563,  276,  686,  761,  580,  166,  304,  297,  595,  462,  272,    0,  503,  236,  435,  404,  541,  337,  301,  461,  321,  368,  218,  509,  406,  228,  237,  634,  449,  364,  405,  381,  464,  475,  722,  299,  379,  281,  272,  595,  588,  485,  331],
        [  898,    0,  923,  146,   23,  728,  531,  904,  710,  666,  264,  763,  229,  760,  670,  174,  950,  570,  464,  702,  817,  759,  971,  393,  275,  870,  195,  344,  242,  640,  542,  476,  292,  657,  211,  655,  173,  727,  763,  122,  853,  986,  869,   71,  382,  964,  484,  563,  672,  842,  660,  230,  586,  287,  406,  742,  536,  246,  503,    0,  319,   83,  864,  997,  715,  202,  239,  212,  866,  715,  551,  844,  692,  271,  895,  281,  849,  764,  348,  854,  959,  679,  207,  878,  616,  756,  955,  122,  614,  252],
        [  648,    0,  690,  345,  339,  525,  256,  616,  726,  347,  425,  493,  450,  520,  586,  370,  677,  603,  607,  760,  698,  442,  811,  265,  356,  554,  236,  189,  258,  433,  305,  406,   41,  344,  218,  710,  194,  824,  444,  242,  754,  837,  554,  298,  300,  742,  174,  621,  488,  824,  789,  475,  380,   69,  128,  724,  543,   82,  236,  319,    0,  278,  639,  776,  398,  150,  389,  109,  597,  450,  581,  637,  461,   88,  812,  402,  598,  611,  164,  683,  709,  774,  169,  579,  300,  449,  808,  375,  596,   97],
        [  822,    0,  845,   91,  104,  648,  464,  836,  638,  618,  208,  691,  196,  684,  588,  122,  878,  498,  413,  636,  736,  708,  889,  313,  200,  831,  113,  269,  160,  561,  468,  394,  259,  621,  131,  588,  101,  669,  718,  152,  772,  904,  814,  132,  301,  885,  450,  495,  591,  767,  609,  211,  508,  262,  383,  666,  460,  198,  435,   83,  278,    0,  785,  917,  674,  140,  178,  179,  794,  643,  479,  764,  615,  214,  815,  215,  774,  682,  345,  772,  883,  620,  137,  813,  577,  696,  873,  202,  537,  233],
        [   92,    0,   62,  779,  886,  143,  389,  256,  595,  504,  749,  198,  823,  124,  373,  779,  197,  593,  772,  690,  298,  472,  253,  474,  662,  629,  674,  522,  635,  225,  336,  450,  679,  614,  655,  661,  692,  795,  543,  847,  364,  293,  447,  883,  498,  104,  624,  640,  208,  567,  834,  862,  278,  707,  692,  525,  542,  663,  404,  864,  639,  785,    0,  138,  569,  672,  734,  713,  166,  215,  583,   57,  179,  623,  424,  702,   93,  213,  783,  165,  124,  765,  661,  311,  583,  365,  279,  966,  499,  733],
        [  161,    0,   93,  906, 1019,  270,  525,  321,  653,  622,  868,  318,  943,  259,  452,  904,  232,  678,  869,  752,  334,  577,  211,  605,  784,  720,  805,  656,  764,  358,  474,  565,  816,  732,  787,  731,  826,  856,  647,  984,  385,  249,  530, 1018,  625,   35,  756,  725,  330,  596,  908,  982,  413,  844,  827,  577,  635,  800,  541,  997,  776,  917,  138,    0,  680,  807,  856,  850,  249,  344,  672,  154,  316,  760,  431,  821,  199,  288,  919,  201,  127,  833,  795,  388,  706,  472,  250, 1101,  580,  870],
        [  520,    0,  590,  733,  735,  539,  315,  389,  953,   82,  792,  372,  832,  460,  745,  754,  483,  866,  940, 1018,  783,  111,  814,  524,  707,  157,  613,  485,  616,  485,  392,  641,  425,   78,  591,  971,  583, 1105,   58,  623,  854,  851,  215,  686,  577,  651,  236,  899,  551, 1002, 1096,  862,  464,  433,  327,  918,  798,  477,  337,  715,  398,  674,  569,  680,    0,  539,  758,  504,  434,  366,  846,  602,  453,  466,  920,  758,  484,  674,  423,  697,  566, 1058,  552,  323,  102,  209,  831,  755,  816,  470],
        [  700,    0,  729,  196,  225,  541,  329,  702,  631,  480,  278,  561,  301,  564,  531,  221,  749,  497,  469,  650,  665,  569,  803,  217,  220,  696,   91,  152,  127,  450,  343,  335,  143,  490,   78,  599,   45,  702,  581,  181,  711,  823,  675,  211,  227,  774,  323,  507,  490,  744,  658,  326,  395,  159,  270,  642,  445,   70,  301,  202,  150,  140,  672,  807,  539,    0,  243,   85,  665,  514,  476,  657,  496,   75,  762,  260,  651,  596,  264,  680,  762,  652,   27,  677,  444,  557,  792,  295,  510,  145],
        [  789,    0,  796,   94,  252,  592,  491,  839,  474,  690,   36,  685,   90,  653,  467,   69,  862,  334,  237,  463,  622,  768,  790,  282,   73,  914,  154,  283,  143,  518,  463,  293,  386,  719,  173,  416,  202,  492,  794,  329,  646,  799,  860,  304,  242,  826,  559,  324,  528,  610,  433,  129,  473,  400,  513,  512,  308,  312,  461,  239,  389,  178,  734,  856,  758,  243,    0,  318,  780,  637,  317,  702,  582,  305,  680,   45,  744,  591,  499,  686,  846,  443,  221,  830,  671,  732,  767,  358,  390,  380],
        [  732,    0,  768,  257,  232,  589,  345,  714,  714,  455,  353,  583,  365,  599,  605,  285,  770,  581,  549,  734,  733,  550,  863,  283,  302,  660,  172,  210,  211,  497,  378,  412,   81,  447,  162,  683,  118,  786,  552,  140,  783,  885,  661,  192,  302,  816,  275,  591,  544,  825,  740,  385,  442,   85,  205,  723,  528,   51,  321,  212,  109,  179,  713,  850,  504,   85,  318,    0,  688,  538,  559,  704,  535,   91,  836,  340,  682,  657,  183,  737,  794,  736,  111,  681,  405,  554,  855,  272,  591,   63],
        [   90,    0,  163,  807,  889,  238,  343,   93,  729,  381,  801,  105,  869,  138,  499,  813,   84,  703,  861,  819,  454,  328,  416,  501,  709,  473,  689,  527,  660,  272,  327,  523,  637,  490,  668,  785,  695,  922,  399,  827,  523,  456,  286,  872,  538,  223,  539,  749,  296,  718,  951,  907,  308,  662,  621,  666,  645,  640,  368,  866,  597,  794,  166,  249,  434,  665,  780,  688,    0,  152,  690,  217,  203,  604,  585,  755,   74,  356,  719,  327,  133,  887,  660,  147,  469,  226,  443,  955,  617,  693],
