{
    "name": "random-26-31772",
    "comment": "size=26 seed=31772",
    "nodes": ["+0", "-0", "+1", "-1", "+2", "-2", "+3", "-3", "+4", "-4", "+5", "-5", "+6", "-6", "+7", "-7", "+8", "-8", "+9", "-9", "+10", "-10", "+11", "-11", "+12", "-12", "+13", "-13", "+14", "-14", "+15", "-15", "+16", "-16", "+17", "-17", "+18", "-18", "+19", "-19", "+20", "-20", "+21", "-21", "+22", "-22", "+23", "-23", "+24", "-24", "+25", "-25", "+26", "-26"],
    "precedence": {
        "+0": "-0",
        "+1": "-1",
        "+2": "-2",
        "+3": "-3",
        "+4": "-4",
        "+5": "-5",
        "+6": "-6",
        "+7": "-7",
        "+8": "-8",
        "+9": "-9",
        "+10": "-10",
        "+11": "-11",
        "+12": "-12",
        "+13": "-13",
        "+14": "-14",
        "+15": "-15",
        "+16": "-16",
        "+17": "-17",
        "+18": "-18",
        "+19": "-19",
        "+20": "-20",
        "+21": "-21",
        "+22": "-22",
        "+23": "-23",
        "+24": "-24",
        "+25": "-25",
        "+26": "-26"
    },
    "edges": [
        [    0,    0,  191,  359,   27,  651,  545,  645,  683,  596,  524,  703,  570,  553,  646,  613,  575,  670,  124,  955,  865,  274,  553,   43,  557,  655,  475,  867,  460,  296,  308,  147,  864,  861,  552,  581,  727,  183,  920,  580,  155,  723,  787,  102,  378,  513,  531,  999,  601,  497,  864,  764,  482,  282],
        [    0,    0,  191,  359,   27,  651,  545,  645,  683,  596,  524,  703,  570,  553,  646,  613,  575,  670,  124,  955,  865,  274,  553,   43,  557,  655,  475,  867,  460,  296,  308,  147,  864,  861,  552,  581,  727,  183,  920,  580,  155,  723,  787,  102,  378,  513,  531,  999,  601,  497,  864,  764,  482,  282],
        [  191,  191,    0,  207,  200,  461,  473,  529,  542,  468,  484,  538,  437,  362,  472,  495,  388,  495,  165,  799,  681,   86,  405,  188,  498,  534,  422,  677,  444,  183,  135,  134,  674,  681,  374,  404,  541,  189,  734,  398,  196,  579,  622,  112,  206,  338,  371,  818,  522,  334,  699,  616,  294,  359],
        [  359,  359,  207,    0,  355,  388,  304,  634,  611,  564,  655,  345,  530,  295,  480,  600,  262,  496,  263,  598,  523,  147,  199,  335,  658,  631,  590,  590,  629,   86,   80,  341,  544,  510,  206,  232,  492,  232,  582,  240,  402,  639,  638,  311,  280,  167,  172,  779,  664,  393,  505,  668,  268,  374],
        [   27,   27,  200,  355,    0,  661,  528,  667,  704,  618,  550,  699,  591,  561,  661,  635,  580,  686,  108,  948,  867,  281,  546,   23,  582,  678,  500,  876,  486,  288,  308,  170,  868,  860,  552,  580,  739,  166,  923,  581,  181,  744,  805,  122,  393,  513,  527, 1013,  626,  514,  859,  784,  493,  257],
        [  651,  651,  461,  388,  661,    0,  623,  459,  375,  395,  626,  353,  370,  101,  186,  438,  149,  183,  604,  570,  310,  383,  386,  648,  596,  443,  570,  216,  650,  469,  378,  548,  248,  349,  245,  248,  110,  596,  339,  214,  600,  379,  308,  560,  299,  263,  332,  392,  559,  260,  453,  387,  171,  757],
        [  545,  545,  473,  304,  528,  623,    0,  936,  907,  866,  949,  378,  832,  551,  757,  903,  475,  769,  421,  527,  614,  441,  246,  506,  956,  933,  885,  783,  915,  291,  378,  594,  684,  570,  380,  385,  733,  363,  676,  415,  648,  932,  911,  547,  583,  361,  293, 1006,  966,  692,  487,  957,  551,  370],
        [  645,  645,  529,  634,  667,  459,  936,    0,  111,   72,  252,  787,  105,  449,  279,   34,  551,  293,  685, 1025,  764,  513,  754,  669,  199,   24,  236,  568,  320,  671,  567,  498,  680,  806,  629,  649,  419,  717,  781,  618,  505,  143,  278,  548,  355,  621,  697,  531,  132,  249,  907,  180,  405,  884],
        [  683,  683,  542,  611,  704,  375,  907,  111,    0,   98,  356,  718,  116,  385,  189,  114,  486,  198,  705,  944,  672,  509,  706,  702,  305,   88,  329,  463,  417,  661,  553,  538,  582,  718,  572,  588,  320,  729,  684,  555,  557,   43,  169,  583,  346,  571,  648,  423,  241,  220,  827,   85,  358,  900],
        [  596,  596,  468,  564,  618,  395,  866,   72,   98,    0,  269,  717,   35,  379,  222,   44,  481,  240,  628,  958,  703,  447,  683,  618,  223,   68,  236,  521,  325,  604,  499,  450,  624,  743,  558,  578,  365,  657,  723,  547,  465,  140,  257,  498,  287,  550,  625,  512,  171,  177,  840,  182,  334,  826],
        [  524,  524,  484,  655,  550,  626,  949,  252,  356,  269,    0,  900,  276,  579,  478,  243,  672,  500,  605, 1158,  935,  510,  822,  559,   57,  274,   66,  782,   82,  661,  576,  393,  869,  966,  725,  751,  621,  653,  964,  727,  369,  393,  523,  450,  400,  705,  770,  778,  128,  369, 1042,  431,  510,  799],
        [  703,  703,  538,  345,  699,  353,  378,  787,  718,  717,  900,    0,  687,  339,  534,  761,  237,  534,  603,  265,  237,  459,  166,  679,  885,  775,  836,  441,  899,  417,  404,  668,  317,  195,  178,  150,  449,  563,  299,  175,  730,  728,  659,  648,  504,  207,  173,  680,  865,  549,  161,  739,  394,  667],
        [  570,  570,  437,  530,  591,  370,  832,  105,  116,   35,  276,  687,    0,  349,  205,   75,  451,  225,  597,  930,  680,  414,  650,  590,  235,  102,  235,  507,  324,  571,  465,  424,  604,  718,  526,  547,  349,  625,  703,  516,  441,  158,  261,  470,  253,  517,  592,  514,  190,  144,  812,  200,  302,  795],
        [  553,  553,  362,  295,  561,  101,  551,  449,  385,  379,  579,  339,  349,    0,  211,  422,  103,  220,  504,  584,  364,  283,  328,  548,  557,  437,  519,  316,  592,  373,  279,  455,  326,  388,  190,  204,  198,  497,  405,  171,  509,  400,  360,  463,  215,  195,  271,  485,  531,  215,  467,  418,   81,  659],
        [  646,  646,  472,  480,  661,  186,  757,  279,  189,  222,  478,  534,  205,  211,    0,  263,  308,   26,  634,  755,  486,  414,  539,  654,  439,  261,  431,  304,  518,  545,  439,  515,  403,  530,  400,  411,  144,  643,  503,  378,  553,  195,  159,  545,  269,  404,  481,  357,  392,  156,  638,  208,  213,  814],
        [  613,  613,  495,  600,  635,  438,  903,   34,  114,   44,  243,  761,   75,  422,  263,    0,  525,  279,  652, 1001,  745,  479,  724,  637,  193,   44,  218,  558,  305,  637,  533,  466,  665,  786,  601,  621,  405,  683,  765,  590,  475,  152,  281,  516,  322,  591,  667,  536,  133,  218,  884,  192,  376,  851],
        [  575,  575,  388,  262,  580,  149,  475,  551,  486,  481,  672,  237,  451,  103,  308,  525,    0,  312,  506,  487,  297,  303,  239,  563,  653,  540,  610,  330,  678,  347,  275,  499,  290,  308,   97,  105,  258,  487,  348,   71,  558,  500,  448,  496,  287,  116,  184,  535,  631,  314,  370,  515,  162,  636],
        [  670,  670,  495,  496,  686,  183,  769,  293,  198,  240,  500,  534,  225,  220,   26,  279,  312,    0,  656,  750,  475,  435,  547,  678,  459,  274,  454,  283,  541,  564,  458,  540,  388,  521,  406,  417,  126,  665,  489,  383,  579,  198,  143,  570,  293,  414,  489,  331,  410,  182,  633,  206,  229,  835],
        [  124,  124,  165,  263,  108,  604,  421,  685,  705,  628,  605,  603,  597,  504,  634,  652,  506,  656,    0,  847,  783,  225,  446,   86,  630,  692,  549,  818,  550,  187,  232,  213,  795,  772,  466,  493,  693,   60,  841,  497,  250,  742,  786,  156,  369,  426,  431,  975,  663,  499,  761,  780,  445,  200],
        [  955,  955,  799,  598,  948,  570,  527, 1025,  944,  958, 1158,  265,  930,  584,  755, 1001,  487,  750,  847,    0,  304,  722,  402,  927, 1139, 1010, 1095,  571, 1160,  661,  664,  930,  417,  243,  441,  413,  641,  800,  333,  434,  993,  947,  854,  908,  766,  471,  429,  804, 1114,  799,  118,  950,  648,  875],
        [  865,  865,  681,  523,  867,  310,  614,  764,  672,  703,  935,  237,  680,  364,  486,  745,  297,  475,  783,  304,    0,  596,  387,  849,  906,  746,  877,  267,  953,  605,  559,  796,  114,   64,  318,  291,  355,  753,   64,  287,  855,  667,  562,  791,  576,  357,  369,  502,  869,  566,  206,  665,  442,  879],
        [  274,  274,   86,  147,  281,  383,  441,  513,  509,  447,  510,  459,  414,  283,  414,  479,  303,  435,  225,  722,  596,    0,  336,  266,  516,  514,  445,  598,  482,  160,   68,  209,  590,  597,  291,  321,  469,  230,  649,  314,  272,  543,  569,  196,  163,  256,  296,  750,  528,  292,  619,  577,  220,  401],
        [  553,  553,  405,  199,  546,  386,  246,  754,  706,  683,  822,  166,  650,  328,  539,  724,  239,  547,  446,  402,  387,  336,    0,  525,  816,  747,  757,  538,  807,  259,  272,  538,  444,  355,  142,  141,  495,  402,  450,  173,  600,  725,  685,  510,  425,  136,   59,  762,  810,  506,  317,  745,  350,  501],
        [   43,   43,  188,  335,   23,  648,  506,  669,  702,  618,  559,  679,  590,  548,  654,  637,  563,  678,   86,  927,  849,  266,  525,    0,  590,  679,  508,  863,  497,  266,  291,  174,  852,  841,  533,  561,  728,  144,  905,  563,  192,  742,  799,  121,  386,  494,  507, 1004,  632,  509,  838,  781,  481,  243],
        [  557,  557,  498,  658,  582,  596,  956,  199,  305,  223,   57,  885,  235,  557,  439,  193,  653,  459,  630, 1139,  906,  516,  816,  590,    0,  222,   83,  742,  136,  671,  580,  420,  836,  940,  712,  737,  583,  675,  933,  711,  403,  341,  473,  477,  391,  694,  763,  727,   72,  343, 1022,  378,  492,  826],
        [  655,  655,  534,  631,  678,  443,  933,   24,   88,   68,  274,  775,  102,  437,  261,   44,  540,  274,  692, 1010,  746,  514,  747,  679,  222,    0,  256,  547,  342,  672,  566,  508,  661,  790,  620,  638,  399,  722,  763,  607,  518,  120,  255,  558,  355,  613,  689,  508,  155,  243,  893,  157,  397,  890],
        [  475,  475,  422,  590,  500,  570,  885,  236,  329,  236,   66,  836,  235,  519,  431,  218,  610,  454,  549, 1095,  877,  445,  757,  508,   83,  256,    0,  734,   90,  598,  511,  338,  815,  906,  661,  688,  572,  595,  909,  663,  321,  369,  492,  395,  335,  640,  705,  747,  137,  311,  980,  410,  448,  745],
        [  867,  867,  677,  590,  876,  216,  783,  568,  463,  521,  782,  441,  507,  316,  304,  558,  330,  283,  818,  571,  267,  598,  538,  863,  742,  547,  734,    0,  820,  673,  589,  760,  155,  329,  411,  401,  163,  807,  251,  374,  810,  447,  321,  775,  507,  441,  495,  241,  690,  438,  469,  433,  386,  963],
        [  460,  460,  444,  629,  486,  650,  915,  320,  417,  325,   82,  899,  324,  592,  518,  305,  678,  541,  550, 1160,  953,  482,  807,  497,  136,  342,   90,  820,    0,  625,  550,  339,  896,  980,  722,  749,  658,  601,  988,  727,  306,  457,  581,  395,  395,  697,  758,  836,  206,  391, 1046,  497,  518,  739],
        [  296,  296,  183,   86,  288,  469,  291,  671,  661,  604,  661,  417,  571,  373,  545,  637,  347,  564,  187,  661,  605,  160,  259,  266,  671,  672,  598,  673,  625,    0,  109,  309,  629,  589,  289,  315,  570,  149,  666,  324,  367,  692,  703,  269,  318,  251,  246,  857,  686,  442,  574,  724,  335,  290],
        [  308,  308,  135,   80,  308,  378,  378,  567,  553,  499,  576,  404,  465,  279,  439,  533,  275,  458,  232,  664,  559,   68,  272,  291,  580,  566,  511,  589,  550,  109,    0,  268,  564,  554,  245,  274,  474,  219,  615,  273,  330,  584,  597,  245,  212,  207,  236,  760,  589,  334,  565,  616,  231,  382],
        [  147,  147,  134,  341,  170,  548,  594,  498,  538,  450,  393,  668,  424,  455,  515,  466,  499,  540,  213,  930,  796,  209,  538,  174,  420,  508,  338,  760,  339,  309,  268,    0,  777,  802,  499,  530,  611,  263,  846,  520,   63,  579,  650,   58,  255,  465,  503,  871,  459,  362,  828,  619,  377,  407],
        [  864,  864,  674,  544,  868,  248,  684,  680,  582,  624,  869,  317,  604,  326,  403,  665,  290,  388,  795,  417,  114,  590,  444,  852,  836,  661,  815,  155,  896,  629,  564,  777,    0,  177,  343,  323,  263,  773,  104,  306,  833,  573,  460,  781,  539,  380,  413,  389,  793,  506,  318,  567,  406,  913],
        [  861,  861,  681,  510,  860,  349,  570,  806,  718,  743,  966,  195,  718,  388,  530,  786,  308,  521,  772,  243,   64,  597,  355,  841,  940,  790,  906,  329,  980,  589,  554,  802,  177,    0,  309,  280,  406,  738,  114,  283,  862,  716,  616,  792,  594,  348,  347,  565,  906,  598,  143,  716,  464,  854],
        [  552,  552,  374,  206,  552,  245,  380,  629,  572,  558,  725,  178,  526,  190,  400,  601,   97,  406,  466,  441,  318,  291,  142,  533,  712,  620,  661,  411,  722,  289,  245,  499,  343,  309,    0,   31,  354,  437,  377,   38,  561,  589,  544,  486,  328,   40,   88,  627,  697,  384,  332,  607,  226,  571],
        [  581,  581,  404,  232,  580,  248,  385,  649,  588,  578,  751,  150,  547,  204,  411,  621,  105,  417,  493,  413,  291,  321,  141,  561,  737,  638,  688,  401,  749,  315,  274,  530,  323,  280,   31,    0,  356,  463,  352,   35,  591,  603,  552,  516,  355,   68,   95,  622,  720,  406,  303,  619,  248,  593],
        [  727,  727,  541,  492,  739,  110,  733,  419,  320,  365,  621,  449,  349,  198,  144,  405,  258,  126,  693,  641,  355,  469,  495,  728,  583,  399,  572,  163,  658,  570,  474,  611,  263,  406,  354,  356,    0,  691,  365,  322,  657,  313,  214,  631,  356,  373,  442,  288,  535,  277,  527,  311,  249,  855],
        [  183,  183,  189,  232,  166,  596,  363,  717,  729,  657,  653,  563,  625,  497,  643,  683,  487,  665,   60,  800,  753,  230,  402,  144,  675,  722,  595,  807,  601,  149,  219,  263,  773,  738,  437,  463,  691,    0,  813,  471,  305,  765,  798,  207,  386,  398,  394,  976,  704,  517,  719,  801,  445,  172],
        [  920,  920,  734,  582,  923,  339,  676,  781,  684,  723,  964,  299,  703,  405,  503,  765,  348,  489,  841,  333,   64,  649,  450,  905,  933,  763,  909,  251,  988,  666,  615,  846,  104,  114,  377,  352,  365,  813,    0,  344,  904,  676,  562,  844,  619,  416,  432,  473,  892,  598,  250,  670,  484,  941],
        [  580,  580,  398,  240,  581,  214,  415,  618,  555,  547,  727,  175,  516,  171,  378,  590,   71,  383,  497,  434,  287,  314,  173,  563,  711,  607,  663,  374,  727,  324,  273,  520,  306,  283,   38,   35,  322,  471,  344,    0,  581,  569,  518,  510,  333,   74,  123,  591,  692,  376,  321,  585,  220,  608],
        [  155,  155,  196,  402,  181,  600,  648,  505,  557,  465,  369,  730,  441,  509,  553,  475,  558,  579,  250,  993,  855,  272,  600,  192,  403,  518,  321,  810,  306,  367,  330,   63,  833,  862,  561,  591,  657,  305,  904,  581,    0,  599,  680,  102,  303,  526,  565,  909,  450,  398,  890,  640,  431,  434],
        [  723,  723,  579,  639,  744,  379,  932,  143,   43,  140,  393,  728,  158,  400,  195,  152,  500,  198,  742,  947,  667,  543,  725,  742,  341,  120,  369,  447,  457,  692,  584,  579,  573,  716,  589,  603,  313,  765,  676,  569,  599,    0,  138,  623,  381,  590,  667,  388,  274,  252,  830,   43,  381,  936],
        [  787,  787,  622,  638,  805,  308,  911,  278,  169,  257,  523,  659,  261,  360,  159,  281,  448,  143,  786,  854,  562,  569,  685,  799,  473,  255,  492,  321,  581,  703,  597,  650,  460,  616,  544,  552,  214,  798,  562,  518,  680,  138,    0,  686,  417,  554,  629,  256,  409,  291,  741,  115,  371,  970],
        [  102,  102,  112,  311,  122,  560,  547,  548,  583,  498,  450,  648,  470,  463,  545,  516,  496,  570,  156,  908,  791,  196,  510,  121,  477,  558,  395,  775,  395,  269,  245,   58,  781,  792,  486,  516,  631,  207,  844,  510,  102,  623,  686,    0,  279,  449,  479,  899,  514,  395,  809,  663,  389,  350],
        [  378,  378,  206,  280,  393,  299,  583,  355,  346,  287,  400,  504,  253,  215,  269,  322,  287,  293,  369,  766,  576,  163,  425,  386,  391,  355,  335,  507,  395,  318,  212,  255,  539,  594,  328,  355,  356,  386,  619,  333,  303,  381,  417,  279,    0,  306,  372,  621,  388,  131,  652,  416,  135,  558],
        [  513,  513,  338,  167,  513,  263,  361,  621,  571,  550,  705,  207,  517,  195,  404,  591,  116,  414,  426,  471,  357,  256,  136,  494,  694,  613,  640,  441,  697,  251,  207,  465,  380,  348,   40,   68,  373,  398,  416,   74,  526,  590,  554,  449,  306,    0,   78,  651,  683,  374,  365,  610,  216,  534],
        [  531,  531,  371,  172,  527,  332,  293,  697,  648,  625,  770,  173,  592,  271,  481,  667,  184,  489,  431,  429,  369,  296,   59,  507,  763,  689,  705,  495,  758,  246,  236,  503,  413,  347,   88,   95,  442,  394,  432,  123,  565,  667,  629,  479,  372,   78,    0,  714,  755,  449,  333,  687,  292,  510],
        [  999,  999,  818,  779, 1013,  392, 1006,  531,  423,  512,  778,  680,  514,  485,  357,  536,  535,  331,  975,  804,  502,  750,  762, 1004,  727,  508,  747,  241,  836,  857,  760,  871,  389,  565,  627,  622,  288,  976,  473,  591,  909,  388,  256,  899,  621,  651,  714,    0,  662,  512,  706,  356,  532, 1141],
        [  601,  601,  522,  664,  626,  559,  966,  132,  241,  171,  128,  865,  190,  531,  392,  133,  631,  410,  663, 1114,  869,  528,  810,  632,   72,  155,  137,  690,  206,  686,  589,  459,  793,  906,  697,  720,  535,  704,  892,  692,  450,  274,  409,  514,  388,  683,  755,  662,    0,  317,  997,  310,  473,  863],
        [  497,  497,  334,  393,  514,  260,  692,  249,  220,  177,  369,  549,  144,  215,  156,  218,  314,  182,  499,  799,  566,  292,  506,  509,  343,  243,  311,  438,  391,  442,  334,  362,  506,  598,  384,  406,  277,  517,  598,  376,  398,  252,  291,  395,  131,  374,  449,  512,  317,    0,  681,  285,  159,  689],
        [  864,  864,  699,  505,  859,  453,  487,  907,  827,  840, 1042,  161,  812,  467,  638,  884,  370,  633,  761,  118,  206,  619,  317,  838, 1022,  893,  980,  469, 1046,  574,  565,  828,  318,  143,  332,  303,  527,  719,  250,  321,  890,  830,  741,  809,  652,  365,  333,  706,  997,  681,    0,  835,  532,  811],
        [  764,  764,  616,  668,  784,  387,  957,  180,   85,  182,  431,  739,  200,  418,  208,  192,  515,  206,  780,  950,  665,  577,  745,  781,  378,  157,  410,  433,  497,  724,  616,  619,  567,  716,  607,  619,  311,  801,  670,  585,  640,   43,  115,  663,  416,  610,  687,  356,  310,  285,  835,    0,  406,  973],
        [  482,  482,  294,  268,  493,  171,  551,  405,  358,  334,  510,  394,  302,   81,  213,  376,  162,  229,  445,  648,  442,  220,  350,  481,  492,  397,  448,  386,  518,  335,  231,  377,  406,  464,  226,  248,  249,  445,  484,  220,  431,  381,  371,  389,  135,  216,  292,  532,  473,  159,  532,  406,    0,  612],
        [  282,  282,  359,  374,  257,  757,  370,  884,  900,  826,  799,  667,  795,  659,  814,  851,  636,  835,  200,  875,  879,  401,  501,  243,  826,  890,  745,  963,  739,  290,  382,  407,  913,  854,  571,  593,  855,  172,  941,  608,  434,  936,  970,  350,  558,  534,  510, 1141,  863,  689,  811,  973,  612,    0]
    ]
}
