{
    "name": "random-46-30103",
    "comment": "size=46 seed=30103",
    "nodes": ["+0", "-0", "+1", "-1", "+2", "-2", "+3", "-3", "+4", "-4", "+5", "-5", "+6", "-6", "+7", "-7", "+8", "-8", "+9", "-9", "+10", "-10", "+11", "-11", "+12", "-12", "+13", "-13", "+14", "-14", "+15", "-15", "+16", "-16", "+17", "-17", "+18", "-18", "+19", "-19", "+20", "-20", "+21", "-21", "+22", "-22", "+23", "-23", "+24", "-24", "+25", "-25", "+26", "-26", "+27", "-27", "+28", "-28", "+29", "-29", "+30", "-30", "+31", "-31", "+32", "-32", "+33", "-33", "+34", "-34", "+35", "-35", "+36", "-36", "+37", "-37", "+38", "-38", "+39", "-39", "+40", "-40", "+41", "-41", "+42", "-42", "+43", "-43", "+44", "-44", "+45", "-45", "+46", "-46"],
    "precedence": {
        "+0": "-0",
        "+1": "-1",
        "+2": "-2",
        "+3": "-3",
        "+4": "-4",
        "+5": "-5",
        "+6": "-6",
        "+7": "-7",
        "+8": "-8",
        "+9": "-9",
        "+10": "-10",
        "+11": "-11",
        "+12": "-12",
        "+13": "-13",
        "+14": "-14",
        "+15": "-15",
        "+16": "-16",
        "+17": "-17",
        "+18": "-18",
        "+19": "-19",
        "+20": "-20",
        "+21": "-21",
        "+22": "-22",
        "+23": "-23",
        "+24": "-24",
        "+25": "-25",
        "+26": "-26",
        "+27": "-27",
        "+28": "-28",
        "+29": "-29",
        "+30": "-30",
        "+31": "-31",
        "+32": "-32",
        "+33": "-33",
        "+34": "-34",
        "+35": "-35",
        "+36": "-36",
        "+37": "-37",
        "+38": "-38",
        "+39": "-39",
        "+40": "-40",
        "+41": "-41",
        "+42": "-42",
        "+43": "-43",
        "+44": "-44",
        "+45": "-45",
        "+46": "-46"
    },
    "edges": [
        [    0,    0,  866, 1114,  233,  233,  567,  562,  506,  385,  837,  857,  275,  201,  219,  188,  518,  671,  249,  655,  821,  928,  874,  425,  640,  756,  261,  533,  850,  808,  458,  429,  930,  408,  740,  609,  576,   97,  447,  475,  400,   48,  630,  157,  892,  511,  704,  877,  449,  954,  242,  278,  345,  475,  739,  536,  618,  862,  542,  143,  910,  836,  163, 1096,  594,  374,  893,  672,  664,  630,  778,  862,  189,  923,  432,  898,  653,  323,  319,  815,  674,  898,  856,  391, 1116,  418,  525, 1030,  361,  586,  524,  988,  956,  505],
        [    0,    0,    0,    0,    0,    0,    0,    0,    0,    0,    0,    0,    0,    0,    0,    0,    0,    0,    0,    0,    0,    0,    0,    0,    0,    0,    0,    0,    0,    0,    0,    0,    0,    0,    0,    0,    0,    0,    0,    0,    0,    0,    0,    0,    0,    0,    0,    0,    0,    0,    0,    0,    0,    0,    0,    0,    0,    0,    0,    0,    0,    0,    0,    0,    0,    0,    0,    0,    0,    0,    0,    0,    0,    0,    0,    0,    0,    0,    0,    0,    0,    0,    0,    0,    0,    0,    0,    0,    0,    0,    0,    0,    0,    0],
        [  866,    0,    0,  352,  686,  699,  303,  325,  512,  513,  596,  604,  611,  780,  649,  686,  419,  678,  682,  214,  429,  369,  558,  458,  516,  388,  606,  709,  505,  112,  590,  453,  413,  664,  302,  755,  427,  961,  541,  499,  606,  826,  611, 1022,  107,  782,  592,  194,  499,  111,  862,  640,  533,  575,  559,  558,  640,  473,  652,  777,  345,  562,  704,  320,  598,  518,  168,  239,  636,  585,  454,  370,  854,   69,  457,  103,  237,  773,  757,  245,  828,  446,  495,  736,  290,  582,  369,  165,  731,  718,  343,  135,  110,  445],
        [ 1114,    0,  352,    0,  898,  992,  603,  643,  649,  815,  521,  517,  841, 1073,  911,  927,  601,  693,  977,  523,  383,  244,  897,  691,  866,  738,  867,  787,  425,  463,  726,  751,  278,  992,  383,  798,  560, 1203,  869,  828,  766, 1082,  653, 1270,  261,  866,  943,  240,  678,  246, 1041,  935,  819,  910,  546,  900,  989,  811,  733,  998,  245,  905,  960,   34,  946,  816,  231,  580,  987,  935,  434,  307, 1145,  288,  683,  260,  568,  931,  918,  590,  844,  335,  834, 1063,  119,  741,  685,  303, 1053,  772,  627,  238,  248,  619],
        [  233,    0,  686,  898,    0,  276,  410,  426,  274,  304,  607,  626,   84,  315,  151,   87,  298,  452,  279,  488,  589,  701,  830,  228,  604,  673,  155,  325,  617,  650,  227,  313,  700,  441,  518,  408,  348,  311,  412,  420,  168,  218,  403,  380,  693,  327,  690,  665,  222,  761,  189,  273,  247,  462,  507,  518,  628,  796,  322,  100,  684,  798,  142,  883,  590,  288,  686,  532,  669,  619,  546,  633,  355,  735,  230,  701,  505,  162,  148,  692,  485,  666,  797,  462,  912,  185,  399,  850,  432,  378,  360,  796,  764,  281],
        [  233,    0,  699,  992,  276,    0,  398,  376,  481,  187,  827,  846,  242,   82,  132,  190,  444,  705,   19,  487,  764,  844,  642,  328,  408,  530,  158,  593,  811,  623,  468,  247,  857,  183,  649,  677,  519,  320,  217,  250,  414,  186,  645,  360,  746,  602,  472,  753,  405,  799,  410,   60,  174,  243,  728,  304,  390,  631,  579,  264,  821,  604,  139,  968,  363,  182,  762,  479,  436,  399,  732,  785,  156,  762,  341,  751,  468,  433,  420,  606,  758,  837,  625,  188,  972,  420,  334,  857,  158,  644,  367,  830,  800,  442],
        [  567,    0,  303,  603,  410,  398,    0,   56,  334,  215,  590,  605,  328,  480,  349,  393,  230,  571,  382,   90,  464,  497,  510,  194,  345,  320,  307,  539,  533,  244,  392,  152,  524,  394,  317,  610,  291,  663,  272,  236,  381,  526,  496,  721,  351,  596,  443,  370,  280,  401,  596,  340,  230,  321,  510,  330,  444,  448,  492,  491,  471,  491,  405,  578,  396,  218,  373,  127,  461,  401,  455,  454,  554,  365,  200,  355,   96,  529,  512,  290,  695,  523,  458,  463,  575,  363,   87,  465,  451,  569,   50,  432,  402,  253],
        [  562,    0,  325,  643,  426,  376,   56,    0,  381,  190,  645,  661,  343,  457,  345,  397,  279,  622,  359,  121,  520,  549,  461,  225,  289,  274,  306,  583,  589,  249,  434,  134,  577,  350,  371,  656,  344,  659,  227,  188,  417,  519,  547,  714,  386,  636,  387,  415,  321,  429,  614,  317,  219,  272,  565,  277,  389,  403,  538,  499,  523,  440,  401,  616,  341,  197,  414,  110,  406,  345,  511,  507,  531,  390,  234,  389,   93,  556,  539,  267,  742,  578,  411,  421,  607,  400,   44,  481,  412,  615,   88,  458,  430,  301],
        [  506,    0,  512,  649,  274,  481,  334,  381,    0,  390,  347,  366,  249,  546,  355,  333,  107,  250,  474,  369,  316,  434,  841,  183,  651,  653,  324,  209,  345,  518,   81,  350,  430,  590,  268,  276,   92,  583,  505,  490,  119,  487,  178,  653,  484,  274,  750,  432,   79,  557,  393,  446,  348,  564,  248,  601,  723,  782,  159,  371,  420,  819,  384,  638,  676,  378,  459,  452,  752,  693,  272,  365,  603,  542,  169,  492,  417,  283,  270,  610,  362,  393,  791,  638,  682,   95,  383,  664,  613,  235,  293,  593,  561,   81],
        [  385,    0,  513,  815,  304,  187,  215,  190,  390,    0,  717,  735,  228,  268,  180,  246,  319,  637,  170,  302,  626,  687,  528,  209,  301,  380,  153,  556,  683,  437,  409,   65,  706,  207,  494,  638,  397,  480,  119,  118,  369,  340,  567,  531,  565,  589,  391,  579,  312,  614,  485,  127,   58,  177,  623,  223,  342,  497,  525,  350,  663,  495,  232,  790,  299,   16,  585,  294,  378,  324,  602,  634,  341,  577,  223,  569,  282,  459,  443,  431,  725,  695,  496,  266,  790,  363,  148,  670,  248,  600,  190,  645,  615,  327],
        [  837,    0,  596,  521,  607,  827,  590,  645,  347,  717,    0,   20,  595,  892,  702,  676,  399,  208,  820,  574,  169,  284, 1081,  512,  934,  887,  670,  345,  100,  662,  380,  665,  244,  922,  305,  317,  320,  903,  824,  800,  439,  824,  214,  972,  510,  413, 1032,  419,  422,  574,  670,  789,  683,  882,  100,  907, 1027, 1007,  310,  696,  294, 1069,  728,  529,  979,  708,  453,  671, 1049,  988,  145,  241,  948,  586,  497,  519,  638,  551,  546,  793,  338,  187, 1022,  976,  609,  423,  666,  692,  953,  307,  570,  602,  579,  392],
        [  857,    0,  604,  517,  626,  846,  605,  661,  366,  735,   20,    0,  614,  912,  721,  695,  417,  224,  839,  588,  176,  283, 1094,  530,  950,  901,  689,  363,  102,  672,  400,  683,  241,  941,  316,  332,  338,  922,  841,  817,  458,  844,  233,  991,  516,  429, 1048,  424,  442,  579,  689,  808,  702,  899,  120,  924, 1043, 1019,  329,  716,  294, 1082,  747,  526,  995,  726,  458,  684, 1065, 1004,  157,  244,  967,  591,  516,  524,  652,  570,  564,  804,  350,  185, 1035,  995,  607,  443,  682,  696,  971,  323,  586,  605,  583,  410],
        [  275,    0,  611,  841,   84,  242,  328,  343,  249,  228,  595,  614,    0,  300,  111,   88,  245,  464,  240,  408,  555,  656,  752,  155,  528,  592,   93,  355,  592,  570,  227,  231,  660,  386,  467,  439,  307,  363,  341,  345,  172,  246,  405,  430,  625,  373,  617,  604,  181,  690,  272,  222,  170,  395,  495,  447,  562,  715,  338,  166,  637,  721,  135,  823,  521,  212,  622,  449,  601,  549,  516,  590,  354,  662,  160,  632,  423,  232,  216,  609,  522,  631,  716,  418,  847,  179,  316,  775,  390,  404,  279,  725,  693,  233],
        [  201,    0,  780, 1073,  315,   82,  480,  457,  546,  268,  892,  912,  300,    0,  191,  230,  517,  760,   99,  569,  838,  922,  691,  403,  461,  595,  226,  640,  882,  703,  525,  329,  934,  214,  727,  722,  591,  273,  282,  319,  468,  161,  704,  301,  828,  639,  514,  834,  472,  880,  416,  141,  255,  295,  793,  355,  423,  689,  631,  276,  900,  652,  174, 1050,  403,  263,  844,  558,  470,  441,  804,  861,   74,  844,  416,  833,  548,  460,  450,  680,  799,  912,  680,  191, 1054,  477,  414,  937,  161,  692,  449,  911,  881,  514],
        [  219,    0,  649,  911,  151,  132,  349,  345,  355,  180,  702,  721,  111,  191,    0,   73,  333,  574,  132,  437,  651,  742,  700,  224,  468,  559,   44,  462,  693,  590,  338,  214,  751,  290,  549,  546,  403,  315,  271,  288,  282,  178,  515,  374,  679,  474,  549,  671,  282,  739,  313,  122,  130,  317,  602,  375,  481,  675,  448,  173,  722,  666,   57,  890,  445,  166,  685,  455,  524,  477,  616,  680,  250,  707,  234,  685,  435,  312,  298,  603,  627,  727,  672,  313,  905,  289,  309,  812,  284,  513,  306,  772,  741,  327],
        [  188,    0,  686,  927,   87,  190,  393,  397,  333,  246,  676,  695,   88,  230,   73,    0,  332,  531,  194,  478,  642,  744,  771,  238,  540,  625,   96,  410,  677,  636,  300,  271,  748,  359,  554,  493,  394,  279,  344,  358,  242,  158,  479,  344,  706,  413,  621,  689,  268,  770,  241,  192,  193,  390,  576,  448,  553,  743,  402,  105,  725,  737,   57,  908,  518,  232,  706,  507,  596,  549,  602,  678,  276,  740,  244,  713,  484,  244,  231,  661,  571,  718,  742,  377,  930,  254,  365,  850,  347,  462,  346,  804,  772,  321],
        [  518,    0,  419,  601,  298,  444,  230,  279,  107,  319,  399,  417,  245,  517,  333,  332,    0,  345,  434,  263,  321,  412,  738,  117,  557,  549,  293,  315,  370,  415,  176,  268,  419,  524,  223,  381,   79,  605,  427,  406,  188,  490,  270,  672,  406,  378,  656,  369,   83,  477,  453,  399,  288,  486,  306,  516,  637,  677,  264,  397,  393,  718,  374,  585,  589,  310,  391,  346,  663,  603,  290,  348,  582,  457,  103,  413,  311,  356,  340,  504,  466,  395,  687,  580,  618,  163,  286,  577,  558,  340,  192,  513,  480,   28],
        [  671,    0,  678,  693,  452,  705,  571,  622,  250,  637,  208,  224,  464,  760,  574,  531,  345,    0,  702,  587,  311,  449, 1081,  432,  899,  890,  551,  146,  278,  715,  238,  599,  420,  832,  379,  110,  283,  725,  754,  739,  292,  665,   76,  793,  616,  206,  998,  536,  325,  688,  478,  680,  592,  813,  147,  850,  972, 1017,  131,  529,  450, 1061,  587,  694,  926,  624,  570,  680, 1002,  943,  261,  388,  806,  687,  418,  625,  644,  362,  360,  827,  156,  365, 1028,  875,  763,  286,  629,  806,  848,  100,  536,  720,  692,  325],
        [  249,    0,  682,  977,  279,   19,  382,  359,  474,  170,  820,  839,  240,   99,  132,  194,  434,  702,    0,  470,  754,  831,  625,  318,  391,  512,  152,  593,  802,  606,  465,  231,  846,  171,  636,  677,  510,  337,  200,  232,  412,  202,  641,  378,  731,  604,  457,  738,  398,  782,  419,   43,  159,  227,  721,  288,  377,  614,  577,  273,  809,  588,  146,  953,  348,  165,  747,  461,  422,  384,  723,  773,  172,  746,  331,  735,  451,  438,  425,  588,  758,  827,  608,  184,  956,  416,  316,  839,  153,  643,  351,  813,  783,  433],
        [  655,    0,  214,  523,  488,  487,   90,  121,  369,  302,  574,  588,  408,  569,  437,  478,  263,  587,  470,    0,  432,  441,  508,  263,  380,  314,  394,  577,  505,  163,  437,  240,  473,  470,  279,  640,  306,  751,  347,  307,  437,  614,  513,  810,  266,  641,  473,  297,  330,  312,  670,  428,  320,  390,  505,  388,  491,  436,  525,  573,  414,  495,  492,  496,  445,  306,  295,   97,  502,  443,  432,  407,  642,  276,  265,  269,   65,  595,  578,  242,  723,  481,  450,  541,  488,  416,  163,  376,  531,  599,  132,  343,  313,  290],
        [  821,    0,  429,  383,  589,  764,  464,  520,  316,  626,  169,  176,  555,  838,  651,  642,  321,  311,  754,  432,    0,  140,  933,  436,  805,  741,  613,  411,   78,  501,  380,  567,  119,  831,  153,  416,  249,  899,  721,  691,  432,  799,  273,  969,  342,  488,  901,  251,  374,  406,  697,  718,  603,  776,  165,  793,  908,  855,  360,  687,  140,  924,  688,  384,  860,  619,  285,  526,  924,  864,   53,   79,  901,  417,  424,  350,  496,  580,  570,  635,  464,   77,  872,  891,  456,  409,  547,  525,  871,  391,  455,  434,  411,  325],
        [  928,    0,  369,  244,  701,  844,  497,  549,  434,  687,  284,  283,  656,  922,  742,  744,  412,  449,  831,  441,  140,    0,  913,  520,  819,  728,  701,  549,  185,  463,  505,  623,   47,  885,  195,  555,  353, 1011,  767,  732,  552,  902,  412, 1080,  266,  627,  910,  176,  480,  315,  824,  793,  675,  818,  303,  825,  932,  831,  497,  800,   27,  910,  785,  248,  885,  683,  204,  526,  942,  883,  192,   70,  989,  337,  509,  273,  502,  708,  697,  603,  601,   98,  850,  950,  326,  528,  583,  427,  934,  530,  502,  336,  319,  424],
        [  874,    0,  558,  897,  830,  642,  510,  461,  841,  528, 1081, 1094,  752,  691,  700,  771,  738, 1081,  625,  508,  933,  913,    0,  676,  235,  194,  679, 1041, 1009,  453,  890,  526,  953,  479,  781, 1115,  800,  959,  432,  413,  867,  827, 1006,  991,  664, 1090,  185,  742,  778,  654, 1011,  600,  584,  399, 1011,  338,  287,   87,  997,  872,  887,   41,  746,  864,  291,  543,  722,  411,  245,  253,  938,  896,  746,  614,  687,  661,  445,  983,  966,  314, 1201,  973,   64,  526,  807,  853,  462,  613,  545, 1074,  548,  660,  652,  761],
        [  425,    0,  458,  691,  228,  328,  194,  225,  183,  209,  512,  530,  155,  403,  224,  238,  117,  432,  318,  263,  436,  520,  676,    0,  474,  496,  182,  367,  486,  426,  216,  167,  531,  412,  326,  445,  195,  516,  323,  308,  193,  392,  361,  581,  470,  414,  572,  452,  108,  536,  408,  283,  172,  382,  416,  419,  541,  625,  328,  321,  499,  651,  270,  672,  494,  198,  469,  320,  571,  513,  406,  459,  470,  508,   15,  477,  289,  336,  318,  483,  532,  510,  631,  465,  693,  178,  215,  623,  442,  405,  144,  570,  538,  121],
        [  640,    0,  516,  866,  604,  408,  345,  289,  651,  301,  934,  950,  528,  461,  468,  540,  557,  899,  391,  380,  805,  819,  235,  474,    0,  165,  450,  840,  876,  406,  689,  312,  852,  254,  654,  919,  628,  727,  198,  184,  658,  593,  825,  761,  609,  881,  100,  665,  581,  625,  781,  366,  358,  167,  852,  106,  126,  230,  802,  640,  792,  199,  512,  835,   92,  317,  655,  295,  124,   70,  799,  786,  521,  583,  487,  609,  318,  760,  744,  305, 1006,  859,  219,  312,  800,  648,  272,  627,  326,  879,  368,  644,  624,  575],
        [  756,    0,  388,  738,  673,  530,  320,  274,  653,  380,  887,  901,  592,  595,  559,  625,  549,  890,  512,  314,  741,  728,  194,  496,  165,    0,  530,  857,  816,  278,  707,  361,  766,  403,  589,  929,  608,  848,  314,  281,  689,  709,  815,  890,  490,  910,  212,  561,  595,  493,  860,  479,  433,  307,  817,  256,  285,  129,  811,  729,  702,  184,  611,  705,  256,  394,  544,  217,  266,  229,  745,  707,  661,  451,  506,  488,  251,  817,  800,  152, 1014,  784,  139,  468,  660,  673,  283,  477,  477,  888,  361,  506,  491,  573],
        [  261,    0,  606,  867,  155,  158,  307,  306,  324,  153,  670,  689,   93,  226,   44,   96,  293,  551,  152,  394,  613,  701,  679,  182,  450,  530,    0,  446,  657,  549,  314,  177,  711,  294,  507,  530,  365,  357,  257,  267,  262,  221,  489,  417,  635,  465,  535,  628,  248,  695,  333,  131,   98,  308,  571,  363,  474,  649,  427,  200,  680,  646,   98,  847,  435,  137,  642,  416,  515,  465,  578,  639,  289,  663,  193,  641,  395,  316,  300,  567,  614,  688,  648,  327,  861,  265,  272,  769,  299,  495,  263,  729,  697,  289],
        [  533,    0,  709,  787,  325,  593,  539,  583,  209,  556,  345,  363,  355,  640,  462,  410,  315,  146,  593,  577,  411,  549, 1041,  367,  840,  857,  446,    0,  398,  724,  152,  530,  528,  738,  432,   85,  283,  583,  675,  667,  188,  532,  140,  650,  666,   79,  937,  599,  263,  740,  333,  577,  505,  733,  264,  778,  898,  986,   58,  392,  544, 1017,  466,  783,  853,  542,  631,  660,  932,  875,  358,  481,  679,  732,  355,  675,  625,  218,  218,  818,  169,  476,  993,  773,  842,  194,  580,  854,  744,   54,  496,  775,  744,  289],
        [  850,    0,  505,  425,  617,  811,  533,  589,  345,  683,  100,  102,  592,  882,  693,  677,  370,  278,  802,  505,   78,  185, 1009,  486,  876,  816,  657,  398,    0,  578,  397,  627,  147,  889,  228,  388,  293,  923,  783,  755,  453,  831,  259,  993,  415,  473,  973,  323,  412,  477,  706,  769,  657,  840,  136,  859,  976,  932,  353,  712,  194,  999,  726,  432,  928,  676,  357,  601,  994,  934,   82,  142,  943,  490,  473,  423,  570,  587,  579,  712,  423,   90,  948,  948,  510,  433,  614,  594,  927,  369,  520,  504,  482,  370],
        [  808,    0,  112,  463,  650,  623,  244,  249,  518,  437,  662,  672,  570,  703,  590,  636,  415,  715,  606,  163,  501,  463,  453,  426,  406,  278,  549,  724,  578,    0,  591,  382,  505,  569,  358,  780,  444,  904,  448,  405,  596,  766,  643,  961,  214,  792,  481,  290,  488,  220,  833,  564,  466,  476,  611,  454,  531,  369,  669,  733,  437,  454,  646,  430,  490,  445,  269,  146,  526,  475,  517,  453,  776,  177,  428,  211,  157,  756,  739,  141,  859,  530,  390,  641,  395,  574,  290,  238,  638,  740,  291,  239,  219,  443],
        [  458,    0,  590,  726,  227,  468,  392,  434,   81,  409,  380,  400,  227,  525,  338,  300,  176,  238,  465,  437,  380,  505,  890,  216,  689,  707,  314,  152,  397,  591,    0,  380,  496,  598,  347,  231,  172,  527,  528,  518,   59,  445,  180,  597,  564,  205,  786,  512,  113,  638,  319,  443,  360,  586,  281,  629,  750,  836,  117,  317,  493,  866,  354,  716,  705,  395,  539,  515,  783,  725,  332,  435,  575,  622,  204,  573,  481,  205,  193,  676,  318,  455,  843,  639,  762,   49,  429,  745,  611,  191,  347,  674,  641,  149],
        [  429,    0,  453,  751,  313,  247,  152,  134,  350,   65,  665,  683,  231,  329,  214,  271,  268,  599,  231,  240,  567,  623,  526,  167,  312,  361,  177,  530,  627,  382,  380,    0,  644,  265,  432,  610,  346,  525,  160,  141,  347,  386,  527,  580,  501,  570,  407,  514,  275,  552,  500,  188,   85,  218,  574,  252,  374,  485,  494,  375,  599,  497,  269,  726,  328,   67,  520,  243,  405,  346,  546,  571,  402,  515,  181,  505,  226,  459,  442,  391,  697,  634,  487,  328,  726,  337,   96,  612,  311,  570,  125,  583,  553,  280],
        [  930,    0,  413,  278,  700,  857,  524,  577,  430,  706,  244,  241,  660,  934,  751,  748,  419,  420,  846,  473,  119,   47,  953,  531,  852,  766,  711,  528,  147,  505,  496,  644,    0,  907,  212,  528,  355, 1011,  791,  758,  546,  906,  389, 1080,  311,  605,  944,  220,  481,  361,  814,  808,  691,  844,  273,  853,  962,  871,  478,  799,   69,  949,  792,  286,  915,  702,  249,  561,  974,  915,  171,   73, 1000,  383,  519,  318,  535,  697,  687,  644,  568,   58,  890,  971,  367,  523,  610,  473,  954,  505,  525,  382,  366,  428],
        [  408,    0,  664,  992,  441,  183,  394,  350,  590,  207,  922,  941,  386,  214,  290,  359,  524,  832,  171,  470,  831,  885,  479,  412,  254,  403,  294,  738,  889,  569,  598,  265,  907,    0,  695,  822,  603,  486,  124,  166,  551,  363,  765,  514,  734,  758,  300,  763,  511,  772,  590,  168,  242,   99,  828,  150,  210,  483,  714,  444,  860,  439,  315,  965,  190,  215,  764,  426,  257,  228,  808,  835,  268,  732,  427,  737,  429,  602,  588,  513,  906,  898,  472,   73,  952,  550,  309,  807,   75,  785,  383,  799,  773,  532],
        [  740,    0,  302,  383,  518,  649,  317,  371,  268,  494,  305,  316,  467,  727,  549,  554,  223,  379,  636,  279,  153,  195,  781,  326,  654,  589,  507,  432,  228,  358,  347,  432,  212,  695,    0,  465,  178,  826,  581,  548,  384,  712,  317,  894,  238,  509,  750,  169,  297,  312,  659,  598,  480,  634,  257,  646,  759,  705,  375,  618,  174,  772,  593,  371,  711,  490,  199,  374,  774,  714,  160,  140,  795,  309,  316,  247,  343,  550,  537,  488,  532,  207,  721,  759,  417,  359,  401,  428,  742,  430,  314,  346,  316,  238],
        [  609,    0,  755,  798,  408,  677,  610,  656,  276,  638,  317,  332,  439,  722,  546,  493,  381,  110,  677,  640,  416,  555, 1115,  445,  919,  929,  530,   85,  388,  780,  231,  610,  528,  822,  465,    0,  337,  652,  757,  748,  272,  610,  150,  718,  703,  108, 1016,  629,  339,  776,  396,  661,  587,  815,  255,  859,  979, 1057,  119,  470,  554, 1092,  549,  798,  935,  624,  662,  727, 1013,  956,  364,  491,  760,  772,  433,  712,  692,  288,  291,  882,   87,  473, 1066,  857,  863,  276,  656,  892,  828,   42,  569,  810,  781,  357],
        [  576,    0,  427,  560,  348,  519,  291,  344,   92,  397,  320,  338,  307,  591,  403,  394,   79,  283,  510,  306,  249,  353,  800,  195,  628,  608,  365,  283,  293,  444,  172,  346,  355,  603,  178,  337,    0,  658,  505,  482,  207,  552,  208,  727,  394,  355,  727,  341,  127,  468,  481,  476,  366,  563,  229,  592,  712,  734,  227,  447,  337,  781,  440,  548,  664,  388,  368,  397,  737,  677,  214,  286,  653,  454,  181,  402,  362,  373,  360,  547,  418,  325,  746,  658,  591,  181,  356,  577,  636,  297,  260,  503,  471,   77],
        [   97,    0,  961, 1203,  311,  320,  663,  659,  583,  480,  903,  922,  363,  273,  315,  279,  605,  725,  337,  751,  899, 1011,  959,  516,  727,  848,  357,  583,  923,  904,  527,  525, 1011,  486,  826,  652,  658,    0,  536,  567,  471,  141,  692,   70,  985,  549,  785,  967,  532, 1048,  262,  369,  441,  561,  806,  622,  695,  951,  599,  212,  994,  921,  259, 1186,  675,  469,  985,  768,  742,  712,  854,  943,  238, 1017,  522,  991,  749,  365,  366,  911,  710,  975,  944,  460, 1209,  491,  621, 1125,  432,  634,  619, 1082, 1050,  589],
        [  447,    0,  541,  869,  412,  217,  272,  227,  505,  119,  824,  841,  341,  282,  271,  344,  427,  754,  200,  347,  721,  767,  432,  323,  198,  314,  257,  675,  783,  448,  528,  160,  791,  124,  581,  757,  505,  536,    0,   43,  488,  400,  683,  576,  610,  707,  279,  641,  429,  649,  584,  170,  173,   60,  733,  107,  223,  416,  643,  443,  742,  396,  315,  841,  181,  134,  641,  304,  261,  209,  702,  720,  350,  608,  337,  613,  305,  571,  555,  404,  843,  786,  410,  196,  828,  482,  187,  686,  191,  718,  268,  676,  649,  439],
        [  475,    0,  499,  828,  420,  250,  236,  188,  490,  118,  800,  817,  345,  319,  288,  358,  406,  739,  232,  307,  691,  732,  413,  308,  184,  281,  267,  667,  755,  405,  518,  141,  758,  166,  548,  748,  482,  567,   43,    0,  482,  428,  667,  610,  570,  704,  274,  602,  415,  607,  599,  198,  175,   87,  710,  112,  234,  389,  633,  460,  706,  380,  335,  800,  188,  134,  601,  261,  265,  208,  675,  687,  389,  566,  321,  572,  263,  577,  561,  363,  835,  754,  386,  238,  786,  474,  149,  643,  234,  709,  236,  633,  607,  420],
        [  400,    0,  606,  766,  168,  414,  381,  417,  119,  369,  439,  458,  172,  468,  282,  242,  188,  292,  412,  437,  432,  552,  867,  193,  658,  689,  262,  188,  453,  596,   59,  347,  546,  551,  384,  272,  207,  471,  488,  482,    0,  386,  238,  540,  590,  224,  753,  545,  109,  662,  275,  392,  317,  545,  340,  591,  711,  817,  166,  260,  538,  840,  297,  755,  667,  355,  570,  507,  746,  690,  385,  483,  517,  643,  184,  598,  474,  170,  155,  670,  357,  507,  823,  588,  796,   26,  407,  764,  560,  235,  333,  698,  666,  162],
        [   48,    0,  826, 1082,  218,  186,  526,  519,  487,  340,  824,  844,  246,  161,  178,  158,  490,  665,  202,  614,  799,  902,  827,  392,  593,  709,  221,  532,  831,  766,  445,  386,  906,  363,  712,  610,  552,  141,  400,  428,  386,    0,  620,  196,  855,  517,  658,  843,  425,  916,  264,  231,  301,  428,  725,  490,  573,  815,  536,  141,  883,  789,  124, 1063,  548,  328,  859,  628,  619,  584,  758,  836,  162,  884,  400,  861,  610,  329,  323,  770,  680,  875,  809,  350, 1081,  402,  481,  989,  319,  585,  484,  949,  918,  479],
        [  630,    0,  611,  653,  403,  645,  496,  547,  178,  567,  214,  233,  405,  704,  515,  479,  270,   76,  641,  513,  273,  412, 1006,  361,  825,  815,  489,  140,  259,  643,  180,  527,  389,  765,  317,  150,  208,  692,  683,  667,  238,  620,    0,  761,  555,  216,  924,  480,  255,  628,  457,  616,  524,  742,  125,  778,  900,  942,   97,  488,  409,  986,  534,  652,  853,  555,  513,  605,  929,  869,  221,  346,  754,  624,  346,  564,  570,  338,  332,  753,  218,  337,  953,  811,  715,  227,  555,  744,  784,  119,  461,  661,  632,  250],
        [  157,    0, 1022, 1270,  380,  360,  721,  714,  653,  531,  972,  991,  430,  301,  374,  344,  672,  793,  378,  810,  969, 1080,  991,  581,  761,  890,  417,  650,  993,  961,  597,  580, 1080,  514,  894,  718,  727,   70,  576,  610,  540,  196,  761,    0, 1049,  614,  813, 1033,  601, 1110,  324,  414,  496,  595,  875,  655,  719,  988,  668,  282, 1063,  952,  319, 1252,  703,  521, 1050,  822,  766,  741,  924, 1012,  250, 1079,  588, 1055,  805,  432,  433,  961,  773, 1045,  979,  478, 1273,  561,  675, 1185,  453,  701,  679, 1144, 1112,  658],
        [  892,    0,  107,  261,  693,  746,  351,  386,  484,  565,  510,  516,  625,  828,  679,  706,  406,  616,  731,  266,  342,  266,  664,  470,  609,  490,  635,  666,  415,  214,  564,  501,  311,  734,  238,  703,  394,  985,  610,  570,  590,  855,  555, 1049,    0,  743,  690,   94,  488,   75,  858,  688,  575,  650,  486,  640,  731,  579,  609,  789,  243,  667,  732,  232,  687,  567,   63,  320,  731,  677,  375,  276,  901,   76,  466,   10,  308,  759,  744,  351,  770,  349,  601,  805,  227,  565,  428,  190,  797,  668,  380,  110,   79,  430],
        [  511,    0,  782,  866,  327,  602,  596,  636,  274,  589,  413,  429,  373,  639,  474,  413,  378,  206,  604,  641,  488,  627, 1090,  414,  881,  910,  465,   79,  473,  792,  205,  570,  605,  758,  509,  108,  355,  549,  707,  704,  224,  517,  216,  614,  743,    0,  976,  677,  317,  817,  290,  593,  534,  763,  338,  812,  930, 1038,  135,  376,  622, 1064,  468,  862,  887,  574,  708,  720,  967,  911,  436,  560,  671,  807,  404,  752,  685,  189,  194,  880,  164,  553, 1045,  787,  921,  237,  629,  929,  757,  107,  551,  852,  821,  351],
        [  704,    0,  592,  943,  690,  472,  443,  387,  750,  391, 1032, 1048,  617,  514,  549,  621,  656,  998,  457,  473,  901,  910,  185,  572,  100,  212,  535,  937,  973,  481,  786,  407,  944,  300,  750, 1016,  727,  785,  279,  274,  753,  658,  924,  813,  690,  976,    0,  751,  679,  699,  862,  438,  447,  234,  951,  174,  103,  217,  899,  718,  883,  145,  589,  911,  111,  406,  739,  384,   64,   74,  896,  879,  566,  657,  585,  689,  410,  848,  832,  363, 1103,  954,  198,  342,  870,  744,  371,  688,  363,  976,  467,  714,  698,  674],
        [  877,    0,  194,  240,  665,  753,  370,  415,  432,  579,  419,  424,  604,  834,  671,  689,  369,  536,  738,  297,  251,  176,  742,  452,  665,  561,  628,  599,  323,  290,  512,  514,  220,  763,  169,  629,  341,  967,  641,  602,  545,  843,  480, 1033,   94,  677,  751,    0,  449,  156,  818,  697,  580,  686,  401,  684,  783,  658,  543,  764,  151,  741,  721,  220,  737,  579,   35,  371,  788,  732,  287,  183,  906,  168,  445,  102,  351,  713,  699,  430,  691,  256,  679,  832,  251,  519,  455,  275,  820,  596,  390,  186,  161,  390],
        [  449,    0,  499,  678,  222,  405,  280,  321,   79,  312,  422,  442,  181,  472,  282,  268,   83,  325,  398,  330,  374,  480,  778,  108,  581,  595,  248,  263,  412,  488,  113,  275,  481,  511,  297,  339,  127,  532,  429,  415,  109,  425,  255,  601,  488,  317,  679,  449,    0,  559,  371,  368,  269,  488,  324,  526,  648,  724,  221,  322,  462,  755,  315,  664,  602,  300,  472,  404,  679,  620,  335,  413,  531,  538,   95,  496,  371,  275,  259,  566,  426,  451,  731,  559,  699,   86,  318,  659,  534,  298,  235,  595,  562,   60],
        [  954,    0,  111,  246,  761,  799,  401,  429,  557,  614,  574,  579,  690,  880,  739,  770,  477,  688,  782,  312,  406,  315,  654,  536,  625,  493,  695,  740,  477,  220,  638,  552,  361,  772,  312,  776,  468, 1048,  649,  607,  662,  916,  628, 1110,   75,  817,  699,  156,  559,    0,  928,  740,  629,  684,  556,  668,  750,  568,  683,  855,  294,  661,  792,  213,  708,  618,  122,  349,  745,  695,  443,  336,  954,   43,  532,   66,  344,  832,  816,  345,  842,  405,  591,  844,  180,  637,  472,  119,  838,  742,  436,   36,    5,  501],
        [  242,    0,  862, 1041,  189,  410,  596,  614,  393,  485,  670,  689,  272,  416,  313,  241,  453,  478,  419,  670,  697,  824, 1011,  408,  781,  860,  333,  333,  706,  833,  319,  500,  814,  590,  659,  396,  481,  262,  584,  599,  275,  264,  457,  324,  858,  290,  862,  818,  371,  928,    0,  428,  429,  629,  579,  688,  791,  980,  361,  147,  811,  978,  276, 1029,  757,  469,  842,  719,  835,  789,  647,  754,  425,  906,  407,  866,  691,  120,  128,  880,  449,  771,  980,  595, 1069,  301,  588, 1024,  563,  383,  546,  964,  931,  430],
        [  278,    0,  640,  935,  273,   60,  340,  317,  446,  127,  789,  808,  222,  141,  122,  192,  399,  680,   43,  428,  718,  793,  600,  283,  366,  479,  131,  577,  769,  564,  443,  188,  808,  168,  598,  661,  476,  369,  170,  198,  392,  231,  616,  414,  688,  593,  438,  697,  368,  740,  428,    0,  119,  205,  691,  266,  364,  585,  557,  282,  770,  564,  152,  912,  331,  122,  705,  420,  408,  365,  688,  735,  215,  703,  296,  693,  408,  434,  420,  549,  744,  790,  579,  197,  914,  394,  274,  797,  169,  625,  309,  771,  741,  401],
        [  345,    0,  533,  819,  247,  174,  230,  219,  348,   58,  683,  702,  170,  255,  130,  193,  288,  592,  159,  320,  603,  675,  584,  172,  358,  433,   98,  505,  657,  466,  360,   85,  691,  242,  480,  587,  366,  441,  173,  175,  317,  301,  524,  496,  575,  534,  447,  580,  269,  629,  429,  119,    0,  229,  587,  279,  396,  552,  476,  297,  652,  552,  186,  795,  354,   42,  589,  328,  433,  380,  576,  618,  327,  594,  187,  580,  310,  402,  386,  474,  673,  675,  552,  293,  801,  313,  181,  694,  271,  549,  195,  661,  631,  292],
        [  475,    0,  575,  910,  462,  243,  321,  272,  564,  177,  882,  899,  395,  295,  317,  390,  486,  813,  227,  390,  776,  818,  399,  382,  167,  307,  308,  733,  840,  476,  586,  218,  844,   99,  634,  815,  563,  561,   60,   87,  545,  428,  742,  595,  650,  763,  234,  686,  488,  684,  629,  205,  229,    0,  791,   62,  168,  394,  702,  485,  792,  362,  356,  881,  129,  191,  684,  336,  208,  161,  759,  773,  357,  643,  396,  652,  343,  623,  607,  415,  901,  840,  385,  169,  863,  540,  235,  713,  173,  777,  321,  709,  684,  498],
        [  739,    0,  559,  546,  507,  728,  510,  565,  248,  623,  100,  120,  495,  793,  602,  576,  306,  147,  721,  505,  165,  303, 1011,  416,  852,  817,  571,  264,  136,  611,  281,  574,  273,  828,  257,  255,  229,  806,  733,  710,  340,  725,  125,  875,  486,  338,  951,  401,  324,  556,  579,  691,  587,  791,    0,  820,  940,  940,  221,  598,  304,  996,  628,  548,  892,  613,  435,  601,  964,  903,  117,  242,  848,  560,  402,  495,  567,  459,  453,  735,  299,  219,  954,  880,  619,  323,  581,  674,  856,  234,  485,  586,  560,  296],
        [  536,    0,  558,  900,  518,  304,  330,  277,  601,  223,  907,  924,  447,  355,  375,  448,  516,  850,  288,  388,  793,  825,  338,  419,  106,  256,  363,  778,  859,  454,  629,  252,  853,  150,  646,  859,  592,  622,  107,  112,  591,  490,  778,  655,  640,  812,  174,  684,  526,  668,  688,  266,  279,   62,  820,    0,  122,  335,  744,  545,  799,  300,  416,  871,   76,  238,  679,  321,  155,  102,  780,  783,  415,  626,  433,  641,  334,  677,  661,  377,  946,  853,  325,  212,  846,  584,  246,  687,  223,  820,  340,  690,  667,  531],
        [  618,    0,  640,  989,  628,  390,  444,  389,  723,  342, 1027, 1043,  562,  423,  481,  553,  637,  972,  377,  491,  908,  932,  287,  541,  126,  285,  474,  898,  976,  531,  750,  374,  962,  210,  759,  979,  712,  695,  223,  234,  711,  573,  900,  719,  731,  930,  103,  783,  648,  750,  791,  364,  396,  168,  940,  122,    0,  316,  865,  646,  905,  247,  515,  958,   49,  357,  774,  413,   48,   57,  897,  894,  470,  707,  555,  731,  433,  789,  774,  429, 1066,  966,  298,  244,  925,  705,  362,  752,  267,  940,  457,  769,  749,  652],
        [  862,    0,  473,  811,  796,  631,  448,  403,  782,  497, 1007, 1019,  715,  689,  675,  743,  677, 1017,  614,  436,  855,  831,   87,  625,  230,  129,  649,  986,  932,  369,  836,  485,  871,  483,  705, 1057,  734,  951,  416,  389,  817,  815,  942,  988,  579, 1038,  217,  658,  724,  568,  980,  585,  552,  394,  940,  335,  316,    0,  939,  846,  805,  103,  724,  777,  306,  512,  637,  340,  281,  270,  863,  816,  750,  528,  635,  576,  375,  943,  926,  229, 1143,  893,   25,  539,  721,  802,  411,  527,  554, 1016,  490,  574,  565,  701],
        [  542,    0,  652,  733,  322,  579,  492,  538,  159,  525,  310,  329,  338,  631,  448,  402,  264,  131,  577,  525,  360,  497,  997,  328,  802,  811,  427,   58,  353,  669,  117,  494,  478,  714,  375,  119,  227,  599,  643,  633,  166,  536,   97,  668,  609,  135,  899,  543,  221,  683,  361,  557,  476,  702,  221,  744,  865,  939,    0,  400,  490,  974,  458,  729,  820,  511,  574,  610,  898,  840,  307,  428,  676,  675,  315,  618,  575,  242,  237,  767,  205,  428,  948,  753,  786,  164,  537,  797,  725,   78,  450,  718,  687,  239],
        [  143,    0,  777,  998,  100,  264,  491,  499,  371,  350,  696,  716,  166,  276,  173,  105,  397,  529,  273,  573,  687,  800,  872,  321,  640,  729,  200,  392,  712,  733,  317,  375,  799,  444,  618,  470,  447,  212,  443,  460,  260,  141,  488,  282,  789,  376,  718,  764,  322,  855,  147,  282,  297,  485,  598,  545,  646,  846,  400,    0,  784,  838,  131,  982,  613,  335,  784,  608,  690,  646,  643,  732,  298,  828,  324,  796,  584,  189,  182,  763,  539,  764,  844,  450, 1010,  280,  468,  941,  419,  446,  443,  890,  858,  380],
        [  910,    0,  345,  245,  684,  821,  471,  523,  420,  663,  294,  294,  637,  900,  722,  725,  393,  450,  809,  414,  140,   27,  887,  499,  792,  702,  680,  544,  194,  437,  493,  599,   69,  860,  174,  554,  337,  994,  742,  706,  538,  883,  409, 1063,  243,  622,  883,  151,  462,  294,  811,  770,  652,  792,  304,  799,  905,  805,  490,  784,    0,  884,  765,  245,  858,  659,  180,  500,  915,  857,  190,   63,  968,  315,  488,  249,  475,  697,  685,  577,  603,  112,  824,  926,  318,  514,  558,  408,  910,  527,  477,  317,  299,  406],
        [  836,    0,  562,  905,  798,  604,  491,  440,  819,  495, 1069, 1082,  721,  652,  666,  737,  718, 1061,  588,  495,  924,  910,   41,  651,  199,  184,  646, 1017,  999,  454,  866,  497,  949,  439,  772, 1092,  781,  921,  396,  380,  840,  789,  986,  952,  667, 1064,  145,  741,  755,  661,  978,  564,  552,  362,  996,  300,  247,  103,  974,  838,  884,    0,  711,  872,  251,  511,  723,  399,  204,  213,  927,  890,  706,  620,  662,  664,  431,  952,  936,  317, 1179,  967,   78,  485,  819,  828,  437,  626,  505, 1051,  526,  669,  659,  739],
        [  163,    0,  704,  960,  142,  139,  405,  401,  384,  232,  728,  747,  135,  174,   57,   57,  374,  587,  146,  492,  688,  785,  746,  270,  512,  611,   98,  466,  726,  646,  354,  269,  792,  315,  593,  549,  440,  259,  315,  335,  297,  124,  534,  319,  732,  468,  589,  721,  315,  792,  276,  152,  186,  356,  628,  416,  515,  724,  458,  131,  765,  711,    0,  940,  483,  219,  736,  511,  560,  516,  650,  721,  221,  761,  279,  738,  491,  295,  283,  659,  627,  764,  721,  327,  957,  308,  365,  867,  296,  518,  361,  826,  794,  365],
        [ 1096,    0,  320,   34,  883,  968,  578,  616,  638,  790,  529,  526,  823, 1050,  890,  908,  585,  694,  953,  496,  384,  248,  864,  672,  835,  705,  847,  783,  432,  430,  716,  726,  286,  965,  371,  798,  548, 1186,  841,  800,  755, 1063,  652, 1252,  232,  862,  911,  220,  664,  213, 1029,  912,  795,  881,  548,  871,  958,  777,  729,  982,  245,  872,  940,    0,  915,  791,  207,  550,  956,  904,  435,  307, 1122,  255,  664,  230,  539,  920,  907,  557,  847,  343,  800, 1036,   92,  729,  658,  269, 1026,  770,  603,  204,  215,  605],
        [  594,    0,  598,  946,  590,  363,  396,  341,  676,  299,  979,  995,  521,  403,  445,  518,  589,  926,  348,  445,  860,  885,  291,  494,   92,  256,  435,  853,  928,  490,  705,  328,  915,  190,  711,  935,  664,  675,  181,  188,  667,  548,  853,  703,  687,  887,  111,  737,  602,  708,  757,  331,  354,  129,  892,   76,   49,  306,  820,  613,  858,  251,  483,  915,    0,  314,  730,  369,   80,   39,  848,  846,  456,  666,  508,  688,  387,  751,  735,  395, 1021,  918,  292,  236,  885,  660,  314,  716,  255,  896,  409,  728,  707,  605],
        [  374,    0,  518,  816,  288,  182,  218,  197,  378,   16,  708,  726,  212,  263,  166,  232,  310,  624,  165,  306,  619,  683,  543,  198,  317,  394,  137,  542,  676,  445,  395,   67,  702,  215,  490,  624,  388,  469,  134,  134,  355,  328,  555,  521,  567,  574,  406,  579,  300,  618,  469,  122,   42,  191,  613,  238,  357,  512,  511,  335,  659,  511,  219,  791,  314,    0,  586,  303,  393,  339,  595,  629,  337,  581,  212,  572,  289,  444,  427,  442,  711,  689,  511,  273,  792,  349,  155,  677,  253,  586,  190,  649,  619,  317],
