{
    "name": "random-37-15460",
    "comment": "size=37 seed=15460",
    "nodes": ["+0", "-0", "+1", "-1", "+2", "-2", "+3", "-3", "+4", "-4", "+5", "-5", "+6", "-6", "+7", "-7", "+8", "-8", "+9", "-9", "+10", "-10", "+11", "-11", "+12", "-12", "+13", "-13", "+14", "-14", "+15", "-15", "+16", "-16", "+17", "-17", "+18", "-18", "+19", "-19", "+20", "-20", "+21", "-21", "+22", "-22", "+23", "-23", "+24", "-24", "+25", "-25", "+26", "-26", "+27", "-27", "+28", "-28", "+29", "-29", "+30", "-30", "+31", "-31", "+32", "-32", "+33", "-33", "+34", "-34", "+35", "-35", "+36", "-36", "+37", "-37"],
    "precedence": {
        "+0": "-0",
        "+1": "-1",
        "+2": "-2",
        "+3": "-3",
        "+4": "-4",
        "+5": "-5",
        "+6": "-6",
        "+7": "-7",
        "+8": "-8",
        "+9": "-9",
        "+10": "-10",
        "+11": "-11",
        "+12": "-12",
        "+13": "-13",
        "+14": "-14",
        "+15": "-15",
        "+16": "-16",
        "+17": "-17",
        "+18": "-18",
        "+19": "-19",
        "+20": "-20",
        "+21": "-21",
        "+22": "-22",
        "+23": "-23",
        "+24": "-24",
        "+25": "-25",
        "+26": "-26",
        "+27": "-27",
        "+28": "-28",
        "+29": "-29",
        "+30": "-30",
        "+31": "-31",
        "+32": "-32",
        "+33": "-33",
        "+34": "-34",
        "+35": "-35",
        "+36": "-36",
        "+37": "-37"
    },
    "edges": [
        [    0,    0,  199,  778,  829,  822,  973,  390,  597,  412,  550,  584,  530,  181,  516,  240,  568,  202,  568,  484,  708,  494,  305,  961,  457,  306,  795,  645,  918,  693,  644,  632,  889,  595,  451,  202,  997,  886,  612,  738,  409,  655,  124,  207,  447,  234,  744,  818,  751,  202,  261,  944,  531,  249,  523,  688,  759,  177,  369,  358,  869,  278,  561,  146,  568,  439,  176,  370,  440,  927,  611,  535,  205,  110,  674,  766],
        [    0,    0,  199,  778,  829,  822,  973,  390,  597,  412,  550,  584,  530,  181,  516,  240,  568,  202,  568,  484,  708,  494,  305,  961,  457,  306,  795,  645,  918,  693,  644,  632,  889,  595,  451,  202,  997,  886,  612,  738,  409,  655,  124,  207,  447,  234,  744,  818,  751,  202,  261,  944,  531,  249,  523,  688,  759,  177,  369,  358,  869,  278,  561,  146,  568,  439,  176,  370,  440,  927,  611,  535,  205,  110,  674,  766],
        [  199,  199,    0,  965, 1019,  992, 1166,  496,  759,  543,  743,  754,  699,  336,  715,  437,  762,  394,  758,  664,  836,  693,  419, 1155,  655,  479,  967,  735, 1108,  891,  813,  726, 1088,  789,  580,  399, 1189, 1083,  758,  924,  587,  828,   78,  360,  596,   64,  943, 1016,  879,  202,  420, 1133,  651,  278,  619,  887,  907,   63,  546,  491, 1058,  457,  730,   56,  741,  560,   47,  518,  617, 1124,  713,  733,  206,   94,  867,  933],
        [  778,  778,  965,    0,  577,  169,  225,  586,  279,  507,  241,  685,  686,  763,  369,  546,  235,  577,  213,  304,  429,  376,  610,  233,  388,  490,  151,  594,  151,  349,  214,  581,  292,  212,  836,  620,  235,  445,  818,  583,  381,  182,  898,  762,  428, 1010,  251,  367,  430,  946,  556,  172,  490,  782,  576,  312,  321,  955,  644,  536,  102,  509,  690,  919,  251,  522,  952,  763,  355,  263,  548,  299,  826,  872,  131,  762],
        [  829,  829, 1019,  577,    0,  745,  552,  909,  738,  845,  496,  316,  363,  693,  377,  633,  470,  690,  530,  626,  941,  398,  875,  515,  436,  710,  723, 1051,  577,  243,  703, 1035,  352,  465,  557,  631,  594,  185,  418,  102,  657,  677,  942,  673,  784, 1031,  326,  223,  958,  887,  770,  599,  906,  989,  977,  280,  866,  976,  479,  835,  563,  700,  339,  963,  672,  879,  983,  552,  659,  424,  998,  425,  991,  937,  485,  247],
        [  822,  822,  992,  169,  745,    0,  334,  551,  238,  478,  346,  829,  824,  842,  499,  610,  352,  626,  306,  342,  306,  500,  598,  356,  501,  517,   30,  490,  253,  512,  180,  479,  453,  337,  955,  694,  322,  613,  959,  746,  414,  167,  933,  845,  407, 1044,  419,  535,  294, 1006,  573,  259,  422,  772,  504,  475,  181,  993,  757,  519,  225,  544,  831,  952,  254,  480,  987,  874,  382,  412,  452,  423,  827,  903,  274,  921],
        [  973,  973, 1166,  225,  552,  334,    0,  810,  503,  731,  423,  755,  773,  930,  498,  734,  406,  773,  410,  518,  633,  514,  831,   39,  540,  700,  333,  809,   82,  392,  436,  796,  201,  379,  949,  797,   43,  376,  888,  596,  593,  406, 1095,  924,  652, 1206,  284,  332,  626, 1124,  769,   78,  713, 1000,  799,  366,  513, 1149,  775,  757,  124,  716,  767, 1117,  475,  746, 1148,  892,  570,  129,  765,  449, 1040, 1072,  300,  781],
        [  390,  390,  496,  586,  909,  551,  810,    0,  319,   80,  447,  782,  742,  516,  532,  336,  474,  295,  433,  312,  342,  512,   85,  813,  474,  208,  531,  256,  736,  692,  385,  243,  810,  494,  755,  407,  819,  884,  865,  846,  258,  411,  460,  535,  158,  557,  683,  798,  386,  590,  174,  755,  157,  233,  134,  668,  428,  519,  590,   75,  688,  229,  767,  472,  336,   73,  507,  659,  265,  817,  223,  494,  299,  423,  539,  950],
        [  597,  597,  759,  279,  738,  238,  503,  319,    0,  243,  248,  728,  708,  643,  400,  407,  271,  411,  210,  154,  206,  391,  361,  511,  373,  292,  215,  329,  425,  496,   68,  314,  542,  274,  801,  496,  507,  658,  845,  707,  202,   97,  703,  650,  170,  813,  444,  571,  231,  789,  341,  442,  212,  536,  298,  462,  178,  763,  603,  283,  379,  322,  723,  721,   69,  250,  756,  711,  171,  531,  279,  329,  590,  671,  275,  858],
        [  412,  412,  543,  507,  845,  478,  731,   80,  243,    0,  373,  739,  703,  514,  469,  308,  401,  278,  357,  237,  297,  450,  126,  734,  415,  168,  457,  258,  657,  623,  308,  242,  733,  419,  735,  390,  740,  812,  831,  787,  189,  333,  498,  530,   79,  602,  608,  726,  341,  614,  162,  677,  121,  297,  147,  596,  367,  558,  558,   55,  609,  197,  726,  513,  257,   39,  549,  640,  192,  738,  213,  425,  357,  462,  461,  901],
        [  550,  550,  743,  241,  496,  346,  423,  447,  248,  373,    0,  495,  483,  523,  160,  312,   29,  350,   43,  138,  453,  157,  441,  413,  155,  289,  318,  557,  370,  258,  227,  540,  370,   50,  609,  381,  448,  440,  620,  460,  194,  210,  672,  521,  301,  783,  237,  354,  476,  708,  359,  397,  414,  597,  491,  228,  401,  727,  413,  379,  322,  299,  494,  694,  179,  402,  725,  531,  182,  390,  504,   84,  628,  650,  125,  614],
        [  584,  584,  754,  685,  316,  829,  755,  782,  728,  739,  495,    0,   56,  419,  335,  453,  481,  505,  537,  580,  928,  340,  724,  724,  355,  575,  802,  985,  749,  364,  720,  968,  576,  494,  242,  410,  795,  462,  135,  215,  572,  704,  680,  395,  702,  755,  474,  447,  958,  596,  615,  776,  833,  790,  884,  393,  893,  703,  217,  710,  717,  553,   26,  700,  660,  777,  713,  249,  589,  645,  933,  412,  773,  684,  559,  183],
        [  530,  530,  699,  686,  363,  824,  773,  742,  708,  703,  483,   56,    0,  364,  326,  410,  473,  460,  525,  557,  905,  326,  681,  743,  336,  537,  796,  952,  761,  382,  705,  936,  601,  488,  197,  361,  812,  499,  138,  262,  542,  691,  625,  340,  670,  699,  489,  475,  936,  541,  573,  788,  801,  741,  849,  407,  877,  647,  166,  671,  726,  513,   32,  645,  642,  741,  657,  194,  562,  667,  901,  402,  722,  630,  558,  237],
        [  181,  181,  336,  763,  693,  842,  930,  516,  643,  514,  523,  419,  364,    0,  438,  237,  533,  241,  553,  503,  792,  420,  435,  912,  391,  365,  813,  767,  888,  599,  674,  752,  814,  559,  270,  148,  961,  777,  433,  595,  442,  677,  262,   26,  524,  340,  672,  721,  833,  202,  352,  915,  633,  424,  647,  603,  818,  286,  215,  465,  841,  332,  395,  282,  597,  548,  295,  190,  473,  862,  726,  482,  385,  269,  643,  599],
        [  516,  516,  715,  369,  377,  499,  498,  532,  400,  469,  160,  335,  326,  438,    0,  285,  148,  339,  203,  263,  604,   24,  502,  477,   64,  336,  471,  688,  466,  181,  387,  671,  378,  163,  468,  319,  532,  378,  462,  321,  282,  370,  639,  430,  412,  743,  234,  304,  631,  637,  399,  494,  539,  629,  605,  172,  560,  686,  281,  459,  424,  329,  334,  661,  332,  504,  688,  399,  288,  425,  635,   78,  642,  624,  239,  459],
        [  240,  240,  437,  546,  633,  610,  734,  336,  407,  308,  312,  453,  410,  237,  285,    0,  329,   58,  334,  268,  564,  262,  272,  721,  223,  142,  581,  565,  682,  465,  439,  550,  652,  356,  428,   91,  760,  662,  530,  553,  206,  444,  363,  245,  299,  473,  507,  589,  604,  401,  164,  708,  421,  357,  452,  456,  583,  416,  254,  269,  633,  112,  436,  385,  362,  346,  416,  332,  237,  687,  519,  296,  361,  344,  436,  628],
        [  568,  568,  762,  235,  470,  352,  406,  474,  271,  401,   29,  481,  473,  533,  148,  329,    0,  369,   62,  166,  475,  148,  468,  394,  154,  313,  324,  583,  357,  231,  246,  567,  344,   28,  606,  393,  433,  412,  609,  437,  221,  226,  690,  530,  329,  801,  210,  326,  497,  721,  384,  384,  442,  622,  519,  200,  418,  744,  412,  407,  309,  322,  481,  712,  203,  430,  743,  530,  210,  367,  530,   71,  651,  669,  111,  594],
        [  202,  202,  394,  577,  690,  626,  773,  295,  411,  278,  350,  505,  460,  241,  339,   58,  369,    0,  367,  285,  552,  316,  224,  762,  276,  125,  599,  535,  717,  519,  451,  520,  700,  396,  461,  113,  797,  716,  575,  610,  214,  459,  323,  254,  283,  434,  556,  642,  593,  381,  122,  743,  396,  300,  418,  508,  583,  379,  300,  233,  667,   92,  487,  344,  374,  315,  376,  366,  245,  732,  491,  344,  305,  300,  474,  682],
        [  568,  568,  758,  213,  530,  306,  410,  433,  210,  357,   43,  537,  525,  553,  203,  334,   62,  367,    0,  122,  414,  200,  436,  403,  196,  292,  277,  526,  350,  289,  186,  510,  377,   67,  649,  408,  431,  463,  663,  499,  189,  168,  689,  553,  282,  801,  254,  375,  436,  733,  362,  376,  388,  597,  467,  256,  359,  745,  452,  369,  301,  307,  536,  710,  143,  383,  743,  569,  172,  389,  473,  126,  633,  665,  113,  654],
        [  484,  484,  664,  304,  626,  342,  518,  312,  154,  237,  138,  580,  557,  503,  263,  268,  166,  285,  122,    0,  348,  250,  317,  515,  226,  187,  315,  427,  452,  394,  173,  410,  498,  183,  648,  355,  535,  578,  694,  582,   78,  176,  600,  508,  164,  712,  372,  491,  379,  665,  253,  475,  280,  483,  354,  365,  330,  658,  450,  248,  402,  208,  574,  620,   96,  265,  654,  559,   53,  509,  373,  203,  523,  572,  230,  720],
        [  708,  708,  836,  429,  941,  306,  633,  342,  206,  297,  453,  928,  905,  792,  604,  564,  475,  552,  414,  348,    0,  594,  418,  652,  573,  428,  302,  189,  552,  698,  240,  181,  716,  477,  981,  654,  626,  849, 1041,  912,  372,  270,  794,  805,  269,  896,  636,  763,   44,  909,  451,  561,  186,  574,  241,  663,  128,  854,  788,  351,  516,  461,  922,  808,  274,  276,  844,  888,  347,  692,  162,  534,  641,  758,  465, 1063],
        [  494,  494,  693,  376,  398,  500,  514,  512,  391,  450,  157,  340,  326,  420,   24,  262,  148,  316,  200,  250,  594,    0,  480,  494,   41,  314,  472,  672,  479,  204,  381,  656,  399,  167,  461,  298,  547,  401,  464,  338,  263,  366,  616,  412,  395,  722,  254,  327,  621,  618,  377,  507,  522,  606,  587,  195,  554,  664,  270,  438,  436,  307,  337,  639,  323,  486,  666,  389,  271,  444,  619,   79,  619,  602,  246,  471],
        [  305,  305,  419,  610,  875,  598,  831,   85,  361,  126,  441,  724,  681,  435,  502,  272,  468,  224,  436,  317,  418,  480,    0,  830,  440,  167,  575,  341,  761,  672,  423,  328,  810,  490,  680,  335,  844,  867,  799,  806,  248,  445,  378,  454,  192,  479,  676,  784,  461,  505,  110,  782,  234,  175,  219,  651,  492,  438,  524,   79,  711,  178,  708,  392,  363,  142,  427,  585,  265,  824,  307,  475,  232,  342,  546,  897],
        [  961,  961, 1155,  233,  515,  356,   39,  813,  511,  734,  413,  724,  743,  912,  477,  721,  394,  762,  403,  515,  652,  494,  830,    0,  521,  694,  353,  824,  104,  361,  446,  811,  163,  367,  922,  781,   80,  338,  857,  561,  589,  415, 1083,  905,  655, 1194,  256,  296,  646, 1107,  764,  109,  723,  997,  808,  337,  533, 1137,  751,  758,  137,  708,  736, 1105,  478,  751, 1136,  867,  567,   92,  779,  432, 1035, 1062,  291,  745],
        [  457,  457,  655,  388,  436,  501,  540,  474,  373,  415,  155,  355,  336,  391,   64,  223,  154,  276,  196,  226,  573,   41,  440,  521,    0,  274,  472,  643,  500,  244,  370,  626,  434,  177,  454,  264,  571,  442,  474,  373,  230,  358,  580,  385,  363,  686,  289,  367,  603,  587,  337,  528,  492,  565,  554,  234,  542,  628,  259,  401,  455,  267,  350,  602,  306,  451,  630,  377,  241,  476,  590,   92,  579,  564,  260,  497],
        [  306,  306,  479,  490,  710,  517,  700,  208,  292,  168,  289,  575,  537,  365,  336,  142,  313,  125,  292,  187,  428,  314,  167,  694,  274,    0,  490,  424,  636,  507,  338,  408,  657,  338,  570,  229,  719,  704,  664,  642,  109,  351,  417,  377,  160,  528,  518,  622,  469,  498,   71,  660,  279,  309,  314,  487,  460,  476,  391,  135,  586,   33,  561,  436,  264,  206,  471,  474,  138,  678,  377,  312,  341,  388,  404,  743],
        [  795,  795,  967,  151,  723,   30,  333,  531,  215,  457,  318,  802,  796,  813,  471,  581,  324,  599,  277,  315,  302,  472,  575,  353,  472,  490,    0,  482,  252,  489,  155,  471,  440,  309,  926,  666,  325,  596,  931,  722,  386,  140,  907,  817,  384, 1018,  398,  517,  294,  979,  548,  260,  406,  750,  489,  451,  181,  966,  729,  497,  219,  517,  803,  926,  227,  461,  961,  845,  355,  403,  442,  394,  804,  877,  249,  896],
        [  645,  645,  735,  594, 1051,  490,  809,  256,  329,  258,  557,  985,  952,  767,  688,  565,  583,  535,  526,  427,  189,  672,  341,  824,  643,  424,  482,    0,  728,  814,  386,   17,  870,  593,  992,  647,  805,  985, 1083, 1008,  415,  418,  707,  784,  283,  798,  771,  897,  217,  844,  416,  739,  152,  458,  122,  782,  315,  765,  813,  303,  688,  454,  974,  718,  387,  221,  752,  897,  402,  855,   54,  629,  530,  670,  603, 1138],
        [  918,  918, 1108,  151,  577,  253,   82,  736,  425,  657,  370,  749,  761,  888,  466,  682,  357,  717,  350,  452,  552,  479,  761,  104,  500,  636,  252,  728,    0,  388,  358,  716,  236,  330,  928,  750,   84,  413,  883,  609,  528,  329, 1039,  884,  579, 1151,  278,  354,  545, 1077,  704,   28,  635,  932,  720,  357,  432, 1095,  747,  686,   51,  654,  759, 1060,  401,  671, 1093,  865,  503,  176,  685,  408,  974, 1015,  247,  794],
        [  693,  693,  891,  349,  243,  512,  392,  692,  496,  623,  258,  364,  382,  599,  181,  465,  231,  519,  289,  394,  698,  204,  672,  361,  244,  507,  489,  814,  388,    0,  460,  798,  225,  223,  565,  494,  432,  199,  498,  234,  435,  434,  815,  586,  556,  917,  111,  125,  715,  801,  574,  414,  672,  807,  747,   38,  624,  860,  410,  621,  360,  505,  376,  837,  431,  654,  863,  519,  432,  287,  761,  199,  822,  802,  244,  414],
        [  644,  644,  813,  214,  703,  180,  436,  385,   68,  308,  227,  720,  705,  674,  387,  439,  246,  451,  186,  173,  240,  381,  423,  446,  370,  338,  155,  386,  358,  460,    0,  372,  485,  243,  813,  527,  440,  610,  843,  680,  238,   32,  754,  680,  232,  865,  397,  524,  256,  831,  394,  375,  277,  598,  363,  424,  174,  814,  614,  345,  313,  366,  717,  773,   78,  316,  808,  726,  206,  470,  338,  311,  650,  723,  226,  839],
        [  632,  632,  726,  581, 1035,  479,  796,  243,  314,  242,  540,  968,  936,  752,  671,  550,  567,  520,  510,  410,  181,  656,  328,  811,  626,  408,  471,   17,  716,  798,  372,    0,  855,  576,  977,  632,  793,  969, 1067,  991,  398,  404,  697,  770,  267,  789,  756,  881,  212,  832,  401,  728,  136,  450,  110,  766,  306,  755,  797,  289,  675,  438,  957,  708,  371,  206,  742,  881,  386,  841,   37,  612,  521,  660,  588, 1122],
        [  889,  889, 1088,  292,  352,  453,  201,  810,  542,  733,  370,  576,  601,  814,  378,  652,  344,  700,  377,  498,  716,  399,  810,  163,  434,  657,  440,  870,  236,  225,  485,  855,    0,  321,  788,  696,  243,  178,  707,  401,  562,  453, 1013,  803,  656, 1119,  146,  136,  720, 1014,  727,  254,  748,  965,  832,  213,  612, 1062,  633,  746,  236,  664,  591, 1035,  492,  757, 1063,  743,  548,   73,  820,  357,  993,  996,  274,  584],
        [  595,  595,  789,  212,  465,  337,  379,  494,  274,  419,   50,  494,  488,  559,  163,  356,   28,  396,   67,  183,  477,  167,  490,  367,  177,  338,  309,  593,  330,  223,  243,  576,  321,    0,  627,  420,  406,  397,  623,  438,  242,  220,  717,  555,  346,  828,  190,  310,  497,  747,  408,  357,  454,  646,  532,  190,  413,  771,  433,  427,  283,  347,  495,  739,  208,  447,  770,  552,  230,  341,  540,   89,  677,  696,   85,  600],
        [  451,  451,  580,  836,  557,  955,  949,  755,  801,  735,  609,  242,  197,  270,  468,  428,  606,  461,  649,  648,  981,  461,  680,  922,  454,  570,  926,  992,  928,  565,  813,  977,  788,  627,    0,  348,  986,  695,  186,  456,  610,  806,  515,  245,  723,  566,  666,  667, 1018,  395,  582,  956,  848,  692,  878,  585,  978,  521,  199,  693,  889,  539,  218,  531,  741,  773,  534,   96,  637,  852,  946,  539,  655,  530,  706,  386],
        [  202,  202,  399,  620,  631,  694,  797,  407,  496,  390,  381,  410,  361,  148,  319,   91,  393,  113,  408,  355,  654,  298,  335,  781,  264,  229,  666,  647,  750,  494,  527,  632,  696,  420,  348,    0,  825,  684,  468,  542,  295,  530,  322,  155,  387,  425,  552,  619,  693,  328,  235,  777,  505,  381,  531,  491,  673,  367,  196,  346,  702,  196,  390,  344,  449,  427,  370,  253,  326,  739,  602,  349,  368,  311,  504,  591],
        [  997,  997, 1189,  235,  594,  322,   43,  819,  507,  740,  448,  795,  812,  961,  532,  760,  433,  797,  431,  535,  626,  547,  844,   80,  571,  719,  325,  805,   84,  432,  440,  793,  243,  406,  986,  825,    0,  418,  929,  638,  611,  411, 1119,  955,  662, 1230,  324,  375,  615, 1152,  787,   66,  716, 1015,  801,  405,  502, 1174,  810,  770,  134,  736,  807, 1140,  485,  754, 1172,  927,  586,  171,  763,  480, 1057, 1095,  324,  823],
        [  886,  886, 1083,  445,  185,  613,  376,  884,  658,  812,  440,  462,  499,  777,  378,  662,  412,  716,  463,  578,  849,  401,  867,  338,  442,  704,  596,  985,  413,  199,  610,  969,  178,  397,  695,  684,  418,    0,  581,  258,  627,  580, 1005,  762,  741, 1105,  214,   88,  859,  979,  771,  431,  850, 1005,  929,  217,  757, 1048,  574,  813,  408,  702,  482, 1028,  598,  841, 1052,  669,  621,  247,  933,  393, 1020,  995,  385,  429],
        [  612,  612,  758,  818,  418,  959,  888,  865,  845,  831,  620,  135,  138,  433,  462,  530,  609,  575,  663,  694, 1041,  464,  799,  857,  474,  664,  931, 1083,  883,  498,  843, 1067,  707,  623,  186,  468,  929,  581,    0,  325,  676,  829,  690,  407,  802,  748,  608,  575, 1073,  579,  693,  910,  933,  840,  977,  527, 1015,  702,  276,  796,  851,  637,  129,  708,  779,  869,  714,  244,  697,  776, 1033,  539,  812,  701,  691,  209],
        [  738,  738,  924,  583,  102,  746,  596,  846,  707,  787,  460,  215,  262,  595,  321,  553,  437,  610,  499,  582,  912,  338,  806,  561,  373,  642,  722, 1008,  609,  234,  680,  991,  401,  438,  456,  542,  638,  258,  325,    0,  601,  657,  847,  575,  732,  934,  338,  266,  934,  788,  698,  633,  859,  909,  925,  272,  850,  879,  381,  772,  587,  629,  238,  869,  639,  823,  887,  450,  608,  474,  954,  381,  906,  845,  475,  186],
        [  409,  409,  587,  381,  657,  414,  593,  258,  202,  189,  194,  572,  542,  442,  282,  206,  221,  214,  189,   78,  372,  263,  248,  589,  230,  109,  386,  415,  528,  435,  238,  398,  562,  242,  610,  295,  611,  627,  676,  601,    0,  247,  524,  449,  133,  635,  430,  542,  408,  594,  176,  552,  263,  409,  325,  411,  378,  583,  417,  187,  478,  132,  562,  543,  160,  223,  578,  518,   32,  578,  363,  237,  447,  495,  301,  724],
        [  655,  655,  828,  182,  677,  167,  406,  411,   97,  333,  210,  704,  691,  677,  370,  444,  226,  459,  168,  176,  270,  366,  445,  415,  358,  351,  140,  418,  329,  434,   32,  404,  453,  220,  806,  530,  411,  580,  829,  657,  247,    0,  767,  682,  256,  879,  367,  494,  283,  840,  410,  346,  308,  620,  394,  398,  194,  827,  607,  368,  282,  377,  703,  787,   88,  344,  822,  721,  216,  438,  370,  293,  670,  738,  196,  819],
        [  124,  124,   78,  898,  942,  933, 1095,  460,  703,  498,  672,  680,  625,  262,  639,  363,  690,  323,  689,  600,  794,  616,  378, 1083,  580,  417,  907,  707, 1039,  815,  754,  697, 1013,  717,  515,  322, 1119, 1005,  690,  847,  524,  767,    0,  287,  544,  113,  867,  940,  838,  163,  362, 1065,  611,  263,  589,  810,  858,   61,  470,  444,  989,  392,  656,   23,  680,  519,   55,  447,  554, 1050,  681,  659,  196,   38,  796,  860],
        [  207,  207,  360,  762,  673,  845,  924,  535,  650,  530,  521,  395,  340,   26,  430,  245,  530,  254,  553,  508,  805,  412,  454,  905,  385,  377,  817,  784,  884,  586,  680,  770,  803,  555,  245,  155,  955,  762,  407,  575,  449,  682,  287,    0,  536,  362,  662,  708,  845,  218,  369,  911,  649,  449,  665,  592,  827,  309,  195,  482,  837,  344,  371,  306,  603,  565,  318,  164,  480,  853,  742,  476,  411,  295,  640,  574],
        [  447,  447,  596,  428,  784,  407,  652,  158,  170,   79,  301,  702,  670,  524,  412,  299,  329,  283,  282,  164,  269,  395,  192,  655,  363,  160,  384,  283,  579,  556,  232,  267,  656,  346,  723,  387,  662,  741,  802,  732,  133,  256,  544,  536,    0,  652,  535,  654,  311,  645,  186,  598,  132,  366,  194,  528,  314,  605,  537,  113,  530,  192,  691,  561,  178,  102,  597,  628,  125,  660,  232,  361,  422,  511,  384,  857],
        [  234,  234,   64, 1010, 1031, 1044, 1206,  557,  813,  602,  783,  755,  699,  340,  743,  473,  801,  434,  801,  712,  896,  722,  479, 1194,  686,  528, 1018,  798, 1151,  917,  865,  789, 1119,  828,  566,  425, 1230, 1105,  748,  934,  635,  879,  113,  362,  652,    0,  974, 1042,  940,  173,  472, 1176,  711,  342,  682,  915,  965,   58,  554,  549, 1101,  504,  730,   93,  791,  620,   59,  512,  665, 1158,  775,  767,  270,  142,  907,  931],
        [  744,  744,  943,  251,  326,  419,  284,  683,  444,  608,  237,  474,  489,  672,  234,  507,  210,  556,  254,  372,  636,  254,  676,  256,  289,  518,  398,  771,  278,  111,  397,  756,  146,  190,  666,  552,  324,  214,  608,  338,  430,  367,  867,  662,  535,  974,    0,  127,  648,  871,  589,  304,  638,  826,  719,   82,  549,  917,  499,  616,  250,  523,  484,  890,  385,  636,  918,  613,  419,  192,  719,  213,  851,  851,  172,  521],
        [  818,  818, 1016,  367,  223,  535,  332,  798,  571,  726,  354,  447,  475,  721,  304,  589,  326,  642,  375,  491,  763,  327,  784,  296,  367,  622,  517,  897,  354,  125,  524,  881,  136,  310,  667,  619,  375,   88,  575,  266,  542,  494,  940,  708,  654, 1042,  127,    0,  774,  923,  690,  376,  762,  926,  842,  136,  674,  984,  527,  729,  342,  622,  463,  962,  510,  755,  988,  630,  535,  208,  845,  310,  944,  927,  298,  450],
        [  751,  751,  879,  430,  958,  294,  626,  386,  231,  341,  476,  958,  936,  833,  631,  604,  497,  593,  436,  379,   44,  621,  461,  646,  603,  469,  294,  217,  545,  715,  256,  212,  720,  497, 1018,  693,  615,  859, 1073,  934,  408,  283,  838,  845,  311,  940,  648,  774,    0,  952,  493,  552,  229,  617,  281,  679,  114,  898,  823,  395,  511,  502,  952,  852,  299,  320,  888,  925,  382,  692,  198,  558,  684,  802,  478, 1088],
        [  202,  202,  202,  946,  887, 1006, 1124,  590,  789,  614,  708,  596,  541,  202,  637,  401,  721,  381,  733,  665,  909,  618,  505, 1107,  587,  498,  979,  844, 1077,  801,  831,  832, 1014,  747,  395,  328, 1152,  979,  579,  788,  594,  840,  163,  218,  645,  173,  871,  923,  952,    0,  460, 1104,  732,  419,  723,  804,  956,  140,  410,  560, 1029,  467,  571,  169,  754,  641,  156,  349,  626, 1061,  812,  675,  356,  196,  831,  768],
        [  261,  261,  420,  556,  770,  573,  769,  174,  341,  162,  359,  615,  573,  352,  399,  164,  384,  122,  362,  253,  451,  377,  110,  764,  337,   71,  548,  416,  704,  574,  394,  401,  727,  408,  582,  235,  787,  771,  693,  698,  176,  410,  362,  369,  186,  472,  589,  690,  493,  460,    0,  728,  282,  238,  298,  555,  499,  423,  417,  113,  654,   70,  599,  380,  322,  196,  416,  487,  202,  748,  374,  381,  272,  330,  474,  787],
        [  944,  944, 1133,  172,  599,  259,   78,  755,  442,  677,  397,  776,  788,  915,  494,  708,  384,  743,  376,  475,  561,  507,  782,  109,  528,  660,  260,  739,   28,  414,  375,  728,  254,  357,  956,  777,   66,  431,  910,  633,  552,  346, 1065,  911,  598, 1176,  304,  376,  552, 1104,  728,    0,  650,  954,  736,  384,  439, 1121,  774,  707,   76,  679,  786, 1086,  421,  689, 1118,  893,  526,  189,  697,  436,  997, 1040,  274,  818],
        [  531,  531,  651,  490,  906,  422,  713,  157,  212,  121,  414,  833,  801,  633,  539,  421,  442,  396,  388,  280,  186,  522,  234,  723,  492,  279,  406,  152,  635,  672,  277,  136,  748,  454,  848,  505,  716,  850,  933,  859,  263,  308,  611,  649,  132,  711,  638,  762,  229,  732,  282,  650,    0,  389,   86,  642,  279,  671,  665,  174,  590,  310,  822,  625,  256,   93,  660,  752,  252,  741,  101,  482,  456,  575,  476,  987],
        [  249,  249,  278,  782,  989,  772, 1000,  233,  536,  297,  597,  790,  741,  424,  629,  357,  622,  300,  597,  483,  574,  606,  175,  997,  565,  309,  750,  458,  932,  807,  598,  450,  965,  646,  692,  381, 1015, 1005,  840,  909,  409,  620,  263,  449,  366,  342,  826,  926,  617,  419,  238,  954,  389,    0,  346,  790,  660,  315,  576,  254,  882,  304,  770,  269,  536,  304,  301,  605,  431,  985,  440,  617,   73,  227,  709,  971],
        [  523,  523,  619,  576,  977,  504,  799,  134,  298,  147,  491,  884,  849,  647,  605,  452,  519,  418,  467,  354,  241,  587,  219,  808,  554,  314,  489,  122,  720,  747,  363,  110,  832,  532,  878,  531,  801,  929,  977,  925,  325,  394,  589,  665,  194,  682,  719,  842,  281,  723,  298,  736,   86,  346,    0,  718,  351,  647,  704,  186,  675,  341,  872,  600,  340,  108,  635,  782,  319,  827,   94,  554,  417,  551,  559, 1045],
        [  688,  688,  887,  312,  280,  475,  366,  668,  462,  596,  228,  393,  407,  603,  172,  456,  200,  508,  256,  365,  663,  195,  651,  337,  234,  487,  451,  782,  357,   38,  424,  766,  213,  190,  585,  491,  405,  217,  527,  272,  411,  398,  810,  592,  528,  915,   82,  136,  679,  804,  555,  384,  642,  790,  718,    0,  587,  857,  422,  597,  327,  487,  403,  833,  397,  627,  860,  534,  405,  269,  729,  176,  809,  796,  207,  451],
        [  759,  759,  907,  321,  866,  181,  513,  428,  178,  367,  401,  893,  877,  818,  560,  583,  418,  583,  359,  330,  128,  554,  492,  533,  542,  460,  181,  315,  432,  624,  174,  306,  612,  413,  978,  673,  502,  757, 1015,  850,  378,  194,  858,  827,  314,  965,  549,  674,  114,  956,  499,  439,  279,  660,  351,  587,    0,  919,  780,  417,  399,  492,  890,  874,  238,  357,  910,  888,  348,  581,  284,  485,  723,  824,  382, 1012],
        [  177,  177,   63,  955,  976,  993, 1149,  519,  763,  558,  727,  703,  647,  286,  686,  416,  744,  379,  745,  658,  854,  664,  438, 1137,  628,  476,  966,  765, 1095,  860,  814,  755, 1062,  771,  521,  367, 1174, 1048,  702,  879,  583,  827,   61,  309,  605,   58,  917,  984,  898,  140,  423, 1121,  671,  315,  647,  857,  919,    0,  500,  505, 1045,  451,  678,   48,  739,  580,   17,  463,  613, 1101,  740,  710,  245,   97,  851,  880],
        [  369,  369,  546,  644,  479,  757,  775,  590,  603,  558,  413,  217,  166,  215,  281,  254,  412,  300,  452,  450,  788,  270,  524,  751,  259,  391,  729,  813,  747,  410,  614,  797,  633,  433,  199,  196,  810,  574,  276,  381,  417,  607,  470,  195,  537,  554,  499,  527,  823,  410,  417,  774,  665,  576,  704,  422,  780,  500,    0,  522,  704,  363,  196,  491,  543,  597,  508,  119,  442,  690,  765,  346,  557,  472,  515,  400],
        [  358,  358,  491,  536,  835,  519,  757,   75,  283,   55,  379,  710,  671,  465,  459,  269,  407,  233,  369,  248,  351,  438,   79,  758,  401,  135,  497,  303,  686,  621,  345,  289,  746,  427,  693,  346,  770,  813,  796,  772,  187,  368,  444,  482,  113,  549,  616,  729,  395,  560,  113,  707,  174,  254,  186,  597,  417,  505,  522,    0,  637,  159,  696,  460,  286,   84,  496,  597,  198,  756,  262,  423,  310,  409,  478,  877],
        [  869,  869, 1058,  102,  563,  225,  124,  688,  379,  609,  322,  717,  726,  841,  424,  633,  309,  667,  301,  402,  516,  436,  711,  137,  455,  586,  219,  688,   51,  360,  313,  675,  236,  283,  889,  702,  134,  408,  851,  587,  478,  282,  989,  837,  530, 1101,  250,  342,  511, 1029,  654,   76,  590,  882,  675,  327,  399, 1045,  704,  637,    0,  604,  725, 1010,  352,  623, 1043,  823,  453,  188,  643,  363,  924,  965,  199,  771],
        [  278,  278,  457,  509,  700,  544,  716,  229,  322,  197,  299,  553,  513,  332,  329,  112,  322,   92,  307,  208,  461,  307,  178,  708,  267,   33,  517,  454,  654,  505,  366,  438,  664,  347,  539,  196,  736,  702,  637,  629,  132,  377,  392,  344,  192,  504,  523,  622,  502,  467,   70,  679,  310,  304,  341,  487,  492,  451,  363,  159,  604,    0,  538,  412,  290,  235,  446,  444,  162,  688,  407,  314,  330,  364,  418,  723],
        [  561,  561,  730,  690,  339,  831,  767,  767,  723,  726,  494,   26,   32,  395,  334,  436,  481,  487,  536,  574,  922,  337,  708,  736,  350,  561,  803,  974,  759,  376,  717,  957,  591,  495,  218,  390,  807,  482,  129,  238,  562,  703,  656,  371,  691,  730,  484,  463,  952,  571,  599,  786,  822,  770,  872,  403,  890,  678,  196,  696,  725,  538,    0,  676,  656,  764,  688,  224,  580,  659,  923,  412,  752,  661,  562,  206],
        [  146,  146,   56,  919,  963,  952, 1117,  472,  721,  513,  694,  700,  645,  282,  661,  385,  712,  344,  710,  620,  808,  639,  392, 1105,  602,  436,  926,  718, 1060,  837,  773,  708, 1035,  739,  531,  344, 1140, 1028,  708,  869,  543,  787,   23,  306,  561,   93,  890,  962,  852,  169,  380, 1086,  625,  269,  600,  833,  874,   48,  491,  460, 1010,  412,  676,    0,  699,  533,   36,  466,  573, 1072,  693,  681,  199,   51,  818,  880],
        [  568,  568,  741,  251,  672,  254,  475,  336,   69,  257,  179,  660,  642,  597,  332,  362,  203,  374,  143,   96,  274,  323,  363,  478,  306,  264,  227,  387,  401,  431,   78,  371,  492,  208,  741,  449,  485,  598,  779,  639,  160,   88,  680,  603,  178,  791,  385,  510,  299,  754,  322,  421,  256,  536,  340,  397,  238,  739,  543,  286,  352,  290,  656,  699,    0,  273,  734,  653,  129,  488,  335,  260,  585,  650,  220,  790],
        [  439,  439,  560,  522,  879,  480,  746,   73,  250,   39,  402,  777,  741,  548,  504,  346,  430,  315,  383,  265,  276,  486,  142,  751,  451,  206,  461,  221,  671,  654,  316,  206,  757,  447,  773,  427,  754,  841,  869,  823,  223,  344,  519,  565,  102,  620,  636,  755,  320,  641,  196,  689,   93,  304,  108,  627,  357,  580,  597,   84,  623,  235,  764,  533,  273,    0,  569,  677,  223,  759,  178,  458,  368,  483,  484,  939],
        [  176,  176,   47,  952,  983,  987, 1148,  507,  756,  549,  725,  713,  657,  295,  688,  416,  743,  376,  743,  654,  844,  666,  427, 1136,  630,  471,  961,  752, 1093,  863,  808,  742, 1063,  770,  534,  370, 1172, 1052,  714,  887,  578,  822,   55,  318,  597,   59,  918,  988,  888,  156,  416, 1118,  660,  301,  635,  860,  910,   17,  508,  496, 1043,  446,  688,   36,  734,  569,    0,  474,  608, 1102,  728,  710,  230,   87,  849,  891],
        [  370,  370,  518,  763,  552,  874,  892,  659,  711,  640,  531,  249,  194,  190,  399,  332,  530,  366,  569,  559,  888,  389,  585,  867,  377,  474,  845,  897,  865,  519,  726,  881,  743,  552,   96,  253,  927,  669,  244,  450,  518,  721,  447,  164,  628,  512,  613,  630,  925,  349,  487,  893,  752,  605,  782,  534,  888,  463,  119,  597,  823,  444,  224,  466,  653,  677,  474,    0,  545,  802,  851,  465,  572,  458,  634,  420],
        [  440,  440,  617,  355,  659,  382,  570,  265,  171,  192,  182,  589,  562,  473,  288,  237,  210,  245,  172,   53,  347,  271,  265,  567,  241,  138,  355,  402,  503,  432,  206,  386,  548,  230,  637,  326,  586,  621,  697,  608,   32,  216,  554,  480,  125,  665,  419,  535,  382,  626,  202,  526,  252,  431,  319,  405,  348,  613,  442,  198,  453,  162,  580,  573,  129,  223,  608,  545,    0,  560,  349,  236,  472,  525,  282,  737],
        [  927,  927, 1124,  263,  424,  412,  129,  817,  531,  738,  390,  645,  667,  862,  425,  687,  367,  732,  389,  509,  692,  444,  824,   92,  476,  678,  403,  855,  176,  287,  470,  841,   73,  341,  852,  739,  171,  247,  776,  474,  578,  438, 1050,  853,  660, 1158,  192,  208,  692, 1061,  748,  189,  741,  985,  827,  269,  581, 1101,  690,  756,  188,  688,  659, 1072,  488,  759, 1102,  802,  560,    0,  807,  392, 1017, 1031,  279,  657],
        [  611,  611,  713,  548,  998,  452,  765,  223,  279,  213,  504,  933,  901,  726,  635,  519,  530,  491,  473,  373,  162,  619,  307,  779,  590,  377,  442,   54,  685,  761,  338,   37,  820,  540,  946,  602,  763,  933, 1033,  954,  363,  370,  681,  742,  232,  775,  719,  845,  198,  812,  374,  697,  101,  440,   94,  729,  284,  740,  765,  262,  643,  407,  923,  693,  335,  178,  728,  851,  349,  807,    0,  575,  510,  644,  552, 1086],
        [  535,  535,  733,  299,  425,  423,  449,  494,  329,  425,   84,  412,  402,  482,   78,  296,   71,  344,  126,  203,  534,   79,  475,  432,   92,  312,  394,  629,  408,  199,  311,  612,  357,   89,  539,  349,  480,  393,  539,  381,  237,  293,  659,  476,  361,  767,  213,  310,  558,  675,  381,  436,  482,  617,  554,  176,  485,  710,  346,  423,  363,  314,  412,  681,  260,  458,  710,  465,  236,  392,  575,    0,  639,  640,  170,  530],
        [  205,  205,  206,  826,  991,  827, 1040,  299,  590,  357,  628,  773,  722,  385,  642,  361,  651,  305,  633,  523,  641,  619,  232, 1035,  579,  341,  804,  530,  974,  822,  650,  521,  993,  677,  655,  368, 1057, 1020,  812,  906,  447,  670,  196,  411,  422,  270,  851,  944,  684,  356,  272,  997,  456,   73,  417,  809,  723,  245,  557,  310,  924,  330,  752,  199,  585,  368,  230,  572,  472, 1017,  510,  639,    0,  160,  745,  956],
        [  110,  110,   94,  872,  937,  903, 1072,  423,  671,  462,  650,  684,  630,  269,  624,  344,  669,  300,  665,  572,  758,  602,  342, 1062,  564,  388,  877,  670, 1015,  802,  723,  660,  996,  696,  530,  311, 1095,  995,  701,  845,  495,  738,   38,  295,  511,  142,  851,  927,  802,  196,  330, 1040,  575,  227,  551,  796,  824,   97,  472,  409,  965,  364,  661,   51,  650,  483,   87,  458,  525, 1031,  644,  640,  160,    0,  773,  866],
        [  674,  674,  867,  131,  485,  274,  300,  539,  275,  461,  125,  559,  558,  643,  239,  436,  111,  474,  113,  230,  465,  246,  546,  291,  260,  404,  249,  603,  247,  244,  226,  588,  274,   85,  706,  504,  324,  385,  691,  475,  301,  196,  796,  640,  384,  907,  172,  298,  478,  831,  474,  274,  476,  709,  559,  207,  382,  851,  515,  478,  199,  418,  562,  818,  220,  484,  849,  634,  282,  279,  552,  170,  745,  773,    0,  648],
        [  766,  766,  933,  762,  247,  921,  781,  950,  858,  901,  614,  183,  237,  599,  459,  628,  594,  682,  654,  720, 1063,  471,  897,  745,  497,  743,  896, 1138,  794,  414,  839, 1122,  584,  600,  386,  591,  823,  429,  209,  186,  724,  819,  860,  574,  857,  931,  521,  450, 1088,  768,  787,  818,  987,  971, 1045,  451, 1012,  880,  400,  877,  771,  723,  206,  880,  790,  939,  891,  420,  737,  657, 1086,  530,  956,  866,  648,    0]
    ]
}
