{
    "name": "random-95-4428",
    "comment": "size=95 seed=4428",
    "nodes": ["+0", "-0", "+1", "-1", "+2", "-2", "+3", "-3", "+4", "-4", "+5", "-5", "+6", "-6", "+7", "-7", "+8", "-8", "+9", "-9", "+10", "-10", "+11", "-11", "+12", "-12", "+13", "-13", "+14", "-14", "+15", "-15", "+16", "-16", "+17", "-17", "+18", "-18", "+19", "-19", "+20", "-20", "+21", "-21", "+22", "-22", "+23", "-23", "+24", "-24", "+25", "-25", "+26", "-26", "+27", "-27", "+28", "-28", "+29", "-29", "+30", "-30", "+31", "-31", "+32", "-32", "+33", "-33", "+34", "-34", "+35", "-35", "+36", "-36", "+37", "-37", "+38", "-38", "+39", "-39", "+40", "-40", "+41", "-41", "+42", "-42", "+43", "-43", "+44", "-44", "+45", "-45", "+46", "-46", "+47", "-47", "+48", "-48", "+49", "-49", "+50", "-50", "+51", "-51", "+52", "-52", "+53", "-53", "+54", "-54", "+55", "-55", "+56", "-56", "+57", "-57", "+58", "-58", "+59", "-59", "+60", "-60", "+61", "-61", "+62", "-62", "+63", "-63", "+64", "-64", "+65", "-65", "+66", "-66", "+67", "-67", "+68", "-68", "+69", "-69", "+70", "-70", "+71", "-71", "+72", "-72", "+73", "-73", "+74", "-74", "+75", "-75", "+76", "-76", "+77", "-77", "+78", "-78", "+79", "-79", "+80", "-80", "+81", "-81", "+82", "-82", "+83", "-83", "+84", "-84", "+85", "-85", "+86", "-86", "+87", "-87", "+88", "-88", "+89", "-89", "+90", "-90", "+91", "-91", "+92", "-92", "+93", "-93", "+94", "-94", "+95", "-95"],
    "precedence": {
        "+0": "-0",
        "+1": "-1",
        "+2": "-2",
        "+3": "-3",
        "+4": "-4",
        "+5": "-5",
        "+6": "-6",
        "+7": "-7",
        "+8": "-8",
        "+9": "-9",
        "+10": "-10",
        "+11": "-11",
        "+12": "-12",
        "+13": "-13",
        "+14": "-14",
        "+15": "-15",
        "+16": "-16",
        "+17": "-17",
        "+18": "-18",
        "+19": "-19",
        "+20": "-20",
        "+21": "-21",
        "+22": "-22",
        "+23": "-23",
        "+24": "-24",
        "+25": "-25",
        "+26": "-26",
        "+27": "-27",
        "+28": "-28",
        "+29": "-29",
        "+30": "-30",
        "+31": "-31",
        "+32": "-32",
        "+33": "-33",
        "+34": "-34",
        "+35": "-35",
        "+36": "-36",
        "+37": "-37",
        "+38": "-38",
        "+39": "-39",
        "+40": "-40",
        "+41": "-41",
        "+42": "-42",
        "+43": "-43",
        "+44": "-44",
        "+45": "-45",
        "+46": "-46",
        "+47": "-47",
        "+48": "-48",
        "+49": "-49",
        "+50": "-50",
        "+51": "-51",
        "+52": "-52",
        "+53": "-53",
        "+54": "-54",
        "+55": "-55",
        "+56": "-56",
        "+57": "-57",
        "+58": "-58",
        "+59": "-59",
        "+60": "-60",
        "+61": "-61",
        "+62": "-62",
        "+63": "-63",
        "+64": "-64",
        "+65": "-65",
        "+66": "-66",
        "+67": "-67",
        "+68": "-68",
        "+69": "-69",
        "+70": "-70",
        "+71": "-71",
        "+72": "-72",
        "+73": "-73",
        "+74": "-74",
        "+75": "-75",
        "+76": "-76",
        "+77": "-77",
        "+78": "-78",
        "+79": "-79",
        "+80": "-80",
        "+81": "-81",
        "+82": "-82",
        "+83": "-83",
        "+84": "-84",
        "+85": "-85",
        "+86": "-86",
        "+87": "-87",
        "+88": "-88",
        "+89": "-89",
        "+90": "-90",
        "+91": "-91",
        "+92": "-92",
        "+93": "-93",
        "+94": "-94",
        "+95": "-95"
    },
    "edges": [
        [    0,    0,  588,  896,  190,  352,  977,  352,  324,  174,  869,  376,  935,  968,  108,  932,  395,  865, 1021,  417,  343,   72,  283,  656,  828,  130,  616,  892,  694,  278,  741,  873,  345,  615,  538,  983,  801,  416,  436,  470,  584,  635,  316,  799,  412,  468,  582,  626,  502,  797,  978,  885,  707,  717, 1033,  561,  139,  555,  285,  201,  345,  913,  833,  709,   84,  314,  779,  229,  249,  640,  985, 1097,  217,  470,  113,  994,  615,  932, 1016,  438,  490,  915,  710,  927,  589,  731,  301,  443,  386,  952,  738,  925,  324,  244,   32,  595,  651,  810,  608,  865,  785,  413,  238, 1038, 1025,  506,  534,  697,  555,  580,  881,  904,  120,  725,  393,  865,  599,  896,  605,  388,  404,  279,  328,  467,  400,  553,  372,   56,  508,  418,  840,  456,  478,  915,  862,  739,  582,  628,  222,  139,  990,  819,  563,  790,  620,  777,  523,  633,  758,  581,  792,  695,  815,  275,  888,  331,  668,  411,  702,  352,  633,  949,  253,  520,  888,  304,  375,  909,  376,  111,  333,  614,  479,  927,  216,  359,  603,  632,  676,  268, 1031,  418,  666,  286,  839,  459,   99,  387,  494,  406,  417,  190],
        [    0,    0,    0,    0,    0,    0,    0,    0,    0,    0,    0,    0,    0,    0,    0,    0,    0,    0,    0,    0,    0,    0,    0,    0,    0,    0,    0,    0,    0,    0,    0,    0,    0,    0,    0,    0,    0,    0,    0,    0,    0,    0,    0,    0,    0,    0,    0,    0,    0,    0,    0,    0,    0,    0,    0,    0,    0,    0,    0,    0,    0,    0,    0,    0,    0,    0,    0,    0,    0,    0,    0,    0,    0,    0,    0,    0,    0,    0,    0,    0,    0,    0,    0,    0,    0,    0,    0,    0,    0,    0,    0,    0,    0,    0,    0,    0,    0,    0,    0,    0,    0,    0,    0,    0,    0,    0,    0,    0,    0,    0,    0,    0,    0,    0,    0,    0,    0,    0,    0,    0,    0,    0,    0,    0,    0,    0,    0,    0,    0,    0,    0,    0,    0,    0,    0,    0,    0,    0,    0,    0,    0,    0,    0,    0,    0,    0,    0,    0,    0,    0,    0,    0,    0,    0,    0,    0,    0,    0,    0,    0,    0,    0,    0,    0,    0,    0,    0,    0,    0,    0,    0,    0,    0,    0,    0,    0,    0,    0,    0,    0,    0,    0,    0,    0,    0,    0,    0,    0,    0,    0,    0,    0],
        [  588,    0,    0,  668,  398,  311,  719,  405,  462,  452,  811,  274,  850,  851,  481,  789,  451,  752,  497,  285,  314,  518,  329,  263,  737,  471,  419,  720,  409,  399,  178,  286,  380,  371,   72,  795,  390,  824,  212,  423,  382,  186,  595,  279,  750,  162,   76,  158,  449,  620,  749,  533,  215,  199,  897,  139,  449,  592,  456,  731,  609,  358,  766,  469,  612,  387,  199,  660,  524,  307,  411,  524,  452,  517,  572,  844,  174,  793,  508,  279,  444,  728,  232,  466,  312,  405,  410,  710,  328,  562,  151,  357,  706,  375,  556,  502,   88,  343,   47,  689,  735,  730,  480,  464,  907,  386,   56,  748,  563,  375,  697,  334,  496,  342,  199,  409,  527,  827,  300,  701,  444,  362,  261,  795,  469,  390,  288,  535,  119,  323,  532,  362,  223,  818,  304,  169,  171,  321,  521,  456,  539,  256,  412,  529,  658,  191,   71,  482,  317,  638,  331,  166,  736,  762,  540,  812,  205,  564,  571,  400,  136,  366,  356,  472,  804,  296,  230,  323,  875,  480,  528,   49,  549,  394,  537,  399,   24,  393,  644,  336,  485,  799,  120,  551,  438,  556,  652,  207,  703,  203,  670,  442],
        [  896,    0,  668,    0,  781,  867,   84,  966, 1002,  886,  248,  841,  240,  214,  839,  151,  501,  165,  514,  883,  863,  862,  821,  405,  189,  862,  297,   85,  262,  911,  583,  702,  937, 1032,  719,  130,  319,  784,  571, 1037, 1036,  852,  633,  489,  687,  776,  593,  511,  394,  105,   88,  196,  482,  839,  241,  801,  801,  383,  611,  888,  615,  571,  224,  212,  851,  591,  635,  769,  659,  974,  655,  697,  923,  438,  799,  187,  494,  156,  476,  889, 1064,   74,  884,  369,  378,  264,  599,  609,  909,  247,  694,  612,  726,  683,  874, 1145,  732,  399,  710,   74,  240,  664,  966,  680,  258, 1018,  684,  366,  366, 1029,   63,  617,  779,  334,  728,  366,  302,  245,  964,  656, 1027,  866,  731,  688, 1047, 1036,  579,  849,  595,  923,  150,  455,  853,  210,  569,  763,  836,  987,  683,  845,  357,  581, 1059,  139,  360,  712,  647,  264,  385,  388,  396,  808,  203,  850,  187,  862,  866,  520,  200,  548,  536,  693,  825,  377,  217,  786,  642,  766,  915,  845,  581,  709,  441,  513,  694,  541,  686,  300,  279,  688,  574,  746,  766,  636,  286,  466,  883,  661,  546,  768,  596,  889],
        [  190,    0,  398,  781,    0,  200,  857,  249,  255,  106,  804,  212,  865,  889,   85,  843,  308,  782,  842,  263,  190,  122,  118,  487,  750,   88,  487,  793,  550,  170,  553,  683,  229,  476,  349,  884,  638,  511,  260,  364,  451,  457,  325,  618,  469,  286,  394,  444,  399,  691,  867,  738,  527,  535,  951,  379,   53,  495,  214,  353,  352,  728,  763,  578,  225,  198,  590,  317,  233,  483,  797,  909,  150,  399,  197,  906,  435,  845,  840,  283,  390,  812,  533,  758,  436,  581,  199,  468,  246,  799,  548,  738,  395,  100,  159,  496,  463,  637,  419,  763,  717,  460,  194,  851,  948,  383,  345,  657,  484,  446,  778,  717,  116,  563,  204,  695,  506,  829,  450,  429,  315,  140,  138,  525,  323,  426,  211,  138,  321,  278,  701,  326,  310,  840,  675,  551,  405,  475,  212,   70,  825,  632,  442,  660,  568,  587,  333,  519,  588,  532,  619,  511,  740,  404,  742,  460,  490,  375,  602,  244,  449,  760,   93,  422,  815,  124,  191,  719,  517,   86,  298,  425,  420,  745,  221,  250,  413,  494,  605,   97,  848,  498,  479,  278,  680,  407,  261,  199,  498,  223,  432,  111],
        [  352,    0,  311,  867,  200,    0,  935,  103,  154,  181,  937,   38,  992, 1008,  252,  955,  460,  902,  804,   66,   10,  283,   83,  503,  875,  223,  574,  896,  611,   93,  488,  583,   75,  277,  243,  983,  654,  710,  297,  183,  252,  293,  517,  582,  666,  153,  346,  423,  526,  790,  954,  780,  502,  382, 1065,  230,  242,  647,  390,  540,  543,  668,  894,  655,  409,  349,  507,  515,  426,  290,  718,  832,  157,  551,  391, 1016,  425,  958,  813,   87,  211,  911,  366,  755,  491,  629,  360,  659,   51,  827,  444,  667,  594,  264,  324,  311,  343,  628,  310,  864,  852,  655,  175,  771, 1067,  189,  258,  814,  628,  247,  877,  643,  313,  588,  143,  693,  631,  960,  256,  624,  161,   74,  141,  721,  182,  229,  303,  313,  297,   80,  759,  435,  131,  964,  614,  424,  242,  279,  407,  216,  827,  567,  246,  733,  721,  478,  272,  622,  589,  688,  613,  366,  867,  599,  786,  655,  325,  548,  713,  390,  416,  668,  108,  551,  942,   95,  227,  604,  710,  247,  478,  316,  577,  703,  418,  394,  316,  567,  743,  229,  796,  697,  347,  469,  701,  570,  441,  206,  682,  114,  621,  166],
        [  977,    0,  719,   84,  857,  935,    0, 1035, 1073,  962,  297,  908,  270,  230,  918,  178,  582,  218,  503,  947,  931,  941,  892,  457,  251,  940,  371,  137,  324,  983,  617,  723, 1007, 1087,  774,  120,  348,  865,  639, 1101, 1094,  901,  717,  515,  769,  837,  646,  561,  475,  188,   49,  206,  522,  881,  234,  855,  879,  465,  693,  971,  699,  581,  282,  282,  933,  670,  665,  852,  741, 1026,  659,  688,  998,  521,  881,  187,  547,  183,  463,  953, 1128,  112,  928,  368,  444,  316,  679,  691,  976,  233,  730,  623,  809,  761,  955, 1206,  778,  423,  759,  143,  308,  746, 1041,  677,  258, 1080,  740,  439,  449, 1087,  127,  631,  860,  378,  794,  379,  386,  286, 1018,  738, 1095,  938,  802,  768, 1116, 1095,  653,  929,  655,  988,  187,  532,  913,  245,  587,  800,  889, 1039,  765,  922,  340,  605, 1118,  202,  439,  744,  704,  344,  419,  469,  424,  851,  267,  933,  197,  945,  913,  604,  283,  628,  585,  704,  898,  459,  261,  857,  712,  786,  998,  924,  664,  758,  524,  518,  776,  621,  736,  370,  359,  763,  565,  828,  810,  719,  307,  550,  965,  730,  627,  833,  678,  964],
        [  352,    0,  405,  966,  249,  103, 1035,    0,   61,  184, 1027,  136, 1084, 1102,  271, 1051,  541,  995,  901,  125,  105,  294,  153,  605,  967,  235,  672,  993,  713,   82,  583,  666,   29,  269,  335, 1081,  757,  745,  397,  120,  235,  352,  573,  680,  714,  244,  445,  525,  615,  888, 1053,  883,  602,  444, 1160,  305,  277,  729,  459,  551,  601,  761,  984,  755,  424,  427,  596,  549,  482,  310,  807,  919,  136,  633,  418, 1112,  527, 1053,  911,  138,  144, 1009,  419,  856,  592,  731,  435,  716,   79,  929,  529,  758,  635,  334,  331,  251,  426,  729,  398,  961,  941,  706,  125,  858, 1161,  155,  354,  895,  713,  232,  974,  733,  348,  690,  246,  795,  722, 1051,  276,  676,   67,  113,  236,  770,   82,  202,  395,  328,  400,   96,  861,  527,  198, 1057,  708,  500,  306,  293,  460,  236,  928,  660,  212,  833,  804,  561,  371,  718,  691,  769,  715,  434,  959,  620,  888,  677,  380,  620,  807,  471,  516,  752,  163,  640, 1034,  183,  324,  681,  726,  264,  545,  404,  657,  799,  467,  476,  407,  667,  831,  307,  889,  737,  424,  527,  804,  647,  449,  306,  747,  215,  680,  168],
        [  324,    0,  462, 1002,  255,  154, 1073,   61,    0,  168, 1051,  190, 1109, 1130,  258, 1080,  558, 1023,  957,  185,  153,  273,  182,  652,  993,  219,  706, 1025,  753,   92,  640,  726,   83,  317,  392, 1114,  805,  729,  437,  152,  280,  412,  572,  735,  706,  301,  499,  576,  640,  920, 1089,  927,  655,  505, 1189,  365,  272,  747,  469,  524,  601,  819, 1009,  792,  401,  445,  655,  534,  482,  365,  866,  978,  115,  650,  402, 1142,  577, 1082,  966,  198,  169, 1042,  478,  907,  632,  773,  450,  715,  139,  977,  588,  816,  624,  349,  306,  272,  486,  781,  457,  994,  964,  700,   87,  917, 1189,  199,  410,  911,  733,  278, 1007,  792,  340,  737,  293,  846,  747, 1075,  331,  671,   82,  136,  272,  762,   77,  245,  426,  307,  449,  156,  902,  556,  258, 1083,  765,  560,  367,  347,  458,  225,  980,  717,  251,  872,  821,  620,  425,  749,  741,  785,  766,  495,  984,  597,  933,  653,  440,  629,  837,  491,  569,  812,  181,  664, 1060,  217,  362,  741,  700,  250,  552,  463,  673,  855,  464,  496,  465,  704,  853,  327,  947,  724,  484,  528,  851,  661,  422,  347,  750,  267,  680,  155],
        [  174,    0,  452,  886,  106,  181,  962,  184,  168,    0,  908,  209,  969,  994,   90,  949,  412,  887,  921,  246,  173,  111,  125,  579,  855,   52,  591,  898,  652,  106,  620,  737,  173,  442,  393,  989,  732,  564,  351,  303,  412,  471,  406,  696,  538,  313,  463,  524,  505,  796,  972,  838,  607,  557, 1056,  401,  106,  597,  312,  369,  435,  799,  867,  682,  241,  303,  650,  367,  318,  467,  861,  975,   54,  502,  236, 1011,  519,  950,  923,  267,  326,  918,  545,  848,  535,  681,  302,  548,  213,  896,  598,  805,  456,  205,  149,  432,  504,  724,  464,  869,  821,  532,   93,  915, 1053,  335,  397,  756,  587,  408,  883,  782,  172,  658,  255,  785,  611,  933,  433,  503,  242,  108,  200,  594,  244,  381,  312,  145,  397,  245,  803,  431,  311,  945,  745,  590,  419,  455,  293,   58,  916,  700,  393,  764,  669,  635,  395,  625,  677,  632,  707,  538,  844,  437,  842,  494,  503,  470,  707,  349,  525,  818,   97,  527,  920,  157,  276,  766,  544,   82,  391,  470,  521,  823,  297,  355,  464,  596,  709,  199,  923,  557,  514,  363,  775,  506,  268,  275,  585,  255,  514,   17],
        [  869,    0,  811,  248,  804,  937,  297, 1027, 1051,  908,    0,  920,   69,  115,  842,  126,  496,   84,  756,  969,  931,  855,  875,  566,   77,  872,  392,  165,  417,  960,  769,  908, 1000, 1149,  847,  201,  531,  646,  658, 1118, 1145,  994,  564,  695,  560,  883,  735,  667,  413,  213,  256,  434,  663, 1001,  179,  930,  808,  316,  600,  806,  538,  794,   45,  354,  807,  607,  827,  691,  621, 1104,  883,  936,  954,  407,  760,  162,  646,  122,  719,  981, 1146,  186, 1040,  607,  500,  445,  606,  487,  985,  494,  872,  835,  623,  705,  855, 1240,  888,  611,  857,  178,   87,  541,  997,  913,  162, 1111,  812,  194,  321, 1138,  186,  836,  767,  518,  814,  592,  307,   28, 1088,  544, 1093,  918,  797,  542, 1109, 1138,  635,  833,  713, 1006,  375,  504,  957,   64,  783,  936,  967, 1113,  649,  857,  602,  786, 1160,  329,  251,  898,  771,  331,  582,  290,  603,  968,   75,  749,  426,  746, 1015,  460,  240,  561,  695,  913,  870,  388,   38,  846,  715,  973,  788,  849,  537,  857,  392,  742,  654,  556,  833,  419,  199,  724,  813,  611,  922,  585,  510,  411,  830,  742,  419,  858,  489,  915],
        [  376,    0,  274,  841,  212,   38,  908,  136,  190,  209,  920,    0,  973,  988,  273,  934,  450,  882,  768,   55,   42,  306,   96,  471,  856,  247,  551,  873,  584,  129,  451,  546,  109,  269,  205,  959,  622,  720,  272,  199,  249,  262,  520,  546,  672,  116,  310,  389,  510,  768,  928,  750,  467,  349, 1044,  195,  258,  635,  388,  559,  545,  631,  876,  630,  429,  341,  470,  528,  430,  272,  681,  795,  191,  540,  407,  994,  392,  936,  777,   74,  227,  888,  336,  720,  464,  599,  355,  660,   68,  795,  407,  630,  603,  263,  348,  322,  307,  594,  273,  841,  835,  660,  211,  734, 1047,  195,  222,  803,  615,  243,  853,  606,  327,  556,  114,  659,  613,  942,  239,  629,  189,  103,  127,  726,  211,  230,  286,  335,  265,   87,  730,  417,  103,  945,  577,  389,  210,  264,  413,  238,  793,  530,  250,  706,  709,  442,  236,  601,  556,  677,  579,  332,  849,  615,  756,  671,  294,  544,  692,  381,  380,  631,  126,  535,  924,   94,  206,  568,  727,  268,  477,  279,  568,  666,  425,  384,  279,  542,  727,  225,  759,  706,  312,  472,  669,  562,  463,  182,  679,   79,  621,  195],
        [  935,    0,  850,  240,  865,  992,  270, 1084, 1109,  969,   69,  973,    0,   53,  905,   93,  558,   98,  754, 1021,  986,  919,  932,  598,  118,  935,  435,  157,  447, 1018,  795,  927, 1056, 1196,  890,  159,  545,  714,  708, 1172, 1194, 1034,  632,  714,  628,  931,  774,  701,  470,  235,  224,  434,  690, 1036,  111,  973,  871,  381,  663,  875,  606,  805,  103,  385,  874,  668,  851,  760,  687, 1148,  892,  937, 1014,  470,  827,  105,  681,   88,  715, 1032, 1199,  169, 1077,  608,  540,  468,  668,  555, 1039,  486,  902,  846,  692,  766,  921, 1291,  924,  626,  895,  180,  151,  609, 1058,  918,   93, 1162,  855,  262,  384, 1187,  182,  849,  831,  542,  865,  601,  363,   42, 1133,  613, 1149,  975,  851,  610, 1165, 1187,  690,  898,  757, 1059,  382,  558, 1006,   33,  799,  967, 1010, 1157,  714,  919,  595,  805, 1210,  345,  318,  925,  814,  377,  603,  358,  620, 1003,  126,  818,  426,  814, 1053,  526,  284,  622,  729,  926,  928,  445,   50,  902,  768,  993,  856,  912,  603,  895,  457,  750,  721,  616,  871,  457,  262,  782,  814,  678,  958,  652,  519,  477,  897,  794,  487,  909,  558,  976],
        [  968,    0,  851,  214,  889, 1008,  230, 1102, 1130,  994,  115,  988,   53,    0,  933,   66,  584,  108,  724, 1035, 1003,  949,  951,  594,  141,  962,  443,  137,  444, 1039,  786,  912, 1075, 1204,  894,  114,  529,  760,  720, 1187, 1203, 1036,  669,  699,  674,  940,  775,  699,  491,  231,  183,  409,  682, 1033,   66,  977,  898,  414,  692,  915,  645,  784,  139,  383,  909,  692,  840,  799,  720, 1153,  869,  909, 1038,  500,  861,   54,  680,   61,  685, 1044, 1214,  141, 1076,  582,  544,  460,  693,  599, 1055,  455,  894,  826,  735,  790,  952, 1304,  923,  609,  896,  166,  187,  654, 1082,  893,   60, 1175,  859,  308,  414, 1196,  162,  830,  861,  533,  878,  579,  384,   90, 1139,  656, 1167,  995,  868,  657, 1184, 1198,  708,  929,  763, 1073,  362,  576, 1016,   55,  781,  962, 1014, 1163,  747,  946,  564,  791, 1221,  333,  356,  916,  820,  388,  590,  395,  605, 1001,  153,  860,  400,  859, 1054,  561,  296,  646,  726,  906,  949,  468,   85,  920,  783,  977,  902,  940,  636,  896,  489,  726,  754,  640,  871,  461,  293,  804,  785,  725,  957,  686,  499,  511,  934,  807,  531,  921,  600, 1000],
        [  108,    0,  481,  839,   85,  252,  918,  271,  258,   90,  842,  273,  905,  933,    0,  891,  349,  827,  925,  318,  243,   38,  178,  566,  793,   39,  550,  845,  620,  192,  637,  767,  259,  523,  431,  936,  715,  474,  341,  391,  495,  529,  321,  701,  449,  361,  478,  527,  450,  745,  925,  810,  610,  611,  996,  454,   41,  527,  243,  288,  351,  812,  802,  642,  158,  249,  674,  278,  235,  541,  881,  994,  143,  435,  147,  954,  518,  892,  922,  339,  414,  866,  605,  838,  509,  654,  242,  461,  292,  873,  631,  823,  367,  161,   77,  521,  544,  718,  501,  816,  755,  443,  178,  935,  991,  420,  428,  682,  521,  490,  831,  801,   85,  640,  286,  775,  553,  868,  507,  415,  331,  181,  221,  505,  333,  466,  285,   62,  406,  324,  769,  388,  375,  882,  760,  632,  477,  531,  209,   37,  904,  717,  479,  724,  598,  670,  417,  576,  668,  560,  700,  588,  782,  351,  813,  408,  562,  393,  653,  293,  533,  844,  148,  470,  856,  197,  274,  802,  460,    9,  313,  507,  451,  829,  212,  299,  496,  561,  644,  173,  932,  468,  558,  280,  756,  434,  190,  284,  502,  299,  429,  105],
        [  932,    0,  789,  151,  843,  955,  178, 1051, 1080,  949,  126,  934,   93,   66,  891,    0,  542,   71,  663,  980,  950,  909,  900,  531,  112,  918,  385,   72,  381,  989,  721,  847, 1023, 1144,  834,   76,  464,  750,  664, 1132, 1145,  974,  641,  634,  660,  882,  713,  636,  444,  170,  133,  346,  617,  970,  111,  917,  855,  382,  652,  891,  618,  720,  127,  321,  876,  647,  776,  773,  685, 1092,  805,  847,  991,  462,  827,   63,  617,    6,  624,  988, 1159,   78, 1013,  519,  484,  395,  650,  583, 1001,  394,  830,  761,  715,  744,  914, 1247,  860,  544,  833,  102,  168,  639, 1035,  830,  118, 1118,  799,  301,  378, 1138,   97,  766,  822,  468,  823,  515,  339,  110, 1079,  638, 1114,  945,  816,  648, 1132, 1141,  656,  891,  704, 1018,  297,  525,  958,   68,  716,  897,  954, 1103,  712,  902,  503,  726, 1163,  269,  333,  851,  760,  334,  526,  369,  540,  938,  128,  841,  337,  843,  991,  530,  244,  601,  663,  841,  900,  422,   89,  869,  729,  912,  890,  898,  602,  833,  455,  662,  720,  595,  809,  401,  261,  756,  723,  714,  894,  654,  434,  478,  903,  753,  516,  865,  580,  954],
        [  395,    0,  451,  501,  308,  460,  582,  541,  558,  412,  496,  450,  558,  584,  349,  542,    0,  479,  717,  504,  452,  367,  388,  349,  444,  378,  235,  498,  324,  468,  520,  679,  515,  707,  451,  590,  461,  402,  241,  642,  694,  601,  177,  525,  313,  448,  395,  381,  109,  402,  583,  512,  440,  645,  647,  523,  314,  189,  111,  409,  179,  653,  456,  325,  353,  114,  577,  297,  164,  682,  741,  841,  458,   93,  300,  605,  360,  544,  701,  519,  669,  520,  668,  593,  253,  370,  110,  263,  510,  585,  577,  679,  296,  211,  375,  770,  538,  498,  494,  470,  409,  291,  502,  791,  643,  644,  423,  355,  176,  687,  486,  665,  281,  389,  361,  537,  205,  522,  657,  265,  607,  429,  323,  352,  621,  678,  177,  351,  332,  535,  458,  108,  512,  534,  611,  616,  560,  684,  185,  362,  645,  583,  699,  402,  264,  615,  386,  241,  444,  229,  480,  613,  434,  396,  513,  429,  631,  114,  307,   70,  403,  731,  380,  125,  508,  365,  261,  735,  492,  356,  104,  497,  118,  641,  198,   67,  474,  261,  298,  234,  746,  371,  568,  154,  489,  114,  386,  293,  253,  405,  224,  419],
        [  865,    0,  752,  165,  782,  902,  218,  995, 1023,  887,   84,  882,   98,  108,  827,   71,  479,    0,  672,  929,  896,  844,  844,  501,   42,  855,  339,   83,  350,  931,  699,  833,  968, 1101,  793,  141,  453,  681,  614, 1080, 1099,  937,  572,  619,  590,  836,  677,  603,  384,  138,  182,  351,  593,  938,  169,  876,  792,  314,  587,  821,  548,  715,   65,  287,  808,  585,  755,  704,  618, 1051,  803,  854,  931,  396,  759,  130,  583,   70,  636,  939, 1108,  107,  980,  524,  443,  372,  587,  514,  948,  410,  805,  756,  645,  683,  848, 1198,  827,  533,  798,   94,  100,  569,  975,  832,  167, 1069,  758,  234,  311, 1092,  102,  758,  757,  446,  772,  512,  277,   86, 1037,  568, 1060,  888,  761,  579, 1077, 1094,  601,  825,  661,  967,  293,  468,  911,   66,  706,  870,  913, 1061,  645,  840,  519,  711, 1116,  251,  263,  828,  718,  282,  508,  300,  527,  906,   58,  771,  343,  773,  956,  461,  190,  539,  631,  834,  842,  361,   58,  813,  677,  898,  820,  834,  534,  798,  387,  661,  652,  533,  773,  360,  192,  697,  731,  645,  861,  586,  430,  409,  835,  701,  446,  816,  510,  893],
        [ 1021,    0,  497,  514,  842,  804,  503,  901,  957,  921,  756,  768,  754,  724,  925,  663,  717,  672,    0,  781,  806,  959,  808,  374,  686,  926,  512,  598,  421,  887,  320,  309,  875,  824,  568,  621,  266, 1110,  585,  913,  846,  618,  894,  226, 1015,  658,  462,  398,  637,  552,  551,  322,  315,  553,  736,  617,  886,  735,  791, 1110,  892,  154,  723,  462, 1018,  732,  322, 1007,  863,  744,  182,  186,  932,  720,  967,  688,  407,  668,   42,  774,  932,  586,  605,  151,  465,  373,  753,  948,  824,  271,  402,  181, 1012,  778,  990,  972,  498,  220,  511,  579,  722,  991,  966,  182,  760,  870,  547,  815,  703,  840,  574,  203,  908,  330,  675,  188,  629,  756,  753,  970,  939,  846,  722, 1041,  965,  864,  652,  965,  525,  819,  383,  613,  716,  723,  202,  463,  636,  765,  875,  909,  164,  248,  885,  441,  761,  389,  535,  552,  274,  767,  238,  536,  696, 1110,  330, 1145,  612,  806,  585,  713,  397,  247,  829,  642,  728,  770,  652,  354, 1209,  926,  820,  506,  745,  103,  891,  707,  497,  474,  698,  753,   64, 1076,  516,  868,  261,  766, 1057,  647,  906,  692,  917,  915],
        [  417,    0,  285,  883,  263,   66,  947,  125,  185,  246,  969,   55, 1021, 1035,  318,  980,  504,  929,  781,    0,   75,  349,  145,  504,  904,  288,  595,  918,  624,  151,  462,  542,  104,  215,  214, 1003,  651,  772,  316,  154,  194,  235,  574,  562,  726,  125,  332,  415,  560,  813,  969,  783,  489,  326, 1090,  181,  307,  688,  443,  605,  599,  639,  925,  672,  475,  396,  473,  579,  484,  224,  683,  795,  217,  594,  456, 1040,  420,  982,  792,   22,  181,  932,  306,  743,  505,  636,  409,  715,   46,  825,  405,  634,  656,  318,  390,  271,  302,  617,  275,  886,  885,  714,  227,  734, 1094,  142,  237,  855,  667,  188,  898,  610,  377,  589,  158,  683,  663,  991,  190,  683,  160,  139,  181,  780,  185,  175,  337,  379,  297,   42,  768,  467,   75,  992,  585,  377,  186,  214,  467,  282,  816,  538,  196,  747,  762,  436,  259,  648,  583,  731,  603,  313,  898,  664,  790,  720,  265,  598,  740,  435,  403,  628,  173,  586,  972,  148,  255,  557,  776,  312,  531,  280,  621,  679,  478,  438,  285,  585,  778,  280,  767,  759,  300,  526,  699,  616,  507,  228,  734,  115,  676,  230],
        [  343,    0,  314,  863,  190,   10,  931,  105,  153,  173,  931,   42,  986, 1003,  243,  950,  452,  896,  806,   75,    0,  275,   74,  501,  869,  214,  569,  891,  608,   88,  490,  587,   76,  286,  246,  979,  653,  701,  293,  190,  261,  300,  508,  583,  657,  157,  347,  423,  519,  786,  950,  778,  502,  388, 1060,  236,  233,  640,  382,  531,  534,  671,  888,  652,  400,  341,  510,  506,  417,  299,  722,  835,  150,  544,  382, 1011,  424,  953,  814,   96,  217,  907,  374,  755,  488,  626,  352,  650,   59,  826,  448,  670,  585,  255,  316,  319,  348,  628,  314,  860,  846,  646,  170,  774, 1062,  197,  260,  807,  622,  256,  872,  646,  304,  586,  142,  693,  625,  954,  265,  616,  165,   66,  136,  712,  185,  237,  297,  304,  297,   89,  756,  429,  139,  958,  617,  430,  249,  288,  398,  207,  827,  569,  255,  729,  714,  483,  273,  617,  589,  681,  613,  372,  862,  590,  784,  646,  332,  540,  708,  383,  416,  672,   99,  544,  937,   88,  222,  609,  701,  238,  470,  320,  570,  704,  409,  387,  319,  563,  737,  221,  798,  688,  353,  461,  700,  563,  433,  202,  674,  115,  612,  158],
        [   72,    0,  518,  862,  122,  283,  941,  294,  273,  111,  855,  306,  919,  949,   38,  909,  367,  844,  959,  349,  275,    0,  212,  599,  808,   62,  575,  864,  648,  216,  674,  804,  283,  551,  467,  956,  747,  457,  375,  413,  521,  564,  320,  736,  439,  397,  515,  563,  470,  766,  946,  838,  645,  646, 1012,  490,   74,  540,  257,  260,  350,  848,  816,  668,  131,  272,  711,  262,  240,  572,  918, 1030,  160,  450,  131,  971,  553,  910,  957,  370,  435,  886,  640,  871,  538,  683,  263,  457,  320,  903,  668,  859,  354,  190,   42,  541,  580,  751,  538,  836,  769,  435,  189,  972, 1006,  445,  465,  691,  535,  517,  852,  838,   89,  671,  323,  808,  572,  881,  538,  408,  350,  211,  258,  494,  349,  491,  317,   35,  442,  353,  796,  413,  408,  897,  796,  669,  512,  561,  212,   69,  936,  753,  503,  750,  608,  707,  454,  598,  701,  570,  734,  624,  797,  326,  842,  384,  597,  401,  673,  314,  569,  881,  182,  490,  870,  233,  310,  839,  434,   40,  321,  544,  463,  864,  212,  321,  533,  588,  658,  207,  968,  453,  595,  283,  787,  445,  159,  320,  502,  335,  427,  127],
        [  283,    0,  329,  821,  118,   83,  892,  153,  182,  125,  875,   96,  932,  951,  178,  900,  388,  844,  808,  145,   74,  212,    0,  480,  815,  155,  525,  844,  573,   92,  500,  613,  127,  359,  269,  933,  634,  628,  258,  257,  335,  352,  436,  582,  584,  189,  347,  414,  463,  739,  908,  751,  496,  436, 1010,  280,  163,  577,  312,  464,  462,  680,  832,  611,  333,  275,  528,  434,  344,  367,  739,  853,  125,  481,  312,  962,  412,  902,  812,  166,  284,  861,  428,  744,  453,  596,  284,  578,  131,  803,  474,  684,  512,  185,  253,  388,  379,  618,  340,  813,  788,  573,  161,  793, 1010,  269,  274,  743,  561,  329,  826,  661,  232,  563,  134,  681,  569,  898,  334,  543,  220,   46,   94,  639,  235,  311,  245,  239,  285,  162,  723,  376,  197,  905,  626,  466,  300,  358,  325,  144,  814,  580,  328,  691,  651,  511,  276,  568,  574,  617,  602,  416,  807,  519,  756,  576,  385,  471,  657,  319,  412,  695,   31,  487,  882,   39,  182,  641,  632,  174,  399,  346,  505,  708,  336,  323,  340,  523,  678,  155,  805,  615,  390,  388,  679,  496,  367,  171,  603,  131,  540,  114],
        [  656,    0,  263,  405,  487,  503,  457,  605,  652,  579,  566,  471,  598,  594,  566,  531,  349,  501,  374,  504,  501,  599,  480,    0,  491,  574,  193,  461,  151,  569,  210,  363,  577,  631,  318,  534,  154,  749,  229,  656,  638,  447,  525,  179,  658,  386,  189,  106,  286,  365,  487,  280,  106,  439,  637,  398,  527,  413,  417,  736,  527,  306,  523,  214,  646,  359,  270,  634,  490,  570,  397,  493,  601,  370,  595,  584,   90,  535,  364,  506,  681,  467,  482,  273,  102,  142,  379,  597,  537,  325,  307,  336,  645,  412,  627,  752,  329,  156,  305,  430,  498,  634,  639,  445,  649,  629,  285,  541,  380,  631,  437,  325,  540,   86,  360,  210,  320,  580,  561,  610,  659,  524,  388,  690,  682,  641,  284,  601,  208,  545,  271,  242,  461,  565,  269,  370,  433,  583,  501,  556,  339,  249,  664,  268,  462,  334,  250,  255,  104,  454,  138,  407,  492,  738,  287,  775,  462,  448,  332,  339,  132,  396,  495,  299,  555,  442,  304,  427,  839,  569,  451,  305,  400,  293,  517,  334,  281,  156,  426,  393,  398,  717,  363,  496,  200,  417,  686,  309,  566,  393,  562,  576],
        [  828,    0,  737,  189,  750,  875,  251,  967,  993,  855,   77,  856,  118,  141,  793,  112,  444,   42,  686,  904,  869,  808,  815,  491,    0,  821,  320,  114,  342,  901,  693,  832,  939, 1080,  775,  181,  456,  640,  591, 1054, 1077,  921,  532,  619,  549,  814,  662,  592,  353,  138,  218,  365,  587,  926,  205,  858,  758,  275,  551,  781,  508,  719,   38,  278,  770,  553,  751,  664,  581, 1033,  809,  865,  899,  359,  722,  169,  571,  111,  650,  915, 1082,  141,  966,  536,  426,  369,  554,  472,  922,  429,  797,  760,  604,  651,  812, 1174,  814,  536,  783,  116,   59,  528,  943,  840,  199, 1045,  740,  194,  274, 1070,  128,  760,  721,  442,  748,  519,  246,   91, 1017,  527, 1032,  858,  734,  538, 1048, 1070,  573,  789,  642,  942,  304,  440,  889,   91,  708,  861,  896, 1042,  607,  806,  536,  710, 1093,  254,  222,  822,  700,  260,  507,  259,  528,  894,   18,  730,  358,  732,  941,  423,  168,  507,  620,  838,  812,  329,   69,  785,  651,  897,  779,  800,  497,  784,  349,  669,  615,  501,  759,  345,  153,  666,  742,  604,  848,  547,  437,  371,  796,  676,  405,  792,  469,  861],
        [  130,    0,  471,  862,   88,  223,  940,  235,  219,   52,  872,  247,  935,  962,   39,  918,  378,  855,  926,  288,  214,   62,  155,  574,  821,    0,  570,  870,  636,  156,  633,  757,  223,  490,  416,  962,  725,  512,  346,  354,  461,  506,  358,  702,  487,  342,  474,  528,  475,  769,  948,  825,  611,  590, 1024,  434,   64,  559,  274,  321,  388,  810,  832,  662,  191,  273,  667,  316,  271,  512,  876,  989,  105,  465,  185,  981,  521,  920,  926,  310,  377,  891,  582,  845,  522,  668,  269,  499,  259,  886,  620,  818,  405,  179,  102,  484,  529,  723,  487,  841,  785,  481,  140,  929, 1020,  385,  417,  716,  551,  456,  856,  796,  122,  650,  273,  782,  580,  898,  477,  453,  293,  150,  212,  543,  295,  431,  298,   94,  404,  292,  786,  408,  349,  911,  757,  616,  454,  500,  246,   18,  912,  712,  443,  744,  630,  658,  410,  599,  675,  592,  706,  569,  811,  386,  828,  443,  539,  428,  678,  318,  532,  836,  124,  497,  885,  179,  276,  789,  494,   31,  348,  493,  482,  829,  249,  324,  484,  578,  674,  184,  931,  506,  542,  317,  767,  466,  220,  281,  539,  281,  466,   68],
        [  616,    0,  419,  297,  487,  574,  371,  672,  706,  591,  392,  551,  435,  443,  550,  385,  235,  339,  512,  595,  569,  575,  525,  193,  320,  570,    0,  323,   95,  616,  402,  556,  643,  762,  456,  410,  246,  604,  280,  748,  761,  602,  401,  359,  507,  498,  344,  281,  134,  218,  384,  278,  298,  612,  495,  539,  510,  228,  337,  643,  394,  482,  348,   94,  582,  304,  462,  529,  397,  714,  575,  660,  627,  212,  529,  445,  259,  388,  489,  604,  776,  338,  650,  374,  109,  143,  316,  438,  618,  351,  494,  516,  515,  391,  592,  862,  499,  303,  465,  291,  316,  483,  670,  619,  501,  734,  421,  348,  195,  754,  304,  509,  497,  187,  439,  325,  129,  410,  698,  463,  734,  571,  436,  530,  753,  756,  282,  566,  323,  635,  225,  163,  574,  404,  453,  553,  576,  723,  417,  552,  418,  439,  779,  175,  271,  524,  380,   64,  254,  266,  288,  579,  318,  625,  279,  652,  623,  301,  153,  265,  310,  583,  529,  133,  387,  491,  348,  619,  713,  555,  333,  466,  235,  453,  431,  258,  442,   40,  234,  392,  551,  569,  533,  387,  264,  257,  618,  370,  395,  481,  408,  593],
        [  892,    0,  720,   85,  793,  896,  137,  993, 1025,  898,  165,  873,  157,  137,  845,   72,  498,   83,  598,  918,  891,  864,  844,  461,  114,  870,  323,    0,  312,  933,  650,  776,  964, 1078,  767,   92,  393,  741,  602, 1071, 1080,  905,  611,  562,  647,  817,  645,  566,  395,  106,  107,  278,  546,  899,  177,  849,  808,  354,  609,  865,  591,  650,  146,  253,  840,  598,  704,  746,  648, 1024,  736,  781,  939,  424,  790,  124,  548,   76,  560,  926, 1098,   28,  943,  452,  418,  324,  603,  569,  941,  332,  759,  691,  695,  694,  872, 1184,  790,  473,  764,   32,  171,  625,  982,  762,  188, 1055,  732,  304,  343, 1073,   26,  695,  779,  397,  761,  445,  293,  160, 1012,  620, 1056,  889,  757,  642, 1074, 1077,  599,  848,  638,  957,  227,  470,  894,  126,  646,  826,  886, 1035,  674,  853,  441,  654, 1099,  197,  316,  780,  693,  276,  454,  349,  469,  868,  131,  820,  269,  827,  922,  499,  192,  553,  593,  771,  845,  375,  133,  811,  670,  841,  877,  851,  566,  764,  421,  594,  683,  546,  740,  336,  237,  703,  658,  704,  824,  620,  364,  445,  869,  692,  503,  803,  561,  903],
        [  694,    0,  409,  262,  550,  611,  324,  713,  753,  652,  417,  584,  447,  444,  620,  381,  324,  350,  421,  624,  608,  648,  573,  151,  342,  636,   95,  312,    0,  664,  353,  497,  684,  771,  458,  388,  155,  698,  317,  778,  774,  594,  494,  289,  601,  515,  334,  256,  227,  214,  347,  192,  246,  590,  488,  540,  580,  315,  422,  733,  487,  405,  375,   64,  666,  380,  411,  620,  486,  714,  498,  576,  684,  306,  613,  435,  237,  385,  397,  629,  804,  320,  632,  281,  121,   49,  395,  531,  652,  262,  456,  442,  608,  460,  668,  884,  479,  220,  453,  280,  354,  577,  725,  538,  499,  757,  423,  413,  283,  767,  288,  437,  574,  108,  470,  234,  210,  430,  703,  557,  771,  618,  481,  623,  793,  774,  340,  642,  333,  664,  152,  239,  591,  415,  382,  521,  576,  726,  504,  618,  324,  376,  797,  124,  347,  481,  385,  133,  177,  349,  207,  558,  344,  718,  195,  746,  611,  395,  190,  346,  283,  514,  581,  227,  404,  537,  391,  562,  807,  624,  425,  453,  328,  369,  518,  339,  429,   64,  295,  454,  463,  663,  513,  478,  170,  351,  703,  407,  486,  509,  502,  652],
        [  278,    0,  399,  911,  170,   93,  983,   82,   92,  106,  960,  129, 1018, 1039,  192,  989,  468,  931,  887,  151,   88,  216,   92,  569,  901,  156,  616,  933,  664,    0,  574,  675,   68,  337,  332, 1023,  722,  664,  349,  200,  306,  384,  493,  663,  633,  244,  426,  499,  549,  829,  999,  841,  580,  474, 1098,  323,  196,  657,  382,  475,  521,  755,  917,  702,  346,  355,  596,  468,  402,  366,  808,  922,   67,  560,  338, 1051,  497,  991,  894,  170,  225,  951,  456,  830,  544,  686,  361,  636,  112,  893,  536,  756,  554,  259,  255,  332,  436,  703,  401,  902,  873,  624,   82,  861, 1098,  229,  345,  821,  643,  302,  916,  732,  267,  653,  215,  767,  656,  984,  332,  595,  146,   46,  184,  688,  155,  276,  334,  249,  370,  142,  814,  465,  222,  991,  701,  517,  334,  353,  379,  156,  901,  654,  288,  782,  731,  571,  353,  658,  661,  695,  687,  458,  893,  541,  846,  598,  415,  542,  745,  400,  494,  759,   90,  573,  968,  128,  273,  697,  649,  184,  467,  407,  583,  786,  386,  405,  406,  614,  762,  236,  882,  656,  440,  447,  768,  572,  374,  261,  667,  197,  600,   90],
        [  741,    0,  178,  583,  553,  488,  617,  583,  640,  620,  769,  451,  795,  786,  637,  721,  520,  699,  320,  462,  490,  674,  500,  210,  693,  633,  402,  650,  353,  574,    0,  160,  558,  518,  249,  712,  270,  918,  317,  594,  536,  312,  688,  116,  833,  339,  160,  140,  481,  562,  655,  415,  107,  269,  822,  300,  602,  616,  559,  862,  695,  181,  727,  416,  753,  492,   61,  776,  632,  442,  245,  357,  624,  562,  708,  768,  162,  726,  334,  455,  614,  651,  320,  309,  303,  328,  515,  780,  505,  425,  113,  186,  806,  509,  709,  660,  186,  201,  192,  621,  705,  811,  654,  298,  837,  553,  230,  749,  583,  530,  625,  164,  638,  254,  367,  261,  528,  781,  445,  784,  620,  536,  422,  872,  646,  550,  396,  686,  234,  500,  435,  415,  397,  762,  127,  184,  322,  461,  636,  616,  381,   81,  572,  453,  669,  130,  225,  464,  199,  659,  196,  243,  696,  881,  424,  925,  314,  630,  539,  489,  119,  216,  524,  498,  755,  465,  367,  220,  990,  638,  614,  188,  593,  218,  653,  485,  178,  366,  635,  476,  308,  889,  211,  650,  314,  607,  794,  354,  758,  378,  743,  612],
