{
    "name": "random-53-4581",
    "comment": "size=53 seed=4581",
    "nodes": ["+0", "-0", "+1", "-1", "+2", "-2", "+3", "-3", "+4", "-4", "+5", "-5", "+6", "-6", "+7", "-7", "+8", "-8", "+9", "-9", "+10", "-10", "+11", "-11", "+12", "-12", "+13", "-13", "+14", "-14", "+15", "-15", "+16", "-16", "+17", "-17", "+18", "-18", "+19", "-19", "+20", "-20", "+21", "-21", "+22", "-22", "+23", "-23", "+24", "-24", "+25", "-25", "+26", "-26", "+27", "-27", "+28", "-28", "+29", "-29", "+30", "-30", "+31", "-31", "+32", "-32", "+33", "-33", "+34", "-34", "+35", "-35", "+36", "-36", "+37", "-37", "+38", "-38", "+39", "-39", "+40", "-40", "+41", "-41", "+42", "-42", "+43", "-43", "+44", "-44", "+45", "-45", "+46", "-46", "+47", "-47", "+48", "-48", "+49", "-49", "+50", "-50", "+51", "-51", "+52", "-52", "+53", "-53"],
    "precedence": {
        "+0": "-0",
        "+1": "-1",
        "+2": "-2",
        "+3": "-3",
        "+4": "-4",
        "+5": "-5",
        "+6": "-6",
        "+7": "-7",
        "+8": "-8",
        "+9": "-9",
        "+10": "-10",
        "+11": "-11",
        "+12": "-12",
        "+13": "-13",
        "+14": "-14",
        "+15": "-15",
        "+16": "-16",
        "+17": "-17",
        "+18": "-18",
        "+19": "-19",
        "+20": "-20",
        "+21": "-21",
        "+22": "-22",
        "+23": "-23",
        "+24": "-24",
        "+25": "-25",
        "+26": "-26",
        "+27": "-27",
        "+28": "-28",
        "+29": "-29",
        "+30": "-30",
        "+31": "-31",
        "+32": "-32",
        "+33": "-33",
        "+34": "-34",
        "+35": "-35",
        "+36": "-36",
        "+37": "-37",
        "+38": "-38",
        "+39": "-39",
        "+40": "-40",
        "+41": "-41",
        "+42": "-42",
        "+43": "-43",
        "+44": "-44",
        "+45": "-45",
        "+46": "-46",
        "+47": "-47",
        "+48": "-48",
        "+49": "-49",
        "+50": "-50",
        "+51": "-51",
        "+52": "-52",
        "+53": "-53"
    },
    "edges": [
        [    0,    0,  233,  430,  425,  598,  498,  531, 1052,  418,  564,  759,  742,  936,  426,  503,  561,  334,  545,  444,  805,  266,  743,  178,  280,  128,  724,  507,  414,  736,  783,  505,  296,  376,  144,  774,   44,  595,  838,  686,  480,   86, 1021,  788, 1047,  839,  856,  668,  765,  176,  465,  624,  759, 1090,  105,  828,  843,  808,  567,  740,  169,  200,  171, 1010,   98,  444,  658,  899,  774,  930,  374,  277,  634,  540,  133,  670,  160,  735,  442,  372,  752,  199,  334,  903,  418,  774,  119,  800,  406,  694,   46,  589,  867,  972, 1021,  450,  433,  759,  229,  439,  470,  406,  473,  759,  798,  310,  613,  814],
        [    0,    0,    0,    0,    0,    0,    0,    0,    0,    0,    0,    0,    0,    0,    0,    0,    0,    0,    0,    0,    0,    0,    0,    0,    0,    0,    0,    0,    0,    0,    0,    0,    0,    0,    0,    0,    0,    0,    0,    0,    0,    0,    0,    0,    0,    0,    0,    0,    0,    0,    0,    0,    0,    0,    0,    0,    0,    0,    0,    0,    0,    0,    0,    0,    0,    0,    0,    0,    0,    0,    0,    0,    0,    0,    0,    0,    0,    0,    0,    0,    0,    0,    0,    0,    0,    0,    0,    0,    0,    0,    0,    0,    0,    0,    0,    0,    0,    0,    0,    0,    0,    0,    0,    0,    0,    0,    0,    0],
        [  233,    0,    0,  592,  207,  579,  293,  535,  977,  562,  717,  694,  774,  841,  391,  315,  650,  254,  640,  480,  612,  347,  516,  144,   48,  356,  809,  603,  344,  581,  722,  609,   64,  540,  200,  802,  271,  735,  638,  462,  297,  216,  985,  731,  957,  757,  671,  652,  569,   80,  570,  405,  545, 1023,  310,  857,  845,  712,  560,  521,  358,  205,  276,  937,  152,  401,  651,  882,  872,  807,  539,  422,  733,  683,  352,  781,  332,  845,  469,  473,  551,  129,  445,  837,  451,  547,  222,  622,  443,  492,  195,  716,  786,  862,  952,  305,  527,  639,  320,  510,  582,  327,  292,  765,  855,   85,  646,  741],
        [  430,    0,  592,    0,  698,  455,  723,  381,  905,   52,  134,  646,  458,  842,  417,  697,  225,  468,  205,  295,  942,  264,  992,  452,  635,  339,  354,  185,  469,  803,  659,  167,  636,   55,  574,  490,  390,  171,  988,  931,  672,  514,  807,  655,  930,  739,  964,  493,  916,  574,  151,  859,  959,  923,  473,  532,  589,  741,  417,  959,  263,  399,  586,  866,  453,  435,  472,  671,  382,  893,   57,  170,  260,  118,  450,  270,  274,  330,  313,  173,  916,  618,  171,  763,  298, 1021,  546,  902,  289,  874,  471,  180,  762,  904,  867,  595,  175,  750,  279,  225,  136,  481,  664,  518,  462,  631,  368,  704],
        [  425,    0,  207,  698,    0,  534,   94,  517,  852,  658,  807,  594,  754,  705,  368,  134,  691,  246,  687,  500,  410,  435,  320,  273,  175,  536,  833,  654,  302,  406,  622,  666,  149,  653,  405,  776,  455,  813,  434,  262,  127,  421,  893,  634,  820,  638,  473,  601,  366,  286,  633,  201,  339,  903,  513,  828,  794,  583,  529,  317,  510,  307,  481,  815,  330,  367,  606,  810,  903,  650,  654,  536,  774,  767,  552,  831,  480,  890,  482,  546,  346,  325,  532,  726,  474,  351,  428,  429,  472,  287,  393,  784,  664,  713,  833,  188,  587,  493,  422,  553,  649,  282,  128,  722,  850,  122,  639,  629],
        [  598,    0,  579,  455,  534,    0,  496,   78,  472,  405,  477,  192,  225,  390,  189,  446,  281,  327,  292,  179,  572,  346,  715,  466,  597,  604,  351,  287,  241,  404,  209,  308,  579,  450,  703,  244,  585,  450,  621,  662,  433,  666,  424,  208,  485,  285,  569,   74,  562,  622,  307,  597,  640,  502,  695,  295,  267,  288,   39,  659,  509,  413,  759,  431,  537,  180,   74,  306,  424,  441,  456,  414,  338,  433,  703,  399,  487,  436,  169,  310,  574,  685,  341,  323,  194,  737,  696,  512,  207,  553,  610,  405,  310,  449,  437,  351,  282,  313,  379,  235,  325,  261,  427,  190,  330,  554,  140,  251],
        [  498,    0,  293,  723,   94,  496,    0,  492,  774,  679,  822,  530,  720,  625,  352,   54,  687,  257,  685,  493,  320,  463,  270,  331,  266,  600,  817,  655,  285,  316,  556,  670,  239,  682,  492,  739,  524,  822,  346,  209,   64,  503,  826,  570,  738,  564,  381,  557,  276,  373,  640,  138,  263,  826,  591,  789,  746,  506,  497,  249,  562,  352,  569,  738,  401,  346,  566,  754,  889,  563,  684,  570,  768,  779,  628,  827,  531,  882,  474,  561,  259,  416,  553,  654,  470,  300,  513,  336,  471,  200,  470,  789,  589,  628,  757,  150,  594,  412,  457,  555,  657,  266,   71,  679,  822,  210,  614,  559],
        [  531,    0,  535,  381,  517,   78,  492,    0,  549,  331,  414,  269,  242,  467,  152,  446,  226,  290,  234,  101,  610,  274,  730,  412,  558,  530,  328,  221,  216,  450,  287,  242,  543,  374,  643,  268,  516,  392,  659,  673,  429,  604,  493,  286,  562,  362,  616,  139,  595,  571,  236,  605,  664,  578,  626,  322,  316,  361,   40,  678,  434,  355,  696,  508,  477,  150,  128,  368,  401,  512,  379,  337,  295,  369,  632,  357,  414,  403,   94,  232,  604,  633,  264,  400,  119,  754,  635,  556,  132,  576,  547,  349,  387,  525,  513,  343,  208,  374,  308,  159,  254,  236,  422,  233,  334,  520,  123,  328],
        [ 1052,    0,  977,  905,  852,  472,  774,  549,    0,  859,  888,  294,  481,  153,  626,  723,  692,  737,  710,  650,  621,  815,  864,  897,  979, 1073,  657,  721,  647,  485,  270,  741,  954,  910, 1137,  459, 1046,  846,  656,  835,  726, 1111,  175,  267,   72,  220,  565,  417,  646, 1039,  755,  800,  752,   57, 1154,  450,  357,  270,  510,  792,  980,  856, 1203,   42,  978,  609,  436,  271,  705,  258,  916,  885,  706,  851, 1167,  751,  956,  752,  641,  778,  673, 1099,  812,  150,  665,  870, 1138,  546,  679,  696, 1057,  801,  192,  186,   40,  680,  742,  364,  846,  699,  769,  660,  725,  400,  551,  924,  538,  240],
        [  418,    0,  562,   52,  658,  405,  679,  331,  859,    0,  155,  596,  420,  793,  367,  651,  190,  423,  170,  243,  892,  225,  947,  420,  605,  338,  334,  144,  420,  752,  611,  129,  603,   60,  561,  453,  380,  179,  938,  886,  627,  502,  766,  607,  882,  689,  913,  445,  867,  551,  105,  815,  912,  878,  470,  498,  550,  691,  367,  913,  252,  365,  580,  819,  429,  385,  425,  630,  370,  843,   66,  145,  239,  124,  452,  260,  258,  323,  261,  123,  868,  598,  127,  715,  247,  976,  535,  851,  238,  826,  456,  174,  713,  854,  821,  548,  124,  698,  244,  174,   93,  433,  618,  476,  435,  596,  323,  655],
        [  564,    0,  717,  134,  807,  477,  822,  414,  888,  155,    0,  657,  414,  848,  491,  790,  202,  567,  187,  351, 1011,  377, 1087,  575,  759,  471,  270,  193,  551,  860,  666,  173,  757,  188,  707,  443,  524,   53, 1059, 1026,  767,  648,  769,  659,  922,  748, 1024,  497,  990,  704,  189,  955, 1043,  898,  605,  474,  548,  762,  443, 1048,  396,  518,  719,  852,  582,  505,  474,  635,  277,  915,  191,  298,  189,   46,  581,  170,  407,  218,  371,  262,  994,  750,  277,  756,  365, 1114,  679,  964,  359,  956,  604,   90,  768,  915,  849,  684,  232,  788,  398,  279,  170,  566,  758,  489,  389,  750,  360,  712],
        [  759,    0,  694,  646,  594,  192,  530,  269,  294,  596,  657,    0,  310,  198,  333,  477,  456,  448,  471,  368,  489,  524,  688,  606,  701,  781,  481,  471,  356,  316,   28,  492,  678,  642,  847,  307,  753,  624,  536,  645,  472,  819,  299,   41,  296,   93,  464,  162,  494,  751,  496,  593,  592,  333,  861,  335,  256,  112,  231,  621,  690,  562,  911,  252,  685,  315,  185,  233,  547,  261,  648,  602,  496,  615,  874,  553,  665,  576,  357,  501,  514,  813,  531,  146,  380,  703,  846,  417,  393,  514,  764,  578,  118,  259,  263,  411,  474,  186,  554,  427,  513,  371,  470,  228,  414,  649,  299,   60],
        [  742,    0,  774,  458,  754,  225,  720,  242,  481,  420,  414,  310,    0,  469,  392,  671,  233,  531,  253,  303,  776,  477,  937,  645,  799,  713,  180,  277,  454,  603,  305,  293,  784,  479,  866,   34,  719,  369,  824,  885,  657,  821,  356,  293,  524,  383,  762,  176,  772,  805,  320,  821,  857,  486,  827,   86,  134,  420,  226,  878,  614,  585,  912,  448,  703,  389,  160,  221,  240,  562,  485,  498,  228,  381,  824,  270,  602,  277,  310,  384,  787,  865,  424,  363,  331,  958,  853,  709,  341,  771,  765,  325,  395,  541,  442,  573,  328,  487,  513,  307,  328,  475,  651,   87,  109,  761,  130,  349],
        [  936,    0,  841,  842,  705,  390,  625,  467,  153,  793,  848,  198,  469,    0,  514,  575,  647,  610,  663,  565,  473,  714,  713,  772,  840,  969,  648,  666,  523,  332,  184,  687,  814,  839, 1010,  456,  934,  812,  510,  683,  579,  989,  272,  190,  117,  105,  421,  353,  495,  906,  692,  648,  602,  208, 1039,  466,  371,  130,  428,  641,  881,  736, 1079,  125,  855,  494,  376,  303,  708,  122,  845,  797,  679,  807, 1057,  731,  854,  745,  553,  698,  522,  966,  727,  115,  575,  719, 1014,  397,  588,  543,  935,  766,   81,   74,  147,  540,  671,  214,  742,  624,  709,  533,  579,  383,  560,  783,  489,  139],
        [  426,    0,  391,  417,  368,  189,  352,  152,  626,  367,  491,  333,  392,  514,    0,  311,  337,  140,  336,  145,  526,  209,  604,  280,  411,  457,  467,  310,   68,  389,  358,  327,  393,  390,  520,  418,  421,  483,  572,  545,  291,  488,  605,  363,  624,  414,  547,  262,  502,  435,  303,  475,  554,  664,  528,  472,  455,  389,  171,  561,  372,  231,  580,  585,  356,   21,  260,  494,  539,  525,  394,  309,  417,  446,  544,  477,  344,  531,  125,  245,  504,  497,  257,  478,  127,  631,  517,  486,  132,  466,  432,  446,  443,  557,  595,  204,  259,  360,  232,  213,  321,   88,  283,  375,  484,  370,  272,  388],
        [  503,    0,  315,  697,  134,  446,   54,  446,  723,  651,  790,  477,  671,  575,  311,    0,  647,  231,  646,  454,  303,  440,  298,  331,  295,  598,  773,  618,  244,  274,  503,  633,  268,  657,  513,  689,  526,  787,  335,  237,   26,  518,  773,  517,  689,  512,  358,  506,  262,  394,  605,  166,  270,  775,  601,  738,  693,  455,  449,  264,  552,  342,  589,  687,  406,  303,  516,  701,  845,  517,  660,  549,  727,  746,  636,  787,  520,  840,  435,  530,  250,  442,  526,  602,  433,  326,  531,  307,  435,  194,  480,  753,  537,  580,  705,  107,  559,  362,  438,  518,  623,  227,   34,  628,  773,  237,  567,  506],
        [  561,    0,  650,  225,  691,  281,  687,  226,  692,  190,  202,  456,  233,  647,  337,  647,    0,  446,   21,  194,  836,  310,  940,  508,  685,  507,  164,   55,  403,  676,  465,   63,  677,  249,  697,  265,  530,  170,  884,  881,  626,  644,  585,  458,  724,  547,  842,  296,  819,  660,   99,  811,  883,  706,  632,  308,  365,  562,  249,  894,  412,  446,  730,  655,  545,  346,  273,  448,  222,  715,  255,  292,   84,  161,  621,  141,  407,  199,  213,  189,  826,  716,  228,  556,  218,  966,  678,  782,  220,  795,  592,  125,  567,  714,  653,  540,  129,  593,  344,  142,  101,  422,  618,  297,  248,  661,  159,  511],
        [  334,    0,  254,  468,  246,  327,  257,  290,  737,  423,  567,  448,  531,  610,  140,  231,  446,    0,  441,  256,  506,  209,  525,  163,  271,  399,  592,  409,   92,  409,  475,  421,  254,  427,  401,  557,  342,  570,  546,  464,  206,  380,  734,  483,  725,  519,  545,  400,  472,  304,  388,  392,  498,  780,  439,  611,  593,  481,  311,  495,  336,  137,  469,  696,  247,  148,  399,  629,  660,  597,  430,  320,  530,  525,  463,  586,  304,  645,  240,  305,  466,  366,  297,  593,  229,  554,  405,  485,  227,  417,  328,  540,  548,  642,  709,  137,  342,  426,  210,  308,  405,   78,  197,  514,  619,  231,  407,  498],
        [  545,    0,  640,  205,  687,  292,  685,  234,  710,  170,  187,  471,  253,  663,  336,  646,   21,  441,    0,  193,  841,  297,  940,  497,  675,  488,  180,   38,  402,  683,  480,   43,  668,  229,  682,  286,  513,  159,  889,  881,  625,  629,  604,  473,  741,  562,  849,  311,  824,  648,   81,  811,  886,  725,  614,  329,  385,  575,  259,  895,  394,  435,  714,  673,  531,  347,  288,  468,  234,  728,  235,  274,   94,  145,  603,  145,  389,  207,  212,  175,  830,  703,  212,  573,  215,  966,  662,  789,  215,  797,  576,  115,  582,  729,  672,  539,  115,  604,  330,  135,   82,  420,  617,  316,  268,  653,  175,  526],
        [  444,    0,  480,  295,  500,  179,  493,  101,  650,  243,  351,  368,  303,  565,  145,  454,  194,  256,  193,    0,  661,  180,  749,  345,  509,  433,  336,  166,  210,  513,  387,  183,  498,  280,  564,  334,  425,  339,  708,  689,  433,  520,  589,  386,  663,  460,  676,  238,  640,  504,  163,  619,  697,  678,  534,  388,  400,  454,  141,  705,  336,  284,  612,  609,  400,  157,  223,  461,  405,  604,  285,  236,  276,  306,  538,  335,  316,  391,   21,  134,  644,  564,  163,  501,   30,  775,  552,  615,   39,  609,  464,  302,  486,  621,  614,  347,  123,  456,  216,   73,  182,  228,  425,  316,  376,  479,  173,  428],
        [  805,    0,  612,  942,  410,  572,  320,  610,  621,  892, 1011,  489,  776,  473,  526,  303,  836,  506,  841,  661,    0,  706,  254,  630,  585,  895,  923,  822,  476,  175,  507,  841,  558,  912,  811,  782,  826,  997,   49,  244,  325,  819,  734,  523,  564,  467,   73,  601,   46,  692,  823,  245,  139,  677,  903,  818,  744,  404,  594,  183,  840,  634,  888,  597,  708,  509,  620,  714,  995,  366,  915,  817,  904,  966,  938,  966,  808, 1007,  641,  770,   72,  735,  777,  553,  649,  253,  831,   77,  656,  128,  782,  956,  480,  440,  619,  369,  782,  305,  714,  733,  842,  467,  333,  706,  884,  529,  712,  483],
        [  266,    0,  347,  264,  435,  346,  463,  274,  815,  225,  377,  524,  477,  714,  209,  440,  310,  209,  297,  180,  706,    0,  732,  204,  387,  259,  473,  259,  236,  589,  546,  263,  383,  220,  393,  509,  245,  391,  749,  671,  415,  345,  766,  549,  820,  612,  738,  412,  676,  351,  223,  600,  707,  847,  355,  563,  579,  593,  312,  704,  167,  144,  436,  773,  236,  230,  400,  640,  531,  733,  222,  111,  390,  340,  359,  436,  142,  500,  181,  126,  672,  407,  100,  665,  156,  761,  378,  677,  143,  625,  289,  370,  640,  762,  781,  344,  183,  569,   37,  177,  235,  241,  406,  496,  537,  374,  348,  582],
        [  743,    0,  516,  992,  320,  715,  270,  730,  864,  947, 1087,  688,  937,  713,  604,  298,  940,  525,  940,  749,  254,  732,    0,  591,  475,  855, 1057,  913,  540,  385,  711,  929,  453,  951,  705,  950,  774, 1084,  237,   62,  321,  730,  961,  726,  811,  688,  323,  763,  221,  591,  902,  133,  115,  920,  826,  995,  934,  624,  726,   73,  827,  618,  778,  837,  649,  594,  778,  921, 1130,  613,  953,  840, 1018, 1043,  867, 1079,  795, 1130,  729,  827,  192,  616,  822,  779,  728,   32,  733,  322,  731,  175,  708, 1049,  706,  687,  859,  404,  856,  520,  726,  814,  920,  523,  330,  881, 1044,  434,  847,  697],
        [  178,    0,  144,  452,  273,  466,  331,  412,  897,  420,  575,  606,  645,  772,  280,  331,  508,  163,  497,  345,  630,  204,  591,    0,  185,  269,  668,  460,  251,  558,  632,  465,  184,  402,  241,  674,  196,  592,  665,  531,  307,  217,  884,  639,  887,  680,  679,  539,  591,  160,  426,  465,  593,  938,  281,  729,  727,  643,  442,  579,  239,   63,  307,  856,   85,  294,  534,  772,  730,  759,  402,  283,  590,  540,  311,  638,  209,  702,  336,  329,  580,  221,  302,  751,  316,  622,  242,  623,  307,  524,  166,  573,  709,  805,  868,  272,  384,  587,  177,  368,  438,  240,  299,  644,  720,  182,  515,  658],
        [  280,    0,   48,  635,  175,  597,  266,  558,  979,  605,  759,  701,  799,  840,  411,  295,  685,  271,  675,  509,  585,  387,  475,  185,    0,  403,  842,  639,  358,  566,  729,  646,   28,  584,  232,  826,  318,  776,  609,  423,  280,  256,  995,  739,  956,  760,  647,  670,  541,  117,  607,  369,  510, 1026,  352,  880,  864,  712,  581,  484,  405,  244,  308,  940,  200,  418,  670,  896,  906,  799,  583,  466,  768,  724,  395,  818,  379,  881,  497,  511,  521,  150,  485,  842,  481,  506,  259,  600,  474,  462,  240,  756,  788,  857,  955,  300,  564,  634,  361,  544,  620,  340,  276,  785,  883,   59,  673,  745],
        [  128,    0,  356,  339,  536,  604,  600,  530, 1073,  338,  471,  781,  713,  969,  457,  598,  507,  399,  488,  433,  895,  259,  855,  269,  403,    0,  665,  453,  463,  807,  804,  446,  417,  287,  255,  746,   86,  509,  932,  797,  574,  195, 1021,  807, 1076,  868,  940,  669,  858,  302,  408,  732,  862, 1105,  135,  797,  826,  845,  569,  847,   99,  263,  252, 1031,  208,  477,  655,  892,  707,  979,  283,  217,  571,  454,  115,  597,  117,  661,  437,  330,  847,  324,  289,  923,  412,  887,  222,  881,  399,  792,  172,  511,  896, 1014, 1039,  529,  387,  810,  228,  407,  408,  461,  566,  744,  753,  428,  590,  839],
        [  724,    0,  809,  354,  833,  351,  817,  328,  657,  334,  270,  481,  180,  648,  467,  773,  164,  592,  180,  336,  923,  473, 1057,  668,  842,  665,    0,  217,  535,  753,  480,  220,  832,  392,  861,  199,  692,  219,  972, 1001,  755,  808,  518,  469,  702,  560,  917,  330,  913,  822,  260,  933,  989,  657,  792,  215,  301,  592,  334, 1005,  572,  606,  893,  625,  708,  472,  308,  389,   74,  738,  398,  453,   96,  250,  780,  104,  568,   97,  352,  353,  924,  879,  391,  542,  364, 1081,  841,  861,  369,  901,  755,  184,  573,  720,  618,  668,  292,  648,  507,  300,  257,  555,  747,  266,  120,  814,  213,  524],
        [  507,    0,  603,  185,  654,  287,  655,  221,  721,  144,  193,  471,  277,  666,  310,  618,   55,  409,   38,  166,  822,  259,  913,  460,  639,  453,  217,    0,  375,  668,  482,   22,  632,  202,  644,  310,  476,  175,  870,  854,  596,  591,  623,  477,  749,  563,  833,  314,  803,  610,   46,  783,  862,  738,  578,  356,  406,  573,  251,  870,  358,  398,  676,  683,  493,  322,  292,  487,  272,  726,  208,  238,  131,  148,  567,  180,  352,  243,  186,  137,  808,  665,  174,  581,  186,  940,  624,  773,  185,  774,  538,  136,  585,  730,  683,  511,   77,  595,  292,  102,   52,  392,  588,  333,  301,  618,  184,  528],
        [  414,    0,  344,  469,  302,  241,  285,  216,  647,  420,  551,  356,  454,  523,   68,  244,  403,   92,  402,  210,  476,  236,  540,  251,  358,  463,  535,  375,    0,  354,  383,  390,  339,  437,  491,  478,  416,  545,  520,  480,  224,  467,  642,  391,  636,  429,  504,  313,  448,  396,  364,  409,  494,  689,  519,  531,  507,  395,  230,  498,  388,  214,  557,  605,  333,   66,  314,  539,  606,  518,  440,  344,  484,  507,  539,  544,  357,  598,  191,  297,  448,  458,  302,  502,  189,  566,  493,  443,  192,  407,  413,  510,  458,  559,  618,  137,  319,  348,  250,  275,  382,   21,  216,  430,  549,  313,  337,  407],
        [  736,    0,  581,  803,  406,  404,  316,  450,  485,  752,  860,  316,  603,  332,  389,  274,  676,  409,  683,  513,  175,  589,  385,  558,  566,  807,  753,  668,  354,    0,  336,  688,  539,  779,  772,  608,  748,  841,  223,  352,  287,  767,  577,  351,  439,  304,  167,  428,  179,  656,  674,  317,  280,  540,  839,  644,  571,  240,  429,  315,  739,  545,  847,  455,  642,  370,  448,  545,  825,  251,  783,  695,  740,  814,  868,  801,  707,  840,  493,  632,  201,  709,  645,  394,  505,  396,  786,  108,  514,  213,  722,  798,  322,  320,  476,  288,  635,  136,  603,  585,  693,  351,  290,  532,  711,  507,  544,  316],
        [  783,    0,  722,  659,  622,  209,  556,  287,  270,  611,  666,   28,  305,  184,  358,  503,  465,  475,  480,  387,  507,  546,  711,  632,  729,  804,  480,  482,  383,  336,    0,  503,  706,  657,  873,  299,  777,  631,  553,  668,  499,  844,  271,   16,  276,   83,  479,  170,  514,  778,  509,  617,  613,  307,  885,  324,  240,  117,  248,  643,  712,  588,  936,  228,  711,  340,  193,  210,  544,  259,  663,  621,  500,  624,  898,  556,  687,  575,  376,  518,  535,  840,  550,  121,  400,  725,  872,  434,  413,  536,  789,  584,  103,  250,  238,  438,  489,  203,  577,  443,  526,  398,  497,  221,  407,  676,  307,   47],
        [  505,    0,  609,  167,  666,  308,  670,  242,  741,  129,  173,  492,  293,  687,  327,  633,   63,  421,   43,  183,  841,  263,  929,  465,  646,  446,  220,   22,  390,  688,  503,    0,  640,  187,  644,  325,  473,  157,  889,  870,  612,  590,  641,  498,  769,  584,  853,  334,  822,  614,   42,  799,  880,  757,  573,  370,  423,  594,  272,  887,  352,  404,  674,  703,  495,  340,  312,  504,  271,  747,  194,  233,  130,  128,  561,  173,  349,  237,  203,  139,  827,  667,  174,  601,  201,  956,  623,  792,  199,  792,  538,  120,  606,  751,  703,  527,   83,  616,  295,  116,   39,  407,  603,  351,  311,  627,  203,  549],
        [  296,    0,   64,  636,  149,  579,  239,  543,  954,  603,  757,  678,  784,  814,  393,  268,  677,  254,  668,  498,  558,  383,  453,  184,   28,  417,  832,  632,  339,  539,  706,  640,    0,  585,  257,  810,  332,  773,  582,  400,  252,  278,  973,  716,  930,  735,  620,  651,  514,  140,  602,  344,  485, 1002,  373,  864,  846,  687,  564,  460,  412,  240,  334,  915,  211,  400,  652,  876,  897,  773,  585,  467,  760,  722,  415,  811,  385,  874,  484,  506,  495,  177,  482,  818,  469,  485,  282,  573,  463,  435,  258,  751,  764,  831,  931,  275,  558,  608,  360,  535,  615,  320,  249,  767,  869,   32,  658,  721],
        [  376,    0,  540,   55,  653,  450,  682,  374,  910,   60,  188,  642,  479,  839,  390,  657,  249,  427,  229,  280,  912,  220,  951,  402,  584,  287,  392,  202,  437,  779,  657,  187,  585,    0,  520,  512,  337,  223,  957,  890,  633,  460,  821,  655,  931,  735,  937,  495,  884,  521,  160,  819,  923,  931,  421,  556,  607,  733,  411,  921,  209,  351,  533,  870,  399,  409,  475,  686,  426,  883,    7,  119,  297,  168,  400,  314,  220,  376,  296,  149,  883,  564,  135,  765,  279,  980,  492,  875,  268,  839,  417,  225,  759,  898,  872,  558,  169,  734,  231,  215,  151,  447,  624,  532,  494,  581,  378,  701],
        [  144,    0,  200,  574,  405,  703,  492,  643, 1137,  561,  707,  847,  866, 1010,  520,  513,  697,  401,  682,  564,  811,  393,  705,  241,  232,  255,  861,  644,  491,  772,  873,  644,  257,  520,    0,  897,  185,  739,  838,  654,  494,   61, 1124,  880, 1125,  919,  870,  775,  768,  120,  603,  601,  742, 1179,  148,  952,  958,  881,  676,  716,  312,  290,   77, 1096,  166,  535,  768, 1008,  914,  989,  517,  418,  773,  683,  193,  811,  303,  876,  560,  508,  750,   92,  471,  992,  537,  736,   37,  820,  526,  691,  107,  732,  948, 1039, 1109,  488,  569,  818,  357,  569,  610,  479,  488,  875,  930,  284,  736,  898],
        [  774,    0,  802,  490,  776,  244,  739,  268,  459,  453,  443,  307,   34,  456,  418,  689,  265,  557,  286,  334,  782,  509,  950,  674,  826,  746,  199,  310,  478,  608,  299,  325,  810,  512,  897,    0,  751,  396,  830,  899,  676,  852,  327,  286,  504,  374,  765,  187,  780,  834,  353,  837,  867,  461,  860,   55,  106,  415,  248,  890,  648,  615,  944,  427,  733,  413,  175,  194,  253,  553,  518,  532,  255,  411,  857,  294,  635,  294,  340,  417,  795,  895,  458,  347,  361,  970,  885,  713,  372,  782,  796,  353,  384,  529,  420,  594,  362,  488,  545,  340,  361,  498,  670,   79,  108,  787,  161,  341],
        [   44,    0,  271,  390,  455,  585,  524,  516, 1046,  380,  524,  753,  719,  934,  421,  526,  530,  342,  513,  425,  826,  245,  774,  196,  318,   86,  692,  476,  416,  748,  777,  473,  332,  337,  185,  751,    0,  557,  861,  717,  502,  124, 1008,  781, 1044,  835,  874,  654,  787,  218,  433,  653,  786, 1082,  110,  805,  824,  807,  553,  769,  129,  205,  202, 1004,  125,  440,  643,  884,  741,  934,  333,  242,  601,  502,  123,  634,  125,  699,  425,  343,  775,  243,  303,  897,  400,  806,  156,  817,  388,  719,   90,  553,  864,  974, 1014,  465,  404,  763,  210,  414,  437,  411,  494,  740,  771,  344,  592,  809],
        [  595,    0,  735,  171,  813,  450,  822,  392,  846,  179,   53,  624,  369,  812,  483,  787,  170,  570,  159,  339,  997,  391, 1084,  592,  776,  509,  219,  175,  545,  841,  631,  157,  773,  223,  739,  396,  557,    0, 1045, 1024,  765,  680,  723,  623,  882,  713, 1006,  463,  978,  728,  183,  953, 1036,  854,  643,  425,  501,  730,  417, 1043,  429,  534,  755,  810,  607,  496,  439,  589,  225,  883,  227,  323,  142,   56,  621,  117,  437,  167,  359,  269,  983,  776,  291,  716,  357, 1111,  712,  946,  353,  948,  634,   47,  732,  879,  807,  681,  229,  762,  416,  270,  165,  561,  757,  446,  338,  763,  325,  677],
        [  838,    0,  638,  988,  434,  621,  346,  659,  656,  938, 1059,  536,  824,  510,  572,  335,  884,  546,  889,  708,   49,  749,  237,  665,  609,  932,  972,  870,  520,  223,  553,  889,  582,  957,  838,  830,  861, 1045,    0,  239,  359,  848,  775,  569,  596,  510,   93,  650,   75,  718,  870,  254,  127,  712,  935,  866,  791,  448,  643,  171,  880,  671,  914,  634,  741,  555,  669,  759, 1044,  399,  960,  860,  953, 1013,  970, 1015,  847, 1056,  688,  816,   88,  758,  822,  595,  696,  230,  859,  120,  703,  147,  813, 1004,  522,  473,  657,  409,  829,  351,  755,  781,  890,  511,  367,  754,  933,  554,  761,  528],
        [  686,    0,  462,  931,  262,  662,  209,  673,  835,  886, 1026,  645,  885,  683,  545,  237,  881,  464,  881,  689,  244,  671,   62,  531,  423,  797, 1001,  854,  480,  352,  668,  870,  400,  890,  654,  899,  717, 1024,  239,    0,  260,  677,  924,  683,  785,  651,  316,  712,  204,  539,  842,   72,  113,  891,  771,  944,  887,  587,  671,   72,  767,  558,  728,  806,  592,  536,  725,  877, 1074,  590,  892,  778,  960,  983,  812, 1021,  735, 1072,  670,  766,  175,  567,  761,  743,  669,   92,  681,  303,  671,  140,  653,  989,  671,  663,  828,  344,  796,  483,  665,  754,  860,  463,  269,  831,  991,  379,  791,  657],
        [  480,    0,  297,  672,  127,  433,   64,  429,  726,  627,  767,  472,  657,  579,  291,   26,  626,  206,  625,  433,  325,  415,  321,  307,  280,  574,  755,  596,  224,  287,  499,  612,  252,  633,  494,  676,  502,  765,  359,  260,    0,  496,  770,  512,  694,  512,  379,  494,  285,  375,  583,  189,  295,  776,  579,  726,  684,  456,  434,  289,  527,  317,  570,  689,  383,  284,  503,  694,  827,  526,  635,  525,  707,  724,  613,  767,  495,  821,  414,  507,  274,  425,  502,  601,  411,  349,  511,  327,  413,  219,  458,  731,  538,  587,  707,   87,  537,  367,  413,  496,  601,  206,    9,  616,  758,  221,  550,  505],
        [   86,    0,  216,  514,  421,  666,  503,  604, 1111,  502,  648,  819,  821,  989,  488,  518,  644,  380,  629,  520,  819,  345,  730,  217,  256,  195,  808,  591,  467,  767,  844,  590,  278,  460,   61,  852,  124,  680,  848,  677,  496,    0, 1089,  850, 1103,  895,  875,  738,  777,  140,  549,  620,  759, 1151,   99,  906,  917,  860,  638,  736,  252,  257,   93, 1070,  134,  504,  730,  971,  859,  975,  457,  362,  719,  625,  144,  755,  245,  820,  517,  456,  761,  137,  418,  964,  493,  761,   34,  822,  482,  702,   57,  674,  924, 1021, 1082,  480,  517,  803,  309,  520,  554,  456,  490,  834,  880,  300,  691,  872],
        [ 1021,    0,  985,  807,  893,  424,  826,  493,  175,  766,  769,  299,  356,  272,  605,  773,  585,  734,  604,  589,  734,  766,  961,  884,  995, 1021,  518,  623,  642,  577,  271,  641,  973,  821, 1124,  327, 1008,  723,  775,  924,  770, 1089,    0,  259,  243,  274,  689,  354,  751, 1037,  662,  879,  856,  150, 1118,  304,  222,  338,  455,  891,  924,  834, 1182,  166,  959,  591,  366,  137,  556,  393,  828,  818,  582,  737, 1125,  618,  905,  608,  585,  704,  775, 1099,  742,  183,  610,  971, 1119,  658,  623,  787, 1033,  680,  256,  332,  146,  709,  659,  442,  800,  624,  673,  659,  768,  290,  403,  944,  445,  270],
        [  788,    0,  731,  655,  634,  208,  570,  286,  267,  607,  659,   41,  293,  190,  363,  517,  458,  483,  473,  386,  523,  549,  726,  639,  739,  807,  469,  477,  391,  351,   16,  498,  716,  655,  880,  286,  781,  623,  569,  683,  512,  850,  259,    0,  277,   92,  494,  164,  530,  786,  505,  632,  628,  302,  889,  309,  225,  131,  247,  659,  714,  594,  943,  225,  717,  346,  186,  195,  532,  270,  661,  621,  492,  617,  902,  546,  690,  564,  377,  517,  550,  848,  549,  117,  400,  740,  879,  449,  414,  551,  795,  577,  110,  257,  233,  450,  486,  218,  579,  441,  521,  406,  510,  208,  393,  687,  300,   56],
        [ 1047,    0,  957,  930,  820,  485,  738,  562,   72,  882,  922,  296,  524,  117,  624,  689,  724,  725,  741,  663,  564,  820,  811,  887,  956, 1076,  702,  749,  636,  439,  276,  769,  930,  931, 1125,  504, 1044,  882,  596,  785,  694, 1103,  243,  277,    0,  210,  505,  437,  591, 1022,  779,  755,  698,  122, 1151,  501,  406,  246,  523,  738,  986,  849, 1193,   82,  969,  605,  458,  324,  754,  199,  937,  897,  745,  883, 1167,  793,  961,  798,  652,  794,  619, 1082,  826,  168,  675,  815, 1128,  490,  689,  646, 1049,  837,  181,  124,   98,  656,  762,  328,  849,  717,  794,  648,  694,  440,  601,  899,  567,  238],
        [  839,    0,  757,  739,  638,  285,  564,  362,  220,  689,  748,   93,  383,  105,  414,  512,  547,  519,  562,  460,  467,  612,  688,  680,  760,  868,  560,  563,  429,  304,   83,  584,  735,  735,  919,  374,  835,  713,  510,  651,  512,  895,  274,   92,  210,    0,  429,  252,  480,  819,  589,  607,  584,  267,  942,  393,  303,   64,  324,  618,  778,  640,  986,  180,  761,  395,  275,  254,  623,  180,  740,  693,  583,  706,  958,  637,  752,  656,  448,  593,  504,  880,  623,   93,  471,  699,  921,  391,  484,  514,  841,  667,   30,  168,  196,  462,  567,  169,  640,  520,  606,  441,  511,  297,  481,  705,  389,   37],
        [  856,    0,  671,  964,  473,  569,  381,  616,  565,  913, 1024,  464,  762,  421,  547,  358,  842,  545,  849,  676,   73,  738,  323,  679,  647,  940,  917,  833,  504,  167,  479,  853,  620,  937,  870,  765,  874, 1006,   93,  316,  379,  875,  689,  494,  505,  429,    0,  590,  117,  751,  838,  316,  209,  621,  956,  797,  718,  369,  595,  254,  880,  677,  946,  544,  759,  529,  610,  681,  988,  308,  941,  847,  906,  979,  989,  967,  848, 1005,  656,  792,  144,  796,  802,  510,  667,  320,  888,   62,  675,  197,  835,  964,  439,  381,  567,  411,  798,  278,  749,  749,  857,  498,  385,  687,  870,  590,  709,  449],
        [  668,    0,  652,  493,  601,   74,  557,  139,  417,  445,  497,  162,  176,  353,  262,  506,  296,  400,  311,  238,  601,  412,  763,  539,  670,  669,  330,  314,  313,  428,  170,  334,  651,  495,  775,  187,  654,  463,  650,  712,  494,  738,  354,  164,  437,  252,  590,    0,  596,  696,  342,  650,  681,  442,  764,  234,  195,  270,  102,  704,  573,  485,  831,  376,  609,  252,   24,  234,  400,  422,  501,  472,  336,  455,  771,  394,  552,  422,  232,  362,  611,  758,  397,  271,  257,  783,  769,  536,  271,  596,  681,  417,  272,  419,  380,  415,  326,  319,  446,  283,  358,  332,  489,  122,  285,  625,  138,  216],
        [  765,    0,  569,  916,  366,  562,  276,  595,  646,  867,  990,  494,  772,  495,  502,  262,  819,  472,  824,  640,   46,  676,  221,  591,  541,  858,  913,  803,  448,  179,  514,  822,  514,  884,  768,  780,  787,  978,   75,  204,  285,  777,  751,  530,  591,  480,  117,  596,    0,  649,  802,  200,  108,  702,  862,  818,  748,  416,  582,  148,  805,  597,  845,  619,  668,  486,  614,  723,  986,  393,  888,  786,  890,  945,  898,  952,  773,  995,  620,  745,   30,  691,  750,  569,  627,  225,  789,  102,  633,   82,  741,  938,  496,  467,  642,  335,  759,  314,  681,  712,  821,  438,  293,  705,  880,  486,  701,  494],
        [  176,    0,   80,  574,  286,  622,  373,  571, 1039,  551,  704,  751,  805,  906,  435,  394,  660,  304,  648,  504,  692,  351,  591,  160,  117,  302,  822,  610,  396,  656,  778,  614,  140,  521,  120,  834,  218,  728,  718,  539,  375,  140, 1037,  786, 1022,  819,  751,  696,  649,    0,  573,  484,  624, 1082,  238,  889,  885,  777,  600,  599,  324,  221,  197,  998,  122,  447,  692,  928,  882,  878,  519,  407,  741,  674,  281,  785,  304,  850,  496,  476,  631,   63,  443,  896,  475,  622,  143,  701,  466,  571,  132,  714,  848,  931, 1012,  376,  534,  709,  319,  524,  583,  381,  370,  803,  878,  165,  675,  800],
        [  465,    0,  570,  151,  633,  307,  640,  236,  755,  105,  189,  496,  320,  692,  303,  605,   99,  388,   81,  163,  823,  223,  902,  426,  607,  408,  260,   46,  364,  674,  509,   42,  602,  160,  603,  353,  433,  183,  870,  842,  583,  549,  662,  505,  779,  589,  838,  342,  802,  573,    0,  771,  856,  774,  533,  400,  447,  594,  270,  862,  313,  365,  633,  715,  455,  317,  321,  526,  312,  747,  167,  194,  171,  144,  523,  213,  309,  277,  183,   98,  805,  627,  133,  612,  176,  929,  582,  777,  172,  768,  497,  152,  612,  755,  717,  499,   47,  609,  254,   90,   20,  379,  574,  372,  347,  589,  219,  554],
        [  624,    0,  405,  859,  201,  597,  138,  605,  800,  815,  955,  593,  821,  648,  475,  166,  811,  392,  811,  619,  245,  600,  133,  465,  369,  732,  933,  783,  409,  317,  617,  799,  344,  819,  601,  837,  653,  953,  254,   72,  189,  620,  879,  632,  755,  607,  316,  650,  200,  484,  771,    0,  142,  855,  713,  883,  829,  544,  605,  117,  699,  489,  677,  769,  529,  466,  663,  824, 1006,  563,  821,  708,  890,  912,  752,  951,  667, 1003,  599,  695,  173,  517,  689,  699,  598,  162,  626,  290,  600,  120,  593,  918,  628,  635,  790,  273,  725,  441,  595,  684,  789,  392,  197,  770,  926,  321,  725,  610],
        [  759,    0,  545,  959,  339,  640,  263,  664,  752,  912, 1043,  592,  857,  602,  554,  270,  883,  498,  886,  697,  139,  707,  115,  593,  510,  862,  989,  862,  494,  280,  613,  880,  485,  923,  742,  867,  786, 1036,  127,  113,  295,  759,  856,  628,  698,  584,  209,  681,  108,  624,  856,  142,    0,  809,  850,  909,  842,  520,  656,   45,  821,  610,  818,  726,  662,  540,  698,  823, 1062,  500,  925,  817,  958,  999,  889, 1020,  789, 1067,  677,  789,   81,  658,  789,  673,  680,  118,  766,  208,  684,   89,  730,  998,  600,  574,  749,  365,  811,  416,  707,  766,  874,  480,  304,  795,  965,  460,  777,  595],
        [ 1090,    0, 1023,  923,  903,  502,  826,  578,   57,  878,  898,  333,  486,  208,  664,  775,  706,  780,  725,  678,  677,  847,  920,  938, 1026, 1105,  657,  738,  689,  540,  307,  757, 1002,  931, 1179,  461, 1082,  854,  712,  891,  776, 1151,  150,  302,  122,  267,  621,  442,  702, 1082,  774,  855,  809,    0, 1191,  446,  356,  321,  538,  848, 1011,  895, 1243,   88, 1018,  647,  459,  268,  701,  314,  937,  913,  713,  863, 1202,  754,  988,  750,  671,  803,  729, 1143,  838,  188,  695,  926, 1179,  602,  709,  751, 1096,  810,  239,  241,   71,  729,  764,  417,  879,  724,  787,  702,  776,  410,  547,  971,  556,  283],
        [  105,    0,  310,  473,  513,  695,  591,  626, 1154,  470,  605,  861,  827, 1039,  528,  601,  632,  439,  614,  534,  903,  355,  826,  281,  352,  135,  792,  578,  519,  839,  885,  573,  373,  421,  148,  860,  110,  643,  935,  771,  579,   99, 1118,  889, 1151,  942,  956,  764,  862,  238,  533,  713,  850, 1191,    0,  912,  933,  912,  663,  829,  221,  305,  121, 1112,  198,  547,  753,  993,  837, 1035,  417,  340,  700,  588,   46,  729,  227,  793,  535,  448,  848,  234,  407, 1005,  510,  857,  111,  901,  498,  790,  122,  643,  971, 1077, 1122,  553,  508,  863,  320,  521,  536,  511,  572,  850,  876,  393,  701,  916],
        [  828,    0,  857,  532,  828,  295,  789,  322,  450,  498,  474,  335,   86,  466,  472,  738,  308,  611,  329,  388,  818,  563,  995,  729,  880,  797,  215,  356,  531,  644,  324,  370,  864,  556,  952,   55,  805,  425,  866,  944,  726,  906,  304,  309,  501,  393,  797,  234,  818,  889,  400,  883,  909,  446,  912,    0,   96,  440,  302,  933,  699,  670,  998,  422,  788,  467,  223,  180,  256,  570,  563,  582,  286,  446,  909,  316,  687,  305,  394,  468,  835,  950,  509,  353,  416, 1013,  939,  748,  427,  825,  850,  385,  399,  539,  412,  645,  412,  520,  599,  392,  407,  551,  720,  115,  102,  841,  216,  362],
        [  843,    0,  845,  589,  794,  267,  746,  316,  357,  550,  548,  256,  134,  371,  455,  693,  365,  593,  385,  400,  744,  579,  934,  727,  864,  826,  301,  406,  507,  571,  240,  423,  846,  607,  958,  106,  824,  501,  791,  887,  684,  917,  222,  225,  406,  303,  718,  195,  748,  885,  447,  829,  842,  356,  933,   96,    0,  354,  286,  870,  728,  670, 1010,  327,  793,  446,  195,   89,  349,  478,  613,  616,  360,  515,  935,  399,  712,  396,  401,  501,  767,  947,  540,  257,  425,  951,  949,  672,  437,  761,  861,  458,  306,  444,  318,  607,  450,  441,  615,  421,  457,  527,  679,   84,  196,  820,  237,  274],
