{
    "name": "random-83-31840",
    "comment": "size=83 seed=31840",
    "nodes": ["+0", "-0", "+1", "-1", "+2", "-2", "+3", "-3", "+4", "-4", "+5", "-5", "+6", "-6", "+7", "-7", "+8", "-8", "+9", "-9", "+10", "-10", "+11", "-11", "+12", "-12", "+13", "-13", "+14", "-14", "+15", "-15", "+16", "-16", "+17", "-17", "+18", "-18", "+19", "-19", "+20", "-20", "+21", "-21", "+22", "-22", "+23", "-23", "+24", "-24", "+25", "-25", "+26", "-26", "+27", "-27", "+28", "-28", "+29", "-29", "+30", "-30", "+31", "-31", "+32", "-32", "+33", "-33", "+34", "-34", "+35", "-35", "+36", "-36", "+37", "-37", "+38", "-38", "+39", "-39", "+40", "-40", "+41", "-41", "+42", "-42", "+43", "-43", "+44", "-44", "+45", "-45", "+46", "-46", "+47", "-47", "+48", "-48", "+49", "-49", "+50", "-50", "+51", "-51", "+52", "-52", "+53", "-53", "+54", "-54", "+55", "-55", "+56", "-56", "+57", "-57", "+58", "-58", "+59", "-59", "+60", "-60", "+61", "-61", "+62", "-62", "+63", "-63", "+64", "-64", "+65", "-65", "+66", "-66", "+67", "-67", "+68", "-68", "+69", "-69", "+70", "-70", "+71", "-71", "+72", "-72", "+73", "-73", "+74", "-74", "+75", "-75", "+76", "-76", "+77", "-77", "+78", "-78", "+79", "-79", "+80", "-80", "+81", "-81", "+82", "-82", "+83", "-83"],
    "precedence": {
        "+0": "-0",
        "+1": "-1",
        "+2": "-2",
        "+3": "-3",
        "+4": "-4",
        "+5": "-5",
        "+6": "-6",
        "+7": "-7",
        "+8": "-8",
        "+9": "-9",
        "+10": "-10",
        "+11": "-11",
        "+12": "-12",
        "+13": "-13",
        "+14": "-14",
        "+15": "-15",
        "+16": "-16",
        "+17": "-17",
        "+18": "-18",
        "+19": "-19",
        "+20": "-20",
        "+21": "-21",
        "+22": "-22",
        "+23": "-23",
        "+24": "-24",
        "+25": "-25",
        "+26": "-26",
        "+27": "-27",
        "+28": "-28",
        "+29": "-29",
        "+30": "-30",
        "+31": "-31",
        "+32": "-32",
        "+33": "-33",
        "+34": "-34",
        "+35": "-35",
        "+36": "-36",
        "+37": "-37",
        "+38": "-38",
        "+39": "-39",
        "+40": "-40",
        "+41": "-41",
        "+42": "-42",
        "+43": "-43",
        "+44": "-44",
        "+45": "-45",
        "+46": "-46",
        "+47": "-47",
        "+48": "-48",
        "+49": "-49",
        "+50": "-50",
        "+51": "-51",
        "+52": "-52",
        "+53": "-53",
        "+54": "-54",
        "+55": "-55",
        "+56": "-56",
        "+57": "-57",
        "+58": "-58",
        "+59": "-59",
        "+60": "-60",
        "+61": "-61",
        "+62": "-62",
        "+63": "-63",
        "+64": "-64",
        "+65": "-65",
        "+66": "-66",
        "+67": "-67",
        "+68": "-68",
        "+69": "-69",
        "+70": "-70",
        "+71": "-71",
        "+72": "-72",
        "+73": "-73",
        "+74": "-74",
        "+75": "-75",
        "+76": "-76",
        "+77": "-77",
        "+78": "-78",
        "+79": "-79",
        "+80": "-80",
        "+81": "-81",
        "+82": "-82",
        "+83": "-83"
    },
    "edges": [
        [    0,    0,  793,  488,  932,  151,  285,  342,  327,  334,  315,  512,  607,  476,  402,   94,  192,  574,  291,  217,  330,  626,  857,  463,  872,  147,  251,  360,  779,  802,  767,  424,  104,  942,  236,   69,  322,  234,  406,   70,  367,  267,  330,   78,  884,  489,  559,  505,  522,  215,  274,  409,  265,  818,  405,  809,  184,  611,  281,  238,  886,  542,  477,  683,  396,  603,  560,  362,  640,  569,  796,  601,  807,  497,   94,  186,  973,  646,  352,  202,  177,  699,  351,  776,  615,  643,  387,  467,  813,  507,  428,  650,  357,  306,  712,  514,  533,  598,  914,  791,  385,   86,  456,  258,  531,  598,  389,  838,  816,  318,   10,  659,  438,  698,  444,  576,  361,   90,  715,  507,  326,  393,  259,  841,  635,  571,  362,  972,  746,   26,  267,  811,  857,   96,  421,  143,  451,  719,  106,  828,  451,  750,  734,  323,  518,  498,  866,  364,  569,  201,  120,  810,  540,  476,  354,  892,  521,  296,  440,  920,  355,  617,  391,  138,  184,   62,  339,  598],
        [    0,    0,    0,    0,    0,    0,    0,    0,    0,    0,    0,    0,    0,    0,    0,    0,    0,    0,    0,    0,    0,    0,    0,    0,    0,    0,    0,    0,    0,    0,    0,    0,    0,    0,    0,    0,    0,    0,    0,    0,    0,    0,    0,    0,    0,    0,    0,    0,    0,    0,    0,    0,    0,    0,    0,    0,    0,    0,    0,    0,    0,    0,    0,    0,    0,    0,    0,    0,    0,    0,    0,    0,    0,    0,    0,    0,    0,    0,    0,    0,    0,    0,    0,    0,    0,    0,    0,    0,    0,    0,    0,    0,    0,    0,    0,    0,    0,    0,    0,    0,    0,    0,    0,    0,    0,    0,    0,    0,    0,    0,    0,    0,    0,    0,    0,    0,    0,    0,    0,    0,    0,    0,    0,    0,    0,    0,    0,    0,    0,    0,    0,    0,    0,    0,    0,    0,    0,    0,    0,    0,    0,    0,    0,    0,    0,    0,    0,    0,    0,    0,    0,    0,    0,    0,    0,    0,    0,    0,    0,    0,    0,    0,    0,    0,    0,    0,    0,    0],
        [  793,    0,    0,  456,  613,  651,  572,  973, 1000,  533,  618,  349,  497,  954,  795,  722,  740,  369,  903,  926,  690,  168,  414,  583,  578,  781,  950,  853,  491,  151,  261,  939,  883,  150,  602,  785,  477,  609,  948,  776,  724,  604,  482,  817,  203,  468,  410,  701,  702,  904,  526,  422,  678,  594,  746,   34,  613,  197,  518,  982,  572,  370,  828,  184, 1064,  215,  464,  434,  273,  457,   62,  818,  653,  311,  870,  609,  228,  447,  874,  783,  838,  282,  541,  632,  268,  186,  747,  548,  571,  402,  740,  228,  468,  716,  137,  424,  366,  448,  553,  512,  587,  852,  868,  552,  544,  203,  407,  462,  527,  550,  793,  138,  857,  554,  520,  511,  629,  817,  312,  338,  714,  826,  931,  648,  159,  272,  501,  216,   85,  800,  738,  466,   67,  824,  975,  804,  467,  418,  700,  759,  484,  256,  102,  614,  767,  459,  160,  605,  240,  602,  787,  503,  369, 1094,  849,  589,  273,  614,  388,  178,  439,  797,  404,  827,  650,  735,  871,  647],
        [  488,    0,  456,    0,  457,  345,  204,  546,  584,  443,  200,  115,  638,  501,  718,  464,  351,  104,  481,  535,  253,  334,  370,  600,  397,  406,  551,  410,  296,  551,  594,  491,  592,  588,  253,  447,  230,  254,  504,  439,  277,  225,  354,  473,  452,  523,   74,  251,  726,  510,  253,  135,  268,  355,  294,  453,  369,  371,  333,  600,  408,  482,  373,  281,  639,  386,   79,  231,  495,   86,  425,  377,  367,  198,  531,  333,  682,  161,  434,  384,  450,  554,  470,  336,  464,  416,  297,   93,  343,   54,  285,  467,  163,  602,  461,   35,   90,  113,  431,  310,  545,  510,  796,  247,  112,  275,  291,  350,  336,  449,  493,  334,  404,  241,  532,  118,  188,  467,  244,  405,  613,  733,  525,  392,  326,  186,  433,  670,  460,  507,  595,  325,  518,  562,  531,  430,   38,  232,  383,  433,  503,  295,  360,  523,  315,  522,  594,  546,  359,  300,  424,  327,   88,  654,  725,  417,  263,  209,  138,  629,  244,  363,  280,  587,  445,  452,  434,  231],
        [  932,    0,  613,  457,    0,  796,  652,  883,  934,  882,  620,  496, 1014,  754, 1166,  918,  765,  407,  836,  924,  631,  617,  200, 1021,   61,  824,  929,  731,  166,  761,  858,  776, 1035,  657,  701,  881,  682,  701,  801,  874,  620,  666,  793,  902,  445,  923,  400,  490, 1151,  897,  709,  578,  679,  121,  605,  586,  825,  677,  783,  990,   51,  853,  617,  472,  966,  701,  379,  672,  813,  372,  552,  508,  170,  576,  958,  789,  801,  298,  759,  786,  852,  853,  906,  186,  790,  708,  619,  465,  121,  461,  581,  770,  617, 1053,  711,  441,  455,  345,   63,  148,  979,  937, 1245,  703,  402,  570,  716,  154,  122,  890,  938,  583,  675,  236,  949,  357,  580,  893,  330,  781, 1062, 1184,  896,  130,  597,  498,  865,  781,  676,  953, 1049,  160,  641, 1013,  823,  845,  493,  249,  830,  255,  915,  365,  527,  967,  528,  919,  768,  985,  693,  755,  847,  137,  444,  941, 1180,   40,  621,  637,  565,  767,  685,  473,  705, 1041,  901,  903,  766,  373],
        [  151,    0,  651,  345,  796,    0,  145,  385,  391,  257,  197,  362,  537,  467,  436,  124,  151,  426,  318,  294,  242,  484,  710,  418,  736,  156,  325,  340,  639,  673,  652,  423,  253,  800,   97,  135,  175,   98,  414,  127,  291,  136,  217,  168,  734,  409,  413,  410,  510,  279,  126,  259,  173,  687,  333,  665,   82,  476,  161,  341,  749,  440,  422,  534,  462,  471,  420,  218,  525,  428,  650,  525,  683,  349,  220,   50,  841,  505,  343,  189,  216,  587,  282,  651,  496,  512,  317,  338,  679,  360,  351,  527,  207,  320,  580,  368,  384,  457,  774,  652,  341,  202,  505,  108,  402,  453,  256,  694,  678,  247,  154,  515,  401,  567,  378,  441,  250,  170,  566,  391,  337,  439,  317,  715,  492,  421,  276,  838,  610,  166,  295,  669,  716,  218,  436,  174,  308,  575,   50,  717,  373,  600,  587,  287,  439,  416,  735,  327,  436,   51,  149,  670,  391,  524,  416,  757,  379,  175,  290,  787,  212,  535,  255,  245,  148,  108,  333,  484],
        [  285,    0,  572,  204,  652,  145,    0,  404,  428,  324,   79,  244,  580,  425,  559,  269,  169,  294,  333,  357,  154,  415,  573,  494,  591,  216,  380,  304,  496,  625,  630,  395,  389,  719,   50,  246,  130,   51,  396,  238,  204,   32,  249,  273,  623,  452,  275,  289,  605,  334,  107,  152,  112,  542,  244,  580,  190,  424,  202,  418,  604,  450,  341,  429,  493,  427,  276,  170,  509,  285,  560,  416,  539,  263,  331,  148,  782,  362,  319,  211,  269,  573,  352,  508,  477,  467,  233,  194,  534,  227,  254,  498,  105,  441,  529,  230,  256,  314,  630,  508,  424,  310,  633,   77,  258,  370,  236,  553,  534,  322,  290,  436,  340,  422,  438,  297,  128,  269,  436,  383,  455,  568,  360,  570,  417,  315,  329,  776,  548,  304,  424,  527,  638,  362,  422,  240,  167,  435,  180,  578,  421,  478,  494,  384,  332,  455,  681,  417,  393,  109,  229,  527,  262,  532,  551,  612,  312,   60,  186,  728,  174,  419,  230,  390,  270,  252,  313,  347],
        [  342,    0,  973,  546,  883,  385,  404,    0,   55,  639,  357,  630,  919,  183,  742,  425,  245,  649,   71,  134,  293,  818,  883,  790,  829,  230,  106,  153,  768, 1027, 1024,  132,  374, 1116,  384,  285,  521,  377,  104,  290,  278,  372,  600,  265,  998,  793,  616,  394,  861,  128,  479,  552,  296,  763,  282,  978,  463,  826,  543,  165,  848,  822,  277,  816,   93,  827,  585,  565,  899,  595,  955,  412,  723,  664,  267,  434, 1185,  662,  125,  201,  174,  962,  662,  700,  868,  868,  270,  472,  767,  592,  304,  894,  508,  646,  931,  580,  627,  623,  888,  771,  711,  263,  790,  445,  517,  772,  622,  842,  790,  627,  351,  837,  216,  657,  759,  570,  358,  253,  785,  766,  666,  730,   84,  764,  819,  707,  660, 1178,  951,  363,  608,  812, 1038,  422,  100,  216,  521,  742,  350,  697,  756,  840,  888,  651,  361,  800, 1084,  693,  793,  415,  245,  795,  629,  140,  686,  848,  715,  359,  586, 1131,  565,  443,  619,  465,  504,  385,  119,  511],
        [  327,    0, 1000,  584,  934,  391,  428,   55,    0,  639,  389,  662,  920,  236,  721,  415,  263,  687,  104,  111,  332,  842,  928,  784,  879,  236,   77,  204,  815, 1048, 1038,  186,  344, 1146,  404,  278,  539,  397,  158,  284,  323,  397,  608,  253, 1034,  795,  655,  445,  848,  115,  494,  579,  325,  814,  330, 1007,  466,  847,  552,  121,  897,  830,  331,  849,   72,  846,  627,  584,  912,  637,  985,  467,  775,  690,  244,  441, 1209,  706,  176,  219,  176,  975,  661,  751,  883,  887,  317,  514,  817,  627,  354,  910,  533,  631,  952,  618,  662,  665,  937,  819,  705,  243,  764,  462,  561,  798,  637,  889,  839,  626,  335,  863,  271,  706,  757,  615,  397,  243,  825,  779,  651,  707,   75,  816,  845,  738,  662, 1203,  974,  345,  591,  859, 1066,  398,  151,  218,  557,  786,  351,  750,  757,  878,  919,  645,  414,  802, 1106,  686,  812,  427,  244,  843,  665,  153,  660,  898,  738,  389,  613, 1154,  583,  497,  634,  441,  499,  376,  169,  562],
        [  334,    0,  533,  443,  882,  257,  324,  639,  639,    0,  402,  387,  281,  720,  290,  242,  407,  475,  574,  535,  471,  376,  743,  171,  824,  409,  568,  593,  716,  501,  445,  678,  393,  674,  301,  364,  218,  308,  671,  357,  522,  340,   91,  393,  678,  157,  485,  611,  286,  525,  219,  310,  410,  792,  563,  558,  177,  337,  123,  569,  832,  214,  659,  489,  711,  320,  519,  213,  322,  524,  556,  740,  810,  317,  427,  212,  674,  587,  598,  446,  466,  375,   29,  778,  302,  355,  551,  488,  778,  425,  576,  342,  286,  189,  422,  448,  427,  545,  843,  735,  103,  416,  369,  248,  542,  377,  168,  749,  761,   19,  329,  419,  648,  683,  122,  561,  452,  401,  582,  201,  192,  314,  566,  832,  392,  404,   34,  677,  466,  328,  206,  731,  589,  323,  693,  424,  413,  635,  290,  872,  119,  589,  507,   89,  655,  165,  566,  104,  294,  242,  396,  746,  438,  778,  325,  843,  297,  381,  318,  624,  201,  741,  178,  312,  152,  274,  589,  651],
        [  315,    0,  618,  200,  620,  197,   79,  357,  389,  402,    0,  274,  658,  355,  627,  319,  153,  302,  288,  336,   80,  468,  565,  572,  560,  210,  352,  239,  472,  683,  696,  329,  416,  760,  108,  262,  206,  103,  334,  255,  128,   65,  327,  283,  646,  530,  273,  217,  681,  310,  185,  201,   68,  505,  166,  622,  258,  485,  280,  400,  575,  525,  263,  461,  449,  490,  259,  242,  578,  269,  599,  340,  493,  314,  340,  214,  834,  345,  258,  185,  251,  642,  430,  463,  546,  529,  157,  155,  500,  239,  176,  564,  166,  509,  588,  233,  274,  299,  606,  482,  500,  319,  699,  154,  218,  418,  311,  537,  507,  398,  321,  483,  266,  385,  516,  265,   54,  275,  443,  457,  525,  633,  327,  527,  468,  350,  407,  827,  602,  337,  489,  509,  683,  402,  361,  233,  170,  423,  218,  521,  499,  492,  532,  458,  255,  533,  737,  492,  457,  175,  230,  503,  277,  477,  612,  580,  370,   23,  233,  780,  247,  345,  303,  435,  336,  295,  255,  289],
        [  512,    0,  349,  115,  496,  362,  244,  630,  662,  387,  274,    0,  544,  606,  674,  468,  411,   90,  562,  600,  343,  220,  364,  528,  439,  460,  621,  505,  331,  437,  480,  590,  614,  488,  286,  484,  204,  290,  600,  475,  376,  274,  299,  514,  380,  438,  110,  365,  658,  576,  244,  104,  338,  412,  398,  351,  360,  258,  296,  661,  446,  384,  483,  187,  723,  273,  161,  182,  385,  160,  325,  492,  441,   91,  571,  335,  572,  207,  527,  451,  512,  443,  410,  411,  354,  302,  398,  206,  396,   64,  393,  354,  156,  563,  346,   93,   44,  172,  457,  350,  484,  550,  753,  255,  222,  161,  221,  364,  375,  396,  515,  222,  509,  314,  457,  212,  281,  510,  209,  307,  571,  694,  598,  457,  212,   78,  369,  562,  347,  527,  564,  344,  414,  571,  627,  484,  119,  249,  408,  522,  424,  239,  259,  473,  429,  435,  482,  489,  249,  312,  472,  360,   54,  747,  695,  458,  154,  275,   76,  519,  195,  477,  210,  589,  427,  465,  525,  340],
        [  607,    0,  497,  638, 1014,  537,  580,  919,  920,  281,  658,  544,    0,  994,  374,  514,  685,  628,  854,  814,  733,  406,  839,  162,  963,  690,  847,  868,  856,  390,  283,  955,  649,  600,  568,  643,  455,  576,  949,  636,  784,  602,  334,  671,  692,  130,  653,  851,  228,  805,  475,  511,  678,  949,  823,  530,  457,  345,  387,  845,  965,  163,  920,  553,  991,  320,  702,  426,  225,  703,  546,  984,  984,  454,  700,  490,  539,  747,  875,  726,  747,  227,  259,  954,  237,  326,  813,  707,  930,  601,  833,  271,  511,  357,  360,  629,  587,  716,  964,  877,  228,  691,  427,  509,  748,  446,  357,  865,  901,  294,  601,  447,  916,  857,  163,  752,  703,  679,  686,  238,  342,  409,  846,  997,  426,  520,  262,  551,  413,  597,  398,  855,  529,  576,  971,  704,  618,  770,  570, 1065,  165,  666,  527,  290,  904,  126,  446,  252,  322,  516,  677,  881,  597, 1059,  453,  980,  398,  639,  501,  503,  418,  979,  367,  552,  425,  549,  866,  866],
        [  476,    0,  954,  501,  754,  467,  425,  183,  236,  720,  355,  606,  994,    0,  874,  544,  318,  599,  194,  303,  276,  816,  789,  884,  705,  336,  282,  128,  662, 1033, 1051,   55,  533, 1089,  427,  410,  555,  420,   81,  412,  233,  399,  662,  401,  942,  865,  560,  284,  973,  286,  524,  551,  318,  637,  208,  953,  548,  837,  608,  346,  725,  874,  143,  781,  234,  844,  516,  595,  932,  526,  925,  254,  587,  662,  422,  509, 1177,  579,  127,  285,  300,  997,  746,  568,  901,  882,  208,  412,  645,  554,  218,  918,  520,  768,  939,  534,  590,  549,  769,  660,  807,  412,  931,  489,  437,  762,  661,  739,  677,  712,  486,  825,   98,  545,  841,  487,  329,  388,  719,  808,  788,  868,  251,  628,  813,  682,  734, 1168,  948,  501,  734,  710, 1018,  567,   86,  334,  487,  655,  448,  542,  831,  780,  860,  753,  230,  870, 1084,  793,  811,  480,  361,  685,  589,  188,  830,  722,  722,  368,  581, 1124,  599,  288,  655,  611,  607,  504,  139,  393],
        [  402,    0,  795,  718, 1166,  436,  559,  742,  721,  290,  627,  674,  374,  874,    0,  333,  567,  761,  693,  612,  678,  652, 1032,  224, 1108,  539,  645,  753, 1001,  729,  640,  823,  384,  925,  520,  465,  488,  524,  807,  463,  725,  562,  376,  479,  959,  334,  767,  843,  171,  614,  470,  589,  608, 1072,  767,  823,  370,  604,  386,  615, 1116,  431,  854,  775,  787,  583,  796,  495,  543,  801,  827,  960, 1083,  606,  478,  414,  894,  870,  748,  592,  578,  574,  271, 1051,  535,  610,  751,  746, 1059,  707,  786,  578,  556,  119,  669,  728,  713,  825, 1130, 1019,  210,  480,   80,  487,  806,  662,  458, 1037, 1045,  279,  393,  696,  825,  958,  277,  833,  680,  492,  872,  459,  106,   36,  658, 1109,  670,  693,  314,  902,  719,  380,  142, 1018,  844,  323,  822,  541,  684,  922,  436, 1134,  312,  878,  786,  202,  874,  344,  792,  195,  563,  453,  515, 1031,  723,  873,   87, 1128,  584,  604,  602,  851,  482,  969,  467,  282,  291,  371,  736,  905],
        [   94,    0,  722,  464,  918,  124,  269,  425,  415,  242,  319,  468,  514,  544,  333,    0,  235,  539,  369,  306,  355,  555,  825,  371,  858,  208,  340,  421,  760,  721,  680,  494,  162,  870,  220,  140,  267,  222,  480,  136,  400,  260,  247,  163,  828,  397,  530,  528,  437,  301,  224,  365,  286,  810,  441,  740,  112,  534,  204,  332,  870,  452,  524,  627,  486,  524,  540,  301,  554,  548,  730,  637,  806,  438,  187,  134,  893,  625,  417,  260,  254,  611,  258,  775,  529,  564,  424,  461,  802,  474,  462,  566,  315,  226,  633,  485,  495,  577,  894,  773,  292,  178,  395,  219,  526,  534,  315,  812,  799,  226,   88,  591,  493,  690,  351,  564,  371,  173,  675,  422,  245,  331,  345,  838,  566,  519,  271,  893,  670,   87,  192,  787,  785,  106,  497,  214,  427,  693,  107,  839,  358,  704,  671,  231,  551,  405,  785,  272,  492,  164,  186,  791,  503,  562,  300,  879,  454,  297,  393,  841,  292,  649,  319,  124,   91,   41,  405,  607],
        [  192,    0,  740,  351,  765,  151,  169,  245,  263,  407,  153,  411,  685,  318,  567,  235,    0,  450,  175,  189,  142,  581,  717,  568,  706,   59,  211,  191,  622,  785,  779,  273,  283,  887,  141,  127,  277,  134,  265,  124,  175,  139,  358,  140,  789,  557,  424,  316,  657,  166,  234,  321,   87,  648,  213,  749,  232,  585,  302,  251,  722,  579,  290,  597,  331,  584,  411,  322,  654,  421,  728,  409,  629,  430,  193,  196,  947,  497,  193,   45,  101,  718,  432,  600,  624,  625,  196,  304,  645,  385,  237,  649,  272,  456,  690,  382,  418,  451,  754,  631,  490,  173,  630,  200,  365,  538,  378,  688,  655,  397,  201,  603,  259,  529,  528,  415,  186,  130,  593,  522,  475,  565,  192,  665,  584,  484,  424,  941,  712,  218,  425,  660,  806,  288,  287,   81,  318,  575,  132,  641,  521,  639,  663,  436,  326,  563,  844,  476,  550,  173,   84,  653,  423,  381,  533,  726,  476,  143,  355,  892,  321,  426,  374,  328,  291,  199,  183,  414],
        [  574,    0,  369,  104,  407,  426,  294,  649,  687,  475,  302,   90,  628,  599,  761,  539,  450,    0,  584,  637,  356,  273,  286,  617,  350,  504,  654,  512,  242,  480,  539,  592,  678,  493,  341,  539,  283,  344,  605,  531,  379,  319,  387,  566,  349,  525,   42,  334,  747,  611,  318,  178,  369,  324,  393,  362,  436,  322,  380,  700,  357,  467,  466,  187,  742,  340,   97,  267,  456,   92,  331,  450,  356,  176,  624,  406,  596,  120,  537,  485,  550,  510,  499,  327,  427,  364,  397,  187,  307,   68,  382,  420,  225,  649,  397,   70,   49,   92,  370,  261,  573,  603,  840,  322,  176,  214,  310,  279,  286,  484,  578,  261,  501,  231,  545,  147,  292,  561,  144,  391,  658,  780,  627,  370,  260,  120,  458,  583,  386,  591,  649,  257,  428,  641,  632,  528,  133,  161,  469,  442,  513,  192,  269,  561,  400,  522,  516,  578,  321,  378,  520,  271,   39,  756,  779,  369,  232,  308,  160,  545,  280,  430,  299,  662,  507,  532,  537,  283],
        [  291,    0,  903,  481,  836,  318,  333,   71,  104,  574,  288,  562,  854,  194,  693,  369,  175,  584,    0,  113,  229,  747,  825,  728,  781,  166,  101,  113,  714,  956,  953,  139,  340, 1047,  314,  230,  450,  306,  117,  234,  220,  302,  531,  214,  932,  727,  551,  348,  804,   93,  408,  482,  226,  716,  232,  909,  397,  755,  475,  168,  799,  753,  249,  748,  162,  756,  523,  494,  828,  534,  886,  387,  681,  594,  230,  366, 1114,  603,   89,  132,  116,  892,  597,  655,  798,  797,  218,  410,  719,  525,  256,  823,  438,  593,  861,  515,  560,  562,  837,  718,  649,  220,  745,  374,  459,  701,  552,  787,  739,  562,  301,  767,  192,  606,  694,  512,  294,  201,  722,  697,  613,  684,   67,  721,  749,  638,  593, 1108,  880,  315,  556,  757,  968,  378,  130,  156,  454,  683,  286,  663,  690,  775,  819,  591,  325,  733, 1013,  632,  722,  346,  184,  742,  563,  207,  643,  800,  644,  289,  515, 1060,  495,  415,  548,  422,  443,  329,   77,  465],
        [  217,    0,  926,  535,  924,  294,  357,  134,  111,  535,  336,  600,  814,  303,  612,  306,  189,  637,  113,    0,  298,  764,  895,  676,  867,  146,   34,  222,  793,  962,  945,  248,  240, 1073,  324,  171,  454,  318,  223,  179,  305,  327,  510,  144,  978,  691,  609,  444,  738,   28,  407,  508,  268,  805,  326,  936,  364,  763,  454,   66,  884,  731,  358,  786,  180,  760,  589,  499,  818,  599,  916,  496,  775,  616,  135,  343, 1127,  673,  200,  152,   89,  881,  556,  748,  790,  801,  310,  478,  805,  573,  352,  819,  459,  521,  868,  568,  606,  629,  920,  799,  597,  133,  657,  377,  534,  724,  547,  862,  821,  521,  225,  788,  303,  690,  652,  586,  357,  135,  778,  684,  541,  599,   52,  814,  768,  672,  559, 1123,  894,  235,  481,  833,  992,  290,  229,  123,  504,  752,  250,  766,  653,  827,  850,  536,  428,  699, 1022,  578,  725,  335,  146,  822,  610,  262,  553,  887,  658,  329,  543, 1073,  497,  522,  545,  333,  391,  268,  188,  557],
        [  330,    0,  690,  253,  631,  242,  154,  293,  332,  471,   80,  343,  733,  276,  678,  355,  142,  356,  229,  298,    0,  545,  600,  640,  573,  198,  308,  163,  496,  760,  776,  252,  424,  830,  170,  267,  284,  164,  259,  263,   52,  132,  401,  281,  705,  604,  323,  176,  744,  271,  259,  278,   70,  512,   93,  693,  315,  563,  351,  364,  589,  604,  189,  527,  386,  569,  296,  321,  658,  306,  667,  283,  489,  390,  333,  271,  909,  378,  185,  156,  221,  722,  498,  461,  626,  607,   81,  183,  511,  299,  110,  643,  245,  561,  665,  287,  336,  335,  624,  502,  567,  313,  746,  226,  237,  493,  389,  566,  525,  466,  338,  557,  186,  395,  588,  289,   65,  270,  493,  536,  579,  681,  278,  527,  543,  420,  479,  901,  678,  355,  537,  536,  755,  423,  286,  217,  229,  457,  249,  500,  573,  547,  601,  520,  197,  608,  813,  557,  536,  234,  225,  525,  337,  405,  654,  593,  448,   95,  309,  855,  326,  294,  382,  461,  389,  324,  183,  274],
        [  626,    0,  168,  334,  617,  484,  415,  818,  842,  376,  468,  220,  406,  816,  652,  555,  581,  273,  747,  764,  545,    0,  435,  454,  570,  619,  790,  707,  466,  219,  267,  796,  716,  317,  441,  619,  312,  448,  802,  610,  584,  446,  317,  651,  308,  340,  310,  584,  581,  743,  360,  269,  524,  566,  611,  186,  445,   62,  352,  819,  569,  252,  699,  148,  908,   86,  367,  268,  197,  363,  181,  711,  612,  155,  704,  442,  367,  380,  726,  624,  677,  243,  387,  586,  174,   95,  609,  425,  545,  282,  608,  155,  310,  563,  127,  309,  251,  364,  563,  488,  442,  686,  728,  388,  438,   60,  240,  465,  509,  392,  625,   45,  721,  495,  384,  418,  487,  652,  287,  197,  563,  680,  772,  618,   21,  154,  345,  361,  134,  633,  581,  458,  232,  658,  829,  641,  336,  382,  534,  708,  347,  260,  134,  461,  648,  333,  269,  458,   91,  436,  623,  488,  257,  944,  698,  585,  107,  462,  236,  313,  273,  694,  237,  661,  485,  568,  722,  552],
        [  857,    0,  414,  370,  200,  710,  573,  883,  928,  743,  565,  364,  839,  789, 1032,  825,  717,  286,  825,  895,  600,  435,    0,  865,  176,  774,  907,  734,  134,  563,  664,  798,  960,  459,  621,  817,  566,  624,  818,  809,  606,  595,  658,  842,  248,  760,  299,  505,  996,  869,  603,  463,  631,  215,  604,  386,  721,  496,  660,  961,  165,  681,  646,  287,  973,  520,  307,  546,  629,  297,  353,  571,  286,  427,  900,  691,  603,  223,  761,  747,  813,  664,  764,  279,  608,  523,  615,  418,  193,  351,  585,  584,  510,  924,  518,  343,  332,  267,  140,  145,  833,  879, 1111,  607,  367,  396,  575,   64,  145,  754,  861,  397,  698,  250,  793,  314,  539,  836,  161,  614,  931, 1054,  878,  265,  415,  341,  721,  583,  480,  875,  928,   87,  441,  926,  843,  797,  406,  144,  751,  396,  757,  175,  333,  831,  561,  755,  568,  842,  518,  663,  793,  124,  323,  967, 1057,  182,  459,  577,  440,  567,  558,  539,  566,  948,  790,  817,  765,  399],
        [  463,    0,  583,  600, 1021,  418,  494,  790,  784,  171,  572,  528,  162,  884,  224,  371,  568,  617,  728,  676,  640,  454,  865,    0,  965,  563,  710,  757,  857,  507,  417,  841,  494,  707,  471,  507,  384,  477,  831,  501,  691,  510,  253,  532,  759,  116,  633,  780,  131,  670,  389,  466,  578,  939,  733,  613,  337,  399,  293,  700,  971,  214,  828,  590,  855,  376,  673,  370,  321,  676,  621,  910,  963,  445,  555,  377,  670,  734,  761,  605,  617,  350,  143,  932,  317,  398,  720,  652,  923,  574,  746,  360,  450,  195,  452,  600,  571,  695,  977,  876,   80,  548,  290,  418,  704,  475,  311,  880,  901,  175,  456,  498,  815,  836,   73,  718,  622,  542,  705,  258,  181,  259,  713,  983,  473,  526,  170,  679,  504,  450,  237,  865,  628,  422,  852,  574,  573,  772,  443, 1032,  109,  699,  586,  140,  825,  125,  569,   99,  363,  409,  546,  884,  581,  929,  297,  984,  406,  551,  467,  628,  359,  910,  322,  395,  287,  409,  750,  816],
        [  872,    0,  578,  397,   61,  736,  591,  829,  879,  824,  560,  439,  963,  705, 1108,  858,  706,  350,  781,  867,  573,  570,  176,  965,    0,  765,  873,  677,  109,  725,  817,  725,  974,  634,  641,  821,  622,  641,  749,  814,  563,  606,  735,  842,  423,  869,  341,  436, 1095,  840,  649,  519,  620,   69,  550,  553,  765,  629,  724,  933,   21,  802,  566,  428,  913,  653,  319,  614,  766,  311,  519,  463,  133,  521,  898,  729,  776,  239,  705,  727,  793,  809,  848,  141,  742,  663,  564,  405,   63,  402,  526,  724,  557,  994,  669,  382,  397,  285,   68,   90,  922,  877, 1186,  643,  342,  521,  659,  118,   64,  832,  877,  538,  624,  178,  893,  296,  521,  833,  284,  729, 1003, 1125,  840,   99,  551,  445,  807,  756,  637,  893,  989,  114,  611,  953,  772,  786,  433,  194,  770,  234,  860,  326,  488,  909,  478,  866,  735,  927,  643,  695,  788,   83,  387,  891, 1120,   21,  568,  577,  507,  739,  626,  429,  648,  980,  841,  842,  711,  319],
        [  147,    0,  781,  406,  824,  156,  216,  230,  236,  409,  210,  460,  690,  336,  539,  208,   59,  504,  166,  146,  198,  619,  774,  563,  765,    0,  173,  216,  681,  818,  804,  286,  230,  929,  180,   79,  309,  174,  273,   79,  228,  187,  372,   84,  839,  563,  480,  370,  642,  126,  262,  365,  145,  706,  263,  792,  233,  618,  316,  203,  780,  595,  331,  644,  307,  615,  468,  354,  677,  478,  772,  457,  687,  472,  135,  205,  982,  554,  210,   56,   61,  740,  432,  658,  648,  657,  245,  362,  704,  438,  287,  676,  315,  433,  723,  437,  470,  508,  813,  689,  484,  115,  598,  232,  423,  579,  404,  746,  713,  397,  156,  644,  292,  588,  529,  473,  244,   73,  647,  544,  453,  534,  162,  723,  623,  530,  430,  978,  748,  173,  399,  718,  847,  243,  291,   25,  372,  632,  120,  696,  526,  691,  707,  426,  376,  570,  878,  467,  581,  192,   29,  711,  475,  370,  498,  785,  512,  198,  400,  928,  352,  475,  401,  285,  278,  169,  198,  471],
        [  251,    0,  950,  551,  929,  325,  380,  106,   77,  568,  352,  621,  847,  282,  645,  340,  211,  654,  101,   34,  308,  790,  907,  710,  873,  173,    0,  214,  801,  990,  975,  228,  271, 1098,  349,  205,  481,  343,  201,  212,  310,  349,  541,  178,  997,  724,  624,  445,  772,   47,  435,  531,  285,  809,  327,  960,  396,  790,  485,   67,  890,  763,  350,  807,  146,  788,  602,  527,  849,  612,  939,  488,  777,  640,  168,  374, 1154,  685,  189,  170,  113,  911,  589,  751,  820,  829,  311,  490,  811,  591,  352,  849,  483,  555,  895,  584,  625,  642,  928,  807,  631,  167,  689,  404,  543,  748,  576,  872,  829,  554,  259,  813,  292,  697,  685,  596,  369,  169,  794,  714,  575,  631,   35,  817,  793,  694,  592, 1149,  920,  269,  514,  843, 1016,  323,  204,  152,  522,  764,  282,  763,  686,  844,  873,  570,  424,  732, 1050,  611,  753,  364,  176,  830,  629,  229,  585,  892,  684,  348,  566, 1100,  524,  516,  574,  365,  425,  302,  178,  560],
        [  360,    0,  853,  410,  731,  340,  304,  153,  204,  593,  239,  505,  868,  128,  753,  421,  191,  512,  113,  222,  163,  707,  734,  757,  677,  216,  214,    0,  616,  922,  933,   91,  429,  992,  302,  293,  433,  294,   96,  294,  133,  276,  536,  288,  860,  738,  476,  242,  847,  198,  399,  439,  194,  611,  130,  855,  421,  724,  481,  280,  695,  750,  137,  687,  240,  728,  440,  474,  812,  450,  829,  275,  572,  552,  320,  382, 1072,  514,   29,  162,  191,  877,  619,  548,  781,  767,  120,  329,  615,  459,  152,  801,  404,  645,  827,  444,  496,  477,  735,  618,  680,  305,  813,  364,  368,  656,  539,  691,  638,  584,  370,  720,   83,  505,  714,  421,  225,  275,  643,  686,  664,  749,  179,  613,  705,  582,  607, 1064,  840,  386,  612,  661,  918,  454,  123,  218,  389,  593,  322,  551,  704,  700,  763,  626,  212,  743,  975,  666,  695,  353,  242,  643,  496,  245,  713,  695,  609,  249,  471, 1018,  477,  302,  533,  497,  481,  383,   37,  359],
        [  779,    0,  491,  296,  166,  639,  496,  768,  815,  716,  472,  331,  856,  662, 1001,  760,  622,  242,  714,  793,  496,  466,  134,  857,  109,  681,  801,  616,    0,  633,  720,  675,  883,  564,  545,  732,  518,  546,  697,  725,  494,  513,  627,  755,  360,  761,  236,  381,  987,  766,  547,  414,  536,  104,  487,  469,  663,  525,  618,  859,  116,  694,  520,  328,  856,  548,  220,  507,  663,  212,  434,  438,  166,  412,  812,  629,  700,  136,  644,  648,  714,  707,  740,  152,  637,  560,  499,  319,   81,  296,  465,  621,  454,  888,  571,  278,  290,  183,  135,   22,  814,  791, 1080,  543,  260,  416,  551,   78,   45,  725,  784,  437,  574,  118,  785,  208,  439,  747,  184,  621,  897, 1020,  770,  158,  448,  337,  699,  681,  542,  799,  885,   49,  530,  857,  721,  703,  333,   87,  676,  276,  751,  236,  396,  802,  433,  757,  650,  819,  537,  596,  702,   32,  279,  844, 1016,  128,  460,  488,  400,  659,  520,  406,  540,  883,  739,  746,  649,  270],
        [  802,    0,  151,  551,  761,  673,  625, 1027, 1048,  501,  683,  437,  390, 1033,  729,  721,  785,  480,  956,  962,  760,  219,  563,  507,  725,  818,  990,  922,  633,    0,  120, 1011,  882,  211,  645,  807,  510,  652, 1017,  798,  801,  656,  474,  840,  349,  396,  519,  801,  611,  943,  556,  483,  735,  736,  829,  182,  619,  201,  522, 1013,  720,  301,  917,  311, 1115,  203,  576,  464,  187,  571,  212,  925,  792,  372,  887,  626,  174,  574,  940,  829,  877,  164,  501,  770,  200,  162,  826,  643,  714,  497,  826,  159,  521,  668,   96,  524,  465,  567,  702,  655,  529,  871,  796,  587,  651,  276,  418,  610,  671,  519,  800,  220,  938,  686,  454,  626,  705,  842,  451,  302,  662,  762,  976,  790,  225,  367,  467,  177,   94,  804,  697,  612,  151,  816, 1043,  840,  554,  556,  721,  896,  422,  400,  238,  569,  865,  386,   66,  551,  238,  628,  818,  648,  470, 1156,  794,  736,  314,  675,  453,  124,  466,  908,  418,  811,  638,  741,  936,  762],
        [  767,    0,  261,  594,  858,  652,  630, 1024, 1038,  445,  696,  480,  283, 1051,  640,  680,  779,  539,  953,  945,  776,  267,  664,  417,  817,  804,  975,  933,  720,  120,    0, 1023,  836,  328,  641,  782,  504,  648, 1025,  773,  820,  659,  439,  814,  463,  316,  576,  841,  509,  929,  546,  503,  741,  822,  852,  294,  588,  223,  493,  990,  814,  232,  945,  392, 1108,  211,  632,  461,  128,  629,  321,  970,  873,  400,  857,  603,  257,  645,  948,  823,  864,   71,  438,  848,  156,  178,  847,  682,  800,  543,  853,  133,  531,  593,  149,  571,  515,  630,  801,  742,  452,  843,  702,  579,  701,  326,  402,  705,  761,  463,  764,  286,  959,  759,  375,  684,  726,  818,  537,  262,  584,  675,  965,  875,  281,  420,  412,  268,  185,  766,  627,  704,  270,  767, 1051,  824,  589,  639,  697,  972,  348,  494,  332,  501,  903,  305,  166,  476,  241,  612,  800,  738,  522, 1158,  712,  831,  336,  685,  477,  221,  460,  956,  406,  756,  592,  705,  942,  817],
        [  424,    0,  939,  491,  776,  423,  395,  132,  186,  678,  329,  590,  955,   55,  823,  494,  273,  592,  139,  248,  252,  796,  798,  841,  725,  286,  228,   91,  675, 1011, 1023,    0,  478, 1077,  391,  359,  523,  384,   29,  361,  215,  366,  624,  348,  938,  826,  554,  294,  926,  231,  489,  528,  285,  658,  200,  940,  504,  813,  569,  292,  745,  839,  160,  771,  195,  818,  514,  564,  903,  524,  914,  287,  612,  641,  368,  467, 1160,  583,   80,  238,  247,  967,  704,  591,  871,  857,  195,  406,  665,  542,  216,  891,  494,  719,  916,  525,  579,  549,  787,  675,  762,  357,  879,  453,  438,  743,  629,  752,  693,  669,  433,  808,  102,  560,  799,  490,  311,  335,  718,  776,  739,  817,  197,  653,  794,  668,  694, 1151,  929,  448,  684,  721, 1004,  514,   47,  283,  474,  661,  401,  575,  791,  777,  848,  707,  248,  831, 1064,  747,  785,  440,  310,  700,  579,  170,  777,  743,  698,  339,  560, 1106,  567,  320,  623,  558,  561,  454,   91,  409],
        [  104,    0,  883,  592, 1035,  253,  389,  374,  344,  393,  416,  614,  649,  533,  384,  162,  283,  678,  340,  240,  424,  716,  960,  494,  974,  230,  271,  429,  883,  882,  836,  478,    0, 1031,  340,  158,  419,  338,  456,  163,  457,  370,  409,  146,  982,  542,  662,  598,  528,  250,  373,  511,  362,  920,  492,  901,  271,  696,  365,  233,  989,  607,  555,  782,  407,  685,  664,  457,  711,  673,  889,  685,  907,  594,  111,  282, 1054,  750,  415,  283,  238,  767,  404,  877,  688,  725,  474,  570,  915,  611,  517,  726,  459,  312,  794,  618,  636,  702, 1017,  894,  421,  124,  422,  360,  634,  692,  476,  942,  919,  376,  100,  751,  510,  801,  490,  679,  461,  159,  818,  582,  332,  366,  291,  942,  726,  671,  425, 1055,  831,   88,  268,  915,  946,   73,  466,  218,  555,  823,  210,  923,  504,  852,  829,  360,  605,  551,  946,  398,  653,  303,  202,  914,  643,  496,  318,  995,  613,  398,  541, 1002,  449,  704,  479,  105,  245,  151,  402,  695],
        [  942,    0,  150,  588,  657,  800,  719, 1116, 1146,  674,  760,  488,  600, 1089,  925,  870,  887,  493, 1047, 1073,  830,  317,  459,  707,  634,  929, 1098,  992,  564,  211,  328, 1077, 1031,    0,  750,  934,  626,  756, 1087,  925,  862,  750,  628,  966,  213,  593,  534,  826,  817, 1051,  675,  567,  822,  664,  881,  139,  761,  340,  667, 1130,  624,  495,  958,  308, 1208,  355,  585,  583,  387,  577,  164,  936,  730,  458, 1019,  758,  148,  551, 1014,  929,  986,  374,  680,  714,  391,  320,  883,  678,  641,  536,  872,  348,  615,  853,  258,  555,  499,  562,  595,  583,  720, 1001,  996,  700,  666,  350,  556,  518,  593,  692,  942,  286,  991,  648,  649,  627,  768,  966,  404,  476,  850,  958, 1078,  717,  308,  411,  641,  127,  209,  949,  878,  530,   86,  972, 1114,  952,  604,  506,  849,  840,  614,  340,  230,  752,  891,  583,  167,  740,  384,  751,  935,  569,  500, 1235,  985,  641,  422,  758,  533,  131,  589,  911,  553,  973,  797,  884, 1012,  759],
        [  236,    0,  602,  253,  701,   97,   50,  384,  404,  301,  108,  286,  568,  427,  520,  220,  141,  341,  314,  324,  170,  441,  621,  471,  641,  180,  349,  302,  545,  645,  641,  391,  340,  750,    0,  199,  137,    8,  389,  191,  221,   43,  235,  229,  664,  439,  323,  324,  576,  303,   98,  187,  110,  591,  263,  613,  150,  444,  183,  382,  654,  448,  358,  467,  471,  444,  326,  182,  517,  334,  594,  446,  587,  293,  286,  106,  806,  412,  313,  185,  237,  581,  329,  555,  486,  485,  250,  242,  583,  274,  277,  510,  136,  401,  549,  278,  301,  364,  680,  558,  397,  266,  592,   63,  306,  400,  241,  603,  583,  296,  241,  465,  349,  471,  420,  346,  161,  225,  483,  387,  417,  527,  332,  618,  445,  353,  311,  801,  572,  255,  382,  576,  668,  312,  414,  203,  216,  484,  131,  623,  406,  522,  528,  352,  360,  443,  703,  388,  409,   68,  188,  576,  308,  518,  507,  661,  335,   86,  221,  752,  182,  452,  236,  341,  229,  202,  306,  391],
        [   69,    0,  785,  447,  881,  135,  246,  285,  278,  364,  262,  484,  643,  410,  465,  140,  127,  539,  230,  171,  267,  619,  817,  507,  821,   79,  205,  293,  732,  807,  782,  359,  158,  934,  199,    0,  308,  196,  343,    9,  302,  222,  344,   33,  861,  521,  519,  442,  576,  163,  260,  383,  205,  766,  338,  799,  196,  610,  290,  209,  836,  563,  409,  662,  349,  605,  515,  352,  655,  524,  783,  534,  750,  481,   88,  182,  976,  602,  285,  134,  115,  716,  385,  720,  627,  646,  321,  416,  761,  472,  363,  659,  331,  364,  714,  475,  500,  554,  866,  742,  428,   68,  521,  236,  479,  586,  390,  794,  767,  350,   78,  649,  370,  646,  481,  526,  304,   37,  681,  520,  384,  458,  206,  786,  626,  549,  389,  973,  744,   94,  327,  766,  850,  164,  358,   77,  411,  677,   87,  766,  482,  721,  719,  368,  452,  528,  869,  409,  571,  184,   51,  763,  507,  423,  421,  841,  513,  245,  416,  922,  347,  551,  390,  206,  221,  100,  273,  538],
