{
    "name": "random-91-31493",
    "comment": "size=91 seed=31493",
    "nodes": ["+0", "-0", "+1", "-1", "+2", "-2", "+3", "-3", "+4", "-4", "+5", "-5", "+6", "-6", "+7", "-7", "+8", "-8", "+9", "-9", "+10", "-10", "+11", "-11", "+12", "-12", "+13", "-13", "+14", "-14", "+15", "-15", "+16", "-16", "+17", "-17", "+18", "-18", "+19", "-19", "+20", "-20", "+21", "-21", "+22", "-22", "+23", "-23", "+24", "-24", "+25", "-25", "+26", "-26", "+27", "-27", "+28", "-28", "+29", "-29", "+30", "-30", "+31", "-31", "+32", "-32", "+33", "-33", "+34", "-34", "+35", "-35", "+36", "-36", "+37", "-37", "+38", "-38", "+39", "-39", "+40", "-40", "+41", "-41", "+42", "-42", "+43", "-43", "+44", "-44", "+45", "-45", "+46", "-46", "+47", "-47", "+48", "-48", "+49", "-49", "+50", "-50", "+51", "-51", "+52", "-52", "+53", "-53", "+54", "-54", "+55", "-55", "+56", "-56", "+57", "-57", "+58", "-58", "+59", "-59", "+60", "-60", "+61", "-61", "+62", "-62", "+63", "-63", "+64", "-64", "+65", "-65", "+66", "-66", "+67", "-67", "+68", "-68", "+69", "-69", "+70", "-70", "+71", "-71", "+72", "-72", "+73", "-73", "+74", "-74", "+75", "-75", "+76", "-76", "+77", "-77", "+78", "-78", "+79", "-79", "+80", "-80", "+81", "-81", "+82", "-82", "+83", "-83", "+84", "-84", "+85", "-85", "+86", "-86", "+87", "-87", "+88", "-88", "+89", "-89", "+90", "-90", "+91", "-91"],
    "precedence": {
        "+0": "-0",
        "+1": "-1",
        "+2": "-2",
        "+3": "-3",
        "+4": "-4",
        "+5": "-5",
        "+6": "-6",
        "+7": "-7",
        "+8": "-8",
        "+9": "-9",
        "+10": "-10",
        "+11": "-11",
        "+12": "-12",
        "+13": "-13",
        "+14": "-14",
        "+15": "-15",
        "+16": "-16",
        "+17": "-17",
        "+18": "-18",
        "+19": "-19",
        "+20": "-20",
        "+21": "-21",
        "+22": "-22",
        "+23": "-23",
        "+24": "-24",
        "+25": "-25",
        "+26": "-26",
        "+27": "-27",
        "+28": "-28",
        "+29": "-29",
        "+30": "-30",
        "+31": "-31",
        "+32": "-32",
        "+33": "-33",
        "+34": "-34",
        "+35": "-35",
        "+36": "-36",
        "+37": "-37",
        "+38": "-38",
        "+39": "-39",
        "+40": "-40",
        "+41": "-41",
        "+42": "-42",
        "+43": "-43",
        "+44": "-44",
        "+45": "-45",
        "+46": "-46",
        "+47": "-47",
        "+48": "-48",
        "+49": "-49",
        "+50": "-50",
        "+51": "-51",
        "+52": "-52",
        "+53": "-53",
        "+54": "-54",
        "+55": "-55",
        "+56": "-56",
        "+57": "-57",
        "+58": "-58",
        "+59": "-59",
        "+60": "-60",
        "+61": "-61",
        "+62": "-62",
        "+63": "-63",
        "+64": "-64",
        "+65": "-65",
        "+66": "-66",
        "+67": "-67",
        "+68": "-68",
        "+69": "-69",
        "+70": "-70",
        "+71": "-71",
        "+72": "-72",
        "+73": "-73",
        "+74": "-74",
        "+75": "-75",
        "+76": "-76",
        "+77": "-77",
        "+78": "-78",
        "+79": "-79",
        "+80": "-80",
        "+81": "-81",
        "+82": "-82",
        "+83": "-83",
        "+84": "-84",
        "+85": "-85",
        "+86": "-86",
        "+87": "-87",
        "+88": "-88",
        "+89": "-89",
        "+90": "-90",
        "+91": "-91"
    },
    "edges": [
        [    0,    0, 1121,  277,  446,  911,  648,  536,  635,  618, 1057,  886,  234,  907,  788,  647,  877, 1060,  724,  908,  721,  613,  591,  930,  883,  640,  788,  869,  504,  545,  104,  895,  549,  731,  520,  834,  987,  677,   48,  975,  458,  785,  202,  890,  834,  764,  841,  220,  113,  136, 1134,  609,  548,  284,  994,  564,  738,  477,  125,  304,  344,  898,  846,  893,  651,  127,  618,  770, 1087,  752,  841,  577,  848,  875,  394,  415,  250,  545,  535,   43,   49,  272,  807,  304,  565,  224,  492, 1056, 1054,  970,  962, 1069,  928,  518,  654,   46,  101,  268,  589,  902,  264,  741,  152, 1010,  811,  649,  260,  319,  778,  678,  813,  921,  137,  754,  659,  567,  843,  623,  463,  892,  226,  204,   85,  473,  281,  913,  218,  619,  744,  668,  298,  746,  675,  789,  968,  545,  474,  108,  697,  656,  568,  408,  419,  258,  275,  122,  883,  813,  117,  882,  852,  841,  904, 1042,  800,  479,  664,  723,  132,  748,  338,  473,  669,  909,  496,  884,  476,  109,  812,  600,  525, 1060,  820,  910,  890,  438,  901,  679,  736,  748,  979,  616,  688,  801],
        [    0,    0,    0,    0,    0,    0,    0,    0,    0,    0,    0,    0,    0,    0,    0,    0,    0,    0,    0,    0,    0,    0,    0,    0,    0,    0,    0,    0,    0,    0,    0,    0,    0,    0,    0,    0,    0,    0,    0,    0,    0,    0,    0,    0,    0,    0,    0,    0,    0,    0,    0,    0,    0,    0,    0,    0,    0,    0,    0,    0,    0,    0,    0,    0,    0,    0,    0,    0,    0,    0,    0,    0,    0,    0,    0,    0,    0,    0,    0,    0,    0,    0,    0,    0,    0,    0,    0,    0,    0,    0,    0,    0,    0,    0,    0,    0,    0,    0,    0,    0,    0,    0,    0,    0,    0,    0,    0,    0,    0,    0,    0,    0,    0,    0,    0,    0,    0,    0,    0,    0,    0,    0,    0,    0,    0,    0,    0,    0,    0,    0,    0,    0,    0,    0,    0,    0,    0,    0,    0,    0,    0,    0,    0,    0,    0,    0,    0,    0,    0,    0,    0,    0,    0,    0,    0,    0,    0,    0,    0,    0,    0,    0,    0,    0,    0,    0,    0,    0,    0,    0,    0,    0,    0,    0,    0,    0,    0,    0,    0,    0,    0,    0,    0,    0],
        [ 1121,    0,    0, 1056,  766,  336,  745,  661,  798,  760,  150,  858,  936,  354,  820,  559,  838,  100,  418,  454,  612,  578,  878,  196,  263,  520,  337,  321,  641,  693, 1106,  395,  789,  635,  663,  850,  210,  489, 1162,  162,  996,  375, 1079,  430,  889,  647,  694,  949, 1218, 1090,   19,  643,  598,  926,  165,  876,  394,  784, 1133,  956, 1042,  514,  294,  228,  573,  995,  520,  854,   34,  407,  724,  830,  614,  596,  977,  706,  979,  821,  886, 1086, 1080,  908,  451,  830,  592,  910,  958,  106,   85,  164,  173,   70,  418,  628,  633, 1162, 1068,  969,  859,  379,  857,  384, 1126,  195,  427,  721,  924,  829,  825,  490,  792,  249, 1237,  376,  476,  784,  301,  499,  691,  519,  978,  918, 1111,  734,  990,  324, 1095,  857,  849,  513,  824,  384,  841,  605,  158,  701,  947, 1074,  525,  469,  772,  713,  710, 1046,  912, 1110,  396,  825, 1184,  649,  747,  474,  359,  268,  537,  707,  486,  507, 1249,  795,  855,  902,  454,  404,  793,  557,  688, 1089,  735,  525,  680,   86,  391,  229,  610,  709,  235,  853,  386,  480,  168,  873,  710,  739],
        [  277,    0, 1056,    0,  293,  926,  783,  400,  788,  757,  960,  635,  162,  927,  542,  512,  629,  977,  638,  745,  538,  666,  340,  860,  859,  537,  753,  870,  543,  382,  176,  927,  694,  832,  591,  995,  885,  570,  314,  934,  675,  784,   77,  934, 1005,  870,  962,  156,  372,  394, 1072,  698,  578,  460,  906,  316,  664,  610,  170,  502,  579,  967,  763,  838,  506,  280,  539,  936, 1022,  652,  969,  739,  947,  968,  132,  408,   94,  318,  287,  244,  292,  431,  663,  388,  464,  347,  697, 1015,  978,  927,  885, 1017,  970,  555,  479,  310,  180,  469,  344,  762,  302,  710,  421,  991,  676,  440,  427,  251,  532,  569,  573,  904,  281,  682,  656,  350,  823,  578,  524,  963,  114,  263,  195,  576,  495,  789,  475,  372,  909,  550,  342,  724,  840,  597,  919,  649,  675,  357,  558,  597,  708,  398,  373,  496,  438,  388,  741,  970,  223,  671,  987,  682,  770, 1046,  627,  350,  675,  582,  366,  899,  204,  227,  613,  761,  297,  696,  544,  169,  584,  587,  382, 1012,  697,  829,  688,  354,  868,  848,  696,  611,  943,  792,  477,  935],
        [  446,    0,  766,  293,    0,  672,  644,  107,  667,  625,  668,  488,  214,  676,  386,  221,  474,  686,  350,  468,  275,  464,  239,  571,  586,  246,  479,  610,  353,  100,  387,  685,  579,  653,  419,  865,  593,  279,  493,  652,  652,  528,  330,  699,  885,  693,  790,  228,  559,  495,  782,  523,  371,  443,  614,  215,  378,  498,  405,  494,  599,  750,  473,  553,  217,  356,  256,  815,  733,  361,  805,  635,  755,  770,  217,  219,  229,  157,  200,  404,  427,  407,  376,  311,  178,  338,  653,  731,  687,  645,  594,  731,  732,  360,  208,  491,  359,  476,  224,  475,  247,  441,  535,  716,  387,  215,  415,  142,  379,  278,  400,  633,  522,  396,  409,  154,  553,  311,  360,  747,  239,  275,  399,  441,  508,  499,  552,  249,  790,  258,  256,  458,  728,  343,  634,  499,  630,  462,  268,  319,  585,  212,  162,  540,  415,  504,  455,  835,  463,  441,  827,  403,  482,  781,  356,   62,  436,  293,  573,  764,  110,  172,  336,  477,   85,  438,  381,  371,  384,  342,   90,  727,  406,  538,  446,  110,  591,  739,  423,  322,  663,  698,  254,  779],
        [  911,    0,  336,  926,  672,    0,  420,  590,  472,  439,  403,  951,  778,   19,  881,  532,  930,  358,  378,  590,  646,  304,  861,  282,  136,  462,  214,   68,  408,  639,  925,   60,  479,  304,  399,  515,  398,  452,  946,  195,  691,  145,  927,   97,  554,  312,  360,  789,  993,  848,  338,  342,  365,  669,  352,  848,  341,  495,  956,  687,  757,  186,  327,  234,  555,  785,  428,  518,  316,  402,  390,  511,  280,  265,  886,  524,  837,  784,  847,  884,  866,  660,  519,  608,  505,  688,  649,  232,  335,  197,  308,  267,   98,  395,  632,  948,  885,  708,  841,  510,  663,  238,  880,  145,  495,  726,  676,  677,  882,  455,  865,  106, 1042,  327,  271,  754,  143,  362,  450,  190,  826,  724,  924,  461,  722,  458,  835,  851,  514,  483,  623,  218,  510,  676,  219,  409,  641,  842,  526,  362,  460,  533,  554,  779,  662,  871,  514,  489,  998,  762,  413,  570,  489,  133,  612,  612,  254,  525, 1030,  460,  726,  839,  346,  541,  731,  677,  439,  909,  812,  340,  608,  251,  456,  317,  730,  579,  161,  521,  261,  509,  179,  547,  733,  404],
        [  648,    0,  745,  783,  644,  420,    0,  622,   54,   32,  772, 1083,  623,  405,  989,  643, 1065,  741,  561,  836,  781,  226,  881,  625,  491,  574,  467,  424,  297,  674,  704,  371,  100,  121,  227,  222,  737,  592,  668,  587,  289,  386,  750,  345,  242,  135,  194,  628,  694,  541,  749,  140,  296,  365,  708,  858,  538,  177,  737,  355,  383,  302,  606,  568,  665,  543,  520,  174,  719,  602,  193,   99,  218,  248,  806,  425,  692,  797,  843,  637,  600,  379,  730,  395,  557,  449,  242,  644,  722,  587,  661,  676,  375,  294,  732,  671,  667,  388,  865,  774,  483,  440,  561,  563,  714,  805,  390,  560,  985,  595,  989,  497,  784,  539,  358,  785,  460,  448,  285,  295,  670,  524,  695,  211,  387,  743,  496,  887,  152,  614,  444,  422,  107,  839,  601,  146,  241,  551,  670,  484,   81,  434,  483,  436,  375,  564,  768,  192,  759,  948,  207,  787,  760,  539,  796,  605,  325,  685,  737,  121,  631,  806,  480,  801,  727,  887,  263,  693,  950,  378,  632,  661,  689,  638,  929,  536,  522,  119,  459,  688,  578,  129,  832,  155],
        [  536,    0,  661,  400,  107,  590,  622,    0,  653,  607,  561,  467,  310,  596,  370,  116,  450,  579,  247,  372,  199,  419,  278,  467,  493,  143,  387,  525,  325,   54,  486,  609,  571,  611,  396,  839,  486,  173,  583,  552,  677,  447,  435,  626,  863,  651,  748,  325,  648,  568,  678,  490,  331,  484,  508,  262,  277,  498,  507,  535,  642,  686,  368,  452,  115,  433,  163,  795,  628,  255,  767,  630,  704,  716,  317,  220,  334,  197,  258,  495,  511,  450,  274,  348,   86,  395,  671,  631,  582,  546,  489,  628,  657,  328,  133,  581,  456,  522,  259,  372,  306,  353,  608,  621,  282,  185,  461,  219,  365,  172,  374,  541,  622,  296,  338,  173,  463,  231,  347,  684,  341,  348,  497,  434,  554,  393,  615,  275,  772,  151,  301,  373,  715,  270,  533,  480,  649,  537,  164,  229,  573,  217,  168,  594,  458,  579,  352,  809,  564,  377,  790,  306,  377,  691,  267,   58,  370,  190,  666,  740,  210,  253,  245,  376,  142,  357,  366,  470,  344,  278,   19,  625,  299,  433,  374,  117,  495,  727,  332,  217,  565,  694,  216,  745],
        [  635,    0,  798,  788,  667,  472,   54,  653,    0,   48,  824, 1117,  629,  458, 1022,  681, 1099,  794,  606,  882,  818,  271,  906,  677,  544,  613,  518,  477,  329,  703,  698,  423,   94,  171,  258,  208,  789,  633,  651,  640,  248,  438,  750,  396,  221,  179,  219,  633,  673,  521,  803,  185,  334,  353,  760,  882,  585,  179,  731,  336,  350,  348,  656,  621,  702,  537,  560,  151,  773,  648,  212,   62,  258,  288,  819,  448,  699,  822,  865,  628,  587,  371,  774,  401,  592,  446,  199,  698,  775,  640,  713,  730,  425,  327,  767,  655,  662,  370,  890,  822,  490,  489,  537,  616,  759,  837,  380,  575, 1017,  637, 1023,  550,  770,  587,  405,  812,  513,  490,  309,  341,  675,  526,  688,  228,  365,  792,  470,  913,  125,  654,  453,  472,   64,  878,  654,  174,  202,  534,  710,  528,   83,  456,  506,  410,  367,  544,  814,  183,  749,  988,  220,  831,  808,  591,  838,  632,  372,  727,  716,  114,  646,  825,  524,  847,  751,  930,  288,  687,  986,  420,  662,  714,  736,  690,  970,  561,  575,   75,  508,  730,  631,   75,  865,  170],
        [  618,    0,  760,  757,  625,  439,   32,  607,   48,    0,  781, 1071,  597,  425,  976,  634, 1053,  752,  558,  834,  771,  224,  863,  634,  503,  565,  473,  439,  283,  658,  675,  392,   69,  146,  212,  243,  744,  585,  637,  601,  262,  396,  722,  367,  260,  164,  225,  601,  663,  510,  765,  137,  286,  335,  717,  839,  537,  148,  708,  324,  354,  329,  610,  577,  655,  514,  512,  191,  733,  600,  223,   74,  248,  278,  782,  406,  666,  779,  823,  607,  570,  349,  726,  369,  545,  420,  216,  661,  733,  600,  669,  692,  399,  281,  720,  640,  638,  357,  847,  774,  457,  443,  530,  580,  711,  791,  360,  537,  972,  589,  977,  511,  754,  539,  358,  768,  471,  442,  266,  322,  643,  497,  666,  188,  356,  745,  465,  869,  167,  606,  419,  426,  111,  831,  613,  128,  213,  520,  663,  480,   51,  414,  464,  405,  345,  533,  767,  215,  729,  940,  236,  784,  761,  561,  790,  588,  326,  679,  706,  143,  608,  785,  476,  800,  709,  882,  245,  664,  939,  372,  617,  677,  688,  645,  922,  518,  533,  123,  461,  682,  592,  116,  819,  184],
        [ 1057,    0,  150,  960,  668,  403,  772,  561,  824,  781,    0,  712,  855,  421,  679,  450,  692,   56,  333,  308,  481,  575,  752,  149,  287,  427,  315,  364,  610,  585, 1030,  462,  797,  675,  647,  909,   76,  392, 1101,  209,  995,  386,  992,  498,  947,  694,  758,  869, 1160, 1043,  167,  652,  571,  893,   67,  753,  320,  777, 1054,  929, 1024,  588,  212,  204,  461,  935,  440,  903,  133,  311,  787,  846,  679,  666,  870,  647,  890,  702,  765, 1019, 1020,  870,  321,  782,  503,  859,  962,  212,   80,  206,  113,  177,  497,  599,  511, 1100,  994,  937,  734,  238,  794,  355, 1082,  287,  300,  594,  886,  750,  684,  392,  649,  298, 1164,  305,  453,  664,  313,  441,  661,  592,  893,  854, 1037,  719,  961,  188, 1060,  729,  893,  411,  767,  365,  874,  466,  185,  701,  948, 1023,  410,  403,  784,  652,  639, 1015,  875, 1061,  257,  881, 1108,  503,  811,  335,  219,  378,  400,  612,  473,  388, 1188,  841,  765,  789,  392,  260,  682,  411,  663, 1013,  592,  485,  578,  190,  269,  151,  464,  627,  255,  887,  347,  359,  227,  896,  578,  795],
        [  886,    0,  858,  635,  488,  951, 1083,  467, 1117, 1071,  712,    0,  663,  963,  103,  447,   21,  759,  579,  405,  313,  868,  296,  716,  822,  522,  740,  884,  789,  420,  798,  989, 1038, 1057,  859, 1296,  649,  516,  930,  830, 1136,  829,  707, 1017, 1323, 1095, 1190,  674,  994,  966,  876,  947,  788,  930,  699,  323,  615,  965,  801,  981, 1086, 1093,  634,  739,  424,  825,  573, 1256,  834,  550, 1212, 1096, 1135, 1140,  504,  685,  637,  347,  352,  845,  881,  894,  436,  797,  527,  823, 1134,  885,  776,  823,  713,  863, 1039,  791,  352,  927,  786,  962,  297,  482,  733,  729, 1003,  919,  462,  283,  901,  625,  111,  512,   95,  867,  915,  626,  760,  336,  809,  651,  814, 1093,  661,  752,  816,  900,  995,  539, 1031,  268, 1234,  487,  743,  753, 1180,  276,  801,  944, 1111,  930,  434,  625, 1039,  680,  629, 1024,  902,  970,  467, 1265,  857,  210, 1237,  394,  503, 1010,  342,  500,  796,  430,  995, 1198,  571,  415,  637,  455,  410,  302,  833,  786,  141,  715,  461,  868,  502,  671,  249,  573,  808, 1192,  703,  443,  849, 1160,  253, 1195],
        [  234,    0,  936,  162,  214,  778,  623,  310,  629,  597,  855,  663,    0,  777,  563,  424,  653,  865,  523,  680,  488,  508,  375,  741,  721,  429,  617,  724,  385,  313,  177,  775,  536,  671,  430,  837,  782,  465,  281,  803,  537,  638,  150,  779,  848,  709,  800,   15,  346,  303,  950,  537,  422,  317,  796,  346,  543,  451,  200,  364,  454,  809,  648,  712,  425,  165,  418,  779,  902,  545,  808,  582,  786,  807,  207,  255,   70,  317,  319,  192,  220,  284,  583,  229,  353,  199,  553,  885,  863,  797,  768,  891,  816,  397,  422,  279,  146,  334,  369,  681,  141,  573,  340,  852,  590,  416,  284,  107,  554,  465,  585,  764,  313,  561,  509,  336,  683,  443,  363,  804,   50,  112,  187,  415,  364,  698,  374,  399,  752,  451,  180,  583,  684,  556,  791,  488,  531,  267,  473,  468,  549,  245,  230,  378,  291,  307,  661,  811,  256,  649,  826,  614,  685,  901,  569,  253,  524,  500,  360,  739,  105,  259,  483,  685,  264,  652,  383,  161,  580,  441,  297,  885,  604,  714,  657,  228,  734,  691,  561,  526,  810,  638,  456,  774],
        [  907,    0,  354,  927,  676,   19,  405,  596,  458,  425,  421,  963,  777,    0,  892,  541,  942,  376,  388,  605,  657,  297,  868,  299,  152,  471,  225,   79,  405,  645,  922,   42,  467,  289,  392,  498,  416,  461,  941,  213,  679,  150,  926,   79,  536,  295,  342,  788,  987,  842,  355,  332,  362,  661,  370,  855,  352,  485,  954,  678,  746,  168,  341,  250,  564,  781,  434,  501,  334,  414,  372,  498,  263,  247,  890,  523,  837,  791,  853,  880,  861,  653,  533,  604,  511,  683,  636,  249,  353,  215,  326,  285,   81,  391,  641,  943,  882,  700,  848,  525,  661,  246,  873,  162,  508,  735,  670,  677,  893,  465,  876,  124, 1038,  338,  272,  761,  155,  367,  445,  172,  826,  722,  921,  453,  714,  474,  826,  859,  497,  492,  620,  224,  494,  688,  237,  399,  628,  836,  537,  369,  447,  533,  555,  770,  655,  864,  529,  472,  995,  776,  395,  584,  504,  142,  624,  617,  254,  536, 1025,  443,  728,  844,  353,  556,  737,  691,  433,  907,  824,  341,  614,  269,  470,  333,  744,  582,  178,  506,  270,  521,  197,  533,  743,  386],
        [  788,    0,  820,  542,  386,  881,  989,  370, 1022,  976,  679,  103,  563,  892,    0,  362,   91,  722,  505,  374,  235,  778,  202,  663,  757,  437,  668,  814,  694,  321,  702,  916,  941,  969,  764, 1204,  611,  436,  832,  775, 1035,  754,  613,  941, 1230, 1007, 1103,  574,  896,  864,  839,  855,  695,  828,  657,  228,  541,  866,  707,  879,  984, 1015,  575,  680,  339,  724,  486, 1163,  794,  480, 1124,  999, 1051, 1058,  411,  585,  539,  246,  257,  747,  782,  792,  380,  695,  434,  721, 1033,  836,  736,  768,  666,  818,  966,  696,  263,  829,  688,  860,  201,  442,  630,  653,  902,  862,  405,  185,  799,  523,   11,  432,   39,  803,  822,  555,  675,  234,  740,  565,  716, 1014,  563,  650,  719,  803,  892,  497,  929,  172, 1140,  406,  641,  676, 1085,  218,  748,  848, 1011,  829,  357,  543,  943,  580,  529,  922,  800,  869,  425, 1174,  763,  195, 1148,  347,  462,  950,  287,  399,  711,  357,  899, 1106,  469,  319,  555,  420,  308,  275,  736,  689,   89,  627,  362,  822,  445,  619,  231,  473,  745, 1096,  627,  375,  793, 1063,  159, 1106],
        [  647,    0,  559,  512,  221,  532,  643,  116,  681,  634,  450,  447,  424,  541,  362,    0,  428,  472,  160,  264,  139,  423,  335,  368,  420,   75,  320,  465,  357,  136,  601,  561,  609,  611,  426,  852,  375,   82,  694,  464,  743,  397,  550,  584,  880,  648,  744,  439,  758,  669,  576,  505,  348,  567,  401,  328,  196,  545,  622,  615,  722,  655,  268,  363,   24,  539,  126,  815,  526,  154,  765,  668,  689,  696,  421,  291,  449,  267,  332,  606,  620,  535,  160,  432,  101,  490,  729,  539,  477,  457,  386,  532,  610,  356,  101,  692,  569,  608,  315,  257,  405,  296,  710,  540,  167,  195,  547,  329,  361,   79,  354,  468,  737,  213,  314,  232,  395,  204,  392,  653,  456,  454,  611,  478,  639,  278,  710,  322,  794,   51,  393,  319,  744,  199,  442,  509,  709,  641,   50,  181,  607,  291,  252,  683,  542,  683,  237,  821,  678,  310,  790,  198,  262,  619,  172,  172,  350,   77,  778,  755,  326,  344,  194,  263,  235,  267,  408,  584,  310,  269,  131,  531,  185,  330,  297,  214,  415,  756,  272,  102,  478,  732,  206,  749],
        [  877,    0,  838,  629,  474,  930, 1065,  450, 1099, 1053,  692,   21,  653,  942,   91,  428,    0,  739,  558,  385,  293,  849,  290,  695,  801,  502,  719,  864,  771,  404,  791,  969, 1020, 1038,  841, 1277,  629,  496,  922,  809, 1121,  809,  701,  996, 1304, 1075, 1171,  664,  986,  955,  856,  929,  769,  916,  679,  316,  594,  948,  795,  967, 1072, 1073,  613,  718,  405,  814,  554, 1238,  814,  529, 1192, 1079, 1115, 1120,  498,  668,  628,  336,  345,  836,  872,  880,  415,  782,  508,  810, 1118,  864,  755,  802,  693,  842, 1018,  772,  334,  919,  778,  949,  289,  461,  719,  708,  992,  898,  441,  267,  888,  612,  100,  492,   77,  846,  909,  606,  740,  323,  788,  632,  796, 1073,  652,  740,  808,  883,  981,  518, 1019,  260, 1216,  467,  729,  732, 1162,  255,  780,  926, 1096,  919,  414,  605, 1021,  664,  613, 1011,  888,  959,  447, 1246,  851,  190, 1217,  373,  483,  989,  321,  484,  777,  409,  988, 1180,  559,  407,  617,  435,  397,  282,  815,  779,  120,  696,  445,  848,  481,  650,  229,  557,  787, 1174,  683,  422,  828, 1143,  235, 1176],
        [ 1060,    0,  100,  977,  686,  358,  741,  579,  794,  752,   56,  759,  865,  376,  722,  472,  739,    0,  342,  355,  516,  553,  785,  132,  251,  441,  296,  325,  598,  608, 1038,  417,  772,  639,  629,  869,  111,  407, 1103,  164,  974,  357, 1005,  454,  907,  656,  716,  879, 1161, 1039,  118,  626,  557,  883,   72,  784,  324,  757, 1064,  917, 1009,  543,  217,  182,  485,  936,  448,  865,   78,  325,  745,  818,  637,  622,  893,  646,  904,  731,  795, 1023, 1022,  862,  355,  778,  515,  856,  939,  158,   25,  162,   99,  122,  450,  587,  541, 1103, 1001,  927,  766,  280,  796,  340, 1077,  235,  333,  627,  878,  759,  727,  409,  693,  256, 1171,  307,  437,  693,  282,  439,  649,  547,  905,  857, 1044,  702,  950,  226, 1051,  763,  857,  429,  766,  346,  842,  507,  143,  678,  926, 1021,  435,  404,  758,  653,  644, 1005,  867, 1058,  298,  842, 1117,  550,  769,  376,  260,  325,  439,  628,  453,  416, 1190,  804,  779,  814,  391,  305,  706,  458,  650, 1021,  636,  476,  597,  135,  298,  151,  511,  637,  220,  854,  336,  388,  180,  867,  614,  756],
        [  724,    0,  418,  638,  350,  378,  561,  247,  606,  558,  333,  579,  523,  388,  505,  160,  558,  342,    0,  276,  270,  336,  495,  222,  261,  104,  164,  311,  316,  285,  697,  412,  550,  504,  372,  753,  264,   79,  769,  308,  719,  251,  664,  438,  784,  537,  628,  538,  829,  718,  434,  422,  288,  581,  273,  486,   37,  504,  723,  623,  725,  516,  126,  207,  181,  604,  107,  724,  384,   43,  652,  607,  565,  567,  563,  319,  563,  424,  489,  686,  689,  554,  171,  459,  175,  533,  696,  385,  341,  301,  247,  382,  462,  309,  256,  768,  661,  625,  475,  221,  463,  151,  757,  382,  154,  351,  569,  418,  505,   82,  490,  309,  831,   54,  204,  390,  238,  129,  364,  516,  564,  522,  704,  439,  652,  206,  742,  481,  707,  110,  438,  175,  666,  307,  287,  447,  678,  695,  149,   86,  543,  323,  306,  703,  560,  735,  211,  722,  776,  405,  678,  229,  212,  460,  249,  290,  240,  149,  856,  662,  438,  495,   84,  244,  384,  333,  372,  680,  439,  193,  266,  379,  131,  192,  380,  296,  256,  679,  125,  139,  321,  667,  356,  643],
        [  908,    0,  454,  745,  468,  590,  836,  372,  882,  834,  308,  405,  680,  605,  374,  264,  385,  355,  276,    0,  212,  611,  477,  325,  455,  297,  400,  528,  583,  370,  855,  639,  824,  774,  644, 1023,  246,  265,  955,  440,  984,  497,  794,  671, 1056,  805,  891,  695, 1019,  933,  472,  697,  560,  824,  296,  484,  299,  774,  873,  870,  976,  758,  265,  360,  258,  803,  343,  998,  430,  234,  917,  882,  822,  820,  633,  548,  695,  445,  502,  866,  882,  793,  113,  691,  359,  752,  964,  486,  372,  433,  316,  461,  685,  578,  267,  953,  826,  866,  460,   83,  668,  409,  973,  530,  124,  323,  806,  590,  380,  262,  342,  493,  990,  301,  479,  407,  453,  398,  626,  759,  707,  717,  866,  707,  896,  140,  972,  448,  981,  258,  655,  431,  942,  171,  410,  721,  945,  904,  215,  357,  818,  549,  513,  942,  800,  946,   77,  992,  931,  196,  943,   67,  105,  625,  120,  430,  513,  189, 1037,  935,  578,  540,  358,   53,  449,  104,  638,  838,  286,  466,  384,  468,  148,  282,  157,  477,  433,  954,  385,  170,  459,  942,  297,  911],
        [  721,    0,  612,  538,  275,  646,  781,  199,  818,  771,  481,  313,  488,  657,  235,  139,  293,  516,  270,  212,    0,  561,  273,  439,  523,  211,  433,  579,  493,  177,  658,  681,  745,  748,  563,  990,  408,  204,  768,  548,  870,  519,  590,  707, 1018,  784,  879,  502,  833,  764,  630,  643,  486,  683,  447,  277,  306,  679,  673,  733,  840,  782,  346,  450,  117,  627,  264,  953,  582,  246,  901,  804,  823,  828,  423,  413,  494,  235,  293,  679,  701,  648,  162,  546,  230,  593,  859,  614,  527,  541,  447,  599,  731,  493,   69,  766,  632,  721,  255,  249,  504,  418,  804,  632,  185,  115,  659,  410,  236,  200,  221,  570,  792,  320,  448,  196,  505,  341,  525,  782,  509,  543,  671,  612,  753,  294,  814,  248,  932,  175,  500,  442,  881,   71,  522,  646,  838,  732,  123,  313,  744,  410,  364,  793,  656,  774,  228,  959,  732,  179,  926,  155,  264,  718,   92,  252,  485,  122,  847,  893,  384,  329,  324,  238,  242,  164,  542,  642,  174,  407,  204,  601,  223,  396,  175,  316,  513,  893,  393,  142,  565,  868,   99,  886],
        [  613,    0,  578,  666,  464,  304,  226,  419,  271,  224,  575,  868,  508,  297,  778,  423,  849,  553,  336,  611,  561,    0,  692,  427,  316,  352,  261,  274,  123,  473,  636,  283,  225,  193,   96,  429,  531,  368,  646,  417,  422,  204,  653,  279,  457,  232,  330,  517,  690,  545,  586,   87,   94,  366,  509,  672,  314,  206,  669,  387,  466,  302,  391,  372,  446,  489,  298,  394,  548,  377,  348,  278,  292,  309,  656,  263,  573,  608,  661,  588,  566,  357,  504,  311,  345,  389,  388,  489,  537,  415,  463,  514,  316,  112,  517,  647,  596,  406,  674,  551,  378,  225,  577,  423,  488,  597,  373,  419,  775,  371,  775,  339,  746,  317,  135,  589,  278,  223,  152,  297,  557,  436,  633,  160,  422,  523,  533,  692,  374,  391,  337,  212,  331,  617,  423,  127,  374,  539,  447,  259,  214,  273,  311,  479,  359,  567,  544,  398,  706,  725,  372,  562,  538,  437,  572,  414,  105,  461,  728,  333,  481,  634,  254,  577,  541,  662,  138,  621,  733,  155,  432,  501,  465,  432,  704,  355,  343,  344,  240,  463,  414,  335,  620,  328],
        [  591,    0,  878,  340,  239,  861,  881,  278,  906,  863,  752,  296,  375,  868,  202,  335,  290,  785,  495,  477,  273,  692,    0,  697,  754,  400,  652,  795,  587,  226,  502,  884,  818,  884,  655, 1102,  678,  416,  635,  797,  881,  720,  412,  903, 1122,  923, 1021,  384,  698,  677,  896,  757,  601,  665,  715,   29,  530,  737,  506,  715,  816,  964,  598,  696,  316,  539,  435, 1053,  848,  486, 1038,  874,  980,  993,  209,  458,  342,   85,   57,  551,  589,  629,  432,  540,  362,  551,  885,  870,  794,  790,  709,  860,  933,  593,  247,  632,  491,  692,   21,  521,  464,  623,  713,  875,  453,  159,  634,  357,  192,  413,  234,  802,  620,  547,  616,  108,  728,  508,  598,  962,  368,  473,  520,  679,  724,  566,  747,   33, 1029,  385,  483,  644,  967,  307,  774,  736,  863,  641,  358,  500,  823,  450,  400,  747,  637,  680,  501, 1072,  562,  351, 1060,  426,  537,  953,  361,  279,  648,  372,  699, 1001,  293,  119,  516,  509,  155,  400,  619,  490,  252,  555,  263,  860,  488,  655,  377,  346,  750,  977,  600,  399,  812,  936,  180, 1014],
        [  930,    0,  196,  860,  571,  282,  625,  467,  677,  634,  149,  716,  741,  299,  663,  368,  695,  132,  222,  325,  439,  427,  697,    0,  151,  326,  167,  231,  467,  502,  912,  337,  649,  532,  500,  771,  119,  295,  973,  115,  847,  240,  884,  373,  808,  553,  623,  755, 1031,  907,  212,  504,  426,  751,   84,  692,  198,  629,  939,  786,  878,  464,  101,   57,  385,  806,  324,  761,  162,  215,  652,  698,  547,  537,  784,  516,  783,  634,  699,  894,  892,  730,  284,  646,  396,  725,  814,  175,  124,  109,   37,  164,  379,  455,  450,  973,  875,  795,  677,  243,  667,  209,  945,  206,  259,  543,  746,  634,  667,  297,  639,  177, 1044,  180,  306,  598,  169,  308,  518,  467,  783,  728,  917,  572,  818,  187,  919,  678,  750,  321,  636,  217,  729,  447,   86,  553,  800,  889,  339,  275,  636,  523,  516,  873,  735,  926,  253,  743,  991,  513,  677,  323,  221,  300,  378,  512,  325,  325, 1060,  699,  659,  712,  262,  273,  601,  422,  518,  895,  583,  344,  486,  164,  219,   45,  477,  514,  122,  741,  204,  300,  135,  749,  537,  657],
        [  883,    0,  263,  859,  586,  136,  491,  493,  544,  503,  287,  822,  721,  152,  757,  420,  801,  251,  261,  455,  523,  316,  754,  151,    0,  356,  108,   80,  388,  538,  882,  188,  528,  389,  403,  624,  269,  338,  923,  102,  734,  113,  870,  224,  661,  408,  474,  734,  975,  840,  271,  381,  344,  670,  229,  744,  225,  522,  911,  697,  781,  314,  192,   99,  441,  757,  332,  616,  234,  278,  502,  571,  396,  386,  803,  475,  774,  681,  745,  852,  841,  654,  388,  584,  411,  666,  697,  177,  232,  100,  182,  198,  233,  375,  516,  923,  843,  712,  734,  374,  623,  149,  875,  132,  363,  611,  671,  616,  759,  342,  738,   49, 1007,  208,  225,  649,   41,  281,  437,  316,  768,  686,  884,  473,  732,  323,  839,  741,  607,  370,  587,  139,  591,  547,  111,  439,  685,  827,  407,  267,  512,  483,  492,  788,  658,  861,  379,  595,  958,  630,  528,  437,  353,  200,  481,  525,  228,  402, 1009,  555,  655,  746,  251,  405,  635,  543,  432,  865,  684,  285,  512,  186,  323,  182,  597,  505,   32,  603,  164,  383,   99,  617,  614,  509],
        [  640,    0,  520,  537,  246,  462,  574,  143,  613,  565,  427,  522,  429,  471,  437,   75,  502,  441,  104,  297,  211,  352,  400,  326,  356,    0,  253,  396,  295,  183,  605,  489,  545,  537,  361,  780,  354,   38,  685,  410,  690,  325,  565,  511,  808,  574,  669,  443,  747,  646,  537,  434,  281,  528,  371,  389,  135,  486,  628,  574,  679,  580,  227,  310,   99,  524,   54,  744,  487,  117,  691,  604,  615,  621,  459,  253,  464,  326,  390,  600,  608,  497,  185,  397,   76,  463,  673,  489,  442,  404,  348,  486,  538,  292,  176,  684,  570,  570,  380,  269,  385,  225,  687,  481,  181,  267,  511,  326,  436,   39,  429,  404,  740,  154,  239,  294,  329,  130,  334,  579,  466,  439,  613,  418,  600,  274,  680,  389,  724,   42,  366,  247,  676,  266,  391,  444,  654,  621,   98,  107,  542,  255,  226,  647,  504,  662,  252,  749,  683,  375,  716,  235,  267,  555,  227,  188,  275,  117,  771,  684,  339,  393,  120,  282,  281,  322,  348,  588,  384,  197,  162,  483,  182,  293,  358,  203,  356,  688,  202,  129,  423,  667,  281,  676],
        [  788,    0,  337,  753,  479,  214,  467,  387,  518,  473,  315,  740,  617,  225,  668,  320,  719,  296,  164,  400,  433,  261,  652,  167,  108,  253,    0,  147,  305,  433,  781,  250,  485,  385,  334,  632,  272,  239,  828,  188,  680,   98,  765,  279,  667,  412,  493,  630,  883,  753,  349,  340,  263,  590,  249,  641,  127,  463,  810,  623,  713,  361,  143,  115,  342,  662,  225,  614,  304,  191,  520,  534,  423,  421,  696,  375,  668,  577,  641,  754,  746,  571,  314,  494,  304,  574,  648,  270,  283,  183,  203,  282,  299,  293,  418,  829,  742,  634,  632,  326,  525,   47,  790,  239,  291,  513,  588,  511,  669,  242,  652,  155,  908,  114,  141,  546,   77,  176,  356,  362,  663,  588,  784,  406,  656,  284,  760,  640,  601,  270,  491,   51,  573,  466,  182,  387,  634,  738,  313,  160,  472,  383,  388,  712,  576,  773,  325,  602,  858,  557,  546,  369,  308,  304,  404,  418,  158,  312,  915,  551,  549,  639,  144,  355,  529,  477,  355,  764,  600,  189,  406,  273,  255,  172,  528,  399,  117,  585,   57,  298,  194,  588,  520,  518],
        [  869,    0,  321,  870,  610,   68,  424,  525,  477,  439,  364,  884,  724,   79,  814,  465,  864,  325,  311,  528,  579,  274,  795,  231,   80,  396,  147,    0,  366,  574,  877,  111,  471,  317,  367,  546,  349,  385,  906,  165,  681,   87,  874,  145,  584,  332,  395,  736,  955,  814,  326,  327,  322,  638,  308,  783,  274,  475,  908,  660,  737,  235,  264,  178,  488,  742,  363,  541,  296,  335,  424,  510,  317,  307,  825,  472,  782,  719,  782,  840,  824,  626,  454,  566,  440,  647,  641,  223,  303,  165,  261,  253,  158,  352,  565,  907,  837,  679,  775,  449,  615,  172,  847,  150,  430,  659,  643,  622,  815,  388,  798,   73,  997,  260,  217,  688,   77,  300,  411,  237,  772,  677,  877,  434,  695,  399,  806,  784,  534,  416,  577,  153,  522,  610,  182,  390,  631,  805,  459,  297,  453,  481,  498,  752,  629,  836,  452,  518,  951,  697,  449,  506,  429,  177,  546,  550,  206,  458,  991,  480,  668,  776,  281,  480,  667,  613,  402,  861,  745,  284,  543,  238,  391,  261,  666,  520,  110,  534,  195,  442,  154,  552,  666,  432],
        [  504,    0,  641,  543,  353,  408,  297,  325,  329,  283,  610,  789,  385,  405,  694,  357,  771,  598,  316,  583,  493,  123,  587,  467,  388,  295,  305,  366,    0,  377,  519,  396,  252,  302,   71,  516,  554,  321,  540,  485,  403,  283,  531,  397,  539,  342,  439,  395,  590,  452,  652,  171,   45,  286,  544,  565,  308,  192,  551,  320,  415,  424,  406,  419,  378,  378,  243,  471,  608,  357,  453,  311,  410,  429,  536,  142,  451,  503,  552,  476,  459,  268,  471,  201,  265,  282,  382,  564,  587,  481,  502,  582,  434,   14,  439,  542,  479,  329,  570,  537,  258,  260,  488,  510,  460,  509,  284,  297,  689,  324,  695,  421,  634,  317,  165,  489,  348,  188,   51,  420,  435,  318,  517,  125,  352,  521,  455,  591,  448,  337,  217,  257,  392,  556,  484,  155,  363,  441,  392,  231,  252,  152,  194,  407,  271,  473,  525,  486,  591,  666,  475,  525,  528,  539,  522,  310,  162,  411,  625,  416,  360,  521,  235,  558,  434,  616,   57,  504,  658,  128,  335,  571,  446,  460,  652,  244,  410,  403,  264,  420,  486,  375,  537,  427],
        [  545,    0,  693,  382,  100,  639,  674,   54,  703,  658,  585,  420,  313,  645,  321,  136,  404,  608,  285,  370,  177,  473,  226,  502,  538,  183,  433,  574,  377,    0,  486,  660,  621,  665,  447,  892,  510,  208,  592,  592,  719,  497,  425,  678,  915,  704,  802,  328,  657,  589,  710,  543,  384,  519,  536,  211,  318,  546,  503,  570,  677,  739,  402,  491,  126,  451,  212,  847,  661,  287,  820,  679,  758,  769,  286,  265,  326,  146,  209,  503,  525,  484,  282,  383,  137,  423,  714,  669,  612,  585,  521,  664,  708,  381,  109,  590,  458,  556,  206,  381,  332,  402,  629,  664,  295,  138,  494,  235,  316,  206,  328,  586,  621,  336,  391,  119,  509,  283,  397,  737,  337,  368,  498,  482,  588,  409,  642,  222,  824,  181,  333,  422,  766,  246,  572,  531,  692,  557,  177,  278,  624,  260,  209,  624,  492,  599,  360,  861,  561,  347,  843,  305,  389,  737,  257,   82,  424,  201,  672,  792,  210,  211,  294,  381,  100,  340,  416,  470,  303,  331,   42,  662,  318,  465,  350,  154,  538,  777,  380,  230,  605,  743,  172,  798],
        [  104,    0, 1106,  176,  387,  925,  704,  486,  698,  675, 1030,  798,  177,  922,  702,  601,  791, 1038,  697,  855,  658,  636,  502,  912,  882,  605,  781,  877,  519,  486,    0,  915,  608,  775,  548,  901,  958,  641,  139,  968,  544,  791,  100,  914,  905,  810,  893,  163,  198,  233, 1120,  646,  561,  348,  970,  476,  715,  529,   34,  378,  435,  932,  822,  880,  601,  162,  591,  839, 1072,  720,  896,  642,  893,  917,  298,  408,  167,  464,  447,   81,  132,  328,  760,  327,  529,  258,  573, 1050, 1035,  962,  941, 1059,  952,  532,  593,  135,   41,  342,  502,  857,  262,  735,  254, 1011,  767,  575,  318,  280,  692,  641,  730,  923,  137,  733,  662,  490,  842,  609,  485,  926,  150,  201,   20,  513,  362,  875,  317,  531,  812,  628,  302,  743,  743,  723,  958,  587,  554,  200,  650,  638,  625,  399,  397,  349,  332,  223,  837,  879,   79,  810,  910,  789,  861, 1053,  742,  429,  672,  676,  198,  811,  278,  384,  652,  861,  423,  821,  501,   18,  733,  598,  473, 1051,  781,  887,  822,  403,  897,  748,  726,  703,  974,  687,  615,  858],
        [  895,    0,  395,  927,  685,   60,  371,  609,  423,  392,  462,  989,  775,   42,  916,  561,  969,  417,  412,  639,  681,  283,  884,  337,  188,  489,  250,  111,  396,  660,  915,    0,  437,  252,  377,  456,  455,  482,  928,  254,  649,  165,  923,   37,  495,  257,  301,  785,  971,  824,  395,  307,  355,  642,  410,  870,  376,  461,  947,  657,  720,  128,  374,  287,  584,  770,  449,  461,  375,  440,  330,  465,  221,  205,  896,  521,  836,  805,  866,  870,  848,  637,  562,  593,  524,  671,  605,  289,  394,  256,  365,  326,   50,  383,  661,  929,  874,  680,  864,  559,  654,  265,  854,  202,  538,  755,  653,  677,  916,  486,  901,  164, 1027,  363,  277,  777,  186,  378,  433,  131,  824,  714,  913,  434,  692,  510,  805,  876,  457,  513,  613,  242,  457,  715,  278,  376,  598,  820,  560,  385,  417,  531,  557,  748,  638,  847,  562,  431,  986,  806,  354,  615,  539,  170,  653,  627,  254,  561, 1010,  403,  730,  855,  370,  590,  748,  722,  420,  899,  849,  345,  626,  310,  500,  370,  775,  587,  216,  468,  290,  547,  238,  497,  765,  345],
