{
    "name": "random-15-4299",
    "comment": "size=15 seed=4299",
    "nodes": ["+0", "-0", "+1", "-1", "+2", "-2", "+3", "-3", "+4", "-4", "+5", "-5", "+6", "-6", "+7", "-7", "+8", "-8", "+9", "-9", "+10", "-10", "+11", "-11", "+12", "-12", "+13", "-13", "+14", "-14", "+15", "-15"],
    "precedence": {
        "+0": "-0",
        "+1": "-1",
        "+2": "-2",
        "+3": "-3",
        "+4": "-4",
        "+5": "-5",
        "+6": "-6",
        "+7": "-7",
        "+8": "-8",
        "+9": "-9",
        "+10": "-10",
        "+11": "-11",
        "+12": "-12",
        "+13": "-13",
        "+14": "-14",
        "+15": "-15"
    },
    "edges": [
        [    0,    0,  422,  742,  708,  666,  285,  974,  300,  855,  663,  582,  385,  555,  803,  495,   56,  586,  779,  643,  371,  758,  123,  357,  436,  463,  766,  472,  115,  712,  610,  775],
        [    0,    0,  422,  742,  708,  666,  285,  974,  300,  855,  663,  582,  385,  555,  803,  495,   56,  586,  779,  643,  371,  758,  123,  357,  436,  463,  766,  472,  115,  712,  610,  775],
        [  422,  422,    0,  528,  336,  303,  514,  604,  288,  507,  448,  359,  140,  416,  491,  179,  383,  389,  358,  498,  446,  486,  391,  210,  549,   46,  353,  518,  409,  619,  263,  363],
        [  742,  742,  528,    0,  323,  743,  965,  399,  786,  284,   84,  176,  665,  942,  940,  693,  741,  909,  606,  129,  946,  105,  632,  406,  463,  542,  661,  384,  805,  204,  301,  668],
        [  708,  708,  336,  323,    0,  448,  847,  271,  623,  174,  281,  251,  467,  704,  636,  449,  683,  656,  284,  382,  779,  231,  634,  366,  627,  323,  341,  561,  726,  503,  103,  347],
        [  666,  666,  303,  743,  448,    0,  636,  649,  409,  604,  677,  602,  282,  320,  200,  172,  615,  252,  237,  753,  505,  669,  670,  511,  850,  260,  175,  817,  610,  880,  443,  180],
        [  285,  285,  514,  965,  847,  636,    0, 1117,  239, 1014,  882,  792,  402,  398,  706,  482,  252,  456,  821,  885,  156,  958,  402,  560,  719,  537,  785,  748,  178,  971,  764,  793],
        [  974,  974,  604,  399,  271,  649, 1117,    0,  890,  130,  416,  444,  730,  942,  806,  696,  952,  885,  423,  514, 1043,  302,  892,  622,  826,  587,  493,  751,  996,  601,  365,  494],
        [  300,  300,  288,  786,  623,  409,  239,  890,    0,  794,  702,  610,  164,  258,  514,  247,  244,  287,  583,  727,  162,  761,  361,  392,  648,  305,  548,  652,  213,  831,  549,  557],
        [  855,  855,  507,  284,  174,  604, 1014,  130,  794,    0,  290,  314,  640,  875,  780,  621,  836,  824,  403,  391,  951,  181,  768,  500,  697,  496,  471,  622,  884,  487,  252,  474],
        [  663,  663,  448,   84,  281,  677,  882,  416,  702,  290,    0,   93,  583,  863,  875,  616,  660,  832,  558,  105,  863,  119,  555,  323,  415,  464,  608,  339,  723,  223,  237,  615],
        [  582,  582,  359,  176,  251,  602,  792,  444,  610,  314,   93,    0,  493,  774,  802,  530,  575,  745,  508,  151,  771,  178,  479,  234,  387,  378,  551,  316,  636,  279,  178,  559],
        [  385,  385,  140,  665,  467,  282,  402,  730,  164,  640,  583,  493,    0,  286,  433,  111,  335,  273,  424,  626,  313,  625,  396,  309,  623,  145,  396,  608,  335,  742,  401,  405],
        [  555,  555,  416,  942,  704,  320,  398,  942,  258,  875,  863,  774,  286,    0,  319,  257,  500,   72,  553,  911,  243,  892,  617,  593,  890,  402,  494,  884,  457, 1028,  660,  499],
        [  803,  803,  491,  940,  636,  200,  706,  806,  514,  780,  875,  802,  433,  319,    0,  329,  749,  252,  383,  952,  556,  862,  829,  701, 1038,  452,  313, 1009,  726, 1080,  640,  312],
        [  495,  495,  179,  693,  449,  172,  482,  696,  247,  621,  616,  530,  111,  257,  329,    0,  444,  217,  343,  674,  367,  638,  505,  383,  714,  152,  303,  690,  439,  796,  405,  312],
        [   56,   56,  383,  741,  683,  615,  252,  952,  244,  836,  660,  575,  335,  500,  749,  444,    0,  531,  737,  649,  322,  750,  151,  345,  468,  422,  721,  496,   75,  726,  588,  731],
        [  586,  586,  389,  909,  656,  252,  456,  885,  287,  824,  832,  745,  273,   72,  252,  217,  531,    0,  488,  887,  304,  853,  636,  580,  892,  368,  427,  880,  496, 1008,  620,  432],
        [  779,  779,  358,  606,  284,  237,  821,  423,  583,  403,  558,  508,  424,  553,  383,  343,  737,  488,    0,  653,  709,  513,  746,  516,  840,  317,   71,  788,  753,  779,  330,   72],
        [  643,  643,  498,  129,  382,  753,  885,  514,  727,  391,  105,  151,  626,  911,  952,  674,  649,  887,  653,    0,  883,  213,  527,  335,  335,  522,  699,  256,  717,  129,  325,  707],
        [  371,  371,  446,  946,  779,  505,  156, 1043,  162,  951,  863,  771,  313,  243,  556,  367,  322,  304,  709,  883,    0,  922,  466,  549,  775,  457,  664,  789,  258,  984,  708,  672],
        [  758,  758,  486,  105,  231,  669,  958,  302,  761,  181,  119,  178,  625,  892,  862,  638,  750,  853,  513,  213,  922,    0,  657,  406,  534,  492,  572,  457,  808,  307,  234,  578],
        [  123,  123,  391,  632,  634,  670,  402,  892,  361,  768,  555,  479,  396,  617,  829,  505,  151,  636,  746,  527,  466,  657,    0,  270,  318,  436,  744,  350,  225,  591,  533,  754],
        [  357,  357,  210,  406,  366,  511,  560,  622,  392,  500,  323,  234,  309,  593,  701,  383,  345,  580,  516,  335,  549,  406,  270,    0,  341,  251,  531,  309,  403,  441,  264,  541],
        [  436,  436,  549,  463,  627,  850,  719,  826,  648,  697,  415,  387,  623,  890, 1038,  714,  468,  892,  840,  335,  775,  534,  318,  341,    0,  591,  864,   79,  542,  335,  534,  873],
        [  463,  463,   46,  542,  323,  260,  537,  587,  305,  496,  464,  378,  145,  402,  452,  152,  422,  368,  317,  522,  457,  492,  436,  251,  591,    0,  308,  558,  443,  646,  262,  318],
        [  766,  766,  353,  661,  341,  175,  785,  493,  548,  471,  608,  551,  396,  494,  313,  303,  721,  427,   71,  699,  664,  572,  744,  531,  864,  308,    0,  816,  730,  826,  374,   10],
        [  472,  472,  518,  384,  561,  817,  748,  751,  652,  622,  339,  316,  608,  884, 1009,  690,  496,  880,  788,  256,  789,  457,  350,  309,   79,  558,  816,    0,  570,  264,  473,  825],
        [  115,  115,  409,  805,  726,  610,  178,  996,  213,  884,  723,  636,  335,  457,  726,  439,   75,  496,  753,  717,  258,  808,  225,  403,  542,  443,  730,  570,    0,  797,  633,  739],
        [  712,  712,  619,  204,  503,  880,  971,  601,  831,  487,  223,  279,  742, 1028, 1080,  796,  726, 1008,  779,  129,  984,  307,  591,  441,  335,  646,  826,  264,  797,    0,  453,  834],
        [  610,  610,  263,  301,  103,  443,  764,  365,  549,  252,  237,  178,  401,  660,  640,  405,  588,  620,  330,  325,  708,  234,  533,  264,  534,  262,  374,  473,  633,  453,    0,  382],
        [  775,  775,  363,  668,  347,  180,  793,  494,  557,  474,  615,  559,  405,  499,  312,  312,  731,  432,   72,  707,  672,  578,  754,  541,  873,  318,   10,  825,  739,  834,  382,    0]
    ]
}
