{
    "name": "random-24-2242",
    "comment": "size=24 seed=2242",
    "nodes": ["+0", "-0", "+1", "-1", "+2", "-2", "+3", "-3", "+4", "-4", "+5", "-5", "+6", "-6", "+7", "-7", "+8", "-8", "+9", "-9", "+10", "-10", "+11", "-11", "+12", "-12", "+13", "-13", "+14", "-14", "+15", "-15", "+16", "-16", "+17", "-17", "+18", "-18", "+19", "-19", "+20", "-20", "+21", "-21", "+22", "-22", "+23", "-23", "+24", "-24"],
    "precedence": {
        "+0": "-0",
        "+1": "-1",
        "+2": "-2",
        "+3": "-3",
        "+4": "-4",
        "+5": "-5",
        "+6": "-6",
        "+7": "-7",
        "+8": "-8",
        "+9": "-9",
        "+10": "-10",
        "+11": "-11",
        "+12": "-12",
        "+13": "-13",
        "+14": "-14",
        "+15": "-15",
        "+16": "-16",
        "+17": "-17",
        "+18": "-18",
        "+19": "-19",
        "+20": "-20",
        "+21": "-21",
        "+22": "-22",
        "+23": "-23",
        "+24": "-24"
    },
    "edges": [
        [    0,    0,  794,  818,  346,  885,  511,  899,  453,  695,  458,  397,  653,  828,  962,  832,  175,  627,  396,  767,  893,  832,  631,  271,  678,  405,  878,  567,  793,  406,  490,  164,  415,  637,  655,  316,  592,  424,  477,  187,  967,  925,  336,  905,  622, 1001,  515,  470,  340,  720],
        [    0,    0,  794,  818,  346,  885,  511,  899,  453,  695,  458,  397,  653,  828,  962,  832,  175,  627,  396,  767,  893,  832,  631,  271,  678,  405,  878,  567,  793,  406,  490,  164,  415,  637,  655,  316,  592,  424,  477,  187,  967,  925,  336,  905,  622, 1001,  515,  470,  340,  720],
        [  794,  794,    0,  179,  687,  168,  477,  325,  622,  100,  658,  443,  398,  136,  206,   57,  766,  170,  408,  412,  347,  501,  380,  931,  189,  722,  117,  613,  268,  628,  385,  647,  613,  488,  865,  584,  783,  389,  576,  630,  180,  131,  716,  322,  596,  256,  420,  560,  661,  436],
        [  818,  818,  179,    0,  635,   81,  398,  149,  742,  211,  578,  428,  556,   49,  346,  141,  752,  264,  425,  584,  525,  331,  269,  998,  141,  654,  276,  505,   99,  563,  344,  693,  547,  364,  749,  670,  674,  467,  495,  637,  211,  228,  811,  148,  475,  189,  351,  483,  757,  289],
        [  346,  346,  687,  635,    0,  713,  243,  665,  662,  602,  115,  257,  737,  663,  889,  705,  183,  553,  323,  842,  914,  534,  382,  615,  516,   69,  797,  233,  574,   80,  303,  365,   96,  341,  327,  502,  253,  454,  163,  221,  829,  811,  602,  673,  292,  822,  284,  166,  577,  439],
        [  885,  885,  168,   81,  713,    0,  478,  176,  775,  234,  658,  500,  565,   58,  290,  114,  826,  299,  490,  577,  496,  392,  349, 1053,  209,  734,  235,  585,  170,  642,  419,  753,  626,  443,  827,  717,  753,  515,  575,  707,  135,  167,  855,  171,  553,  116,  430,  563,  800,  363],
        [  511,  511,  477,  398,  243,  478,    0,  423,  662,  407,  183,  166,  637,  430,  683,  484,  392,  377,  236,  725,  757,  321,  140,  753,  293,  257,  593,  153,  332,  167,  119,  448,  151,  130,  399,  522,  313,  381,  100,  329,  599,  591,  655,  431,  168,  582,   61,   86,  613,  211],
        [  899,  899,  325,  149,  665,  176,  423,    0,  875,  356,  586,  503,  703,  189,  466,  279,  808,  403,  520,  732,  667,  234,  284, 1102,  255,  669,  409,  490,  108,  587,  410,  790,  571,  345,  712,  790,  648,  589,  509,  713,  298,  342,  933,   10,  446,  212,  394,  501,  880,  247],
        [  453,  453,  622,  742,  662,  775,  662,  875,    0,  541,  734,  497,  285,  724,  707,  677,  573,  479,  427,  380,  541,  927,  707,  399,  622,  729,  649,  794,  774,  672,  563,  318,  670,  777,  982,  160,  900,  298,  699,  447,  795,  728,  147,  878,  826,  877,  623,  682,  117,  813],
        [  695,  695,  100,  211,  602,  234,  407,  356,  541,    0,  583,  351,  347,  185,  288,  145,  671,   71,  310,  387,  365,  491,  332,  835,  144,  641,  197,  551,  274,  547,  304,  548,  533,  440,  803,  490,  718,  292,  502,  532,  277,  230,  625,  356,  542,  339,  347,  486,  570,  407],
        [  458,  458,  658,  578,  115,  658,  183,  586,  734,  583,    0,  271,  770,  612,  864,  666,  298,  545,  348,  868,  920,  432,  312,  725,  475,   85,  773,  121,  505,   63,  280,  457,   65,  247,  253,  578,  167,  493,   84,  314,  782,  773,  691,  595,  181,  760,  239,   99,  660,  348],
        [  397,  397,  443,  428,  257,  500,  166,  503,  497,  351,  271,    0,  500,  444,  638,  468,  328,  297,   78,  598,  659,  464,  246,  612,  292,  307,  547,  302,  397,  219,   95,  299,  209,  288,  521,  357,  434,  226,  213,  212,  599,  571,  493,  509,  330,  615,  137,  195,  449,  347],
        [  653,  653,  398,  556,  737,  565,  637,  703,  285,  347,  770,  500,    0,  524,  435,  455,  717,  312,  423,  115,  259,  819,  624,  673,  473,  797,  390,  788,  618,  715,  520,  491,  707,  720, 1020,  345,  932,  283,  709,  567,  551,  478,  421,  703,  801,  650,  582,  690,  374,  720],
        [  828,  828,  136,   49,  663,   58,  430,  189,  724,  185,  612,  444,  524,    0,  297,   93,  771,  246,  433,  546,  480,  380,  308,  997,  153,  686,  227,  545,  148,  594,  366,  696,  578,  407,  792,  661,  715,  459,  529,  651,  170,  180,  801,  187,  517,  173,  381,  516,  746,  335],
        [  962,  962,  206,  346,  889,  290,  683,  466,  707,  288,  864,  638,  435,  297,    0,  212,  954,  346,  594,  391,  252,  676,  583, 1063,  394,  926,   92,  818,  445,  831,  588,  806,  817,  689, 1069,  712,  988,  541,  781,  812,  183,  124,  826,  460,  799,  301,  625,  765,  773,  629],
        [  832,  832,   57,  141,  705,  114,  484,  279,  677,  145,  666,  468,  455,   93,  212,    0,  795,  215,  441,  464,  389,  470,  375,  979,  192,  735,  136,  611,  237,  641,  402,  690,  625,  479,  862,  634,  782,  436,  583,  663,  136,  108,  768,  276,  589,  200,  429,  568,  713,  417],
        [  175,  175,  766,  752,  183,  826,  392,  808,  573,  671,  298,  328,  717,  771,  954,  795,    0,  610,  362,  829,  931,  704,  526,  445,  618,  236,  865,  415,  708,  255,  408,  255,  268,  508,  481,  417,  420,  448,  335,  152,  927,  896,  481,  815,  473,  940,  414,  332,  470,  601],
        [  627,  627,  170,  264,  553,  299,  377,  403,  479,   71,  545,  297,  312,  246,  346,  215,  610,    0,  249,  370,  381,  509,  326,  764,  162,  597,  256,  527,  310,  504,  265,  478,  491,  430,  775,  421,  689,  222,  468,  468,  348,  299,  557,  404,  525,  407,  317,  450,  502,  414],
        [  396,  396,  408,  425,  323,  490,  236,  520,  427,  310,  348,   78,  423,  433,  594,  441,  362,  249,    0,  523,  592,  513,  291,  583,  284,  378,  504,  378,  412,  293,  138,  271,  285,  351,  599,  296,  511,  148,  290,  223,  575,  538,  437,  525,  403,  606,  197,  272,  390,  396],
        [  767,  767,  412,  584,  842,  577,  725,  732,  380,  387,  868,  598,  115,  546,  391,  464,  829,  370,  523,    0,  169,  875,  694,  776,  526,  900,  370,  877,  659,  816,  607,  605,  807,  796, 1115,  457, 1027,  390,  802,  679,  537,  462,  523,  731,  884,  646,  667,  784,  479,  783],
        [  893,  893,  347,  525,  914,  496,  757,  667,  541,  365,  920,  659,  259,  480,  252,  389,  931,  381,  592,  169,    0,  845,  696,  931,  508,  965,  265,  907,  614,  875,  644,  730,  863,  804, 1155,  597, 1069,  484,  846,  780,  423,  351,  679,  664,  903,  540,  697,  828,  632,  770],
        [  832,  832,  501,  331,  534,  392,  321,  234,  927,  491,  432,  464,  819,  380,  676,  470,  704,  509,  513,  875,  845,    0,  223, 1071,  350,  517,  606,  316,  234,  455,  376,  761,  440,  197,  499,  808,  447,  629,  372,  650,  523,  556,  950,  242,  259,  445,  328,  373,  902,  118],
        [  631,  631,  380,  269,  382,  349,  140,  284,  707,  332,  312,  246,  624,  308,  583,  375,  526,  326,  291,  694,  696,  223,    0,  857,  194,  391,  497,  238,  195,  305,  155,  545,  289,  109,  488,  586,  409,  410,  230,  446,  477,  479,  727,  292,  216,  449,  116,  220,  680,  107],
        [  271,  271,  931,  998,  615, 1053,  753, 1102,  399,  835,  725,  612,  673,  997, 1063,  979,  445,  764,  583,  776,  931, 1071,  857,    0,  859,  676,  990,  829,  994,  670,  705,  314,  678,  882,  925,  352,  862,  543,  735,  427, 1110, 1055,  254, 1107,  881, 1167,  745,  726,  299,  955],
        [  678,  678,  189,  141,  516,  209,  293,  255,  622,  144,  475,  292,  473,  153,  394,  192,  618,  162,  284,  526,  508,  350,  194,  859,    0,  543,  306,  424,  153,  450,  215,  552,  434,  302,  676,  537,  595,  335,  391,  499,  314,  299,  680,  258,  408,  324,  237,  377,  626,  263],
        [  405,  405,  722,  654,   69,  734,  257,  669,  729,  641,   85,  307,  797,  686,  926,  735,  236,  597,  378,  900,  965,  517,  391,  676,  543,    0,  835,  204,  585,   95,  338,  433,  110,  331,  259,  570,  188,  515,  162,  289,  854,  842,  670,  678,  263,  838,  307,  172,  645,  433],
        [  878,  878,  117,  276,  797,  235,  593,  409,  649,  197,  773,  547,  390,  227,   92,  136,  865,  256,  504,  370,  265,  606,  497,  990,  306,  835,    0,  730,  372,  740,  497,  723,  726,  604,  982,  638,  899,  459,  691,  723,  167,   92,  759,  404,  713,  279,  535,  675,  705,  549],
        [  567,  567,  613,  505,  233,  585,  153,  490,  794,  551,  121,  302,  788,  545,  818,  611,  415,  527,  378,  877,  907,  316,  238,  829,  424,  204,  730,    0,  422,  162,  271,  544,  153,  147,  253,  645,  171,  525,   99,  407,  715,  717,  770,  499,   60,  678,  211,  113,  733,  245],
        [  793,  793,  268,   99,  574,  170,  332,  108,  774,  274,  505,  397,  618,  148,  445,  237,  708,  310,  412,  659,  614,  234,  195,  994,  153,  585,  372,  422,    0,  498,  305,  683,  482,  277,  660,  683,  588,  484,  424,  608,  304,  326,  827,  114,  386,  257,  296,  414,  774,  194],
        [  406,  406,  628,  563,   80,  642,  167,  587,  672,  547,   63,  219,  715,  594,  831,  641,  255,  504,  293,  816,  875,  455,  305,  670,  450,   95,  740,  162,  498,    0,  244,  396,   17,  261,  313,  516,  228,  436,   84,  254,  761,  747,  629,  595,  219,  749,  214,   87,  598,  359],
        [  490,  490,  385,  344,  303,  419,  119,  410,  563,  304,  280,   95,  520,  366,  588,  402,  408,  265,  138,  607,  644,  376,  155,  705,  215,  338,  497,  271,  305,  244,    0,  392,  229,  215,  513,  434,  426,  271,  203,  304,  528,  508,  574,  417,  283,  532,   64,  186,  528,  259],
        [  164,  164,  647,  693,  365,  753,  448,  790,  318,  548,  457,  299,  491,  696,  806,  690,  255,  478,  271,  605,  730,  761,  545,  314,  552,  433,  723,  544,  683,  396,  392,    0,  400,  576,  691,  164,  615,  266,  447,  145,  824,  776,  238,  796,  590,  868,  434,  434,  218,  644],
        [  415,  415,  613,  547,   96,  626,  151,  571,  670,  533,   65,  209,  707,  578,  817,  625,  268,  491,  285,  807,  863,  440,  289,  678,  434,  110,  726,  153,  482,   17,  229,  400,    0,  245,  317,  515,  232,  429,   69,  258,  745,  732,  631,  579,  208,  732,  198,   71,  599,  344],
        [  637,  637,  488,  364,  341,  443,  130,  345,  777,  440,  247,  288,  720,  407,  689,  479,  508,  430,  351,  796,  804,  197,  109,  882,  302,  331,  604,  147,  277,  261,  215,  576,  245,    0,  386,  643,  312,  486,  178,  457,  574,  582,  780,  354,  111,  533,  155,  177,  736,  102],
        [  655,  655,  865,  749,  327,  827,  399,  712,  982,  803,  253,  521, 1020,  792, 1069,  862,  481,  775,  599, 1115, 1155,  499,  488,  925,  676,  259,  982,  253,  660,  313,  513,  691,  317,  386,    0,  825,   88,  744,  313,  547,  960,  966,  929,  721,  275,  913,  459,  332,  902,  470],
        [  316,  316,  584,  670,  502,  717,  522,  790,  160,  490,  578,  357,  345,  661,  712,  634,  417,  421,  296,  457,  597,  808,  586,  352,  537,  570,  638,  645,  683,  516,  434,  164,  515,  643,  825,    0,  743,  203,  548,  288,  763,  705,  145,  793,  682,  827,  490,  533,   94,  691],
        [  592,  592,  783,  674,  253,  753,  313,  648,  900,  718,  167,  434,  932,  715,  988,  782,  420,  689,  511, 1027, 1069,  447,  409,  862,  595,  188,  899,  171,  588,  228,  426,  615,  232,  312,   88,  743,    0,  657,  225,  470,  884,  887,  851,  657,  204,  843,  373,  244,  823,  402],
        [  424,  424,  389,  467,  454,  515,  381,  589,  298,  292,  493,  226,  283,  459,  541,  436,  448,  222,  148,  390,  484,  629,  410,  543,  335,  515,  459,  525,  484,  436,  271,  266,  429,  486,  744,  203,  657,    0,  438,  297,  569,  516,  345,  593,  548,  626,  334,  420,  292,  515],
        [  477,  477,  576,  495,  163,  575,  100,  509,  699,  502,   84,  213,  709,  529,  781,  583,  335,  468,  290,  802,  846,  372,  230,  735,  391,  162,  691,   99,  424,   84,  203,  447,   69,  178,  313,  548,  225,  438,    0,  311,  698,  690,  672,  517,  146,  678,  157,   19,  636,  277],
        [  187,  187,  630,  637,  221,  707,  329,  713,  447,  532,  314,  212,  567,  651,  812,  663,  152,  468,  223,  679,  780,  650,  446,  427,  499,  289,  723,  407,  608,  254,  304,  145,  258,  457,  547,  288,  470,  297,  311,    0,  798,  761,  382,  720,  457,  823,  330,  300,  357,  537],
        [  967,  967,  180,  211,  829,  135,  599,  298,  795,  277,  782,  599,  551,  170,  183,  136,  927,  348,  575,  537,  423,  523,  477, 1110,  314,  854,  167,  715,  304,  761,  528,  824,  745,  574,  960,  763,  884,  569,  698,  798,    0,   75,  894,  291,  685,  119,  548,  685,  839,  497],
        [  925,  925,  131,  228,  811,  167,  591,  342,  728,  230,  773,  571,  478,  180,  124,  108,  896,  299,  538,  462,  351,  556,  479, 1055,  299,  842,   92,  717,  326,  747,  508,  776,  732,  582,  966,  705,  887,  516,  690,  761,   75,    0,  832,  337,  693,  190,  536,  675,  777,  515],
        [  336,  336,  716,  811,  602,  855,  655,  933,  147,  625,  691,  493,  421,  801,  826,  768,  481,  557,  437,  523,  679,  950,  727,  254,  680,  670,  759,  770,  827,  629,  574,  238,  631,  780,  929,  145,  851,  345,  672,  382,  894,  832,    0,  937,  811,  964,  628,  658,   56,  833],
        [  905,  905,  322,  148,  673,  171,  431,   10,  878,  356,  595,  509,  703,  187,  460,  276,  815,  404,  525,  731,  664,  242,  292, 1107,  258,  678,  404,  499,  114,  595,  417,  796,  579,  354,  721,  793,  657,  593,  517,  720,  291,  337,  937,    0,  455,  204,  401,  509,  884,  256],
        [  622,  622,  596,  475,  292,  553,  168,  446,  826,  542,  181,  330,  801,  517,  799,  589,  473,  525,  403,  884,  903,  259,  216,  881,  408,  263,  713,   60,  386,  219,  283,  590,  208,  111,  275,  682,  204,  548,  146,  457,  685,  693,  811,  455,    0,  640,  220,  157,  772,  200],
        [ 1001, 1001,  256,  189,  822,  116,  582,  212,  877,  339,  760,  615,  650,  173,  301,  200,  940,  407,  606,  646,  540,  445,  449, 1167,  324,  838,  279,  678,  257,  749,  532,  868,  732,  533,  913,  827,  843,  626,  678,  823,  119,  190,  964,  204,  640,    0,  539,  667,  909,  443],
        [  515,  515,  420,  351,  284,  430,   61,  394,  623,  347,  239,  137,  582,  381,  625,  429,  414,  317,  197,  667,  697,  328,  116,  745,  237,  307,  535,  211,  296,  214,   64,  434,  198,  155,  459,  490,  373,  334,  157,  330,  548,  536,  628,  401,  220,  539,    0,  141,  583,  211],
        [  470,  470,  560,  483,  166,  563,   86,  501,  682,  486,   99,  195,  690,  516,  765,  568,  332,  450,  272,  784,  828,  373,  220,  726,  377,  172,  675,  113,  414,   87,  186,  434,   71,  177,  332,  533,  244,  420,   19,  300,  685,  675,  658,  509,  157,  667,  141,    0,  621,  274],
        [  340,  340,  661,  757,  577,  800,  613,  880,  117,  570,  660,  449,  374,  746,  773,  713,  470,  502,  390,  479,  632,  902,  680,  299,  626,  645,  705,  733,  774,  598,  528,  218,  599,  736,  902,   94,  823,  292,  636,  357,  839,  777,   56,  884,  772,  909,  583,  621,    0,  785],
        [  720,  720,  436,  289,  439,  363,  211,  247,  813,  407,  348,  347,  720,  335,  629,  417,  601,  414,  396,  783,  770,  118,  107,  955,  263,  433,  549,  245,  194,  359,  259,  644,  344,  102,  470,  691,  402,  515,  277,  537,  497,  515,  833,  256,  200,  443,  211,  274,  785,    0]
    ]
}
