{
    "name": "random-12-29421",
    "comment": "size=12 seed=29421",
    "nodes": ["+0", "-0", "+1", "-1", "+2", "-2", "+3", "-3", "+4", "-4", "+5", "-5", "+6", "-6", "+7", "-7", "+8", "-8", "+9", "-9", "+10", "-10", "+11", "-11", "+12", "-12"],
    "precedence": {
        "+0": "-0",
        "+1": "-1",
        "+2": "-2",
        "+3": "-3",
        "+4": "-4",
        "+5": "-5",
        "+6": "-6",
        "+7": "-7",
        "+8": "-8",
        "+9": "-9",
        "+10": "-10",
        "+11": "-11",
        "+12": "-12"
    },
    "edges": [
        [    0,    0,  498,  240,  462,  613,  201,  448,  139,  275,  643,  666,  417,  572,  538,  217,  787,  552,  586,  576,  505,  288,  344,  394,  131,  300],
        [    0,    0,  498,  240,  462,  613,  201,  448,  139,  275,  643,  666,  417,  572,  538,  217,  787,  552,  586,  576,  505,  288,  344,  394,  131,  300],
        [  498,  498,    0,  583,  480,  568,  686,  731,  541,  466,  476,  191,  850,  162,  465,  490,  388,  177,  330,  570,  279,  212,  178,  336,  441,  798],
        [  240,  240,  583,    0,  312,  448,  355,  209,  102,  142,  526,  704,  273,  703,  757,  456,  758,  694,  527,  402,  685,  407,  405,  598,  363,  356],
        [  462,  462,  480,  312,    0,  151,  637,  320,  368,  193,  217,  518,  546,  638,  835,  634,  495,  644,  263,  119,  697,  415,  343,  666,  534,  665],
        [  613,  613,  568,  448,  151,    0,  785,  399,  514,  342,  148,  556,  653,  729,  963,  782,  469,  742,  273,   50,  812,  544,  461,  797,  683,  804],
        [  201,  201,  686,  355,  637,  785,    0,  534,  272,  445,  832,  861,  390,  737,  612,  269,  988,  712,  785,  744,  637,  476,  542,  507,  255,  146],
        [  448,  448,  731,  209,  320,  399,  534,    0,  310,  268,  522,  814,  266,  869,  961,  664,  814,  865,  580,  350,  875,  585,  558,  798,  571,  489],
        [  139,  139,  541,  102,  368,  514,  272,  310,    0,  176,  570,  683,  315,  645,  665,  355,  766,  631,  545,  473,  607,  346,  367,  511,  264,  307],
        [  275,  275,  466,  142,  193,  342,  445,  268,  176,    0,  396,  570,  410,  602,  717,  466,  616,  598,  386,  303,  613,  321,  292,  549,  365,  479],
        [  643,  643,  476,  526,  217,  148,  832,  522,  570,  396,    0,  428,  761,  635,  909,  780,  323,  653,  151,  186,  741,  506,  411,  750,  686,  874],
        [  666,  666,  191,  704,  518,  556,  861,  814,  683,  570,  428,    0,  976,  280,  632,  680,  222,  311,  283,  574,  440,  388,  323,  520,  625,  963],
        [  417,  417,  850,  273,  546,  653,  390,  266,  315,  410,  761,  976,    0,  959,  951,  611, 1022,  946,  788,  604,  917,  661,  673,  810,  544,  286],
        [  572,  572,  162,  703,  638,  729,  737,  869,  645,  602,  635,  280,  959,    0,  360,  499,  500,   36,  487,  731,  170,  299,  312,  282,  482,  865],
        [  538,  538,  465,  757,  835,  963,  612,  961,  665,  717,  909,  632,  951,  360,    0,  347,  847,  326,  777,  948,  193,  421,  504,  170,  408,  757],
        [  217,  217,  490,  456,  634,  782,  269,  664,  355,  466,  780,  680,  611,  499,  347,    0,  848,  470,  689,  752,  377,  306,  399,  243,  102,  413],
        [  787,  787,  388,  758,  495,  469,  988,  814,  766,  616,  323,  222, 1022,  500,  847,  848,    0,  531,  236,  504,  656,  544,  455,  722,  777, 1068],
        [  552,  552,  177,  694,  644,  742,  712,  865,  631,  598,  653,  311,  946,   36,  326,  470,  531,    0,  506,  741,  135,  288,  312,  249,  457,  842],
        [  586,  586,  330,  527,  263,  273,  785,  580,  545,  386,  151,  283,  788,  487,  777,  689,  236,  506,    0,  295,  601,  394,  296,  624,  603,  850],
        [  576,  576,  570,  402,  119,   50,  744,  350,  473,  303,  186,  574,  604,  731,  948,  752,  504,  741,  295,    0,  803,  528,  450,  781,  652,  758],
        [  505,  505,  279,  685,  697,  812,  637,  875,  607,  613,  741,  440,  917,  170,  193,  377,  656,  135,  601,  803,    0,  294,  355,  136,  390,  775],
        [  288,  288,  212,  407,  415,  544,  476,  585,  346,  321,  506,  388,  661,  299,  421,  306,  544,  288,  394,  528,  294,    0,   98,  253,  238,  588],
        [  344,  344,  178,  405,  343,  461,  542,  558,  367,  292,  411,  323,  673,  312,  504,  399,  455,  312,  296,  450,  355,   98,    0,  341,  322,  640],
        [  394,  394,  336,  598,  666,  797,  507,  798,  511,  549,  750,  520,  810,  282,  170,  243,  722,  249,  624,  781,  136,  253,  341,    0,  270,  648],
        [  131,  131,  441,  363,  534,  683,  255,  571,  264,  365,  686,  625,  544,  482,  408,  102,  777,  457,  603,  652,  390,  238,  322,  270,    0,  387],
        [  300,  300,  798,  356,  665,  804,  146,  489,  307,  479,  874,  963,  286,  865,  757,  413, 1068,  842,  850,  758,  775,  588,  640,  648,  387,    0]
    ]
}
