{
    "name": "random-63-16896",
    "comment": "size=63 seed=16896",
    "nodes": ["+0", "-0", "+1", "-1", "+2", "-2", "+3", "-3", "+4", "-4", "+5", "-5", "+6", "-6", "+7", "-7", "+8", "-8", "+9", "-9", "+10", "-10", "+11", "-11", "+12", "-12", "+13", "-13", "+14", "-14", "+15", "-15", "+16", "-16", "+17", "-17", "+18", "-18", "+19", "-19", "+20", "-20", "+21", "-21", "+22", "-22", "+23", "-23", "+24", "-24", "+25", "-25", "+26", "-26", "+27", "-27", "+28", "-28", "+29", "-29", "+30", "-30", "+31", "-31", "+32", "-32", "+33", "-33", "+34", "-34", "+35", "-35", "+36", "-36", "+37", "-37", "+38", "-38", "+39", "-39", "+40", "-40", "+41", "-41", "+42", "-42", "+43", "-43", "+44", "-44", "+45", "-45", "+46", "-46", "+47", "-47", "+48", "-48", "+49", "-49", "+50", "-50", "+51", "-51", "+52", "-52", "+53", "-53", "+54", "-54", "+55", "-55", "+56", "-56", "+57", "-57", "+58", "-58", "+59", "-59", "+60", "-60", "+61", "-61", "+62", "-62", "+63", "-63"],
    "precedence": {
        "+0": "-0",
        "+1": "-1",
        "+2": "-2",
        "+3": "-3",
        "+4": "-4",
        "+5": "-5",
        "+6": "-6",
        "+7": "-7",
        "+8": "-8",
        "+9": "-9",
        "+10": "-10",
        "+11": "-11",
        "+12": "-12",
        "+13": "-13",
        "+14": "-14",
        "+15": "-15",
        "+16": "-16",
        "+17": "-17",
        "+18": "-18",
        "+19": "-19",
        "+20": "-20",
        "+21": "-21",
        "+22": "-22",
        "+23": "-23",
        "+24": "-24",
        "+25": "-25",
        "+26": "-26",
        "+27": "-27",
        "+28": "-28",
        "+29": "-29",
        "+30": "-30",
        "+31": "-31",
        "+32": "-32",
        "+33": "-33",
        "+34": "-34",
        "+35": "-35",
        "+36": "-36",
        "+37": "-37",
        "+38": "-38",
        "+39": "-39",
        "+40": "-40",
        "+41": "-41",
        "+42": "-42",
        "+43": "-43",
        "+44": "-44",
        "+45": "-45",
        "+46": "-46",
        "+47": "-47",
        "+48": "-48",
        "+49": "-49",
        "+50": "-50",
        "+51": "-51",
        "+52": "-52",
        "+53": "-53",
        "+54": "-54",
        "+55": "-55",
        "+56": "-56",
        "+57": "-57",
        "+58": "-58",
        "+59": "-59",
        "+60": "-60",
        "+61": "-61",
        "+62": "-62",
        "+63": "-63"
    },
    "edges": [
        [    0,    0,  562,  647,  488,  393,  614,  219,  709,  517,  225,  966,  201,  949,  324,  441, 1022,  602,  499,  371,  476,  469,  561,  521,   75,  364,  433,  472,  738,  357,  505,  301,  142,  477,  873,  478,  317,  346,  563,  625,  409,  535,  399,  121,  793,  550,  699,  162,  439,  534,  463,  101,  601,  258,  484,  608,  378,  608,  951,  807,  480,  874,  403,  823,  335,  430,  343,  352,  161,  336,  234,  165,  316,  166,  559,  504,  645,  905,  538,  374,  251,  353,  443,  864,  689,  834,  798,  761,  926,  320,  543,  103,  771,  708,  944,  617,  481,  742,  684,  508,  840,  508,  283,  107,  479,  431,  373,  659,  293,  613,  620,  875,  870,  356,  153,  448,  243,  445,  891,  767,  562,  360,  596,  702,  216,  693,  240,  698],
        [    0,    0,    0,    0,    0,    0,    0,    0,    0,    0,    0,    0,    0,    0,    0,    0,    0,    0,    0,    0,    0,    0,    0,    0,    0,    0,    0,    0,    0,    0,    0,    0,    0,    0,    0,    0,    0,    0,    0,    0,    0,    0,    0,    0,    0,    0,    0,    0,    0,    0,    0,    0,    0,    0,    0,    0,    0,    0,    0,    0,    0,    0,    0,    0,    0,    0,    0,    0,    0,    0,    0,    0,    0,    0,    0,    0,    0,    0,    0,    0,    0,    0,    0,    0,    0,    0,    0,    0,    0,    0,    0,    0,    0,    0,    0,    0,    0,    0,    0,    0,    0,    0,    0,    0,    0,    0,    0,    0,    0,    0,    0,    0,    0,    0,    0,    0,    0,    0,    0,    0,    0,    0,    0,    0,    0,    0,    0,    0],
        [  562,    0,    0,  158,  453,  435,  327,  569,  386,  502,  471,  501,  395,  511,  687,  723,  617,  101,  450,  252,  235,  563,  519,  308,  545,  495,  402,  584,  278,  408,  275,  585,  429,  300,  425,  772,  321,  273,  476,  466,  680,  695,  337,  596,  261,  639,  141,  443,  679,   89,  348,  462,  440,  478,  791,  534,  620,  325,  441,  391,  212,  430,  602,  285,  595,  686,  635,  645,  561,  367,  632,  622,  367,  408,  231,  415,  262,  503,  516,  203,  467,  607,  473,  439,  128,  517,  237,  218,  511,  623,  452,  474,  210,  527,  431,  314,  442,  189,  126,  519,  303,  609,  471,  459,  712,  662,  283,  282,  297,  208,  385,  519,  309,  428,  516,  461,  356,  293,  365,  221,  364,  212,  419,  349,  385,  179,  390,  369],
        [  647,    0,  158,    0,  399,  416,  215,  602,  527,  442,  599,  351,  510,  603,  819,  867,  460,   59,  392,  394,  392,  716,  676,  465,  614,  642,  556,  737,  389,  555,  219,  721,  529,  256,  270,  756,  354,  412,  397,  621,  670,  651,  488,  704,  149,  584,  128,  505,  661,  246,  504,  548,  596,  501,  777,  448,  764,  476,  495,  235,  190,  275,  585,  181,  597,  831,  774,  784,  608,  511,  665,  671,  386,  512,  148,  354,  402,  346,  673,  333,  493,  749,  436,  544,  149,  367,  209,  270,  612,  632,  609,  550,  189,  410,  300,  199,  390,  229,  179,  463,  344,  562,  487,  541,  687,  808,  428,  422,  357,   87,  276,  365,  265,  575,  568,  421,  414,  267,  245,  270,  520,  335,  574,  206,  504,   49,  516,  230],
        [  488,    0,  453,  399,    0,   96,  218,  319,  813,   52,  590,  579,  487,  964,  782,  878,  584,  401,   13,  509,  586,  811,  837,  670,  420,  704,  685,  825,  730,  638,  184,  718,  453,  154,  490,  370,  228,  506,   76,  835,  294,  253,  612,  596,  525,  188,  519,  332,  276,  508,  665,  423,  805,  234,  391,  125,  787,  727,  881,  416,  241,  486,  208,  557,  249,  854,  772,  783,  360,  590,  367,  411,  193,  454,  252,   47,  695,  482,  822,  443,  239,  764,   56,  891,  532,  376,  608,  651,  962,  290,  783,  395,  587,  224,  613,  232,   12,  614,  552,   67,  733,  163,  209,  409,  295,  843,  544,  716,  290,  316,  182,  430,  661,  652,  342,   45,  290,  163,  589,  653,  733,  429,  788,  303,  493,  443,  526,  284],
        [  393,    0,  435,  416,   96,    0,  273,  232,  770,  130,  503,  644,  402,  941,  690,  788,  664,  404,  107,  445,  533,  732,  767,  615,  325,  623,  614,  745,  706,  562,  200,  629,  363,  162,  552,  342,  156,  438,  171,  775,  255,  264,  544,  502,  555,  223,  525,  238,  248,  475,  600,  330,  745,  141,  363,  217,  700,  679,  874,  478,  233,  550,  171,  587,  186,  765,  682,  693,  268,  515,  285,  322,  111,  366,  273,  119,  658,  556,  750,  385,  144,  676,   59,  865,  532,  461,  620,  646,  936,  224,  717,  300,  597,  318,  663,  284,   90,  611,  548,  129,  730,  185,  116,  316,  278,  755,  477,  679,  217,  341,  253,  511,  680,  574,  248,   58,  204,  151,  630,  649,  676,  369,  730,  364,  409,  463,  444,  350],
        [  614,    0,  327,  215,  218,  273,    0,  498,  713,  249,  643,  372,  540,  815,  858,  932,  408,  242,  207,  488,  529,  819,  810,  612,  560,  725,  669,  837,  594,  644,  112,  774,  532,  137,  279,  587,  299,  496,  192,  778,  510,  461,  595,  701,  317,  387,  342,  453,  493,  407,  631,  526,  750,  399,  609,  236,  832,  646,  709,  206,  165,  277,  424,  347,  456,  901,  830,  840,  524,  595,  556,  584,  302,  523,  100,  172,  588,  293,  801,  416,  396,  812,  268,  752,  362,  231,  416,  484,  822,  496,  747,  512,  399,  201,  395,   17,  212,  444,  391,  273,  559,  372,  377,  515,  511,  884,  526,  609,  339,  130,   62,  264,  460,  662,  493,  253,  375,  170,  372,  484,  674,  409,  730,   92,  539,  249,  564,   84],
        [  219,    0,  569,  602,  319,  232,  498,    0,  821,  333,  412,  869,  340, 1035,  542,  658,  895,  573,  331,  467,  574,  662,  734,  640,  145,  551,  589,  669,  806,  519,  407,  512,  276,  371,  776,  272,  252,  448,  392,  776,  194,  317,  535,  340,  749,  337,  688,  152,  222,  576,  600,  217,  748,  103,  283,  424,  589,  721, 1002,  704,  413,  774,  187,  781,  117,  645,  558,  567,   59,  483,   64,   93,  216,  294,  476,  350,  731,  787,  713,  435,  109,  564,  265,  952,  687,  692,  789,  786, 1020,  104,  702,  176,  763,  540,  876,  507,  316,  758,  694,  318,  871,  298,  122,  205,  263,  644,  486,  749,  275,  542,  484,  742,  856,  525,   83,  275,  218,  347,  835,  790,  694,  417,  738,  590,  353,  650,  389,  579],
        [  709,    0,  386,  527,  813,  770,  713,  821,    0,  864,  508,  819,  509,  258,  644,  609,  958,  480,  813,  355,  248,  403,  284,  188,  733,  421,  302,  424,  176,  371,  650,  546,  574,  668,  764, 1073,  622,  375,  849,  173,  981, 1032,  311,  673,  559,  990,  429,  671,  991,  311,  252,  633,  170,  758, 1088,  909,  530,  102,  340,  751,  582,  772,  917,  563,  888,  570,  570,  575,  788,  376,  875,  836,  673,  551,  616,  782,  126,  856,  301,  394,  744,  533,  819,  180,  399,  894,  447,  327,  226,  905,  235,  666,  435,  913,  711,  700,  801,  354,  365,  877,  337,  954,  762,  639, 1029,  540,  341,  106,  569,  593,  770,  887,  492,  382,  745,  809,  614,  651,  642,  333,  157,  411,  155,  730,  494,  525,  469,  752],
        [  517,    0,  502,  442,   52,  130,  249,  333,  864,    0,  632,  596,  531, 1013,  819,  918,  588,  447,   53,  559,  637,  857,  886,  721,  447,  750,  734,  871,  780,  685,  231,  758,  493,  203,  510,  344,  275,  555,   69,  885,  277,  213,  662,  629,  562,  142,  564,  367,  253,  558,  715,  459,  856,  260,  366,   92,  829,  779,  928,  437,  291,  506,  195,  594,  248,  895,  812,  823,  380,  637,  375,  426,  237,  496,  295,   89,  746,  493,  871,  494,  266,  806,   75,  941,  578,  378,  650,  698, 1012,  289,  833,  428,  630,  210,  640,  264,   63,  660,  599,   25,  779,  124,  234,  445,  266,  885,  593,  767,  337,  357,  203,  435,  701,  699,  368,   73,  332,  214,  620,  700,  784,  479,  839,  327,  537,  484,  571,  305],
        [  225,    0,  471,  599,  590,  503,  643,  412,  508,  632,    0,  946,  105,  759,  221,  292, 1033,  543,  597,  225,  305,  251,  336,  324,  278,  141,  214,  258,  572,  139,  533,  132,  144,  519,  858,  683,  367,  200,  659,  405,  604,  710,  200,  166,  729,  704,  609,  283,  628,  413,  256,  196,  382,  404,  692,  714,  198,  411,  788,  804,  482,  862,  575,  754,  517,  265,  188,  199,  359,  136,  445,  384,  397,  137,  561,  589,  468,  913,  313,  269,  391,  175,  561,  676,  591,  873,  698,  632,  731,  514,  321,  237,  672,  788,  895,  641,  580,  623,  576,  630,  701,  662,  423,  210,  670,  254,  206,  478,  312,  595,  669,  902,  769,  134,  330,  560,  301,  485,  833,  638,  354,  265,  380,  716,  104,  637,   83,  721],
        [  966,    0,  501,  351,  579,  644,  372,  869,  819,  596,  946,    0,  853,  802, 1167, 1217,  154,  409,  567,  745,  734, 1063, 1013,  800,  920,  992,  903, 1085,  651,  905,  467, 1071,  863,  501,   94,  939,  652,  762,  529,  944,  871,  796,  837, 1038,  261,  716,  397,  810,  849,  586,  847,  871,  922,  769,  961,  545, 1114,  794,  647,  166,  486,   95,  786,  257,  824, 1182, 1124, 1134,  892,  861,  927,  953,  666,  849,  408,  536,  705,  125, 1013,  683,  765, 1099,  633,  772,  426,  259,  377,  498,  828,  865,  945,  864,  385,  432,  129,  363,  576,  466,  459,  621,  525,  714,  748,  862,  860, 1159,  779,  721,  676,  357,  398,  201,  356,  925,  859,  619,  724,  529,  186,  493,  850,  684,  899,  280,  848,  323,  863,  296],
        [  201,    0,  395,  510,  487,  402,  540,  340,  509,  531,  105,  853,    0,  748,  319,  396,  934,  457,  495,  174,  276,  335,  395,  322,  227,  224,  250,  346,  541,  180,  429,  236,   67,  415,  764,  611,  263,  148,  556,  440,  526,  621,  203,  203,  646,  610,  535,  197,  547,  351,  269,  129,  413,  314,  622,  611,  302,  408,  755,  707,  381,  766,  488,  674,  436,  369,  292,  303,  295,  145,  384,  334,  295,   47,  461,  485,  445,  815,  374,  193,  301,  279,  461,  664,  520,  771,  629,  577,  726,  439,  363,  167,  602,  684,  809,  539,  478,  563,  509,  530,  652,  568,  331,  138,  589,  356,  173,  459,  208,  499,  565,  800,  701,  186,  258,  459,  199,  381,  749,  583,  367,  184,  405,  616,   16,  551,   49,  620],
        [  949,    0,  511,  603,  964,  941,  815, 1035,  258, 1013,  759,  802,  748,    0,  901,  862,  954,  576,  960,  581,  474,  656,  530,  435,  964,  678,  558,  676,  236,  626,  784,  803,  810,  811,  775, 1268,  809,  605,  983,  416, 1175, 1204,  560,  924,  569, 1150,  478,  888, 1179,  468,  505,  865,  421,  958, 1285, 1039,  786,  349,  168,  787,  723,  784, 1103,  558, 1085,  824,  827,  832, 1009,  625, 1093, 1063,  859,  786,  730,  925,  306,  874,  550,  601,  945,  790,  983,   85,  455,  947,  439,  337,   44, 1108,  489,  894,  442, 1012,  677,  800,  953,  377,  425, 1030,  281, 1119,  958,  869, 1215,  794,  576,  291,  766,  686,  876,  924,  446,  638,  965,  970,  819,  803,  617,  338,  413,  618,  410,  803,  734,  581,  712,  829],
        [  324,    0,  687,  819,  782,  690,  858,  542,  644,  819,  221, 1167,  319,  901,    0,  126, 1253,  763,  791,  436,  495,  263,  393,  485,  398,  226,  350,  250,  747,  299,  747,  106,  332,  730, 1079,  796,  572,  414,  855,  498,  732,  858,  377,  203,  946,  869,  823,  453,  762,  621,  411,  360,  486,  569,  800,  906,  123,  562,  960, 1025,  700, 1082,  725,  971,  658,  131,   76,   74,  484,  326,  552,  481,  592,  337,  779,  788,  639, 1133,  369,  488,  559,  113,  745,  822,  802, 1088,  907,  830,  867,  643,  416,  393,  882,  992, 1114,  857,  774,  827,  784,  813,  892,  827,  592,  375,  802,  148,  409,  644,  522,  816,  881, 1119,  977,  281,  472,  747,  499,  696, 1051,  837,  491,  485,  494,  935,  322,  856,  304,  938],
        [  441,    0,  723,  867,  878,  788,  932,  658,  609,  918,  292, 1217,  396,  862,  126,    0, 1314,  809,  886,  473,  507,  207,  334,  477,  513,  229,  342,  187,  736,  316,  823,  161,  425,  810, 1133,  917,  658,  456,  948,  447,  850,  972,  391,  323,  983,  978,  852,  556,  879,  648,  406,  463,  442,  676,  921, 1002,  103,  541,  941, 1084,  769, 1137,  838, 1005,  773,   40,  106,   96,  600,  357,  673,  602,  685,  425,  846,  879,  629, 1195,  313,  536,  665,  120,  845,  788,  829, 1162,  928,  839,  824,  760,  375,  500,  904, 1080, 1153,  929,  869,  841,  806,  914,  891,  935,  698,  478,  920,   70,  441,  629,  603,  875,  960, 1188,  996,  296,  584,  845,  590,  777, 1086,  845,  466,  537,  455, 1002,  395,  898,  368, 1009],
        [ 1022,    0,  617,  460,  584,  664,  408,  895,  958,  588, 1033,  154,  934,  954, 1253, 1314,    0,  519,  571,  847,  851, 1174, 1135,  923,  967, 1094, 1015, 1195,  795, 1009,  518, 1162,  934,  545,  195,  920,  706,  861,  521, 1074,  863,  767,  945, 1107,  401,  687,  530,  861,  836,  704,  964,  933, 1050,  800,  941,  518, 1212,  925,  800,  231,  555,  188,  783,  402,  832, 1280, 1216, 1227,  927,  962,  948,  984,  709,  923,  475,  547,  841,  120, 1132,  780,  799, 1194,  640,  922,  560,  212,  524,  643,  979,  873, 1068,  920,  529,  393,  282,  405,  584,  609,  594,  611,  676,  694,  776,  922,  840, 1259,  883,  857,  741,  440,  412,  155,  509, 1028,  899,  627,  782,  577,  338,  639,  976,  778, 1028,  322,  931,  443,  951,  325],
        [  602,    0,  101,   59,  401,  404,  242,  573,  480,  447,  543,  409,  457,  576,  763,  809,  519,    0,  395,  336,  333,  657,  619,  408,  574,  583,  498,  678,  353,  496,  217,  664,  480,  250,  329,  746,  322,  354,  410,  567,  657,  651,  429,  653,  192,  588,  121,  466,  651,  189,  445,  502,  541,  475,  766,  464,  706,  424,  482,  292,  171,  334,  574,  221,  579,  773,  716,  727,  574,  453,  636,  637,  359,  461,  155,  358,  355,  403,  615,  276,  465,  691,  431,  512,  131,  417,  219,  252,  582,  612,  552,  507,  194,  441,  353,  227,  391,  214,  154,  467,  333,  562,  463,  496,  680,  750,  370,  375,  316,  115,  302,  419,  284,  516,  532,  417,  375,  253,  293,  253,  465,  279,  519,  251,  450,   94,  461,  273],
        [  499,    0,  450,  392,   13,  107,  207,  331,  813,   53,  597,  567,  495,  960,  791,  886,  571,  395,    0,  513,  588,  817,  841,  672,  431,  711,  689,  832,  728,  644,  179,  726,  462,  150,  478,  380,  234,  510,   65,  837,  305,  260,  617,  607,  516,  193,  513,  343,  286,  506,  668,  433,  808,  246,  402,  117,  795,  728,  876,  404,  238,  474,  220,  548,  262,  862,  780,  791,  372,  595,  379,  423,  201,  462,  245,   39,  694,  469,  826,  446,  250,  772,   69,  888,  526,  364,  601,  646,  960,  303,  787,  405,  580,  212,  602,  222,   18,  609,  548,   72,  728,  170,  221,  419,  304,  850,  548,  715,  296,  308,  170,  417,  653,  658,  354,   57,  297,  162,  579,  648,  735,  432,  790,  291,  500,  435,  533,  272],
        [  371,    0,  252,  394,  509,  445,  488,  467,  355,  559,  225,  745,  174,  581,  436,  473,  847,  336,  513,    0,  109,  333,  330,  176,  384,  249,  183,  352,  368,  162,  390,  333,  231,  391,  662,  723,  290,   27,  563,  330,  632,  699,  108,  370,  512,  668,  387,  316,  645,  188,  156,  284,  301,  409,  738,  624,  371,  254,  582,  616,  325,  666,  575,  536,  539,  437,  383,  393,  434,  117,  521,  484,  339,  206,  393,  491,  276,  728,  318,   72,  394,  356,  501,  497,  368,  712,  473,  409,  561,  553,  275,  314,  448,  666,  682,  481,  498,  399,  351,  566,  482,  629,  416,  288,  685,  415,   38,  291,  231,  409,  529,  729,  545,  182,  391,  494,  265,  363,  617,  415,  235,   82,  286,  545,  160,  426,  151,  556],
        [  476,    0,  235,  392,  586,  533,  529,  574,  248,  637,  305,  734,  276,  474,  495,  507,  851,  333,  588,  109,    0,  332,  287,   86,  491,  280,  172,  354,  268,  197,  444,  389,  337,  453,  659,  826,  381,  132,  632,  253,  734,  792,  118,  463,  485,  755,  350,  423,  745,  149,  114,  392,  224,  511,  841,  693,  408,  150,  485,  624,  375,  665,  673,  504,  641,  469,  432,  440,  542,  173,  628,  592,  431,  312,  429,  562,  170,  736,  282,  149,  496,  399,  586,  389,  325,  740,  421,  336,  453,  657,  221,  422,  397,  719,  655,  519,  575,  335,  300,  647,  399,  718,  516,  396,  784,  442,  105,  184,  325,  429,  578,  749,  489,  216,  499,  577,  367,  430,  587,  343,  149,  166,  205,  570,  261,  412,  244,  586],
        [  469,    0,  563,  716,  811,  732,  819,  662,  403,  857,  251, 1063,  335,  656,  263,  207, 1174,  657,  817,  333,  332,    0,  132,  284,  527,  112,  161,   23,  536,  176,  717,  191,  390,  713,  985,  934,  583,  324,  874,  242,  854,  955,  230,  377,  816,  944,  681,  528,  877,  480,  220,  446,  236,  648,  943,  933,  141,  338,  736,  945,  655,  990,  821,  835,  766,  169,  188,  190,  610,  226,  694,  632,  622,  378,  725,  802,  430, 1057,  109,  403,  635,  153,  790,  581,  655, 1044,  746,  649,  618,  764,  168,  487,  725,  989,  987,  813,  801,  656,  629,  859,  695,  902,  665,  459,  919,  139,  295,  429,  522,  740,  857, 1061,  811,  160,  580,  787,  529,  682,  918,  655,  263,  410,  248,  877,  326,  741,  290,  888],
        [  561,    0,  519,  676,  837,  767,  810,  734,  284,  886,  336, 1013,  395,  530,  393,  334, 1135,  619,  841,  330,  287,  132,    0,  214,  610,  202,  153,  149,  435,  216,  717,  312,  459,  720,  942, 1005,  612,  332,  892,  115,  920, 1008,  225,  485,  757,  986,  620,  590,  940,  431,  180,  519,  116,  704, 1016,  953,  271,  239,  623,  910,  650,  948,  877,  771,  829,  297,  318,  320,  687,  256,  774,  718,  657,  441,  711,  820,  336, 1021,   26,  400,  690,  281,  824,  459,  592, 1025,  672,  564,  492,  833,   68,  559,  652,  994,  925,  801,  826,  578,  562,  891,  599,  945,  717,  530,  981,  267,  294,  330,  550,  715,  855, 1035,  731,  210,  651,  818,  571,  692,  855,  571,  169,  412,  134,  856,  382,  694,  346,  871],
        [  521,    0,  308,  465,  670,  615,  612,  640,  188,  721,  324,  800,  322,  435,  485,  477,  923,  408,  672,  176,   86,  284,  214,    0,  546,  260,  138,  306,  263,  193,  529,  382,  387,  538,  729,  899,  461,  193,  717,  168,  808,  872,  125,  489,  545,  837,  407,  489,  821,  220,   75,  446,  139,  584,  913,  778,  384,   88,  476,  699,  460,  735,  750,  560,  715,  437,  416,  423,  604,  191,  692,  650,  511,  364,  512,  647,  155,  810,  214,  230,  570,  380,  668,  352,  380,  819,  465,  366,  409,  728,  146,  480,  445,  804,  713,  602,  659,  374,  351,  731,  415,  799,  591,  453,  861,  409,  156,  160,  403,  509,  662,  826,  529,  208,  562,  660,  441,  515,  644,  372,   64,  246,  120,  650,  307,  481,  281,  667],
        [   75,    0,  545,  614,  420,  325,  560,  145,  733,  447,  278,  920,  227,  964,  398,  513,  967,  574,  431,  384,  491,  527,  610,  546,    0,  419,  473,  532,  745,  399,  454,  369,  160,  424,  826,  410,  269,  360,  495,  665,  338,  461,  430,  196,  762,  475,  678,  111,  366,  529,  495,  101,  639,  187,  417,  537,  446,  631,  953,  758,  438,  826,  328,  793,  261,  501,  414,  423,   88,  371,  168,  108,  259,  183,  513,  439,  658,  853,  588,  372,  182,  421,  373,  880,  670,  775,  778,  753,  944,  248,  585,   73,  751,  642,  906,  565,  414,  730,  669,  436,  835,  434,  213,   96,  407,  500,  393,  674,  258,  571,  561,  819,  849,  401,   80,  379,  201,  393,  857,  758,  593,  356,  632,  650,  242,  661,  273,  644],
        [  364,    0,  495,  642,  704,  623,  725,  551,  421,  750,  141,  992,  224,  678,  226,  229, 1094,  583,  711,  249,  280,  112,  202,  260,  419,    0,  124,  123,  522,   88,  620,  126,  278,  613,  910,  823,  477,  234,  769,  288,  742,  843,  163,  283,  755,  833,  624,  417,  766,  419,  186,  335,  270,  537,  833,  827,  128,  336,  734,  864,  561,  914,  709,  776,  655,  191,  156,  164,  500,  133,  585,  524,  514,  266,  634,  697,  414,  976,  178,  316,  523,  121,  681,  598,  600,  953,  700,  614,  645,  653,  202,  376,  676,  889,  925,  720,  694,  615,  578,  751,  671,  791,  554,  348,  807,  167,  214,  418,  416,  656,  760,  974,  768,   68,  469,  678,  419,  581,  858,  620,  266,  319,  275,  789,  215,  672,  180,  798],
        [  433,    0,  402,  556,  685,  614,  669,  589,  302,  734,  214,  903,  250,  558,  350,  342, 1015,  498,  689,  183,  172,  161,  153,  138,  473,  124,    0,  183,  400,   76,  572,  247,  316,  572,  825,  858,  460,  181,  742,  193,  772,  856,   75,  377,  656,  834,  521,  442,  790,  319,   65,  377,  169,  553,  870,  802,  247,  213,  611,  786,  507,  831,  726,  675,  680,  302,  279,  286,  544,  106,  633,  581,  504,  296,  573,  669,  292,  899,  138,  254,  539,  243,  671,  477,  496,  890,  590,  498,  527,  686,  113,  416,  567,  848,  826,  662,  674,  502,  471,  739,  551,  793,  566,  387,  831,  274,  145,  295,  398,  584,  712,  905,  656,   82,  507,  666,  418,  544,  758,  504,  146,  264,  166,  722,  236,  581,  202,  735],
        [  472,    0,  584,  737,  825,  745,  837,  669,  424,  871,  258, 1085,  346,  676,  250,  187, 1195,  678,  832,  352,  354,   23,  149,  306,  532,  123,  183,    0,  558,  194,  735,  186,  399,  730, 1007,  940,  598,  342,  889,  261,  861,  965,  250,  376,  838,  955,  703,  538,  885,  502,  243,  453,  256,  658,  948,  948,  128,  361,  758,  965,  673, 1012,  830,  857,  774,  149,  177,  177,  615,  243,  699,  635,  635,  388,  744,  817,  453, 1078,  127,  422,  645,  144,  803,  602,  677, 1063,  769,  672,  638,  771,  190,  494,  747, 1006, 1009,  831,  815,  679,  652,  873,  718,  913,  676,  467,  927,  119,  315,  451,  537,  760,  875, 1081,  834,  177,  587,  800,  541,  699,  940,  678,  285,  428,  269,  896,  337,  763,  302,  907],
        [  738,    0,  278,  389,  730,  706,  594,  806,  176,  780,  572,  651,  541,  236,  747,  736,  795,  353,  728,  368,  268,  536,  435,  263,  745,  522,  400,  558,    0,  452,  553,  643,  597,  578,  603, 1034,  575,  394,  753,  334,  941,  969,  376,  731,  394,  916,  275,  662,  944,  234,  337,  648,  321,  726, 1051,  810,  645,  198,  217,  599,  490,  611,  868,  395,  852,  696,  678,  685,  784,  437,  865,  839,  625,  573,  504,  693,  109,  698,  446,  375,  713,  642,  748,  162,  247,  750,  275,  155,  233,  875,  374,  674,  266,  794,  539,  579,  719,  186,  213,  797,  166,  884,  725,  650,  980,  667,  372,  107,  534,  466,  654,  737,  318,  468,  739,  736,  588,  569,  471,  160,  273,  392,  301,  594,  527,  377,  512,  618],
        [  357,    0,  408,  555,  638,  562,  644,  519,  371,  685,  139,  905,  180,  626,  299,  316, 1009,  496,  644,  162,  197,  176,  216,  193,  399,   88,   76,  194,  452,    0,  541,  193,  244,  537,  823,  790,  410,  150,  700,  269,  705,  795,   79,  303,  667,  778,  537,  375,  725,  333,  121,  305,  245,  490,  801,  759,  214,  277,  667,  778,  480,  828,  664,  689,  614,  279,  235,  244,  473,   50,  561,  507,  452,  226,  551,  627,  345,  890,  195,  231,  476,  203,  620,  543,  514,  871,  615,  533,  596,  618,  187,  345,  590,  814,  838,  639,  627,  532,  493,  688,  594,  736,  504,  316,  767,  254,  127,  352,  349,  571,  682,  890,  684,   20,  437,  616,  361,  506,  771,  539,  216,  236,  242,  705,  167,  585,  131,  715],
        [  505,    0,  275,  219,  184,  200,  112,  407,  650,  231,  533,  467,  429,  784,  747,  823,  518,  217,  179,  390,  444,  717,  717,  529,  454,  620,  572,  735,  553,  541,    0,  664,  420,   39,  374,  538,  189,  395,  201,  696,  453,  435,  497,  590,  355,  371,  336,  346,  442,  340,  539,  416,  667,  305,  559,  260,  724,  573,  698,  304,   70,  373,  367,  388,  384,  792,  720,  730,  426,  492,  468,  488,  199,  411,   74,  143,  528,  401,  706,  318,  301,  703,  217,  714,  348,  342,  427,  468,  785,  421,  657,  403,  405,  277,  470,  113,  174,  430,  369,  250,  549,  346,  287,  405,  468,  776,  427,  549,  227,  142,  141,  375,  483,  559,  392,  203,  264,   63,  433,  469,  592,  309,  648,  197,  429,  265,  455,  195],
        [  301,    0,  585,  721,  718,  629,  774,  512,  546,  758,  132, 1071,  236,  803,  106,  161, 1162,  664,  726,  333,  389,  191,  312,  382,  369,  126,  247,  186,  643,  193,  664,    0,  266,  650,  984,  777,  498,  312,  788,  409,  705,  821,  272,  194,  845,  822,  720,  400,  733,  517,  308,  307,  393,  520,  784,  842,   78,  460,  857,  932,  613,  988,  686,  869,  624,  138,   56,   67,  455,  221,  534,  466,  525,  264,  691,  718,  535, 1042,  287,  389,  509,   53,  686,  723,  699, 1005,  802,  725,  770,  615,  324,  346,  777,  919, 1014,  772,  709,  722,  680,  755,  787,  780,  541,  322,  774,  133,  305,  541,  443,  723,  801, 1032,  873,  176,  434,  686,  429,  617,  949,  731,  391,  387,  399,  847,  236,  756,  211,  852],
        [  142,    0,  429,  529,  453,  363,  532,  276,  574,  493,  144,  863,   67,  810,  332,  425,  934,  480,  462,  231,  337,  390,  459,  387,  160,  278,  316,  399,  597,  244,  420,  266,    0,  400,  772,  548,  240,  206,  525,  506,  465,  567,  270,  176,  671,  561,  568,  140,  488,  395,  335,   62,  480,  261,  559,  578,  338,  473,  810,  711,  381,  774,  432,  700,  377,  403,  320,  330,  229,  212,  318,  267,  261,   25,  461,  456,  505,  815,  437,  235,  248,  314,  421,  725,  556,  761,  665,  622,  788,  377,  429,  101,  638,  660,  829,  532,  444,  605,  548,  490,  701,  519,  280,   72,  529,  394,  235,  520,  194,  507,  550,  795,  737,  249,  194,  421,  167,  366,  772,  628,  433,  222,  472,  613,   82,  573,  115,  614],
        [  477,    0,  300,  256,  154,  162,  137,  371,  668,  203,  519,  501,  415,  811,  730,  810,  545,  250,  150,  391,  453,  713,  720,  538,  424,  613,  572,  730,  578,  537,   39,  650,  400,    0,  407,  501,  163,  393,  182,  705,  415,  402,  498,  567,  393,  341,  370,  316,  405,  359,  543,  391,  676,  269,  522,  242,  712,  587,  729,  337,   89,  407,  330,  426,  346,  781,  706,  717,  392,  488,  431,  453,  166,  393,  112,  116,  548,  429,  708,  320,  265,  691,  182,  739,  381,  361,  462,  499,  810,  383,  662,  375,  440,  277,  507,  142,  143,  462,  400,  220,  582,  313,  250,  379,  432,  766,  428,  569,  209,  180,  151,  399,  520,  554,  359,  168,  239,   34,  471,  501,  601,  309,  657,  227,  416,  303,  444,  221],
        [  873,    0,  425,  270,  490,  552,  279,  776,  764,  510,  858,   94,  764,  775, 1079, 1133,  195,  329,  478,  662,  659,  985,  942,  729,  826,  910,  825, 1007,  603,  823,  374,  984,  772,  407,    0,  854,  558,  678,  444,  879,  783,  714,  757,  947,  211,  635,  336,  716,  762,  511,  772,  778,  856,  675,  875,  465, 1030,  730,  629,   75,  394,   10,  697,  218,  734, 1098, 1038, 1048,  799,  778,  834,  860,  572,  758,  315,  446,  646,   99,  940,  598,  672, 1014,  543,  737,  366,  206,  339,  454,  797,  774,  874,  771,  340,  361,  149,  270,  486,  418,  400,  535,  495,  630,  655,  769,  775, 1076,  697,  663,  583,  266,  309,  161,  336,  843,  765,  529,  631,  436,  173,  450,  782,  598,  833,  189,  759,  249,  776,  206],
        [  478,    0,  772,  756,  370,  342,  587,  272, 1073,  344,  683,  939,  611, 1268,  796,  917,  920,  746,  380,  723,  826,  934, 1005,  899,  410,  823,  858,  940, 1034,  790,  538,  777,  548,  501,  854,    0,  460,  707,  411, 1042,   93,  160,  801,  595,  891,  236,  867,  417,   96,  800,  865,  489, 1014,  316,   22,  403,  855,  975, 1212,  780,  575,  850,  172,  923,  185,  907,  820,  829,  325,  752,  245,  316,  409,  565,  611,  416,  973,  833,  984,  680,  330,  830,  324, 1188,  873,  710,  962,  986, 1258,  173,  970,  448,  938,  529,  982,  601,  376,  952,  888,  320, 1071,  228,  312,  477,   81,  908,  746,  992,  505,  678,  546,  770, 1021,  796,  355,  338,  460,  493,  958,  989,  955,  662, 1003,  670,  624,  803,  659,  649],
        [  317,    0,  321,  354,  228,  156,  299,  252,  622,  275,  367,  652,  263,  809,  572,  658,  706,  322,  234,  290,  381,  583,  612,  461,  269,  477,  460,  598,  575,  410,  189,  498,  240,  163,  558,  460,    0,  283,  293,  620,  367,  412,  389,  404,  502,  378,  436,  159,  372,  341,  445,  228,  590,  157,  477,  351,  564,  528,  759,  491,  170,  559,  297,  534,  278,  632,  553,  564,  255,  362,  316,  318,   52,  236,  245,  222,  516,  589,  597,  232,  147,  542,  212,  729,  436,  524,  537,  538,  800,  304,  562,  214,  511,  422,  640,  302,  218,  508,  444,  280,  623,  339,  152,  217,  409,  619,  322,  535,   63,  304,  312,  562,  604,  424,  215,  207,   77,  130,  593,  542,  522,  216,  575,  386,  267,  402,  299,  382],
        [  346,    0,  273,  412,  506,  438,  496,  448,  375,  555,  200,  762,  148,  605,  414,  456,  861,  354,  510,   27,  132,  324,  332,  193,  360,  234,  181,  342,  394,  150,  395,  312,  206,  393,  678,  707,  283,    0,  562,  340,  617,  688,  108,  344,  533,  660,  410,  297,  631,  213,  163,  261,  311,  394,  721,  622,  353,  274,  608,  631,  332,  682,  562,  558,  524,  421,  363,  373,  413,  102,  501,  462,  330,  182,  402,  489,  300,  742,  318,   82,  379,  337,  495,  520,  391,  721,  498,  435,  584,  536,  280,  291,  472,  669,  702,  490,  495,  425,  376,  561,  508,  620,  402,  265,  671,  399,   40,  315,  222,  423,  535,  741,  570,  169,  371,  488,  252,  364,  638,  441,  249,   87,  298,  556,  134,  445,  125,  566],
        [  563,    0,  476,  397,   76,  171,  192,  392,  849,   69,  659,  529,  556,  983,  855,  948,  521,  410,   65,  563,  632,  874,  892,  717,  495,  769,  742,  889,  753,  700,  201,  788,  525,  182,  444,  411,  293,  562,    0,  883,  345,  273,  669,  671,  508,  196,  522,  407,  321,  540,  718,  497,  854,  310,  432,   62,  856,  768,  889,  371,  267,  440,  263,  539,  314,  923,  843,  853,  435,  650,  437,  484,  264,  524,  255,   73,  728,  425,  879,  495,  314,  834,  127,  914,  539,  310,  604,  660,  985,  355,  837,  470,  585,  149,  576,  208,   83,  621,  563,   92,  739,  187,  284,  483,  332,  911,  599,  749,  353,  310,  140,  367,  651,  714,  418,  119,  359,  203,  560,  661,  780,  482,  836,  264,  560,  436,  592,  241],
        [  625,    0,  466,  621,  835,  775,  778,  776,  173,  885,  405,  944,  440,  416,  498,  447, 1074,  567,  837,  330,  253,  242,  115,  168,  665,  288,  193,  261,  334,  269,  696,  409,  506,  705,  879, 1042,  620,  340,  883,    0,  954, 1027,  242,  565,  684,  997,  548,  626,  969,  379,  178,  568,   30,  731, 1055,  944,  378,  151,  512,  855,  627,  886,  902,  695,  861,  409,  422,  426,  734,  295,  822,  772,  668,  486,  678,  812,  245,  965,  135,  392,  717,  385,  830,  345,  519,  982,  588,  474,  378,  870,   86,  606,  571,  971,  847,  768,  823,  493,  486,  894,  499,  958,  741,  577, 1010,  380,  300,  235,  560,  671,  829,  985,  642,  272,  695,  822,  591,  681,  777,  480,  105,  407,   49,  813,  425,  632,  393,  831],
        [  409,    0,  680,  670,  294,  255,  510,  194,  981,  277,  604,  871,  526, 1175,  732,  850,  863,  657,  305,  632,  734,  854,  920,  808,  338,  742,  772,  861,  941,  705,  453,  705,  465,  415,  783,   93,  367,  617,  345,  954,    0,  146,  713,  529,  807,  200,  777,  331,   37,  708,  776,  408,  925,  224,  111,  348,  782,  883, 1121,  709,  486,  779,   87,  840,   94,  838,  751,  760,  251,  666,  183,  255,  317,  480,  526,  339,  880,  769,  900,  588,  239,  757,  243, 1095,  783,  652,  874,  895, 1165,   91,  883,  367,  850,  476,  905,  523,  299,  861,  797,  253,  980,  176,  220,  395,   72,  837,  656,  899,  413,  594,  474,  710,  934,  712,  275,  258,  368,  405,  878,  898,  865,  570,  913,  596,  538,  717,  575,  577],
        [  535,    0,  695,  651,  253,  264,  461,  317, 1032,  213,  710,  796,  621, 1204,  858,  972,  767,  651,  260,  699,  792,  955, 1008,  872,  461,  843,  856,  965,  969,  795,  435,  821,  567,  402,  714,  160,  412,  688,  273, 1027,  146,    0,  790,  656,  775,   81,  770,  428,  109,  739,  851,  516,  998,  308,  179,  252,  897,  940, 1130,  642,  486,  709,  136,  806,  200,  957,  870,  879,  375,  752,  322,  392,  362,  578,  504,  298,  922,  684,  989,  644,  321,  872,  222, 1128,  782,  557,  860,  900, 1199,  221,  964,  476,  839,  375,  849,  476,  262,  863,  801,  190,  983,   90,  292,  502,   86,  953,  728,  942,  469,  568,  412,  618,  913,  805,  389,  235,  439,  403,  832,  902,  933,  627,  984,  536,  632,  695,  668,  513],
        [  399,    0,  337,  488,  612,  544,  595,  535,  311,  662,  200,  837,  203,  560,  377,  391,  945,  429,  617,  108,  118,  230,  225,  125,  430,  163,   75,  250,  376,   79,  497,  272,  270,  498,  757,  801,  389,  108,  669,  242,  713,  790,    0,  364,  594,  765,  462,  385,  729,  258,   66,  331,  214,  491,  814,  729,  291,  212,  592,  716,  432,  762,  663,  615,  620,  353,  314,  323,  495,   66,  583,  536,  435,  248,  499,  596,  270,  828,  211,  180,  477,  281,  601,  476,  438,  817,  537,  454,  533,  629,  174,  367,  513,  773,  765,  588,  602,  453,  416,  668,  515,  725,  502,  339,  770,  328,   71,  279,  328,  511,  637,  832,  606,   98,  455,  595,  353,  469,  697,  461,  164,  189,  204,  649,  189,  515,  160,  661],
        [  121,    0,  596,  704,  596,  502,  701,  340,  673,  629,  166, 1038,  203,  924,  203,  323, 1107,  653,  607,  370,  463,  377,  485,  489,  196,  283,  377,  376,  731,  303,  590,  194,  176,  567,  947,  595,  404,  344,  671,  565,  529,  656,  364,    0,  844,  669,  736,  265,  560,  552,  422,  177,  544,  373,  599,  719,  269,  575,  947,  885,  555,  948,  523,  872,  456,  314,  229,  237,  281,  299,  351,  280,  414,  192,  635,  608,  629,  988,  460,  395,  365,  245,  555,  840,  722,  927,  831,  778,  896,  440,  479,  202,  804,  813, 1004,  703,  589,  765,  711,  621,  851,  628,  398,  190,  599,  319,  360,  640,  366,  682,  714,  965,  903,  296,  272,  558,  328,  533,  946,  784,  519,  385,  543,  785,  214,  746,  221,  784],
        [  793,    0,  261,  149,  525,  555,  317,  749,  559,  562,  729,  261,  646,  569,  946,  983,  401,  192,  516,  512,  485,  816,  757,  545,  762,  755,  656,  838,  394,  667,  355,  845,  671,  393,  211,  891,  502,  533,  508,  684,  807,  775,  594,  844,    0,  702,  138,  652,  795,  337,  597,  693,  663,  648,  912,  550,  880,  534,  430,  220,  336,  219,  721,   33,  738,  945,  895,  905,  756,  628,  811,  819,  533,  652,  282,  479,  445,  308,  758,  460,  640,  867,  568,  527,  167,  383,  130,  243,  588,  774,  689,  696,  130,  483,  171,  301,  517,  208,  199,  586,  289,  685,  633,  687,  818,  921,  543,  460,  504,  214,  373,  356,  149,  687,  716,  553,  561,  409,  105,  240,  592,  465,  640,  264,  638,  101,  647,  292],
        [  550,    0,  639,  584,  188,  223,  387,  337,  990,  142,  704,  716,  610, 1150,  869,  978,  687,  588,  193,  668,  755,  944,  986,  837,  475,  833,  834,  955,  916,  778,  371,  822,  561,  341,  635,  236,  378,  660,  196,  997,  200,   81,  765,  669,  702,    0,  706,  424,  166,  690,  823,  516,  968,  303,  257,  172,  897,  901, 1069,  562,  428,  629,  153,  733,  224,  959,  873,  883,  394,  732,  356,  422,  330,  569,  437,  230,  876,  604,  969,  608,  314,  873,  171, 1076,  719,  477,  792,  839, 1147,  255,  939,  478,  772,  295,  770,  402,  198,  801,  740,  122,  920,   43,  282,  501,  158,  953,  699,  896,  439,  498,  336,  538,  843,  789,  398,  182,  417,  347,  756,  840,  899,  592,  952,  458,  619,  626,  655,  434],
        [  699,    0,  141,  128,  519,  525,  342,  688,  429,  564,  609,  397,  535,  478,  823,  852,  530,  121,  513,  387,  350,  681,  620,  407,  678,  624,  521,  703,  275,  537,  336,  720,  568,  370,  336,  867,  436,  410,  522,  548,  777,  770,  462,  736,  138,  706,    0,  573,  772,  205,  461,  599,  526,  592,  886,  574,  750,  397,  368,  325,  292,  344,  695,  154,  699,  814,  768,  778,  686,  500,  752,  748,  477,  547,  269,  476,  311,  427,  621,  343,  582,  739,  551,  423,   30,  476,  102,  143,  490,  731,  552,  608,   75,  536,  307,  326,  510,  103,   65,  585,  218,  681,  581,  595,  800,  789,  415,  328,  424,  214,  404,  463,  172,  557,  643,  537,  483,  374,  238,  143,  454,  352,  503,  326,  525,  104,  529,  351],
        [  162,    0,  443,  505,  332,  238,  453,  152,  671,  367,  283,  810,  197,  888,  453,  556,  861,  466,  343,  316,  423,  528,  590,  489,  111,  417,  442,  538,  662,  375,  346,  400,  140,  316,  716,  417,  159,  297,  407,  626,  331,  428,  385,  265,  652,  424,  573,    0,  351,  438,  450,   94,  599,  122,  429,  455,  474,  570,  864,  649,  327,  717,  293,  684,  240,  537,  451,  462,  122,  336,  206,  180,  154,  152,  403,  345,  584,  745,  570,  288,  110,  450,  293,  805,  567,  672,  674,  656,  872,  244,  554,   63,  647,  550,  796,  457,  325,  631,  569,  361,  739,  381,  142,   79,  393,  530,  334,  601,  150,  461,  458,  714,  744,  382,   77,  295,   92,  284,  747,  660,  543,  271,  588,  542,  208,  552,  245,  537],
