{
    "name": "random-42-16547",
    "comment": "size=42 seed=16547",
    "nodes": ["+0", "-0", "+1", "-1", "+2", "-2", "+3", "-3", "+4", "-4", "+5", "-5", "+6", "-6", "+7", "-7", "+8", "-8", "+9", "-9", "+10", "-10", "+11", "-11", "+12", "-12", "+13", "-13", "+14", "-14", "+15", "-15", "+16", "-16", "+17", "-17", "+18", "-18", "+19", "-19", "+20", "-20", "+21", "-21", "+22", "-22", "+23", "-23", "+24", "-24", "+25", "-25", "+26", "-26", "+27", "-27", "+28", "-28", "+29", "-29", "+30", "-30", "+31", "-31", "+32", "-32", "+33", "-33", "+34", "-34", "+35", "-35", "+36", "-36", "+37", "-37", "+38", "-38", "+39", "-39", "+40", "-40", "+41", "-41", "+42", "-42"],
    "precedence": {
        "+0": "-0",
        "+1": "-1",
        "+2": "-2",
        "+3": "-3",
        "+4": "-4",
        "+5": "-5",
        "+6": "-6",
        "+7": "-7",
        "+8": "-8",
        "+9": "-9",
        "+10": "-10",
        "+11": "-11",
        "+12": "-12",
        "+13": "-13",
        "+14": "-14",
        "+15": "-15",
        "+16": "-16",
        "+17": "-17",
        "+18": "-18",
        "+19": "-19",
        "+20": "-20",
        "+21": "-21",
        "+22": "-22",
        "+23": "-23",
        "+24": "-24",
        "+25": "-25",
        "+26": "-26",
        "+27": "-27",
        "+28": "-28",
        "+29": "-29",
        "+30": "-30",
        "+31": "-31",
        "+32": "-32",
        "+33": "-33",
        "+34": "-34",
        "+35": "-35",
        "+36": "-36",
        "+37": "-37",
        "+38": "-38",
        "+39": "-39",
        "+40": "-40",
        "+41": "-41",
        "+42": "-42"
    },
    "edges": [
        [    0,    0,  373,  293,  173,  608,  567,  718,  570,  506,  626,  380,  300,  413,  566,  544,  403,  184,  431,  679,  401,  707,  532,  491,  427,  279,  730,  293,   51,  317,  592,  622,  552,  392,  322,  191,  156,  353,  283,  289,  558,  288,  781,  380,  247,  285,  155,  688,  182,  619,  331,  469,  556,  592,  301,  526,  338,  418,  532,  405,   63,  256,  398,  758,  666,  236,  550,  414,  364,  492,  198,  566,  217,  611,  308,  413,  568,  464,  628,  619,  527,   46,  586,  118,  304,  209],
        [    0,    0,  373,  293,  173,  608,  567,  718,  570,  506,  626,  380,  300,  413,  566,  544,  403,  184,  431,  679,  401,  707,  532,  491,  427,  279,  730,  293,   51,  317,  592,  622,  552,  392,  322,  191,  156,  353,  283,  289,  558,  288,  781,  380,  247,  285,  155,  688,  182,  619,  331,  469,  556,  592,  301,  526,  338,  418,  532,  405,   63,  256,  398,  758,  666,  236,  550,  414,  364,  492,  198,  566,  217,  611,  308,  413,  568,  464,  628,  619,  527,   46,  586,  118,  304,  209],
        [  373,  373,    0,  277,  430,  242,  221,  552,  541,  727,  271,  561,  608,  383,  358,  189,  671,  343,  317,  335,  259,  453,  259,  627,  609,  598,  584,  274,  389,   68,  809,  584,  469,  728,  695,  475,  250,  673,  350,  183,  566,  650,  615,  712,  577,  518,  227,  416,  193,  278,  222,  656,  261,  276,  672,  159,  263,  525,  272,  655,  355,  547,  451,  469,  442,  552,  366,  328,  633,  382,  570,  670,  275,  275,  237,  514,  786,  558,  569,  600,  574,  375,  360,  489,  158,  395],
        [  293,  293,  277,    0,  444,  498,  493,  805,  737,  785,  425,  639,  592,  137,  281,  357,  690,  133,  533,  458,  480,  726,  531,  738,  690,  571,  831,  428,  338,  274,  872,  787,  686,  681,  568,  475,  299,  453,  471,   95,  745,  565,  870,  670,  539,  558,  259,  416,  205,  550,   72,  735,  537,  552,  521,  366,  448,  249,  541,  399,  324,  325,  596,  489,  708,  348,  617,  122,  387,  604,  440,  802,   76,  390,  412,  238,  847,  690,  781,  795,  733,  261,  624,  395,  349,  451],
        [  173,  173,  430,  444,    0,  631,  575,  615,  431,  341,  700,  208,  179,  573,  699,  617,  253,  352,  350,  761,  343,  645,  502,  319,  255,  172,  620,  226,  124,  363,  428,  482,  435,  302,  340,   48,  183,  477,  171,  414,  409,  257,  674,  286,  157,  115,  216,  806,  273,  618,  466,  298,  533,  577,  354,  587,  275,  590,  495,  558,  122,  408,  254,  871,  594,  377,  475,  565,  514,  395,  259,  396,  370,  698,  261,  585,  404,  299,  494,  474,  370,  218,  524,  174,  302,   67],
        [  608,  608,  242,  498,  631,    0,   74,  488,  582,  878,  201,  712,  807,  573,  454,  185,  848,  582,  382,  261,  341,  328,  206,  747,  754,  802,  529,  425,  617,  291,  950,  610,  493,  933,  927,  678,  468,  914,  505,  409,  624,  872,  537,  916,  786,  697,  455,  430,  431,   90,  431,  796,  175,  141,  908,  147,  389,  738,  226,  890,  580,  787,  565,  449,  352,  794,  346,  509,  871,  417,  805,  766,  511,  250,  384,  726,  929,  668,  583,  635,  655,  614,  300,  720,  330,  582],
        [  567,  567,  221,  493,  575,   74,    0,  424,  509,  809,  260,  644,  748,  583,  491,  226,  784,  562,  310,  325,  271,  276,  134,  676,  685,  745,  464,  362,  571,  256,  881,  537,  420,  876,  881,  622,  420,  888,  441,  400,  551,  821,  477,  859,  731,  634,  412,  485,  397,   58,  431,  727,  104,   80,  867,  179,  323,  739,  153,  875,  534,  764,  494,  509,  291,  766,  274,  521,  853,  344,  763,  693,  495,  304,  322,  728,  859,  597,  511,  562,  582,  578,  232,  675,  276,  522],
        [  718,  718,  552,  805,  615,  488,  424,    0,  240,  652,  684,  536,  727,  928,  894,  644,  696,  813,  289,  748,  332,  182,  307,  490,  548,  739,   43,  426,  691,  533,  689,  222,  187,  846,  952,  649,  573, 1069,  448,  715,  294,  858,   66,  828,  746,  595,  596,  907,  625,  401,  766,  570,  324,  347,  969,  595,  384, 1045,  289, 1112,  659,  970,  381,  933,  137,  953,  189,  877, 1075,  226,  871,  454,  771,  727,  418, 1035,  676,  420,  188,  253,  353,  752,  199,  781,  460,  549],
        [  570,  570,  541,  737,  431,  582,  509,  240,    0,  413,  751,  308,  509,  871,  897,  689,  463,  706,  225,  820,  282,  372,  376,  251,  313,  525,  223,  310,  532,  495,  452,   53,   91,  621,  751,  454,  454,  906,  289,  660,   56,  651,  280,  603,  538,  382,  488,  947,  535,  512,  718,  331,  409,  451,  778,  641,  292,  953,  357,  974,  508,  825,  178,  990,  308,  800,  242,  834,  932,  168,  689,  220,  684,  781,  327,  945,  438,  184,   66,   60,  114,  611,  300,  605,  399,  371],
        [  506,  506,  727,  785,  341,  878,  809,  652,  413,    0,  993,  169,  241,  914, 1033,  914,  126,  689,  508, 1059,  539,  765,  697,  163,  125,  268,  634,  461,  456,  662,   87,  439,  480,  280,  482,  316,  506,  722,  381,  749,  360,  380,  690,  268,  302,  227,  544, 1130,  604,  836,  804,   87,  733,  781,  537,  875,  491,  917,  683,  840,  462,  698,  321, 1190,  702,  658,  603,  905,  792,  505,  493,  216,  711, 1002,  502,  913,   63,  237,  470,  413,  300,  549,  665,  453,  574,  343],
        [  626,  626,  271,  425,  700,  201,  260,  684,  751,  993,    0,  825,  878,  455,  283,   84,  942,  542,  534,   69,  483,  528,  388,  882,  872,  868,  724,  533,  650,  339, 1073,  786,  667,  996,  945,  746,  519,  875,  613,  361,  788,  911,  736,  981,  845,  788,  492,  232,  447,  290,  354,  918,  363,  338,  913,  119,  511,  633,  407,  820,  618,  746,  700,  250,  550,  764,  528,  390,  811,  584,  817,  914,  467,   57,  493,  622, 1050,  808,  763,  808,  809,  618,  491,  744,  420,  666],
        [  380,  380,  561,  639,  208,  712,  644,  536,  308,  169,  825,    0,  207,  772,  875,  746,  162,  557,  350,  892,  375,  624,  536,  115,   51,  227,  527,  293,  331,  495,  249,  348,  352,  314,  460,  201,  349,  658,  213,  594,  265,  356,  584,  296,  248,  103,  388,  967,  448,  673,  651,   98,  572,  619,  499,  707,  324,  798,  523,  755,  326,  606,  168, 1025,  563,  571,  455,  757,  709,  357,  426,  197,  568,  835,  334,  792,  225,  129,  372,  329,  210,  425,  516,  361,  406,  188],
        [  300,  300,  608,  592,  179,  807,  748,  727,  509,  241,  878,  207,    0,  710,  860,  795,  118,  479,  495,  938,  501,  789,  665,  309,  226,   28,  722,  390,  255,  541,  319,  552,  541,  130,  258,  133,  360,  483,  319,  577,  470,  153,  779,  112,   63,  133,  390,  975,  443,  789,  625,  246,  698,  743,  304,  765,  436,  690,  656,  600,  275,  460,  346, 1041,  732,  419,  615,  713,  552,  525,  253,  390,  516,  874,  428,  687,  298,  335,  574,  535,  416,  336,  671,  221,  478,  226],
        [  413,  413,  383,  137,  573,  573,  583,  928,  871,  914,  455,  772,  710,    0,  226,  406,  814,  233,  663,  468,  609,  835,  641,  873,  823,  688,  956,  563,  461,  395, 1001,  921,  818,  789,  650,  601,  435,  483,  608,  215,  881,  665,  992,  780,  654,  688,  396,  372,  341,  639,  163,  867,  642,  651,  595,  429,  581,  180,  654,  389,  452,  367,  733,  444,  824,  402,  740,   67,  394,  734,  530,  938,  205,  408,  545,  169,  977,  826,  914,  929,  870,  375,  741,  501,  479,  585],
        [  566,  566,  358,  281,  699,  454,  491,  894,  897, 1033,  283,  875,  860,  226,    0,  270,  951,  413,  674,  271,  617,  764,  589,  959,  925,  842,  930,  613,  606,  405, 1118,  941,  827,  957,  847,  735,  527,  704,  679,  285,  920,  844,  953,  945,  811,  808,  489,  146,  429,  537,  235,  972,  577,  569,  798,  313,  613,  398,  606,  614,  586,  584,  794,  219,  771,  614,  715,  177,  619,  739,  720, 1011,  353,  227,  583,  388, 1094,  898,  926,  957,  924,  538,  696,  673,  504,  690],
        [  544,  544,  189,  357,  617,  185,  226,  644,  689,  914,   84,  746,  795,  406,  270,    0,  859,  466,  468,  146,  414,  501,  340,  807,  794,  784,  682,  455,  567,  256,  994,  726,  608,  912,  863,  662,  436,  802,  534,  284,  722,  828,  700,  897,  761,  706,  409,  264,  364,  268,  285,  840,  321,  305,  832,   50,  436,  579,  358,  755,  534,  673,  626,  301,  514,  688,  476,  340,  743,  523,  735,  842,  391,   93,  416,  567,  971,  734,  706,  747,  740,  536,  447,  661,  341,  584],
        [  403,  403,  671,  690,  253,  848,  784,  696,  463,  126,  942,  162,  118,  814,  951,  859,    0,  585,  503, 1005,  521,  784,  685,  230,  153,  145,  685,  424,  354,  604,  202,  500,  513,  168,  358,  217,  432,  597,  344,  666,  417,  256,  742,  153,  180,  154,  467, 1058,  525,  818,  718,  153,  720,  767,  412,  826,  463,  804,  674,  717,  367,  577,  328, 1122,  723,  536,  613,  812,  669,  517,  369,  305,  615,  944,  465,  801,  181,  280,  527,  478,  358,  443,  673,  336,  527,  276],
        [  184,  184,  343,  133,  352,  582,  562,  813,  706,  689,  542,  557,  479,  233,  413,  466,  585,    0,  527,  581,  482,  763,  571,  664,  606,  457,  834,  401,  233,  314,  775,  758,  671,  558,  435,  374,  253,  336,  423,  182,  705,  437,  878,  548,  422,  466,  221,  549,  190,  619,  196,  649,  584,  609,  389,  465,  434,  249,  577,  315,  231,  208,  547,  621,  735,  223,  630,  245,  291,  596,  308,  736,   76,  512,  398,  241,  752,  628,  758,  761,  683,  143,  650,  270,  356,  376],
        [  431,  431,  317,  533,  350,  382,  310,  289,  225,  508,  534,  350,  495,  663,  674,  468,  503,  527,    0,  603,   58,  296,  189,  368,  385,  501,  307,  139,  408,  276,  575,  268,  156,  624,  689,  391,  285,  783,  181,  449,  255,  605,  354,  606,  498,  367,  308,  723,  342,  330,  505,  424,  225,  273,  697,  421,   95,  765,  175,  823,  374,  681,  188,  768,  244,  666,  125,  620,  787,   71,  596,  385,  491,  560,  130,  756,  555,  288,  255,  284,  276,  464,  176,  504,  185,  285],
        [  679,  679,  335,  458,  761,  261,  325,  748,  820, 1059,   69,  892,  938,  468,  271,  146, 1005,  581,  603,    0,  552,  587,  454,  950,  939,  927,  788,  600,  706,  402, 1139,  854,  735, 1055,  995,  806,  579,  910,  680,  403,  857,  965,  798, 1040,  903,  852,  551,  187,  503,  349,  388,  985,  428,  401,  960,  186,  579,  648,  474,  845,  675,  782,  768,  190,  612,  802,  595,  405,  840,  653,  866,  983,  506,   69,  561,  636, 1116,  876,  830,  876,  878,  667,  556,  796,  486,  729],
        [  401,  401,  259,  480,  343,  341,  271,  332,  282,  539,  483,  375,  501,  609,  617,  414,  521,  482,   58,  552,    0,  309,  165,  408,  415,  503,  354,  118,  384,  219,  610,  325,  213,  630,  677,  387,  249,  753,  183,  394,  310,  599,  397,  612,  496,  377,  267,  667,  294,  299,  449,  457,  200,  247,  680,  368,   69,  716,  156,  784,  348,  646,  224,  713,  266,  633,  151,  565,  749,  126,  576,  432,  441,  506,   93,  706,  589,  330,  312,  341,  327,  430,  187,  483,  132,  280],
        [  707,  707,  453,  726,  645,  328,  276,  182,  372,  765,  528,  624,  789,  835,  764,  501,  784,  763,  296,  587,  309,    0,  196,  607,  648,  795,  225,  425,  692,  455,  816,  374,  289,  916,  984,  687,  552, 1056,  477,  632,  426,  901,  217,  897,  793,  658,  564,  757,  575,  238,  675,  679,  194,  197,  988,  454,  376,  974,  187, 1075,  656,  944,  457,  775,   64,  935,  174,  777, 1044,  268,  885,  590,  708,  575,  401,  963,  800,  529,  340,  405,  478,  733,  123,  792,  412,  580],
        [  532,  532,  259,  531,  502,  206,  134,  307,  376,  697,  388,  536,  665,  641,  589,  340,  685,  571,  189,  454,  165,  196,    0,  556,  573,  666,  344,  277,  525,  260,  764,  404,  287,  794,  829,  547,  377,  874,  347,  437,  420,  756,  365,  776,  657,  542,  382,  603,  386,  142,  481,  613,   37,   84,  825,  290,  230,  779,   20,  884,  487,  758,  377,  635,  185,  753,  142,  586,  856,  213,  720,  566,  513,  426,  242,  768,  743,  475,  378,  429,  453,  553,  109,  628,  229,  442],
        [  491,  491,  627,  738,  319,  747,  676,  490,  251,  163,  882,  115,  309,  873,  959,  807,  230,  664,  368,  950,  408,  607,  556,    0,   84,  332,  472,  354,  442,  566,  211,  279,  320,  397,  566,  316,  441,  772,  281,  685,  198,  461,  528,  381,  357,  218,  481, 1041,  540,  697,  743,   83,  592,  639,  609,  764,  372,  908,  540,  870,  435,  721,  184, 1096,  543,  686,  450,  852,  824,  353,  540,   83,  669,  898,  392,  902,  193,   81,  309,  254,  138,  536,  513,  476,  470,  290],
        [  427,  427,  609,  690,  255,  754,  685,  548,  313,  125,  872,   51,  226,  823,  925,  794,  153,  606,  385,  939,  415,  648,  573,   84,    0,  249,  535,  340,  378,  544,  201,  348,  369,  317,  483,  244,  400,  693,  260,  645,  265,  378,  592,  300,  275,  145,  439, 1017,  499,  712,  702,   47,  609,  657,  526,  754,  367,  845,  559,  796,  375,  647,  198, 1075,  586,  611,  483,  807,  749,  385,  460,  165,  618,  883,  380,  840,  178,  129,  375,  326,  206,  472,  545,  400,  454,  239],
        [  279,  279,  598,  571,  172,  802,  745,  739,  525,  268,  868,  227,   28,  688,  842,  784,  145,  457,  501,  927,  503,  795,  666,  332,  249,    0,  736,  390,  236,  532,  346,  569,  553,  131,  235,  125,  349,  456,  321,  560,  488,  130,  793,  115,   37,  145,  377,  959,  429,  787,  607,  271,  698,  743,  279,  756,  437,  665,  658,  573,  259,  433,  359, 1026,  739,  392,  622,  692,  525,  533,  226,  414,  496,  862,  427,  662,  325,  354,  590,  553,  435,  314,  676,  196,  472,  225],
        [  730,  730,  584,  831,  620,  529,  464,   43,  223,  634,  724,  527,  722,  956,  930,  682,  685,  834,  307,  788,  354,  225,  344,  472,  535,  736,    0,  441,  701,  561,  667,  198,  186,  839,  953,  651,  590, 1080,  456,  742,  274,  858,   58,  821,  744,  592,  615,  945,  647,  443,  795,  553,  363,  388,  973,  633,  401, 1069,  326, 1128,  671,  984,  378,  973,  179,  966,  218,  907, 1091,  240,  877,  431,  794,  766,  437, 1059,  655,  407,  165,  227,  334,  766,  236,  788,  484,  554],
        [  293,  293,  274,  428,  226,  425,  362,  426,  310,  461,  533,  293,  390,  563,  613,  455,  424,  401,  139,  600,  118,  425,  277,  354,  340,  390,  441,    0,  270,  213,  540,  361,  270,  519,  560,  271,  151,  645,   82,  355,  319,  482,  490,  501,  381,  273,  181,  688,  225,  399,  413,  385,  309,  354,  563,  415,   50,  645,  270,  688,  236,  544,  181,  742,  379,  528,  261,  529,  650,  201,  460,  399,  374,  545,   42,  637,  517,  287,  359,  368,  313,  326,  303,  368,  116,  166],
        [   51,   51,  389,  338,  124,  617,  571,  691,  532,  456,  650,  331,  255,  461,  606,  567,  354,  233,  408,  706,  384,  692,  525,  442,  378,  236,  701,  270,    0,  328,  543,  584,  520,  354,  311,  141,  152,  380,  248,  326,  517,  261,  753,  342,  206,  235,  164,  725,  204,  621,  372,  419,  551,  589,  301,  545,  318,  468,  523,  444,   38,  294,  357,  794,  648,  269,  530,  459,  401,  465,  196,  518,  262,  639,  291,  463,  519,  418,  592,  580,  484,   95,  570,  105,  300,  165],
        [  317,  317,   68,  274,  363,  291,  256,  533,  495,  662,  339,  495,  541,  395,  405,  256,  604,  314,  276,  402,  219,  455,  260,  566,  544,  532,  561,  213,  328,    0,  744,  541,  431,  662,  637,  409,  185,  633,  286,  182,  516,  587,  597,  646,  511,  451,  165,  476,  141,  311,  234,  591,  271,  296,  617,  225,  209,  520,  269,  629,  293,  510,  392,  532,  435,  511,  345,  348,  603,  344,  514,  611,  254,  341,  179,  510,  720,  499,  530,  555,  520,  324,  350,  430,  100,  328],
        [  592,  592,  809,  872,  428,  950,  881,  689,  452,   87, 1073,  249,  319, 1001, 1118,  994,  202,  775,  575, 1139,  610,  816,  764,  211,  201,  346,  667,  540,  543,  744,    0,  470,  528,  335,  546,  402,  592,  796,  460,  835,  397,  449,  721,  326,  381,  314,  630, 1214,  690,  904,  890,  155,  800,  847,  605,  955,  566, 1002,  748,  918,  549,  778,  388, 1274,  752,  737,  660,  992,  870,  564,  570,  237,  798, 1083,  580,  998,   25,  292,  503,  441,  340,  634,  723,  535,  654,  429],
        [  622,  622,  584,  787,  482,  610,  537,  222,   53,  439,  786,  348,  552,  921,  941,  726,  500,  758,  268,  854,  325,  374,  404,  279,  348,  569,  198,  361,  584,  541,  470,    0,  119,  661,  798,  504,  506,  958,  341,  709,   84,  697,  252,  643,  584,  428,  540,  986,  586,  536,  766,  361,  435,  475,  826,  678,  340, 1005,  384, 1026,  560,  877,  229, 1027,  313,  852,  265,  882,  984,  205,  739,  234,  735,  817,  376,  996,  458,  221,   35,   32,  143,  663,  319,  656,  446,  422],
        [  552,  552,  469,  686,  435,  493,  420,  187,   91,  480,  667,  352,  541,  818,  827,  608,  513,  671,  156,  735,  213,  289,  287,  320,  369,  553,  186,  270,  520,  431,  528,  119,    0,  661,  768,  466,  420,  899,  273,  604,  141,  673,  241,  643,  560,  409,  450,  868,  490,  422,  660,  395,  320,  361,  788,  559,  239,  913,  268,  954,  491,  808,  195,  908,  225,  787,  151,  775,  915,   88,  693,  303,  640,  699,  276,  904,  512,  244,  100,  142,  190,  590,  210,  604,  340,  369],
        [  392,  392,  728,  681,  302,  933,  876,  846,  621,  280,  996,  314,  130,  789,  957,  912,  168,  558,  624, 1055,  630,  916,  794,  397,  317,  131,  839,  519,  354,  662,  335,  661,  661,    0,  217,  255,  478,  480,  448,  679,  578,  136,  896,   19,  152,  258,  505, 1079,  554,  917,  723,  320,  827,  872,  282,  886,  565,  742,  785,  614,  382,  491,  468, 1147,  858,  447,  743,  800,  567,  650,  277,  473,  606,  989,  557,  741,  320,  440,  685,  640,  520,  421,  799,  288,  603,  355],
        [  322,  322,  695,  568,  340,  927,  881,  952,  751,  482,  945,  460,  258,  650,  847,  863,  358,  435,  689,  995,  677,  984,  829,  566,  483,  235,  953,  560,  311,  637,  546,  798,  768,  217,    0,  304,  462,  268,  510,  595,  718,  106, 1009,  222,  215,  370,  473,  982,  504,  931,  625,  501,  857,  897,   69,  847,  609,  567,  825,  409,  348,  306,  578, 1055,  933,  263,  814,  676,  363,  734,  130,  647,  500,  926,  589,  568,  529,  586,  816,  783,  667,  328,  862,  208,  609,  407],
        [  191,  191,  475,  475,   48,  678,  622,  649,  454,  316,  746,  201,  133,  601,  735,  662,  217,  374,  391,  806,  387,  687,  547,  316,  244,  125,  651,  271,  141,  409,  402,  504,  466,  255,  304,    0,  227,  463,  210,  451,  428,  215,  706,  239,  110,  100,  258,  846,  313,  665,  502,  283,  579,  623,  324,  633,  319,  605,  540,  555,  151,  405,  278,  912,  634,  371,  515,  596,  509,  432,  236,  396,  400,  742,  307,  600,  378,  308,  519,  493,  384,  234,  566,  161,  349,  108],
        [  156,  156,  250,  299,  183,  468,  420,  573,  454,  506,  519,  349,  360,  435,  527,  436,  432,  253,  285,  579,  249,  552,  377,  441,  400,  349,  590,  151,  152,  185,  592,  506,  420,  478,  462,  227,    0,  505,  175,  246,  455,  405,  638,  463,  327,  283,   40,  627,  100,  470,  303,  446,  401,  439,  451,  408,  190,  499,  376,  539,  114,  398,  301,  690,  513,  385,  399,  412,  503,  351,  346,  503,  236,  516,  157,  491,  568,  391,  506,  510,  438,  182,  432,  256,  150,  163],
        [  353,  353,  673,  453,  477,  914,  888, 1069,  906,  722,  875,  658,  483,  483,  704,  802,  597,  336,  783,  910,  753, 1056,  874,  772,  693,  456, 1080,  645,  380,  633,  796,  958,  899,  480,  268,  463,  505,    0,  627,  518,  886,  350, 1132,  482,  424,  557,  494,  849,  494,  943,  523,  723,  894,  925,  200,  801,  690,  348,  877,  147,  411,  129,  729,  923, 1018,  123,  902,  529,  108,  844,  234,  854,  411,  842,  660,  353,  776,  771,  968,  950,  845,  324,  936,  304,  647,  536],
        [  283,  283,  350,  471,  171,  505,  441,  448,  289,  381,  613,  213,  319,  608,  679,  534,  344,  423,  181,  680,  183,  477,  347,  281,  260,  321,  456,   82,  248,  286,  460,  341,  273,  448,  510,  210,  175,  627,    0,  409,  283,  424,  509,  430,  317,  195,  213,  761,  268,  476,  467,  306,  381,  427,  522,  495,  120,  671,  338,  687,  221,  538,  127,  818,  424,  516,  305,  580,  646,  226,  424,  335,  410,  624,  123,  663,  437,  222,  346,  341,  264,  323,  357,  333,  194,  104],
        [  289,  289,  183,   95,  414,  409,  400,  715,  660,  749,  361,  594,  577,  215,  285,  284,  666,  182,  449,  403,  394,  632,  437,  685,  645,  560,  742,  355,  326,  182,  835,  709,  604,  679,  595,  451,  246,  518,  409,    0,  672,  575,  779,  667,  531,  523,  206,  400,  146,  458,   59,  691,  442,  458,  557,  285,  369,  343,  447,  482,  302,  389,  531,  469,  615,  404,  526,  175,  464,  519,  465,  743,  107,  334,  334,  332,  811,  630,  700,  719,  666,  270,  531,  403,  265,  407],
        [  558,  558,  566,  745,  409,  624,  551,  294,   56,  360,  788,  265,  470,  881,  920,  722,  417,  705,  255,  857,  310,  426,  420,  198,  265,  488,  274,  319,  517,  516,  397,   84,  141,  578,  718,  428,  455,  886,  283,  672,    0,  616,  330,  560,  503,  348,  491,  977,  541,  558,  731,  280,  454,  498,  748,  675,  308,  953,  401,  961,  496,  811,  161, 1022,  363,  783,  290,  847,  918,  207,  663,  165,  688,  814,  341,  945,  383,  138,  111,   66,   61,  601,  350,  583,  417,  353],
        [  288,  288,  650,  565,  257,  872,  821,  858,  651,  380,  911,  356,  153,  665,  844,  828,  256,  437,  605,  965,  599,  901,  756,  461,  378,  130,  858,  482,  261,  587,  449,  697,  673,  136,  106,  215,  405,  350,  424,  575,  616,    0,  914,  134,  114,  269,  423,  972,  464,  868,  613,  396,  787,  829,  157,  806,  531,  608,  751,  480,  296,  356,  481, 1043,  848,  312,  729,  681,  433,  645,  143,  542,  492,  898,  515,  608,  431,  483,  716,  681,  564,  308,  780,  173,  546,  321],
        [  781,  781,  615,  870,  674,  537,  477,   66,  280,  690,  736,  584,  779,  992,  953,  700,  742,  878,  354,  798,  397,  217,  365,  528,  592,  793,   58,  490,  753,  597,  721,  252,  241,  896, 1009,  706,  638, 1132,  509,  779,  330,  914,    0,  878,  801,  649,  661,  961,  690,  449,  830,  609,  380,  399, 1028,  651,  448, 1110,  349, 1176,  722, 1034,  434,  985,  187, 1016,  253,  940, 1139,  289,  931,  485,  836,  780,  483, 1100,  709,  464,  220,  281,  391,  815,  258,  841,  525,  608],
        [  380,  380,  712,  670,  286,  916,  859,  828,  603,  268,  981,  296,  112,  780,  945,  897,  153,  548,  606, 1040,  612,  897,  776,  381,  300,  115,  821,  501,  342,  646,  326,  643,  643,   19,  222,  239,  463,  482,  430,  667,  560,  134,  878,    0,  138,  240,  490, 1066,  540,  900,  711,  305,  809,  854,  285,  870,  547,  737,  767,  614,  368,  488,  450, 1135,  840,  444,  724,  790,  567,  632,  274,  458,  595,  975,  539,  736,  310,  423,  668,  623,  503,  410,  781,  279,  587,  337],
        [  247,  247,  577,  539,  157,  786,  731,  746,  538,  302,  845,  248,   63,  654,  811,  761,  180,  422,  498,  903,  496,  793,  657,  357,  275,   37,  744,  381,  206,  511,  381,  584,  560,  152,  215,  110,  327,  424,  317,  531,  503,  114,  801,  138,    0,  156,  353,  930,  403,  775,  576,  300,  689,  733,  252,  735,  429,  629,  650,  538,  231,  397,  367,  998,  739,  357,  621,  659,  490,  535,  192,  439,  463,  838,  417,  626,  360,  372,  603,  569,  452,  281,  674,  160,  457,  217],
        [  285,  285,  518,  558,  115,  697,  634,  595,  382,  227,  788,  103,  133,  688,  808,  706,  154,  466,  367,  852,  377,  658,  542,  218,  145,  145,  592,  273,  235,  451,  314,  428,  409,  258,  370,  100,  283,  557,  195,  523,  348,  269,  649,  240,  156,    0,  320,  909,  379,  671,  578,  184,  576,  622,  403,  672,  315,  702,  532,  653,  237,  504,  215,  972,  600,  469,  485,  678,  607,  393,  326,  299,  485,  791,  314,  697,  290,  219,  448,  414,  298,  329,  542,  258,  374,  123],
        [  155,  155,  227,  259,  216,  455,  412,  596,  488,  544,  492,  388,  390,  396,  489,  409,  467,  221,  308,  551,  267,  564,  382,  481,  439,  377,  615,  181,  164,  165,  630,  540,  450,  505,  473,  258,   40,  494,  213,  206,  491,  423,  661,  490,  353,  320,    0,  591,   60,  464,  263,  486,  403,  438,  456,  384,  214,  465,  383,  517,  128,  381,  339,  655,  528,  372,  417,  372,  483,  376,  351,  543,  198,  486,  179,  457,  606,  431,  538,  544,  476,  172,  445,  266,  153,  202],
        [  688,  688,  416,  416,  806,  430,  485,  907,  947, 1130,  232,  967,  975,  372,  146,  264, 1058,  549,  723,  187,  667,  757,  603, 1041, 1017,  959,  945,  688,  725,  476, 1214,  986,  868, 1079,  982,  846,  627,  849,  761,  400,  977,  972,  961, 1066,  930,  909,  591,    0,  534,  519,  360, 1063,  583,  564,  936,  314,  678,  542,  622,  759,  701,  728,  866,   74,  775,  757,  740,  321,  764,  782,  854, 1085,  483,  182,  653,  532, 1190,  974,  967, 1006,  989,  665,  710,  800,  573,  788],
        [  182,  182,  193,  205,  273,  431,  397,  625,  535,  604,  447,  448,  443,  341,  429,  364,  525,  190,  342,  503,  294,  575,  386,  540,  499,  429,  647,  225,  204,  141,  690,  586,  490,  554,  504,  313,  100,  494,  268,  146,  541,  464,  690,  540,  403,  379,   60,  534,    0,  451,  203,  546,  403,  433,  480,  345,  251,  424,  391,  500,  173,  373,  393,  599,  546,  372,  441,  314,  470,  412,  378,  601,  150,  436,  214,  415,  666,  488,  582,  592,  529,  184,  461,  299,  167,  262],
        [  619,  619,  278,  550,  618,   90,   58,  401,  512,  836,  290,  673,  789,  639,  537,  268,  818,  619,  330,  349,  299,  238,  142,  697,  712,  787,  443,  399,  621,  311,  904,  536,  422,  917,  931,  665,  470,  943,  476,  458,  558,  868,  449,  900,  775,  671,  464,  519,  451,    0,  488,  752,  106,   61,  919,  225,  357,  796,  159,  933,  584,  820,  517,  537,  265,  822,  272,  576,  910,  354,  814,  708,  552,  338,  361,  784,  884,  616,  508,  563,  594,  632,  220,  725,  323,  563],
        [  331,  331,  222,   72,  466,  431,  431,  766,  718,  804,  354,  651,  625,  163,  235,  285,  718,  196,  505,  388,  449,  675,  481,  743,  702,  607,  795,  413,  372,  234,  890,  766,  660,  723,  625,  502,  303,  523,  467,   59,  731,  613,  830,  711,  576,  578,  263,  360,  203,  488,    0,  748,  483,  494,  582,  296,  427,  309,  493,  470,  352,  395,  590,  431,  662,  415,  578,  117,  458,  575,  496,  802,  125,  320,  392,  297,  866,  688,  757,  777,  725,  306,  579,  441,  321,  463],
        [  469,  469,  656,  735,  298,  796,  727,  570,  331,   87,  918,   98,  246,  867,  972,  840,  153,  649,  424,  985,  457,  679,  613,   83,   47,  271,  553,  385,  419,  591,  155,  361,  395,  320,  501,  283,  446,  723,  306,  691,  280,  396,  609,  305,  300,  184,  486, 1063,  546,  752,  748,    0,  649,  696,  549,  800,  411,  886,  598,  829,  419,  683,  236, 1122,  616,  645,  517,  853,  782,  419,  490,  153,  663,  929,  425,  881,  133,  152,  390,  336,  219,  513,  579,  435,  500,  285],
        [  556,  556,  261,  537,  533,  175,  104,  324,  409,  733,  363,  572,  698,  642,  577,  321,  720,  584,  225,  428,  200,  194,   37,  592,  609,  698,  363,  309,  551,  271,  800,  435,  320,  827,  857,  579,  401,  894,  381,  442,  454,  787,  380,  809,  689,  576,  403,  583,  403,  106,  483,  649,    0,   48,  851,  272,  263,  785,   54,  899,  513,  776,  413,  611,  195,  772,  171,  584,  872,  248,  746,  602,  524,  404,  273,  774,  780,  511,  409,  461,  489,  574,  129,  655,  252,  474],
        [  592,  592,  276,  552,  577,  141,   80,  347,  451,  781,  338,  619,  743,  651,  569,  305,  767,  609,  273,  401,  247,  197,   84,  639,  657,  743,  388,  354,  589,  296,  847,  475,  361,  872,  897,  623,  439,  925,  427,  458,  498,  829,  399,  854,  733,  622,  438,  564,  433,   61,  494,  696,   48,    0,  889,  258,  309,  800,  100,  924,  552,  805,  461,  587,  213,  803,  211,  591,  898,  293,  784,  648,  546,  383,  317,  789,  827,  558,  447,  502,  534,  608,  161,  694,  290,  518],
        [  301,  301,  672,  521,  354,  908,  867,  969,  778,  537,  913,  499,  304,  595,  798,  832,  412,  389,  697,  960,  680,  988,  825,  609,  526,  279,  973,  563,  301,  617,  605,  826,  788,  282,   69,  324,  451,  200,  522,  557,  748,  157, 1028,  285,  252,  403,  456,  936,  480,  919,  582,  549,  851,  889,    0,  820,  612,  503,  822,  340,  338,  242,  602, 1009,  941,  200,  822,  625,  295,  747,  106,  691,  458,  891,  589,  505,  587,  621,  842,  814,  700,  298,  866,  197,  600,  420],
        [  526,  526,  159,  366,  587,  147,  179,  595,  641,  875,  119,  707,  765,  429,  313,   50,  826,  465,  421,  186,  368,  454,  290,  764,  754,  756,  633,  415,  545,  225,  955,  678,  559,  886,  847,  633,  408,  801,  495,  285,  675,  806,  651,  870,  735,  672,  384,  314,  345,  225,  296,  800,  272,  258,  820,    0,  393,  598,  309,  763,  511,  673,  582,  350,  465,  685,  427,  364,  748,  474,  720,  797,  391,  140,  375,  587,  932,  690,  656,  698,  694,  523,  397,  643,  302,  550],
        [  338,  338,  263,  448,  275,  389,  323,  384,  292,  491,  511,  324,  436,  581,  613,  436,  463,  434,   95,  579,   69,  376,  230,  372,  367,  437,  401,   50,  318,  209,  566,  340,  239,  565,  609,  319,  190,  690,  120,  369,  308,  531,  448,  547,  429,  315,  214,  678,  251,  357,  427,  411,  263,  309,  612,  393,    0,  675,  222,  728,  283,  587,  190,  729,  330,  572,  213,  543,  692,  163,  509,  408,  401,  528,   37,  665,  544,  298,  333,  351,  312,  370,  254,  416,  110,  213],
        [  418,  418,  525,  249,  590,  738,  739, 1045,  953,  917,  633,  798,  690,  180,  398,  579,  804,  249,  765,  648,  716,  974,  779,  908,  845,  665, 1069,  645,  468,  520, 1002, 1005,  913,  742,  567,  605,  499,  348,  671,  343,  953,  608, 1110,  737,  629,  702,  465,  542,  424,  796,  309,  886,  785,  800,  503,  598,  675,    0,  788,  226,  474,  261,  796,  613,  954,  305,  858,  244,  245,  835,  466,  981,  275,  587,  638,   12,  979,  875, 1003, 1008,  931,  373,  870,  470,  585,  621],
        [  532,  532,  272,  541,  495,  226,  153,  289,  357,  683,  407,  523,  656,  654,  606,  358,  674,  577,  175,  474,  156,  187,   20,  540,  559,  658,  326,  270,  523,  269,  748,  384,  268,  785,  825,  540,  376,  877,  338,  447,  401,  751,  349,  767,  650,  532,  383,  622,  391,  159,  493,  598,   54,  100,  822,  309,  222,  788,    0,  890,  486,  761,  362,  654,  171,  755,  122,  599,  860,  195,  718,  549,  521,  445,  237,  778,  728,  459,  359,  409,  435,  554,   91,  626,  230,  434],
        [  405,  405,  655,  399,  558,  890,  875, 1112,  974,  840,  820,  755,  600,  389,  614,  755,  717,  315,  823,  845,  784, 1075,  884,  870,  796,  573, 1128,  688,  444,  629,  918, 1026,  954,  614,  409,  555,  539,  147,  687,  482,  961,  480, 1176,  614,  538,  653,  517,  759,  500,  933,  470,  829,  899,  924,  340,  763,  728,  226,  890,    0,  467,  151,  801,  831, 1043,  185,  934,  445,   49,  889,  349,  950,  381,  780,  694,  234,  897,  857, 1032, 1023,  926,  365,  959,  396,  665,  609],
        [   63,   63,  355,  324,  122,  580,  534,  659,  508,  462,  618,  326,  275,  452,  586,  534,  367,  231,  374,  675,  348,  656,  487,  435,  375,  259,  671,  236,   38,  293,  549,  560,  491,  382,  348,  151,  114,  411,  221,  302,  496,  296,  722,  368,  231,  237,  128,  701,  173,  584,  352,  419,  513,  552,  338,  511,  283,  474,  486,  467,    0,  318,  336,  768,  613,  296,  495,  445,  425,  433,  233,  508,  250,  608,  255,  468,  525,  404,  566,  557,  466,  106,  534,  143,  263,  149],
        [  256,  256,  547,  325,  408,  787,  764,  970,  825,  698,  746,  606,  460,  367,  584,  673,  577,  208,  681,  782,  646,  944,  758,  721,  647,  433,  984,  544,  294,  510,  778,  877,  808,  491,  306,  405,  398,  129,  538,  389,  811,  356, 1034,  488,  397,  504,  381,  728,  373,  820,  395,  683,  776,  805,  242,  673,  587,  261,  761,  151,  318,    0,  651,  801,  908,   45,  796,  408,  108,  745,  215,  801,  282,  714,  554,  263,  756,  707,  884,  873,  776,  219,  826,  248,  532,  458],
        [  398,  398,  451,  596,  254,  565,  494,  381,  178,  321,  700,  168,  346,  733,  794,  626,  328,  547,  188,  768,  224,  457,  377,  184,  198,  359,  378,  181,  357,  392,  388,  229,  195,  468,  578,  278,  301,  729,  127,  531,  161,  481,  434,  450,  367,  215,  339,  866,  393,  517,  590,  236,  413,  461,  602,  582,  190,  796,  362,  801,  336,  651,    0,  919,  396,  624,  287,  704,  758,  190,  511,  219,  536,  718,  214,  788,  367,  109,  242,  223,  138,  441,  349,  427,  294,  194],
        [  758,  758,  469,  489,  871,  449,  509,  933,  990, 1190,  250, 1025, 1041,  444,  219,  301, 1122,  621,  768,  190,  713,  775,  635, 1096, 1075, 1026,  973,  742,  794,  532, 1274, 1027,  908, 1147, 1055,  912,  690,  923,  818,  469, 1022, 1043,  985, 1135,  998,  972,  655,   74,  599,  537,  431, 1122,  611,  587, 1009,  350,  729,  613,  654,  831,  768,  801,  919,    0,  799,  830,  774,  394,  837,  823,  926, 1137,  555,  210,  706,  602, 1250, 1026, 1005, 1047, 1037,  736,  739,  871,  627,  850],
        [  666,  666,  442,  708,  594,  352,  291,  137,  308,  702,  550,  563,  732,  824,  771,  514,  723,  735,  244,  612,  266,   64,  185,  543,  586,  739,  179,  379,  648,  435,  752,  313,  225,  858,  933,  634,  513, 1018,  424,  615,  363,  848,  187,  840,  739,  600,  528,  775,  546,  265,  662,  616,  195,  213,  941,  465,  330,  954,  171, 1043,  613,  908,  396,  799,    0,  898,  120,  769, 1011,  208,  838,  527,  684,  594,  359,  944,  736,  465,  279,  343,  414,  694,   86,  746,  380,  528],
        [  236,  236,  552,  348,  377,  794,  766,  953,  800,  658,  764,  571,  419,  402,  614,  688,  536,  223,  666,  802,  633,  935,  753,  686,  611,  392,  966,  528,  269,  511,  737,  852,  787,  447,  263,  371,  385,  123,  516,  404,  783,  312, 1016,  444,  357,  469,  372,  757,  372,  822,  415,  645,  772,  803,  200,  685,  572,  305,  755,  185,  296,   45,  624,  830,  898,    0,  783,  438,  138,  728,  172,  767,  298,  733,  541,  306,  716,  676,  860,  847,  747,  204,  816,  212,  525,  431],
        [  550,  550,  366,  617,  475,  346,  274,  189,  242,  603,  528,  455,  615,  740,  715,  476,  613,  630,  125,  595,  151,  174,  142,  450,  483,  622,  218,  261,  530,  345,  660,  265,  151,  743,  814,  515,  399,  902,  305,  526,  290,  729,  253,  724,  621,  485,  417,  740,  441,  272,  578,  517,  171,  211,  822,  427,  213,  858,  122,  934,  495,  796,  287,  774,  120,  783,    0,  690,  900,   99,  720,  447,  585,  565,  243,  848,  642,  369,  238,  291,  332,  580,   63,  627,  275,  409],
        [  414,  414,  328,  122,  565,  509,  521,  877,  834,  905,  390,  757,  713,   67,  177,  340,  812,  245,  620,  405,  565,  777,  586,  852,  807,  692,  907,  529,  459,  348,  992,  882,  775,  800,  676,  596,  412,  529,  580,  175,  847,  681,  940,  790,  659,  678,  372,  321,  314,  576,  117,  853,  584,  591,  625,  364,  543,  244,  599,  445,  445,  408,  704,  394,  769,  438,  690,    0,  446,  690,  552,  914,  197,  343,  508,  233,  967,  801,  873,  893,  840,  380,  687,  512,  437,  569],
        [  364,  364,  633,  387,  514,  871,  853, 1075,  932,  792,  811,  709,  552,  394,  619,  743,  669,  291,  787,  840,  749, 1044,  856,  824,  749,  525, 1091,  650,  401,  603,  870,  984,  915,  567,  363,  509,  503,  108,  646,  464,  918,  433, 1139,  567,  490,  607,  483,  764,  470,  910,  458,  782,  872,  898,  295,  748,  692,  245,  860,   49,  425,  108,  758,  837, 1011,  138,  900,  446,    0,  851,  301,  904,  361,  773,  659,  251,  849,  812,  991,  980,  882,  325,  927,  349,  633,  565],
        [  492,  492,  382,  604,  395,  417,  344,  226,  168,  505,  584,  357,  525,  734,  739,  523,  517,  596,   71,  653,  126,  268,  213,  353,  385,  533,  240,  201,  465,  344,  564,  205,   88,  650,  734,  432,  351,  844,  226,  519,  207,  645,  289,  632,  535,  393,  376,  782,  412,  354,  575,  419,  248,  293,  747,  474,  163,  835,  195,  889,  433,  745,  190,  823,  208,  728,   99,  690,  851,    0,  648,  355,  561,  614,  199,  826,  545,  272,  188,  225,  241,  527,  161,  557,  256,  328],
        [  198,  198,  570,  440,  259,  805,  763,  871,  689,  493,  817,  426,  253,  530,  720,  735,  369,  308,  596,  866,  576,  885,  720,  540,  460,  226,  877,  460,  196,  514,  570,  739,  693,  277,  130,  236,  346,  234,  424,  465,  663,  143,  931,  274,  192,  326,  351,  854,  378,  814,  496,  490,  746,  784,  106,  720,  509,  466,  718,  349,  233,  215,  511,  926,  838,  172,  720,  552,  301,  648,    0,  622,  372,  797,  485,  466,  549,  542,  753,  729,  619,  199,  762,   93,  495,  324],
        [  566,  566,  670,  802,  396,  766,  693,  454,  220,  216,  914,  197,  390,  938, 1011,  842,  305,  736,  385,  983,  432,  590,  566,   83,  165,  414,  431,  399,  518,  611,  237,  234,  303,  473,  647,  396,  503,  854,  335,  743,  165,  542,  485,  458,  439,  299,  543, 1085,  601,  708,  802,  153,  602,  648,  691,  797,  408,  981,  549,  950,  508,  801,  219, 1137,  527,  767,  447,  914,  904,  355,  622,    0,  736,  934,  433,  975,  226,  114,  267,  205,  115,  611,  509,  556,  513,  361],
