{
    "name": "random-94-14480",
    "comment": "size=94 seed=14480",
    "nodes": ["+0", "-0", "+1", "-1", "+2", "-2", "+3", "-3", "+4", "-4", "+5", "-5", "+6", "-6", "+7", "-7", "+8", "-8", "+9", "-9", "+10", "-10", "+11", "-11", "+12", "-12", "+13", "-13", "+14", "-14", "+15", "-15", "+16", "-16", "+17", "-17", "+18", "-18", "+19", "-19", "+20", "-20", "+21", "-21", "+22", "-22", "+23", "-23", "+24", "-24", "+25", "-25", "+26", "-26", "+27", "-27", "+28", "-28", "+29", "-29", "+30", "-30", "+31", "-31", "+32", "-32", "+33", "-33", "+34", "-34", "+35", "-35", "+36", "-36", "+37", "-37", "+38", "-38", "+39", "-39", "+40", "-40", "+41", "-41", "+42", "-42", "+43", "-43", "+44", "-44", "+45", "-45", "+46", "-46", "+47", "-47", "+48", "-48", "+49", "-49", "+50", "-50", "+51", "-51", "+52", "-52", "+53", "-53", "+54", "-54", "+55", "-55", "+56", "-56", "+57", "-57", "+58", "-58", "+59", "-59", "+60", "-60", "+61", "-61", "+62", "-62", "+63", "-63", "+64", "-64", "+65", "-65", "+66", "-66", "+67", "-67", "+68", "-68", "+69", "-69", "+70", "-70", "+71", "-71", "+72", "-72", "+73", "-73", "+74", "-74", "+75", "-75", "+76", "-76", "+77", "-77", "+78", "-78", "+79", "-79", "+80", "-80", "+81", "-81", "+82", "-82", "+83", "-83", "+84", "-84", "+85", "-85", "+86", "-86", "+87", "-87", "+88", "-88", "+89", "-89", "+90", "-90", "+91", "-91", "+92", "-92", "+93", "-93", "+94", "-94"],
    "precedence": {
        "+0": "-0",
        "+1": "-1",
        "+2": "-2",
        "+3": "-3",
        "+4": "-4",
        "+5": "-5",
        "+6": "-6",
        "+7": "-7",
        "+8": "-8",
        "+9": "-9",
        "+10": "-10",
        "+11": "-11",
        "+12": "-12",
        "+13": "-13",
        "+14": "-14",
        "+15": "-15",
        "+16": "-16",
        "+17": "-17",
        "+18": "-18",
        "+19": "-19",
        "+20": "-20",
        "+21": "-21",
        "+22": "-22",
        "+23": "-23",
        "+24": "-24",
        "+25": "-25",
        "+26": "-26",
        "+27": "-27",
        "+28": "-28",
        "+29": "-29",
        "+30": "-30",
        "+31": "-31",
        "+32": "-32",
        "+33": "-33",
        "+34": "-34",
        "+35": "-35",
        "+36": "-36",
        "+37": "-37",
        "+38": "-38",
        "+39": "-39",
        "+40": "-40",
        "+41": "-41",
        "+42": "-42",
        "+43": "-43",
        "+44": "-44",
        "+45": "-45",
        "+46": "-46",
        "+47": "-47",
        "+48": "-48",
        "+49": "-49",
        "+50": "-50",
        "+51": "-51",
        "+52": "-52",
        "+53": "-53",
        "+54": "-54",
        "+55": "-55",
        "+56": "-56",
        "+57": "-57",
        "+58": "-58",
        "+59": "-59",
        "+60": "-60",
        "+61": "-61",
        "+62": "-62",
        "+63": "-63",
        "+64": "-64",
        "+65": "-65",
        "+66": "-66",
        "+67": "-67",
        "+68": "-68",
        "+69": "-69",
        "+70": "-70",
        "+71": "-71",
        "+72": "-72",
        "+73": "-73",
        "+74": "-74",
        "+75": "-75",
        "+76": "-76",
        "+77": "-77",
        "+78": "-78",
        "+79": "-79",
        "+80": "-80",
        "+81": "-81",
        "+82": "-82",
        "+83": "-83",
        "+84": "-84",
        "+85": "-85",
        "+86": "-86",
        "+87": "-87",
        "+88": "-88",
        "+89": "-89",
        "+90": "-90",
        "+91": "-91",
        "+92": "-92",
        "+93": "-93",
        "+94": "-94"
    },
    "edges": [
        [    0,    0,  103,  576,  285,  522,  100,  699,  532,  624,  283,  487,  466,   13,  474,  454,  204,  442,   69,  213,  485,  187,  435,  619,  525,  569,  764,  683,  402,  288,  323,  628,  542,  421,  331,  373,  593,  351,  662,  233,  210,  599,  522,  155,  285,  610,  225,   92,  651,  614,  678,  556,  176,  419,  296,   10,  171,  187,  317,  628,  427,  502,  575,  674,  134,  450,  352,  392,  565,  381,  373,  252,  505,  760,  112,  245,  381,  428,  242,  612,  344,  301,  662,  257,  189,  590,  590,   63,  160,  315,  327,  126,  272,  241,  156,  292,  622,  342,  411,  500,  300,  532,  311,  296,  259,  663,  604,  623,  509,  248,  179,  183,  292,  805,  364,  368,   21,  193,  434,  164,  417,  575,  287,  282,  655,  605,  732,  373,  516,  692,  306,  427,  571,  573,  591,  773,  406,  551,  600,  630,  479,  441,  292,  414,  139,  245,  628,   47,  162,  600,  440,  238,  179,  611,  561,  387,  297,  241,   67,  614,  313,  581,  432,  686,  532,  653,  261,  641,  149,  632,  330,  494,  364,  281,  180,  602,  377,  545,  619,  262,  551,  600,  302,  352,  555,  257,  227,   90,  704,  221],
        [    0,    0,    0,    0,    0,    0,    0,    0,    0,    0,    0,    0,    0,    0,    0,    0,    0,    0,    0,    0,    0,    0,    0,    0,    0,    0,    0,    0,    0,    0,    0,    0,    0,    0,    0,    0,    0,    0,    0,    0,    0,    0,    0,    0,    0,    0,    0,    0,    0,    0,    0,    0,    0,    0,    0,    0,    0,    0,    0,    0,    0,    0,    0,    0,    0,    0,    0,    0,    0,    0,    0,    0,    0,    0,    0,    0,    0,    0,    0,    0,    0,    0,    0,    0,    0,    0,    0,    0,    0,    0,    0,    0,    0,    0,    0,    0,    0,    0,    0,    0,    0,    0,    0,    0,    0,    0,    0,    0,    0,    0,    0,    0,    0,    0,    0,    0,    0,    0,    0,    0,    0,    0,    0,    0,    0,    0,    0,    0,    0,    0,    0,    0,    0,    0,    0,    0,    0,    0,    0,    0,    0,    0,    0,    0,    0,    0,    0,    0,    0,    0,    0,    0,    0,    0,    0,    0,    0,    0,    0,    0,    0,    0,    0,    0,    0,    0,    0,    0,    0,    0,    0,    0,    0,    0,    0,    0,    0,    0,    0,    0,    0,    0,    0,    0,    0,    0,    0,    0,    0,    0],
        [  103,    0,    0,  499,  388,  459,   92,  661,  468,  529,  248,  484,  440,  109,  430,  383,  300,  459,   43,  124,  417,  235,  439,  538,  512,  566,  664,  580,  437,  226,  235,  597,  475,  445,  231,  340,  595,  279,  559,  335,  307,  499,  525,  111,  385,  527,  302,  156,  558,  529,  577,  520,  263,  429,  199,   98,  262,  252,  281,  526,  411,  459,  517,  575,   89,  425,  269,  494,  507,  348,  357,  157,  405,  658,  208,  197,  428,  350,  321,  512,  345,  353,  617,  325,   90,  572,  572,   86,  224,  384,  403,  228,  373,  171,  258,  247,  557,  434,  311,  446,  207,  535,  403,  244,  255,  610,  522,  534,  428,  154,  224,  164,  212,  703,  266,  469,  105,  180,  412,  262,  518,  543,  297,  360,  646,  511,  638,  273,  413,  647,  236,  450,  555,  470,  572,  670,  390,  477,  506,  583,  377,  425,  379,  397,  197,  346,  613,   65,  100,  545,  543,  185,  240,  571,  469,  476,  353,  326,   86,  543,  402,  506,  436,  586,  430,  554,  275,  643,  180,  530,  415,  502,  339,  307,  253,  526,  317,  524,  542,  170,  452,  517,  206,  369,  476,  334,  174,  181,  606,  175],
        [  576,    0,  499,    0,  830,  111,  586,  992,  103,  194,  334,  920,  837,  587,  786,  127,  691,  491,  512,  376,  697,  732,  890,  708,  925,  444,  354,  480,  549,  606,  269,  322,   78,  511,  439,  293,  481,  602,  375,  776,  781,  267,  453,  424,  782,  690,  797,  549,  166,   76,  313,  878,  636,  455,  461,  577,  650,  750,  697,  356,  833,  222,  806,  551,  443,  828,  230,  895,  796,  291,  348,  476,  254,  398,  630,  344,  920,  149,  646,  256,  803,  576,  931,  823,  417,  968,  372,  518,  722,  645,  899,  668,  781,  563,  717,  654,  106,  917,  448,  170,  493,  458,  884,  296,  720,  897,  689,  106,   74,  352,  721,  636,  548,  460,  458,  922,  563,  419,  824,  675,  971,  911,  770,  855,  457,  588,  234,  427,  381,  957,  590,  925,  957,  356,  967,  466,  816,   34,  579,  224,  293,  344,  715,  343,  546,  805,  409,  557,  554,  841,  976,  345,  738,  910,  133,  961,  851,  816,  583,  764,  735,  719,  432,  550,  283,  255,  754,  504,  675,  317,  729,  466,  319,  793,  749,   31,  216,  344,   44,  334,  238,   58,  472,  468,   24,  829,  355,  602,  265,  365],
        [  285,    0,  388,  830,    0,  756,  349,  844,  767,  902,  503,  577,  611,  280,  652,  704,  152,  532,  353,  493,  706,  285,  519,  857,  633,  686, 1047,  963,  459,  521,  598,  797,  782,  500,  609,  574,  696,  590,  946,   55,  111,  883,  632,  415,   99,  851,  201,  282,  925,  878,  962,  709,  205,  530,  572,  290,  186,  244,  505,  913,  557,  705,  771,  948,  401,  594,  619,  130,  762,  580,  547,  527,  788, 1045,  201,  487,  368,  688,  234,  894,  459,  347,  825,  237,  473,  700,  739,  328,  247,  300,  230,  167,   82,  490,  131,  502,  856,  153,  687,  719,  569,  640,  131,  535,  414,  843,  846,  891,  770,  529,  291,  392,  547, 1090,  639,   94,  288,  412,  575,  157,  141,  716,  404,  204,  776,  868, 1008,  653,  799,  852,  546,  465,  679,  857,  702, 1057,  540,  801,  864,  832,  764,  604,  202,  581,  287,   55,  765,  326,  420,  787,  156,  487,  254,  767,  835,  189,  290,  168,  323,  834,  203,  810,  554,  961,  816,  934,  383,  740,  313,  916,  231,  597,  556,  366,  221,  852,  617,  702,  871,  542,  834,  863,  576,  465,  811,  200,  477,  230,  984,  466],
        [  522,    0,  459,  111,  756,    0,  550, 1015,   12,  295,  254,  913,  840,  533,  798,   87,  612,  382,  464,  343,  722,  692,  877,  756,  925,  337,  461,  564,  443,  604,  252,  231,   34,  403,  454,  194,  374,  612,  466,  703,  719,  356,  343,  368,  699,  739,  746,  480,  274,  186,  412,  892,  556,  347,  466,  524,  572,  704,  691,  443,  829,  112,  834,  626,  389,  829,  208,  810,  824,  191,  245,  471,  318,  501,  560,  279,  886,  135,  557,  348,  786,  479,  957,  776,  388,  974,  269,  460,  676,  549,  848,  599,  700,  554,  651,  648,  102,  855,  481,   60,  499,  348,  822,  227,  699,  928,  737,  215,  119,  328,  681,  610,  550,  563,  480,  849,  506,  346,  823,  600,  896,  924,  747,  803,  358,  647,  344,  452,  442,  985,  593,  902,  961,  432,  973,  564,  810,   79,  638,  153,  349,  235,  625,  235,  470,  736,  309,  511,  529,  868,  896,  285,  694,  930,  222,  900,  810,  761,  541,  805,  644,  759,  323,  627,  354,  356,  728,  400,  638,  407,  635,  356,  219,  763,  700,  116,  145,  238,  136,  311,  317,  167,  479,  364,  108,  778,  296,  534,  371,  302],
        [  100,    0,   92,  586,  349,  550,    0,  601,  559,  603,  335,  402,  371,   95,  374,  473,  297,  528,  101,  211,  387,  146,  354,  525,  435,  645,  727,  619,  495,  190,  320,  685,  565,  510,  265,  428,  672,  255,  612,  302,  252,  564,  601,  197,  369,  517,  225,  189,  636,  613,  639,  458,  274,  501,  226,   91,  267,  170,  218,  580,  335,  549,  475,  600,  174,  355,  357,  467,  465,  436,  440,  182,  471,  715,  207,  287,  337,  439,  342,  579,  261,  399,  563,  242,  170,  498,  657,  134,  144,  415,  322,  210,  353,  147,  221,  192,  647,  366,  340,  537,  221,  612,  338,  334,  172,  563,  511,  616,  515,  237,  135,   86,  202,  755,  292,  419,  118,  259,  340,  254,  467,  478,  209,  282,  728,  522,  714,  308,  459,  593,  210,  360,  480,  521,  499,  718,  314,  565,  518,  674,  438,  508,  388,  480,  236,  300,  696,   63,   72,  500,  500,  275,  157,  513,  549,  406,  265,  254,   34,  516,  409,  485,  512,  613,  492,  622,  186,  720,   90,  590,  427,  576,  424,  216,  175,  614,  408,  610,  630,  254,  519,  601,  229,  438,  564,  257,  264,  188,  676,  263],
        [  699,    0,  661,  992,  844, 1015,  601,    0, 1020,  885,  889,  280,  238,  691,  232,  928,  869, 1120,  692,  716,  295,  570,  334,  341,  219, 1217,  898,  668, 1094,  440,  770, 1213, 1013, 1105,  562,  973, 1249,  409,  755,  823,  737,  799, 1180,  765,  912,  356,  643,  789,  936,  972,  831,  144,  863, 1089,  553,  690,  851,  607,  384,  741,  288, 1065,  188,  582,  746,  255,  813,  973,  197,  981, 1005,  560,  754,  847,  792,  834,  513,  881,  933,  819,  386, 1000,   64,  611,  674,  161, 1207,  732,  612, 1011,  650,  778,  891,  497,  758,  415, 1088,  751,  544, 1032,  521, 1190,  745,  865,  449,  115,  353,  957,  923,  711,  568,  517,  478,  843,  537,  862,  718,  839,  273,  826,  891,  129,  444,  653, 1290,  476,  979,  566,  639,   50,  439,  408,  181,  697,  159,  791,  307,  988,  483, 1165,  708, 1069,  966, 1042,  837,  791, 1251,  663,  562,  154,  950,  817,  599,   90,  884,  758,  563,  679,  634,  263,  983,  298, 1094,  596,  740,  859,  468, 1295,  567,  782, 1006, 1160,  980,  479,  630, 1021,  909, 1160, 1027,  725,  790,  972,  540, 1030,  970,  649,  809,  781,  908,  816],
        [  532,    0,  468,  103,  767,   12,  559, 1020,    0,  290,  265,  920,  847,  544,  805,   94,  623,  391,  474,  352,  727,  702,  885,  759,  933,  343,  455,  562,  453,  611,  260,  232,   26,  413,  459,  205,  380,  618,  463,  714,  729,  353,  351,  378,  711,  741,  757,  491,  267,  178,  408,  899,  567,  356,  473,  534,  583,  714,  698,  440,  836,  120,  839,  626,  399,  836,  216,  821,  829,  202,  256,  479,  319,  496,  571,  289,  895,  140,  568,  345,  795,  490,  962,  786,  397,  981,  273,  471,  686,  560,  858,  610,  711,  562,  662,  655,   91,  866,  485,   68,  506,  356,  833,  238,  708,  933,  740,  208,  118,  337,  691,  619,  557,  558,  485,  860,  517,  357,  830,  611,  908,  930,  756,  814,  361,  649,  336,  457,  443,  990,  600,  911,  968,  431,  980,  560,  818,   73,  639,  150,  351,  244,  636,  245,  481,  747,  313,  521,  538,  873,  907,  295,  704,  936,  219,  911,  820,  772,  551,  808,  655,  763,  332,  626,  353,  351,  737,  405,  648,  405,  646,  364,  230,  772,  710,  106,  156,  243,  126,  319,  316,  160,  486,  375,  103,  788,  306,  545,  365,  313],
        [  624,    0,  529,  194,  902,  295,  603,  885,  290,    0,  449,  866,  768,  633,  705,  262,  781,  656,  556,  412,  597,  745,  847,  570,  859,  630,  171,  298,  703,  561,  306,  515,  266,  671,  383,  442,  668,  535,  188,  848,  833,   91,  633,  490,  873,  552,  827,  625,   53,  126,  120,  790,  727,  617,  416,  622,  738,  771,  652,  176,  778,  405,  697,  379,  502,  763,  290,  988,  689,  443,  502,  447,  144,  207,  704,  436,  915,  245,  753,   73,  770,  706,  822,  844,  439,  890,  562,  575,  746,  771,  924,  736,  867,  533,  778,  611,  291,  962,  357,  351,  444,  639,  931,  400,  699,  780,  553,   97,  186,  377,  733,  628,  499,  269,  386,  990,  617,  514,  764,  755, 1039,  824,  751,  884,  649,  438,  113,  354,  246,  845,  538,  897,  884,  196,  888,  273,  764,  218,  429,  416,  189,  514,  824,  507,  636,  868,  601,  592,  550,  731, 1056,  430,  758,  812,   80, 1004,  859,  853,  611,  637,  846,  594,  598,  375,  147,   62,  740,  694,  686,  132,  845,  642,  467,  783,  777,  209,  342,  532,  200,  362,   98,  140,  424,  615,  188,  858,  436,  674,   87,  450],
        [  283,    0,  248,  334,  503,  254,  335,  889,  265,  449,    0,  731,  680,  295,  659,  209,  360,  258,  237,  176,  618,  465,  686,  703,  756,  328,  615,  625,  274,  450,  183,  351,  280,  258,  362,   93,  361,  484,  560,  449,  468,  464,  295,  139,  449,  688,  505,  229,  455,  391,  541,  752,  304,  219,  353,  287,  319,  469,  521,  528,  655,  220,  728,  656,  162,  666,  170,  562,  717,  101,  117,  333,  382,  634,  307,   56,  661,  207,  313,  468,  592,  258,  839,  539,  215,  814,  325,  221,  442,  323,  606,  347,  449,  394,  400,  483,  354,  605,  426,  221,  380,  305,  572,   51,  502,  823,  684,  410,  283,  191,  456,  412,  414,  691,  399,  596,  265,   94,  655,  347,  643,  779,  544,  561,  403,  632,  538,  385,  462,  869,  451,  695,  798,  489,  814,  674,  635,  303,  624,  348,  383,  181,  384,  154,  216,  483,  367,  283,  341,  759,  645,   73,  461,  799,  371,  650,  578,  516,  317,  729,  404,  686,  215,  663,  420,  497,  521,  407,  417,  512,  400,  280,   92,  550,  462,  353,  118,  278,  373,  184,  412,  374,  366,  186,  317,  536,   80,  282,  535,   75],
        [  487,    0,  484,  920,  577,  913,  402,  280,  920,  866,  731,    0,  112,  476,  193,  828,  624,  927,  503,  576,  317,  322,   59,  458,   61, 1047,  931,  735,  888,  314,  662, 1077,  920,  907,  488,  822, 1074,  332,  788,  563,  475,  794, 1003,  594,  653,  464,  378,  578,  912,  922,  849,  175,  629,  902,  461,  479,  614,  352,  223,  764,   89,  935,  294,  667,  572,  109,  705,  704,  292,  830,  840,  445,  723,  893,  560,  678,  233,  784,  699,  814,  143,  782,  281,  341,  530,  125, 1055,  535,  365,  780,  372,  538,  632,  359,  507,  267, 1001,  473,  511,  914,  429, 1013,  470,  720,  231,  319,  459,  915,  846,  585,  324,  320,  373,  909,  481,  587,  508,  660,  104,  584,  613,  163,  201,  379, 1129,  555,  974,  513,  640,  301,  332,  130,  103,  708,  126,  859,  104,  907,  558, 1052,  678,  908,  720,  880,  624,  526, 1096,  462,  392,  288,  673,  664,  348,  223,  840,  479,  290,  410,  429,  393,  735,  399,  913,  683,  723,  859,  228, 1122,  340,  795,  760,  978,  822,  222,  375,  950,  783, 1008,  960,  602,  769,  916,  451,  837,  896,  378,  654,  556,  913,  656],
        [  466,    0,  440,  837,  611,  840,  371,  238,  847,  768,  680,  112,    0,  457,   81,  753,  631,  896,  467,  514,  205,  333,  134,  348,   91, 1004,  825,  624,  866,  237,  588, 1019,  844,  879,  399,  769, 1034,  237,  681,  587,  502,  694,  964,  548,  675,  353,  411,  557,  816,  833,  745,   99,  626,  868,  377,  457,  614,  371,  159,  659,   57,  873,  192,  556,  527,   18,  632,  741,  188,  777,  793,  369,  627,  786,  555,  625,  308,  708,  696,  714,  153,  767,  215,  382,  469,  136, 1003,  504,  375,  776,  431,  541,  654,  290,  521,  198,  923,  529,  412,  847,  344,  974,  520,  663,  212,  238,  348,  823,  764,  517,  330,  285,  291,  799,  386,  636,  485,  619,   37,  589,  669,  110,  208,  427, 1082,  443,  875,  418,  536,  242,  248,  217,  122,  604,  135,  749,   72,  827,  446,  984,  581,  860,  728,  832,  605,  558, 1046,  433,  341,  193,  725,  610,  363,  157,  748,  543,  340,  448,  402,  287,  745,  289,  875,  571,  624,  758,  231, 1081,  330,  692,  769,  941,  772,  247,  394,  867,  718,  956,  876,  534,  671,  829,  365,  806,  814,  420,  601,  546,  812,  605],
        [   13,    0,  109,  587,  280,  533,   95,  691,  544,  633,  295,  476,  457,    0,  467,  465,  205,  453,   78,  222,  481,  175,  424,  616,  515,  581,  771,  686,  412,  284,  332,  640,  554,  431,  334,  385,  605,  348,  667,  228,  201,  606,  533,  166,  284,  607,  213,  102,  660,  624,  685,  548,  180,  430,  298,   11,  174,  175,  309,  634,  417,  514,  570,  676,  146,  441,  362,  389,  559,  393,  385,  254,  512,  766,  114,  257,  369,  439,  247,  619,  334,  310,  655,  245,  196,  580,  603,   75,  147,  322,  315,  123,  269,  238,  150,  286,  634,  332,  413,  512,  300,  544,  301,  308,  250,  656,  602,  632,  519,  256,  167,  175,  290,  811,  366,  361,   33,  206,  425,  164,  410,  566,  276,  270,  667,  605,  741,  376,  520,  684,  303,  415,  561,  578,  581,  778,  396,  562,  600,  643,  486,  453,  295,  426,  149,  238,  640,   48,  159,  593,  435,  249,  167,  603,  570,  376,  284,  230,   61,  610,  316,  578,  444,  688,  538,  660,  250,  653,  138,  638,  333,  506,  377,  269,  168,  613,  389,  557,  630,  271,  558,  611,  304,  363,  566,  245,  238,   94,  711,  233],
        [  474,    0,  430,  786,  652,  798,  374,  232,  805,  705,  659,  193,   81,  467,    0,  711,  654,  889,  463,  487,  126,  368,  211,  268,  162,  986,  752,  547,  865,  209,  549,  989,  800,  874,  348,  745, 1018,  187,  608,  622,  542,  627,  949,  534,  707,  273,  456,  563,  754,  777,  675,   95,  643,  858,  332,  464,  632,  409,  158,  587,  126,  841,  124,  476,  515,   88,  593,  782,  117,  753,  775,  334,  565,  711,  572,  604,  377,  665,  712,  647,  206,  773,  189,  432,  445,  186,  979,  503,  408,  788,  489,  563,  687,  266,  550,  185,  877,  585,  349,  810,  299,  960,  572,  636,  239,  193,  268,  765,  715,  485,  363,  292,  252,  722,  330,  686,  491,  608,  103,  611,  722,  126,  251,  480, 1061,  364,  809,  361,  468,  219,  211,  293,  180,  534,  184,  672,  132,  779,  367,  946,  519,  839,  750,  812,  610,  598, 1022,  435,  331,  136,  775,  587,  399,  142,  691,  603,  396,  494,  408,  211,  769,  209,  863,  492,  559,  690,  270, 1065,  353,  622,  791,  929,  750,  296,  432,  817,  685,  931,  825,  500,  608,  774,  320,  799,  764,  469,  579,  559,  744,  586],
        [  454,    0,  383,  127,  704,   87,  473,  928,   94,  262,  209,  828,  753,  465,  711,    0,  565,  395,  392,  263,  636,  617,  793,  674,  839,  382,  433,  503,  443,  517,  167,  305,   94,  410,  367,  181,  421,  525,  413,  650,  657,  305,  378,  301,  656,  657,  677,  423,  257,  184,  371,  805,  510,  356,  380,  455,  524,  632,  605,  386,  743,  164,  748,  558,  320,  743,  123,  769,  738,  182,  241,  385,  250,  464,  504,  218,  809,   49,  521,  301,  703,  457,  871,  705,  307,  887,  328,  394,  604,  525,  779,  542,  655,  469,  592,  562,  176,  793,  396,  115,  413,  385,  761,  170,  617,  842,  655,  206,   79,  245,  606,  529,  464,  525,  393,  796,  440,  293,  737,  549,  845,  837,  666,  735,  419,  570,  337,  366,  367,  898,  506,  821,  875,  366,  886,  519,  725,   98,  561,  238,  275,  255,  591,  245,  420,  680,  372,  438,  448,  782,  850,  220,  621,  843,  183,  838,  735,  695,  466,  720,  612,  675,  336,  560,  288,  319,  647,  453,  562,  356,  607,  383,  207,  684,  629,  150,   91,  289,  168,  227,  259,  167,  392,  357,  109,  709,  230,  477,  347,  240],
        [  204,    0,  300,  691,  152,  612,  297,  869,  623,  781,  360,  624,  631,  205,  654,  565,    0,  385,  259,  381,  682,  303,  566,  821,  673,  537,  934,  877,  317,  486,  477,  645,  639,  354,  531,  426,  550,  551,  846,  107,  175,  771,  484,  292,   93,  812,  263,  159,  798,  744,  851,  727,   56,  380,  498,  213,   43,  273,  498,  812,  583,  555,  764,  874,  284,  614,  492,  208,  755,  431,  396,  454,  678,  938,   93,  351,  451,  555,   90,  781,  489,  201,  839,  306,  373,  741,  588,  222,  260,  169,  335,   92,   90,  442,  119,  482,  710,  288,  611,  572,  503,  493,  259,  397,  420,  847,  807,  759,  635,  418,  303,  367,  495,  988,  565,  244,  197,  273,  596,   44,  289,  741,  429,  296,  628,  808,  881,  572,  708,  868,  506,  531,  720,  759,  742,  959,  563,  661,  803,  681,  660,  452,   98,  430,  147,  154,  615,  251,  364,  786,  285,  354,  277,  784,  709,  330,  362,  247,  264,  812,  115,  781,  404,  886,  709,  818,  403,  596,  303,  810,  138,  450,  406,  403,  251,  712,  476,  551,  732,  428,  720,  728,  505,  314,  673,  280,  346,  120,  865,  333],
        [  442,    0,  459,  491,  532,  382,  528, 1120,  391,  656,  258,  927,  896,  453,  889,  395,  385,    0,  430,  425,  863,  622,  876,  957,  963,  156,  827,  873,   82,  682,  436,  295,  416,   34,  617,  219,  165,  726,  797,  492,  551,  693,  102,  357,  443,  943,  623,  353,  647,  564,  764,  979,  344,   41,  604,  450,  364,  610,  739,  767,  863,  278,  970,  909,  375,  881,  415,  529,  959,  216,  159,  579,  622,  857,  395,  308,  806,  419,  298,  692,  785,  185, 1074,  665,  458, 1026,  223,  394,  586,  241,  710,  432,  454,  625,  484,  706,  454,  672,  683,  324,  629,  110,  643,  302,  698, 1064,  939,  591,  472,  446,  616,  613,  655,  917,  655,  617,  421,  282,  867,  402,  656, 1002,  729,  668,  245,  889,  723,  642,  714, 1104,  688,  865, 1008,  735, 1026,  908,  842,  458,  881,  370,  631,  148,  342,  150,  310,  539,  240,  466,  559,  999,  632,  324,  606, 1030,  577,  715,  716,  618,  500,  979,  351,  938,   60,  915,  661,  713,  703,  211,  590,  743,  330,   67,  195,  721,  594,  497,  323,  201,  517,  441,  644,  546,  617,   91,  484,  647,  329,  387,  740,  317],
        [   69,    0,   43,  512,  353,  464,  101,  692,  474,  556,  237,  503,  467,   78,  463,  392,  259,  430,    0,  145,  456,  231,  455,  579,  535,  544,  696,  620,  403,  262,  255,  587,  482,  414,  273,  329,  572,  318,  595,  299,  279,  531,  501,  100,  345,  569,  286,  114,  582,  547,  610,  550,  220,  402,  241,   67,  220,  241,  310,  562,  434,  454,  554,  616,   77,  451,  285,  455,  544,  337,  339,  199,  437,  693,  167,  191,  427,  364,  279,  543,  362,  315,  650,  314,  121,  597,  556,   44,  213,  343,  387,  190,  333,  208,  224,  279,  563,  410,  353,  446,  250,  511,  378,  241,  272,  645,  564,  555,  444,  179,  221,  185,  252,  739,  308,  436,   66,  158,  438,  221,  486,  573,  310,  344,  627,  554,  664,  314,  452,  680,  275,  459,  579,  507,  597,  707,  413,  488,  548,  580,  412,  407,  337,  380,  156,  314,  596,   48,  133,  581,  508,  181,  231,  603,  493,  453,  347,  305,   81,  582,  359,  546,  411,  628,  464,  584,  286,  620,  181,  564,  372,  477,  325,  313,  238,  539,  320,  509,  555,  194,  482,  534,  249,  340,  490,  318,  170,  140,  635,  167],
        [  213,    0,  124,  376,  493,  343,  211,  716,  352,  412,  176,  576,  514,  222,  487,  263,  381,  425,  145,    0,  443,  357,  537,  533,  595,  503,  556,  505,  425,  280,  112,  505,  356,  419,  194,  258,  536,  310,  465,  438,  423,  392,  470,   95,  473,  519,  425,  223,  438,  406,  471,  581,  333,  389,  179,  211,  339,  375,  358,  432,  496,  360,  553,  517,   98,  502,  147,  586,  542,  266,  292,  158,  298,  558,  297,  121,  547,  228,  376,  403,  445,  371,  665,  449,   47,  650,  492,  165,  347,  419,  526,  327,  464,  225,  367,  317,  438,  553,  266,  338,  205,  480,  522,  149,  357,  648,  515,  412,  305,   38,  345,  268,  239,  607,  232,  579,  206,  158,  493,  350,  628,  609,  405,  483,  574,  475,  520,  224,  334,  695,  278,  560,  635,  381,  649,  579,  476,  355,  468,  477,  279,  354,  443,  328,  247,  457,  535,  185,  188,  584,  647,  104,  363,  627,  349,  597,  475,  448,  209,  555,  466,  513,  388,  526,  329,  442,  385,  582,  300,  429,  472,  454,  265,  421,  376,  404,  208,  444,  419,   50,  342,  393,  192,  343,  354,  457,   98,  267,  492,  108],
        [  485,    0,  417,  697,  706,  722,  387,  295,  727,  597,  618,  317,  205,  481,  126,  636,  682,  863,  456,  443,    0,  425,  328,  160,  287,  944,  632,  422,  851,  198,  481,  927,  719,  853,  271,  696,  978,  139,  487,  669,  597,  514,  912,  508,  747,  160,  522,  566,  647,  679,  557,  196,  660,  829,  268,  476,  653,  468,  205,  468,  242,  778,  113,  351,  493,  209,  524,  834,  103,  704,  734,  286,  462,  588,  593,  563,  479,  588,  727,  535,  300,  770,  236,  506,  406,  302,  926,  499,  460,  797,  574,  593,  729,  248,  591,  204,  793,  662,  249,  742,  239,  922,  644,  587,  299,  208,  154,  664,  629,  431,  417,  318,  209,  598,  243,  753,  499,  583,  220,  639,  793,  230,  329,  556, 1012,  239,  697,  271,  354,  263,  182,  406,  300,  417,  300,  547,  241,  693,  241,  874,  416,  795,  774,  769,  611,  652,  971,  441,  326,  147,  842,  546,  455,  216,  591,  686,  481,  561,  420,  131,  795,  106,  830,  367,  451,  577,  341, 1023,  394,  505,  813,  896,  706,  376,  488,  726,  624,  879,  732,  443,  501,  678,  255,  777,  675,  541,  539,  574,  629,  549],
        [  187,    0,  235,  732,  285,  692,  146,  570,  702,  745,  465,  322,  333,  175,  368,  617,  303,  622,  231,  357,  425,    0,  265,  580,  370,  754,  862,  732,  574,  253,  466,  813,  709,  598,  387,  557,  777,  321,  740,  256,  175,  701,  706,  330,  343,  576,  101,  270,  779,  759,  774,  430,  308,  602,  348,  181,  292,   43,  222,  708,  282,  684,  486,  700,  307,  315,  503,  415,  478,  565,  560,  307,  610,  845,  240,  422,  197,  584,  377,  716,  186,  464,  545,  102,  316,  438,  777,  246,   44,  459,  183,  216,  322,  240,  189,  225,  791,  248,  454,  676,  333,  716,  225,  471,  130,  559,  570,  762,  661,  383,   13,  131,  294,  881,  407,  329,  207,  379,  297,  263,  371,  441,  127,  148,  841,  609,  857,  429,  583,  573,  281,  244,  417,  649,  439,  840,  263,  711,  606,  810,  574,  628,  400,  600,  313,  231,  814,  183,  196,  502,  418,  412,   32,  488,  693,  281,  119,  139,  152,  552,  416,  530,  616,  714,  627,  761,  102,  826,   59,  723,  440,  678,  550,  102,   65,  760,  549,  731,  775,  400,  659,  747,  347,  534,  709,  127,  401,  239,  815,  398],
        [  435,    0,  439,  890,  519,  877,  354,  334,  885,  847,  686,   59,  134,  424,  211,  793,  566,  876,  455,  537,  328,  265,    0,  478,  116,  998,  922,  736,  834,  289,  628, 1035,  886,  855,  466,  778, 1024,  317,  782,  505,  416,  780,  953,  548,  595,  482,  320,  525,  892,  897,  839,  217,  573,  852,  436,  426,  557,  294,  196,  756,   86,  894,  324,  674,  526,  123,  671,  646,  321,  786,  793,  415,  704,  888,  504,  635,  182,  751,  642,  799,   94,  727,  329,  283,  491,  182, 1009,  485,  308,  724,  317,  481,  574,  327,  449,  239,  968,  418,  498,  875,  406,  964,  413,  678,  184,  362,  477,  891,  816,  549,  268,  275,  350,  908,  463,  530,  455,  612,  109,  527,  558,  212,  148,  322, 1081,  564,  957,  494,  630,  352,  310,   84,  161,  699,  184,  859,   90,  876,  565, 1013,  660,  861,  662,  833,  570,  468, 1050,  413,  351,  324,  617,  621,  290,  270,  817,  425,  232,  352,  379,  419,  677,  419,  863,  690,  708,  844,  174, 1073,  286,  785,  703,  927,  776,  164,  317,  920,  745,  962,  932,  567,  751,  890,  427,  786,  867,  320,  611,  501,  900,  612],
        [  619,    0,  538,  708,  857,  756,  525,  341,  759,  570,  703,  458,  348,  616,  268,  674,  821,  957,  579,  533,  160,  580,  478,    0,  417, 1019,  562,  329,  956,  339,  541,  977,  746,  952,  341,  770, 1055,  271,  421,  818,  749,  480,  993,  613,  892,   19,  679,  692,  623,  674,  501,  303,  794,  920,  356,  610,  789,  623,  362,  411,  393,  830,  175,  242,  601,  356,  578,  984,  173,  776,  815,  388,  456,  508,  730,  651,  637,  626,  857,  500,  458,  887,  279,  664,  505,  411,  988,  623,  613,  921,  733,  734,  874,  379,  738,  356,  811,  820,  283,  787,  336, 1003,  802,  664,  457,  227,   20,  653,  648,  512,  572,  466,  329,  503,  304,  909,  631,  686,  370,  778,  950,  333,  488,  715, 1077,  139,  655,  321,  330,  294,  316,  559,  416,  375,  409,  451,  395,  712,  146,  908,  415,  869,  910,  846,  735,  804, 1033,  573,  458,  199,  997,  634,  610,  293,  586,  845,  640,  717,  557,   79,  931,   59,  917,  256,  433,  535,  500, 1097,  545,  455,  948,  982,  783,  535,  643,  736,  683,  943,  737,  520,  483,  677,  344,  876,  689,  699,  629,  708,  580,  641],
        [  525,    0,  512,  925,  633,  925,  435,  219,  933,  859,  756,   61,   91,  515,  162,  839,  673,  963,  535,  595,  287,  370,  116,  417,    0, 1077,  913,  708,  927,  322,  674, 1099,  931,  944,  488,  847, 1105,  327,  769,  617,  529,  784, 1035,  621,  707,  425,  433,  617,  907,  923,  834,  122,  675,  936,  465,  516,  661,  403,  237,  747,  102,  954,  247,  636,  600,   98,  718,  760,  246,  855,  868,  455,  717,  873,  605,  703,  294,  795,  745,  804,  186,  824,  221,  397,  550,   68, 1081,  569,  413,  826,  432,  585,  685,  373,  558,  279, 1011,  533,  502,  930,  432, 1045,  529,  742,  267,  262,  420,  913,  853,  601,  371,  351,  378,  884,  476,  646,  545,  690,  103,  632,  673,  105,  245,  437, 1157,  523,  965,  508,  626,  241,  335,  190,   47,  693,   69,  834,  123,  915,  527, 1068,  671,  935,  770,  908,  664,  582, 1122,  497,  416,  236,  733,  687,  398,  164,  838,  539,  347,  466,  464,  348,  785,  359,  945,  652,  714,  848,  272, 1153,  381,  781,  810, 1011,  848,  273,  426,  956,  801, 1033,  965,  617,  761,  918,  454,  872,  902,  435,  678,  599,  902,  682],
        [  569,    0,  566,  444,  686,  337,  645, 1217,  343,  630,  328, 1047, 1004,  581,  986,  382,  537,  156,  544,  503,  944,  754,  998, 1019, 1077,    0,  797,  884,  235,  778,  479,  167,  367,  189,  682,  250,   39,  812,  794,  644,  699,  685,   55,  456,  598, 1003,  765,  486,  609,  520,  747, 1079,  493,  159,  677,  576,  514,  746,  845,  768,  976,  226, 1055,  935,  478,  989,  446,  684, 1044,  243,  212,  661,  631,  836,  538,  384,  944,  421,  452,  680,  905,  340, 1167,  806,  543, 1137,   89,  514,  721,  396,  857,  577,  609,  721,  630,  808,  378,  824,  737,  280,  706,   47,  794,  358,  816, 1150, 1000,  550,  449,  514,  747,  728,  741,  898,  718,  772,  548,  387,  978,  551,  811, 1105,  852,  813,   91,  933,  675,  699,  740, 1197,  779,  995, 1120,  747, 1137,  898,  955,  415,  924,  265,  650,  151,  497,  176,  447,  690,   88,  586,  663, 1086,  787,  400,  742, 1127,  556,  867,  855,  764,  620, 1051,  506, 1008,  139,  938,  669,  691,  827,   79,  716,  737,  484,   90,  239,  849,  732,  440,  341,  101,  458,  503,  641,  502,  691,  227,  444,  792,  408,  526,  707,  401],
        [  764,    0,  664,  354, 1047,  461,  727,  898,  455,  171,  615,  931,  825,  771,  752,  433,  934,  827,  696,  556,  632,  862,  922,  562,  913,  797,    0,  237,  873,  647,  459,  672,  430,  842,  479,  612,  834,  606,  146,  993,  970,  166,  802,  642, 1026,  545,  951,  777,  189,  280,   88,  827,  883,  788,  517,  761,  892,  893,  733,  167,  845,  572,  716,  330,  652,  823,  451, 1141,  710,  614,  672,  556,  260,   64,  853,  598, 1016,  414,  914,  154,  856,  873,  835,  963,  576,  933,  725,  721,  869,  937, 1044,  882, 1019,  632,  920,  697,  440, 1092,  427,  519,  538,  808, 1063,  566,  796,  786,  547,  249,  356,  520,  850,  737,  589,  116,  468, 1132,  760,  674,  827,  906, 1181,  861,  847, 1007,  810,  424,  144,  440,  294,  853,  621,  983,  930,  224,  931,  146,  834,  382,  417,  568,  289,  685,  984,  677,  793, 1009,  762,  728,  667,  748, 1202,  590,  880,  837,  251, 1133,  971,  981,  741,  637, 1007,  600,  768,  319,  236,  119,  841,  857,  804,  141, 1008,  812,  638,  884,  902,  363,  512,  697,  348,  508,  215,  297,  520,  785,  353,  982,  595,  823,   90,  610],
        [  683,    0,  580,  480,  963,  564,  619,  668,  562,  298,  625,  735,  624,  686,  547,  503,  877,  873,  620,  505,  422,  732,  736,  329,  708,  884,  237,    0,  899,  489,  444,  794,  542,  879,  355,  657,  922,  433,  113,  913,  870,  214,  875,  599,  965,  313,  830,  722,  346,  422,  195,  610,  833,  833,  393,  676,  837,  770,  562,  124,  653,  664,  492,   93,  601,  626,  459, 1074,  487,  661,  715,  438,  254,  180,  787,  589,  857,  464,  880,  227,  683,  868,  606,  832,  505,  719,  829,  656,  750,  922,  912,  808,  953,  493,  833,  533,  583,  977,  280,  612,  401,  883,  951,  576,  641,  555,  316,  394,  445,  469,  721,  602,  439,  177,  328, 1037,  684,  654,  633,  841, 1085,  644,  688,  880,  919,  194,  352,  312,  171,  623,  460,  806,  719,  139,  717,  126,  647,  497,  188,  703,  243,  748,  946,  732,  751,  917,  871,  639,  549,  522, 1117,  576,  756,  614,  348, 1012,  828,  865,  641,  406,  969,  373,  820,   83,  215,  245,  688,  955,  680,  167,  977,  875,  679,  731,  783,  501,  553,  791,  495,  465,  247,  433,  391,  810,  468,  858,  577,  759,  276,  592],
        [  402,    0,  437,  549,  459,  443,  495, 1094,  453,  703,  274,  888,  866,  412,  865,  443,  317,   82,  403,  425,  851,  574,  834,  956,  927,  235,  873,  899,    0,  662,  456,  376,  476,   49,  619,  262,  239,  712,  831,  422,  487,  731,  181,  345,  367,  943,  565,  311,  699,  620,  805,  952,  281,  102,  601,  411,  301,  558,  711,  800,  828,  345,  954,  929,  359,  850,  442,  450,  943,  261,  203,  571,  654,  898,  339,  316,  751,  460,  228,  732,  745,  116, 1053,  608,  451,  992,  304,  363,  536,  163,  648,  373,  380,  607,  422,  681,  522,  603,  690,  386,  622,  188,  574,  324,  661, 1046,  939,  645,  521,  452,  570,  581,  642,  957,  657,  542,  382,  271,  835,  338,  579,  973,  687,  607,  323,  898,  777,  648,  735, 1083,  672,  817,  973,  763,  992,  944,  807,  516,  891,  446,  657,  214,  264,  208,  264,  470,  320,  433,  535,  982,  553,  331,  556, 1005,  623,  644,  661,  556,  465,  972,  273,  932,  130,  936,  692,  756,  661,  283,  549,  780,  250,  146,  236,  675,  540,  558,  362,  281,  578,  449,  680,  601,  613,   90,  539,  587,  333,  336,  788,  320],
        [  288,    0,  226,  606,  521,  604,  190,  440,  611,  561,  450,  314,  237,  284,  209,  517,  486,  682,  262,  280,  198,  253,  289,  339,  322,  778,  647,  489,  662,    0,  352,  784,  609,  669,  178,  537,  809,   69,  513,  480,  414,  497,  740,  326,  554,  332,  354,  370,  604,  609,  561,  303,  463,  650,  148,  278,  456,  294,   93,  484,  228,  637,  292,  450,  308,  226,  396,  646,  282,  545,  566,  133,  417,  621,  396,  395,  371,  473,  529,  516,  211,  576,  393,  349,  236,  372,  771,  305,  281,  600,  426,  397,  537,   58,  400,   51,  689,  500,  222,  610,  118,  751,  478,  429,  153,  384,  326,  603,  533,  281,  243,  129,   62,  648,  180,  578,  302,  400,  220,  443,  622,  330,  202,  398,  852,  356,  671,  210,  356,  423,   30,  338,  359,  425,  371,  604,  210,  594,  353,  747,  374,  631,  577,  604,  416,  469,  814,  244,  130,  320,  665,  379,  281,  350,  529,  531,  340,  391,  223,  327,  598,  296,  654,  464,  424,  561,  199,  856,  210,  508,  616,  721,  541,  243,  312,  636,  482,  724,  647,  297,  465,  603,  139,  593,  583,  378,  370,  377,  617,  377],
        [  323,    0,  235,  269,  598,  252,  320,  770,  260,  306,  183,  662,  588,  332,  549,  167,  477,  436,  255,  112,  481,  466,  628,  541,  674,  479,  459,  444,  456,  352,    0,  446,  259,  439,  211,  231,  516,  363,  385,  543,  532,  298,  457,  185,  569,  525,  536,  320,  329,  295,  377,  643,  425,  397,  218,  322,  434,  486,  439,  352,  577,  297,  594,  474,  197,  577,   45,  684,  583,  238,  283,  219,  208,  468,  399,  147,  652,  124,  457,  306,  538,  428,  714,  559,  150,  722,  449,  271,  458,  487,  637,  431,  563,  303,  474,  396,  341,  664,  259,  263,  250,  466,  633,  135,  454,  689,  522,  301,  196,   84,  454,  368,  299,  522,  243,  686,  314,  219,  571,  450,  735,  674,  503,  594,  537,  457,  411,  221,  280,  742,  341,  658,  710,  309,  721,  500,  559,  250,  448,  398,  203,  331,  527,  309,  334,  564,  494,  296,  286,  627,  750,  136,  474,  683,  239,  708,  584,  559,  320,  578,  549,  533,  388,  481,  244,  342,  486,  557,  408,  341,  552,  449,  248,  525,  487,  298,  144,  403,  312,   66,  246,  283,  231,  368,  246,  569,  139,  369,  389,  154],
