{
    "name": "random-62-17862",
    "comment": "size=62 seed=17862",
    "nodes": ["+0", "-0", "+1", "-1", "+2", "-2", "+3", "-3", "+4", "-4", "+5", "-5", "+6", "-6", "+7", "-7", "+8", "-8", "+9", "-9", "+10", "-10", "+11", "-11", "+12", "-12", "+13", "-13", "+14", "-14", "+15", "-15", "+16", "-16", "+17", "-17", "+18", "-18", "+19", "-19", "+20", "-20", "+21", "-21", "+22", "-22", "+23", "-23", "+24", "-24", "+25", "-25", "+26", "-26", "+27", "-27", "+28", "-28", "+29", "-29", "+30", "-30", "+31", "-31", "+32", "-32", "+33", "-33", "+34", "-34", "+35", "-35", "+36", "-36", "+37", "-37", "+38", "-38", "+39", "-39", "+40", "-40", "+41", "-41", "+42", "-42", "+43", "-43", "+44", "-44", "+45", "-45", "+46", "-46", "+47", "-47", "+48", "-48", "+49", "-49", "+50", "-50", "+51", "-51", "+52", "-52", "+53", "-53", "+54", "-54", "+55", "-55", "+56", "-56", "+57", "-57", "+58", "-58", "+59", "-59", "+60", "-60", "+61", "-61", "+62", "-62"],
    "precedence": {
        "+0": "-0",
        "+1": "-1",
        "+2": "-2",
        "+3": "-3",
        "+4": "-4",
        "+5": "-5",
        "+6": "-6",
        "+7": "-7",
        "+8": "-8",
        "+9": "-9",
        "+10": "-10",
        "+11": "-11",
        "+12": "-12",
        "+13": "-13",
        "+14": "-14",
        "+15": "-15",
        "+16": "-16",
        "+17": "-17",
        "+18": "-18",
        "+19": "-19",
        "+20": "-20",
        "+21": "-21",
        "+22": "-22",
        "+23": "-23",
        "+24": "-24",
        "+25": "-25",
        "+26": "-26",
        "+27": "-27",
        "+28": "-28",
        "+29": "-29",
        "+30": "-30",
        "+31": "-31",
        "+32": "-32",
        "+33": "-33",
        "+34": "-34",
        "+35": "-35",
        "+36": "-36",
        "+37": "-37",
        "+38": "-38",
        "+39": "-39",
        "+40": "-40",
        "+41": "-41",
        "+42": "-42",
        "+43": "-43",
        "+44": "-44",
        "+45": "-45",
        "+46": "-46",
        "+47": "-47",
        "+48": "-48",
        "+49": "-49",
        "+50": "-50",
        "+51": "-51",
        "+52": "-52",
        "+53": "-53",
        "+54": "-54",
        "+55": "-55",
        "+56": "-56",
        "+57": "-57",
        "+58": "-58",
        "+59": "-59",
        "+60": "-60",
        "+61": "-61",
        "+62": "-62"
    },
    "edges": [
        [    0,    0,  807,  225,  348,  879,  884,  522,   77,  266,  159,   85,  362,  367,  462,  254,  725,  532,  165,  813,  552,  417,  541,  623,  470,  815,  192,  884,  293,  154,  516,  754,  255,  447,  859,  306,  270,   89,  508,  232,  443,  553,  703,  786,  510,  640,  443,  451,  539,  814,  601,  797,  566,  377,  952,  522,  756,  461,  512,  583,  600,  747,  308,  435,  733,  816,  427,  610,  341,  815,  715,  676,  610,  792,  799,  422,  381,  493,  699,  809,  674,  821,  756,  189,  392,  276,  313,  165,   29,  174,  248,  332,  157,  369,  253,  471,  551,  416,  141,  366,  362,  436,  425,   61,  190,  504,  853,  326,  533,  721,  610,  135,  698,  455,  276,  669,  158,  327,  139,  350,  516,  698,  545,  541,  363,  821],
        [    0,    0,    0,    0,    0,    0,    0,    0,    0,    0,    0,    0,    0,    0,    0,    0,    0,    0,    0,    0,    0,    0,    0,    0,    0,    0,    0,    0,    0,    0,    0,    0,    0,    0,    0,    0,    0,    0,    0,    0,    0,    0,    0,    0,    0,    0,    0,    0,    0,    0,    0,    0,    0,    0,    0,    0,    0,    0,    0,    0,    0,    0,    0,    0,    0,    0,    0,    0,    0,    0,    0,    0,    0,    0,    0,    0,    0,    0,    0,    0,    0,    0,    0,    0,    0,    0,    0,    0,    0,    0,    0,    0,    0,    0,    0,    0,    0,    0,    0,    0,    0,    0,    0,    0,    0,    0,    0,    0,    0,    0,    0,    0,    0,    0,    0,    0,    0,    0,    0,    0,    0,    0,    0,    0,    0,    0],
        [  807,    0,    0,  983,  504,  480,  480,  371,  733,  735,  932,  800,  654,  649,  936,  820,  109, 1127,  775,  258,  410,  758,  359,  883,  343,   26,  966,  807,  656,  960, 1145,  207,  870,  539,  696,  511,  936,  762,  849,  854,  412,  968,  244,  349,  412,  562,  766,  910,  663,  323,  279,  117,  997,  439,  644,  376,  157, 1126,  415,  235,  209,   87,  714,  422,  111,  227,  502,  223,  867,  145,  647,  328,  202,   30,  482,  473,  538, 1112,  226,  340,  433,  599,   58,  690,  424,  693,  763,  917,  814,  864,  564,  858,  823,  949,  725,  644,  859,  841,  693,  846,  733, 1077,  439,  773,  618,  410,  432, 1007, 1058,  293,  524,  759,  394,  752,  856,  719,  720, 1044,  924,  620,  912,  183,  536,  564,  454,  778],
        [  225,    0,  983,    0,  485,  958,  964,  652,  278,  289,   68,  296,  585,  590,  345,  214,  912,  339,  377,  940,  771,  395,  753,  552,  640,  986,   40,  873,  361,  134,  311,  893,  170,  672,  878,  510,  121,  312,  441,  413,  584,  436,  910,  893,  626,  688,  415,  346,  553,  927,  743,  952,  438,  576,  995,  650,  905,  248,  627,  773,  775,  913,  527,  647,  895,  950,  529,  769,  524,  965,  737,  792,  782,  971,  873,  540,  482,  295,  903,  918,  761,  864,  928,  413,  560,  498,  523,   68,  241,  346,  424,  518,  163,  228,  471,  499,  482,  348,  364,  294,  360,  237,  639,  285,  383,  720,  942,  131,  369,  842,  672,  354,  795,  434,  202,  665,  382,  108,   90,  574,  419,  896,  608,  595,  564,  811],
        [  348,    0,  504,  485,    0,  541,  547,  176,  274,  235,  442,  377,  431,  430,  466,  318,  447,  639,  397,  467,  423,  305,  373,  497,  170,  504,  474,  630,  160,  487,  651,  413,  368,  413,  572,  191,  433,  341,  416,  494,   99,  523,  486,  440,  165,  342,  323,  442,  309,  467,  260,  467,  549,  196,  636,  175,  421,  626,  167,  320,  300,  429,  439,  289,  411,  473,  105,  285,  566,  481,  438,  329,  304,  496,  467,   82,   83,  619,  472,  462,  338,  512,  447,  328,  102,  399,  479,  422,  365,  470,  121,  555,  323,  454,  409,  247,  444,  373,  290,  362,  260,  579,  295,  337,  183,  369,  511,  504,  584,  374,  300,  365,  356,  318,  355,  434,  340,  541,  438,  393,  466,  450,  244,  255,  197,  571],
        [  879,    0,  480,  958,  541,    0,    6,  383,  809,  669,  935,  917,  922,  919,  746,  746,  542,  947,  936,  222,  774,  591,  708,  592,  509,  456,  960,  367,  604, 1000,  983,  284,  796,  851,  251,  691,  862,  882,  623, 1033,  463,  731,  682,  143,  379,  280,  581,  724,  430,  158,  354,  364,  758,  647,  165,  380,  333,  994,  375,  555,  477,  416,  952,  700,  397,  254,  452,  409, 1094,  337,  288,  238,  459,  503,   87,  461,  499,  952,  660,  143,  205,  166,  452,  861,  548,  916,  998,  908,  899, 1010,  660, 1083,  806,  817,  934,  467,  608,  670,  829,  705,  606,  940,  716,  876,  723,  743,   49,  918,  854,  226,  287,  905,  187,  561,  768,  389,  877,  971,  939,  882,  687,  612,  350,  365,  658,  363],
        [  884,    0,  480,  964,  547,    6,    0,  387,  815,  675,  941,  922,  927,  924,  752,  752,  544,  953,  941,  223,  777,  597,  711,  597,  513,  456,  966,  370,  610, 1006,  989,  285,  802,  855,  254,  696,  868,  887,  628, 1038,  468,  736,  684,  145,  384,  286,  587,  730,  436,  159,  357,  364,  764,  651,  165,  385,  334, 1000,  380,  558,  480,  418,  957,  704,  399,  254,  458,  412, 1099,  337,  293,  242,  462,  503,   93,  467,  505,  958,  662,  145,  211,  170,  453,  866,  553,  921, 1003,  914,  905, 1016,  665, 1088,  812,  823,  939,  473,  614,  676,  834,  711,  612,  946,  720,  882,  728,  746,   50,  924,  860,  229,  293,  910,  192,  567,  774,  394,  883,  977,  945,  886,  693,  614,  356,  371,  663,  367],
        [  522,    0,  371,  652,  176,  383,  387,    0,  448,  378,  612,  547,  545,  543,  565,  465,  346,  758,  558,  293,  445,  387,  381,  527,  144,  365,  643,  552,  299,  661,  778,  242,  517,  489,  469,  309,  585,  510,  481,  653,   83,  599,  434,  268,   43,  257,  395,  540,  308,  293,   97,  310,  628,  271,  500,    7,  259,  764,   48,  261,  203,  288,  571,  340,  266,  300,  134,  153,  712,  318,  360,  156,  195,  371,  318,  112,  175,  745,  415,  289,  192,  390,  315,  481,  166,  535,  616,  591,  539,  636,  285,  701,  489,  584,  552,  277,  495,  471,  453,  477,  364,  713,  353,  509,  349,  401,  347,  653,  687,  199,  210,  529,  196,  383,  498,  397,  499,  696,  610,  505,  542,  378,  189,  214,  281,  503],
        [   77,    0,  733,  278,  274,  809,  815,  448,    0,  231,  215,  115,  334,  337,  457,  245,  652,  555,  172,  738,  493,  383,  476,  595,  394,  739,  250,  835,  240,  228,  545,  678,  262,  401,  802,  236,  294,   90,  484,  260,  368,  544,  636,  713,  437,  579,  409,  442,  488,  740,  526,  721,  560,  306,  888,  448,  680,  496,  440,  510,  525,  671,  293,  370,  657,  741,  358,  534,  359,  739,  659,  602,  535,  717,  731,  350,  313,  519,  630,  735,  605,  759,  680,  158,  316,  255,  309,  212,   91,  215,  172,  349,  163,  378,  240,  419,  525,  397,   98,  352,  326,  465,  362,   73,  115,  443,  782,  359,  542,  646,  546,  135,  627,  419,  275,  621,  139,  370,  201,  314,  501,  627,  482,  480,  293,  772],
        [  266,    0,  735,  289,  235,  669,  675,  378,  231,    0,  270,  339,  539,  541,  252,   87,  682,  407,  403,  659,  623,  153,  584,  365,  405,  734,  292,  623,   80,  344,  416,  618,  139,  572,  608,  352,  208,  320,  254,  488,  323,  329,  715,  606,  347,  404,  179,  232,  281,  642,  474,  687,  350,  395,  715,  375,  637,  392,  347,  553,  535,  657,  512,  485,  637,  672,  248,  513,  590,  696,  464,  508,  537,  729,  584,  268,  204,  384,  703,  631,  472,  582,  678,  376,  332,  472,  535,  240,  294,  437,  241,  580,  142,  220,  463,  218,  295,  175,  316,  142,   97,  344,  485,  299,  247,  568,  653,  275,  361,  560,  384,  366,  507,  190,  121,  408,  365,  319,  277,  510,  280,  684,  320,  308,  389,  559],
        [  159,    0,  932,   68,  442,  935,  941,  612,  215,  270,    0,  229,  518,  523,  375,  209,  858,  397,  311,  904,  707,  395,  691,  571,  590,  937,   36,  877,  332,   89,  372,  853,  177,  605,  873,  449,  152,  245,  457,  351,  541,  469,  850,  862,  591,  673,  417,  372,  546,  895,  701,  908,  474,  517,  984,  611,  862,  312,  592,  718,  724,  865,  460,  585,  848,  912,  496,  723,  462,  922,  730,  758,  732,  920,  851,  503,  448,  354,  844,  886,  735,  851,  878,  346,  509,  431,  457,   33,  174,  284,  370,  456,  130,  263,  404,  486,  499,  361,  298,  307,  352,  296,  576,  218,  324,  657,  917,  186,  416,  807,  652,  287,  766,  435,  208,  665,  315,  174,   25,  508,  444,  838,  587,  576,  505,  814],
        [   85,    0,  800,  296,  377,  917,  922,  547,  115,  339,  229,    0,  292,  297,  546,  336,  710,  614,   83,  831,  507,  492,  505,  701,  473,  809,  259,  949,  354,  196,  596,  768,  339,  390,  917,  289,  353,   39,  587,  150,  465,  637,  672,  814,  541,  692,  518,  534,  602,  839,  617,  801,  650,  361, 1001,  548,  764,  538,  544,  569,  596,  746,  231,  403,  735,  832,  468,  616,  257,  822,  774,  703,  609,  781,  840,  456,  424,  574,  670,  835,  712,  871,  751,  130,  400,  203,  231,  242,   59,  100,  263,  249,  241,  453,  175,  533,  629,  497,  108,  448,  435,  517,  391,   43,  199,  463,  888,  406,  617,  744,  658,   60,  732,  529,  360,  735,   95,  402,  207,  285,  598,  674,  595,  594,  347,  886],
        [  362,    0,  654,  585,  431,  922,  927,  545,  334,  539,  518,  292,    0,    7,  783,  573,  548,  887,  215,  774,  270,  677,  300,  891,  415,  671,  550, 1060,  511,  484,  875,  699,  594,  128,  998,  243,  625,  275,  788,  242,  472,  866,  461,  793,  562,  770,  702,  766,  733,  804,  574,  696,  885,  276, 1044,  549,  676,  822,  566,  428,  488,  628,   76,  239,  626,  762,  535,  537,  218,  725,  868,  685,  505,  629,  862,  504,  510,  851,  467,  807,  737,  929,  619,  177,  381,   89,  117,  527,  345,  286,  327,  210,  496,  711,  121,  666,  826,  713,  236,  674,  620,  795,  222,  302,  295,  249,  882,  686,  874,  709,  725,  232,  739,  706,  606,  862,  205,  689,  497,   41,  818,  489,  674,  685,  265, 1002],
        [  367,    0,  649,  590,  430,  919,  924,  543,  337,  541,  523,  297,    7,    0,  785,  576,  543,  891,  221,  770,  264,  679,  294,  892,  411,  666,  555, 1060,  512,  490,  879,  695,  598,  122,  997,  242,  629,  279,  790,  248,  470,  868,  455,  789,  560,  768,  703,  768,  733,  800,  570,  691,  887,  273, 1042,  547,  672,  826,  564,  423,  483,  623,   82,  235,  622,  758,  534,  533,  224,  720,  867,  682,  501,  623,  860,  503,  510,  854,  461,  803,  734,  927,  614,  181,  379,   94,  123,  531,  349,  292,  328,  216,  500,  714,  127,  666,  827,  714,  239,  677,  621,  798,  217,  306,  297,  243,  879,  690,  877,  706,  724,  237,  736,  707,  609,  862,  209,  693,  501,   39,  820,  483,  673,  684,  262, 1001],
        [  462,    0,  936,  345,  466,  746,  752,  565,  457,  252,  375,  546,  783,  785,    0,  213,  900,  203,  622,  805,  873,  179,  831,  219,  632,  930,  374,  565,  310,  464,  238,  784,  209,  823,  599,  603,  227,  538,  129,  693,  535,   94,  951,  729,  525,  469,  176,   26,  319,  770,  660,  867,  105,  643,  736,  560,  814,  255,  523,  783,  751,  852,  749,  735,  830,  826,  435,  715,  802,  869,  476,  656,  749,  935,  662,  468,  406,  206,  937,  755,  584,  613,  879,  613,  567,  710,  764,  345,  490,  631,  492,  794,  305,  119,  696,  304,  159,   95,  552,  111,  207,  204,  735,  512,  496,  817,  746,  233,  122,  709,  475,  587,  628,  194,  186,  382,  595,  288,  396,  757,   80,  913,  429,  404,  638,  507],
        [  254,    0,  820,  214,  318,  746,  752,  465,  245,   87,  209,  336,  573,  576,  213,    0,  764,  335,  410,  744,  687,  186,  653,  374,  487,  819,  225,  669,  166,  292,  339,  705,   53,  622,  666,  413,  122,  326,  259,  485,  409,  302,  790,  689,  434,  475,  210,  199,  340,  725,  560,  773,  317,  463,  782,  462,  723,  309,  433,  633,  618,  743,  537,  551,  723,  757,  334,  599,  593,  782,  525,  593,  621,  813,  661,  354,  290,  308,  779,  714,  553,  650,  763,  401,  411,  498,  552,  177,  282,  426,  305,  584,  100,  147,  484,  285,  302,  164,  340,  113,  147,  263,  548,  301,  295,  632,  733,  189,  303,  645,  460,  375,  589,  226,   39,  457,  383,  233,  222,  549,  263,  763,  397,  382,  456,  605],
        [  725,    0,  109,  912,  447,  542,  544,  346,  652,  682,  858,  710,  548,  543,  900,  764,    0, 1084,  679,  327,  301,  726,  251,  872,  278,  131,  893,  840,  605,  879, 1097,  259,  813,  431,  736,  423,  876,  673,  825,  755,  366,  942,  146,  403,  389,  573,  737,  875,  653,  386,  268,  194,  970,  350,  703,  352,  211, 1073,  393,  143,  150,  128,  610,  321,  146,  299,  467,  196,  763,  227,  667,  352,  153,   82,  529,  432,  495, 1065,  125,  399,  455,  641,   97,  595,  356,  592,  659,  846,  729,  768,  489,  754,  756,  900,  624,  623,  840,  805,  603,  803,  694, 1025,  337,  686,  538,  302,  494,  948, 1021,  330,  530,  666,  423,  726,  802,  726,  627,  981,  848,  515,  885,   78,  528,  555,  364,  805],
        [  532,    0, 1127,  339,  639,  947,  953,  758,  555,  407,  397,  614,  887,  891,  203,  335, 1084,    0,  696, 1007, 1021,  378,  987,  386,  809, 1123,  377,  737,  480,  472,   51,  983,  299,  950,  786,  747,  263,  619,  325,  746,  719,  230, 1121,  931,  720,  671,  378,  228,  521,  973,  854, 1064,  209,  797,  927,  754, 1011,  113,  718,  959,  935, 1045,  839,  885, 1023, 1027,  626,  905,  858, 1067,  671,  857,  935, 1124,  863,  655,  591,   46, 1109,  958,  787,  809, 1070,  711,  737,  805,  844,  375,  556,  680,  639,  851,  393,  189,  784,  505,  345,  292,  653,  282,  394,  102,  883,  591,  626,  966,  949,  212,   99,  910,  678,  667,  831,  396,  297,  574,  686,  237,  421,  868,  263, 1089,  631,  607,  790,  684],
        [  165,    0,  775,  377,  397,  936,  941,  558,  172,  403,  311,   83,  215,  221,  622,  410,  679,  696,    0,  832,  451,  554,  457,  767,  465,  787,  340,  997,  405,  270,  678,  765,  418,  324,  957,  270,  435,   84,  655,   98,  475,  711,  626,  825,  558,  729,  580,  609,  652,  846,  618,  788,  726,  339, 1031,  560,  755,  621,  561,  541,  578,  728,  150,  362,  719,  829,  496,  607,  188,  811,  816,  713,  592,  754,  863,  478,  457,  657,  626,  844,  734,  905,  729,   86,  400,  127,  148,  325,  141,   90,  277,  178,  318,  533,   96,  582,  696,  567,  108,  521,  497,  599,  348,  110,  216,  411,  904,  488,  697,  750,  691,   38,  749,  590,  437,  785,   60,  484,  288,  215,  670,  636,  630,  633,  324,  935],
        [  813,    0,  258,  940,  467,  222,  223,  293,  738,  659,  904,  831,  774,  770,  805,  744,  327, 1007,  832,    0,  586,  630,  522,  702,  370,  235,  934,  562,  582,  953, 1035,   77,  797,  683,  448,  567,  865,  794,  697,  924,  370,  815,  470,  101,  314,  363,  629,  780,  496,   66,  215,  142,  844,  507,  386,  294,  117, 1030,  314,  366,  293,  199,  817,  538,  183,   33,  412,  237,  967,  116,  426,  153,  274,  282,  233,  401,  459, 1002,  448,   84,  229,  352,  233,  750,  434,  786,  865,  881,  828,  915,  570,  957,  779,  848,  810,  502,  696,  716,  732,  736,  624,  977,  555,  796,  634,  564,  175,  930,  924,  100,  338,  806,  184,  612,  774,  513,  773,  977,  902,  735,  763,  400,  377,  402,  521,  542],
        [  552,    0,  410,  771,  423,  774,  777,  445,  493,  623,  707,  507,  270,  264,  873,  687,  301, 1021,  451,  586,    0,  725,   67,  918,  303,  431,  741,  996,  564,  699, 1021,  510,  724,  143,  911,  275,  774,  476,  838,  504,  403,  939,  193,  633,  478,  701,  744,  850,  719,  631,  427,  478,  963,  231,  920,  450,  474,  979,  484,  221,  298,  407,  342,  138,  413,  566,  502,  365,  486,  510,  804,  543,  316,  382,  734,  463,  502,  991,  201,  640,  624,  826,  387,  377,  328,  336,  386,  705,  545,  535,  383,  478,  641,  833,  372,  664,  866,  786,  412,  763,  675,  941,  139,  498,  398,   56,  728,  843,  983,  548,  653,  451,  610,  741,  725,  830,  412,  862,  690,  247,  884,  232,  621,  642,  235,  947],
        [  417,    0,  758,  395,  305,  591,  597,  387,  383,  153,  395,  492,  677,  679,  179,  186,  726,  378,  554,  630,  725,    0,  677,  215,  463,  752,  409,  483,  169,  478,  405,  606,  225,  695,  484,  468,  283,  472,  114,  641,  362,  219,  786,  558,  347,  312,   26,  153,  164,  599,  481,  689,  246,  494,  606,  383,  636,  406,  345,  614,  577,  674,  658,  588,  651,  649,  260,  538,  742,  691,  345,  479,  574,  758,  505,  295,  235,  372,  770,  585,  415,  476,  701,  523,  405,  616,  684,  363,  445,  589,  360,  732,  279,  227,  611,  130,  149,   86,  464,  115,   59,  352,  592,  451,  383,  670,  585,  330,  301,  533,  309,  517,  457,   40,  193,  272,  514,  385,  408,  646,  162,  743,  256,  233,  492,  420],
        [  541,    0,  359,  753,  373,  708,  711,  381,  476,  584,  691,  505,  300,  294,  831,  653,  251,  987,  457,  522,   67,  677,    0,  865,  241,  379,  726,  932,  521,  691,  990,  446,  693,  180,  845,  246,  746,  471,  789,  521,  344,  893,  169,  567,  416,  638,  695,  808,  662,  566,  361,  419,  919,  190,  853,  387,  411,  952,  421,  156,  232,  348,  367,  107,  352,  503,  445,  299,  517,  450,  741,  476,  251,  333,  667,  406,  449,  959,  170,  574,  558,  760,  331,  378,  274,  354,  414,  686,  537,  545,  349,  508,  615,  798,  388,  610,  816,  741,  403,  722,  630,  911,  116,  490,  373,   52,  662,  817,  944,  482,  590,  452,  544,  690,  691,  770,  413,  839,  676,  271,  838,  189,  560,  582,  198,  884],
        [  623,    0,  883,  552,  497,  592,  597,  527,  595,  365,  571,  701,  891,  892,  219,  374,  872,  386,  767,  702,  918,  215,  865,    0,  635,  871,  577,  353,  380,  659,  431,  700,  395,  902,  403,  674,  432,  684,  116,  850,  529,  156,  954,  611,  484,  340,  190,  210,  221,  653,  608,  794,  179,  691,  548,  521,  740,  465,  480,  780,  729,  796,  872,  785,  772,  728,  423,  677,  953,  787,  305,  566,  722,  888,  515,  463,  417,  405,  936,  636,  473,  439,  829,  737,  592,  831,  898,  539,  651,  796,  569,  944,  473,  333,  825,  258,   73,  212,  678,  266,  273,  416,  790,  662,  596,  865,  604,  450,  287,  615,  366,  730,  519,  186,  364,  204,  728,  506,  589,  858,  140,  903,  347,  319,  691,  298],
        [  470,    0,  343,  640,  170,  509,  513,  144,  394,  405,  590,  473,  415,  411,  632,  487,  278,  809,  465,  370,  303,  463,  241,  635,    0,  347,  624,  695,  329,  621,  821,  300,  535,  347,  613,  197,  599,  435,  570,  556,  107,  682,  323,  379,  176,  399,  478,  607,  425,  392,  161,  329,  709,  140,  638,  150,  292,  795,  181,  152,  135,  277,  450,  197,  264,  365,  213,  143,  599,  349,  502,  271,  142,  332,  453,  174,  228,  789,  307,  394,  333,  533,  289,  382,   81,  418,  498,  575,  480,  550,  223,  588,  482,  624,  441,  378,  592,  538,  369,  530,  425,  748,  211,  442,  281,  257,  468,  670,  751,  297,  351,  442,  328,  470,  524,  530,  406,  705,  582,  374,  625,  282,  320,  342,  153,  644],
        [  815,    0,   26,  986,  504,  456,  456,  365,  739,  734,  937,  809,  671,  666,  930,  819,  131, 1123,  787,  235,  431,  752,  379,  871,  347,    0,  970,  786,  654,  967, 1142,  188,  870,  558,  675,  521,  936,  772,  840,  867,  411,  959,  269,  327,  405,  547,  758,  904,  652,  300,  271,   94,  988,  450,  620,  370,  138, 1124,  408,  248,  215,   78,  730,  437,  101,  203,  497,  221,  884,  120,  630,  312,  206,   56,  461,  469,  534, 1109,  250,  317,  416,  578,   60,  702,  428,  708,  779,  921,  822,  876,  570,  874,  826,  946,  739,  636,  849,  835,  702,  841,  729, 1074,  454,  781,  625,  429,  409, 1006, 1052,  274,  510,  770,  376,  744,  854,  704,  732, 1045,  929,  637,  903,  206,  525,  553,  465,  759],
        [  192,    0,  966,   40,  474,  960,  966,  643,  250,  292,   36,  259,  550,  555,  374,  225,  893,  377,  340,  934,  741,  409,  726,  577,  624,  970,    0,  891,  359,   96,  350,  884,  187,  639,  891,  484,  148,  277,  464,  374,  572,  466,  885,  890,  620,  695,  431,  374,  564,  924,  733,  940,  470,  553, 1004,  642,  894,  287,  621,  752,  758,  898,  490,  620,  882,  942,  525,  756,  485,  954,  749,  787,  765,  954,  876,  533,  477,  334,  879,  915,  761,  872,  912,  379,  543,  462,  485,   54,  206,  307,  404,  479,  157,  258,  434,  507,  506,  369,  333,  315,  370,  276,  612,  251,  359,  692,  943,  168,  405,  836,  676,  318,  793,  449,  219,  680,  347,  147,   54,  540,  446,  873,  611,  599,  540,  827],
        [  884,    0,  807,  873,  630,  367,  370,  552,  835,  623,  877,  949, 1060, 1060,  565,  669,  840,  737,  997,  562,  996,  483,  932,  353,  695,  786,  891,    0,  595,  960,  783,  600,  705, 1029,  117,  819,  756,  922,  442, 1091,  603,  508,  962,  463,  520,  298,  460,  551,  347,  498,  587,  694,  528,  805,  246,  546,  650,  816,  515,  801,  730,  728, 1065,  885,  705,  595,  526,  661, 1180,  674,  195,  489,  715,  823,  330,  559,  553,  757,  941,  479,  388,  211,  765,  943,  692, 1024, 1102,  845,  911, 1049,  741, 1169,  759,  671, 1030,  416,  407,  529,  893,  580,  529,  767,  897,  907,  791,  951,  403,  788,  638,  516,  345,  961,  418,  443,  673,  216,  946,  845,  890, 1022,  488,  897,  388,  376,  811,   64],
        [  293,    0,  656,  361,  160,  604,  610,  299,  240,   80,  332,  354,  511,  512,  310,  166,  605,  480,  405,  582,  564,  169,  521,  380,  329,  654,  359,  595,    0,  398,  493,  540,  219,  527,  567,  301,  286,  328,  282,  498,  244,  376,  644,  533,  269,  350,  192,  287,  248,  567,  394,  607,  400,  334,  662,  296,  558,  471,  269,  479,  457,  577,  495,  427,  557,  594,  170,  434,  591,  617,  423,  432,  459,  650,  521,  188,  125,  460,  631,  558,  403,  530,  599,  363,  259,  454,  525,  306,  319,  454,  192,  581,  203,  296,  452,  179,  317,  222,  306,  204,  114,  422,  429,  312,  217,  509,  585,  355,  426,  483,  324,  369,  435,  195,  201,  382,  359,  398,  336,  478,  321,  610,  258,  251,  330,  532],
        [  154,    0,  960,  134,  487, 1000, 1006,  661,  228,  344,   89,  196,  484,  490,  464,  292,  879,  472,  270,  953,  699,  478,  691,  659,  621,  967,   96,  960,  398,    0,  443,  898,  265,  585,  951,  459,  239,  223,  544,  288,  585,  557,  856,  918,  643,  745,  501,  461,  624,  949,  745,  945,  562,  531, 1057,  660,  903,  378,  645,  737,  752,  897,  419,  587,  883,  959,  553,  759,  397,  962,  808,  811,  762,  945,  918,  555,  505,  428,  852,  942,  797,  925,  907,  324,  541,  396,  407,  121,  155,  222,  398,  392,  203,  350,  365,  562,  587,  449,  289,  394,  432,  370,  576,  202,  342,  652,  979,  263,  500,  858,  721,  255,  826,  518,  296,  747,  290,  239,   71,  480,  533,  851,  655,  647,  517,  896],
        [  516,    0, 1145,  311,  651,  983,  989,  778,  545,  416,  372,  596,  875,  879,  238,  339, 1097,   51,  678, 1035, 1021,  405,  990,  431,  821, 1142,  350,  783,  493,  443,    0, 1008,  297,  944,  829,  747,  252,  604,  364,  723,  735,  276, 1129,  962,  741,  706,  408,  261,  555, 1003,  874, 1086,  256,  801,  969,  774, 1034,   69,  740,  969,  949, 1064,  824,  886, 1043, 1053,  645,  922,  834, 1091,  711,  883,  950, 1141,  899,  673,  608,   34, 1117,  989,  818,  849, 1088,  699,  747,  791,  826,  354,  538,  656,  642,  828,  385,  198,  768,  534,  387,  320,  642,  302,  415,   81,  883,  576,  624,  967,  983,  190,  146,  937,  710,  650,  861,  427,  300,  615,  672,  205,  396,  858,  304, 1099,  660,  637,  793,  729],
        [  754,    0,  207,  893,  413,  284,  285,  242,  678,  618,  853,  768,  699,  695,  784,  705,  259,  983,  765,   77,  510,  606,  446,  700,  300,  188,  884,  600,  540,  898, 1008,    0,  757,  607,  489,  497,  825,  730,  683,  855,  314,  802,  400,  145,  272,  367,  608,  758,  487,  128,  154,   98,  831,  435,  445,  245,   52,  999,  272,  290,  217,  134,  744,  462,  114,   65,  371,  163,  895,   87,  445,  134,  198,  226,  276,  354,  416,  975,  378,  141,  234,  392,  171,  682,  368,  714,  792,  832,  768,  849,  508,  885,  731,  817,  739,  482,  686,  692,  666,  707,  594,  947,  479,  733,  571,  487,  235,  892,  905,   89,  335,  740,  191,  592,  737,  523,  706,  937,  850,  660,  748,  330,  361,  388,  450,  572],
        [  255,    0,  870,  170,  368,  796,  802,  517,  262,  139,  177,  339,  594,  598,  209,   53,  813,  299,  418,  797,  724,  225,  693,  395,  535,  870,  187,  705,  219,  265,  297,  757,    0,  652,  708,  450,   69,  336,  280,  485,  460,  302,  835,  741,  486,  523,  246,  201,  384,  778,  612,  825,  313,  505,  827,  514,  776,  262,  486,  680,  668,  794,  552,  590,  774,  810,  387,  650,  595,  835,  568,  646,  671,  863,  710,  406,  342,  268,  824,  767,  604,  696,  814,  419,  458,  515,  564,  145,  283,  423,  345,  587,  101,  117,  498,  333,  323,  184,  359,  130,  193,  219,  586,  309,  328,  670,  784,  137,  281,  698,  510,  385,  641,  264,   32,  496,  397,  181,  194,  573,  271,  809,  448,  432,  496,  642],
        [  447,    0,  539,  672,  413,  851,  855,  489,  401,  572,  605,  390,  128,  122,  823,  622,  431,  950,  324,  683,  143,  695,  180,  902,  347,  558,  639, 1029,  527,  585,  944,  607,  652,    0,  956,  229,  693,  364,  809,  366,  427,  899,  335,  715,  514,  733,  717,  803,  721,  721,  498,  592,  920,  225,  985,  494,  579,  896,  519,  323,  391,  522,  202,  152,  523,  669,  509,  450,  344,  622,  835,  614,  410,  512,  799,  473,  496,  917,  341,  726,  679,  879,  508,  262,  338,  202,  245,  609,  435,  404,  336,  336,  560,  766,  238,  659,  842,  743,  308,  712,  640,  863,  137,  389,  328,  129,  808,  759,  924,  630,  686,  331,  674,  718,  658,  844,  295,  770,  586,  111,  846,  367,  643,  659,  220,  974],
        [  859,    0,  696,  878,  572,  251,  254,  469,  802,  608,  873,  917,  998,  997,  599,  666,  736,  786,  957,  448,  911,  484,  845,  403,  613,  675,  891,  117,  567,  951,  829,  489,  708,  956,    0,  755,  766,  887,  471, 1053,  530,  557,  862,  349,  442,  231,  465,  581,  328,  383,  491,  582,  581,  733,  148,  464,  540,  854,  437,  707,  633,  620, 1010,  808,  597,  480,  468,  563, 1134,  561,  145,  386,  618,  714,  215,  495,  502,  800,  840,  364,  290,   97,  657,  896,  621,  970, 1050,  842,  885, 1016,  689, 1123,  748,  694,  980,  391,  443,  545,  850,  592,  521,  802,  821,  874,  744,  869,  286,  807,  688,  407,  273,  921,  314,  446,  677,  219,  902,  864,  883,  959,  526,  795,  329,  324,  741,  122],
        [  306,    0,  511,  510,  191,  691,  696,  309,  236,  352,  449,  289,  243,  242,  603,  413,  423,  747,  270,  567,  275,  468,  246,  674,  197,  521,  484,  819,  301,  459,  747,  497,  450,  229,  755,    0,  502,  252,  582,  359,  232,  675,  401,  569,  321,  527,  490,  582,  498,  586,  355,  518,  698,   73,  805,  312,  486,  707,  326,  281,  310,  460,  263,  140,  450,  562,  293,  338,  405,  542,  626,  458,  323,  493,  626,  261,  272,  717,  395,  586,  498,  688,  463,  186,  143,  226,  308,  443,  308,  357,  112,  395,  369,  559,  246,  434,  614,  520,  182,  493,  414,  668,  136,  264,  128,  220,  654,  572,  711,  489,  482,  250,  505,  490,  451,  624,  213,  594,  436,  204,  622,  393,  431,  444,   59,  761],
        [  270,    0,  936,  121,  433,  862,  868,  585,  294,  208,  152,  353,  625,  629,  227,  122,  876,  263,  435,  865,  774,  283,  746,  432,  599,  936,  148,  756,  286,  239,  252,  825,   69,  693,  766,  502,    0,  356,  321,  490,  526,  319,  893,  809,  554,  587,  302,  226,  446,  846,  680,  893,  323,  560,  889,  582,  843,  206,  554,  742,  732,  860,  577,  641,  841,  878,  455,  716,  602,  902,  628,  714,  736,  928,  776,  474,  410,  226,  883,  835,  672,  758,  879,  449,  521,  542,  582,  123,  295,  425,  401,  595,  134,  112,  521,  397,  362,  229,  391,  177,  257,  171,  637,  328,  376,  720,  851,   72,  268,  766,  576,  404,  709,  321,   95,  551,  423,  112,  174,  607,  299,  869,  515,  498,  550,  694],
        [   89,    0,  762,  312,  341,  882,  887,  510,   90,  320,  245,   39,  275,  279,  538,  326,  673,  619,   84,  794,  476,  472,  471,  684,  435,  772,  277,  922,  328,  223,  604,  730,  336,  364,  887,  252,  356,    0,  572,  170,  428,  628,  638,  778,  505,  661,  498,  525,  576,  802,  580,  763,  642,  324,  968,  511,  726,  549,  508,  532,  558,  708,  221,  369,  697,  794,  434,  578,  270,  784,  745,  666,  571,  744,  806,  421,  391,  580,  635,  799,  678,  840,  713,  103,  362,  188,  229,  253,   72,  131,  226,  261,  236,  451,  165,  507,  613,  483,   71,  437,  415,  524,  357,   28,  162,  431,  852,  414,  615,  707,  626,   50,  697,  508,  353,  709,   71,  415,  224,  264,  586,  639,  563,  564,  309,  859],
        [  508,    0,  849,  441,  416,  623,  628,  481,  484,  254,  457,  587,  788,  790,  129,  259,  825,  325,  655,  697,  838,  114,  789,  116,  570,  840,  464,  442,  282,  544,  364,  683,  280,  809,  471,  582,  321,  572,    0,  737,  466,  120,  892,  615,  439,  348,   94,  111,  201,  657,  571,  771,  149,  608,  608,  475,  717,  383,  435,  719,  677,  763,  766,  702,  740,  719,  361,  633,  841,  769,  348,  551,  673,  851,  539,  398,  343,  333,  876,  641,  471,  486,  793,  629,  516,  725,  789,  424,  537,  681,  473,  832,  358,  230,  717,  205,   44,   96,  570,  151,  170,  331,  705,  549,  494,  783,  625,  346,  233,  603,  361,  618,  516,  101,  249,  254,  618,  403,  474,  758,   67,  847,  322,  296,  606,  383],
        [  232,    0,  854,  413,  494, 1033, 1038,  653,  260,  488,  351,  150,  242,  248,  693,  485,  755,  746,   98,  924,  504,  641,  521,  850,  556,  867,  374, 1091,  498,  288,  723,  855,  485,  366, 1053,  359,  490,  170,  737,    0,  571,  784,  688,  920,  655,  825,  667,  682,  745,  940,  711,  874,  797,  424, 1128,  655,  844,  661,  658,  620,  663,  812,  167,  435,  805,  920,  593,  696,  112,  899,  911,  808,  678,  832,  960,  575,  553,  704,  691,  939,  831, 1002,  811,  175,  493,  168,  135,  372,  203,   67,  374,  106,  388,  595,  133,  676,  779,  646,  206,  597,  584,  646,  419,  190,  313,  472, 1000,  535,  757,  844,  788,  132,  846,  677,  507,  879,  156,  521,  327,  257,  747,  706,  726,  729,  409, 1028],
        [  443,    0,  412,  584,   99,  463,  468,   83,  368,  323,  541,  465,  472,  470,  535,  409,  366,  719,  475,  370,  403,  362,  344,  529,  107,  411,  572,  603,  244,  585,  735,  314,  460,  427,  530,  232,  526,  428,  466,  571,    0,  580,  427,  351,   90,  306,  375,  509,  319,  375,  161,  369,  608,  203,  574,   85,  323,  714,   95,  254,  217,  335,  493,  283,  315,  375,  107,  191,  632,  383,  409,  238,  217,  407,  395,   68,  129,  702,  411,  371,  267,  458,  355,  399,   91,  456,  537,  521,  458,  554,  203,  621,  421,  538,  472,  272,  487,  440,  370,  438,  328,  665,  294,  428,  267,  354,  429,  596,  655,  279,  260,  446,  276,  366,  444,  428,  416,  636,  537,  432,  523,  382,  220,  239,  211,  550],
        [  553,    0,  968,  436,  523,  731,  736,  599,  544,  329,  469,  637,  866,  868,   94,  302,  942,  230,  711,  815,  939,  219,  893,  156,  682,  959,  466,  508,  376,  557,  276,  802,  302,  899,  557,  675,  319,  628,  120,  784,  580,    0, 1004,  731,  557,  462,  206,  103,  319,  774,  690,  891,   30,  708,  700,  594,  837,  312,  554,  832,  793,  883,  835,  802,  859,  838,  476,  751,  893,  889,  449,  670,  790,  970,  649,  512,  454,  250,  989,  757,  588,  586,  912,  698,  623,  795,  853,  438,  582,  724,  564,  885,  397,  209,  783,  324,  123,  156,  637,  193,  264,  267,  804,  602,  575,  884,  737,  319,  132,  722,  478,  676,  633,  217,  278,  349,  682,  371,  489,  838,   58,  961,  442,  415,  705,  454],
        [  703,    0,  244,  910,  486,  682,  684,  434,  636,  715,  850,  672,  461,  455,  951,  790,  146, 1121,  626,  470,  193,  786,  169,  954,  323,  269,  885,  962,  644,  856, 1129,  400,  835,  335,  862,  401,  893,  638,  892,  688,  427, 1004,    0,  541,  475,  681,  800,  927,  739,  527,  376,  339, 1031,  335,  840,  440,  353, 1096,  480,  175,  235,  272,  531,  270,  288,  444,  533,  302,  678,  372,  780,  476,  248,  215,  661,  495,  551, 1097,   22,  540,  575,  769,  242,  546,  386,  521,  577,  843,  702,  714,  493,  670,  764,  934,  556,  698,  914,  858,  569,  847,  745, 1052,  282,  656,  528,  217,  634,  964, 1069,  463,  635,  620,  548,  792,  829,  828,  581,  991,  836,  435,  947,   71,  622,  647,  346,  921],
        [  786,    0,  349,  893,  440,  143,  145,  268,  713,  606,  862,  814,  793,  789,  729,  689,  403,  931,  825,  101,  633,  558,  567,  611,  379,  327,  890,  463,  533,  918,  962,  145,  741,  715,  349,  569,  809,  778,  615,  920,  351,  731,  541,    0,  277,  272,  554,  704,  414,   43,  220,  234,  760,  519,  301,  267,  196,  962,  275,  413,  336,  279,  828,  565,  258,  133,  367,  269,  974,  212,  327,  113,  317,  370,  134,  365,  415,  929,  519,   27,  145,  253,  315,  746,  428,  794,  875,  837,  804,  904,  553,  963,  734,  781,  814,  429,  610,  643,  720,  668,  559,  909,  581,  776,  617,  603,   96,  871,  845,   86,  255,  796,  102,  536,  716,  418,  766,  920,  862,  753,  681,  471,  303,  326,  531,  442],
        [  510,    0,  412,  626,  165,  379,  384,   43,  437,  347,  591,  541,  562,  560,  525,  434,  389,  720,  558,  314,  478,  347,  416,  484,  176,  405,  620,  520,  269,  643,  741,  272,  486,  514,  442,  321,  554,  505,  439,  655,   90,  557,  475,  277,    0,  223,  354,  500,  265,  306,  135,  346,  586,  291,  484,   38,  294,  729,    6,  302,  246,  328,  582,  367,  305,  325,  100,  195,  719,  351,  327,  168,  238,  413,  308,   89,  146,  708,  456,  300,  179,  369,  356,  484,  181,  545,  626,  567,  528,  633,  282,  708,  465,  548,  560,  235,  452,  431,  451,  440,  327,  678,  379,  502,  345,  432,  347,  621,  647,  217,  176,  527,  192,  341,  466,  357,  499,  666,  590,  522,  501,  421,  148,  172,  300,  469],
        [  640,    0,  562,  688,  342,  280,  286,  257,  579,  404,  673,  692,  770,  768,  469,  475,  573,  671,  729,  363,  701,  312,  638,  340,  399,  547,  695,  298,  350,  745,  706,  367,  523,  733,  231,  527,  587,  661,  348,  825,  306,  462,  681,  272,  223,    0,  301,  446,  151,  315,  307,  464,  491,  508,  313,  251,  412,  714,  218,  514,  447,  477,  780,  588,  453,  390,  238,  382,  904,  453,  104,  236,  434,  573,  195,  266,  273,  674,  661,  298,  135,  181,  513,  666,  396,  740,  820,  643,  664,  791,  459,  894,  544,  538,  750,  191,  340,  391,  621,  426,  331,  661,  600,  650,  515,  655,  278,  640,  581,  280,   48,  694,  180,  282,  494,  157,  674,  694,  680,  730,  414,  620,  100,   99,  515,  246],
        [  443,    0,  766,  415,  323,  581,  587,  395,  409,  179,  417,  518,  702,  703,  176,  210,  737,  378,  580,  629,  744,   26,  695,  190,  478,  758,  431,  460,  192,  501,  408,  608,  246,  717,  465,  490,  302,  498,   94,  667,  375,  206,  800,  554,  354,  301,    0,  151,  152,  595,  488,  693,  234,  514,  590,  390,  640,  413,  351,  628,  588,  681,  683,  608,  658,  650,  271,  547,  767,  694,  328,  480,  585,  766,  495,  307,  250,  376,  784,  581,  410,  461,  709,  548,  422,  642,  709,  385,  471,  615,  382,  758,  303,  238,  637,  128,  126,   90,  489,  128,   84,  360,  612,  477,  407,  690,  577,  345,  297,  533,  303,  543,  453,   21,  214,  251,  540,  401,  431,  670,  149,  756,  253,  229,  512,  397],
        [  451,    0,  910,  346,  442,  724,  730,  540,  442,  232,  372,  534,  766,  768,   26,  199,  875,  228,  609,  780,  850,  153,  808,  210,  607,  904,  374,  551,  287,  461,  261,  758,  201,  803,  581,  582,  226,  525,  111,  682,  509,  103,  927,  704,  500,  446,  151,    0,  295,  745,  634,  842,  120,  620,  716,  535,  789,  275,  497,  758,  726,  827,  733,  713,  804,  800,  410,  689,  791,  843,  456,  630,  724,  909,  639,  443,  381,  229,  913,  731,  560,  593,  853,  597,  543,  694,  750,  341,  479,  622,  471,  782,  295,  124,  681,  278,  145,   70,  536,   92,  183,  222,  713,  499,  477,  795,  723,  241,  148,  683,  451,  573,  603,  169,  176,  363,  580,  297,  392,  739,   73,  888,  404,  379,  615,  492],
        [  539,    0,  663,  553,  309,  430,  436,  308,  488,  281,  546,  602,  733,  733,  319,  340,  653,  521,  652,  496,  719,  164,  662,  221,  425,  652,  564,  347,  248,  624,  555,  487,  384,  721,  328,  498,  446,  576,  201,  745,  319,  319,  739,  414,  265,  151,  152,  295,    0,  456,  388,  578,  348,  501,  443,  302,  524,  564,  261,  565,  511,  577,  729,  591,  553,  520,  218,  457,  836,  573,  185,  353,  503,  669,  345,  257,  226,  523,  720,  440,  270,  313,  609,  602,  393,  687,  763,  515,  565,  702,  407,  826,  421,  389,  690,   70,  201,  241,  549,  278,  194,  510,  599,  560,  451,  668,  429,  494,  432,  404,  160,  615,  315,  132,  354,  134,  602,  549,  556,  696,  268,  685,  128,  100,  503,  284],
