{
    "name": "random-88-1141",
    "comment": "size=88 seed=1141",
    "nodes": ["+0", "-0", "+1", "-1", "+2", "-2", "+3", "-3", "+4", "-4", "+5", "-5", "+6", "-6", "+7", "-7", "+8", "-8", "+9", "-9", "+10", "-10", "+11", "-11", "+12", "-12", "+13", "-13", "+14", "-14", "+15", "-15", "+16", "-16", "+17", "-17", "+18", "-18", "+19", "-19", "+20", "-20", "+21", "-21", "+22", "-22", "+23", "-23", "+24", "-24", "+25", "-25", "+26", "-26", "+27", "-27", "+28", "-28", "+29", "-29", "+30", "-30", "+31", "-31", "+32", "-32", "+33", "-33", "+34", "-34", "+35", "-35", "+36", "-36", "+37", "-37", "+38", "-38", "+39", "-39", "+40", "-40", "+41", "-41", "+42", "-42", "+43", "-43", "+44", "-44", "+45", "-45", "+46", "-46", "+47", "-47", "+48", "-48", "+49", "-49", "+50", "-50", "+51", "-51", "+52", "-52", "+53", "-53", "+54", "-54", "+55", "-55", "+56", "-56", "+57", "-57", "+58", "-58", "+59", "-59", "+60", "-60", "+61", "-61", "+62", "-62", "+63", "-63", "+64", "-64", "+65", "-65", "+66", "-66", "+67", "-67", "+68", "-68", "+69", "-69", "+70", "-70", "+71", "-71", "+72", "-72", "+73", "-73", "+74", "-74", "+75", "-75", "+76", "-76", "+77", "-77", "+78", "-78", "+79", "-79", "+80", "-80", "+81", "-81", "+82", "-82", "+83", "-83", "+84", "-84", "+85", "-85", "+86", "-86", "+87", "-87", "+88", "-88"],
    "precedence": {
        "+0": "-0",
        "+1": "-1",
        "+2": "-2",
        "+3": "-3",
        "+4": "-4",
        "+5": "-5",
        "+6": "-6",
        "+7": "-7",
        "+8": "-8",
        "+9": "-9",
        "+10": "-10",
        "+11": "-11",
        "+12": "-12",
        "+13": "-13",
        "+14": "-14",
        "+15": "-15",
        "+16": "-16",
        "+17": "-17",
        "+18": "-18",
        "+19": "-19",
        "+20": "-20",
        "+21": "-21",
        "+22": "-22",
        "+23": "-23",
        "+24": "-24",
        "+25": "-25",
        "+26": "-26",
        "+27": "-27",
        "+28": "-28",
        "+29": "-29",
        "+30": "-30",
        "+31": "-31",
        "+32": "-32",
        "+33": "-33",
        "+34": "-34",
        "+35": "-35",
        "+36": "-36",
        "+37": "-37",
        "+38": "-38",
        "+39": "-39",
        "+40": "-40",
        "+41": "-41",
        "+42": "-42",
        "+43": "-43",
        "+44": "-44",
        "+45": "-45",
        "+46": "-46",
        "+47": "-47",
        "+48": "-48",
        "+49": "-49",
        "+50": "-50",
        "+51": "-51",
        "+52": "-52",
        "+53": "-53",
        "+54": "-54",
        "+55": "-55",
        "+56": "-56",
        "+57": "-57",
        "+58": "-58",
        "+59": "-59",
        "+60": "-60",
        "+61": "-61",
        "+62": "-62",
        "+63": "-63",
        "+64": "-64",
        "+65": "-65",
        "+66": "-66",
        "+67": "-67",
        "+68": "-68",
        "+69": "-69",
        "+70": "-70",
        "+71": "-71",
        "+72": "-72",
        "+73": "-73",
        "+74": "-74",
        "+75": "-75",
        "+76": "-76",
        "+77": "-77",
        "+78": "-78",
        "+79": "-79",
        "+80": "-80",
        "+81": "-81",
        "+82": "-82",
        "+83": "-83",
        "+84": "-84",
        "+85": "-85",
        "+86": "-86",
        "+87": "-87",
        "+88": "-88"
    },
    "edges": [
        [    0,    0,  431,  377,  220,  519,  996,  447,  843,  106,  173,  858,  673,  491,  707,  716,  652,  464,  635,  608,  476,  741,  941,  482,  970,  908,  611,  781,  392,  622, 1073,  939,  723,  832,  154,  900,  925,  760,  653,  502,  755, 1013,  985,  956,  950,  614,  894,  427,  348,  692,  946,  647,  903,  167,  977,  639,  698,  844,  814,  665,  769,  686,  503,  150,  432, 1001,  380,  796,  863,  275,  883,  640,  858,  715,  474,  648,  101,  561,  433,  110,  108,  426,  104,  247,  734,  325,  619,  192,  922,  984,  687,  642,  985,  834,  876,  135,  351,  461,  141,  275,  299,  842,  570,  806,  569,  545,  356,  967,  840,  503,  777,  492,  549,  259,  373,  468,  815,  447,  390,  763,  151,   96,  812,  408,  782,  823,  536,  845, 1080,  747,  936,  762,  903,  383,  428,  922,  434,  893, 1028,  415,  312,  720,  928,  708,  821,  799,  474,  185, 1065,  762,  753,  744,  356,  327,  534,  526,  685,  555,  170, 1124,   79,  576,  260,  816,  270,  604,  483,  168, 1017,  511,  710,  385,  865, 1033,  663,  611,  800,  787],
        [    0,    0,    0,    0,    0,    0,    0,    0,    0,    0,    0,    0,    0,    0,    0,    0,    0,    0,    0,    0,    0,    0,    0,    0,    0,    0,    0,    0,    0,    0,    0,    0,    0,    0,    0,    0,    0,    0,    0,    0,    0,    0,    0,    0,    0,    0,    0,    0,    0,    0,    0,    0,    0,    0,    0,    0,    0,    0,    0,    0,    0,    0,    0,    0,    0,    0,    0,    0,    0,    0,    0,    0,    0,    0,    0,    0,    0,    0,    0,    0,    0,    0,    0,    0,    0,    0,    0,    0,    0,    0,    0,    0,    0,    0,    0,    0,    0,    0,    0,    0,    0,    0,    0,    0,    0,    0,    0,    0,    0,    0,    0,    0,    0,    0,    0,    0,    0,    0,    0,    0,    0,    0,    0,    0,    0,    0,    0,    0,    0,    0,    0,    0,    0,    0,    0,    0,    0,    0,    0,    0,    0,    0,    0,    0,    0,    0,    0,    0,    0,    0,    0,    0,    0,    0,    0,    0,    0,    0,    0,    0,    0,    0,    0,    0,    0,    0,    0,    0,    0,    0,    0,    0,    0,    0,    0,    0,    0,    0],
        [  431,    0,    0,  230,  318,  101,  585,  127,  442,  327,  351,  474,  501,  395,  387,  312,  571,   36,  427,  383,  257,  373,  788,  259,  592,  756,  356,  582,  142,  582,  701,  632,  411,  712,  343,  710,  519,  345,  514,   74,  487,  613,  701,  651,  530,  292,  619,  589,  488,  274,  529,  225,  494,  591,  720,  493,  271,  802,  456,  235,  443,  645,  218,  285,  243,  603,  550,  543,  489,  377,  780,  640,  661,  374,  262,  600,  494,  314,  262,  500,  537,  141,  467,  187,  321,  177,  191,  288,  564,  587,  624,  231,  599,  608,  619,  471,  242,   77,  558,  192,  472,  773,  170,  385,  677,  197,  142,  599,  465,  611,  690,  402,  285,  470,  148,   39,  394,  234,  508,  406,  343,  336,  649,  247,  777,  402,  132,  503,  764,  493,  619,  364,  651,  394,   27,  506,  575,  469,  658,  365,  242,  370,  565,  282,  398,  370,  493,  529,  743,  402,  665,  322,  600,  210,  635,  641,  531,  559,  478,  733,  357,  177,  484,  433,  594,  289,  496,  404,  625,  373,  359,  138,  512,  737,  282,  199,  449,  366],
        [  377,    0,  230,    0,  393,  248,  778,  133,  648,  305,  397,  689,  713,  577,  616,  381,  763,  258,  644,  601,  463,  597, 1003,  106,  807,  971,  579,  802,   90,  761,  917,  861,  348,  919,  377,  931,  720,  545,  718,  258,  714,  815,  931,  880,  712,  521,  848,  692,  590,  381,  717,  424,  693,  540,  949,  698,  408,  991,  681,  391,  395,  828,  136,  244,  436,  807,  646,  769,  708,  474,  984,  809,  882,  344,  467,  783,  470,  533,  452,  479,  477,  105,  457,  237,  524,   82,  381,  185,  787,  792,  813,  326,  811,  832,  847,  476,   29,  306,  516,  294,  557,  968,  393,  572,  809,  198,  310,  818,  684,  739,  888,  583,  506,  537,  327,  241,  581,  434,  622,  632,  233,  304,  863,   35,  954,  502,  239,  729,  992,  719,  848,  419,  878,  536,  205,  697,  685,  647,  875,  526,  377,  353,  786,  468,  582,  506,  645,  538,  970,  627,  862,  514,  667,  356,  767,  768,  740,  722,  498,  940,  302,  400,  547,  651,  619,  233,  650,  442,  832,  567,  343,  325,  737,  967,  314,  302,  675,  468],
        [  220,    0,  318,  393,    0,  418,  820,  394,  664,  148,   52,  669,  454,  274,  502,  629,  443,  342,  416,  391,  267,  549,  727,  485,  774,  694,  398,  562,  357,  420,  873,  725,  701,  621,   67,  682,  747,  594,  436,  390,  540,  828,  768,  741,  785,  415,  677,  300,  197,  590,  777,  497,  726,  328,  758,  421,  580,  650,  615,  540,  740,  487,  478,  184,  223,  815,  254,  578,  669,   83,  676,  450,  639,  675,  264,  445,  222,  349,  220,  225,  297,  386,  188,  160,  569,  314,  480,  260,  720,  798,  482,  548,  793,  615,  658,  177,  378,  313,  292,  127,  166,  641,  408,  646,  421,  492,  192,  768,  647,  350,  570,  274,  342,  154,  200,  356,  655,  241,  231,  566,  270,  162,  595,  427,  597,  716,  448,  641,  866,  530,  724,  681,  684,  175,  328,  751,  293,  734,  829,  198,  108,  674,  728,  559,  663,  673,  279,  224,  852,  567,  546,  587,  287,  134,  380,  378,  467,  362,  171,  931,  196,  412,  168,  627,  279,  574,  287,   96,  827,  292,  664,  215,  663,  816,  595,  516,  600,  680],
        [  519,    0,  101,  248,  418,    0,  531,  116,  401,  418,  451,  445,  556,  474,  402,  211,  641,   84,  479,  433,  328,  363,  834,  234,  562,  804,  401,  625,  166,  658,  672,  636,  329,  768,  442,  749,  472,  298,  576,   36,  514,  568,  712,  655,  467,  317,  635,  686,  587,  175,  471,  177,  446,  682,  739,  555,  180,  870,  446,  152,  355,  718,  177,  371,  323,  559,  648,  571,  466,  476,  837,  720,  701,  285,  334,  675,  588,  366,  343,  595,  627,  144,  563,  282,  277,  226,  134,  359,  547,  544,  695,  131,  564,  641,  643,  569,  269,  139,  651,  292,  572,  837,  168,  326,  768,  127,  240,  575,  443,  704,  754,  481,  337,  570,  242,   64,  335,  310,  605,  400,  416,  426,  698,  252,  852,  306,   39,  497,  760,  525,  620,  263,  674,  488,   94,  451,  671,  404,  630,  454,  340,  278,  545,  221,  336,  282,  582,  627,  736,  394,  729,  267,  700,  308,  727,  734,  588,  643,  577,  692,  443,  173,  585,  409,  694,  217,  584,  504,  585,  446,  268,  230,  501,  742,  186,   99,  443,  269],
        [  996,    0,  585,  778,  820,  531,    0,  646,  156,  891,  868,  171,  590,  673,  367,  472,  724,  550,  538,  520,  570,  283,  715,  741,  151,  701,  485,  562,  696,  776,  209,  363,  679,  728,  872,  617,   74,  241,  637,  529,  434,   64,  437,  372,   83,  418,  428,  968,  899,  432,   65,  362,   94, 1141,  501,  624,  387,  881,  253,  391,  664,  799,  680,  861,  607,   70,  950,  462,  190,  833,  785,  845,  588,  621,  575,  774, 1036,  512,  618, 1040, 1097,  674, 1003,  752,  265,  753,  401,  873,  219,   72,  766,  477,  122,  520,  467,  996,  800,  538, 1105,  724,  913,  828,  428,  207,  972,  608,  642,  186,  202,  936,  764,  680,  503,  934,  627,  556,  198,  587,  892,  282,  928,  902,  638,  779,  911,  379,  541,  272,  393,  460,  335,  481,  484,  772,  599,   82,  943,  143,  192,  717,  712,  602,  202,  311,  198,  316,  804, 1041,  365,  277,  750,  266, 1034,  687,  942,  959,  619,  814,  988,  179,  929,  421,  949,  205, 1080,  653,  799,  914,  103,  629,  600,  614,  243,  426,  540,  491,  272,  389],
        [  447,    0,  127,  133,  394,  116,  646,    0,  517,  355,  415,  559,  627,  516,  501,  271,  696,  144,  553,  508,  383,  473,  913,  133,  677,  882,  481,  707,   59,  703,  787,  742,  307,  838,  401,  834,  587,  413,  640,  130,  607,  683,  815,  761,  580,  410,  735,  685,  582,  259,  585,  292,  561,  613,  838,  619,  279,  926,  556,  260,  346,  767,   94,  299,  365,  675,  642,  663,  579,  466,  906,  759,  786,  282,  388,  723,  528,  439,  384,  536,  554,   29,  508,  238,  393,  127,  249,  269,  660,  660,  748,  204,  680,  730,  738,  520,  156,  201,  585,  272,  558,  898,  271,  440,  784,  101,  252,  689,  556,  717,  816,  523,  411,  548,  263,  122,  449,  358,  607,  508,  324,  359,  774,  137,  899,  386,  108,  606,  869,  615,  727,  316,  770,  502,  101,  565,  673,  515,  745,  479,  342,  283,  659,  335,  450,  380,  606,  580,  846,  503,  790,  382,  680,  314,  742,  747,  657,  676,  534,  808,  369,  277,  561,  522,  655,  180,  610,  466,  701,  497,  273,  256,  612,  848,  216,  176,  552,  350],
        [  843,    0,  442,  648,  664,  401,  156,  517,    0,  738,  713,   66,  463,  525,  228,  395,  595,  407,  402,  378,  416,  134,  637,  625,  166,  617,  340,  457,  563,  643,  274,  316,  608,  628,  717,  537,   83,  106,  508,  393,  319,  172,  399,  331,  142,  265,  359,  819,  746,  341,  123,  225,   64,  986,  452,  492,  291,  774,  137,  279,  602,  674,  564,  711,  452,  162,  799,  360,   99,  677,  690,  713,  500,  548,  421,  644,  880,  361,  463,  885,  943,  544,  848,  601,  125,  614,  268,  728,  180,  146,  641,  376,  164,  428,  390,  840,  668,  388,  950,  570,  758,  724,  278,  107,  832,  496,  488,  187,   90,  791,  652,  533,  350,  779,  473,  416,  103,  432,  741,  144,  781,  750,  537,  653,  795,  337,  418,  181,  401,  344,  290,  420,  414,  619,  458,   98,  794,  129,  235,  565,  556,  530,  170,  189,  113,  257,  658,  886,  373,  137,  635,  143,  881,  531,  800,  816,  495,  675,  833,  293,  778,  271,  794,   69,  925,  555,  653,  759,  185,  481,  526,  460,  162,  408,  452,  381,  153,  332],
        [  106,    0,  327,  305,  148,  418,  891,  355,  738,    0,  120,  755,  594,  418,  608,  619,  591,  360,  549,  519,  381,  638,  872,  409,  867,  839,  518,  701,  303,  568,  971,  844,  645,  768,   94,  824,  821,  654,  580,  399,  664,  909,  894,  862,  845,  514,  804,  417,  323,  593,  841,  542,  797,  265,  890,  564,  596,  797,  712,  562,  689,  634,  420,   62,  338,  897,  369,  707,  761,  224,  824,  596,  780,  630,  381,  593,  174,  467,  341,  182,  211,  337,  155,  142,  629,  241,  515,  133,  822,  879,  630,  543,  882,  751,  788,  172,  283,  356,  233,  172,  280,  789,  464,  701,  551,  455,  252,  866,  737,  482,  718,  419,  453,  249,  270,  364,  710,  351,  362,  661,  126,   15,  739,  339,  742,  723,  438,  746,  985,  657,  841,  667,  816,  323,  326,  816,  417,  788,  927,  344,  221,  634,  827,  603,  716,  696,  425,  233,  970,  660,  694,  638,  371,  229,  512,  508,  610,  508,  194, 1020,   49,  470,  256,  712,  314,  521,  433,  148,  913,  431,  624,  282,  765,  941,  570,  512,  699,  687],
        [  173,    0,  351,  397,   52,  451,  868,  415,  713,  120,    0,  719,  500,  319,  553,  661,  482,  377,  465,  441,  318,  599,  768,  495,  825,  736,  449,  609,  372,  454,  924,  775,  719,  660,   26,  728,  795,  640,  480,  424,  590,  878,  817,  792,  832,  466,  727,  302,  205,  624,  824,  540,  775,  277,  807,  466,  618,  681,  665,  579,  760,  520,  494,  169,  274,  865,  254,  628,  720,  107,  714,  479,  685,  696,  315,  480,  171,  400,  271,  174,  246,  403,  137,  178,  615,  322,  521,  245,  771,  847,  518,  581,  843,  663,  707,  129,  380,  354,  241,  161,  164,  676,  453,  692,  433,  515,  234,  819,  697,  363,  608,  319,  393,  140,  245,  389,  700,  292,  244,  617,  245,  131,  639,  432,  625,  752,  478,  692,  916,  580,  775,  712,  733,  212,  359,  798,  300,  780,  879,  242,  158,  697,  779,  602,  708,  713,  309,  180,  903,  617,  584,  632,  271,  182,  394,  390,  512,  392,  128,  981,  162,  458,  150,  677,  244,  592,  317,   54,  877,  340,  687,  259,  714,  867,  622,  549,  650,  716],
        [  858,    0,  474,  689,  669,  445,  171,  559,   66,  755,  719,    0,  422,  505,  197,  457,  556,  440,  368,  350,  410,  121,  577,  674,  119,  559,  316,  404,  602,  607,  229,  250,  669,  574,  725,  477,  103,  160,  468,  432,  270,  162,  334,  266,  186,  257,  296,  800,  734,  401,  162,  270,  100,  994,  387,  455,  350,  723,   85,  335,  666,  633,  614,  732,  450,  147,  784,  306,   33,  674,  635,  676,  442,  610,  415,  606,  888,  345,  459,  892,  955,  586,  855,  621,  173,  649,  314,  755,  115,  130,  599,  433,  128,  371,  329,  845,  707,  413,  959,  584,  750,  672,  305,  172,  802,  547,  503,  131,   33,  766,  604,  512,  339,  774,  486,  452,  168,  431,  725,  113,  807,  767,  483,  696,  749,  403,  465,  119,  337,  296,  224,  484,  351,  607,  493,  141,  775,  189,  186,  552,  561,  592,  107,  244,  179,  322,  635,  887,  310,  109,  588,  199,  869,  539,  772,  789,  452,  644,  835,  266,  796,  298,  789,   43,  921,  612,  630,  762,  159,  461,  587,  474,   97,  342,  511,  435,  103,  397],
        [  673,    0,  501,  713,  454,  556,  590,  627,  463,  594,  500,  422,    0,  183,  238,  706,  135,  488,   79,  124,  250,  337,  292,  759,  474,  259,  161,  109,  633,  188,  537,  327,  879,  213,  520,  231,  525,  471,   48,  522,  161,  564,  341,  338,  603,  260,  257,  433,  405,  644,  581,  471,  519,  753,  315,   43,  602,  329,  338,  562,  898,  212,  717,  609,  282,  549,  434,  161,  401,  408,  281,  256,  186,  829,  247,  184,  654,  190,  269,  654,  738,  640,  621,  517,  457,  639,  496,  669,  399,  534,  179,  639,  504,  169,  225,  597,  715,  428,  719,  455,  441,  287,  405,  523,  395,  681,  407,  450,  390,  374,  206,  184,  220,  480,  388,  512,  526,  280,  378,  319,  700,  609,  152,  738,  335,  720,  593,  324,  455,  136,  339,  753,  245,  302,  527,  557,  406,  586,  500,  260,  379,  818,  413,  506,  539,  643,  265,  614,  451,  327,  184,  495,  526,  383,  372,  392,   35,  241,  572,  620,  643,  402,  491,  396,  614,  772,  257,  520,  542,  164,  809,  389,  354,  394,  721,  619,  319,  696],
        [  491,    0,  395,  577,  274,  474,  673,  516,  525,  418,  319,  505,  183,    0,  310,  660,  186,  394,  164,  160,  150,  392,  456,  641,  587,  423,  189,  291,  508,  188,  669,  485,  801,  354,  339,  410,  601,  495,  163,  438,  299,  663,  513,  499,  664,  266,  425,  296,  240,  603,  648,  448,  588,  572,  495,  148,  572,  414,  430,  528,  828,  252,  609,  438,  153,  648,  283,  324,  493,  225,  415,  247,  367,  758,  143,  207,  472,  166,  133,  472,  556,  523,  439,  359,  474,  498,  458,  504,  519,  631,  236,  583,  612,  349,  399,  416,  574,  335,  537,  295,  269,  392,  361,  552,  318,  590,  270,  571,  475,  269,  314,    9,  183,  303,  255,  417,  558,  164,  224,  393,  529,  432,  322,  606,  383,  704,  512,  437,  622,  282,  491,  711,  423,  123,  418,  622,  270,  631,  627,   78,  213,  751,  531,  501,  569,  638,  134,  436,  613,  397,  288,  507,  371,  225,  281,  295,  194,  173,  392,  742,  466,  362,  316,  468,  445,  682,  131,  338,  650,   44,  741,  261,  465,  565,  656,  556,  412,  675],
        [  707,    0,  387,  616,  502,  402,  367,  501,  228,  608,  553,  197,  238,  310,    0,  503,  369,  361,  175,  154,  235,   99,  457,  631,  281,  431,  121,  255,  528,  416,  373,  247,  697,  422,  563,  363,  296,  237,  281,  376,  120,  353,  315,  266,  369,  100,  234,  605,  543,  440,  349,  266,  287,  829,  338,  265,  392,  559,  121,  357,  707,  449,  578,  598,  279,  339,  591,  177,  184,  494,  489,  486,  318,  642,  238,  418,  723,  158,  283,  725,  796,  523,  689,  488,  226,  558,  302,  636,  220,  322,  416,  448,  304,  250,  242,  675,  628,  312,  793,  439,  563,  512,  234,  287,  607,  525,  363,  269,  166,  570,  436,  317,  160,  590,  344,  381,  289,  262,  532,   86,  682,  622,  336,  633,  573,  495,  434,  140,  384,  139,  238,  544,  273,  417,  412,  324,  579,  348,  329,  362,  397,  627,  229,  286,  302,  415,  439,  711,  365,   92,  417,  266,  677,  381,  577,  593,  271,  449,  660,  438,  654,  229,  605,  164,  737,  608,  434,  591,  341,  267,  620,  335,  163,  352,  533,  436,  103,  476],
        [  716,    0,  312,  381,  629,  211,  472,  271,  395,  619,  661,  457,  706,  660,  503,    0,  810,  291,  628,  584,  511,  427,  959,  306,  557,  932,  545,  753,  329,  836,  659,  694,  213,  912,  651,  865,  437,  301,  735,  242,  622,  526,  777,  712,  393,  447,  717,  893,  795,   63,  408,  239,  412,  881,  819,  714,  112, 1032,  495,  146,  210,  891,  251,  566,  516,  523,  856,  678,  487,  686,  981,  902,  819,  154,  517,  849,  792,  525,  536,  799,  823,  296,  768,  489,  296,  398,  211,  539,  572,  512,  864,   82,  548,  752,  736,  776,  409,  336,  851,  502,  782,  992,  305,  290,  966,  184,  448,  581,  470,  905,  911,  668,  497,  781,  449,  274,  296,  500,  811,  464,  595,  625,  832,  366, 1025,  124,  184,  549,  794,  640,  672,   53,  765,  690,  303,  397,  876,  330,  624,  651,  549,  135,  564,  224,  290,  158,  778,  836,  767,  456,  887,  261,  910,  516,  926,  935,  740,  832,  786,  650,  638,  306,  795,  436,  904,  189,  778,  714,  555,  626,  131,  436,  541,  795,   75,  113,  501,   94],
        [  652,    0,  571,  763,  443,  641,  724,  696,  595,  591,  482,  556,  135,  186,  369,  810,    0,  566,  197,  233,  315,  467,  292,  823,  606,  261,  274,  200,  691,   60,  664,  446,  969,  180,  505,  276,  658,  596,   88,  606,  293,  697,  443,  454,  736,  374,  370,  336,  337,  750,  714,  582,  652,  704,  403,  105,  712,  231,  472,  670,  993,   82,  788,  618,  332,  682,  350,  283,  535,  378,  233,  122,  247,  923,  310,   51,  615,  286,  313,  612,  701,  704,  583,  544,  580,  684,  601,  686,  530,  668,   54,  738,  636,  266,  331,  555,  760,  506,  672,  481,  382,  206,  506,  650,  271,  763,  454,  582,  524,  264,  129,  182,  314,  424,  438,  590,  654,  338,  301,  452,  708,  605,  182,  791,  215,  836,  680,  457,  563,  268,  462,  860,  344,  271,  596,  691,  310,  717,  629,  250,  397,  913,  546,  624,  666,  762,  189,  559,  563,  459,  104,  618,  440,  411,  255,  275,  108,  131,  525,  749,  638,  505,  433,  529,  542,  855,  180,  488,  675,  199,  904,  443,  487,  496,  817,  715,  453,  811],
        [  464,    0,   36,  258,  342,   84,  550,  144,  407,  360,  377,  440,  488,  394,  361,  291,  566,    0,  413,  367,  251,  341,  772,  276,  558,  741,  338,  565,  169,  580,  668,  604,  408,  700,  371,  691,  484,  310,  504,   50,  464,  578,  675,  623,  495,  267,  593,  604,  504,  249,  494,  189,  459,  622,  696,  483,  241,  796,  425,  204,  437,  641,  230,  319,  242,  568,  566,  520,  455,  396,  768,  640,  643,  367,  256,  597,  524,  299,  262,  531,  570,  163,  497,  219,  286,  210,  157,  324,  532,  552,  619,  210,  565,  587,  596,  500,  272,   61,  590,  217,  491,  764,  137,  349,  685,  197,  158,  566,  431,  621,  682,  401,  270,  491,  159,   25,  359,  230,  522,  375,  379,  369,  634,  273,  774,  375,  120,  472,  734,  471,  590,  344,  627,  404,   54,  471,  588,  434,  624,  371,  258,  361,  533,  247,  363,  339,  499,  556,  712,  371,  656,  287,  620,  226,  644,  651,  519,  562,  505,  699,  390,  144,  506,  400,  619,  290,  501,  430,  590,  368,  351,  147,  481,  709,  269,  179,  418,  339],
        [  635,    0,  427,  644,  416,  479,  538,  553,  402,  549,  465,  368,   79,  164,  175,  628,  197,  413,    0,   46,  184,  271,  361,  685,  435,  330,   83,  160,  562,  242,  511,  322,  801,  290,  482,  289,  470,  400,  112,  445,  136,  519,  354,  336,  543,  182,  264,  448,  402,  566,  523,  393,  461,  730,  343,   93,  524,  406,  287,  484,  820,  279,  642,  557,  221,  504,  441,  163,  351,  382,  359,  312,  241,  750,  182,  244,  627,  114,  212,  628,  709,  567,  593,  459,  384,  571,  417,  612,  364,  488,  247,  560,  463,  203,  242,  573,  647,  353,  695,  399,  432,  365,  326,  454,  435,  604,  343,  416,  337,  403,  284,  169,  143,  466,  323,  437,  457,  216,  383,  260,  647,  563,  222,  667,  407,  644,  516,  284,  459,  119,  328,  675,  269,  286,  453,  498,  421,  521,  470,  235,  330,  739,  377,  431,  470,  568,  278,  597,  450,  266,  261,  422,  532,  328,  407,  424,  113,  277,  551,  588,  598,  324,  479,  338,  608,  695,  272,  492,  501,  129,  730,  322,  313,  404,  642,  540,  268,  620],
        [  608,    0,  383,  601,  391,  433,  520,  508,  378,  519,  441,  350,  124,  160,  154,  584,  233,  367,   46,    0,  145,  245,  406,  641,  427,  374,   42,  202,  518,  272,  510,  336,  756,  336,  457,  331,  449,  366,  152,  400,  149,  505,  377,  352,  519,  142,  287,  454,  399,  523,  500,  351,  438,  711,  373,  131,  483,  448,  272,  441,  775,  315,  597,  523,  185,  490,  442,  189,  336,  366,  404,  342,  282,  706,  144,  278,  607,   69,  178,  608,  687,  523,  573,  422,  349,  530,  374,  576,  359,  474,  285,  516,  453,  238,  270,  554,  605,  308,  675,  363,  424,  409,  282,  421,  455,  559,  304,  411,  319,  417,  327,  166,   98,  455,  284,  391,  425,  177,  383,  239,  613,  533,  267,  624,  446,  604,  471,  278,  476,  139,  338,  632,  299,  276,  409,  475,  428,  492,  468,  222,  299,  695,  371,  391,  437,  530,  286,  583,  464,  244,  304,  386,  531,  294,  424,  440,  157,  298,  535,  583,  567,  280,  469,  316,  600,  650,  281,  472,  491,  119,  686,  281,  306,  426,  598,  496,  254,  579],
        [  476,    0,  257,  463,  267,  328,  570,  383,  416,  381,  318,  410,  250,  150,  235,  511,  315,  251,  184,  145,    0,  290,  541,  513,  511,  509,  138,  343,  384,  331,  607,  464,  656,  458,  329,  472,  497,  366,  258,  293,  284,  571,  514,  481,  548,  154,  425,  415,  334,  454,  535,  304,  479,  594,  515,  237,  424,  546,  350,  380,  682,  391,  475,  381,   45,  557,  389,  331,  407,  264,  524,  394,  424,  612,    7,  347,  488,   87,   49,  491,  562,  394,  454,  278,  343,  389,  310,  431,  455,  540,  369,  434,  531,  383,  412,  440,  465,  191,  558,  220,  343,  516,  214,  423,  462,  448,  160,  503,  386,  406,  434,  158,   76,  365,  140,  275,  430,   33,  334,  303,  469,  395,  401,  488,  525,  558,  366,  375,  605,  280,  461,  562,  441,  208,  283,  509,  393,  507,  563,  157,  164,  603,  463,  360,  440,  495,  273,  478,  590,  305,  408,  372,  467,  153,  423,  435,  278,  322,  427,  668,  429,  215,  380,  370,  511,  540,  272,  357,  566,  119,  594,  139,  397,  560,  508,  408,  334,  528],
        [  741,    0,  373,  597,  549,  363,  283,  473,  134,  638,  599,  121,  337,  392,   99,  427,  467,  341,  271,  245,  290,    0,  543,  596,  230,  519,  207,  347,  508,  512,  336,  277,  631,  517,  606,  445,  210,  142,  379,  343,  208,  282,  356,  295,  275,  137,  290,  687,  617,  366,  257,  201,  196,  875,  394,  363,  315,  657,   84,  286,  636,  547,  538,  619,  330,  268,  668,  259,  123,  554,  583,  583,  403,  573,  295,  515,  769,  229,  339,  772,  837,  497,  735,  507,  136,  549,  243,  646,  192,  251,  515,  383,  245,  332,  310,  725,  612,  306,  839,  467,  631,  609,  205,  189,  699,  478,  386,  230,  100,  658,  534,  400,  221,  654,  368,  357,  191,  310,  610,   38,  696,  651,  429,  608,  671,  406,  390,  135,  397,  231,  258,  464,  339,  490,  395,  231,  662,  250,  291,  435,  441,  558,  194,  204,  204,  324,  524,  767,  374,   32,  514,  175,  751,  419,  666,  682,  370,  542,  714,  384,  681,  198,  670,   80,  801,  554,  520,  642,  279,  349,  551,  357,  140,  382,  467,  377,   81,  390],
        [  941,    0,  788, 1003,  727,  834,  715,  913,  637,  872,  768,  577,  292,  456,  457,  959,  292,  772,  361,  406,  541,  543,    0, 1046,  569,   34,  434,  209,  922,  336,  577,  358, 1148,  117,  790,  101,  670,  684,  295,  802,  338,  668,  300,  353,  758,  520,  288,  613,  628,  896,  732,  721,  675,  996,  235,  313,  849,  227,  501,  813, 1161,  289, 1001,  893,  572,  655,  635,  284,  546,  667,  108,  356,  141, 1094,  538,  312,  906,  475,  559,  904,  992,  928,  874,  806,  678,  930,  754,  956,  497,  646,  272,  901,  601,  211,  250,  847, 1006,  713,  964,  743,  673,  178,  673,  726,  511,  960,  698,  535,  548,  530,  186,  454,  503,  716,  679,  796,  726,  571,  590,  511,  984,  886,  140, 1028,  300,  948,  870,  458,  408,  319,  385, 1001,  232,  559,  814,  715,  589,  764,  558,  529,  664, 1081,  514,  742,  738,  867,  480,  851,  422,  520,  202,  718,  721,  671,  512,  532,  267,  413,  817,  669,  921,  669,  724,  570,  829, 1049,  471,  778,  634,  449, 1073,  680,  483,  340,  985,  885,  487,  931],
        [  482,    0,  259,  106,  485,  234,  741,  133,  625,  409,  495,  674,  759,  641,  631,  306,  823,  276,  685,  641,  513,  596, 1046,    0,  789, 1015,  613,  840,  136,  828,  898,  869,  243,  970,  476,  967,  689,  520,  771,  256,  739,  785,  943,  888,  669,  541,  865,  784,  681,  320,  678,  405,  663,  645,  968,  750,  357, 1054,  679,  352,  290,  893,   62,  348,  492,  778,  739,  796,  696,  564, 1037,  881,  918,  244,  518,  848,  576,  572,  511,  584,  582,  120,  562,  326,  502,  173,  361,  291,  779,  764,  875,  268,  789,  863,  870,  580,  133,  334,  622,  375,  651, 1027,  398,  537,  894,  134,  373,  804,  674,  825,  945,  647,  544,  634,  387,  254,  546,  487,  710,  633,  338,  408,  907,   76, 1023,  430,  209,  730,  993,  747,  853,  336,  901,  615,  233,  661,  775,  604,  858,  598,  454,  254,  776,  438,  545,  448,  722,  642,  969,  627,  920,  485,  765,  429,  852,  854,  789,  796,  601,  911,  408,  404,  645,  639,  722,  135,  727,  542,  806,  625,  246,  381,  734,  975,  234,  252,  676,  398],
        [  970,    0,  592,  807,  774,  562,  151,  677,  166,  867,  825,  119,  474,  587,  281,  557,  606,  558,  435,  427,  511,  230,  569,  789,    0,  556,  400,  429,  720,  662,  111,  213,  770,  590,  833,  471,  131,  270,  522,  550,  314,  100,  287,  222,  213,  360,  283,  881,  823,  506,  186,  386,  151, 1101,  351,  512,  456,  744,  161,  445,  762,  677,  729,  847,  553,   87,  869,  331,  107,  773,  644,  728,  446,  710,  514,  656,  995,  437,  559,  998, 1065,  704,  962,  736,  287,  767,  430,  872,   78,   79,  643,  542,   33,  381,  324,  950,  825,  530, 1065,  696,  843,  690,  423,  268,  866,  661,  615,   36,  131,  838,  631,  593,  437,  870,  597,  570,  262,  534,  810,  209,  923,  880,  500,  814,  781,  486,  581,  152,  252,  339,  186,  578,  337,  697,  611,  180,  854,  249,   69,  642,  667,  692,   62,  355,  269,  411,  711,  989,  223,  208,  619,  308,  957,  647,  840,  859,  499,  709,  937,  158,  910,  416,  885,  159, 1017,  721,  706,  866,   70,  544,  688,  586,  123,  278,  617,  547,  178,  487],
        [  908,    0,  756,  971,  694,  804,  701,  882,  617,  839,  736,  559,  259,  423,  431,  932,  261,  741,  330,  374,  509,  519,   34, 1015,  556,    0,  404,  181,  891,  307,  571,  347, 1119,   89,  758,   86,  653,  661,  262,  772,  312,  656,  297,  344,  741,  491,  274,  585,  597,  869,  715,  694,  657,  965,  233,  280,  823,  217,  481,  786, 1133,  262,  970,  860,  540,  642,  605,  261,  528,  634,   98,  330,  118, 1066,  505,  282,  874,  443,  526,  872,  960,  897,  842,  773,  654,  897,  726,  923,  483,  633,  243,  873,  588,  189,  234,  815,  973,  682,  933,  710,  642,  164,  643,  704,  486,  930,  666,  523,  529,  503,  160,  421,  472,  685,  647,  765,  704,  539,  560,  488,  951,  853,  108,  996,  284,  924,  840,  440,  409,  293,  374,  975,  220,  526,  783,  697,  560,  745,  549,  497,  631, 1053,  500,  716,  716,  843,  449,  820,  421,  497,  174,  693,  692,  638,  486,  506,  234,  383,  785,  663,  888,  640,  693,  550,  799, 1019,  440,  746,  622,  416, 1045,  647,  465,  339,  957,  857,  466,  907],
        [  611,    0,  356,  579,  398,  401,  485,  481,  340,  518,  449,  316,  161,  189,  121,  545,  274,  338,   83,   42,  138,  207,  434,  613,  400,  404,    0,  227,  494,  313,  488,  328,  720,  371,  462,  354,  414,  325,  192,  368,  147,  474,  377,  345,  481,  101,  288,  485,  424,  484,  463,  311,  402,  722,  380,  172,  443,  488,  242,  402,  738,  356,  567,  517,  181,  459,  470,  196,  304,  380,  440,  383,  306,  669,  138,  319,  617,   52,  179,  619,  694,  497,  583,  413,  308,  510,  335,  566,  335,  443,  326,  478,  424,  254,  277,  566,  585,  280,  686,  356,  445,  448,  245,  380,  492,  527,  290,  386,  287,  452,  366,  196,   74,  474,  270,  362,  385,  169,  411,  204,  605,  532,  298,  600,  487,  563,  437,  253,  469,  145,  327,  593,  307,  298,  382,  437,  459,  453,  445,  243,  299,  658,  346,  350,  397,  488,  319,  598,  455,  209,  343,  344,  557,  290,  460,  476,  195,  336,  549,  557,  566,  242,  489,  280,  620,  616,  315,  483,  462,  146,  649,  265,  280,  423,  561,  459,  223,  539],
        [  781,    0,  582,  802,  562,  625,  562,  707,  457,  701,  609,  404,  109,  291,  255,  753,  200,  565,  160,  202,  343,  347,  209,  840,  429,  181,  227,    0,  719,  260,  473,  249,  939,  171,  628,  129,  505,  489,  141,  593,  140,  526,  244,  256,  589,  311,  171,  528,  509,  690,  565,  515,  504,  861,  210,  147,  644,  320,  322,  607,  953,  256,  794,  713,  380,  511,  534,  101,  377,  516,  236,  316,   82,  886,  341,  246,  763,  270,  369,  763,  847,  723,  729,  618,  479,  731,  546,  770,  352,  499,  223,  693,  461,   67,  132,  706,  806,  507,  827,  556,  547,  268,  464,  535,  470,  751,  503,  401,  373,  461,  202,  293,  297,  586,  483,  588,  536,  375,  480,  320,  803,  715,   82,  825,  352,  749,  661,  291,  363,  117,  268,  796,  145,  411,  608,  544,  501,  585,  441,  369,  484,  873,  369,  539,  549,  669,  365,  722,  363,  328,  191,  519,  626,  485,  454,  474,  106,  326,  680,  562,  750,  460,  598,  388,  719,  840,  356,  629,  498,  271,  865,  481,  320,  298,  777,  677,  305,  730],
        [  392,    0,  142,   90,  357,  166,  696,   59,  563,  303,  372,  602,  633,  508,  528,  329,  691,  169,  562,  518,  384,  508,  922,  136,  720,  891,  494,  719,    0,  694,  830,  772,  347,  842,  356,  847,  636,  461,  642,  171,  627,  731,  842,  791,  633,  433,  760,  653,  550,  317,  636,  338,  610,  558,  861,  621,  336,  921,  592,  315,  389,  759,  122,  245,  361,  722,  609,  683,  620,  433,  908,  746,  799,  329,  388,  714,  476,  449,  378,  484,  497,   35,  456,  197,  439,   69,  297,  211,  698,  707,  742,  263,  724,  747,  760,  470,  106,  218,  530,  241,  522,  896,  304,  491,  760,  154,  238,  730,  596,  691,  814,  514,  422,  508,  253,  152,  500,  356,  578,  543,  266,  306,  783,  107,  889,  445,  164,  640,  903,  633,  759,  373,  791,  480,  117,  616,  643,  569,  787,  463,  319,  332,  698,  386,  501,  437,  587,  532,  880,  538,  789,  431,  641,  294,  718,  720,  661,  661,  487,  855,  314,  311,  521,  563,  608,  221,  591,  422,  747,  493,  322,  249,  648,  878,  272,  235,  586,  409],
        [  622,    0,  582,  761,  420,  658,  776,  703,  643,  568,  454,  607,  188,  188,  416,  836,   60,  580,  242,  272,  331,  512,  336,  828,  662,  307,  313,  260,  694,    0,  722,  505,  986,  221,  478,  331,  709,  637,  141,  623,  349,  751,  503,  514,  784,  410,  429,  282,  293,  778,  763,  614,  701,  662,  462,  152,  742,  233,  524,  699, 1012,   68,  797,  600,  340,  736,  299,  342,  587,  348,  263,   71,  305,  942,  325,   27,  577,  316,  320,  574,  663,  710,  546,  535,  620,  681,  629,  671,  586,  722,   67,  762,  691,  326,  391,  517,  756,  521,  631,  473,  340,  222,  533,  692,  211,  776,  456,  638,  575,  206,  158,  181,  342,  383,  442,  604,  697,  350,  255,  500,  688,  581,  238,  791,  196,  870,  697,  512,  623,  323,  521,  887,  403,  246,  606,  739,  256,  762,  686,  237,  388,  934,  601,  659,  709,  798,  149,  516,  622,  507,  136,  656,  387,  406,  196,  216,  165,   77,  485,  806,  614,  533,  390,  578,  493,  869,  140,  455,  730,  213,  924,  448,  542,  556,  838,  737,  505,  843],
        [ 1073,    0,  701,  917,  873,  672,  209,  787,  274,  971,  924,  229,  537,  669,  373,  659,  664,  668,  511,  510,  607,  336,  577,  898,  111,  571,  488,  473,  830,  722,    0,  229,  870,  619,  933,  487,  223,  379,  584,  660,  380,  146,  278,  228,  288,  460,  308,  958,  908,  609,  264,  496,  248, 1200,  345,  578,  560,  774,  260,  552,  859,  729,  838,  954,  650,  143,  951,  381,  214,  866,  664,  785,  472,  811,  610,  713, 1094,  530,  655, 1097, 1166,  814, 1060,  842,  397,  877,  540,  980,  154,  150,  695,  648,  112,  415,  351, 1047,  935,  639, 1164,  800,  932,  719,  532,  371,  931,  769,  720,  106,  238,  909,  669,  675,  533,  961,  702,  680,  364,  633,  892,  311, 1031,  984,  534,  924,  820,  578,  690,  235,  199,  403,  207,  675,  355,  785,  721,  267,  932,  337,   45,  730,  767,  792,  146,  462,  370,  507,  788, 1083,  173,  312,  661,  416, 1040,  748,  909,  927,  558,  777, 1032,   93, 1015,  526,  976,  268, 1107,  827,  781,  964,  109,  629,  789,  691,  211,  249,  720,  654,  274,  583],
        [  939,    0,  632,  861,  725,  636,  363,  742,  316,  844,  775,  250,  327,  485,  247,  694,  446,  604,  322,  336,  464,  277,  358,  869,  213,  347,  328,  249,  772,  505,  229,    0,  903,  391,  789,  262,  326,  395,  372,  614,  188,  312,   84,   20,  415,  346,   80,  759,  722,  635,  388,  477,  337, 1047,  140,  370,  584,  546,  200,  559,  904,  505,  813,  840,  508,  299,  758,  167,  217,  701,  438,  565,  244,  844,  465,  494,  942,  378,  506,  944, 1021,  764,  908,  731,  399,  804,  519,  881,  147,  291,  472,  657,  245,  188,  123,  890,  873,  558, 1011,  679,  753,  491,  472,  420,  716,  754,  606,  179,  229,  701,  441,  489,  392,  787,  586,  623,  417,  494,  700,  239,  925,  858,  306,  875,  592,  651,  665,  146,  142,  204,   29,  726,  128,  607,  656,  375,  732,  434,  203,  555,  627,  828,  163,  472,  427,  570,  589,  917,  129,  246,  434,  434,  849,  615,  697,  716,  342,  566,  870,  320,  891,  466,  800,  261,  929,  830,  582,  807,  277,  449,  822,  579,  156,  107,  740,  652,  197,  643],
        [  723,    0,  411,  348,  701,  329,  679,  307,  608,  645,  719,  669,  879,  801,  697,  213,  969,  408,  801,  756,  656,  631, 1148,  243,  770, 1119,  720,  939,  347,  986,  870,  903,    0, 1091,  703, 1057,  648,  512,  902,  364,  816,  735,  985,  921,  598,  628,  920,  991,  888,  269,  616,  433,  623,  887, 1024,  881,  320, 1198,  703,  345,   50, 1046,  226,  584,  649,  733,  948,  873,  698,  772, 1160, 1047, 1011,   60,  662, 1003,  814,  691,  669,  823,  824,  316,  799,  543,  504,  404,  396,  532,  784,  723, 1023,  250,  760,  946,  936,  815,  375,  466,  863,  579,  865, 1163,  477,  502, 1086,  215,  551,  794,  680, 1020, 1080,  808,  662,  853,  558,  384,  509,  637,  913,  668,  580,  645, 1015,  318, 1180,  306,  290,  757, 1006,  831,  881,  199,  966,  803,  390,  607,  979,  538,  837,  775,  646,   79,  776,  432,  502,  365,  903,  876,  979,  661, 1056,  472,  986,  616, 1044, 1050,  912,  969,  833,  858,  647,  480,  866,  646,  954,  128,  906,  769,  766,  774,   82,  548,  751, 1004,  165,  263,  707,  291],
        [  832,    0,  712,  919,  621,  768,  728,  838,  628,  768,  660,  574,  213,  354,  422,  912,  180,  700,  290,  336,  458,  517,  117,  970,  590,   89,  371,  171,  842,  221,  619,  391, 1091,    0,  683,  144,  673,  658,  201,  735,  310,  688,  355,  392,  759,  466,  312,  497,  513,  850,  734,  675,  674,  882,  297,  221,  806,  156,  492,  767, 1108,  173,  929,  792,  484,  674,  519,  269,  546,  557,   70,  241,  148, 1039,  454,  196,  793,  403,  468,  791,  880,  850,  762,  711,  648,  842,  703,  858,  514,  662,  156,  848,  622,  210,  269,  734,  919,  640,  850,  647,  559,  101,  615,  705,  398,  894,  610,  558,  543,  415,   72,  351,  432,  602,  592,  724,  707,  486,  475,  490,  882,  782,   91,  945,  208,  916,  806,  459,  473,  287,  414,  958,  265,  450,  738,  714,  473,  755,  592,  425,  566, 1028,  530,  705,  719,  837,  366,  736,  481,  499,   86,  687,  604,  576,  397,  417,  182,  297,  703,  710,  816,  612,  610,  559,  713,  985,  357,  667,  658,  355, 1019,  594,  487,  403,  931,  829,  476,  896],
