{
    "name": "random-34-3326",
    "comment": "size=34 seed=3326",
    "nodes": ["+0", "-0", "+1", "-1", "+2", "-2", "+3", "-3", "+4", "-4", "+5", "-5", "+6", "-6", "+7", "-7", "+8", "-8", "+9", "-9", "+10", "-10", "+11", "-11", "+12", "-12", "+13", "-13", "+14", "-14", "+15", "-15", "+16", "-16", "+17", "-17", "+18", "-18", "+19", "-19", "+20", "-20", "+21", "-21", "+22", "-22", "+23", "-23", "+24", "-24", "+25", "-25", "+26", "-26", "+27", "-27", "+28", "-28", "+29", "-29", "+30", "-30", "+31", "-31", "+32", "-32", "+33", "-33", "+34", "-34"],
    "precedence": {
        "+0": "-0",
        "+1": "-1",
        "+2": "-2",
        "+3": "-3",
        "+4": "-4",
        "+5": "-5",
        "+6": "-6",
        "+7": "-7",
        "+8": "-8",
        "+9": "-9",
        "+10": "-10",
        "+11": "-11",
        "+12": "-12",
        "+13": "-13",
        "+14": "-14",
        "+15": "-15",
        "+16": "-16",
        "+17": "-17",
        "+18": "-18",
        "+19": "-19",
        "+20": "-20",
        "+21": "-21",
        "+22": "-22",
        "+23": "-23",
        "+24": "-24",
        "+25": "-25",
        "+26": "-26",
        "+27": "-27",
        "+28": "-28",
        "+29": "-29",
        "+30": "-30",
        "+31": "-31",
        "+32": "-32",
        "+33": "-33",
        "+34": "-34"
    },
    "edges": [
        [    0,    0,  342,  611,  301,  434,  819,  239,  419,  944,  666,  237,  840,  940,  137,  313,  647,  131,  787,  192,  116,  471,  807,  598,  366,   42,  599,  541,  524,  200,  115,   79,  359,  844,  926,  826,  432,  543,  102,  406,  225,  341,  573,  416,  360,  782,  600,   98,  134,  642,  261,  180,  329,  629,  195,  151,  748,  476,  686,  630,  521,  782,  238,  826,   62,  387,  263,  889,  394,  724],
        [    0,    0,  342,  611,  301,  434,  819,  239,  419,  944,  666,  237,  840,  940,  137,  313,  647,  131,  787,  192,  116,  471,  807,  598,  366,   42,  599,  541,  524,  200,  115,   79,  359,  844,  926,  826,  432,  543,  102,  406,  225,  341,  573,  416,  360,  782,  600,   98,  134,  642,  261,  180,  329,  629,  195,  151,  748,  476,  686,  630,  521,  782,  238,  826,   62,  387,  263,  889,  394,  724],
        [  342,  342,    0,  302,  399,  292,  478,  110,  236,  614,  506,  295,  561,  850,  281,  559,  431,  224,  597,  154,  441,  149,  465,  545,  102,  307,  431,  308,  242,  338,  254,  402,   54,  689,  642,  555,  688,  383,  419,  530,  170,  321,  403,  517,  397,  559,  603,  246,  333,  439,  209,  489,  316,  293,  221,  340,  460,  229,  393,  582,  217,  480,  157,  734,  362,  376,  112,  599,  581,  546],
        [  611,  611,  302,    0,  697,  538,  320,  378,  478,  508,  688,  595,  594, 1043,  578,  859,  580,  513,  737,  442,  721,  153,  297,  788,  365,  584,  623,  162,  386,  639,  544,  682,  263,  848,  649,  603,  988,  592,  702,  825,  471,  607,  601,  810,  687,  672,  863,  516,  551,  600,  378,  776,  413,  107,  433,  549,  501,  423,  444,  823,   91,  485,  376,  935,  645,  656,  350,  602,  881,  705],
        [  301,  301,  399,  697,    0,  251,  789,  363,  281,  856,  427,  108,  678,  649,  185,  214,  453,  254,  553,  295,  278,  546,  785,  311,  340,  274,  376,  696,  427,  104,  232,  269,  447,  583,  764,  657,  324,  329,  262,  133,  236,  121,  358,  128,   74,  572,  300,  303,  423,  437,  472,  265,  576,  667,  418,  440,  609,  364,  564,  339,  615,  658,  414,  538,  249,  123,  403,  738,  190,  489],
        [  434,  434,  292,  538,  251,    0,  557,  332,   61,  608,  240,  215,  433,  564,  301,  464,  218,  317,  355,  299,  471,  405,  557,  256,  193,  393,  167,  591,  191,  278,  321,  445,  345,  424,  519,  413,  572,  111,  449,  340,  228,  131,  140,  315,  197,  350,  325,  375,  508,  209,  464,  483,  581,  479,  441,  522,  359,  131,  314,  293,  475,  407,  399,  446,  409,  147,  365,  490,  427,  294],
        [  819,  819,  478,  320,  789,  557,    0,  586,  512,  193,  589,  710,  363,  909,  739,  990,  472,  695,  581,  628,  912,  379,   25,  750,  471,  783,  551,  482,  367,  771,  722,  874,  472,  696,  386,  383, 1111,  549,  890,  895,  619,  673,  541,  871,  750,  500,  845,  723,  800,  498,  643,  953,  708,  228,  681,  804,  307,  429,  290,  778,  371,  262,  615,  821,  833,  703,  575,  343,  976,  577],
        [  239,  239,  110,  378,  363,  332,  586,    0,  288,  724,  566,  256,  660,  894,  207,  489,  508,  136,  669,   71,  344,  233,  572,  570,  174,  208,  490,  339,  336,  281,  168,  305,  121,  751,  742,  651,  618,  437,  324,  495,  132,  316,  462,  489,  381,  641,  611,  142,  224,  511,  133,  399,  249,  391,  119,  232,  560,  308,  494,  607,  288,  584,   68,  777,  268,  375,   41,  700,  530,  612],
        [  419,  419,  236,  478,  281,   61,  512,  288,    0,  578,  278,  223,  426,  616,  293,  491,  231,  295,  385,  264,  470,  344,  510,  316,  135,  377,  203,  532,  146,  288,  304,  441,  288,  464,  513,  410,  605,  151,  448,  384,  200,  162,  175,  361,  239,  366,  386,  349,  479,  229,  419,  491,  534,  421,  401,  492,  343,   83,  290,  353,  414,  386,  354,  499,  402,  194,  317,  480,  465,  326],
        [  944,  944,  614,  508,  856,  608,  193,  724,  578,    0,  560,  796,  265,  829,  845, 1068,  456,  815,  512,  753, 1024,  544,  217,  744,  580,  905,  547,  669,  437,  860,  837,  989,  621,  618,  245,  292, 1179,  564, 1001,  943,  727,  736,  546,  916,  804,  430,  844,  852,  946,  481,  801, 1056,  878,  410,  830,  952,  268,  497,  295,  765,  550,  212,  764,  761,  948,  752,  721,  217, 1034,  529],
        [  666,  666,  506,  688,  427,  240,  589,  566,  278,  560,    0,  435,  313,  356,  531,  628,  118,  555,  127,  537,  688,  584,  598,  192,  406,  627,   76,  779,  304,  491,  556,  668,  555,  186,  384,  285,  707,  130,  668,  453,  467,  333,  104,  422,  354,  161,  292,  613,  747,   93,  696,  687,  812,  602,  678,  761,  297,  283,  300,  208,  646,  352,  632,  248,  634,  305,  594,  375,  554,   63],
        [  237,  237,  295,  595,  108,  215,  710,  256,  223,  796,  435,    0,  645,  705,  103,  280,  432,  157,  559,  189,  257,  443,  704,  364,  246,  201,  371,  588,  360,   66,  142,  234,  341,  608,  732,  627,  404,  317,  235,  241,  129,  105,  347,  234,  136,  562,  378,  212,  342,  422,  369,  270,  477,  571,  319,  359,  564,  300,  512,  397,  511,  608,  309,  590,  200,  152,  296,  701,  287,  495],
        [  840,  840,  561,  594,  678,  433,  363,  660,  426,  265,  313,  645,    0,  566,  718,  892,  231,  711,  248,  665,  896,  558,  382,  504,  488,  798,  320,  734,  325,  709,  725,  867,  590,  354,   87,   29,  989,  355,  874,  740,  616,  562,  329,  710,  615,  167,  604,  760,  878,  252,  769,  914,  870,  488,  778,  889,  103,  365,  170,  519,  595,  111,  716,  497,  827,  561,  671,   63,  837,  272],
        [  940,  940,  850, 1043,  649,  564,  909,  894,  616,  829,  356,  705,  566,    0,  807,  791,  464,  853,  328,  853,  926,  939,  923,  342,  749,  906,  426, 1133,  659,  743,  844,  917,  902,  214,  595,  539,  818,  469,  910,  598,  778,  605,  452,  573,  582,  410,  362,  911, 1044,  444, 1027,  903, 1143,  954,  997, 1061,  602,  636,  630,  311, 1002,  650,  961,  118,  894,  554,  928,  614,  684,  341],
        [  137,  137,  281,  578,  185,  301,  739,  207,  293,  845,  531,  103,  718,  807,    0,  282,  517,   76,  653,  138,  181,  427,  729,  466,  269,   99,  464,  545,  413,   84,   48,  149,  316,  708,  805,  702,  412,  409,  158,  309,  121,  205,  439,  310,  233,  650,  476,  119,  242,  509,  295,  215,  394,  573,  237,  259,  631,  359,  573,  499,  489,  669,  244,  692,  110,  254,  245,  771,  327,  589],
        [  313,  313,  559,  859,  214,  464,  990,  489,  491, 1068,  628,  280,  892,  791,  282,    0,  664,  354,  752,  420,  216,  707,  984,  479,  525,  313,  584,  824,  634,  224,  322,  240,  597,  766,  977,  870,  130,  540,  218,  194,  390,  334,  568,  222,  279,  780,  429,  375,  444,  647,  560,  157,  640,  846,  495,  461,  823,  572,  777,  497,  771,  871,  519,  693,  253,  332,  525,  951,  115,  689],
        [  647,  647,  431,  580,  453,  218,  472,  508,  231,  456,  118,  432,  231,  464,  517,  664,    0,  525,  167,  493,  688,  488,  481,  289,  336,  606,   92,  682,  204,  494,  533,  662,  475,  270,  313,  207,  759,  125,  666,  509,  430,  340,   99,  480,  386,  136,  389,  580,  709,   27,  634,  699,  746,  490,  625,  721,  189,  203,  183,  313,  546,  245,  572,  362,  625,  333,  531,  293,  607,  126],
        [  131,  131,  224,  513,  254,  317,  695,  136,  295,  815,  555,  157,  711,  853,   76,  354,  525,    0,  672,   72,  218,  364,  684,  514,  236,   90,  484,  471,  393,  158,   33,  179,  251,  737,  797,  698,  483,  428,  196,  382,   96,  248,  457,  382,  292,  660,  534,   60,  194,  521,  220,  266,  322,  516,  165,  209,  618,  347,  556,  549,  423,  652,  168,  736,  139,  303,  172,  760,  403,  610],
        [  787,  787,  597,  737,  553,  355,  581,  669,  385,  512,  127,  559,  248,  328,  653,  752,  167,  672,    0,  648,  813,  653,  596,  297,  501,  747,  189,  847,  370,  616,  675,  792,  642,  116,  299,  220,  828,  245,  792,  574,  581,  457,  216,  543,  480,   84,  390,  729,  861,  159,  797,  813,  910,  641,  784,  875,  275,  369,  306,  301,  709,  324,  735,  249,  758,  431,  694,  304,  675,   65],
        [  192,  192,  154,  442,  295,  299,  628,   71,  264,  753,  537,  189,  665,  853,  138,  420,  493,   72,  648,    0,  288,  293,  616,  521,  179,  155,  463,  409,  342,  211,  102,  249,  181,  722,  749,  653,  550,  408,  266,  427,   76,  260,  435,  423,  319,  628,  554,   99,  217,  493,  183,  337,  296,  445,  145,  229,  569,  303,  504,  557,  353,  598,  121,  735,  209,  318,  110,  710,  460,  588],
        [  116,  116,  441,  721,  278,  471,  912,  344,  470, 1024,  688,  257,  896,  926,  181,  216,  688,  218,  813,  288,    0,  577,  901,  588,  446,  138,  627,  656,  593,  198,  190,   40,  464,  855,  983,  879,  326,  573,   23,  351,  297,  356,  603,  368,  349,  819,  571,  206,  235,  678,  377,   67,  439,  732,  311,  251,  810,  539,  753,  616,  631,  849,  351,  816,   79,  389,  372,  949,  314,  749],
        [  471,  471,  149,  153,  546,  405,  379,  233,  344,  544,  584,  443,  558,  939,  427,  707,  488,  364,  653,  293,  577,    0,  361,  659,  220,  440,  513,  196,  284,  487,  395,  537,  114,  757,  628,  559,  836,  474,  557,  675,  319,  460,  488,  662,  539,  599,  728,  374,  429,  503,  265,  630,  335,  163,  308,  430,  456,  304,  391,  696,   71,  458,  244,  826,  500,  512,  210,  581,  730,  612],
        [  807,  807,  465,  297,  785,  557,   25,  572,  510,  217,  598,  704,  382,  923,  729,  984,  481,  684,  596,  616,  901,  361,    0,  756,  463,  771,  558,  459,  366,  764,  711,  863,  457,  711,  408,  402, 1106,  554,  879,  893,  609,  670,  547,  870,  748,  515,  850,  710,  785,  507,  625,  943,  688,  207,  665,  788,  322,  428,  300,  785,  350,  279,  599,  834,  823,  702,  559,  365,  973,  589],
        [  598,  598,  545,  788,  311,  256,  750,  570,  316,  744,  192,  364,  504,  342,  466,  479,  289,  514,  297,  521,  588,  659,  756,    0,  448,  564,  201,  847,  413,  401,  504,  578,  599,  288,  575,  476,  539,  205,  571,  290,  446,  266,  209,  260,  241,  351,  101,  572,  704,  263,  700,  571,  815,  718,  664,  721,  477,  366,  466,   38,  728,  534,  635,  229,  553,  213,  606,  566,  388,  244],
        [  366,  366,  102,  365,  340,  193,  471,  174,  135,  580,  406,  246,  488,  749,  269,  525,  336,  236,  501,  179,  446,  220,  463,  448,    0,  326,  330,  400,  164,  302,  258,  410,  153,  590,  572,  479,  650,  282,  423,  464,  149,  243,  303,  447,  323,  468,  510,  277,  391,  342,  298,  483,  410,  327,  293,  401,  391,  135,  326,  485,  291,  420,  237,  633,  369,  293,  195,  532,  528,  447],
        [   42,   42,  307,  584,  274,  393,  783,  208,  377,  905,  627,  201,  798,  906,   99,  313,  606,   90,  747,  155,  138,  440,  771,  564,  326,    0,  558,  523,  482,  171,   74,   98,  328,  805,  885,  784,  438,  503,  119,  386,  183,  304,  532,  393,  329,  741,  570,   69,  150,  601,  249,  196,  329,  597,  184,  168,  707,  435,  645,  597,  494,  741,  216,  791,   64,  352,  235,  848,  384,  684],
        [  599,  599,  431,  623,  376,  167,  551,  490,  203,  547,   76,  371,  320,  426,  464,  584,   92,  484,  189,  463,  627,  513,  558,  201,  330,  558,    0,  708,  238,  430,  487,  604,  480,  261,  400,  295,  674,   56,  606,  422,  394,  272,   29,  392,  306,  197,  300,  542,  674,   69,  621,  631,  736,  542,  603,  689,  280,  211,  266,  227,  577,  336,  557,  314,  570,  254,  519,  382,  521,  127],
        [  541,  541,  308,  162,  696,  591,  482,  339,  532,  669,  779,  588,  734, 1133,  545,  824,  682,  471,  847,  409,  656,  196,  459,  847,  400,  523,  708,    0,  479,  619,  502,  618,  255,  952,  796,  738,  953,  668,  640,  828,  460,  627,  682,  819,  702,  790,  909,  456,  453,  698,  283,  718,  279,  261,  348,  446,  635,  498,  573,  884,  140,  628,  308, 1020,  587,  683,  300,  748,  868,  806],
        [  524,  524,  242,  386,  427,  191,  367,  336,  146,  437,  304,  360,  325,  659,  413,  634,  204,  393,  370,  342,  593,  284,  366,  413,  164,  482,  238,  479,    0,  424,  411,  560,  279,  474,  409,  316,  750,  210,  570,  528,  300,  308,  216,  505,  383,  322,  499,  439,  554,  219,  450,  621,  557,  307,  454,  564,  227,   63,  164,  446,  344,  259,  394,  550,  519,  336,  350,  369,  611,  328],
        [  200,  200,  338,  639,  104,  278,  771,  281,  288,  860,  491,   66,  709,  743,   84,  224,  494,  158,  616,  211,  198,  487,  764,  401,  302,  171,  430,  619,  424,    0,  132,  179,  379,  659,  796,  691,  351,  377,  178,  225,  168,  159,  407,  227,  162,  623,  401,  202,  319,  483,  377,  205,  478,  623,  321,  337,  629,  364,  577,  432,  552,  673,  324,  630,  152,  194,  320,  765,  250,  551],
        [  115,  115,  254,  544,  232,  321,  722,  168,  304,  837,  556,  142,  725,  844,   48,  322,  533,   33,  675,  102,  190,  395,  711,  504,  258,   74,  487,  502,  411,  132,    0,  153,  283,  736,  812,  711,  451,  431,  168,  357,  112,  240,  460,  358,  276,  668,  519,   72,  201,  528,  248,  236,  346,  546,  189,  218,  634,  362,  574,  538,  455,  670,  199,  728,  112,  292,  204,  775,  373,  613],
        [   79,   79,  402,  682,  269,  445,  874,  305,  441,  989,  668,  234,  867,  917,  149,  240,  662,  179,  792,  249,   40,  537,  863,  578,  410,   98,  604,  618,  560,  179,  153,    0,  425,  838,  953,  850,  356,  550,   24,  356,  262,  336,  580,  370,  337,  794,  567,  166,  205,  653,  339,  101,  406,  693,  273,  222,  779,  507,  721,  607,  591,  817,  312,  806,   42,  373,  333,  919,  330,  728],
        [  359,  359,   54,  263,  447,  345,  472,  121,  288,  621,  555,  341,  590,  902,  316,  597,  475,  251,  642,  181,  464,  114,  457,  599,  153,  328,  480,  255,  279,  379,  283,  425,    0,  737,  668,  586,  726,  433,  444,  578,  213,  373,  453,  567,  449,  600,  656,  262,  329,  485,  183,  517,  280,  271,  210,  333,  488,  274,  421,  636,  174,  503,  144,  786,  387,  429,  103,  624,  626,  592],
        [  844,  844,  689,  848,  583,  424,  696,  751,  464,  618,  186,  608,  354,  214,  708,  766,  270,  737,  116,  722,  855,  757,  711,  288,  590,  805,  261,  952,  474,  659,  736,  838,  737,    0,  390,  327,  825,  315,  836,  577,  651,  504,  290,  547,  510,  197,  363,  796,  930,  255,  882,  847,  997,  754,  863,  945,  390,  463,  421,  277,  816,  437,  818,  154,  807,  467,  780,  404,  676,  146],
        [  926,  926,  642,  649,  764,  519,  386,  742,  513,  245,  384,  732,   87,  595,  805,  977,  313,  797,  299,  749,  983,  628,  408,  575,  572,  885,  400,  796,  409,  796,  812,  953,  668,  390,    0,  107, 1072,  438,  961,  821,  702,  648,  412,  791,  699,  227,  674,  846,  962,  333,  849, 1001,  947,  543,  860,  972,  183,  451,  250,  587,  659,  170,  798,  541,  914,  645,  753,   48,  920,  335],
        [  826,  826,  555,  603,  657,  413,  383,  651,  410,  292,  285,  627,   29,  539,  702,  870,  207,  698,  220,  653,  879,  559,  402,  476,  479,  784,  295,  738,  316,  691,  711,  850,  586,  327,  107,    0,  966,  331,  857,  715,  602,  542,  305,  685,  592,  139,  576,  748,  868,  227,  763,  896,  866,  498,  769,  879,  104,  352,  169,  491,  599,  125,  709,  469,  811,  538,  664,   90,  813,  243],
        [  432,  432,  688,  988,  324,  572, 1111,  618,  605, 1179,  707,  404,  989,  818,  412,  130,  759,  483,  828,  550,  326,  836, 1106,  539,  650,  438,  674,  953,  750,  351,  451,  356,  726,  825, 1072,  966,    0,  635,  333,  255,  518,  444,  661,  286,  378,  865,  469,  501,  560,  740,  686,  260,  761,  973,  621,  576,  927,  688,  886,  549,  900,  978,  647,  732,  376,  431,  655, 1050,  154,  768],
        [  543,  543,  383,  592,  329,  111,  549,  437,  151,  564,  130,  317,  355,  469,  409,  540,  125,  428,  245,  408,  573,  474,  554,  205,  282,  503,   56,  668,  210,  377,  431,  550,  433,  315,  438,  331,  635,    0,  552,  387,  338,  220,   31,  358,  262,  247,  296,  486,  619,  109,  569,  579,  684,  517,  549,  633,  300,  172,  274,  237,  541,  354,  504,  354,  515,  208,  467,  416,  483,  183],
        [  102,  102,  419,  702,  262,  449,  890,  324,  448, 1001,  668,  235,  874,  910,  158,  218,  666,  196,  792,  266,   23,  557,  879,  571,  423,  119,  606,  640,  570,  178,  168,   24,  444,  836,  961,  857,  333,  552,    0,  342,  275,  336,  582,  357,  331,  797,  557,  187,  228,  657,  362,   79,  429,  711,  296,  244,  788,  516,  730,  600,  611,  827,  334,  799,   58,  370,  353,  927,  311,  728],
        [  406,  406,  530,  825,  133,  340,  895,  495,  384,  943,  453,  241,  740,  598,  309,  194,  509,  382,  574,  427,  351,  675,  893,  290,  464,  386,  422,  828,  528,  225,  357,  356,  578,  577,  821,  715,  255,  387,  342,    0,  369,  226,  411,   31,  146,  611,  237,  426,  536,  489,  601,  314,  702,  789,  545,  554,  684,  466,  648,  305,  745,  736,  545,  500,  347,  193,  536,  801,  101,  513],
        [  225,  225,  170,  471,  236,  228,  619,  132,  200,  727,  467,  129,  616,  778,  121,  390,  430,   96,  581,   76,  297,  319,  609,  446,  149,  183,  394,  460,  300,  168,  112,  262,  213,  651,  702,  602,  518,  338,  275,  369,    0,  186,  367,  360,  250,  566,  481,  150,  281,  428,  256,  335,  370,  457,  220,  295,  524,  252,  463,  482,  385,  558,  193,  661,  221,  245,  172,  665,  413,  520],
        [  341,  341,  321,  607,  121,  131,  673,  316,  162,  736,  333,  105,  562,  605,  205,  334,  340,  248,  457,  260,  356,  460,  670,  266,  243,  304,  272,  627,  308,  159,  240,  336,  373,  504,  648,  542,  444,  220,  336,  226,  186,    0,  250,  207,   81,  466,  295,  307,  440,  327,  442,  360,  555,  565,  401,  456,  490,  245,  444,  301,  530,  538,  378,  489,  304,   59,  355,  620,  304,  393],
        [  573,  573,  403,  601,  358,  140,  541,  462,  175,  546,  104,  347,  329,  452,  439,  568,   99,  457,  216,  435,  603,  488,  547,  209,  303,  532,   29,  682,  216,  407,  460,  580,  453,  290,  412,  305,  661,   31,  582,  411,  367,  250,    0,  381,  290,  217,  305,  515,  647,   80,  593,  609,  708,  522,  575,  661,  280,  185,  260,  239,  553,  336,  529,  338,  545,  236,  491,  391,  509,  154],
        [  416,  416,  517,  810,  128,  315,  871,  489,  361,  916,  422,  234,  710,  573,  310,  222,  480,  382,  543,  423,  368,  662,  870,  260,  447,  393,  392,  819,  505,  227,  358,  370,  567,  547,  791,  685,  286,  358,  357,   31,  360,  207,  381,    0,  126,  581,  211,  429,  543,  459,  599,  335,  703,  771,  546,  561,  656,  442,  621,  276,  732,  708,  542,  472,  358,  169,  530,  772,  132,  483],
        [  360,  360,  397,  687,   74,  197,  750,  381,  239,  804,  354,  136,  615,  582,  233,  279,  386,  292,  480,  319,  349,  539,  748,  241,  323,  329,  306,  702,  383,  162,  276,  337,  449,  510,  699,  592,  378,  262,  331,  146,  250,   81,  290,  126,    0,  502,  244,  347,  474,  369,  501,  338,  611,  646,  454,  491,  550,  321,  510,  271,  609,  601,  440,  470,  312,   54,  422,  675,  231,  416],
        [  782,  782,  559,  672,  572,  350,  500,  641,  366,  430,  161,  562,  167,  410,  650,  780,  136,  660,   84,  628,  819,  599,  515,  351,  468,  741,  197,  790,  322,  623,  668,  794,  600,  197,  227,  139,  865,  247,  797,  611,  566,  466,  217,  581,  502,    0,  449,  715,  844,  141,  765,  826,  875,  573,  759,  857,  194,  334,  232,  362,  651,  241,  704,  332,  758,  450,  662,  225,  711,  109],
        [  600,  600,  603,  863,  300,  325,  845,  611,  386,  844,  292,  378,  604,  362,  476,  429,  389,  534,  390,  554,  571,  728,  850,  101,  510,  570,  300,  909,  499,  401,  519,  567,  656,  363,  674,  576,  469,  296,  557,  237,  481,  295,  305,  211,  244,  449,    0,  590,  717,  363,  737,  543,  849,  800,  694,  734,  578,  447,  564,   90,  798,  634,  673,  265,  548,  237,  649,  666,  326,  341],
        [   98,   98,  246,  516,  303,  375,  723,  142,  349,  852,  613,  212,  760,  911,  119,  375,  580,   60,  729,   99,  206,  374,  710,  572,  277,   69,  542,  456,  439,  202,   72,  166,  262,  796,  846,  748,  501,  486,  187,  426,  150,  307,  515,  429,  347,  715,  590,    0,  135,  578,  186,  264,  277,  532,  123,  150,  666,  397,  602,  607,  425,  696,  148,  795,  132,  361,  167,  807,  437,  668],
        [  134,  134,  333,  551,  423,  508,  800,  224,  479,  946,  747,  342,  878, 1044,  242,  444,  709,  194,  861,  217,  235,  429,  785,  704,  391,  150,  674,  453,  554,  319,  201,  205,  329,  930,  962,  868,  560,  619,  228,  536,  281,  440,  647,  543,  474,  844,  717,  135,    0,  708,  175,  302,  206,  590,  121,   18,  781,  519,  715,  738,  464,  807,  186,  928,  195,  492,  227,  922,  527,  800],
        [  642,  642,  439,  600,  437,  209,  498,  511,  229,  481,   93,  422,  252,  444,  509,  647,   27,  521,  159,  493,  678,  503,  507,  263,  342,  601,   69,  698,  219,  483,  528,  653,  485,  255,  333,  227,  740,  109,  657,  489,  428,  327,   80,  459,  369,  141,  363,  578,  708,    0,  639,  687,  752,  511,  627,  721,  215,  211,  209,  286,  562,  271,  577,  339,  617,  316,  536,  315,  587,  109],
        [  261,  261,  209,  378,  472,  464,  643,  133,  419,  801,  696,  369,  769, 1027,  295,  560,  634,  220,  797,  183,  377,  265,  625,  700,  298,  249,  621,  283,  450,  377,  248,  339,  183,  882,  849,  763,  686,  569,  362,  601,  256,  442,  593,  599,  501,  765,  737,  186,  175,  639,    0,  440,  117,  425,   67,  172,  668,  432,  600,  737,  292,  685,   66,  909,  312,  500,  104,  805,  620,  742],
        [  180,  180,  489,  776,  265,  483,  953,  399,  491, 1056,  687,  270,  914,  903,  215,  157,  699,  266,  813,  337,   67,  630,  943,  571,  483,  196,  631,  718,  621,  205,  236,  101,  517,  847, 1001,  896,  260,  579,   79,  314,  335,  360,  609,  335,  338,  826,  543,  264,  302,  687,  440,    0,  505,  782,  374,  317,  833,  564,  778,  596,  686,  875,  411,  796,  133,  383,  429,  970,  263,  749],
        [  329,  329,  316,  413,  576,  581,  708,  249,  534,  878,  812,  477,  870, 1143,  394,  640,  746,  322,  910,  296,  439,  335,  688,  815,  410,  329,  736,  279,  557,  478,  346,  406,  280,  997,  947,  866,  761,  684,  429,  702,  370,  555,  708,  703,  611,  875,  849,  277,  206,  752,  117,  505,    0,  482,  158,  194,  768,  543,  700,  852,  340,  780,  182, 1025,  387,  613,  218,  902,  712,  856],
        [  629,  629,  293,  107,  667,  479,  228,  391,  421,  410,  602,  571,  488,  954,  573,  846,  490,  516,  641,  445,  732,  163,  207,  718,  327,  597,  542,  261,  307,  623,  546,  693,  271,  754,  543,  498,  973,  517,  711,  789,  457,  565,  522,  771,  646,  573,  800,  532,  590,  511,  425,  782,  482,    0,  470,  592,  396,  354,  342,  752,  143,  379,  406,  849,  654,  609,  371,  495,  855,  614],
        [  195,  195,  221,  433,  418,  441,  681,  119,  401,  830,  678,  319,  778,  997,  237,  495,  625,  165,  784,  145,  311,  308,  665,  664,  293,  184,  603,  348,  454,  321,  189,  273,  210,  863,  860,  769,  621,  549,  296,  545,  220,  401,  575,  546,  454,  759,  694,  123,  121,  627,   67,  374,  158,  470,    0,  123,  678,  427,  611,  700,  345,  699,   67,  879,  246,  459,  110,  817,  559,  727],
        [  151,  151,  340,  549,  440,  522,  804,  232,  492,  952,  761,  359,  889, 1061,  259,  461,  721,  209,  875,  229,  251,  430,  788,  721,  401,  168,  689,  446,  564,  337,  218,  222,  333,  945,  972,  879,  576,  633,  244,  554,  295,  456,  661,  561,  491,  857,  734,  150,   18,  721,  172,  317,  194,  592,  123,    0,  790,  530,  724,  755,  463,  815,  189,  944,  212,  509,  232,  931,  545,  815],
        [  748,  748,  460,  501,  609,  359,  307,  560,  343,  268,  297,  564,  103,  602,  631,  823,  189,  618,  275,  569,  810,  456,  322,  477,  391,  707,  280,  635,  227,  629,  634,  779,  488,  390,  183,  104,  927,  300,  788,  684,  524,  490,  280,  656,  550,  194,  578,  666,  781,  215,  668,  833,  768,  396,  678,  790,    0,  273,   68,  500,  496,   57,  616,  517,  739,  497,  571,  142,  778,  274],
        [  476,  476,  229,  423,  364,  131,  429,  308,   83,  497,  283,  300,  365,  636,  359,  572,  203,  347,  369,  303,  539,  304,  428,  366,  135,  435,  211,  498,   63,  364,  362,  507,  274,  463,  451,  352,  688,  172,  516,  466,  252,  245,  185,  442,  321,  334,  447,  397,  519,  211,  432,  564,  543,  354,  427,  530,  273,    0,  215,  401,  369,  311,  371,  523,  467,  274,  329,  414,  548,  319],
        [  686,  686,  393,  444,  564,  314,  290,  494,  290,  295,  300,  512,  170,  630,  573,  777,  183,  556,  306,  504,  753,  391,  300,  466,  326,  645,  266,  573,  164,  577,  574,  721,  421,  421,  250,  169,  886,  274,  730,  648,  463,  444,  260,  621,  510,  232,  564,  602,  715,  209,  600,  778,  700,  342,  611,  724,   68,  215,    0,  492,  433,   97,  549,  536,  680,  458,  504,  207,  740,  291],
        [  630,  630,  582,  823,  339,  293,  778,  607,  353,  765,  208,  397,  519,  311,  499,  497,  313,  549,  301,  557,  616,  696,  785,   38,  485,  597,  227,  884,  446,  432,  538,  607,  636,  277,  587,  491,  549,  237,  600,  305,  482,  301,  239,  276,  271,  362,   90,  607,  738,  286,  737,  596,  852,  752,  700,  755,  500,  401,  492,    0,  765,  556,  672,  201,  583,  247,  643,  581,  401,  253],
        [  521,  521,  217,   91,  615,  475,  371,  288,  414,  550,  646,  511,  595, 1002,  489,  771,  546,  423,  709,  353,  631,   71,  350,  728,  291,  494,  577,  140,  344,  552,  455,  591,  174,  816,  659,  599,  900,  541,  611,  745,  385,  530,  553,  732,  609,  651,  798,  425,  464,  562,  292,  686,  340,  143,  345,  463,  496,  369,  433,  765,    0,  491,  286,  890,  555,  582,  259,  612,  797,  671],
        [  782,  782,  480,  485,  658,  407,  262,  584,  386,  212,  352,  608,  111,  650,  669,  871,  245,  652,  324,  598,  849,  458,  279,  534,  420,  741,  336,  628,  259,  673,  670,  817,  503,  437,  170,  125,  978,  354,  827,  736,  558,  538,  336,  708,  601,  241,  634,  696,  807,  271,  685,  875,  780,  379,  699,  815,   57,  311,   97,  556,  491,    0,  636,  569,  777,  548,  591,  123,  830,  328],
        [  238,  238,  157,  376,  414,  399,  615,   68,  354,  764,  632,  309,  716,  961,  244,  519,  572,  168,  735,  121,  351,  244,  599,  635,  237,  216,  557,  308,  394,  324,  199,  312,  144,  818,  798,  709,  647,  504,  334,  545,  193,  378,  529,  542,  440,  704,  673,  148,  186,  577,   66,  411,  182,  406,   67,  189,  616,  371,  549,  672,  286,  636,    0,  844,  280,  437,   46,  755,  571,  679],
        [  826,  826,  734,  935,  538,  446,  821,  777,  499,  761,  248,  590,  497,  118,  692,  693,  362,  736,  249,  735,  816,  826,  834,  229,  633,  791,  314, 1020,  550,  630,  728,  806,  786,  154,  541,  469,  732,  354,  799,  500,  661,  489,  338,  472,  470,  332,  265,  795,  928,  339,  909,  796, 1025,  849,  879,  944,  517,  523,  536,  201,  890,  569,  844,    0,  781,  439,  810,  551,  591,  245],
        [   62,   62,  362,  645,  249,  409,  833,  268,  402,  948,  634,  200,  827,  894,  110,  253,  625,  139,  758,  209,   79,  500,  823,  553,  369,   64,  570,  587,  519,  152,  112,   42,  387,  807,  914,  811,  376,  515,   58,  347,  221,  304,  545,  358,  312,  758,  548,  132,  195,  617,  312,  133,  387,  654,  246,  212,  739,  467,  680,  583,  555,  777,  280,  781,    0,  344,  297,  879,  333,  694],
        [  387,  387,  376,  656,  123,  147,  703,  375,  194,  752,  305,  152,  561,  554,  254,  332,  333,  303,  431,  318,  389,  512,  702,  213,  293,  352,  254,  683,  336,  194,  292,  373,  429,  467,  645,  538,  431,  208,  370,  193,  245,   59,  236,  169,   54,  450,  237,  361,  492,  316,  500,  383,  613,  609,  459,  509,  497,  274,  458,  247,  582,  548,  437,  439,  344,    0,  414,  621,  283,  367],
        [  263,  263,  112,  350,  403,  365,  575,   41,  317,  721,  594,  296,  671,  928,  245,  525,  531,  172,  694,  110,  372,  210,  559,  606,  195,  235,  519,  300,  350,  320,  204,  333,  103,  780,  753,  664,  655,  467,  353,  536,  172,  355,  491,  530,  422,  662,  649,  167,  227,  536,  104,  429,  218,  371,  110,  232,  571,  329,  504,  643,  259,  591,   46,  810,  297,  414,    0,  710,  569,  639],
        [  889,  889,  599,  602,  738,  490,  343,  700,  480,  217,  375,  701,   63,  614,  771,  951,  293,  760,  304,  710,  949,  581,  365,  566,  532,  848,  382,  748,  369,  765,  775,  919,  624,  404,   48,   90, 1050,  416,  927,  801,  665,  620,  391,  772,  675,  225,  666,  807,  922,  315,  805,  970,  902,  495,  817,  931,  142,  414,  207,  581,  612,  123,  755,  551,  879,  621,  710,    0,  899,  332],
        [  394,  394,  581,  881,  190,  427,  976,  530,  465, 1034,  554,  287,  837,  684,  327,  115,  607,  403,  675,  460,  314,  730,  973,  388,  528,  384,  521,  868,  611,  250,  373,  330,  626,  676,  920,  813,  154,  483,  311,  101,  413,  304,  509,  132,  231,  711,  326,  437,  527,  587,  620,  263,  712,  855,  559,  545,  778,  548,  740,  401,  797,  830,  571,  591,  333,  283,  569,  899,    0,  614],
        [  724,  724,  546,  705,  489,  294,  577,  612,  326,  529,   63,  495,  272,  341,  589,  689,  126,  610,   65,  588,  749,  612,  589,  244,  447,  684,  127,  806,  328,  551,  613,  728,  592,  146,  335,  243,  768,  183,  728,  513,  520,  393,  154,  483,  416,  109,  341,  668,  800,  109,  742,  749,  856,  614,  727,  815,  274,  319,  291,  253,  671,  328,  679,  245,  694,  367,  639,  332,  614,    0]
    ]
}
