{
    "name": "random-41-30299",
    "comment": "size=41 seed=30299",
    "nodes": ["+0", "-0", "+1", "-1", "+2", "-2", "+3", "-3", "+4", "-4", "+5", "-5", "+6", "-6", "+7", "-7", "+8", "-8", "+9", "-9", "+10", "-10", "+11", "-11", "+12", "-12", "+13", "-13", "+14", "-14", "+15", "-15", "+16", "-16", "+17", "-17", "+18", "-18", "+19", "-19", "+20", "-20", "+21", "-21", "+22", "-22", "+23", "-23", "+24", "-24", "+25", "-25", "+26", "-26", "+27", "-27", "+28", "-28", "+29", "-29", "+30", "-30", "+31", "-31", "+32", "-32", "+33", "-33", "+34", "-34", "+35", "-35", "+36", "-36", "+37", "-37", "+38", "-38", "+39", "-39", "+40", "-40", "+41", "-41"],
    "precedence": {
        "+0": "-0",
        "+1": "-1",
        "+2": "-2",
        "+3": "-3",
        "+4": "-4",
        "+5": "-5",
        "+6": "-6",
        "+7": "-7",
        "+8": "-8",
        "+9": "-9",
        "+10": "-10",
        "+11": "-11",
        "+12": "-12",
        "+13": "-13",
        "+14": "-14",
        "+15": "-15",
        "+16": "-16",
        "+17": "-17",
        "+18": "-18",
        "+19": "-19",
        "+20": "-20",
        "+21": "-21",
        "+22": "-22",
        "+23": "-23",
        "+24": "-24",
        "+25": "-25",
        "+26": "-26",
        "+27": "-27",
        "+28": "-28",
        "+29": "-29",
        "+30": "-30",
        "+31": "-31",
        "+32": "-32",
        "+33": "-33",
        "+34": "-34",
        "+35": "-35",
        "+36": "-36",
        "+37": "-37",
        "+38": "-38",
        "+39": "-39",
        "+40": "-40",
        "+41": "-41"
    },
    "edges": [
        [    0,    0,  101,  410,  806,  409,  297,  630,  273,  937,  721,  211,  582,  239,  504,  677,  327,  859,  523,  769,  584,  554,  112,  325,  205,  117,  475,  286,  343,  861,  322,  202,  240,  244,  751,  753,  243,  647,  837,  733,  646,  254,  715,  257,  425,  826,  158,  277,  696,  773,  529,  678,  611,  255,  562,  294,  104,  888,  900,  736,  316,  124,  187,  746,  698,  191,  160,  258,  703,  569,  727,  446,  185,  721,  588,  532,  597, 1058,  559, 1003,  712,  456,  566,  166],
        [    0,    0,  101,  410,  806,  409,  297,  630,  273,  937,  721,  211,  582,  239,  504,  677,  327,  859,  523,  769,  584,  554,  112,  325,  205,  117,  475,  286,  343,  861,  322,  202,  240,  244,  751,  753,  243,  647,  837,  733,  646,  254,  715,  257,  425,  826,  158,  277,  696,  773,  529,  678,  611,  255,  562,  294,  104,  888,  900,  736,  316,  124,  187,  746,  698,  191,  160,  258,  703,  569,  727,  446,  185,  721,  588,  532,  597, 1058,  559, 1003,  712,  456,  566,  166],
        [  101,  101,    0,  497,  852,  389,  394,  706,  191, 1026,  800,  250,  665,  139,  520,  681,  322,  939,  505,  841,  625,  611,   80,  417,  297,  186,  573,  272,  382,  950,  414,  159,  144,  308,  847,  761,  288,  678,  924,  825,  684,  332,  815,  334,  482,  841,  102,  233,  727,  822,  562,  703,  700,  156,  550,  228,   45,  972,  992,  768,  413,  216,  264,  846,  723,  129,  243,  357,  770,  669,  805,  546,   85,  814,  680,  592,  609, 1141,  635, 1091,  764,  541,  615,  192],
        [  410,  410,  497,    0,  961,  774,  154,  671,  682,  836,  730,  529,  587,  628,  791,  973,  683,  834,  875,  811,  791,  705,  448,  379,  207,  313,  368,  658,  610,  763,   99,  605,  601,  484,  594, 1032,  533,  872,  763,  635,  850,  170,  486,  447,  613, 1080,  566,  676,  914,  920,  768,  921,  205,  623,  902,  702,  472,  832,  773,  948,  144,  378,  236,  506,  939,  502,  254,  195,  779,  290,  735,  283,  575,  614,  524,  675,  883,  990,  619,  902,  854,   47,  747,  523],
        [  806,  806,  852,  961,    0,  578,  819,  324,  831,  556,  335,  604,  411,  916,  378,  359,  577,  386,  528,  257,  230,  263,  910,  588,  845,  884,  625,  626,  471,  530,  879,  738,  969,  566,  627,  318,  567,  204,  482,  525,  177,  930,  747,  569,  385,  267,  780,  711,  168,   42,  301,  224, 1056,  967,  489,  774,  887,  453,  595,  143,  823,  705,  902,  771,  214,  979,  872,  792,  218,  815,  335,  706,  892,  542,  509,  291,  340,  540,  352,  580,  107,  994,  241,  661],
        [  409,  409,  389,  774,  578,    0,  627,  588,  279,  949,  679,  247,  599,  386,  201,  309,   92,  812,  117,  677,  364,  422,  467,  482,  575,  525,  646,  123,  230,  885,  676,  231,  452,  314,  857,  393,  253,  376,  845,  791,  403,  647,  890,  364,  336,  483,  288,  167,  419,  562,  289,  375,  955,  441,  163,  215,  433,  865,  943,  456,  643,  397,  586,  924,  393,  506,  555,  583,  594,  820,  684,  673,  384,  791,  667,  423,  258, 1016,  530, 1003,  524,  820,  389,  255],
        [  297,  297,  394,  154,  819,  627,    0,  546,  566,  762,  616,  381,  468,  532,  637,  820,  536,  733,  726,  690,  641,  560,  365,  232,  105,  233,  270,  515,  456,  686,   61,  476,  519,  331,  535,  878,  382,  721,  676,  553,  701,  146,  459,  293,  462,  928,  445,  543,  764,  779,  615,  769,  330,  539,  751,  577,  380,  741,  707,  799,   20,  235,  174,  487,  787,  435,  171,   45,  650,  286,  621,  201,  478,  535,  423,  531,  729,  907,  488,  829,  713,  197,  599,  382],
        [  630,  630,  706,  671,  324,  588,  546,    0,  759,  362,   96,  476,   89,  810,  427,  536,  537,  237,  602,  146,  286,  179,  741,  332,  599,  673,  313,  569,  379,  300,  603,  646,  844,  400,  326,  544,  436,  352,  258,  231,  308,  677,  428,  374,  258,  540,  667,  653,  367,  283,  335,  409,  741,  850,  587,  719,  729,  281,  361,  381,  545,  509,  667,  455,  417,  820,  642,  529,  113,  494,  102,  398,  770,  241,  185,  169,  464,  443,   72,  417,  228,  698,  232,  533],
        [  273,  273,  191,  682,  831,  279,  566,  759,    0, 1106,  855,  288,  739,  114,  462,  587,  255,  995,  386,  877,  604,  626,  262,  528,  478,  375,  698,  207,  387, 1034,  594,  116,  183,  375,  958,  672,  326,  637, 1001,  918,  655,  521,  949,  419,  506,  762,  123,  121,  683,  809,  531,  646,  884,  167,  436,   66,  228, 1038, 1083,  722,  585,  350,  453,  983,  664,  265,  429,  525,  798,  825,  860,  690,  136,  911,  777,  615,  534, 1201,  690, 1167,  760,  727,  612,  238],
        [  937,  937, 1026,  836,  556,  949,  762,  362, 1106,    0,  274,  818,  367, 1143,  783,  866,  896,  170,  959,  310,  628,  534, 1046,  614,  846,  950,  493,  924,  736,   78,  803,  991, 1168,  734,  248,  853,  781,  677,  106,  210,  631,  907,  387,  697,  617,  820, 1005, 1007,  674,  529,  688,  727,  815, 1178,  940, 1072, 1041,  104,   76,  672,  752,  814,  920,  387,  728, 1126,  904,  764,  384,  565,  270,  564, 1099,  228,  351,  529,  806,  163,  422,   68,  509,  844,  581,  872],
        [  721,  721,  800,  730,  335,  679,  616,   96,  855,  274,    0,  572,  149,  905,  509,  600,  631,  141,  686,   92,  357,  261,  833,  414,  677,  759,  363,  664,  474,  221,  669,  742,  939,  495,  293,  597,  532,  412,  174,  190,  366,  752,  419,  467,  353,  579,  763,  749,  417,  298,  415,  466,  777,  945,  667,  815,  821,  187,  285,  423,  612,  599,  748,  441,  470,  911,  724,  603,  124,  521,    6,  449,  865,  208,  212,  257,  536,  347,  167,  325,  258,  752,  308,  628],
        [  211,  211,  250,  529,  604,  247,  381,  476,  288,  818,  572,    0,  451,  335,  296,  473,  155,  712,  347,  602,  378,  364,  308,  258,  336,  312,  429,  142,  134,  746,  431,  173,  376,   90,  676,  546,   40,  437,  714,  631,  438,  414,  681,  139,  235,  616,  193,  202,  486,  573,  319,  467,  709,  379,  377,  260,  284,  752,  795,  526,  397,  155,  360,  715,  487,  376,  327,  337,  528,  586,  577,  440,  300,  625,  491,  346,  390,  918,  406,  880,  515,  575,  365,   60],
        [  582,  582,  665,  587,  411,  599,  468,   89,  739,  367,  149,  451,    0,  778,  460,  590,  537,  279,  630,  225,  341,  226,  693,  267,  529,  613,  225,  561,  376,  296,  523,  624,  807,  368,  270,  608,  414,  416,  263,  192,  374,  604,  353,  333,  263,  613,  638,  642,  437,  369,  375,  473,  652,  815,  621,  706,  684,  307,  349,  456,  465,  459,  599,  382,  484,  772,  577,  455,  201,  405,  155,  311,  735,  195,  102,  206,  511,  477,   80,  430,  311,  612,  284,  505],
        [  239,  239,  139,  628,  916,  386,  532,  810,  114, 1143,  905,  335,  778,    0,  557,  693,  347, 1046,  496,  937,  687,  694,  183,  543,  434,  315,  704,  295,  454, 1069,  550,  178,   70,  412,  976,  777,  375,  728, 1040,  947,  741,  460,  950,  447,  568,  865,  143,  220,  775,  890,  617,  742,  833,   56,  545,  177,  157, 1083, 1114,  815,  551,  346,  393,  982,  761,  163,  376,  495,  862,  807,  911,  682,   55,  937,  802,  679,  634, 1250,  739, 1207,  838,  672,  687,  277],
        [  504,  504,  520,  791,  378,  201,  637,  427,  462,  783,  509,  296,  460,  557,    0,  183,  210,  634,  177,  493,  168,  250,  591,  436,  617,  607,  570,  262,  182,  726,  694,  382,  616,  310,  729,  251,  273,  177,  681,  649,  202,  700,  791,  345,  216,  323,  432,  342,  222,  361,   97,  186,  946,  610,  162,  402,  562,  692,  788,  261,  648,  441,  651,  823,  205,  648,  618,  597,  410,  764,  513,  620,  542,  653,  546,  260,   95,  833,  383,  831,  326,  834,  204,  339],
        [  677,  677,  681,  973,  359,  309,  820,  536,  587,  866,  600,  473,  590,  693,  183,    0,  360,  702,  211,  557,  251,  365,  755,  613,  800,  784,  734,  411,  365,  820,  877,  531,  759,  493,  857,   85,  454,  190,  772,  766,  236,  881,  937,  527,  381,  178,  585,  474,  199,  364,  225,  142, 1124,  748,  161,  523,  724,  766,  885,  217,  830,  622,  831,  969,  147,  805,  798,  779,  483,  932,  603,  791,  689,  775,  686,  386,   92,  883,  511,  904,  361, 1016,  307,  511],
        [  327,  327,  322,  683,  577,   92,  536,  537,  255,  896,  631,  155,  537,  347,  210,  360,    0,  768,  198,  640,  350,  384,  397,  396,  486,  441,  563,   53,  161,  829,  585,  174,  407,  226,  786,  441,  164,  382,  790,  726,  400,  559,  811,  277,  279,  524,  227,  135,  430,  554,  277,  395,  864,  401,  235,  199,  365,  817,  884,  469,  551,  306,  500,  845,  414,  446,  468,  492,  559,  733,  636,  585,  334,  725,  597,  379,  291,  974,  474,  953,  508,  729,  362,  167],
        [  859,  859,  939,  834,  386,  812,  733,  237,  995,  170,  141,  712,  279, 1046,  634,  702,  768,    0,  810,  145,  472,  390,  970,  546,  803,  891,  469,  802,  613,  155,  783,  882, 1079,  635,  309,  685,  673,  514,  113,  219,  468,  874,  454,  606,  492,  650,  904,  888,  508,  360,  537,  562,  855, 1085,  787,  954,  960,   67,  215,  504,  727,  736,  875,  467,  563, 1049,  854,  726,  225,  596,  136,  552, 1005,  242,  312,  391,  648,  207,  307,  202,  343,  852,  431,  769],
        [  523,  523,  505,  875,  528,  117,  726,  602,  386,  959,  686,  347,  630,  496,  177,  211,  198,  810,    0,  669,  341,  426,  584,  559,  682,  638,  712,  238,  292,  902,  777,  348,  563,  401,  896,  295,  345,  327,  858,  820,  363,  756,  946,  448,  372,  389,  404,  281,  361,  520,  273,  309, 1050,  551,   51,  321,  550,  868,  963,  393,  740,  501,  698,  980,  323,  622,  665,  682,  586,  897,  690,  749,  498,  824,  710,  434,  189, 1008,  554, 1008,  494,  921,  380,  365],
        [  769,  769,  841,  811,  257,  677,  690,  146,  877,  310,   92,  602,  225,  937,  493,  557,  640,  145,  669,    0,  329,  257,  881,  478,  745,  817,  447,  679,  491,  276,  746,  768,  976,  533,  379,  543,  562,  369,  227,  276,  324,  823,  509,  513,  372,  513,  794,  766,  364,  225,  397,  418,  866,  980,  644,  832,  866,  210,  341,  363,  688,  650,  813,  530,  419,  958,  788,  674,   84,  611,   89,  533,  901,  295,  300,  263,  503,  340,  214,  347,  199,  835,  291,  661],
        [  584,  584,  625,  791,  230,  364,  641,  286,  604,  628,  357,  378,  341,  687,  168,  251,  350,  472,  341,  329,    0,  115,  685,  413,  648,  670,  503,  398,  244,  577,  701,  509,  740,  350,  607,  271,  343,   84,  530,  516,   63,  733,  691,  363,  180,  295,  551,  484,  124,  205,   75,  139,  917,  737,  315,  549,  661,  533,  641,  160,  648,  492,  697,  721,  154,  752,  665,  607,  248,  703,  360,  571,  663,  525,  438,  140,  180,  668,  261,  673,  161,  829,   57,  433],
        [  554,  554,  611,  705,  263,  422,  560,  179,  626,  534,  261,  364,  226,  694,  250,  365,  384,  390,  426,  257,  115,    0,  662,  328,  583,  625,  396,  424,  241,  477,  620,  520,  739,  311,  493,  385,  324,  194,  432,  406,  157,  667,  576,  308,  130,  401,  552,  512,  223,  226,  157,  252,  817,  740,  409,  578,  642,  445,  539,  251,  564,  446,  640,  606,  264,  735,  610,  531,  175,  595,  265,  468,  662,  413,  323,   30,  288,  594,  146,  584,  161,  741,   59,  423],
        [  112,  112,   80,  448,  910,  467,  365,  741,  262, 1046,  833,  308,  693,  183,  591,  755,  397,  970,  584,  881,  685,  662,    0,  433,  262,  137,  575,  349,  442,  969,  375,  238,  155,  352,  853,  835,  344,  743,  947,  840,  746,  279,  807,  368,  532,  913,  182,  312,  792,  878,  626,  770,  652,  177,  627,  305,   36,  998, 1006,  833,  384,  235,  213,  838,  791,   80,  199,  334,  813,  648,  838,  537,  134,  827,  696,  641,  681, 1168,  670, 1112,  818,  491,  670,  255],
        [  325,  325,  417,  379,  588,  482,  232,  332,  528,  614,  414,  258,  267,  543,  436,  613,  396,  546,  559,  478,  413,  328,  433,    0,  269,  346,  173,  397,  268,  537,  292,  416,  560,  172,  434,  663,  235,  495,  515,  409,  472,  349,  425,  121,  239,  705,  413,  458,  536,  548,  397,  546,  512,  571,  572,  512,  428,  569,  576,  570,  237,  202,  336,  459,  563,  513,  311,  205,  427,  340,  420,  192,  494,  398,  264,  299,  522,  739,  266,  680,  482,  416,  369,  294],
        [  205,  205,  297,  207,  845,  575,  105,  599,  478,  846,  677,  336,  529,  434,  617,  800,  486,  803,  682,  745,  648,  583,  262,  269,    0,  128,  355,  456,  436,  770,  118,  398,  416,  309,  629,  865,  347,  724,  756,  637,  710,   86,  561,  286,  470,  924,  360,  470,  770,  807,  611,  767,  407,  437,  713,  496,  279,  818,  796,  807,  124,  182,   75,  590,  786,  330,   66,   85,  695,  390,  683,  296,  380,  620,  500,  555,  711,  986,  534,  914,  741,  253,  613,  321],
        [  117,  117,  186,  313,  884,  525,  233,  673,  375,  950,  759,  312,  613,  315,  607,  784,  441,  891,  638,  817,  670,  625,  137,  346,  128,    0,  465,  402,  436,  873,  239,  317,  291,  321,  743,  858,  337,  739,  855,  741,  733,  147,  685,  317,  500,  927,  269,  393,  787,  848,  621,  775,  518,  313,  676,  405,  159,  912,  905,  826,  251,  180,   79,  714,  794,  203,   63,  206,  758,  518,  765,  416,  263,  726,  600,  599,  701, 1082,  604, 1017,  785,  357,  645,  276],
        [  475,  475,  573,  368,  625,  646,  270,  313,  698,  493,  363,  429,  225,  704,  570,  734,  563,  469,  712,  447,  503,  396,  575,  173,  355,  465,    0,  568,  422,  416,  316,  587,  714,  343,  279,  771,  405,  586,  407,  284,  553,  415,  253,  292,  356,  796,  581,  630,  619,  584,  510,  642,  431,  728,  719,  684,  577,  472,  442,  646,  262,  359,  429,  287,  657,  654,  415,  272,  425,  200,  368,   87,  654,  266,  157,  367,  645,  637,  274,  560,  521,  390,  450,  465],
        [  286,  286,  272,  658,  626,  123,  515,  569,  207,  924,  664,  142,  561,  295,  262,  411,   53,  802,  238,  679,  398,  424,  349,  397,  456,  402,  568,    0,  190,  856,  561,  122,  355,  226,  803,  492,  164,  434,  819,  748,  450,  526,  818,  277,  311,  576,  175,   88,  481,  602,  326,  447,  845,  348,  280,  155,  316,  849,  909,  521,  531,  281,  464,  852,  467,  395,  433,  471,  598,  728,  669,  582,  282,  745,  615,  416,  343, 1009,  503,  983,  554,  704,  406,  136],
        [  343,  343,  382,  610,  471,  230,  456,  379,  387,  736,  474,  134,  376,  454,  182,  365,  161,  613,  292,  491,  244,  241,  442,  268,  436,  436,  422,  190,    0,  669,  513,  279,  502,  128,  629,  430,  101,  305,  631,  566,  305,  519,  662,  165,  122,  493,  314,  276,  354,  441,  187,  339,  770,  502,  305,  342,  418,  660,  724,  394,  468,  263,  473,  696,  359,  509,  440,  415,  412,  606,  480,  458,  425,  565,  439,  229,  276,  820,  314,  794,  385,  653,  235,  190],
        [  861,  861,  950,  763,  530,  885,  686,  300, 1034,   78,  221,  746,  296, 1069,  726,  820,  829,  155,  902,  276,  577,  477,  969,  537,  770,  873,  416,  856,  669,    0,  728,  919, 1093,  661,  184,  814,  709,  631,   49,  133,  585,  831,  328,  623,  551,  788,  931,  937,  633,  500,  632,  684,  751, 1103,  885, 1001,  965,  102,   66,  636,  676,  738,  844,  334,  688, 1049,  827,  687,  340,  497,  218,  489, 1024,  152,  275,  468,  756,  229,  356,  145,  471,  773,  527,  799],
        [  322,  322,  414,   99,  879,  676,   61,  603,  594,  803,  669,  431,  523,  550,  694,  877,  585,  783,  777,  746,  701,  620,  375,  292,  118,  239,  316,  561,  513,  728,    0,  512,  530,  386,  570,  937,  435,  781,  722,  596,  761,  118,  482,  351,  522,  988,  476,  581,  824,  839,  674,  828,  291,  551,  804,  611,  395,  788,  746,  859,   58,  280,  167,  507,  847,  438,  176,   98,  707,  296,  674,  239,  496,  577,  472,  591,  786,  952,  545,  870,  773,  145,  659,  426],
        [  202,  202,  159,  605,  738,  231,  476,  646,  116,  991,  742,  173,  624,  178,  382,  531,  174,  882,  348,  768,  509,  520,  238,  416,  398,  317,  587,  122,  279,  919,  512,    0,  235,  259,  844,  613,  211,  551,  886,  802,  564,  455,  839,  304,  396,  697,   57,   77,  599,  712,  439,  567,  802,  230,  393,  102,  204,  924,  968,  639,  494,  248,  389,  872,  587,  276,  360,  433,  690,  723,  747,  583,  160,  796,  662,  507,  464, 1088,  576, 1053,  661,  651,  510,  124],
        [  240,  240,  144,  601,  969,  452,  519,  844,  183, 1168,  939,  376,  807,   70,  616,  759,  407, 1079,  563,  976,  740,  739,  155,  560,  416,  291,  714,  355,  502, 1093,  530,  235,    0,  445,  990,  842,  416,  785, 1066,  967,  796,  431,  953,  474,  611,  929,  190,  286,  833,  942,  672,  801,  805,   25,  612,  246,  141, 1113, 1135,  873,  538,  359,  367,  985,  821,  108,  354,  486,  903,  801,  944,  684,   77,  957,  823,  722,  697, 1282,  773, 1233,  887,  643,  736,  317],
        [  244,  244,  308,  484,  566,  314,  331,  400,  375,  734,  495,   90,  368,  412,  310,  493,  226,  635,  401,  533,  350,  311,  352,  172,  309,  321,  343,  226,  128,  661,  386,  259,  445,    0,  587,  557,   63,  421,  630,  543,  413,  393,  594,   52,  183,  617,  271,  291,  468,  532,  305,  460,  650,  451,  422,  349,  335,  672,  709,  507,  343,  142,  350,  628,  480,  427,  318,  289,  463,  507,  500,  360,  371,  537,  403,  289,  403,  839,  329,  797,  470,  528,  326,  138],
        [  751,  751,  847,  594,  627,  857,  535,  326,  958,  248,  293,  676,  270,  976,  729,  857,  786,  309,  896,  379,  607,  493,  853,  434,  629,  743,  279,  803,  629,  184,  570,  844,  990,  587,    0,  868,  644,  677,  204,  104,  633,  680,  147,  541,  526,  862,  845,  876,  692,  590,  645,  734,  569, 1003,  890,  936,  854,  276,  180,  704,  523,  632,  703,  158,  742,  932,  691,  545,  412,  318,  294,  335,  926,   86,  190,  475,  780,  409,  349,  311,  544,  599,  551,  721],
        [  753,  753,  761, 1032,  318,  393,  878,  544,  672,  853,  597,  546,  608,  777,  251,   85,  441,  685,  295,  543,  271,  385,  835,  663,  865,  858,  771,  492,  430,  814,  937,  613,  842,  557,  868,    0,  523,  193,  765,  773,  236,  949,  959,  587,  426,   96,  667,  558,  181,  332,  267,  135, 1174,  832,  244,  607,  804,  751,  879,  183,  888,  691,  901,  989,  127,  886,  868,  840,  475,  970,  599,  834,  772,  784,  707,  410,  157,  855,  529,  886,  344, 1073,  327,  587],
        [  243,  243,  288,  533,  567,  253,  382,  436,  326,  781,  532,   40,  414,  375,  273,  454,  164,  673,  345,  562,  343,  324,  344,  235,  347,  337,  405,  164,  101,  709,  435,  211,  416,   63,  644,  523,    0,  405,  676,  595,  404,  428,  655,  114,  195,  590,  233,  233,  454,  536,  287,  438,  706,  419,  370,  294,  321,  713,  759,  494,  396,  169,  378,  689,  458,  413,  345,  339,  488,  570,  538,  422,  340,  590,  457,  307,  368,  879,  366,  842,  477,  578,  328,  100],
        [  647,  647,  678,  872,  204,  376,  721,  352,  637,  677,  412,  437,  416,  728,  177,  190,  382,  514,  327,  369,   84,  194,  743,  495,  724,  739,  586,  434,  305,  631,  781,  551,  785,  421,  677,  193,  405,    0,  584,  583,   47,  809,  767,  439,  259,  212,  597,  516,   50,  193,  119,   58, 1000,  780,  291,  577,  717,  578,  696,   90,  728,  562,  770,  797,   71,  806,  738,  686,  294,  786,  415,  654,  709,  593,  515,  221,  142,  699,  337,  716,  176,  910,  137,  489],
        [  837,  837,  924,  763,  482,  845,  676,  258, 1001,  106,  174,  714,  263, 1040,  681,  772,  790,  113,  858,  227,  530,  432,  947,  515,  756,  855,  407,  819,  631,   49,  722,  886, 1066,  630,  204,  765,  676,  584,    0,  129,  538,  821,  350,  594,  512,  740,  901,  901,  585,  451,  587,  636,  764, 1075,  840,  966,  940,   74,  115,  587,  668,  714,  830,  360,  639, 1026,  811,  675,  291,  507,  171,  484,  996,  151,  257,  425,  709,  231,  317,  168,  422,  775,  481,  767],
        [  733,  733,  825,  635,  525,  791,  553,  231,  918,  210,  190,  631,  192,  947,  649,  766,  726,  219,  820,  276,  516,  406,  840,  409,  637,  741,  284,  748,  566,  133,  596,  802,  967,  543,  104,  773,  595,  583,  129,    0,  538,  698,  239,  502,  455,  763,  811,  826,  595,  488,  560,  639,  639,  978,  810,  889,  837,  200,  168,  605,  543,  610,  711,  257,  646,  920,  694,  554,  310,  381,  191,  358,  900,   24,  145,  390,  692,  357,  267,  278,  443,  647,  461,  681],
        [  646,  646,  684,  850,  177,  403,  701,  308,  655,  631,  366,  438,  374,  741,  202,  236,  400,  468,  363,  324,   63,  157,  746,  472,  710,  733,  553,  450,  305,  585,  761,  564,  796,  413,  633,  236,  404,   47,  538,  538,    0,  795,  727,  425,  241,  244,  607,  534,   67,  160,  125,  101,  971,  793,  330,  598,  721,  532,  650,   99,  707,  554,  759,  756,  110,  812,  728,  667,  248,  752,  369,  624,  719,  549,  475,  186,  184,  655,  297,  670,  133,  887,  105,  493],
        [  254,  254,  332,  170,  930,  647,  146,  677,  521,  907,  752,  414,  604,  460,  700,  881,  559,  874,  756,  823,  733,  667,  279,  349,   86,  147,  415,  526,  519,  831,  118,  455,  431,  393,  680,  949,  428,  809,  821,  698,  795,    0,  598,  371,  555, 1009,  411,  530,  855,  891,  696,  852,  374,  453,  789,  548,  304,  885,  853,  892,  158,  260,   69,  624,  871,  332,   95,  150,  775,  414,  758,  346,  408,  680,  566,  639,  794, 1051,  614,  974,  825,  213,  698,  393],
        [  715,  715,  815,  486,  747,  890,  459,  428,  949,  387,  419,  681,  353,  950,  791,  937,  811,  454,  946,  509,  691,  576,  807,  425,  561,  685,  253,  818,  662,  328,  482,  839,  953,  594,  147,  959,  655,  767,  350,  239,  727,  598,    0,  543,  577,  965,  830,  882,  789,  707,  716,  825,  431,  969,  947,  936,  814,  422,  313,  807,  444,  606,  632,   34,  836,  883,  626,  479,  529,  197,  421,  271,  898,  217,  253,  552,  854,  549,  431,  446,  655,  483,  634,  717],
        [  257,  257,  334,  447,  569,  364,  293,  374,  419,  697,  467,  139,  333,  447,  345,  527,  277,  606,  448,  513,  363,  308,  368,  121,  286,  317,  292,  277,  165,  623,  351,  304,  474,   52,  541,  587,  114,  439,  594,  502,  425,  371,  543,    0,  186,  641,  309,  340,  485,  532,  327,  483,  606,  482,  466,  397,  356,  639,  668,  522,  304,  140,  335,  577,  502,  446,  304,  254,  447,  457,  473,  309,  403,  494,  359,  283,  436,  808,  303,  761,  468,  490,  331,  181],
        [  425,  425,  482,  613,  385,  336,  462,  258,  506,  617,  353,  235,  263,  568,  216,  381,  279,  492,  372,  372,  180,  130,  532,  239,  470,  500,  356,  311,  122,  551,  522,  396,  611,  183,  526,  426,  195,  259,  512,  455,  241,  555,  577,  186,    0,  468,  425,  397,  303,  350,  160,  308,  748,  613,  371,  463,  513,  539,  608,  339,  470,  321,  521,  610,  326,  605,  490,  428,  294,  552,  358,  411,  534,  456,  338,  112,  291,  698,  196,  674,  288,  652,  146,  294],
        [  826,  826,  841, 1080,  267,  483,  928,  540,  762,  820,  579,  616,  613,  865,  323,  178,  524,  650,  389,  513,  295,  401,  913,  705,  924,  927,  796,  576,  493,  788,  988,  697,  929,  617,  862,   96,  590,  212,  740,  763,  244, 1009,  965,  641,  468,    0,  750,  645,  178,  291,  314,  160, 1211,  920,  338,  697,  883,  717,  853,  159,  936,  755,  965,  993,  142,  968,  932,  892,  455,  995,  580,  865,  857,  777,  714,  429,  234,  806,  538,  846,  321, 1120,  347,  662],
        [  158,  158,  102,  566,  780,  288,  445,  667,  123, 1005,  763,  193,  638,  143,  432,  585,  227,  904,  404,  794,  551,  552,  182,  413,  360,  269,  581,  175,  314,  931,  476,   57,  190,  271,  845,  667,  233,  597,  901,  811,  607,  411,  830,  309,  425,  750,    0,  131,  646,  753,  483,  616,  766,  189,  449,  137,  147,  942,  977,  686,  464,  228,  343,  863,  636,  221,  317,  404,  719,  704,  768,  569,  113,  803,  668,  537,  517, 1109,  597, 1068,  698,  612,  547,  135],
        [  277,  277,  233,  676,  711,  167,  543,  653,  121, 1007,  749,  202,  642,  220,  342,  474,  135,  888,  281,  766,  484,  512,  312,  458,  470,  393,  630,   88,  276,  937,  581,   77,  286,  291,  876,  558,  233,  516,  901,  826,  534,  530,  882,  340,  397,  645,  131,    0,  563,  689,  411,  526,  871,  275,  328,   67,  277,  934,  989,  602,  560,  310,  464,  916,  544,  343,  435,  499,  685,  778,  754,  635,  218,  822,  690,  503,  415, 1095,  587, 1066,  641,  722,  494,  169],
        [  696,  696,  727,  914,  168,  419,  764,  367,  683,  674,  417,  486,  437,  775,  222,  199,  430,  508,  361,  364,  124,  223,  792,  536,  770,  787,  619,  481,  354,  633,  824,  599,  833,  468,  692,  181,  454,   50,  585,  595,   67,  855,  789,  485,  303,  178,  646,  563,    0,  166,  168,   58, 1037,  828,  321,  623,  766,  573,  699,   41,  771,  610,  817,  818,   56,  855,  785,  730,  294,  817,  419,  690,  757,  607,  538,  252,  173,  685,  361,  709,  166,  952,  171,  538],
        [  773,  773,  822,  920,   42,  562,  779,  283,  809,  529,  298,  573,  369,  890,  361,  364,  554,  360,  520,  225,  205,  226,  878,  548,  807,  848,  584,  602,  441,  500,  839,  712,  942,  532,  590,  332,  536,  193,  451,  488,  160,  891,  707,  532,  350,  291,  753,  689,  166,    0,  278,  224, 1014,  940,  483,  753,  856,  426,  564,  150,  782,  670,  865,  732,  218,  948,  835,  752,  179,  773,  298,  665,  865,  504,  468,  253,  334,  524,  310,  557,   67,  953,  208,  631],
        [  529,  529,  562,  768,  301,  289,  615,  335,  531,  688,  415,  319,  375,  617,   97,  225,  277,  537,  273,  397,   75,  157,  626,  397,  611,  621,  510,  326,  187,  632,  674,  439,  672,  305,  645,  267,  287,  119,  587,  560,  125,  696,  716,  327,  160,  314,  483,  411,  168,  278,    0,  156,  908,  668,  253,  475,  600,  596,  695,  208,  624,  446,  655,  748,  175,  690,  622,  578,  314,  708,  418,  569,  595,  567,  467,  171,  138,  736,  296,  735,  236,  808,  108,  372],
        [  678,  678,  703,  921,  224,  375,  769,  409,  646,  727,  466,  467,  473,  742,  186,  142,  395,  562,  309,  418,  139,  252,  770,  546,  767,  775,  642,  447,  339,  684,  828,  567,  801,  460,  734,  135,  438,   58,  636,  639,  101,  852,  825,  483,  308,  160,  616,  526,   58,  224,  156,    0, 1053,  795,  267,  584,  743,  627,  749,   85,  777,  600,  810,  855,   21,  830,  777,  733,  345,  842,  468,  709,  727,  650,  573,  278,  121,  742,  395,  763,  220,  960,  195,  517],
        [  611,  611,  700,  205, 1056,  955,  330,  741,  884,  815,  777,  709,  652,  833,  946, 1124,  864,  855, 1050,  866,  917,  817,  652,  512,  407,  518,  431,  845,  770,  751,  291,  802,  805,  650,  569, 1174,  706, 1000,  764,  639,  971,  374,  431,  606,  748, 1211,  766,  871, 1037, 1014,  908, 1053,    0,  827, 1072,  901,  676,  837,  743, 1067,  314,  565,  440,  438, 1070,  705,  458,  374,  853,  259,  781,  351,  780,  616,  566,  788, 1033,  977,  704,  876,  950,  163,  867,  711],
        [  255,  255,  156,  623,  967,  441,  539,  850,  167, 1178,  945,  379,  815,   56,  610,  748,  401, 1085,  551,  980,  737,  740,  177,  571,  437,  313,  728,  348,  502, 1103,  551,  230,   25,  451, 1003,  832,  419,  780, 1075,  978,  793,  453,  969,  482,  613,  920,  189,  275,  828,  940,  668,  795,  827,    0,  600,  231,  159, 1121, 1146,  868,  557,  371,  389, 1001,  815,  133,  375,  505,  906,  819,  951,  700,   80,  968,  834,  724,  689, 1289,  779, 1242,  886,  666,  736,  320],
        [  562,  562,  550,  902,  489,  163,  751,  587,  436,  940,  667,  377,  621,  545,  162,  161,  235,  787,   51,  644,  315,  409,  627,  572,  713,  676,  719,  280,  305,  885,  804,  393,  612,  422,  890,  244,  370,  291,  840,  810,  330,  789,  947,  466,  371,  338,  449,  328,  321,  483,  253,  267, 1072,  600,    0,  371,  594,  847,  947,  351,  764,  531,  732,  980,  280,  668,  700,  708,  562,  908,  671,  762,  546,  814,  706,  421,  149,  981,  544,  986,  462,  947,  359,  401],
        [  294,  294,  228,  702,  774,  215,  577,  719,   66, 1072,  815,  260,  706,  177,  402,  523,  199,  954,  321,  832,  549,  578,  305,  512,  496,  405,  684,  155,  342, 1001,  611,  102,  246,  349,  936,  607,  294,  577,  966,  889,  598,  548,  936,  397,  463,  697,  137,   67,  623,  753,  475,  584,  901,  231,  371,    0,  270, 1000, 1053,  662,  595,  349,  480,  970,  602,  320,  454,  534,  752,  824,  820,  684,  190,  884,  751,  569,  471, 1161,  652, 1132,  707,  748,  560,  220],
        [  104,  104,   45,  472,  887,  433,  380,  729,  228, 1041,  821,  284,  684,  157,  562,  724,  365,  960,  550,  866,  661,  642,   36,  428,  279,  159,  577,  316,  418,  965,  395,  204,  141,  335,  854,  804,  321,  717,  940,  837,  721,  304,  814,  356,  513,  883,  147,  277,  766,  856,  600,  743,  676,  159,  594,  270,    0,  990, 1004,  806,  399,  227,  237,  845,  763,   93,  220,  346,  797,  661,  827,  544,  105,  825,  692,  622,  651, 1160,  658, 1106,  797,  516,  649,  229],
        [  888,  888,  972,  832,  453,  865,  741,  281, 1038,  104,  187,  752,  307, 1083,  692,  766,  817,   67,  868,  210,  533,  445,  998,  569,  818,  912,  472,  849,  660,  102,  788,  924, 1113,  672,  276,  751,  713,  578,   74,  200,  532,  885,  422,  639,  539,  717,  942,  934,  573,  426,  596,  627,  837, 1121,  847, 1000,  990,    0,  154,  570,  734,  764,  891,  431,  628, 1078,  871,  737,  286,  580,  182,  552, 1041,  223,  319,  443,  710,  171,  348,  140,  408,  846,  489,  808],
        [  900,  900,  992,  773,  595,  943,  707,  361, 1083,   76,  285,  795,  349, 1114,  788,  885,  884,  215,  963,  341,  641,  539, 1006,  576,  796,  905,  442,  909,  724,   66,  746,  968, 1135,  709,  180,  879,  759,  696,  115,  168,  650,  853,  313,  668,  608,  853,  977,  989,  699,  564,  695,  749,  743, 1146,  947, 1053, 1004,  154,    0,  701,  696,  777,  870,  313,  753, 1086,  856,  713,  405,  497,  282,  508, 1067,  179,  313,  529,  820,  237,  414,  133,  536,  779,  590,  846],
        [  736,  736,  768,  948,  143,  456,  799,  381,  722,  672,  423,  526,  456,  815,  261,  217,  469,  504,  393,  363,  160,  251,  833,  570,  807,  826,  646,  521,  394,  636,  859,  639,  873,  507,  704,  183,  494,   90,  587,  605,   99,  892,  807,  522,  339,  159,  686,  602,   41,  150,  208,   85, 1067,  868,  351,  662,  806,  570,  701,    0,  805,  649,  855,  835,   73,  896,  823,  766,  299,  844,  424,  719,  797,  619,  557,  280,  205,  674,  382,  704,  166,  985,  202,  578],
        [  316,  316,  413,  144,  823,  643,   20,  545,  585,  752,  612,  397,  465,  551,  648,  830,  551,  727,  740,  688,  648,  564,  384,  237,  124,  251,  262,  531,  468,  676,   58,  494,  538,  343,  523,  888,  396,  728,  668,  543,  707,  158,  444,  304,  470,  936,  464,  560,  771,  782,  624,  777,  314,  557,  764,  595,  399,  734,  696,  805,    0,  252,  190,  471,  795,  453,  189,   62,  649,  268,  617,  189,  497,  525,  416,  535,  740,  898,  487,  819,  716,  186,  605,  398],
        [  124,  124,  216,  378,  705,  397,  235,  509,  350,  814,  599,  155,  459,  346,  441,  622,  306,  736,  501,  650,  492,  446,  235,  202,  182,  180,  359,  281,  263,  738,  280,  248,  359,  142,  632,  691,  169,  562,  714,  610,  554,  260,  606,  140,  321,  755,  228,  310,  610,  670,  446,  600,  565,  371,  531,  349,  227,  764,  777,  649,  252,    0,  211,  638,  620,  314,  178,  191,  586,  477,  605,  342,  295,  599,  465,  422,  535,  934,  438,  879,  607,  424,  466,  147],
        [  187,  187,  264,  236,  902,  586,  174,  667,  453,  920,  748,  360,  599,  393,  651,  831,  500,  875,  698,  813,  697,  640,  213,  336,   75,   79,  429,  464,  473,  844,  167,  389,  367,  350,  703,  901,  378,  770,  830,  711,  759,   69,  632,  335,  521,  965,  343,  464,  817,  865,  655,  810,  440,  389,  732,  480,  237,  891,  870,  855,  190,  211,    0,  660,  829,  272,   34,  159,  760,  456,  753,  370,  341,  694,  573,  613,  745, 1059,  601,  988,  800,  279,  666,  333],
        [  746,  746,  846,  506,  771,  924,  487,  455,  983,  387,  441,  715,  382,  982,  823,  969,  845,  467,  980,  530,  721,  606,  838,  459,  590,  714,  287,  852,  696,  334,  507,  872,  985,  628,  158,  989,  689,  797,  360,  257,  756,  624,   34,  577,  610,  993,  863,  916,  818,  732,  748,  855,  438, 1001,  980,  970,  845,  431,  313,  835,  471,  638,  660,    0,  866,  913,  655,  508,  553,  217,  443,  301,  929,  236,  283,  583,  886,  549,  461,  444,  681,  500,  664,  751],
        [  698,  698,  723,  939,  214,  393,  787,  417,  664,  728,  470,  487,  484,  761,  205,  147,  414,  563,  323,  419,  154,  264,  791,  563,  786,  794,  657,  467,  359,  688,  847,  587,  821,  480,  742,  127,  458,   71,  639,  646,  110,  871,  836,  502,  326,  142,  636,  544,   56,  218,  175,   21, 1070,  815,  280,  602,  763,  628,  753,   73,  795,  620,  829,  866,    0,  850,  797,  751,  349,  856,  472,  725,  746,  658,  584,  291,  137,  739,  406,  764,  221,  978,  208,  537],
        [  191,  191,  129,  502,  979,  506,  435,  820,  265, 1126,  911,  376,  772,  163,  648,  805,  446, 1049,  622,  958,  752,  735,   80,  513,  330,  203,  654,  395,  509, 1049,  438,  276,  108,  427,  932,  886,  413,  806, 1026,  920,  812,  332,  883,  446,  605,  968,  221,  343,  855,  948,  690,  830,  705,  133,  668,  320,   93, 1078, 1086,  896,  453,  314,  272,  913,  850,    0,  265,  406,  890,  720,  917,  613,  131,  907,  776,  715,  735, 1248,  748, 1192,  890,  543,  741,  319],
        [  160,  160,  243,  254,  872,  555,  171,  642,  429,  904,  724,  327,  577,  376,  618,  798,  468,  854,  665,  788,  665,  610,  199,  311,   66,   63,  415,  433,  440,  827,  176,  360,  354,  318,  691,  868,  345,  738,  811,  694,  728,   95,  626,  304,  490,  932,  317,  435,  785,  835,  622,  777,  458,  375,  700,  454,  220,  871,  856,  823,  189,  178,   34,  655,  797,  265,    0,  148,  733,  456,  730,  360,  322,  678,  555,  583,  712, 1040,  575,  971,  770,  299,  635,  301],
        [  258,  258,  357,  195,  792,  583,   45,  529,  525,  764,  603,  337,  455,  495,  597,  779,  492,  726,  682,  674,  607,  531,  334,  205,   85,  206,  272,  471,  415,  687,   98,  433,  486,  289,  545,  840,  339,  686,  675,  554,  667,  150,  479,  254,  428,  892,  404,  499,  730,  752,  578,  733,  374,  505,  708,  534,  346,  737,  713,  766,   62,  191,  159,  508,  751,  406,  148,    0,  629,  315,  609,  213,  441,  537,  419,  502,  689,  905,  467,  831,  686,  240,  567,  337],
        [  703,  703,  770,  779,  218,  594,  650,  113,  798,  384,  124,  528,  201,  862,  410,  483,  559,  225,  586,   84,  248,  175,  813,  427,  695,  758,  425,  598,  412,  340,  707,  690,  903,  463,  412,  475,  488,  294,  291,  310,  248,  775,  529,  447,  294,  455,  719,  685,  294,  179,  314,  345,  853,  906,  562,  752,  797,  286,  405,  299,  649,  586,  760,  553,  349,  890,  733,  629,    0,  605,  125,  509,  827,  326,  295,  184,  424,  423,  162,  426,  135,  807,  208,  587],
        [  569,  569,  669,  290,  815,  820,  286,  494,  825,  565,  521,  586,  405,  807,  764,  932,  733,  596,  897,  611,  703,  595,  648,  340,  390,  518,  200,  728,  606,  497,  296,  723,  801,  507,  318,  970,  570,  786,  507,  381,  752,  414,  197,  457,  552,  995,  704,  778,  817,  773,  708,  842,  259,  819,  908,  824,  661,  580,  497,  844,  268,  477,  456,  217,  856,  720,  456,  315,  605,    0,  525,  148,  753,  358,  312,  566,  842,  725,  467,  628,  712,  287,  649,  609],
        [  727,  727,  805,  735,  335,  684,  621,  102,  860,  270,    6,  577,  155,  911,  513,  603,  636,  136,  690,   89,  360,  265,  838,  420,  683,  765,  368,  669,  480,  218,  674,  747,  944,  500,  294,  599,  538,  415,  171,  191,  369,  758,  421,  473,  358,  580,  768,  754,  419,  298,  418,  468,  781,  951,  671,  820,  827,  182,  282,  424,  617,  605,  753,  443,  472,  917,  730,  609,  125,  525,    0,  454,  871,  209,  216,  262,  539,  342,  172,  320,  259,  757,  312,  634],
        [  446,  446,  546,  283,  706,  673,  201,  398,  690,  564,  449,  440,  311,  682,  620,  791,  585,  552,  749,  533,  571,  468,  537,  192,  296,  416,   87,  582,  458,  489,  239,  583,  684,  360,  335,  834,  422,  654,  484,  358,  624,  346,  271,  309,  411,  865,  569,  635,  690,  665,  569,  709,  351,  700,  762,  684,  544,  552,  508,  719,  189,  342,  370,  301,  725,  613,  360,  213,  509,  148,  454,    0,  630,  338,  241,  439,  701,  714,  356,  632,  601,  304,  519,  467],
        [  185,  185,   85,  575,  892,  384,  478,  770,  136, 1099,  865,  300,  735,   55,  542,  689,  334, 1005,  498,  901,  663,  662,  134,  494,  380,  263,  654,  282,  425, 1024,  496,  160,   77,  371,  926,  772,  340,  709,  996,  900,  719,  408,  898,  403,  534,  857,  113,  218,  757,  865,  595,  727,  780,   80,  546,  190,  105, 1041, 1067,  797,  497,  295,  341,  929,  746,  131,  322,  441,  827,  753,  871,  630,    0,  890,  755,  646,  624, 1209,  699, 1163,  810,  620,  659,  241],
        [  721,  721,  814,  614,  542,  791,  535,  241,  911,  228,  208,  625,  195,  937,  653,  775,  725,  242,  824,  295,  525,  413,  827,  398,  620,  726,  266,  745,  565,  152,  577,  796,  957,  537,   86,  784,  590,  593,  151,   24,  549,  680,  217,  494,  456,  777,  803,  822,  607,  504,  567,  650,  616,  968,  814,  884,  825,  223,  179,  619,  525,  599,  694,  236,  658,  907,  678,  537,  326,  358,  209,  338,  890,    0,  135,  396,  700,  377,  271,  295,  458,  625,  470,  674],
