{
    "name": "random-57-3498",
    "comment": "size=57 seed=3498",
    "nodes": ["+0", "-0", "+1", "-1", "+2", "-2", "+3", "-3", "+4", "-4", "+5", "-5", "+6", "-6", "+7", "-7", "+8", "-8", "+9", "-9", "+10", "-10", "+11", "-11", "+12", "-12", "+13", "-13", "+14", "-14", "+15", "-15", "+16", "-16", "+17", "-17", "+18", "-18", "+19", "-19", "+20", "-20", "+21", "-21", "+22", "-22", "+23", "-23", "+24", "-24", "+25", "-25", "+26", "-26", "+27", "-27", "+28", "-28", "+29", "-29", "+30", "-30", "+31", "-31", "+32", "-32", "+33", "-33", "+34", "-34", "+35", "-35", "+36", "-36", "+37", "-37", "+38", "-38", "+39", "-39", "+40", "-40", "+41", "-41", "+42", "-42", "+43", "-43", "+44", "-44", "+45", "-45", "+46", "-46", "+47", "-47", "+48", "-48", "+49", "-49", "+50", "-50", "+51", "-51", "+52", "-52", "+53", "-53", "+54", "-54", "+55", "-55", "+56", "-56", "+57", "-57"],
    "precedence": {
        "+0": "-0",
        "+1": "-1",
        "+2": "-2",
        "+3": "-3",
        "+4": "-4",
        "+5": "-5",
        "+6": "-6",
        "+7": "-7",
        "+8": "-8",
        "+9": "-9",
        "+10": "-10",
        "+11": "-11",
        "+12": "-12",
        "+13": "-13",
        "+14": "-14",
        "+15": "-15",
        "+16": "-16",
        "+17": "-17",
        "+18": "-18",
        "+19": "-19",
        "+20": "-20",
        "+21": "-21",
        "+22": "-22",
        "+23": "-23",
        "+24": "-24",
        "+25": "-25",
        "+26": "-26",
        "+27": "-27",
        "+28": "-28",
        "+29": "-29",
        "+30": "-30",
        "+31": "-31",
        "+32": "-32",
        "+33": "-33",
        "+34": "-34",
        "+35": "-35",
        "+36": "-36",
        "+37": "-37",
        "+38": "-38",
        "+39": "-39",
        "+40": "-40",
        "+41": "-41",
        "+42": "-42",
        "+43": "-43",
        "+44": "-44",
        "+45": "-45",
        "+46": "-46",
        "+47": "-47",
        "+48": "-48",
        "+49": "-49",
        "+50": "-50",
        "+51": "-51",
        "+52": "-52",
        "+53": "-53",
        "+54": "-54",
        "+55": "-55",
        "+56": "-56",
        "+57": "-57"
    },
    "edges": [
        [    0,    0,  161,  143,  610,  426,  119,  374,  573,  406,  688,  779,  508,  462,   98,  632,  876,  890,  717,  262,  376,  174,  917,  578,  869,  326,   56,  859,  768,  455,  439,  360,  787,  302,  150,  446,  662,  263,  852,  309,  683,  269,  361,  724,  248,  571,  557,  740,  722,  336,  197,  726,  558,  237,  723,  513,  547,  702,  202,  401,  192,  553,  173,  820,  959,  798,  734,  738,  808,  139,  508,  790,  499,  299,  534,  171,  286,  926,  630,  777,  304,  649,  465,   19,  784,  668,  534,  222,  715,  791,  801,  802,  440,  960,  357,  452,  758,  658,  610,  650,  813,  629,  477,  128,  552,  588,  771,  271,  387,  281,  110,  755,  227,  524,  648,  841],
        [    0,    0,    0,    0,    0,    0,    0,    0,    0,    0,    0,    0,    0,    0,    0,    0,    0,    0,    0,    0,    0,    0,    0,    0,    0,    0,    0,    0,    0,    0,    0,    0,    0,    0,    0,    0,    0,    0,    0,    0,    0,    0,    0,    0,    0,    0,    0,    0,    0,    0,    0,    0,    0,    0,    0,    0,    0,    0,    0,    0,    0,    0,    0,    0,    0,    0,    0,    0,    0,    0,    0,    0,    0,    0,    0,    0,    0,    0,    0,    0,    0,    0,    0,    0,    0,    0,    0,    0,    0,    0,    0,    0,    0,    0,    0,    0,    0,    0,    0,    0,    0,    0,    0,    0,    0,    0,    0,    0,    0,    0,    0,    0,    0,    0,    0,    0],
        [  161,    0,    0,  237,  610,  403,  232,  349,  524,  484,  666,  623,  471,  303,  235,  524,  752,  778,  557,  151,  230,   39,  781,  459,  759,  458,  216,  748,  744,  441,  360,  217,  683,  420,  152,  296,  518,  175,  712,  369,  579,  124,  266,  573,   97,  496,  403,  641,  576,  177,  288,  654,  431,  231,  611,  361,  389,  546,  190,  417,  240,  438,  313,  773,  805,  666,  619,  617,  664,   90,  373,  720,  359,  172,  414,  329,  287,  889,  492,  690,  450,  626,  450,  145,  670,  560,  382,  127,  560,  663,  684,  687,  426,  806,  459,  324,  599,  564,  463,  496,  657,  507,  486,   33,  395,  435,  666,  138,  493,  128,  130,  595,  261,  365,  511,  693],
        [  143,    0,  237,    0,  480,  315,   32,  268,  470,  266,  566,  796,  401,  525,  216,  575,  830,  830,  754,  375,  387,  225,  886,  537,  808,  227,  147,  798,  645,  337,  369,  368,  721,  184,  111,  460,  652,  386,  832,  168,  621,  296,  316,  727,  288,  488,  633,  670,  714,  387,   56,  635,  666,  145,  668,  593,  580,  772,  133,  270,   70,  510,  105,  709,  964,  764,  683,  692,  796,  261,  493,  696,  596,  405,  647,  174,  175,  807,  612,  695,  234,  528,  346,  156,  729,  612,  548,  340,  730,  753,  750,  748,  322,  967,  225,  432,  790,  587,  608,  663,  831,  590,  347,  216,  621,  600,  708,  372,  258,  317,  110,  795,  104,  562,  629,  834],
        [  610,    0,  610,  480,    0,  211,  511,  262,  187,  312,  112,  818,  176,  753,  694,  426,  633,  581,  849,  755,  554,  574,  731,  466,  558,  510,  626,  553,  178,  170,  328,  541,  478,  457,  477,  592,  631,  783,  723,  325,  426,  556,  404,  724,  576,  286,  866,  427,  681,  641,  440,  309,  980,  385,  482,  846,  713,  963,  427,  211,  419,  444,  538,  277,  917,  628,  507,  534,  722,  683,  526,  340,  891,  762,  979,  626,  330,  344,  581,  394,  572,   91,  162,  618,  525,  444,  639,  736,  763,  603,  553,  541,  185,  926,  395,  488,  860,  374,  629,  710,  851,  496,  134,  612,  839,  666,  478,  728,  404,  580,  517,  894,  384,  716,  586,  770],
        [  426,    0,  403,  315,  211,    0,  346,   55,  157,  278,  266,  672,   87,  551,  518,  328,  579,  556,  679,  546,  353,  366,  658,  331,  533,  430,  453,  524,  346,   44,  149,  338,  444,  368,  282,  400,  490,  575,  627,  210,  356,  346,  201,  582,  366,  201,  666,  389,  549,  433,  293,  327,  772,  191,  412,  642,  528,  773,  229,  103,  246,  304,  400,  395,  801,  540,  433,  452,  610,  481,  356,  385,  684,  551,  769,  483,  143,  500,  441,  396,  478,  226,   50,  431,  469,  359,  461,  528,  610,  521,  495,  488,   32,  808,  333,  306,  699,  310,  473,  549,  707,  376,  113,  409,  641,  496,  435,  518,  359,  370,  324,  725,  211,  526,  451,  655],
        [  119,    0,  232,   32,  511,  346,    0,  299,  501,  288,  598,  809,  432,  527,  186,  601,  855,  857,  763,  364,  399,  226,  908,  560,  835,  227,  116,  825,  677,  368,  396,  381,  748,  192,  124,  473,  670,  371,  852,  197,  647,  304,  338,  743,  293,  517,  632,  698,  732,  392,   80,  665,  657,  172,  694,  591,  590,  774,  156,  301,  101,  534,   88,  740,  980,  787,  708,  717,  815,  246,  511,  726,  590,  395,  637,  147,  205,  839,  632,  724,  224,  559,  378,  134,  755,  638,  561,  326,  744,  776,  775,  773,  353,  983,  241,  451,  800,  614,  625,  677,  845,  613,  378,  208,  622,  614,  735,  363,  272,  323,  112,  804,  136,  571,  649,  852],
        [  374,    0,  349,  268,  262,   55,  299,    0,  203,  274,  320,  659,  136,  511,  467,  341,  597,  582,  657,  494,  315,  313,  670,  331,  559,  404,  402,  550,  400,   93,  142,  299,  470,  342,  228,  369,  482,  522,  632,  186,  376,  298,  167,  572,  316,  229,  627,  417,  543,  388,  251,  368,  726,  137,  430,  601,  499,  740,  175,  110,  198,  303,  358,  447,  798,  550,  449,  465,  610,  426,  338,  429,  639,  500,  722,  439,   94,  554,  434,  432,  447,  281,  101,  378,  489,  375,  436,  475,  596,  533,  513,  508,   78,  804,  317,  283,  680,  335,  459,  532,  694,  380,  150,  354,  603,  476,  460,  466,  346,  323,  270,  703,  165,  494,  447,  654],
        [  573,    0,  524,  470,  187,  157,  501,  203,    0,  406,  165,  633,   71,  603,  667,  240,  462,  423,  669,  655,  409,  486,  554,  281,  400,  578,  604,  392,  233,  150,  179,  400,  313,  517,  425,  432,  445,  689,  540,  361,  245,  441,  273,  538,  466,   99,  711,  259,  495,  509,  449,  173,  842,  337,  303,  696,  544,  795,  371,  240,  400,  262,  556,  250,  732,  446,  327,  353,  537,  609,  353,  229,  752,  652,  846,  639,  296,  366,  396,  249,  630,  134,  142,  575,  351,  260,  467,  644,  579,  422,  379,  369,  160,  740,  474,  324,  678,  194,  448,  529,  665,  309,  197,  536,  681,  488,  309,  621,  495,  461,  466,  713,  366,  550,  400,  584],
        [  406,    0,  484,  266,  312,  278,  288,  274,  406,    0,  422,  930,  343,  735,  464,  606,  855,  827,  918,  632,  556,  461,  936,  604,  803,  201,  397,  795,  489,  262,  416,  537,  715,  156,  334,  621,  756,  647,  903,  120,  632,  499,  425,  845,  504,  475,  850,  660,  817,  598,  211,  575,  911,  278,  689,  815,  752,  977,  310,  176,  245,  576,  272,  585, 1072,  818,  710,  730,  883,  524,  608,  623,  834,  656,  897,  353,  240,  654,  708,  654,  267,  392,  268,  421,  744,  637,  698,  599,  865,  799,  771,  763,  257, 1078,   85,  550,  945,  585,  730,  801,  965,  651,  213,  470,  831,  742,  708,  621,   93,  525,  358,  963,  228,  742,  720,  928],
        [  688,    0,  666,  566,  112,  266,  598,  320,  165,  422,    0,  781,  197,  767,  778,  379,  553,  493,  826,  804,  572,  628,  657,  435,  470,  618,  710,  466,   80,  234,  340,  562,  397,  563,  547,  597,  595,  836,  660,  422,  365,  594,  431,  686,  618,  254,  875,  351,  638,  669,  532,  222, 1004,  455,  417,  861,  707,  958,  494,  300,  501,  419,  635,  165,  860,  563,  442,  472,  667,  746,  515,  239,  914,  805, 1007,  722,  403,  242,  547,  304,  679,   40,  224,  694,  450,  389,  630,  790,  731,  537,  479,  465,  249,  869,  503,  489,  831,  316,  604,  685,  811,  455,  227,  673,  846,  648,  401,  773,  514,  616,  588,  870,  465,  715,  549,  714],
        [  779,    0,  623,  796,  818,  672,  809,  659,  633,  930,  781,    0,  652,  366,  857,  403,  367,  453,  123,  615,  411,  606,  302,  353,  454, 1011,  834,  446,  822,  706,  523,  429,  453,  955,  686,  337,  188,  650,  220,  824,  426,  513,  507,   96,  532,  535,  360,  468,  145,  450,  822,  593,  532,  679,  389,  394,  239,  308,  669,  767,  750,  376,  897,  756,  188,  277,  368,  337,  165,  689,  322,  627,  474,  575,  565,  939,  698,  870,  238,  545, 1028,  760,  706,  766,  392,  398,  249,  644,   66,  302,  375,  391,  702,  187,  956,  381,   84,  470,  200,  134,   37,  327,  779,  656,  334,  197,  437,  575,  989,  499,  702,  137,  741,  267,  233,  146],
        [  508,    0,  471,  401,  176,   87,  432,  136,   71,  343,  197,  652,    0,  581,  602,  277,  516,  484,  675,  608,  383,  433,  603,  300,  461,  509,  537,  453,  274,   82,  153,  371,  373,  448,  362,  417,  465,  640,  580,  291,  294,  398,  236,  559,  421,  137,  692,  318,  520,  475,  379,  243,  813,  272,  352,  674,  537,  787,  308,  172,  332,  276,  486,  312,  765,  489,  375,  397,  571,  553,  352,  300,  723,  608,  814,  569,  228,  421,  415,  316,  560,  159,   75,  512,  405,  304,  464,  594,  594,  467,  432,  423,   91,  773,  407,  312,  689,  245,  458,  539,  686,  337,  140,  480,  665,  492,  366,  576,  429,  420,  403,  720,  297,  540,  422,  617],
        [  462,    0,  303,  525,  753,  551,  527,  511,  603,  735,  767,  366,  581,    0,  522,  473,  616,  673,  272,  254,  200,  302,  604,  390,  662,  751,  516,  651,  835,  594,  429,  214,  611,  706,  419,  176,  341,  287,  521,  616,  526,  237,  351,  351,  238,  529,  117,  591,  378,  139,  568,  664,  247,  457,  529,   94,  139,  248,  428,  614,  504,  387,  612,  820,  553,  514,  524,  507,  463,  346,  279,  722,  158,  211,  261,  631,  500,  944,  345,  662,  750,  733,  599,  445,  572,  496,  193,  287,  313,  524,  574,  583,  582,  551,  730,  283,  319,  539,  283,  266,  393,  414,  660,  334,   98,  226,  592,  217,  765,  212,  416,  303,  511,  109,  361,  476],
        [   98,    0,  235,  216,  694,  518,  186,  467,  667,  464,  778,  857,  602,  522,    0,  728,  970,  986,  786,  291,  461,  258, 1008,  672,  966,  342,   70,  955,  857,  545,  536,  447,  883,  335,  246,  530,  749,  279,  942,  381,  780,  354,  457,  807,  330,  668,  606,  837,  808,  408,  263,  823,  580,  331,  819,  560,  621,  752,  298,  484,  277,  649,  199,  913, 1039,  890,  830,  832,  896,  177,  599,  887,  533,  334,  550,  150,  377, 1017,  720,  874,  302,  738,  555,  101,  879,  764,  616,  250,  794,  885,  896,  897,  530, 1040,  401,  545,  830,  755,  696,  730,  890,  723,  561,  202,  605,  669,  868,  314,  427,  362,  207,  821,  313,  596,  738,  926],
        [  632,    0,  524,  575,  426,  328,  601,  341,  240,  606,  379,  403,  277,  473,  728,    0,  257,  258,  458,  614,  323,  489,  331,   83,  238,  743,  677,  227,  422,  349,  209,  326,  159,  682,  490,  303,  218,  652,  304,  527,   57,  407,  271,  308,  436,  143,  559,  123,  260,  430,  576,  204,  718,  432,   93,  559,  371,  610,  447,  430,  509,   92,  677,  369,  492,  214,  109,  125,  297,  614,  195,  255,  630,  594,  733,  747,  418,  491,  174,  190,  782,  360,  346,  627,  154,   37,  293,  618,  356,  194,  175,  173,  351,  501,  657,  212,  457,   73,  239,  316,  433,   78,  416,  549,  527,  293,  142,  571,  684,  415,  525,  499,  484,  388,  172,  344],
        [  876,    0,  752,  830,  633,  579,  855,  597,  462,  855,  553,  367,  516,  616,  970,  257,    0,   91,  475,  814,  528,  720,  109,  298,  101, 1000,  924,   99,  564,  594,  466,  538,  157,  938,  740,  480,  276,  853,  155,  782,  223,  629,  519,  302,  657,  381,  666,  206,  254,  623,  833,  332,  842,  687,  168,  683,  483,  661,  699,  680,  765,  323,  932,  465,  347,  103,  149,  139,  203,  839,  382,  334,  764,  786,  866, 1000,  675,  558,  276,  253, 1039,  550,  589,  869,  112,  222,  425,  827,  362,   93,   85,   93,  598,  358,  910,  429,  449,  272,  334,  370,  379,  247,  655,  780,  634,  391,  155,  770,  937,  631,  772,  502,  740,  510,  258,  233],
        [  890,    0,  778,  830,  581,  556,  857,  582,  423,  827,  493,  453,  484,  673,  986,  258,   91,    0,  556,  854,  563,  744,  195,  320,   24,  984,  935,   33,  494,  565,  462,  570,  113,  922,  748,  524,  340,  893,  245,  764,  210,  657,  529,  381,  686,  356,  734,  168,  330,  664,  827,  273,  907,  686,  168,  747,  545,  739,  703,  654,  763,  341,  930,  388,  436,  179,  160,  169,  290,  866,  419,  261,  826,  829,  929, 1003,  667,  473,  329,  189, 1028,  494,  559,  885,  109,  222,  481,  863,  441,  159,  100,   93,  572,  448,  888,  457,  533,  248,  394,  441,  467,  275,  620,  804,  701,  454,  123,  810,  912,  662,  783,  585,  735,  571,  313,  323],
        [  717,    0,  557,  754,  849,  679,  763,  657,  669,  918,  826,  123,  675,  272,  786,  458,  475,  556,    0,  525,  370,  546,  421,  392,  554,  976,  772,  545,  877,  718,  532,  390,  539,  924,  643,  300,  243,  557,  336,  806,  493,  460,  495,  176,  474,  574,  244,  544,  228,  381,  787,  658,  412,  653,  466,  282,  174,  188,  635,  766,  716,  408,  851,  824,  295,  378,  449,  421,  278,  613,  325,  701,  359,  482,  446,  883,  680,  943,  284,  622,  986,  801,  720,  702,  482,  462,  221,  558,  116,  399,  470,  484,  711,  291,  934,  375,   50,  529,  223,  142,  137,  380,  791,  590,  221,  184,  522,  488,  968,  441,  652,   46,  713,  194,  288,  266],
        [  262,    0,  151,  375,  755,  546,  364,  494,  655,  632,  804,  615,  608,  254,  291,  614,  814,  854,  525,    0,  292,  183,  824,  538,  838,  585,  307,  827,  882,  586,  482,  289,  770,  555,  302,  334,  554,   40,  746,  518,  670,  218,  385,  587,  190,  613,  320,  735,  603,  191,  429,  769,  297,  382,  692,  273,  379,  465,  340,  567,  388,  523,  433,  901,  802,  719,  695,  687,  692,  124,  435,  833,  242,   45,  274,  425,  437, 1020,  540,  793,  565,  766,  594,  243,  746,  646,  402,   42,  559,  722,  755,  761,  571,  801,  600,  402,  572,  664,  494,  502,  644,  579,  634,  162,  324,  450,  751,   45,  633,  202,  275,  554,  412,  349,  559,  712],
        [  376,    0,  230,  387,  554,  353,  399,  315,  409,  556,  572,  411,  383,  200,  461,  323,  528,  563,  370,  292,    0,  204,  552,  246,  547,  607,  430,  536,  642,  395,  232,   20,  478,  554,  277,   74,  289,  331,  482,  440,  380,  108,  152,  349,  133,  344,  314,  445,  347,  109,  418,  492,  433,  284,  400,  292,  199,  426,  266,  421,  347,  232,  487,  638,  585,  439,  403,  397,  435,  313,  146,  554,  343,  272,  438,  530,  317,  761,  262,  507,  620,  537,  400,  365,  455,  354,  163,  301,  345,  438,  465,  470,  384,  588,  565,  111,  404,  377,  235,  278,  446,  289,  463,  261,  289,  215,  460,  249,  600,  104,  292,  414,  344,  187,  281,  466],
        [  174,    0,   39,  225,  574,  366,  226,  313,  486,  461,  628,  606,  433,  302,  258,  489,  720,  744,  546,  183,  204,    0,  753,  425,  725,  451,  229,  714,  707,  405,  322,  190,  647,  409,  129,  274,  492,  210,  685,  344,  544,   97,  229,  551,   75,  458,  408,  605,  551,  168,  272,  616,  450,  200,  577,  368,  375,  548,  159,  385,  218,  404,  311,  735,  785,  636,  585,  584,  639,  128,  343,  681,  375,  198,  437,  337,  255,  851,  463,  653,  448,  589,  413,  162,  636,  524,  361,  163,  542,  632,  650,  653,  390,  787,  442,  292,  587,  527,  439,  476,  640,  474,  452,   61,  397,  414,  630,  163,  476,  108,  116,  586,  236,  353,  482,  670],
        [  917,    0,  781,  886,  731,  658,  908,  670,  554,  936,  657,  302,  603,  604, 1008,  331,  109,  195,  421,  824,  552,  753,    0,  350,  209, 1069,  967,  207,  671,  678,  533,  565,  261, 1008,  789,  494,  271,  863,   86,  855,  310,  658,  571,  261,  685,  467,  636,  306,  227,  636,  895,  437,  813,  746,  253,  660,  466,  608,  754,  761,  824,  377,  990,  574,  244,  122,  229,  207,  147,  864,  410,  442,  742,  792,  841, 1053,  741,  666,  290,  360, 1104,  651,  674,  908,  208,  300,  424,  842,  315,  138,  179,  192,  681,  256,  986,  465,  386,  361,  331,  342,  306,  297,  743,  811,  605,  380,  257,  780, 1014,  655,  818,  439,  803,  496,  271,  157],
        [  578,    0,  459,  537,  466,  331,  560,  331,  281,  604,  435,  353,  300,  390,  672,   83,  298,  320,  392,  538,  246,  425,  350,    0,  303,  722,  626,  291,  487,  361,  190,  251,  233,  662,  443,  220,  166,  577,  303,  513,  138,  337,  223,  260,  367,  184,  478,  204,  221,  351,  546,  282,  635,  397,  155,  476,  291,  534,  405,  432,  475,   29,  641,  445,  471,  228,  161,  161,  280,  547,  112,  336,  547,  516,  650,  705,  394,  568,  116,  273,  755,  411,  359,  571,  212,  110,  212,  545,  299,  217,  226,  229,  359,  478,  645,  137,  398,  152,  170,  250,  387,   53,  432,  485,  445,  218,  214,  495,  675,  343,  474,  435,  454,  307,  123,  325],
        [  869,    0,  759,  808,  558,  533,  835,  559,  400,  803,  470,  454,  461,  662,  966,  238,  101,   24,  554,  838,  547,  725,  209,  303,    0,  961,  914,   12,  474,  542,  440,  553,   90,  899,  727,  510,  332,  877,  251,  741,  188,  639,  509,  379,  669,  333,  726,  144,  327,  649,  804,  251,  898,  664,  149,  737,  536,  735,  682,  631,  740,  322,  908,  369,  447,  178,  144,  155,  293,  848,  404,  241,  816,  814,  919,  981,  644,  458,  318,  167, 1005,  471,  536,  865,   92,  202,  470,  847,  439,  155,   90,   79,  548,  459,  865,  439,  532,  225,  385,  435,  470,  259,  596,  785,  692,  445,  100,  795,  889,  645,  762,  584,  713,  561,  303,  328],
        [  326,    0,  458,  227,  510,  430,  227,  404,  578,  201,  618, 1011,  509,  751,  342,  743, 1000,  984,  976,  585,  607,  451, 1069,  722,  961,    0,  291,  952,  687,  429,  537,  588,  872,   62,  335,  680,  855,  588, 1024,  220,  779,  521,  512,  937,  514,  629,  858,  818,  918,  614,  190,  750,  881,  334,  833,  817,  803,  998,  343,  339,  262,  694,  154,  779, 1172,  948,  852,  866,  995,  463,  698,  804,  816,  619,  858,  199,  329,  853,  812,  824,   68,  585,  436,  344,  892,  778,  766,  546,  945,  932,  916,  911,  419, 1176,  116,  637, 1011,  737,  818,  878, 1047,  774,  398,  433,  847,  816,  862,  588,  118,  543,  335, 1019,  273,  787,  827, 1035],
        [   56,    0,  216,  147,  626,  453,  116,  402,  604,  397,  710,  834,  537,  516,   70,  677,  924,  935,  772,  307,  430,  229,  967,  626,  914,  291,    0,  904,  789,  478,  480,  413,  830,  276,  189,  501,  715,  303,  904,  312,  727,  323,  407,  778,  303,  609,  609,  782,  775,  392,  194,  762,  603,  267,  769,  564,  603,  754,  238,  415,  209,  601,  140,  848, 1013,  848,  781,  786,  861,  185,  560,  825,  547,  347,  577,  119,  311,  950,  682,  816,  261,  671,  488,   71,  830,  714,  589,  266,  770,  841,  848,  848,  463, 1015,  338,  503,  814,  699,  664,  704,  868,  678,  492,  183,  605,  642,  816,  321,  366,  336,  153,  810,  245,  579,  700,  894],
        [  859,    0,  748,  798,  553,  524,  825,  550,  392,  795,  466,  446,  453,  651,  955,  227,   99,   33,  545,  827,  536,  714,  207,  291,   12,  952,  904,    0,  471,  534,  430,  542,   81,  890,  716,  499,  322,  866,  246,  732,  178,  628,  498,  370,  657,  324,  715,  136,  318,  638,  795,  246,  887,  654,  138,  727,  526,  726,  672,  622,  730,  311,  898,  369,  444,  170,  133,  145,  286,  837,  393,  239,  805,  803,  909,  971,  634,  460,  308,  163,  996,  466,  528,  854,   81,  191,  459,  835,  430,  147,   79,   68,  540,  455,  856,  428,  524,  215,  374,  426,  463,  248,  589,  774,  682,  435,   91,  783,  880,  634,  751,  576,  703,  550,  292,  322],
        [  768,    0,  744,  645,  178,  346,  677,  400,  233,  489,   80,  822,  274,  835,  857,  422,  564,  494,  877,  882,  642,  707,  671,  487,  474,  687,  789,  471,    0,  313,  412,  633,  411,  634,  627,  662,  640,  914,  684,  498,  398,  670,  505,  728,  694,  311,  941,  372,  678,  742,  610,  238, 1075,  535,  445,  928,  767, 1017,  574,  378,  581,  474,  711,  121,  887,  588,  470,  500,  698,  825,  575,  233,  984,  881, 1079,  798,  483,  167,  594,  312,  750,  120,  304,  774,  469,  426,  689,  868,  777,  561,  497,  482,  329,  897,  572,  554,  878,  353,  655,  735,  851,  499,  303,  752,  910,  703,  418,  849,  580,  691,  668,  919,  545,  777,  594,  744],
        [  455,    0,  441,  337,  170,   44,  368,   93,  150,  262,  234,  706,   82,  594,  545,  349,  594,  565,  718,  586,  395,  405,  678,  361,  542,  429,  478,  534,  313,    0,  186,  381,  453,  368,  315,  441,  522,  615,  651,  212,  371,  388,  244,  615,  407,  214,  709,  399,  580,  476,  308,  322,  815,  222,  428,  685,  569,  814,  263,   91,  270,  334,  414,  373,  830,  562,  451,  472,  637,  517,  393,  377,  727,  593,  812,  499,  170,  472,  473,  397,  481,  194,   10,  461,  483,  378,  500,  567,  646,  542,  510,  502,   16,  837,  325,  345,  736,  323,  508,  586,  741,  403,   74,  446,  683,  534,  446,  559,  348,  413,  356,  763,  234,  567,  482,  683],
        [  439,    0,  360,  369,  328,  149,  396,  142,  179,  416,  340,  523,  153,  429,  536,  209,  466,  462,  532,  482,  232,  322,  533,  190,  440,  537,  480,  430,  412,  186,    0,  222,  354,  476,  292,  264,  343,  517,  491,  324,  252,  265,   97,  434,  292,  136,  540,  304,  403,  331,  368,  295,  665,  224,  301,  522,  387,  635,  244,  246,  302,  161,  469,  420,  657,  411,  318,  330,  468,  449,  208,  360,  574,  476,  668,  542,  210,  540,  294,  338,  574,  305,  188,  437,  362,  245,  316,  474,  461,  396,  384,  381,  180,  663,  457,  162,  550,  220,  324,  401,  558,  239,  259,  377,  512,  349,  340,  445,  486,  284,  330,  578,  276,  388,  306,  513],
        [  360,    0,  217,  368,  541,  338,  381,  299,  400,  537,  562,  429,  371,  214,  447,  326,  538,  570,  390,  289,   20,  190,  565,  251,  553,  588,  413,  542,  633,  381,  222,    0,  482,  535,  258,   93,  303,  327,  496,  422,  382,   94,  137,  366,  121,  339,  329,  447,  363,  112,  399,  489,  443,  265,  406,  305,  218,  444,  246,  404,  327,  235,  469,  632,  602,  450,  410,  405,  450,  302,  156,  552,  353,  271,  446,  513,  298,  755,  275,  507,  601,  526,  386,  349,  461,  358,  181,  295,  363,  448,  473,  477,  369,  605,  546,  115,  423,  378,  251,  296,  464,  296,  447,  247,  305,  233,  464,  247,  581,   94,  274,  433,  325,  205,  294,  482],
        [  787,    0,  683,  721,  478,  444,  748,  470,  313,  715,  397,  453,  373,  611,  883,  159,  157,  113,  539,  770,  478,  647,  261,  233,   90,  872,  830,   81,  411,  453,  354,  482,    0,  810,  642,  450,  302,  809,  279,  652,  105,  565,  427,  367,  594,  244,  686,   55,  314,  583,  716,  177,  853,  577,   83,  692,  494,  712,  596,  542,  653,  248,  820,  319,  482,  187,   93,  119,  304,  772,  341,  186,  768,  749,  871,  894,  556,  423,  276,  101,  917,  394,  448,  783,   63,  125,  422,  776,  426,  159,   88,   72,  460,  493,  776,  368,  525,  136,  346,  408,  475,  198,  509,  707,  652,  406,   20,  727,  800,  573,  679,  574,  625,  516,  264,  347],
        [  302,    0,  420,  184,  457,  368,  192,  342,  517,  156,  563,  955,  448,  706,  335,  682,  938,  922,  924,  555,  554,  409, 1008,  662,  899,   62,  276,  890,  634,  368,  476,  535,  810,    0,  287,  626,  797,  561,  964,  159,  718,  473,  453,  879,  468,  567,  815,  756,  860,  568,  139,  690,  848,  277,  771,  776,  752,  953,  289,  279,  208,  634,  137,  723, 1114,  887,  790,  805,  935,  436,  640,  744,  779,  586,  828,  206,  268,  800,  753,  763,  117,  530,  376,  319,  830,  716,  711,  517,  890,  871,  855,  850,  358, 1119,   74,  579,  957,  675,  761,  823,  991,  713,  340,  398,  803,  761,  801,  554,   93,  496,  294,  967,  215,  736,  768,  976],
        [  150,    0,  152,  111,  477,  282,  124,  228,  425,  334,  547,  686,  362,  419,  246,  490,  740,  748,  643,  302,  277,  129,  789,  443,  727,  335,  189,  716,  627,  315,  292,  258,  642,  287,    0,  350,  547,  322,  731,  217,  539,  187,  221,  619,  181,  422,  530,  594,  609,  281,  149,  577,  578,   93,  582,  492,  470,  667,   54,  275,   90,  417,  211,  673,  856,  668,  595,  601,  692,  209,  389,  641,  503,  323,  564,  264,  148,  781,  509,  628,  344,  507,  324,  151,  643,  527,  438,  273,  621,  659,  662,  662,  299,  860,  315,  329,  680,  511,  502,  553,  722,  496,  348,  143,  516,  491,  628,  288,  349,  209,   42,  685,  110,  453,  527,  729],
        [  446,    0,  296,  460,  592,  400,  473,  369,  432,  621,  597,  337,  417,  176,  530,  303,  480,  524,  300,  334,   74,  274,  494,  220,  510,  680,  501,  499,  662,  441,  264,   93,  450,  626,  350,    0,  225,  373,  419,  507,  358,  178,  202,  278,  200,  355,  279,  423,  281,  144,  490,  489,  421,  353,  369,  267,  132,  374,  338,  477,  419,  214,  561,  644,  513,  386,  367,  356,  369,  374,  109,  549,  332,  306,  433,  603,  382,  769,  207,  492,  693,  564,  445,  435,  418,  329,   89,  350,  272,  388,  425,  432,  432,  515,  634,  109,  332,  366,  168,  205,  372,  253,  512,  328,  250,  142,  430,  290,  669,  168,  365,  344,  414,  126,  226,  398],
        [  662,    0,  518,  652,  631,  490,  670,  482,  445,  756,  595,  188,  465,  341,  749,  218,  276,  340,  243,  554,  289,  492,  271,  166,  332,  855,  715,  322,  640,  522,  343,  303,  302,  797,  547,  225,    0,  593,  195,  656,  250,  396,  344,   94,  421,  347,  395,  302,   63,  366,  670,  416,  568,  522,  225,  409,  208,  411,  520,  588,  598,  190,  756,  582,  318,  174,  210,  185,  147,  598,  159,  459,  489,  522,  592,  809,  532,  701,   50,  380,  880,  573,  522,  652,  249,  219,  154,  573,  138,  185,  243,  256,  519,  323,  789,  221,  239,  288,   61,  107,  221,  141,  595,  549,  361,  116,  283,  510,  821,  391,  570,  283,  583,  235,   47,  182],
        [  263,    0,  175,  386,  783,  575,  371,  522,  689,  647,  836,  650,  640,  287,  279,  652,  853,  893,  557,   40,  331,  210,  863,  577,  877,  588,  303,  866,  914,  615,  517,  327,  809,  561,  322,  373,  593,    0,  785,  535,  709,  254,  420,  624,  226,  649,  344,  774,  641,  231,  441,  805,  302,  405,  731,  297,  415,  488,  364,  591,  405,  562,  435,  935,  838,  758,  734,  726,  730,  126,  474,  870,  258,   76,  274,  419,  462, 1054,  579,  831,  563,  797,  623,  245,  785,  685,  441,   49,  595,  761,  795,  800,  599,  836,  610,  441,  605,  702,  533,  540,  679,  619,  660,  180,  351,  488,  790,   84,  643,  240,  291,  585,  431,  385,  598,  750],
        [  852,    0,  712,  832,  723,  627,  852,  632,  540,  903,  660,  220,  580,  521,  942,  304,  155,  245,  336,  746,  482,  685,   86,  303,  251, 1024,  904,  246,  684,  651,  491,  496,  279,  964,  731,  419,  195,  785,    0,  815,  298,  589,  517,  176,  615,  446,  551,  313,  145,  560,  845,  447,  727,  696,  243,  575,  383,  524,  699,  729,  773,  331,  936,  597,  204,   97,  218,  189,   61,  792,  345,  464,  657,  712,  756,  995,  696,  699,  223,  379, 1055,  648,  648,  843,  217,  280,  345,  766,  229,  124,  192,  208,  652,  215,  947,  403,  304,  349,  253,  257,  228,  253,  719,  742,  520,  299,  268,  703,  977,  584,  757,  357,  754,  412,  205,   79],
        [  309,    0,  369,  168,  325,  210,  197,  186,  361,  120,  422,  824,  291,  616,  381,  527,  782,  764,  806,  518,  440,  344,  855,  513,  741,  220,  312,  732,  498,  212,  324,  422,  652,  159,  217,  507,  656,  535,  815,    0,  561,  380,  317,  743,  385,  409,  731,  598,  718,  479,  119,  533,  794,  159,  615,  696,  638,  859,  191,  126,  131,  484,  214,  577,  973,  734,  635,  651,  790,  416,  504,  588,  715,  540,  780,  301,  127,  664,  610,  605,  270,  386,  221,  322,  673,  560,  587,  487,  759,  718,  698,  693,  201,  979,  134,  444,  835,  518,  625,  693,  860,  563,  196,  357,  713,  633,  643,  505,  166,  406,  245,  851,  109,  627,  624,  832],
        [  683,    0,  579,  621,  426,  356,  647,  376,  245,  632,  365,  426,  294,  526,  780,   57,  223,  210,  493,  670,  380,  544,  310,  138,  188,  779,  727,  178,  398,  371,  252,  382,  105,  718,  539,  358,  250,  709,  298,  561,    0,  463,  323,  333,  492,  158,  610,   66,  282,  486,  618,  167,  771,  476,   58,  611,  420,  653,  494,  457,  553,  148,  721,  332,  496,  202,   82,  109,  303,  669,  249,  210,  684,  651,  787,  793,  458,  451,  212,  138,  821,  352,  367,  679,  113,   32,  343,  675,  386,  178,  139,  133,  375,  505,  688,  269,  488,   52,  280,  354,  454,  118,  434,  603,  577,  337,   89,  628,  714,  472,  575,  533,  526,  438,  206,  350],
        [  269,    0,  124,  296,  556,  346,  304,  298,  441,  499,  594,  513,  398,  237,  354,  407,  629,  657,  460,  218,  108,   97,  658,  337,  639,  521,  323,  628,  670,  388,  265,   94,  565,  473,  187,  178,  396,  254,  589,  380,  463,    0,  168,  456,   30,  396,  351,  526,  455,  100,  334,  552,  430,  222,  491,  318,  287,  483,  191,  390,  268,  318,  391,  684,  690,  543,  497,  495,  543,  211,  249,  617,  344,  212,  424,  428,  268,  804,  368,  580,  527,  556,  395,  257,  549,  441,  266,  215,  448,  540,  562,  565,  374,  692,  494,  202,  498,  451,  343,  382,  547,  384,  446,  154,  334,  320,  547,  181,  529,   27,  193,  501,  274,  268,  387,  573],
        [  361,    0,  266,  316,  404,  201,  338,  167,  273,  425,  431,  507,  236,  351,  457,  271,  519,  529,  495,  385,  152,  229,  571,  223,  509,  512,  407,  498,  505,  244,   97,  137,  427,  453,  221,  202,  344,  420,  517,  317,  323,  168,    0,  427,  195,  231,  465,  381,  407,  240,  328,  389,  577,  179,  363,  442,  333,  574,  183,  275,  256,  197,  420,  516,  661,  450,  375,  381,  484,  356,  188,  454,  488,  379,  578,  483,  191,  636,  301,  425,  539,  394,  249,  357,  424,  308,  274,  378,  442,  439,  442,  442,  233,  666,  449,  127,  520,  301,  309,  377,  543,  276,  312,  286,  440,  317,  411,  349,  482,  188,  254,  540,  240,  328,  317,  524],
        [  724,    0,  573,  727,  724,  582,  743,  572,  538,  845,  686,   96,  559,  351,  807,  308,  302,  381,  176,  587,  349,  551,  261,  260,  379,  937,  778,  370,  728,  615,  434,  366,  367,  879,  619,  278,   94,  624,  176,  743,  333,  456,  427,    0,  478,  440,  376,  377,   54,  408,  749,  500,  552,  603,  298,  400,  213,  359,  597,  679,  677,  283,  830,  664,  238,  203,  279,  249,  115,  646,  240,  537,  482,  550,  581,  878,  617,  780,  144,  455,  958,  665,  615,  712,  308,  304,  192,  611,   61,  224,  295,  310,  612,  241,  875,  301,  158,  375,  119,   86,  128,  232,  688,  605,  344,  139,  350,  544,  908,  446,  639,  208,  665,  243,  139,  127],
        [  248,    0,   97,  288,  576,  366,  293,  316,  466,  504,  618,  532,  421,  238,  330,  436,  657,  686,  474,  190,  133,   75,  685,  367,  669,  514,  303,  657,  694,  407,  292,  121,  594,  468,  181,  200,  421,  226,  615,  385,  492,   30,  195,  478,    0,  424,  350,  556,  479,  100,  330,  581,  416,  229,  521,  313,  302,  486,  195,  403,  267,  348,  379,  711,  711,  570,  527,  524,  567,  182,  277,  645,  333,  188,  408,  411,  278,  830,  395,  609,  516,  580,  415,  235,  578,  471,  287,  186,  467,  568,  591,  594,  393,  713,  494,  231,  513,  481,  367,  402,  566,  414,  463,  128,  335,  341,  577,  155,  529,   33,  181,  513,  277,  280,  414,  597],
        [  571,    0,  496,  488,  286,  201,  517,  229,   99,  475,  254,  535,  137,  529,  668,  143,  381,  356,  574,  613,  344,  458,  467,  184,  333,  629,  609,  324,  311,  214,  136,  339,  244,  567,  422,  355,  347,  649,  446,  409,  158,  396,  231,  440,  424,    0,  631,  189,  396,  450,  478,  159,  773,  346,  215,  621,  457,  706,  372,  300,  419,  166,  583,  294,  635,  354,  239,  261,  440,  585,  264,  224,  682,  604,  780,  661,  317,  418,  298,  208,  674,  228,  209,  571,  270,  168,  378,  608,  482,  331,  297,  289,  218,  643,  533,  246,  581,  110,  352,  433,  567,  211,  277,  513,  601,  395,  235,  575,  558,  412,  462,  618,  388,  466,  302,  487],
        [  557,    0,  403,  633,  866,  666,  632,  627,  711,  850,  875,  360,  692,  117,  606,  559,  666,  734,  244,  320,  314,  408,  636,  478,  726,  858,  609,  715,  941,  709,  540,  329,  686,  815,  530,  279,  395,  344,  551,  731,  610,  351,  465,  376,  350,  631,    0,  672,  415,  252,  678,  758,  177,  572,  604,   47,  192,  147,  542,  730,  616,  480,  715,  917,  539,  564,  595,  574,  490,  430,  372,  813,  115,  275,  207,  727,  616, 1042,  411,  747,  852,  842,  713,  539,  640,  578,  267,  358,  325,  578,  637,  648,  697,  534,  843,  387,  293,  629,  342,  298,  380,  493,  775,  432,   34,  282,  666,  293,  878,  326,  523,  259,  625,  172,  425,  492],
        [  740,    0,  641,  670,  427,  389,  698,  417,  259,  660,  351,  468,  318,  591,  837,  123,  206,  168,  544,  735,  445,  605,  306,  204,  144,  818,  782,  136,  372,  399,  304,  447,   55,  756,  594,  423,  302,  774,  313,  598,   66,  526,  381,  377,  556,  189,  672,    0,  324,  552,  664,  134,  835,  526,   80,  675,  482,  710,  547,  487,  602,  214,  768,  290,  515,  217,  101,  132,  330,  731,  315,  160,  748,  716,  852,  843,  503,  403,  268,   79,  863,  345,  393,  737,  100,   95,  406,  739,  433,  189,  128,  115,  405,  526,  721,  334,  535,   84,  338,  408,  493,  179,  454,  664,  639,  397,   51,  693,  745,  536,  631,  582,  573,  501,  259,  375],
        [  722,    0,  576,  714,  681,  549,  732,  543,  495,  817,  638,  145,  520,  378,  808,  260,  254,  330,  228,  603,  347,  551,  227,  221,  327,  918,  775,  318,  678,  580,  403,  363,  314,  860,  609,  281,   63,  641,  145,  718,  282,  455,  407,   54,  479,  396,  415,  324,    0,  418,  733,  448,  591,  585,  245,  436,  240,  409,  583,  648,  661,  246,  818,  612,  256,  153,  225,  196,   90,  654,  222,  484,  517,  569,  618,  871,  595,  727,  110,  402,  943,  619,  579,  711,  255,  253,  202,  624,  113,  172,  242,  257,  577,  261,  852,  283,  212,  326,  113,  118,  174,  186,  652,  607,  383,  155,  297,  560,  883,  448,  632,  262,  646,  269,   98,  120],
        [  336,    0,  177,  387,  641,  433,  392,  388,  509,  598,  669,  450,  475,  139,  408,  430,  623,  664,  381,  191,  109,  168,  636,  351,  649,  614,  392,  638,  742,  476,  331,  112,  583,  568,  281,  144,  366,  231,  560,  479,  486,  100,  240,  408,  100,  450,  252,  552,  418,    0,  429,  599,  339,  321,  504,  219,  213,  386,  290,  485,  365,  339,  477,  743,  634,  529,  505,  497,  507,  240,  245,  662,  251,  166,  339,  504,  366,  866,  350,  615,  615,  633,  482,  322,  557,  460,  217,  207,  388,  531,  565,  571,  463,  635,  592,  219,  423,  486,  307,  326,  483,  390,  538,  209,  236,  269,  565,  147,  627,   74,  280,  419,  373,  188,  369,  532],
        [  197,    0,  288,   56,  440,  293,   80,  251,  449,  211,  532,  822,  379,  568,  263,  576,  833,  827,  787,  429,  418,  272,  895,  546,  804,  190,  194,  795,  610,  308,  368,  399,  716,  139,  149,  490,  670,  441,  845,  119,  618,  334,  328,  749,  330,  478,  678,  664,  733,  429,    0,  617,  718,  150,  668,  639,  614,  815,  154,  232,   73,  518,  108,  680,  986,  773,  685,  696,  812,  316,  512,  677,  645,  457,  700,  192,  161,  774,  628,  683,  211,  494,  317,  211,  729,  612,  576,  394,  756,  760,  751,  748,  294,  990,  172,  450,  821,  581,  631,  689,  858,  598,  308,  268,  664,  627,  704,  424,  206,  357,  159,  830,   93,  598,  644,  851],
        [  726,    0,  654,  635,  309,  327,  665,  368,  173,  575,  222,  593,  243,  664,  823,  204,  332,  273,  658,  769,  492,  616,  437,  282,  251,  750,  762,  246,  238,  322,  295,  489,  177,  690,  577,  489,  416,  805,  447,  533,  167,  552,  389,  500,  581,  159,  758,  134,  448,  599,  617,    0,  910,  496,  209,  753,  572,  813,  525,  412,  565,  278,  724,  166,  649,  351,  233,  264,  462,  743,  387,   66,  820,  757,  921,  806,  461,  288,  375,   85,  802,  221,  314,  727,  232,  197,  493,  765,  552,  323,  260,  246,  333,  659,  645,  386,  654,  132,  442,  518,  620,  279,  363,  672,  725,  496,  181,  730,  665,  567,  617,  699,  532,  587,  371,  507],
        [  558,    0,  431,  666,  980,  772,  657,  726,  842,  911, 1004,  532,  813,  247,  580,  718,  842,  907,  412,  297,  433,  450,  813,  635,  898,  881,  603,  887, 1075,  815,  665,  443,  853,  848,  578,  421,  568,  302,  727,  794,  771,  430,  577,  552,  416,  773,  177,  835,  591,  339,  718,  910,    0,  642,  771,  161,  362,  259,  605,  818,  668,  633,  729, 1064,  704,  739,  763,  744,  666,  420,  525,  969,   91,  262,   41,  720,  694, 1189,  581,  908,  861,  969,  821,  540,  810,  741,  432,  338,  501,  752,  809,  820,  801,  699,  889,  527,  459,  785,  514,  474,  548,  657,  875,  451,  209,  453,  834,  295,  923,  404,  560,  418,  685,  338,  596,  667],
