{
    "name": "random-42-28340",
    "comment": "size=42 seed=28340",
    "nodes": ["+0", "-0", "+1", "-1", "+2", "-2", "+3", "-3", "+4", "-4", "+5", "-5", "+6", "-6", "+7", "-7", "+8", "-8", "+9", "-9", "+10", "-10", "+11", "-11", "+12", "-12", "+13", "-13", "+14", "-14", "+15", "-15", "+16", "-16", "+17", "-17", "+18", "-18", "+19", "-19", "+20", "-20", "+21", "-21", "+22", "-22", "+23", "-23", "+24", "-24", "+25", "-25", "+26", "-26", "+27", "-27", "+28", "-28", "+29", "-29", "+30", "-30", "+31", "-31", "+32", "-32", "+33", "-33", "+34", "-34", "+35", "-35", "+36", "-36", "+37", "-37", "+38", "-38", "+39", "-39", "+40", "-40", "+41", "-41", "+42", "-42"],
    "precedence": {
        "+0": "-0",
        "+1": "-1",
        "+2": "-2",
        "+3": "-3",
        "+4": "-4",
        "+5": "-5",
        "+6": "-6",
        "+7": "-7",
        "+8": "-8",
        "+9": "-9",
        "+10": "-10",
        "+11": "-11",
        "+12": "-12",
        "+13": "-13",
        "+14": "-14",
        "+15": "-15",
        "+16": "-16",
        "+17": "-17",
        "+18": "-18",
        "+19": "-19",
        "+20": "-20",
        "+21": "-21",
        "+22": "-22",
        "+23": "-23",
        "+24": "-24",
        "+25": "-25",
        "+26": "-26",
        "+27": "-27",
        "+28": "-28",
        "+29": "-29",
        "+30": "-30",
        "+31": "-31",
        "+32": "-32",
        "+33": "-33",
        "+34": "-34",
        "+35": "-35",
        "+36": "-36",
        "+37": "-37",
        "+38": "-38",
        "+39": "-39",
        "+40": "-40",
        "+41": "-41",
        "+42": "-42"
    },
    "edges": [
        [    0,    0,  692,  610,  389,  378,  651,  613,  542,  676,  609,  604,  281,  200,  582,  457,  277,  804,  285,  668,  535,  593,  353,  173,  854,  667,  559,  437,  671,  525,  346,  343,  423,  127,  790,   13,  360,  725,  512,  236,  535,   83,  340,  315,  432,  182,  694,  406,  746,  409,  478,  184,  136,  100,  560,  201,  333,  803,  610,  624,  225,  586,  597,  225,  458,  281,  544,  663,  691,  321,  446,  174,  521,  265,  743,  692,  697,  813,  509,  492,  561,  376,  373,  263,  466,  834],
        [    0,    0,    0,    0,    0,    0,    0,    0,    0,    0,    0,    0,    0,    0,    0,    0,    0,    0,    0,    0,    0,    0,    0,    0,    0,    0,    0,    0,    0,    0,    0,    0,    0,    0,    0,    0,    0,    0,    0,    0,    0,    0,    0,    0,    0,    0,    0,    0,    0,    0,    0,    0,    0,    0,    0,    0,    0,    0,    0,    0,    0,    0,    0,    0,    0,    0,    0,    0,    0,    0,    0,    0,    0,    0,    0,    0,    0,    0,    0,    0,    0,    0,    0,    0,    0,    0],
        [  692,    0,    0,  289,  408,  984,  718,  423,  555,  238,  435,  592,  532,  572,  509,  238,  533,  187,  447,  120,  666,  737,  726,  755,  173,  595,  561, 1112,  297,  211,  500,  445,  284,  632,  153,  681,  797,  146,  703,  497,  316,  646,  679,  522,  291,  680,  301,  698,   82,  862,  334,  851,  758,  604,  297,  849,  937,  118,  486,   78,  852,  578,  790,  872,  301,  676,  161,  668,  334,  927,  478,  620,  663,  944,  721,  389,   87,  159,  486,  304,  617, 1054,  679,  759,  603,  160],
        [  610,    0,  289,    0,  227,  806,  433,  135,  279,  491,  147,  767,  361,  576,  690,  298,  364,  475,  326,  382,  396,  460,  782,  605,  438,  307,  281,  970,  541,  149,  304,  276,  230,  605,  260,  601,  839,  190,  824,  504,   77,  539,  739,  583,  380,  675,  552,  462,  268,  642,  133,  724,  625,  511,   51,  709,  764,  324,  199,  298,  818,  749,  923,  729,  161,  713,  200,  381,   90,  756,  605,  615,  395,  874,  433,  123,  367,  443,  640,  121,  772,  920,  752,  575,  725,  433],
        [  389,    0,  408,  227,    0,  592,  395,  232,  229,  523,  230,  685,  137,  393,  620,  254,  139,  577,  112,  448,  304,  381,  613,  380,  580,  337,  244,  746,  553,  198,   93,   49,  151,  403,  451,  381,  659,  379,  694,  333,  151,  315,  575,  436,  310,  480,  572,  294,  430,  454,   96,  498,  398,  290,  178,  484,  547,  491,  247,  371,  605,  665,  795,  505,  108,  537,  251,  372,  303,  539,  503,  424,  295,  651,  449,  305,  456,  562,  555,  120,  673,  695,  595,  361,  604,  567],
        [  378,    0,  984,  806,  592,    0,  612,  743,  603, 1024,  733,  980,  457,  577,  959,  771,  455, 1129,  538,  991,  522,  533,  701,  237, 1155,  704,  615,  207, 1028,  782,  504,  547,  700,  503, 1042,  388,  682,  970,  875,  604,  732,  370,  700,  692,  772,  543, 1050,  379, 1017,  217,  685,  206,  252,  417,  761,  179,   48, 1078,  708,  930,  469,  962,  949,  157,  695,  642,  824,  657,  861,   60,  823,  550,  510,  377,  717,  838, 1011, 1126,  886,  710,  936,  192,  734,  231,  840, 1139],
        [  651,    0,  718,  433,  395,  612,    0,  301,  172,  892,  288, 1078,  398,  745, 1015,  639,  402,  904,  474,  797,  117,   79,  963,  531,  870,  146,  162,  816,  932,  531,  353,  402,  535,  725,  682,  650,  993,  618, 1072,  703,  407,  571,  932,  814,  703,  804,  948,  259,  700,  396,  409,  652,  574,  578,  422,  618,  589,  753,  236,  712,  871, 1058, 1171,  626,  463,  884,  594,   64,  423,  589,  895,  761,  131,  862,  106,  371,  790,  875,  948,  436, 1063,  788,  958,  443,  988,  865],
        [  613,    0,  423,  135,  232,  743,  301,    0,  162,  619,   13,  868,  336,  622,  794,  399,  340,  610,  343,  514,  279,  335,  839,  569,  570,  172,  159,  923,  666,  261,  272,  272,  309,  634,  383,  606,  888,  317,  905,  557,  137,  534,  799,  652,  477,  711,  679,  375,  400,  558,  173,  695,  597,  516,  140,  674,  705,  453,   65,  429,  833,  849, 1005,  691,  227,  764,  321,  247,  132,  700,  696,  654,  282,  869,  299,   96,  501,  578,  738,  186,  866,  879,  817,  519,  809,  567],
        [  542,    0,  555,  279,  229,  603,  172,  162,    0,  722,  150,  913,  265,  602,  848,  468,  269,  741,  320,  629,  118,  182,  823,  459,  714,  125,   18,  794,  760,  361,  207,  244,  365,  594,  537,  538,  861,  469,  919,  551,  241,  460,  788,  660,  534,  674,  777,  225,  546,  406,  238,  586,  495,  456,  260,  560,  569,  602,  110,  544,  766,  893, 1019,  573,  292,  745,  424,  143,  293,  565,  731,  625,  120,  780,  222,  253,  624,  714,  783,  266,  901,  754,  812,  391,  830,  708],
        [  676,    0,  238,  491,  523, 1024,  892,  619,  722,    0,  629,  380,  613,  505,  300,  272,  612,  168,  510,  119,  819,  895,  592,  787,  270,  788,  731, 1113,   61,  363,  605,  543,  373,  580,  384,  664,  667,  383,  521,  445,  490,  657,  548,  415,  253,  602,   64,  811,  313,  948,  485,  856,  777,  611,  481,  864,  976,  321,  677,  195,  780,  370,  595,  888,  432,  564,  301,  852,  555,  965,  320,  552,  813,  894,  915,  606,  155,  208,  301,  457,  417, 1052,  538,  820,  431,  246],
        [  609,    0,  435,  147,  230,  733,  288,   13,  150,  629,    0,  874,  331,  622,  801,  405,  335,  622,  341,  524,  267,  323,  840,  562,  582,  161,  147,  915,  675,  270,  266,  269,  313,  633,  395,  602,  888,  330,  908,  558,  144,  530,  800,  654,  483,  710,  689,  364,  412,  548,  177,  688,  591,  513,  149,  667,  696,  465,   53,  440,  830,  855, 1008,  683,  232,  765,  330,  235,  144,  691,  700,  654,  269,  864,  288,  106,  512,  589,  744,  191,  871,  871,  818,  511,  813,  579],
        [  604,    0,  592,  767,  685,  980, 1078,  868,  913,  380,  874,    0,  704,  407,   84,  472,  701,  543,  610,  480,  977, 1053,  331,  767,  649, 1014,  927,  997,  324,  619,  732,  677,  562,  478,  745,  594,  396,  725,  177,  405,  733,  632,  306,  296,  392,  445,  335,  910,  674,  986,  700,  778,  736,  593,  737,  802,  936,  694,  910,  525,  589,   21,  222,  824,  643,  356,  573, 1056,  850,  924,  185,  431,  966,  720, 1132,  890,  523,  586,  131,  683,   59,  937,  277,  839,  146,  625],
        [  281,    0,  532,  361,  137,  457,  398,  336,  265,  613,  331,  704,    0,  348,  651,  342,    5,  690,  105,  556,  286,  357,  566,  245,  705,  389,  282,  611,  633,  326,   66,   90,  253,  331,  586,  276,  599,  514,  679,  310,  284,  200,  534,  424,  373,  411,  653,  210,  561,  338,  232,  366,  266,  191,  312,  349,  412,  622,  330,  485,  505,  684,  777,  369,  239,  487,  372,  396,  430,  404,  520,  364,  273,  534,  477,  422,  569,  681,  580,  256,  681,  560,  561,  228,  599,  690],
        [  200,    0,  572,  576,  393,  577,  745,  622,  602,  505,  622,  407,  348,    0,  382,  338,  344,  650,  286,  520,  633,  703,  221,  361,  716,  722,  619,  623,  490,  453,  397,  363,  352,   80,  695,  189,  267,  640,  339,   77,  510,  228,  187,  116,  284,  109,  512,  534,  639,  585,  457,  382,  331,  193,  529,  401,  532,  689,  640,  496,  283,  388,  434,  424,  416,  144,  449,  740,  664,  520,  247,   49,  620,  389,  821,  682,  556,  668,  310,  458,  368,  562,  213,  436,  275,  694],
        [  582,    0,  509,  690,  620,  959, 1015,  794,  848,  300,  801,   84,  651,  382,    0,  397,  649,  464,  553,  397,  917,  994,  355,  738,  569,  944,  861,  994,  245,  542,  673,  617,  490,  459,  662,  571,  427,  642,  233,  366,  658,  601,  322,  267,  319,  440,  258,  859,  591,  948,  628,  762,  711,  558,  661,  783,  913,  611,  839,  442,  599,   71,  296,  806,  571,  362,  494,  990,  771,  901,  139,  414,  907,  728, 1064,  813,  441,  507,   75,  610,  119,  933,  298,  802,  165,  545],
        [  457,    0,  238,  298,  254,  771,  639,  399,  468,  272,  405,  472,  342,  338,  397,    0,  342,  359,  242,  220,  556,  633,  514,  536,  397,  553,  480,  884,  299,  149,  334,  272,  105,  395,  358,  445,  580,  307,  531,  262,  262,  417,  468,  307,   84,  447,  318,  539,  302,  679,  236,  623,  533,  373,  265,  623,  723,  353,  445,  168,  616,  453,  628,  648,  179,  455,  118,  606,  383,  713,  309,  386,  548,  706,  677,  420,  244,  360,  344,  215,  475,  825,  475,  557,  431,  378],
        [  277,    0,  533,  364,  139,  455,  402,  340,  269,  612,  335,  701,    5,  344,  649,  342,    0,  691,  104,  556,  289,  360,  562,  242,  706,  393,  286,  608,  632,  328,   70,   93,  254,  327,  588,  272,  595,  517,  675,  307,  287,  196,  531,  421,  372,  407,  653,  212,  563,  337,  235,  362,  263,  187,  315,  346,  410,  624,  334,  486,  501,  681,  773,  366,  240,  483,  373,  400,  434,  401,  518,  361,  277,  530,  481,  426,  570,  682,  577,  258,  678,  557,  557,  227,  596,  691],
        [  804,    0,  187,  475,  577, 1129,  904,  610,  741,  168,  622,  543,  690,  650,  464,  359,  691,    0,  595,  139,  850,  921,  757,  894,  112,  782,  747, 1238,  220,  387,  668,  609,  437,  721,  285,  792,  831,  315,  688,  583,  501,  773,  712,  571,  374,  753,  209,  870,  229, 1026,  514,  977,  890,  727,  483,  980, 1081,  206,  673,  207,  931,  534,  760, 1004,  473,  724,  328,  855,  516, 1071,  486,  698,  846, 1038,  907,  572,  122,   52,  469,  483,  582, 1178,  703,  912,  598,   90],
        [  285,    0,  447,  326,  112,  538,  474,  343,  320,  510,  341,  610,  105,  286,  553,  242,  104,  595,    0,  459,  369,  444,  506,  309,  618,  437,  336,  671,  529,  253,  123,   77,  163,  292,  520,  276,  550,  451,  600,  232,  251,  217,  470,  341,  269,  369,  550,  312,  486,  438,  194,  414,  317,  186,  276,  406,  491,  546,  355,  393,  496,  590,  700,  429,  176,  429,  288,  461,  408,  481,  426,  314,  358,  549,  541,  414,  476,  590,  483,  208,  591,  616,  493,  317,  514,  602],
        [  668,    0,  120,  382,  448,  991,  797,  514,  629,  119,  524,  480,  556,  520,  397,  220,  556,  139,  459,    0,  733,  807,  646,  756,  199,  685,  637, 1100,  178,  268,  537,  477,  304,  589,  269,  656,  720,  265,  603,  450,  391,  634,  600,  450,  239,  625,  182,  742,  198,  892,  395,  839,  752,  589,  378,  842,  943,  214,  574,   86,  802,  467,  685,  866,  348,  605,  206,  753,  441,  933,  384,  569,  728,  905,  812,  494,   45,  148,  382,  365,  509, 1040,  596,  775,  506,  176],
        [  535,    0,  666,  396,  304,  522,  117,  279,  118,  819,  267,  977,  286,  633,  917,  556,  289,  850,  369,  733,    0,   78,  849,  419,  828,  185,  121,  722,  853,  466,  246,  301,  451,  610,  654,  534,  878,  585,  963,  593,  351,  455,  819,  706,  613,  689,  871,  151,  661,  312,  339,  542,  460,  462,  373,  510,  494,  718,  222,  650,  755,  957, 1062,  519,  387,  770,  528,  140,  410,  492,  793,  647,   14,  749,  213,  368,  731,  825,  849,  369,  959,  688,  845,  334,  881,  821],
        [  593,    0,  737,  460,  381,  533,   79,  335,  182,  895,  323, 1053,  357,  703,  994,  633,  360,  921,  444,  807,   78,    0,  916,  463,  896,  206,  179,  738,  930,  539,  322,  378,  528,  676,  716,  593,  942,  649, 1035,  666,  421,  515,  888,  780,  690,  754,  947,  191,  727,  318,  413,  580,  507,  527,  441,  546,  512,  783,  273,  723,  809, 1033, 1133,  553,  463,  838,  601,  134,  464,  512,  869,  714,   87,  793,  184,  417,  804,  895,  925,  442, 1034,  711,  916,  372,  955,  889],
        [  353,    0,  726,  782,  613,  701,  963,  839,  823,  592,  840,  331,  566,  221,  355,  514,  562,  757,  506,  646,  849,  916,    0,  525,  843,  943,  840,  683,  556,  648,  617,  583,  553,  243,  865,  348,   76,  820,  181,  282,  721,  414,   47,  208,  440,  172,  575,  740,  802,  761,  671,  496,  485,  392,  737,  527,  662,  843,  860,  648,  264,  320,  249,  546,  625,   79,  631,  960,  871,  651,  273,  203,  836,  396, 1041,  894,  688,  786,  308,  668,  275,  625,   58,  615,  192,  819],
        [  173,    0,  755,  605,  380,  237,  531,  569,  459,  787,  562,  767,  245,  361,  738,  536,  242,  894,  309,  756,  419,  463,  525,    0,  925,  579,  475,  367,  792,  560,  304,  332,  471,  296,  825,  180,  527,  754,  684,  375,  529,  138,  512,  473,  535,  355,  815,  273,  794,  237,  476,  128,   46,  183,  557,  106,  189,  854,  549,  697,  355,  748,  769,  125,  476,  454,  596,  556,  672,  178,  600,  343,  405,  331,  631,  660,  778,  894,  664,  498,  728,  315,  546,   99,  633,  908],
        [  854,    0,  173,  438,  580, 1155,  870,  570,  714,  270,  582,  649,  705,  716,  569,  397,  706,  112,  618,  199,  828,  896,  843,  925,    0,  739,  718, 1280,  326,  383,  673,  618,  456,  783,  206,  842,  917,  256,  788,  645,  479,  812,  797,  649,  433,  822,  317,  868,  171, 1034,  503, 1018,  927,  769,  456, 1017, 1109,  124,  634,  230,  999,  639,  864, 1041,  473,  804,  334,  816,  460, 1099,  577,  765,  826, 1098,  860,  517,  161,   63,  567,  473,  686, 1221,  791,  932,  695,   25],
        [  667,    0,  595,  307,  337,  704,  146,  172,  125,  788,  161, 1014,  389,  722,  944,  553,  393,  782,  437,  685,  185,  206,  943,  579,  739,    0,  108,  901,  832,  426,  329,  360,  454,  717,  544,  663,  983,  484, 1031,  667,  299,  584,  907,  773,  626,  797,  847,  327,  569,  496,  318,  706,  616,  580,  308,  677,  674,  619,  112,  600,  891,  994, 1131,  689,  375,  865,  488,   83,  283,  672,  835,  746,  195,  903,  127,  229,  672,  748,  883,  339, 1006,  865,  929,  505,  940,  736],
        [  559,    0,  561,  281,  244,  615,  162,  159,   18,  731,  147,  927,  282,  619,  861,  480,  286,  747,  336,  637,  121,  179,  840,  475,  718,  108,    0,  807,  770,  370,  224,  260,  377,  611,  538,  555,  878,  470,  934,  568,  247,  477,  805,  676,  547,  691,  787,  237,  549,  416,  248,  602,  511,  473,  265,  575,  582,  604,  103,  552,  783,  908, 1035,  588,  303,  761,  433,  129,  290,  578,  746,  642,  124,  797,  206,  248,  631,  719,  797,  275,  916,  768,  828,  406,  846,  712],
        [  437,    0, 1112,  970,  746,  207,  816,  923,  794, 1113,  915,  997,  611,  623,  994,  884,  608, 1238,  671, 1100,  722,  738,  683,  367, 1280,  901,  807,    0, 1107,  924,  667,  699,  831,  544, 1190,  450,  644, 1120,  864,  671,  894,  468,  696,  735,  867,  555, 1129,  575, 1156,  423,  842,  262,  355,  512,  922,  265,  228, 1216,  895, 1050,  422,  982,  921,  243,  842,  642,  956,  858, 1034,  230,  866,  584,  710,  295,  921, 1017, 1127, 1243,  925,  865,  946,   62,  729,  405,  852, 1261],
        [  671,    0,  297,  541,  553, 1028,  932,  666,  760,   61,  675,  324,  633,  490,  245,  299,  632,  220,  529,  178,  853,  930,  556,  792,  326,  832,  770, 1107,    0,  407,  631,  569,  403,  567,  444,  659,  631,  441,  471,  436,  534,  659,  513,  391,  263,  582,   23,  836,  374,  964,  523,  853,  778,  612,  527,  863,  980,  382,  721,  249,  758,  315,  541,  888,  469,  535,  346,  893,  608,  969,  284,  535,  846,  876,  959,  658,  216,  263,  255,  497,  363, 1045,  499,  832,  385,  302],
        [  525,    0,  211,  149,  198,  782,  531,  261,  361,  363,  270,  619,  326,  453,  542,  149,  328,  387,  253,  268,  466,  539,  648,  560,  383,  426,  370,  924,  407,    0,  290,  238,  105,  494,  268,  514,  710,  200,  679,  378,  128,  466,  604,  445,  232,  558,  421,  487,  236,  652,  128,  666,  569,  429,  123,  659,  736,  296,  315,  184,  715,  601,  777,  681,   90,  583,   63,  489,  234,  728,  457,  497,  461,  787,  553,  272,  267,  368,  492,   98,  624,  868,  614,  554,  579,  371],
        [  346,    0,  500,  304,   93,  504,  353,  272,  207,  605,  266,  732,   66,  397,  673,  334,   70,  668,  123,  537,  246,  322,  617,  304,  673,  329,  224,  667,  631,  290,    0,   63,  235,  388,  540,  340,  654,  468,  720,  351,  230,  265,  584,  462,  378,  468,  651,  206,  522,  362,  182,  427,  328,  253,  258,  409,  461,  583,  265,  461,  569,  712,  820,  428,  200,  539,  342,  344,  369,  453,  548,  418,  235,  598,  425,  359,  546,  654,  604,  209,  713,  618,  608,  273,  636,  660],
        [  343,    0,  445,  276,   49,  547,  402,  272,  244,  543,  269,  677,   90,  363,  617,  272,   93,  609,   77,  477,  301,  378,  583,  332,  618,  360,  260,  699,  569,  238,   63,    0,  174,  365,  496,  336,  626,  424,  675,  308,  199,  267,  547,  416,  317,  444,  589,  268,  472,  418,  145,  450,  350,  246,  226,  436,  502,  533,  280,  403,  561,  657,  775,  457,  149,  506,  286,  386,  350,  493,  494,  390,  291,  604,  465,  350,  488,  597,  549,  167,  662,  647,  569,  317,  588,  604],
        [  423,    0,  284,  230,  151,  700,  535,  309,  365,  373,  313,  562,  253,  352,  490,  105,  254,  437,  163,  304,  451,  528,  553,  471,  456,  454,  377,  831,  403,  105,  235,  174,    0,  390,  367,  412,  612,  303,  600,  277,  176,  368,  510,  354,  172,  455,  421,  441,  327,  589,  139,  571,  476,  329,  187,  566,  653,  386,  349,  233,  611,  542,  699,  590,   82,  485,  126,  504,  319,  644,  388,  394,  444,  684,  576,  346,  317,  429,  431,  124,  558,  774,  523,  477,  502,  440],
        [  127,    0,  632,  605,  403,  503,  725,  634,  594,  580,  633,  478,  331,   80,  459,  395,  327,  721,  292,  589,  610,  676,  243,  296,  783,  717,  611,  544,  567,  494,  388,  365,  390,    0,  747,  117,  268,  688,  390,  139,  534,  173,  222,  193,  351,   80,  590,  498,  695,  527,  479,  304,  261,  150,  556,  325,  459,  748,  645,  559,  222,  460,  479,  348,  445,  166,  499,  727,  691,  447,  325,   48,  597,  317,  808,  703,  623,  736,  387,  485,  435,  482,  254,  379,  340,  761],
        [  790,    0,  153,  260,  451, 1042,  682,  383,  537,  384,  395,  745,  586,  695,  662,  358,  588,  285,  520,  269,  654,  716,  865,  825,  206,  544,  538, 1190,  444,  268,  540,  496,  367,  747,    0,  779,  934,   73,  853,  619,  319,  733,  819,  659,  426,  804,  445,  717,   72,  894,  360,  934,  836,  695,  292,  925,  998,   84,  446,  225,  969,  731,  941,  947,  349,  810,  249,  624,  262,  989,  627,  742,  654, 1050,  663,  318,  229,  238,  637,  333,  769, 1135,  822,  812,  753,  212],
        [   13,    0,  681,  601,  381,  388,  650,  606,  538,  664,  602,  594,  276,  189,  571,  445,  272,  792,  276,  656,  534,  593,  348,  180,  842,  663,  555,  450,  659,  514,  340,  336,  412,  117,  779,    0,  357,  714,  505,  224,  526,   80,  333,  305,  419,  176,  681,  407,  735,  415,  470,  196,  144,   91,  551,  212,  343,  791,  605,  613,  230,  576,  590,  236,  448,  275,  533,  660,  682,  331,  435,  165,  520,  274,  740,  685,  685,  801,  498,  482,  552,  389,  366,  268,  457,  822],
        [  360,    0,  797,  839,  659,  682,  993,  888,  861,  667,  888,  396,  599,  267,  427,  580,  595,  831,  550,  720,  878,  942,   76,  527,  917,  983,  878,  644,  631,  710,  654,  626,  612,  268,  934,  357,    0,  886,  232,  336,  776,  430,  120,  276,  509,  189,  650,  760,  872,  763,  724,  480,  484,  416,  793,  514,  646,  914,  905,  719,  223,  387,  278,  530,  681,  127,  697,  995,  928,  635,  348,  237,  864,  350, 1076,  948,  761,  861,  382,  723,  339,  588,  133,  622,  262,  893],
        [  725,    0,  146,  190,  379,  970,  618,  317,  469,  383,  330,  725,  514,  640,  642,  307,  517,  315,  451,  265,  585,  649,  820,  754,  256,  484,  470, 1120,  441,  200,  468,  424,  303,  688,   73,  714,  886,    0,  820,  564,  247,  665,  774,  613,  381,  748,  446,  645,   88,  821,  287,  864,  766,  629,  220,  855,  926,  136,  382,  201,  910,  709,  912,  877,  278,  761,  192,  562,  205,  917,  593,  686,  585,  987,  605,  262,  232,  274,  610,  260,  744, 1066,  779,  740,  719,  256],
        [  512,    0,  703,  824,  694,  875, 1072,  905,  919,  521,  908,  177,  679,  339,  233,  531,  675,  688,  600,  603,  963, 1035,  181,  684,  788, 1031,  934,  864,  471,  679,  720,  675,  600,  390,  853,  505,  232,  820,    0,  370,  775,  561,  175,  259,  449,  334,  487,  872,  784,  917,  732,  670,  647,  530,  786,  698,  834,  814,  937,  628,  444,  174,  101,  718,  679,  234,  646, 1061,  912,  822,  228,  343,  951,  575, 1140,  944,  647,  727,  222,  723,  121,  805,  141,  768,  101,  764],
        [  236,    0,  497,  504,  333,  604,  703,  557,  551,  445,  558,  405,  310,   77,  366,  262,  307,  583,  232,  450,  593,  666,  282,  375,  645,  667,  568,  671,  436,  378,  351,  308,  277,  139,  619,  224,  336,  564,  370,    0,  440,  237,  242,  115,  212,  185,  459,  509,  563,  584,  389,  419,  353,  194,  457,  432,  557,  614,  580,  422,  356,  385,  469,  457,  345,  210,  373,  692,  592,  545,  228,  124,  581,  456,  772,  613,  485,  598,  291,  388,  376,  610,  262,  437,  291,  623],
        [  535,    0,  316,   77,  151,  732,  407,  137,  241,  490,  144,  733,  284,  510,  658,  262,  287,  501,  251,  391,  351,  421,  721,  529,  479,  299,  247,  894,  534,  128,  230,  199,  176,  534,  319,  526,  776,  247,  775,  440,    0,  463,  679,  527,  342,  607,  549,  399,  314,  576,   57,  648,  548,  436,   29,  633,  690,  373,  188,  306,  745,  714,  875,  653,   97,  650,  190,  362,  158,  682,  562,  547,  348,  798,  425,  173,  384,  474,  603,   54,  732,  843,  695,  502,  678,  470],
        [   83,    0,  646,  539,  315,  370,  571,  534,  460,  657,  530,  632,  200,  228,  601,  417,  196,  773,  217,  634,  455,  515,  414,  138,  812,  584,  477,  468,  659,  466,  265,  267,  368,  173,  733,   80,  430,  665,  561,  237,  463,    0,  394,  337,  406,  245,  681,  330,  694,  358,  407,  206,  120,   47,  489,  208,  323,  752,  530,  583,  307,  613,  651,  233,  392,  338,  492,  581,  617,  311,  463,  219,  441,  337,  661,  616,  660,  776,  527,  423,  596,  409,  426,  209,  503,  794],
        [  340,    0,  679,  739,  575,  700,  932,  799,  788,  548,  800,  306,  534,  187,  322,  468,  531,  712,  470,  600,  819,  888,   47,  512,  797,  907,  805,  696,  513,  604,  584,  547,  510,  222,  819,  333,  120,  774,  175,  242,  679,  394,    0,  162,  394,  160,  533,  715,  755,  747,  630,  495,  474,  368,  695,  523,  659,  797,  821,  601,  283,  293,  258,  544,  583,   59,  586,  927,  828,  647,  230,  177,  806,  414, 1008,  852,  642,  741,  269,  626,  252,  636,   35,  599,  162,  774],
        [  315,    0,  522,  583,  436,  692,  814,  652,  660,  415,  654,  296,  424,  116,  267,  307,  421,  571,  341,  450,  706,  780,  208,  473,  649,  773,  676,  735,  391,  445,  462,  416,  354,  193,  659,  305,  276,  613,  259,  115,  527,  337,  162,    0,  233,  192,  413,  623,  596,  691,  480,  497,  445,  297,  541,  516,  647,  639,  680,  444,  367,  277,  359,  540,  430,  156,  425,  802,  672,  635,  132,  152,  695,  487,  881,  699,  490,  595,  195,  474,  263,  673,  170,  543,  176,  625],
        [  432,    0,  291,  380,  310,  772,  703,  477,  534,  253,  483,  392,  373,  284,  319,   84,  372,  374,  269,  239,  613,  690,  440,  535,  433,  626,  547,  867,  263,  232,  378,  317,  172,  351,  426,  419,  509,  381,  449,  212,  342,  406,  394,  233,    0,  391,  284,  579,  364,  702,  310,  608,  526,  360,  347,  613,  724,  409,  520,  214,  566,  373,  545,  638,  253,  386,  198,  674,  466,  713,  226,  333,  604,  667,  747,  502,  273,  386,  262,  292,  393,  807,  398,  570,  348,  411],
        [  182,    0,  680,  675,  480,  543,  804,  711,  674,  602,  710,  445,  411,  109,  440,  447,  407,  753,  369,  625,  689,  754,  172,  355,  822,  797,  691,  555,  582,  558,  468,  444,  455,   80,  804,  176,  189,  748,  334,  185,  607,  245,  160,  192,  391,    0,  604,  573,  748,  590,  552,  338,  315,  227,  627,  365,  501,  797,  723,  604,  179,  429,  416,  386,  515,  101,  557,  807,  763,  489,  316,   62,  675,  296,  887,  777,  662,  773,  373,  556,  397,  494,  194,  444,  301,  800],
        [  694,    0,  301,  552,  572, 1050,  948,  679,  777,   64,  689,  335,  653,  512,  258,  318,  653,  209,  550,  182,  871,  947,  575,  815,  317,  847,  787, 1129,   23,  421,  651,  589,  421,  590,  445,  681,  650,  446,  487,  459,  549,  681,  533,  413,  284,  604,    0,  856,  376,  986,  540,  876,  801,  635,  540,  886, 1003,  380,  736,  258,  780,  327,  554,  911,  486,  556,  360,  909,  618,  991,  304,  557,  864,  898,  973,  669,  217,  255,  273,  513,  376, 1068,  519,  854,  403,  294],
        [  406,    0,  698,  462,  294,  379,  259,  375,  225,  811,  364,  910,  210,  534,  859,  539,  212,  870,  312,  742,  151,  191,  740,  273,  868,  327,  237,  575,  836,  487,  206,  268,  441,  498,  717,  407,  760,  645,  872,  509,  399,  330,  715,  623,  579,  573,  856,    0,  709,  184,  366,  393,  316,  349,  426,  360,  348,  770,  332,  664,  619,  890,  967,  369,  399,  662,  543,  290,  501,  345,  727,  539,  138,  603,  361,  470,  749,  854,  787,  396,  884,  540,  745,  185,  799,  857],
        [  746,    0,   82,  268,  430, 1017,  700,  400,  546,  313,  412,  674,  561,  639,  591,  302,  563,  229,  486,  198,  661,  727,  802,  794,  171,  569,  549, 1156,  374,  236,  522,  472,  327,  695,   72,  735,  872,   88,  784,  563,  314,  694,  755,  596,  364,  748,  376,  709,    0,  881,  345,  897,  801,  654,  290,  892,  972,   62,  464,  157,  917,  660,  871,  914,  324,  749,  203,  646,  293,  963,  558,  687,  659, 1003,  691,  349,  159,  186,  567,  315,  698, 1100,  757,  789,  684,  168],
        [  409,    0,  862,  642,  454,  217,  396,  558,  406,  948,  548,  986,  338,  585,  948,  679,  337, 1026,  438,  892,  312,  318,  761,  237, 1034,  496,  416,  423,  964,  652,  362,  418,  589,  527,  894,  415,  763,  821,  917,  584,  576,  358,  747,  691,  702,  590,  986,  184,  881,    0,  537,  313,  280,  394,  603,  275,  200,  942,  515,  820,  581,  967, 1004,  271,  562,  689,  703,  443,  685,  202,  811,  574,  302,  527,  501,  654,  905, 1015,  874,  566,  952,  400,  780,  149,  859, 1021],
        [  478,    0,  334,  133,   96,  685,  409,  173,  238,  485,  177,  700,  232,  457,  628,  236,  235,  514,  194,  395,  339,  413,  671,  476,  503,  318,  248,  842,  523,  128,  182,  145,  139,  479,  360,  470,  724,  287,  732,  389,   57,  407,  630,  480,  310,  552,  540,  366,  345,  537,    0,  594,  494,  379,   83,  580,  641,  406,  211,  312,  688,  680,  833,  600,   58,  598,  190,  372,  214,  633,  525,  493,  334,  742,  441,  225,  394,  493,  569,   31,  696,  790,  647,  454,  637,  493],
        [  184,    0,  851,  724,  498,  206,  652,  695,  586,  856,  688,  778,  366,  382,  762,  623,  362,  977,  414,  839,  542,  580,  496,  128, 1018,  706,  602,  262,  853,  666,  427,  450,  571,  304,  934,  196,  480,  864,  670,  419,  648,  206,  495,  497,  608,  338,  876,  393,  897,  313,  594,    0,  100,  251,  675,   39,  167,  956,  677,  789,  276,  761,  744,   51,  588,  437,  696,  680,  795,  156,  628,  349,  528,  217,  753,  785,  866,  982,  691,  614,  733,  204,  529,  209,  637, 1000],
        [  136,    0,  758,  625,  398,  252,  574,  597,  495,  777,  591,  736,  266,  331,  711,  533,  263,  890,  317,  752,  460,  507,  485,   46,  927,  616,  511,  355,  778,  569,  328,  350,  476,  261,  836,  144,  484,  766,  647,  353,  548,  120,  474,  445,  526,  315,  801,  316,  801,  280,  494,  100,    0,  167,  576,   91,  205,  861,  581,  698,  310,  718,  730,  115,  489,  415,  601,  597,  696,  193,  574,  309,  446,  290,  673,  686,  776,  892,  637,  514,  695,  300,  508,  144,  600,  909],
        [  100,    0,  604,  511,  290,  417,  578,  516,  456,  611,  513,  593,  191,  193,  558,  373,  187,  727,  186,  589,  462,  527,  392,  183,  769,  580,  473,  512,  612,  429,  253,  246,  329,  150,  695,   91,  416,  629,  530,  194,  436,   47,  368,  297,  360,  227,  635,  349,  654,  394,  379,  251,  167,    0,  461,  254,  369,  712,  517,  539,  317,  573,  622,  279,  359,  314,  452,  583,  592,  358,  420,  191,  449,  364,  664,  594,  616,  732,  484,  393,  558,  453,  398,  246,  466,  750],
        [  560,    0,  297,   51,  178,  761,  422,  140,  260,  481,  149,  737,  312,  529,  661,  265,  315,  483,  276,  378,  373,  441,  737,  557,  456,  308,  265,  922,  527,  123,  258,  226,  187,  556,  292,  551,  793,  220,  786,  457,   29,  489,  695,  541,  347,  627,  540,  426,  290,  603,   83,  675,  576,  461,    0,  661,  718,  348,  197,  293,  768,  718,  885,  681,  113,  667,  182,  375,  136,  711,  570,  567,  371,  824,  435,  159,  368,  455,  608,   72,  739,  871,  709,  530,  687,  449],
        [  201,    0,  849,  709,  484,  179,  618,  674,  560,  864,  667,  802,  349,  401,  783,  623,  346,  980,  406,  842,  510,  546,  527,  106, 1017,  677,  575,  265,  863,  659,  409,  436,  566,  325,  925,  212,  514,  855,  698,  432,  633,  208,  523,  516,  613,  365,  886,  360,  892,  275,  580,   39,   91,  254,  661,    0,  136,  951,  652,  788,  313,  784,  775,   25,  577,  465,  692,  649,  777,  124,  647,  372,  496,  254,  721,  765,  867,  983,  710,  601,  758,  211,  558,  176,  662,  999],
        [  333,    0,  937,  764,  547,   48,  589,  705,  569,  976,  696,  936,  412,  532,  913,  723,  410, 1081,  491,  943,  494,  512,  662,  189, 1109,  674,  582,  228,  980,  736,  461,  502,  653,  459,  998,  343,  646,  926,  834,  557,  690,  323,  659,  647,  724,  501, 1003,  348,  972,  200,  641,  167,  205,  369,  718,  136,    0, 1032,  672,  882,  438,  918,  910,  117,  650,  601,  777,  631,  821,   12,  777,  506,  482,  355,  694,  800,  964, 1079,  840,  666,  892,  201,  693,  189,  796, 1092],
        [  803,    0,  118,  324,  491, 1078,  753,  453,  602,  321,  465,  694,  622,  689,  611,  353,  624,  206,  546,  214,  718,  783,  843,  854,  124,  619,  604, 1216,  382,  296,  583,  533,  386,  748,   84,  791,  914,  136,  814,  614,  373,  752,  797,  639,  409,  797,  380,  770,   62,  942,  406,  956,  861,  712,  348,  951, 1032,    0,  517,  196,  969,  681,  898,  974,  385,  794,  261,  698,  339, 1023,  592,  737,  717, 1058,  740,  395,  171,  156,  594,  376,  723, 1159,  796,  850,  716,  129],
        [  610,    0,  486,  199,  247,  708,  236,   65,  110,  677,   53,  910,  330,  640,  839,  445,  334,  673,  355,  574,  222,  273,  860,  549,  634,  112,  103,  895,  721,  315,  265,  280,  349,  645,  446,  605,  905,  382,  937,  580,  188,  530,  821,  680,  520,  723,  736,  332,  464,  515,  211,  677,  581,  517,  197,  652,  672,  517,    0,  489,  834,  891, 1037,  668,  268,  783,  377,  183,  191,  668,  734,  669,  226,  861,  239,  146,  562,  641,  780,  231,  905,  853,  841,  490,  843,  631],
        [  624,    0,   78,  298,  371,  930,  712,  429,  544,  195,  440,  525,  485,  496,  442,  168,  486,  207,  393,   86,  650,  723,  648,  697,  230,  600,  552, 1050,  249,  184,  461,  403,  233,  559,  225,  613,  719,  201,  628,  422,  306,  583,  601,  444,  214,  604,  258,  664,  157,  820,  312,  789,  698,  539,  293,  788,  882,  196,  489,    0,  778,  510,  717,  812,  268,  598,  123,  668,  361,  873,  402,  545,  645,  872,  727,  412,   85,  197,  413,  282,  546,  991,  602,  709,  528,  212],
        [  225,    0,  852,  818,  605,  469,  871,  833,  766,  780,  830,  589,  505,  283,  599,  616,  501,  931,  496,  802,  755,  809,  264,  355,  999,  891,  783,  422,  758,  715,  569,  561,  611,  222,  969,  230,  223,  910,  444,  356,  745,  307,  283,  367,  566,  179,  780,  619,  917,  581,  688,  276,  310,  317,  768,  313,  438,  969,  834,  778,    0,  575,  500,  325,  660,  237,  721,  886,  902,  427,  486,  234,  741,  133,  965,  909,  839,  950,  538,  698,  534,  366,  314,  453,  444,  977],
        [  586,    0,  578,  749,  665,  962, 1058,  849,  893,  370,  855,   21,  684,  388,   71,  453,  681,  534,  590,  467,  957, 1033,  320,  748,  639,  994,  908,  982,  315,  601,  712,  657,  542,  460,  731,  576,  387,  709,  174,  385,  714,  613,  293,  277,  373,  429,  327,  890,  660,  967,  680,  761,  718,  573,  718,  784,  918,  681,  891,  510,  575,    0,  228,  807,  624,  341,  556, 1036,  832,  906,  165,  413,  946,  707, 1112,  872,  511,  577,  112,  664,   54,  921,  264,  819,  132,  615],
        [  597,    0,  790,  923,  795,  949, 1171, 1005, 1019,  595, 1008,  222,  777,  434,  296,  628,  773,  760,  700,  685, 1062, 1133,  249,  769,  864, 1131, 1035,  921,  541,  777,  820,  775,  699,  479,  941,  590,  278,  912,  101,  469,  875,  651,  258,  359,  545,  416,  554,  967,  871, 1004,  833,  744,  730,  622,  885,  775,  910,  898, 1037,  717,  500,  228,    0,  794,  779,  316,  742, 1160, 1010,  899,  321,  433, 1049,  627, 1240, 1043,  729,  802,  305,  822,  179,  865,  225,  857,  198,  840],
        [  225,    0,  872,  729,  505,  157,  626,  691,  573,  888,  683,  824,  369,  424,  806,  648,  366, 1004,  429,  866,  519,  553,  546,  125, 1041,  689,  588,  243,  888,  681,  428,  457,  590,  348,  947,  236,  530,  877,  718,  457,  653,  233,  544,  540,  638,  386,  911,  369,  914,  271,  600,   51,  115,  279,  681,   25,  117,  974,  668,  812,  325,  807,  794,    0,  599,  485,  715,  658,  796,  105,  671,  394,  506,  257,  729,  783,  891, 1007,  734,  622,  780,  191,  578,  186,  684, 1023],
        [  458,    0,  301,  161,  108,  695,  463,  227,  292,  432,  232,  643,  239,  416,  571,  179,  240,  473,  176,  348,  387,  463,  625,  476,  473,  375,  303,  842,  469,   90,  200,  149,   82,  445,  349,  448,  681,  278,  679,  345,   97,  392,  583,  430,  253,  515,  486,  399,  324,  562,   58,  588,  489,  359,  113,  577,  650,  385,  268,  268,  660,  624,  779,  599,    0,  554,  146,  428,  249,  641,  469,  455,  381,  722,  498,  269,  352,  456,  512,   44,  640,  788,  598,  466,  583,  460],
        [  281,    0,  676,  713,  537,  642,  884,  764,  745,  564,  765,  356,  487,  144,  362,  455,  483,  724,  429,  605,  770,  838,   79,  454,  804,  865,  761,  642,  535,  583,  539,  506,  485,  166,  810,  275,  127,  761,  234,  210,  650,  338,   59,  156,  386,  101,  556,  662,  749,  689,  598,  437,  415,  314,  667,  465,  601,  794,  783,  598,  237,  341,  316,  485,  554,    0,  571,  882,  802,  589,  254,  124,  757,  367,  962,  822,  646,  750,  303,  597,  304,  582,   93,  542,  210,  780],
        [  544,    0,  161,  200,  251,  824,  594,  321,  424,  301,  330,  573,  372,  449,  494,  118,  373,  328,  288,  206,  528,  601,  631,  596,  334,  488,  433,  956,  346,   63,  342,  286,  126,  499,  249,  533,  697,  192,  646,  373,  190,  492,  586,  425,  198,  557,  360,  543,  203,  703,  190,  696,  601,  452,  182,  692,  777,  261,  377,  123,  721,  556,  742,  715,  146,  571,    0,  551,  278,  768,  421,  495,  523,  802,  614,  322,  207,  312,  449,  160,  583,  899,  593,  599,  545,  319],
        [  663,    0,  668,  381,  372,  657,   64,  247,  143,  852,  235, 1056,  396,  740,  990,  606,  400,  855,  461,  753,  140,  134,  960,  556,  816,   83,  129,  858,  893,  489,  344,  386,  504,  727,  624,  660,  995,  562, 1061,  692,  362,  581,  927,  802,  674,  807,  909,  290,  646,  443,  372,  680,  597,  583,  375,  649,  631,  698,  183,  668,  886, 1036, 1160,  658,  428,  882,  551,    0,  364,  629,  874,  760,  153,  886,   81,  311,  743,  823,  926,  397, 1044,  827,  951,  473,  973,  813],
        [  691,    0,  334,   90,  303,  861,  423,  132,  293,  555,  144,  850,  430,  664,  771,  383,  434,  516,  408,  441,  410,  464,  871,  672,  460,  283,  290, 1034,  608,  234,  369,  350,  319,  691,  262,  682,  928,  205,  912,  592,  158,  617,  828,  672,  466,  763,  618,  501,  293,  685,  214,  795,  696,  592,  136,  777,  821,  339,  191,  361,  902,  832, 1010,  796,  249,  802,  278,  364,    0,  815,  691,  703,  413,  953,  402,   57,  418,  477,  724,  207,  857,  986,  841,  633,  812,  460],
        [  321,    0,  927,  756,  539,   60,  589,  700,  565,  965,  691,  924,  404,  520,  901,  713,  401, 1071,  481,  933,  492,  512,  651,  178, 1099,  672,  578,  230,  969,  728,  453,  493,  644,  447,  989,  331,  635,  917,  822,  545,  682,  311,  647,  635,  713,  489,  991,  345,  963,  202,  633,  156,  193,  358,  711,  124,   12, 1023,  668,  873,  427,  906,  899,  105,  641,  589,  768,  629,  815,    0,  765,  494,  480,  346,  694,  794,  954, 1069,  828,  658,  880,  200,  681,  182,  784, 1082],
        [  446,    0,  478,  605,  503,  823,  895,  696,  731,  320,  700,  185,  520,  247,  139,  309,  518,  486,  426,  384,  793,  869,  273,  600,  577,  835,  746,  866,  284,  457,  548,  494,  388,  325,  627,  435,  348,  593,  228,  228,  562,  463,  230,  132,  226,  316,  304,  727,  558,  811,  525,  628,  574,  420,  570,  647,  777,  592,  734,  402,  486,  165,  321,  671,  469,  254,  421,  874,  691,  765,    0,  283,  782,  610,  951,  727,  428,  519,   64,  511,  172,  804,  218,  665,  127,  553],
        [  174,    0,  620,  615,  424,  550,  761,  654,  625,  552,  654,  431,  364,   49,  414,  386,  361,  698,  314,  569,  647,  714,  203,  343,  765,  746,  642,  584,  535,  497,  418,  390,  394,   48,  742,  165,  237,  686,  343,  124,  547,  219,  177,  152,  333,   62,  557,  539,  687,  574,  493,  349,  309,  191,  567,  372,  506,  737,  669,  545,  234,  413,  433,  394,  455,  124,  495,  760,  703,  494,  283,    0,  634,  342,  841,  718,  605,  716,  344,  496,  388,  522,  208,  426,  292,  743],
