{
    "name": "random-94-7212",
    "comment": "size=94 seed=7212",
    "nodes": ["+0", "-0", "+1", "-1", "+2", "-2", "+3", "-3", "+4", "-4", "+5", "-5", "+6", "-6", "+7", "-7", "+8", "-8", "+9", "-9", "+10", "-10", "+11", "-11", "+12", "-12", "+13", "-13", "+14", "-14", "+15", "-15", "+16", "-16", "+17", "-17", "+18", "-18", "+19", "-19", "+20", "-20", "+21", "-21", "+22", "-22", "+23", "-23", "+24", "-24", "+25", "-25", "+26", "-26", "+27", "-27", "+28", "-28", "+29", "-29", "+30", "-30", "+31", "-31", "+32", "-32", "+33", "-33", "+34", "-34", "+35", "-35", "+36", "-36", "+37", "-37", "+38", "-38", "+39", "-39", "+40", "-40", "+41", "-41", "+42", "-42", "+43", "-43", "+44", "-44", "+45", "-45", "+46", "-46", "+47", "-47", "+48", "-48", "+49", "-49", "+50", "-50", "+51", "-51", "+52", "-52", "+53", "-53", "+54", "-54", "+55", "-55", "+56", "-56", "+57", "-57", "+58", "-58", "+59", "-59", "+60", "-60", "+61", "-61", "+62", "-62", "+63", "-63", "+64", "-64", "+65", "-65", "+66", "-66", "+67", "-67", "+68", "-68", "+69", "-69", "+70", "-70", "+71", "-71", "+72", "-72", "+73", "-73", "+74", "-74", "+75", "-75", "+76", "-76", "+77", "-77", "+78", "-78", "+79", "-79", "+80", "-80", "+81", "-81", "+82", "-82", "+83", "-83", "+84", "-84", "+85", "-85", "+86", "-86", "+87", "-87", "+88", "-88", "+89", "-89", "+90", "-90", "+91", "-91", "+92", "-92", "+93", "-93", "+94", "-94"],
    "precedence": {
        "+0": "-0",
        "+1": "-1",
        "+2": "-2",
        "+3": "-3",
        "+4": "-4",
        "+5": "-5",
        "+6": "-6",
        "+7": "-7",
        "+8": "-8",
        "+9": "-9",
        "+10": "-10",
        "+11": "-11",
        "+12": "-12",
        "+13": "-13",
        "+14": "-14",
        "+15": "-15",
        "+16": "-16",
        "+17": "-17",
        "+18": "-18",
        "+19": "-19",
        "+20": "-20",
        "+21": "-21",
        "+22": "-22",
        "+23": "-23",
        "+24": "-24",
        "+25": "-25",
        "+26": "-26",
        "+27": "-27",
        "+28": "-28",
        "+29": "-29",
        "+30": "-30",
        "+31": "-31",
        "+32": "-32",
        "+33": "-33",
        "+34": "-34",
        "+35": "-35",
        "+36": "-36",
        "+37": "-37",
        "+38": "-38",
        "+39": "-39",
        "+40": "-40",
        "+41": "-41",
        "+42": "-42",
        "+43": "-43",
        "+44": "-44",
        "+45": "-45",
        "+46": "-46",
        "+47": "-47",
        "+48": "-48",
        "+49": "-49",
        "+50": "-50",
        "+51": "-51",
        "+52": "-52",
        "+53": "-53",
        "+54": "-54",
        "+55": "-55",
        "+56": "-56",
        "+57": "-57",
        "+58": "-58",
        "+59": "-59",
        "+60": "-60",
        "+61": "-61",
        "+62": "-62",
        "+63": "-63",
        "+64": "-64",
        "+65": "-65",
        "+66": "-66",
        "+67": "-67",
        "+68": "-68",
        "+69": "-69",
        "+70": "-70",
        "+71": "-71",
        "+72": "-72",
        "+73": "-73",
        "+74": "-74",
        "+75": "-75",
        "+76": "-76",
        "+77": "-77",
        "+78": "-78",
        "+79": "-79",
        "+80": "-80",
        "+81": "-81",
        "+82": "-82",
        "+83": "-83",
        "+84": "-84",
        "+85": "-85",
        "+86": "-86",
        "+87": "-87",
        "+88": "-88",
        "+89": "-89",
        "+90": "-90",
        "+91": "-91",
        "+92": "-92",
        "+93": "-93",
        "+94": "-94"
    },
    "edges": [
        [    0,    0,  487,  980,  454,  267,  542,  343,  928,  460,  710,  637,  685,  259,  976,  244,  352,  479,  881,  698,  727,  797,  498,  168,  150,  183,  347,  163,  536,  902,   55,  764,  386,  454,  194,  851,  924,  827,  818,  694,  808,  661,  840,  350,  237,  453,  420,  279,  472,  446,  247,  635,  537,  934,  750,  382,  504,  223,  758,  563,  729,  415,  813,  682,  514,  477,  484,  689,  480,  790,   91,  966,  703,  512,  829,  119,  777,  808,  605,  574,  842,  151,  487,   45,  635,  821,  415,  735,  748,  772,  311,  358,   52,  159,  453,  532,  280,  700,  836,  188,  460,  404,  748,  905,  850,  320,  983,  255,  435,  619,  608,  230,  772,  923,  809,  926,  390,  519,  763,  744,  403,  279,  610,  638,  815,  263,  986,  276,  423,  183,  485,  417, 1008,  756,  323,  823,  600,  317,  862,  840,  599,  661,   89,  865,  176,  281,  509,  133,  566,  294,  586,  831,  663,  578,  992,   90,  969,  799,  553,  679,  896,  428,  404,  446,  297,  507,  453,  437,  729,  326,  615,  595,  495,  623,  220,  285,  765,  264,  440,  626,  216,  325,  862,  769,  664,  365,  485,  716,  772,  263],
        [    0,    0,    0,    0,    0,    0,    0,    0,    0,    0,    0,    0,    0,    0,    0,    0,    0,    0,    0,    0,    0,    0,    0,    0,    0,    0,    0,    0,    0,    0,    0,    0,    0,    0,    0,    0,    0,    0,    0,    0,    0,    0,    0,    0,    0,    0,    0,    0,    0,    0,    0,    0,    0,    0,    0,    0,    0,    0,    0,    0,    0,    0,    0,    0,    0,    0,    0,    0,    0,    0,    0,    0,    0,    0,    0,    0,    0,    0,    0,    0,    0,    0,    0,    0,    0,    0,    0,    0,    0,    0,    0,    0,    0,    0,    0,    0,    0,    0,    0,    0,    0,    0,    0,    0,    0,    0,    0,    0,    0,    0,    0,    0,    0,    0,    0,    0,    0,    0,    0,    0,    0,    0,    0,    0,    0,    0,    0,    0,    0,    0,    0,    0,    0,    0,    0,    0,    0,    0,    0,    0,    0,    0,    0,    0,    0,    0,    0,    0,    0,    0,    0,    0,    0,    0,    0,    0,    0,    0,    0,    0,    0,    0,    0,    0,    0,    0,    0,    0,    0,    0,    0,    0,    0,    0,    0,    0,    0,    0,    0,    0,    0,    0,    0,    0,    0,    0,    0,    0,    0,    0],
        [  487,    0,    0,  610,  906,  274,  756,  242, 1021,  879,  424,  871,  370,  728,  955,  406,  282,  699,  569,  842,  832,  415,  879,  405,  585,  492,  765,  454,  522,  664,  499,  963,  173,  340,  350,  871,  529,  847,  429,  517,  405,  832,  975,  149,  381,  814,  404,  607,  432,  713,  329,  552,  937,  610,  751,  718,  420,  561,  377,  223,  304,   72,  513,  263,  330,  172,  931,  265,  513,  726,  412,  602,  338,   63,  926,  412,  940,  489,  777,  885,  518,  370,  117,  442,  730,  473,   73,  877,  650,  751,  224,  321,  507,  517,  440,  980,  230,  774,  452,  483,   94,  602,  395,  818,  923,  228,  585,  521,  429,  823,  521,  379,  804,  623,  463,  650,  617,  883,  595,  314,  799,  644,  732,  682,  535,  327,  994,  212,  460,  431,  778,   89, 1032,  791,  302,  596,  494,  458,  863,  877,  887,  264,  399,  576,  408,  707,  808,  419,  897,  305,  348,  461,  923,  920,  599,  571,  973,  821,  369,  816,  764,  730,  807,  795,  377,  565,  766,  691,  692,  314,  422,  466,  439,  664,  694,  582,  882,  238,   57,  940,  356,  162,  722,  719,  642,  820,  700,  884,  811,  555],
        [  980,    0,  610,    0, 1266,  715,  894,  847,  905, 1195,  283,  979,  297, 1146,  718,  995,  631,  873,  146,  861,  808,  197, 1148,  827, 1005,  877, 1109,  860,  591,  274, 1016,  996,  608,  546,  920,  724,   93,  712,  182,  387,  208,  885,  926,  669,  968, 1081,  614,  931,  580,  925,  916,  508, 1216,  108,  646,  995,  537,  919,  236,  428,  311,  655,  198,  348,  478,  516, 1277,  347,  643,  554,  940,   20,  285,  550,  850,  866,  938,  185,  858, 1073,  154,  830,  531,  940,  753,  161,  649,  876,  490,  618,  818,  930,  973,  917,  606, 1318,  713,  746,  158,  866,  567,  815,  234,  556,  819,  665,   71,  852,  615,  918,  506,  768,  706,  156,  172,  204,  847, 1132,  387,  304, 1109,  979,  783,  676,  220,  722,  779,  746,  651, 1002,  986,  695,  826,  705,  662,  294,  488,  746,  696,  748, 1048,  349,  913,  185,  977, 1075, 1011,  860, 1104,  690,  404,  154, 1041, 1134,   59, 1069,  762,  701,  451,  837,  469,  970, 1121, 1056,  711,  671, 1000,  902,  579,  918,  406,  468,  561,  668, 1125,  895,  850,  733,  617, 1114,  771,  718,  444,  570,  588, 1198,  868,  911,  718,  882],
        [  454,    0,  906, 1266,    0,  639,  464,  796,  826,  103,  984,  478,  982,  198,  974,  682,  680,  442, 1136,  617,  677, 1115,  194,  504,  323,  422,  158,  456,  691, 1099,  476,  594,  763,  730,  646,  842, 1235,  826, 1137,  899, 1139,  568,  719,  759,  682,  228,  654,  337,  686,  378,  698,  793,  167, 1190,  793,  283,  730,  361, 1082,  907, 1085,  837, 1072, 1040,  798,  839,   35, 1050,  632,  876,  544, 1248, 1026,  915,  752,  496,  645, 1081,  539,  341, 1113,  537,  870,  490,  636, 1112,  834,  642,  876,  827,  761,  808,  415,  391,  661,   80,  677,  692, 1149,  432,  854,  462, 1055,  978,  791,  694, 1289,  421,  651,  507,  782,  543,  778, 1163, 1101, 1147,  429,  232,  940, 1101,  169,  289,  597,  689, 1060,  598,  955,  701,  615,  618,  346,  851,  956,  765,  648, 1028,  792,  524,  868,  819,  388, 1010,  537, 1108,  619,  203,  339,  488,  306,  629,  870, 1136,  457,  291, 1294,  404,  945,  805,  818,  616, 1010,  327,  155,  250,  578,  618,  311,  395,  813,  776,  860,  805,  706,  683,  238,  373,  688,  669,  853,  360,  558,  752,  991,  850,  761,   89,  450,  601,  772,  389],
        [  267,    0,  274,  715,  639,    0,  508,  284,  828,  606,  449,  621,  420,  472,  816,  338,   96,  446,  620,  622,  627,  530,  605,  136,  326,  219,  493,  184,  352,  657,  303,  727,  127,  210,  247,  708,  658,  682,  551,  457,  542,  601,  763,  128,  313,  541,  215,  333,  265,  449,  273,  428,  663,  672,  592,  445,  281,  288,  492,  297,  468,  212,  553,  420,  260,  213,  662,  428,  315,  603,  232,  700,  436,  276,  728,  160,  716,  545,  543,  618,  579,  119,  234,  226,  524,  555,  207,  659,  544,  604,  232,  356,  267,  248,  256,  710,   53,  580,  569,  211,  215,  348,  481,  713,  737,   56,  716,  249,  240,  581,  397,  105,  632,  665,  544,  673,  356,  610,  533,  483,  526,  370,  514,  496,  558,   58,  841,  112,  252,  318,  512,  243,  873,  617,   79,  578,  380,  202,  710,  706,  625,  397,  201,  608,  293,  437,  542,  159,  628,   56,  327,  565,  669,  650,  725,  356,  822,  655,  303,  597,  685,  462,  533,  523,  123,  361,  497,  429,  551,  325,  368,  366,  284,  478,  442,  309,  674,   62,  219,  674,   83,  147,  647,  587,  488,  555,  448,  656,  636,  282],
        [  542,    0,  756,  894,  464,  508,    0,  779,  399,  366,  633,  115,  654,  468,  513,  764,  475,   65,  751,  168,  219,  788,  289,  435,  420,  367,  344,  402,  310,  679,  595,  227,  584,  446,  684,  380,  889,  362,  809,  507,  822,  124,  303,  627,  748,  237,  365,  268,  361,  106,  730,  387,  352,  801,  332,  207,  397,  320,  765,  645,  805,  708,  697,  770,  498,  616,  458,  780,  275,  422,  600,  875,  717,  732,  308,  473,  236,  717,   78,  181,  743,  487,  668,  543,  175,  759,  701,  202,  439,  367,  729,  836,  492,  383,  342,  485,  560,  228,  813,  366,  671,  161,  725,  518,  340,  537,  934,  297,  345,   78,  389,  415,  314,  764,  751,  738,  160,  260,  523,  820,  300,  288,  136,  239,  675,  450,  500,  616,  306,  713,  120,  746,  507,  301,  457,  619,  410,  307,  405,  359,  155,  734,  569,  716,  697,  362,  132,  453,  214,  461,  550,  794,  170,  245,  935,  573,  487,  341,  494,  159,  559,  149,  314,  215,  388,  232,  155,  107,  364,  803,  507,  435,  370,  239,  480,  257,  241,  566,  702,  221,  446,  654,  546,  396,  323,  440,   61,  176,  308,  281],
        [  343,    0,  242,  847,  796,  284,  779,    0, 1112,  795,  633,  890,  586,  601, 1091,  175,  359,  715,  793,  903,  910,  651,  819,  352,  480,  436,  679,  395,  629,  869,  330, 1003,  288,  464,  155,  988,  769,  962,  666,  693,  644,  880, 1046,  211,  154,  764,  492,  561,  538,  707,  110,  692,  867,  838,  870,  677,  545,  504,  612,  435,  544,  193,  732,  502,  487,  355,  825,  505,  597,  871,  252,  838,  567,  299, 1012,  328,  996,  712,  821,  865,  743,  300,  322,  306,  807,  703,  200,  940,  804,  879,   52,   86,  382,  443,  534,  874,  236,  863,  689,  432,  286,  619,  624,  975, 1020,  281,  825,  494,  518,  855,  660,  365,  913,  845,  692,  866,  622,  834,  773,  555,  728,  582,  797,  778,  748,  338, 1120,  173,  534,  217,  763,  154, 1153,  898,  356,  795,  638,  478,  988,  987,  880,  499,  260,  793,  201,  614,  791,  344,  867,  339,  533,  696,  932,  885,  839,  408, 1100,  935,  533,  879,  936,  708,  732,  751,  404,  644,  740,  690,  823,   72,  596,  618,  554,  760,  562,  549,  957,  223,  232,  920,  334,  159,  896,  857,  763,  707,  719,  936,  917,  520],
        [  928,    0, 1021,  905,  826,  828,  399, 1112,    0,  723,  731,  349,  777,  864,  230, 1132,  762,  455,  766,  233,  204,  884,  633,  796,  817,  747,  731,  775,  500,  634,  982,  239,  861,  682, 1045,  182,  940,  199,  899,  578,  925,  276,  108,  924, 1112,  606,  627,  663,  591,  504, 1085,  487,  677,  798,  286,  602,  602,  711,  878,  843,  952,  993,  741,  934,  700,  854,  810,  944,  518,  358,  973,  887,  849,  978,  101,  842,  181,  774,  327,  486,  785,  846,  911,  922,  306,  825,  985,  198,  434,  301, 1060, 1181,  881,  770,  587,  823,  877,  250,  893,  743,  928,  525,  829,  359,   99,  838,  966,  674,  601,  332,  513,  759,  224,  750,  822,  706,  539,  595,  536,  964,  678,  686,  321,  340,  707,  776,  176,  939,  579, 1087,  499, 1040,  150,  234,  758,  617,  543,  643,  210,  162,  439,  898,  940,  725, 1068,  758,  495,  822,  523,  773,  713,  868,  374,  544,  960,  968,  180,  216,  670,  249,  444,  544,  690,  589,  709,  469,  540,  504,  356, 1149,  641,  574,  583,  359,  878,  647,  163,  889,  974,  479,  790,  965,  463,  348,  388,  821,  448,  230,  215,  666],
        [  460,    0,  879, 1195,  103,  606,  366,  795,  723,    0,  916,  375,  919,  229,  873,  700,  633,  350, 1062,  516,  577, 1053,   92,  476,  316,  388,  117,  426,  612, 1016,  493,  492,  726,  670,  652,  742, 1171,  726, 1075,  821, 1080,  467,  616,  731,  696,  130,  590,  282,  617,  287,  706,  711,   84, 1115,  697,  201,  660,  319, 1022,  856, 1033,  813, 1000,  990,  737,  794,   92, 1000,  555,  783,  549, 1177,  967,  881,  650,  478,  543, 1011,  440,  239, 1042,  516,  831,  491,  539, 1044,  809,  540,  788,  732,  756,  818,  415,  364,  592,  125,  649,  594, 1086,  396,  818,  383,  992,  883,  689,  658, 1223,  370,  584,  406,  702,  505,  680, 1085, 1035, 1067,  350,  131,  857, 1049,   88,  239,  501,  596,  985,  560,  853,  681,  546,  637,  247,  832,  854,  667,  603,  947,  714,  466,  769,  719,  285,  958,  536, 1032,  634,  182,  239,  466,  205,  588,  806, 1072,  356,  193, 1227,  429,  843,  707,  753,  515,  918,  236,   77,  154,  529,  536,  215,  306,  721,  785,  790,  730,  636,  592,  265,  314,  586,  644,  824,  261,  524,  731,  901,  757,  671,  128,  357,  499,  673,  336],
        [  710,    0,  424,  283,  984,  449,  633,  633,  731,  916,    0,  728,   58,  864,  596,  758,  359,  604,  172,  630,  590,  160,  872,  551,  724,  596,  827,  581,  324,  241,  750,  768,  360,  265,  676,  553,  258,  534,  179,  154,  199,  645,  724,  432,  731,  805,  331,  648,  299,  652,  681,  263,  940,  224,  447,  716,  256,  637,  148,  202,  227,  445,  104,  222,  198,  279,  995,  229,  368,  380,  680,  266,  124,  361,  655,  593,  719,  100,  609,  808,  134,  559,  316,  672,  514,  130,  437,  654,  299,  430,  595,  719,  698,  636,  324, 1038,  458,  524,  181,  585,  351,  538,  100,  438,  634,  405,  308,  570,  333,  668,  249,  490,  510,  218,  120,  233,  569,  858,  208,  237,  829,  697,  537,  440,  115,  448,  648,  502,  370,  755,  715,  492,  693,  504,  388,  177,  224,  463,  533,  570,  788,  192,  649,  163,  729,  793,  742,  584,  836,  417,  124,  162,  791,  866,  312,  797,  628,  515,  168,  605,  367,  694,  841,  780,  431,  403,  726,  628,  376,  701,  128,  198,  281,  427,  844,  612,  637,  478,  408,  853,  496,  485,  326,  385,  360,  915,  599,  681,  521,  599],
        [  637,    0,  871,  979,  478,  621,  115,  890,  349,  375,  728,    0,  754,  526,  509,  866,  590,  176,  834,  153,  219,  886,  286,  543,  505,  470,  388,  506,  409,  747,  688,  131,  699,  557,  789,  384,  981,  373,  906,  593,  922,  108,  243,  741,  851,  258,  478,  358,  470,  192,  837,  473,  335,  881,  372,  270,  503,  415,  865,  755,  910,  823,  784,  877,  606,  729,  464,  887,  382,  470,  701,  959,  819,  846,  276,  578,  169,  807,  121,  142,  831,  595,  781,  642,  229,  851,  816,  169,  504,  408,  840,  945,  586,  480,  452,  480,  674,  258,  909,  470,  785,  274,  823,  550,  318,  652, 1023,  402,  456,   61,  480,  526,  336,  842,  844,  811,  269,  249,  598,  925,  331,  367,  197,  305,  759,  563,  483,  729,  419,  813,  161,  861,  480,  326,  572,  694,  504,  421,  414,  358,   96,  841,  671,  797,  798,  423,  149,  559,  180,  575,  654,  888,   63,  205, 1022,  658,  475,  359,  598,  163,  605,  214,  343,  243,  502,  335,  200,  204,  420,  911,  605,  532,  476,  311,  544,  355,  216,  679,  816,  154,  558,  768,  599,  446,  393,  474,  174,  125,  326,  381],
        [  685,    0,  370,  297,  982,  420,  654,  586,  777,  919,   58,  754,    0,  853,  650,  718,  335,  619,  209,  664,  627,  137,  881,  531,  710,  583,  825,  564,  345,  295,  722,  801,  321,  254,  637,  601,  254,  581,  158,  201,  169,  675,  765,  390,  691,  812,  329,  645,  305,  664,  640,  299,  948,  257,  492,  721,  263,  629,  112,  152,  177,  396,  146,  166,  185,  235,  996,  174,  382,  430,  648,  282,   73,  308,  697,  570,  755,  129,  635,  826,  162,  534,  266,  645,  546,  137,  388,  689,  349,  477,  550,  672,  676,  622,  330, 1039,  423,  562,  168,  572,  301,  547,   74,  493,  679,  372,  309,  563,  336,  694,  281,  471,  554,  259,  126,  282,  577,  869,  262,  188,  831,  694,  567,  474,  165,  426,  700,  462,  375,  718,  729,  442,  744,  547,  366,  234,  253,  458,  583,  617,  808,  135,  619,  208,  692,  787,  756,  563,  852,  393,  113,  155,  815,  881,  315,  773,  680,  561,  167,  638,  423,  704,  843,  788,  417,  422,  737,  640,  421,  655,  149,  224,  290,  460,  831,  610,  676,  442,  358,  872,  474,  442,  382,  433,  399,  910,  616,  714,  564,  594],
        [  259,    0,  728, 1146,  198,  472,  468,  601,  864,  229,  864,  526,  853,    0,  971,  485,  529,  422, 1027,  636,  685,  980,  295,  338,  148,  271,  143,  295,  608, 1013,  279,  655,  599,  601,  450,  838, 1105,  818, 1002,  805,  999,  589,  762,  583,  485,  280,  537,  240,  579,  364,  502,  714,  312, 1081,  764,  263,  620,  231,  944,  758,  935,  657,  960,  888,  669,  682,  230,  897,  546,  831,  349, 1130,  888,  744,  776,  318,  690,  964,  545,  417,  997,  360,  705,  298,  617,  988,  656,  668,  813,  794,  568,  611,  225,  233,  554,  277,  504,  680, 1016,  282,  685,  398,  923,  942,  808,  528, 1161,  299,  541,  533,  696,  388,  765, 1061,  977, 1053,  368,  328,  859,  950,  208,  197,  582,  651,  954,  441,  965,  518,  511,  421,  367,  666,  975,  750,  497,  937,  699,  405,  859,  820,  456,  861,  345, 1004,  422,  106,  377,  315,  394,  474,  743, 1007,  529,  394, 1168,  207,  951,  793,  697,  626,  958,  321,  201,  287,  437,  548,  327,  370,  767,  580,  749,  705,  601,  640,   40,  273,  709,  493,  677,  457,  395,  569,  932,  806,  706,  111,  430,  635,  761,  276],
        [  976,    0,  955,  718,  974,  816,  513, 1091,  230,  873,  596,  509,  650,  971,    0, 1146,  733,  550,  588,  360,  297,  733,  788,  823,  892,  796,  855,  814,  465,  445, 1030,  434,  814,  631, 1056,  134,  766,  154,  745,  453,  775,  408,  308,  887, 1123,  746,  602,  743,  554,  611, 1087,  404,  843,  611,  228,  715,  548,  780,  736,  749,  823,  943,  579,  815,  626,  783,  965,  823,  508,  229, 1002,  701,  720,  903,  242,  872,  365,  614,  436,  650,  618,  865,  839,  959,  355,  665,  933,  342,  308,  213, 1041, 1169,  935,  827,  561,  986,  858,  291,  734,  789,  863,  586,  687,  164,  197,  811,  783,  727,  577,  469,  436,  772,  208,  563,  664,  515,  611,  754,  389,  832,  812,  778,  389,  338,  543,  773,   63,  921,  571, 1112,  630,  992,  109,  224,  739,  449,  462,  664,  115,  155,  605,  782,  967,  549, 1089,  866,  635,  854,  689,  761,  615,  708,  552,  714,  775, 1033,   52,  180,  586,  359,  250,  660,  825,  725,  711,  472,  667,  602,  268, 1140,  539,  489,  538,  354,  976,  718,  294,  874,  916,  658,  800,  935,  282,  237,  329,  952,  542,  387,  211,  730],
        [  244,    0,  406,  995,  682,  338,  764,  175, 1132,  700,  758,  866,  718,  485, 1146,    0,  432,  699,  926,  909,  928,  799,  741,  336,  393,  398,  589,  363,  684,  983,  208,  990,  399,  546,   91, 1031,  922, 1005,  817,  791,  798,  878, 1053,  329,   28,  696,  548,  513,  600,  676,   80,  765,  779,  974,  919,  622,  619,  454,  760,  571,  702,  345,  861,  657,  587,  484,  714,  661,  639,  938,  167,  984,  711,  456, 1031,  292,  995,  846,  819,  815,  879,  286,  464,  227,  829,  844,  350,  946,  881,  934,  183,  138,  295,  389,  589,  761,  309,  890,  838,  398,  429,  613,  765, 1049, 1046,  363,  980,  468,  572,  842,  735,  377,  953,  975,  833,  990,  606,  763,  868,  714,  647,  520,  811,  816,  872,  374, 1166,  258,  576,   65,  722,  317, 1194,  937,  416,  906,  718,  491, 1036, 1025,  838,  648,  196,  921,   70,  524,  747,  312,  809,  391,  645,  842,  898,  821,  992,  279, 1147,  977,  632,  887, 1022,  664,  647,  689,  435,  678,  692,  663,  884,  116,  698,  703,  620,  798,  445,  512,  971,  290,  383,  867,  347,  277,  984,  921,  819,  595,  704,  933,  955,  486],
        [  352,    0,  282,  631,  680,   96,  475,  359,  762,  633,  359,  590,  335,  529,  733,  432,    0,  418,  530,  568,  565,  454,  618,  198,  383,  261,  526,  236,  271,  562,  392,  685,  109,  115,  342,  631,  581,  605,  475,  362,  471,  554,  706,  162,  406,  551,  136,  352,  180,  435,  363,  338,  681,  583,  512,  453,  190,  320,  417,  230,  407,  237,  462,  362,  165,  161,  699,  371,  245,  515,  326,  616,  360,  262,  664,  236,  665,  457,  498,  609,  491,  201,  202,  313,  462,  471,  229,  604,  452,  521,  308,  437,  342,  298,  177,  746,  127,  513,  491,  250,  199,  322,  401,  622,  668,   78,  638,  264,  163,  543,  306,  142,  557,  573,  460,  579,  339,  617,  438,  423,  548,  396,  459,  424,  465,   92,  762,  188,  186,  414,  502,  280,  795,  542,   33,  483,  288,  181,  630,  631,  608,  333,  294,  516,  388,  478,  532,  229,  623,   59,  235,  485,  643,  649,  646,  439,  742,  578,  208,  542,  592,  458,  558,  530,  105,  295,  494,  412,  466,  409,  273,  272,  196,  406,  504,  322,  614,  145,  227,  663,  141,  205,  553,  500,  405,  600,  419,  607,  562,  298],
        [  479,    0,  699,  873,  442,  446,   65,  715,  455,  350,  604,  176,  619,  422,  550,  699,  418,    0,  733,  223,  264,  755,  284,  370,  362,  303,  308,  337,  282,  672,  532,  291,  527,  399,  619,  417,  861,  397,  776,  488,  788,  183,  363,  567,  683,  222,  316,  208,  319,   65,  665,  371,  350,  784,  352,  167,  358,  258,  730,  599,  764,  649,  675,  727,  456,  564,  441,  737,  238,  434,  535,  854,  680,  678,  361,  408,  298,  692,  129,  207,  720,  423,  614,  479,  198,  732,  642,  259,  439,  386,  665,  772,  430,  320,  298,  473,  498,  260,  782,  302,  616,   99,  692,  537,  389,  477,  909,  232,  298,  143,  368,  351,  346,  750,  723,  727,   95,  262,  514,  779,  274,  234,  162,  247,  656,  388,  543,  553,  258,  649,  114,  686,  555,  331,  398,  607,  386,  245,  439,  398,  194,  691,  504,  699,  632,  317,  139,  389,  233,  400,  512,  765,  225,  263,  910,  514,  529,  374,  456,  208,  569,  116,  288,  197,  327,  203,  136,   53,  372,  738,  476,  407,  331,  242,  430,  195,  294,  504,  644,  256,  382,  592,  552,  408,  322,  406,    8,  237,  341,  217],
        [  881,    0,  569,  146, 1136,  620,  751,  793,  766, 1062,  172,  834,  209, 1027,  588,  926,  530,  733,    0,  715,  663,  182, 1011,  721,  890,  761,  980,  749,  453,  149,  921,  851,  528,  432,  844,  584,  179,  570,  183,  245,  218,  739,  783,  598,  899,  945,  491,  804,  452,  787,  848,  365, 1079,   55,  502,  861,  409,  798,  208,  359,  305,  601,   69,  325,  368,  443, 1145,  328,  507,  411,  851,  127,  233,  506,  707,  764,  793,   82,  713,  931,   53,  731,  472,  843,  608,  106,  593,  731,  345,  474,  757,  878,  868,  802,  477, 1186,  628,  601,  164,  750,  507,  680,  176,  425,  677,  576,  201,  730,  489,  773,  365,  659,  563,   55,  113,   95,  712,  993,  242,  306,  976,  853,  638,  531,   78,  619,  648,  670,  522,  925,  846,  646,  695,  561,  559,  150,  349,  623,  557,  607,  905,  310,  821,   41,  899,  950,  871,  754,  962,  588,  295,  140,  896,  993,  196,  967,  630,  559,  333,  692,  339,  833,  988,  919,  598,  532,  862,  764,  434,  862,  279,  332,  431,  523, 1009,  768,  705,  648,  563,  971,  667,  650,  309,  426,  443, 1071,  727,  766,  574,  757],
        [  698,    0,  842,  861,  617,  622,  168,  903,  233,  516,  630,  153,  664,  636,  360,  909,  568,  223,  715,    0,   67,  790,  429,  574,  584,  518,  508,  548,  335,  615,  752,  138,  674,  508,  824,  232,  873,  220,  809,  484,  828,   50,  145,  729,  890,  391,  439,  431,  415,  273,  867,  368,  484,  759,  229,  374,  439,  480,  774,  693,  832,  805,  672,  805,  543,  684,  606,  815,  330,  329,  748,  841,  734,  808,  140,  617,   98,  698,   95,  292,  719,  625,  741,  694,  120,  746,  797,   38,  374,  264,  852,  968,  650,  539,  404,  627,  673,  117,  808,  515,  752,  297,  729,  400,  175,  640,  910,  445,  414,  111,  384,  542,  185,  717,  740,  682,  309,  395,  474,  845,  460,  454,  111,  191,  644,  566,  339,  733,  384,  861,  277,  848,  342,  177,  558,  570,  412,  426,  262,  206,  248,  768,  715,  676,  843,  530,  279,  597,  330,  569,  577,  786,  205,  357,  908,  736,  328,  207,  525,   28,  460,  316,  472,  371,  500,  278,  316,  272,  286,  935,  516,  442,  414,  204,  648,  415,   74,  683,  791,  306,  574,  764,  458,  306,  275,  602,  216,   51,  175,  436],
        [  727,    0,  832,  808,  677,  627,  219,  910,  204,  577,  590,  219,  627,  685,  297,  928,  565,  264,  663,   67,    0,  748,  492,  593,  623,  545,  562,  572,  313,  557,  782,  189,  667,  493,  841,  167,  826,  154,  766,  440,  788,  113,  144,  727,  908,  450,  432,  469,  401,  321,  882,  329,  548,  705,  168,  424,  418,  514,  735,  669,  799,  799,  624,  774,  521,  669,  668,  784,  321,  268,  770,  789,  699,  793,  104,  639,  131,  652,  141,  357,  670,  642,  726,  719,  104,  700,  791,   69,  319,  202,  859,  978,  681,  570,  393,  689,  676,   66,  764,  541,  740,  323,  688,  334,  126,  640,  861,  473,  405,  173,  349,  555,  120,  662,  695,  625,  341,  458,  422,  812,  517,  497,  118,  157,  594,  573,  282,  738,  380,  884,  334,  844,  291,  113,  559,  516,  378,  439,  197,  143,  313,  737,  737,  624,  865,  579,  338,  619,  395,  572,  547,  741,  271,  422,  858,  771,  270,  141,  497,   62,  396,  367,  530,  429,  507,  270,  372,  316,  230,  946,  482,  409,  396,  173,  694,  450,   51,  688,  783,  372,  586,  766,  396,  246,  230,  657,  257,  109,  109,  467],
        [  797,    0,  415,  197, 1115,  530,  788,  651,  884, 1053,  160,  886,  137,  980,  733,  799,  454,  755,  182,  790,  748,    0, 1017,  651,  835,  710,  958,  688,  479,  320,  830,  928,  417,  386,  726,  704,  128,  686,   22,  310,   42,  804,  882,  475,  773,  948,  463,  779,  441,  800,  720,  422, 1084,  208,  603,  856,  399,  759,   41,  237,  125,  459,  159,  155,  318,  325, 1129,  155,  518,  528,  751,  188,   95,  354,  811,  687,  878,  123,  767,  961,  133,  648,  336,  755,  673,   78,  453,  813,  450,  583,  622,  734,  794,  748,  466, 1174,  524,  683,   40,  699,  371,  683,   64,  571,  789,  479,  186,  695,  472,  826,  408,  594,  666,  235,   73,  276,  713, 1005,  351,  124,  966,  826,  696,  599,  194,  545,  789,  553,  511,  808,  865,  499,  835,  660,  486,  288,  383,  591,  682,  723,  942,  153,  725,  208,  783,  918,  892,  682,  987,  512,  248,   48,  948, 1017,  196,  886,  770,  669,  303,  764,  490,  840,  978,  924,  544,  557,  873,  776,  532,  722,  282,  355,  426,  587,  956,  743,  795,  543,  420, 1007,  593,  523,  454,  536,  519, 1041,  751,  840,  677,  727],
        [  498,    0,  879, 1148,  194,  605,  289,  819,  633,   92,  872,  286,  881,  295,  788,  741,  618,  284, 1011,  429,  492, 1017,    0,  482,  349,  393,  158,  433,  558,  955,  537,  401,  717,  639,  685,  658, 1130,  644, 1038,  768, 1046,  381,  526,  732,  734,   69,  557,  272,  576,  225,  738,  653,   68, 1063,  620,  165,  619,  321,  987,  832, 1007,  815,  951,  966,  704,  778,  179,  975,  506,  710,  583, 1130,  934,  874,  561,  494,  452,  965,  359,  147,  995,  528,  819,  522,  463, 1002,  811,  451,  721,  656,  776,  850,  449,  378,  552,  198,  652,  513, 1047,  399,  810,  335,  954,  806,  601,  653, 1180,  358,  546,  320,  647,  500,  599, 1031,  992, 1010,  305,   39,  797, 1023,   95,  240,  424,  524,  934,  553,  766,  690,  506,  679,  172,  840,  765,  586,  589,  889,  662,  442,  686,  634,  194,  932,  564,  979,  673,  220,  157,  480,  113,  578,  769, 1031,  264,  103, 1183,  481,  757,  625,  714,  431,  846,  179,   97,   94,  513,  480,  149,  247,  650,  817,  745,  681,  593,  522,  327,  298,  498,  649,  822,  171,  524,  739,  832,  684,  604,  210,  290,  410,  591,  324],
        [  168,    0,  405,  827,  504,  136,  435,  352,  796,  476,  551,  543,  531,  338,  823,  336,  198,  370,  721,  574,  593,  651,  482,    0,  190,   90,  361,   50,  372,  736,  217,  661,  262,  290,  251,  702,  778,  677,  673,  527,  667,  544,  718,  256,  317,  422,  253,  214,  305,  356,  296,  469,  537,  774,  595,  330,  337,  161,  614,  423,  598,  338,  653,  551,  354,  345,  527,  560,  319,  628,  181,  812,  557,  412,  696,   51,  661,  650,  485,  515,  685,   53,  369,  140,  494,  667,  334,  611,  583,  615,  304,  403,  147,  113,  286,  576,  175,  557,  689,   84,  351,  279,  598,  742,  712,  192,  835,  143,  269,  512,  442,   63,  623,  761,  656,  762,  276,  492,  596,  614,  398,  243,  476,  487,  652,  107,  838,  209,  260,  293,  412,  359,  863,  607,  166,  657,  433,  160,  710,  694,  529,  526,  146,  703,  272,  303,  440,   36,  518,  140,  427,  682,  582,  538,  843,  249,  820,  649,  390,  552,  730,  357,  404,  406,  130,  351,  390,  340,  569,  369,  451,  428,  328,  470,  309,  198,  636,  169,  350,  570,   59,  258,  696,  608,  503,  419,  374,  600,  625,  170],
        [  150,    0,  585, 1005,  323,  326,  420,  480,  817,  316,  724,  505,  710,  148,  892,  393,  383,  362,  890,  584,  623,  835,  349,  190,    0,  129,  200,  148,  489,  886,  192,  634,  452,  460,  338,  762,  961,  739,  857,  676,  853,  543,  723,  439,  386,  304,  402,  154,  448,  318,  391,  595,  390,  944,  673,  240,  487,  114,  799,  611,  788,  516,  823,  741,  528,  535,  350,  749,  428,  729,  236,  989,  742,  598,  721,  174,  655,  824,  490,  429,  858,  216,  559,  176,  540,  846,  513,  620,  701,  700,  442,  504,  101,   89,  424,  399,  358,  606,  872,  140,  539,  307,  780,  843,  748,  381, 1018,  176,  409,  495,  573,  242,  685,  926,  835,  921,  284,  370,  735,  803,  255,  138,  510,  559,  818,  294,  895,  378,  385,  332,  348,  528,  911,  669,  351,  809,  572,  274,  778,  748,  458,  714,  221,  869,  325,  135,  368,  169,  419,  327,  602,  864,  525,  430, 1025,  154,  879,  713,  558,  569,  848,  291,  256,  299,  294,  441,  312,  314,  666,  471,  613,  576,  471,  546,  121,  175,  655,  349,  533,  480,  248,  429,  819,  706,  602,  235,  369,  595,  683,  164],
        [  183,    0,  492,  877,  422,  219,  367,  436,  747,  388,  596,  470,  583,  271,  796,  398,  261,  303,  761,  518,  545,  710,  393,   90,  129,    0,  274,   42,  370,  759,  237,  593,  342,  331,  321,  670,  834,  645,  731,  549,  729,  484,  661,  344,  382,  333,  274,  126,  321,  280,  370,  473,  448,  815,  571,  242,  359,   72,  674,  490,  668,  426,  694,  622,  399,  418,  444,  631,  310,  617,  233,  860,  617,  495,  648,  110,  600,  695,  426,  430,  729,  137,  448,  177,  452,  718,  422,  555,  583,  595,  390,  480,  140,   41,  298,  492,  262,  518,  746,   11,  433,  223,  653,  732,  668,  272,  891,   73,  282,  445,  450,  122,  591,  797,  707,  793,  211,  403,  611,  683,  309,  154,  428,  458,  689,  177,  804,  298,  261,  346,  330,  448,  826,  575,  228,  682,  447,  149,  682,  659,  447,  593,  202,  740,  330,  220,  358,   93,  432,  208,  474,  737,  504,  450,  898,  240,  788,  618,  429,  499,  731,  274,  316,  318,  167,  330,  305,  266,  555,  446,  484,  448,  344,  443,  249,  116,  584,  258,  437,  485,  137,  347,  700,  595,  490,  340,  308,  539,  591,   89],
        [  347,    0,  765, 1109,  158,  493,  344,  679,  731,  117,  827,  388,  825,  143,  855,  589,  526,  308,  980,  508,  562,  958,  158,  361,  200,  274,    0,  311,  538,  947,  382,  516,  615,  573,  538,  722, 1078,  703,  980,  745,  982,  460,  628,  617,  583,  137,  497,  180,  530,  245,  591,  642,  191, 1034,  659,  141,  573,  208,  925,  753,  931,  698,  916,  886,  641,  687,  173,  895,  478,  736,  435, 1091,  870,  769,  647,  361,  555,  924,  421,  274,  956,  400,  721,  375,  505,  955,  694,  537,  730,  691,  639,  703,  300,  249,  504,  220,  535,  566,  992,  283,  707,  311,  898,  843,  682,  546, 1132,  266,  494,  401,  629,  394,  652, 1008,  944,  994,  278,  188,  789,  946,   66,  133,  468,  550,  904,  449,  843,  565,  459,  526,  233,  716,  849,  637,  495,  875,  637,  368,  745,  701,  314,  856,  420,  952,  521,   66,  239,  350,  252,  478,  713,  979,  387,  253, 1137,  324,  831,  680,  661,  501,  868,  196,   61,  146,  424,  468,  193,  257,  672,  670,  704,  649,  550,  542,  171,  216,  581,  529,  710,  315,  411,  615,  846,  710,  616,  100,  316,  502,  647,  233],
        [  163,    0,  454,  860,  456,  184,  402,  395,  775,  426,  581,  506,  564,  295,  814,  363,  236,  337,  749,  548,  572,  688,  433,   50,  148,   42,  311,    0,  376,  755,  217,  628,  308,  317,  283,  690,  814,  666,  710,  545,  706,  516,  692,  306,  346,  374,  268,  167,  318,  318,  331,  477,  488,  803,  588,  283,  354,  113,  651,  464,  640,  387,  681,  594,  383,  388,  479,  603,  318,  628,  200,  844,  595,  460,  675,   72,  633,  680,  457,  471,  715,   96,  415,  148,  477,  700,  383,  586,  589,  610,  349,  441,  129,   65,  297,  527,  224,  541,  725,   38,  398,  252,  633,  743,  694,  238,  871,  106,  280,  479,  452,   95,  611,  787,  689,  785,  243,  444,  610,  656,  348,  194,  455,  477,  678,  147,  826,  258,  264,  314,  370,  408,  849,  595,  203,  676,  446,  155,  701,  681,  487,  567,  168,  729,  296,  254,  398,   53,  473,  179,  458,  717,  543,  491,  878,  233,  808,  638,  416,  528,  737,  314,  355,  359,  151,  344,  346,  303,  567,  407,  474,  444,  341,  461,  269,  155,  613,  219,  399,  526,  103,  307,  704,  607,  502,  372,  342,  571,  612,  127],
        [  536,    0,  522,  591,  691,  352,  310,  629,  500,  612,  324,  409,  345,  608,  465,  684,  271,  282,  453,  335,  313,  479,  558,  372,  489,  370,  538,  376,    0,  410,  588,  468,  363,  183,  593,  360,  580,  334,  499,  210,  513,  337,  457,  430,  660,  492,  138,  371,   93,  334,  623,  107,  626,  505,  241,  411,  106,  381,  456,  359,  503,  495,  394,  473,  209,  356,  697,  483,   62,  257,  548,  573,  411,  481,  404,  423,  431,  411,  293,  486,  439,  409,  413,  512,  216,  451,  486,  365,  214,  252,  578,  706,  504,  408,   96,  736,  394,  253,  504,  361,  429,  230,  415,  371,  402,  349,  627,  315,  113,  350,   92,  315,  287,  474,  442,  457,  263,  541,  252,  518,  527,  418,  229,  160,  376,  310,  491,  457,  113,  653,  395,  543,  525,  273,  275,  338,  105,  222,  359,  361,  465,  436,  512,  421,  630,  518,  421,  406,  514,  296,  246,  485,  471,  544,  629,  607,  472,  307,  192,  307,  362,  381,  540,  467,  251,   80,  410,  312,  200,  676,  197,  126,   84,  142,  598,  336,  364,  410,  475,  530,  341,  475,  331,  238,  137,  633,  277,  382,  293,  333],
        [  902,    0,  664,  274, 1099,  657,  679,  869,  634, 1016,  241,  747,  295, 1013,  445,  983,  562,  672,  149,  615,  557,  320,  955,  736,  886,  759,  947,  755,  410,    0,  948,  745,  587,  451,  897,  455,  325,  444,  326,  211,  360,  646,  663,  662,  956,  892,  487,  779,  439,  732,  908,  306, 1022,  167,  390,  817,  402,  784,  337,  442,  434,  683,  165,  445,  399,  514, 1104,  450,  471,  292,  887,  257,  346,  602,  585,  783,  683,  200,  629,  859,  190,  756,  555,  868,  519,  244,  674,  625,  243,  358,  828,  954,  880,  800,  462, 1140,  676,  498,  309,  749,  589,  637,  295,  283,  552,  622,  339,  716,  478,  687,  319,  673,  446,  119,  247,   72,  670,  932,  160,  438,  933,  827,  553,  444,  135,  642,  506,  726,  503,  973,  785,  731,  553,  447,  586,   80,  315,  613,  425,  480,  826,  422,  854,  115,  947,  926,  806,  771,  892,  615,  339,  284,  808,  923,  331,  984,  489,  437,  355,  594,  196,  781,  946,  867,  607,  481,  807,  711,  330,  934,  290,  311,  416,  441, 1001,  744,  593,  696,  647,  892,  687,  716,  172,  312,  357, 1043,  666,  663,  458,  738],
        [   55,    0,  499, 1016,  476,  303,  595,  330,  982,  493,  750,  688,  722,  279, 1030,  208,  392,  532,  921,  752,  782,  830,  537,  217,  192,  237,  382,  217,  588,  948,    0,  816,  415,  498,  176,  905,  957,  881,  850,  741,  839,  715,  894,  370,  206,  496,  469,  330,  521,  498,  226,  685,  572,  974,  804,  429,  552,  275,  790,  594,  756,  428,  853,  709,  556,  507,  508,  715,  533,  843,   88, 1002,  736,  531,  884,  167,  830,  847,  659,  620,  881,  193,  511,   80,  689,  857,  429,  789,  799,  826,  306,  333,  103,  213,  503,  555,  307,  754,  869,  242,  482,  459,  783,  957,  905,  352, 1016,  310,  485,  671,  658,  278,  827,  964,  846,  970,  444,  560,  811,  771,  442,  326,  665,  693,  857,  306, 1041,  293,  475,  145,  535,  423, 1062,  811,  365,  868,  649,  370,  916,  895,  648,  690,  106,  907,  144,  318,  557,  183,  611,  335,  627,  866,  713,  621, 1025,   78, 1023,  854,  596,  733,  947,  477,  442,  490,  345,  560,  501,  489,  782,  302,  660,  643,  544,  677,  239,  338,  819,  290,  456,  671,  261,  339,  913,  822,  717,  389,  538,  769,  827,  317],
