{
    "name": "random-70-17515",
    "comment": "size=70 seed=17515",
    "nodes": ["+0", "-0", "+1", "-1", "+2", "-2", "+3", "-3", "+4", "-4", "+5", "-5", "+6", "-6", "+7", "-7", "+8", "-8", "+9", "-9", "+10", "-10", "+11", "-11", "+12", "-12", "+13", "-13", "+14", "-14", "+15", "-15", "+16", "-16", "+17", "-17", "+18", "-18", "+19", "-19", "+20", "-20", "+21", "-21", "+22", "-22", "+23", "-23", "+24", "-24", "+25", "-25", "+26", "-26", "+27", "-27", "+28", "-28", "+29", "-29", "+30", "-30", "+31", "-31", "+32", "-32", "+33", "-33", "+34", "-34", "+35", "-35", "+36", "-36", "+37", "-37", "+38", "-38", "+39", "-39", "+40", "-40", "+41", "-41", "+42", "-42", "+43", "-43", "+44", "-44", "+45", "-45", "+46", "-46", "+47", "-47", "+48", "-48", "+49", "-49", "+50", "-50", "+51", "-51", "+52", "-52", "+53", "-53", "+54", "-54", "+55", "-55", "+56", "-56", "+57", "-57", "+58", "-58", "+59", "-59", "+60", "-60", "+61", "-61", "+62", "-62", "+63", "-63", "+64", "-64", "+65", "-65", "+66", "-66", "+67", "-67", "+68", "-68", "+69", "-69", "+70", "-70"],
    "precedence": {
        "+0": "-0",
        "+1": "-1",
        "+2": "-2",
        "+3": "-3",
        "+4": "-4",
        "+5": "-5",
        "+6": "-6",
        "+7": "-7",
        "+8": "-8",
        "+9": "-9",
        "+10": "-10",
        "+11": "-11",
        "+12": "-12",
        "+13": "-13",
        "+14": "-14",
        "+15": "-15",
        "+16": "-16",
        "+17": "-17",
        "+18": "-18",
        "+19": "-19",
        "+20": "-20",
        "+21": "-21",
        "+22": "-22",
        "+23": "-23",
        "+24": "-24",
        "+25": "-25",
        "+26": "-26",
        "+27": "-27",
        "+28": "-28",
        "+29": "-29",
        "+30": "-30",
        "+31": "-31",
        "+32": "-32",
        "+33": "-33",
        "+34": "-34",
        "+35": "-35",
        "+36": "-36",
        "+37": "-37",
        "+38": "-38",
        "+39": "-39",
        "+40": "-40",
        "+41": "-41",
        "+42": "-42",
        "+43": "-43",
        "+44": "-44",
        "+45": "-45",
        "+46": "-46",
        "+47": "-47",
        "+48": "-48",
        "+49": "-49",
        "+50": "-50",
        "+51": "-51",
        "+52": "-52",
        "+53": "-53",
        "+54": "-54",
        "+55": "-55",
        "+56": "-56",
        "+57": "-57",
        "+58": "-58",
        "+59": "-59",
        "+60": "-60",
        "+61": "-61",
        "+62": "-62",
        "+63": "-63",
        "+64": "-64",
        "+65": "-65",
        "+66": "-66",
        "+67": "-67",
        "+68": "-68",
        "+69": "-69",
        "+70": "-70"
    },
    "edges": [
        [    0,    0,  669,  164,  393,   99,  338,  642,  628,  391,  840,  313,  290,  312,  664,  574,  847,  612,  200,  124,  844,  740,  295,  410,  682,  166,  322,  717,  635,  484,  185,  380,  277,  196,  386,  323,  541,  319,  564,  388,  239,  316,  496,  733,   77,  134,  325,  753,  349,   78,  613,  787,  470,  488,  128,  291,  256,  473,  610,  332,  445,  449,  324,  327,  342,  383,   99,  410,  677,  781,  722,  352,  784,  512,  608,  379,  408,  184,  700,  766,  296,  701,  794,  547,  481,  587,  405,  240,  180,  334,  384,  682,  404,  407,  477,  338,  699,  760,  422,  193,  405,  588,  393,  560,  253,  198,  669,  252,   22,  598,  699,  625,  645,  554,  543,  820,  244,  340,  457,  793,  730,  587,  272,  319,  213,  789,  163,  594,  351,  155,  375,  764,  366,  204,  436,  679,  324,  287,  704,  558,  214,  631],
        [    0,    0,    0,    0,    0,    0,    0,    0,    0,    0,    0,    0,    0,    0,    0,    0,    0,    0,    0,    0,    0,    0,    0,    0,    0,    0,    0,    0,    0,    0,    0,    0,    0,    0,    0,    0,    0,    0,    0,    0,    0,    0,    0,    0,    0,    0,    0,    0,    0,    0,    0,    0,    0,    0,    0,    0,    0,    0,    0,    0,    0,    0,    0,    0,    0,    0,    0,    0,    0,    0,    0,    0,    0,    0,    0,    0,    0,    0,    0,    0,    0,    0,    0,    0,    0,    0,    0,    0,    0,    0,    0,    0,    0,    0,    0,    0,    0,    0,    0,    0,    0,    0,    0,    0,    0,    0,    0,    0,    0,    0,    0,    0,    0,    0,    0,    0,    0,    0,    0,    0,    0,    0,    0,    0,    0,    0,    0,    0,    0,    0,    0,    0,    0,    0,    0,    0,    0,    0,    0,    0,    0,    0],
        [  669,    0,    0,  508,  762,  626,  658,   81,  161,  676,  618,  676,  508,  895,  607,  655,  726,  886,  667,  576,  711,  479,  794,  271,   46,  551,  436,  711,   36,  907,  738,  352,  394,  855,  843,  650,  759,  372,  595,  333,  725,  355,  522,  164,  680,  721,  681,  112,  613,  613,   66,  639,  233,  672,  659,  610,  704,  625,   79,  582,  694,  631,  939,  595,  546,  630,  716,  979,  413,  113,  699,  944,  235,  897,  909,  496,  783,  681,  662,  608,  919,  347,  203,  640,  316,  593,  267,  492,  754,  368,  645,  410,  777,  883,  403,  384,  474,  115,  257,  833,  604,  527,  706,  711,  778,  625,  348,  799,  689,   80,  415,  881,   55,  824, 1045,  486,  581,  731,  775,  340,  629,  121,  895,  820,  827,  604,  589,  264,  631,  604,  313,  591,  824,  716,  404,  562,  787,  565,  167,  809,  762,  841],
        [  164,    0,  508,    0,  391,  126,  301,  488,  465,  350,  764,  350,  182,  448,  612,  551,  795,  656,  262,  124,  789,  647,  346,  261,  519,  140,  233,  685,  476,  569,  256,  260,  115,  359,  475,  286,  559,  186,  523,  228,  322,  154,  441,  586,  199,  256,  361,  590,  348,  106,  455,  724,  307,  486,  210,  299,  322,  457,  448,  319,  460,  439,  473,  261,  311,  324,  212,  545,  576,  621,  686,  494,  642,  585,  660,  323,  411,  260,  657,  699,  447,  585,  647,  523,  363,  543,  251,  114,  266,  206,  332,  580,  406,  506,  337,  183,  610,  597,  272,  329,  391,  525,  424,  557,  315,  233,  555,  368,  185,  441,  597,  664,  488,  591,  659,  718,  241,  339,  500,  666,  674,  435,  423,  420,  358,  718,  175,  466,  299,  183,  232,  693,  404,  249,  343,  613,  409,  210,  559,  588,  285,  655],
        [  393,    0,  762,  391,    0,  309,  107,  778,  643,   93, 1150,  701,  266,  672, 1003,  937, 1186, 1005,  590,  477, 1180, 1026,  139,  600,  751,  511,  623, 1074,  740,  874,  224,  636,  450,  502,  776,  117,  926,  560,  913,  434,  632,  476,  832,  891,  470,  523,  712,  799,  722,  344,  733, 1114,  532,  863,  519,  667,  648,  840,  685,  698,  828,  819,  657,  170,  696,  138,  309,  763,  952,  864, 1075,  699,  958,  903, 1001,  713,   22,  576, 1048, 1088,  626,  947,  947,  909,  734,  933,  576,  314,  241,  582,  124,  955,   16,  792,  384,  392,  992,  806,  604,  331,  772,  915,  781,  936,  173,  580,  921,  635,  402,  723,  971, 1017,  767,  945,  912, 1090,  611,   55,  848, 1012, 1065,  739,  609,  706,  573, 1106,  531,  821,  131,  530,  588, 1081,   95,  193,  730, 1003,  716,  209,  872,  947,  207, 1019],
        [   99,    0,  626,  126,  309,    0,  242,  611,  566,  296,  875,  393,  197,  410,  711,  634,  895,  698,  284,  170,  891,  764,  233,  387,  634,  207,  343,  774,  595,  580,  133,  382,  236,  279,  482,  227,  618,  310,  616,  319,  331,  274,  539,  711,  172,  231,  404,  701,  415,   36,  576,  829,  412,  556,  214,  359,  343,  535,  561,  392,  520,  514,  418,  229,  395,  285,   90,  508,  695,  739,  777,  449,  767,  605,  696,  420,  326,  272,  752,  806,  388,  708,  772,  606,  486,  638,  375,  158,  141,  330,  288,  700,  321,  504,  389,  267,  725,  708,  397,  207,  467,  628,  472,  629,  197,  272,  677,  350,  116,  563,  716,  709,  610,  638,  642,  838,  305,  255,  541,  792,  776,  559,  366,  415,  310,  827,  223,  591,  254,  221,  358,  801,  298,  135,  457,  718,  418,  189,  684,  639,  163,  711],
        [  338,    0,  658,  301,  107,  242,    0,  672,  543,   54, 1051,  630,  160,  638,  910,  851, 1092,  937,  524,  400, 1085,  925,  173,  495,  648,  430,  529,  985,  634,  821,  205,  536,  347,  481,  723,   16,  851,  460,  823,  328,  573,  371,  739,  784,  413,  471,  642,  699,  643,  274,  627, 1017,  426,  783,  456,  589,  584,  756,  581,  616,  752,  737,  633,   64,  611,   59,  272,  734,  849,  761,  985,  671,  852,  847,  937,  623,  128,  513,  956,  991,  603,  842,  841,  823,  631,  842,  471,  212,  226,  482,   53,  853,  122,  744,  290,  285,  891,  705,  498,  331,  690,  820,  709,  855,  185,  509,  817,  588,  351,  617,  868,  948,  661,  876,  875,  986,  533,   77,  780,  906,  970,  632,  583,  656,  537, 1008,  456,  716,   33,  456,  484,  983,  173,  166,  632,  907,  660,  104,  765,  876,  202,  946],
        [  642,    0,   81,  488,  778,  611,  672,    0,  226,  696,  541,  617,  516,  847,  527,  578,  646,  813,  619,  540,  631,  401,  796,  233,  126,  511,  382,  631,   64,  843,  730,  297,  376,  821,  783,  663,  685,  331,  518,  344,  674,  338,  447,  114,  644,  681,  621,  188,  550,  593,   49,  559,  250,  600,  618,  552,  650,  553,  128,  520,  625,  561,  894,  609,  484,  651,  698,  927,  333,  159,  619,  896,  186,  831,  837,  431,  799,  634,  582,  528,  877,  269,  170,  564,  246,  515,  238,  489,  744,  323,  665,  330,  793,  824,  440,  389,  394,  191,  220,  816,  536,  448,  641,  635,  776,  577,  268,  750,  661,   56,  336,  807,   28,  752,  984,  412,  528,  742,  708,  274,  549,   58,  852,  766,  786,  525,  546,  184,  648,  562,  272,  511,  832,  711,  335,  482,  731,  574,  104,  737,  756,  765],
        [  628,    0,  161,  465,  643,  566,  543,  226,    0,  553,  762,  710,  410,  894,  723,  749,  860,  959,  675,  560,  846,  620,  696,  295,  128,  546,  471,  825,  163,  949,  659,  396,  357,  823,  872,  539,  834,  384,  692,  247,  737,  322,  609,  324,  657,  708,  717,  158,  660,  561,  183,  772,  159,  746,  650,  643,  721,  700,  100,  626,  756,  700,  929,  482,  594,  507,  655,  986,  548,  233,  816,  942,  396,  947,  977,  554,  663,  684,  779,  741,  906,  492,  362,  730,  401,  695,  276,  414,  677,  389,  521,  546,  657,  910,  265,  301,  608,  164,  281,  768,  665,  635,  755,  795,  687,  634,  486,  803,  649,  187,  554,  957,  200,  893, 1073,  637,  602,  619,  831,  497,  755,  234,  881,  837,  814,  742,  587,  388,  514,  602,  334,  725,  715,  630,  477,  685,  811,  462,  325,  881,  678,  924],
        [  391,    0,  676,  350,   93,  296,   54,  696,  553,    0, 1093,  683,  196,  690,  957,  901, 1137,  990,  577,  452, 1130,  965,  201,  531,  663,  482,  576, 1033,  655,  874,  251,  578,  388,  530,  776,   69,  903,  503,  872,  353,  626,  409,  787,  809,  466,  524,  694,  709,  694,  328,  650, 1062,  448,  834,  509,  641,  638,  806,  598,  667,  804,  788,  683,   96,  661,   47,  322,  784,  889,  776, 1033,  722,  878,  900,  990,  671,  112,  567, 1004, 1035,  653,  878,  865,  873,  671,  890,  505,  255,  272,  525,   32,  892,  106,  797,  292,  315,  932,  716,  533,  374,  740,  866,  762,  906,  221,  561,  854,  641,  404,  641,  907, 1001,  684,  928,  927, 1024,  584,   93,  833,  938, 1016,  660,  633,  708,  588, 1051,  508,  751,   54,  509,  523, 1027,  180,  212,  676,  952,  713,  146,  793,  928,  244,  998],
        [  840,    0,  618,  764, 1150,  875, 1051,  541,  762, 1093,    0,  595,  898,  851,  202,  333,  134,  550,  685,  718,  116,  142, 1107,  575,  663,  677,  533,  237,  603,  697, 1006,  516,  705,  934,  703, 1037,  462,  591,  304,  775,  701,  687,  348,  477,  792,  785,  589,  709,  523,  842,  579,   85,  722,  432,  737,  574,  667,  413,  662,  524,  490,  440,  917,  998,  504, 1056,  934,  883,  219,  637,  219,  889,  429,  658,  584,  462, 1171,  708,  205,   85,  916,  272,  482,  350,  426,  278,  604,  840, 1010,  569, 1067,  219, 1165,  738,  916,  793,  164,  709,  578, 1030,  466,  255,  549,  395, 1072,  662,  276,  772,  849,  575,  209,  531,  568,  524,  849,  151,  604, 1101,  559,  310,  142,  529,  900,  737,  852,   55,  680,  380, 1039,  691,  573,   80, 1167, 1008,  422,  166,  692,  949,  458,  504, 1037,  474],
        [  313,    0,  676,  350,  701,  393,  630,  617,  710,  683,  595,    0,  531,  265,  398,  283,  569,  308,  115,  232,  571,  533,  607,  418,  707,  211,  242,  426,  641,  240,  497,  325,  394,  345,  167,  615,  229,  327,  293,  532,  107,  413,  261,  668,  241,  209,   12,  783,   80,  358,  610,  526,  566,  185,  186,   68,   74,  186,  649,  100,  135,  159,  328,  603,  136,  664,  410,  323,  492,  775,  434,  309,  692,  244,  311,  194,  717,  134,  420,  513,  323,  548,  722,  258,  380,  319,  435,  463,  491,  321,  670,  499,  713,  208,  670,  505,  490,  788,  433,  473,  131,  348,   81,  254,  566,  122,  514,  178,  311,  596,  515,  318,  633,  246,  369,  622,  116,  647,  152,  653,  465,  561,  306,  159,  258,  541,  177,  486,  636,  174,  377,  516,  679,  516,  294,  431,  118,  553,  634,  247,  526,  319],
        [  290,    0,  508,  182,  266,  197,  160,  516,  410,  196,  898,  531,    0,  601,  767,  720,  946,  837,  439,  302,  938,  769,  289,  336,  503,  321,  388,  848,  482,  746,  254,  383,  194,  475,  651,  149,  738,  309,  686,  175,  496,  214,  599,  627,  353,  414,  542,  560,  527,  213,  473,  869,  276,  662,  379,  479,  499,  630,  433,  497,  639,  615,  613,  101,  485,  159,  272,  699,  693,  615,  847,  642,  694,  764,  841,  487,  288,  434,  816,  842,  585,  683,  685,  693,  475,  704,  311,   70,  274,  331,  170,  696,  282,  678,  195,  127,  736,  567,  339,  374,  567,  675,  605,  732,  278,  413,  658,  532,  310,  462,  711,  844,  507,  772,  826,  829,  422,  227,  681,  747,  825,  474,  561,  591,  503,  857,  356,  556,  143,  361,  327,  833,  317,  222,  483,  759,  585,   59,  608,  769,  270,  835],
        [  312,    0,  895,  448,  672,  410,  638,  847,  894,  690,  851,  265,  601,    0,  650,  524,  808,  427,  229,  336,  812,  797,  545,  625,  919,  350,  467,  657,  860,  243,  448,  551,  542,  179,  169,  624,  422,  524,  548,  673,  176,  574,  525,  913,  252,  193,  269,  995,  344,  389,  831,  777,  738,  422,  245,  312,  205,  439,  853,  358,  364,  412,   67,  637,  393,  688,  368,   98,  756, 1001,  669,   49,  944,  287,  407,  451,  682,  215,  663,  767,   76,  810,  970,  504,  626,  574,  633,  546,  432,  528,  688,  764,  680,  156,  782,  631,  754, 1001,  640,  359,  394,  610,  303,  475,  504,  271,  776,   97,  294,  817,  779,  446,  858,  394,  241,  886,  321,  623,  313,  914,  715,  790,   75,  115,  102,  796,  309,  738,  656,  294,  583,  773,  616,  482,  547,  689,  160,  598,  880,  408,  467,  479],
        [  664,    0,  607,  612, 1003,  711,  910,  527,  723,  957,  202,  398,  767,  650,    0,  132,  184,  369,  495,  546,  181,  197,  944,  476,  651,  506,  382,  104,  582,  499,  839,  392,  576,  741,  501,  895,  266,  460,  105,  673,  504,  567,  173,  504,  608,  595,  391,  713,  329,  677,  552,  129,  643,  230,  552,  384,  471,  213,  628,  336,  288,  240,  716,  863,  322,  924,  761,  681,  216,  660,   94,  688,  484,  462,  402,  292, 1023,  517,   56,  118,  716,  298,  533,  148,  331,   80,  506,  702,  839,  439,  934,  222, 1018,  537,  822,  678,  167,  715,  484,  848,  271,   94,  348,  198,  906,  476,  278,  573,  670,  544,  228,  354,  553,  333,  653,  277,  422,  951,  358,  387,   68,  495,  701,  536,  655,  148,  502,  344,  903,  511,  461,  126, 1008,  845,  288,   59,  491,  812,  476,  312,  869,  298],
        [  574,    0,  655,  551,  937,  634,  851,  578,  749,  901,  333,  283,  720,  524,  132,    0,  287,  253,  390,  465,  290,  316,  864,  473,  697,  428,  336,  144,  626,  368,  755,  375,  539,  627,  371,  836,  138,  429,   62,  655,  389,  539,  140,  579,  511,  489,  274,  765,  226,  599,  594,  255,  645,  103,  454,  284,  357,  102,  661,  243,  161,  127,  590,  810,  242,  873,  673,  551,  313,  725,  152,  560,  573,  332,  284,  235,  956,  411,  139,  249,  593,  391,  618,   29,  348,   74,  501,  652,  753,  411,  881,  320,  951,  406,  806,  649,  279,  768,  483,  750,  170,  143,  223,   71,  824,  378,  365,  453,  577,  583,  330,  242,  602,  208,  523,  402,  332,  884,  227,  491,  193,  536,  579,  410,  538,  279,  414,  400,  849,  420,  447,  257,  932,  767,  276,  183,  366,  759,  548,  188,  785,  192],
        [  847,    0,  726,  795, 1186,  895, 1092,  646,  860, 1137,  134,  569,  946,  808,  184,  287,    0,  458,  672,  730,   18,  250, 1128,  641,  771,  690,  563,  153,  707,  626, 1022,  566,  754,  914,  649, 1077,  394,  637,  284,  842,  676,  741,  356,  595,  789,  773,  561,  823,  506,  860,  680,   88,  801,  389,  732,  563,  643,  384,  761,  517,  447,  411,  874, 1043,  505, 1104,  944,  826,  314,  756,  140,  841,  554,  582,  493,  476, 1206,  694,  150,  119,  878,  383,  606,  312,  492,  260,  671,  883, 1023,  616, 1114,  317, 1200,  679,  988,  852,  253,  823,  647, 1029,  448,  272,  509,  335, 1090,  656,  379,  740,  852,  674,  312,  438,  673,  446,  772,  282,  604, 1134,  500,  437,  122,  626,  865,  694,  825,  124,  684,  472, 1084,  693,  632,  136, 1192, 1029,  463,  189,  650,  992,  573,  426, 1053,  382],
        [  612,    0,  886,  656, 1005,  698,  937,  813,  959,  990,  550,  308,  837,  427,  369,  253,  458,    0,  415,  540,  469,  564,  902,  667,  925,  517,  499,  314,  855,  193,  793,  565,  685,  583,  261,  922,  128,  596,  313,  818,  376,  697,  367,  826,  537,  490,  297,  997,  317,  664,  822,  466,  833,  215,  486,  359,  357,  262,  881,  351,  207,  259,  487,  911,  375,  972,  704,  407,  566,  966,  332,  443,  824,  145,   35,  406, 1020,  429,  347,  472,  502,  644,  868,  257,  571,  327,  691,  768,  784,  583,  978,  573, 1016,  273,  964,  799,  530, 1001,  680,  746,  297,  395,  232,  185,  860,  430,  617,  399,  606,  810,  583,   22,  835,   67,  319,  646,  416,  951,  158,  744,  411,  766,  498,  331,  486,  501,  485,  642,  943,  482,  632,  485,  975,  816,  486,  427,  303,  861,  794,   78,  820,   77],
        [  200,    0,  667,  262,  590,  284,  524,  619,  675,  577,  685,  115,  439,  229,  495,  390,  672,  415,    0,  138,  672,  606,  493,  398,  692,  134,  240,  533,  632,  308,  383,  323,  332,  251,  214,  509,  343,  297,  390,  470,   63,  359,  339,  687,  127,  101,  126,  769,  166,  250,  603,  622,  522,  296,   72,  112,   62,  289,  628,  162,  249,  263,  278,  502,  187,  562,  295,  313,  555,  773,  541,  278,  722,  327,  413,  241,  606,   23,  523,  606,  264,  599,  745,  363,  402,  416,  407,  373,  377,  300,  566,  562,  602,  246,  596,  434,  563,  774,  413,  361,  225,  432,  194,  367,  451,   42,  565,  133,  196,  589,  578,  427,  630,  356,  405,  693,   97,  536,  259,  701,  562,  562,  242,  165,  180,  632,   91,  516,  532,   81,  356,  607,  565,  403,  329,  520,  148,  455,  654,  359,  411,  432],
        [  124,    0,  576,  124,  477,  170,  400,  540,  560,  452,  718,  232,  302,  336,  546,  465,  730,  540,  138,    0,  726,  616,  400,  308,  595,   42,  199,  605,  542,  446,  293,  263,  206,  282,  352,  385,  452,  210,  448,  340,  198,  239,  376,  624,  105,  148,  243,  670,  246,  135,  516,  667,  403,  387,   91,  191,  198,  366,  526,  223,  353,  344,  369,  371,  226,  433,  217,  430,  553,  687,  609,  383,  670,  462,  542,  257,  494,  136,  585,  645,  347,  579,  685,  437,  361,  471,  309,  236,  294,  221,  438,  559,  490,  382,  460,  300,  576,  676,  322,  317,  297,  467,  310,  460,  361,  112,  546,  249,  137,  502,  575,  549,  546,  477,  537,  696,  135,  423,  383,  673,  612,  483,  322,  297,  255,  668,   56,  475,  404,   60,  269,  642,  467,  303,  312,  558,  285,  322,  594,  476,  324,  546],
        [  844,    0,  711,  789, 1180,  891, 1085,  631,  846, 1130,  116,  571,  938,  812,  181,  290,   18,  469,  672,  726,    0,  234, 1124,  631,  756,  686,  557,  160,  692,  634, 1019,  558,  746,  915,  654, 1071,  401,  630,  283,  832,  677,  733,  352,  579,  788,  773,  562,  807,  506,  856,  666,   75,  789,  392,  731,  562,  644,  385,  747,  516,  450,  412,  878, 1036,  502, 1096,  941,  832,  300,  740,  145,  846,  537,  591,  503,  471, 1200,  694,  152,  106,  882,  367,  590,  313,  481,  258,  661,  876, 1020,  608, 1107,  302, 1195,  685,  978,  843,  239,  808,  636, 1028,  448,  265,  512,  340, 1086,  655,  364,  742,  850,  660,  297,  449,  658,  455,  781,  265,  602, 1128,  506,  420,  116,  612,  868,  698,  827,  108,  682,  459, 1077,  691,  622,  121, 1188, 1025,  456,  180,  654,  985,  557,  435, 1049,  392],
        [  740,    0,  479,  647, 1026,  764,  925,  401,  620,  965,  142,  533,  769,  797,  197,  316,  250,  564,  606,  616,  234,    0,  993,  440,  524,  575,  422,  283,  463,  679,  896,  391,  578,  856,  664,  912,  454,  467,  266,  639,  633,  556,  273,  345,  700,  703,  529,  574,  454,  732,  438,  165,  582,  399,  649,  497,  599,  366,  521,  447,  452,  391,  860,  870,  420,  926,  830,  842,   78,  506,  266,  839,  308,  646,  596,  369, 1047,  628,  235,  137,  855,  134,  360,  322,  295,  245,  468,  714,  902,  445,  938,   77, 1042,  703,  777,  659,   44,  574,  441,  932,  404,  190,  503,  386,  959,  577,  134,  710,  751,  434,   67,  549,  428,  523,  834,   90,  517,  978,  532,  198,  178,  387,  836,  686,  782,  127,  585,  238,  911,  598,  442,  118, 1050,  895,  307,  138,  641,  822,  323,  503,  927,  494],
        [  295,    0,  794,  346,  139,  233,  173,  796,  696,  201, 1107,  607,  289,  545,  944,  864, 1128,  902,  493,  400, 1124,  993,    0,  591,  791,  439,  575, 1005,  767,  758,  111,  605,  434,  371,  662,  170,  836,  531,  847,  462,  526,  468,  772,  904,  368,  413,  619,  848,  641,  268,  755, 1062,  563,  781,  422,  583,  547,  763,  720,  621,  740,  740,  524,  223,  626,  230,  199,  633,  922,  902, 1008,  569,  967,  792,  895,  653,  143,  476,  984, 1038,  494,  928,  963,  836,  708,  870,  573,  308,  119,  551,  220,  926,  143,  674,  456,  411,  955,  855,  598,  194,  695,  861,  687,  853,   43,  491,  899,  518,  298,  743,  942,  916,  789,  846,  784, 1064,  532,  109,  749, 1005, 1009,  750,  479,  590,  448, 1059,  450,  807,  205,  445,  570, 1034,   74,   99,  687,  951,  605,  234,  881,  851,   83,  925],
        [  410,    0,  271,  261,  600,  387,  495,  233,  295,  531,  575,  418,  336,  625,  476,  473,  641,  667,  398,  308,  631,  440,  591,    0,  295,  281,  177,  572,  236,  655,  513,  103,  157,  589,  582,  483,  544,  102,  422,  201,  457,  125,  334,  326,  412,  451,  424,  371,  365,  366,  209,  558,  173,  456,  389,  351,  437,  412,  232,  331,  462,  409,  668,  436,  299,  490,  472,  710,  363,  380,  566,  674,  381,  652,  684,  261,  621,  410,  531,  529,  649,  348,  387,  450,  151,  431,   30,  289,  525,   99,  502,  365,  615,  622,  348,  220,  411,  377,   15,  589,  371,  383,  461,  511,  565,  356,  324,  530,  429,  194,  379,  666,  239,  601,  784,  495,  315,  556,  536,  416,  524,  177,  624,  554,  557,  539,  318,  222,  478,  334,   43,  517,  637,  499,  198,  454,  524,  391,  298,  590,  540,  636],
        [  682,    0,   46,  519,  751,  634,  648,  126,  128,  663,  663,  707,  503,  919,  651,  697,  771,  925,  692,  595,  756,  524,  791,  295,    0,  572,  466,  755,   71,  940,  740,  382,  405,  871,  873,  642,  798,  396,  637,  330,  752,  366,  562,  203,  697,  741,  712,   77,  646,  622,  103,  684,  229,  711,  680,  640,  731,  664,   73,  614,  730,  669,  961,  585,  579,  617,  723, 1005,  458,  113,  743,  968,  273,  932,  947,  531,  772,  705,  706,  653,  940,  392,  236,  681,  355,  636,  287,  493,  757,  393,  632,  455,  766,  913,  383,  382,  519,   82,  280,  840,  640,  571,  740,  751,  777,  650,  393,  824,  702,  116,  460,  920,   99,  862, 1075,  530,  608,  722,  811,  381,  674,  161,  915,  848,  848,  649,  611,  308,  620,  627,  337,  636,  816,  716,  441,  607,  816,  559,  210,  848,  763,  881],
        [  166,    0,  551,  140,  511,  207,  430,  511,  546,  482,  677,  211,  321,  350,  506,  428,  690,  517,  134,   42,  686,  575,  439,  281,  572,    0,  159,  567,  516,  436,  333,  226,  199,  314,  345,  414,  422,  180,  409,  337,  197,  227,  335,  591,  138,  171,  222,  648,  214,  172,  490,  626,  391,  354,  109,  161,  189,  330,  505,  187,  323,  309,  389,  397,  188,  459,  258,  440,  512,  660,  570,  398,  635,  449,  521,  216,  529,  139,  545,  604,  369,  539,  651,  400,  323,  431,  285,  253,  335,  189,  466,  518,  524,  379,  466,  302,  534,  654,  295,  358,  262,  426,  285,  426,  401,   98,  506,  258,  177,  475,  534,  525,  519,  452,  538,  655,  103,  457,  361,  634,  571,  454,  344,  298,  277,  626,   43,  438,  432,   56,  240,  601,  505,  341,  271,  517,  280,  346,  560,  450,  364,  518],
        [  322,    0,  436,  233,  623,  343,  529,  382,  471,  576,  533,  242,  388,  467,  382,  336,  563,  499,  240,  199,  557,  422,  575,  177,  466,  159,    0,  460,  401,  479,  476,   85,  203,  466,  408,  514,  381,   98,  299,  325,  293,  205,  212,  448,  294,  315,  248,  542,  189,  311,  371,  491,  336,  296,  253,  175,  269,  256,  407,  155,  292,  247,  518,  482,  125,  544,  409,  546,  356,  538,  459,  516,  485,  476,  513,  103,  643,  257,  429,  467,  503,  381,  506,  310,  167,  316,  196,  322,  480,   85,  553,  361,  638,  448,  474,  314,  382,  547,  192,  514,  204,  292,  285,  359,  540,  199,  348,  370,  335,  356,  378,  500,  395,  432,  610,  499,  147,  572,  361,  476,  442,  325,  479,  385,  414,  486,  181,  282,  522,  196,  138,  461,  635,  476,  115,  380,  352,  431,  415,  423,  506,  477],
        [  717,    0,  711,  685, 1074,  774,  985,  631,  825, 1033,  237,  426,  848,  657,  104,  144,  153,  314,  533,  605,  160,  283, 1005,  572,  755,  567,  460,    0,  686,  474,  897,  483,  660,  769,  496,  970,  242,  546,  162,  765,  531,  655,  249,  606,  654,  633,  416,  817,  370,  739,  656,  153,  741,  242,  597,  427,  499,  245,  731,  385,  298,  271,  723,  941,  380, 1003,  815,  673,  315,  763,   19,  689,  582,  432,  349,  363, 1093,  555,   51,  164,  728,  396,  632,  171,  431,  145,  601,  781,  895,  526, 1012,  321, 1088,  527,  916,  767,  262,  818,  580,  893,  312,  192,  361,  183,  965,  521,  379,  591,  720,  647,  324,  295,  657,  296,  622,  351,  474, 1021,  348,  479,  107,  598,  715,  543,  678,  192,  556,  448,  980,  563,  553,  181, 1072,  908,  378,  155,  500,  890,  578,  276,  927,  238],
        [  635,    0,   36,  476,  740,  595,  634,   64,  163,  655,  603,  641,  482,  860,  582,  626,  707,  855,  632,  542,  692,  463,  767,  236,   71,  516,  401,  686,    0,  873,  709,  317,  361,  821,  808,  627,  727,  337,  567,  308,  690,  323,  491,  167,  645,  686,  646,  144,  578,  581,   33,  619,  209,  641,  624,  575,  668,  593,   67,  547,  661,  599,  904,  571,  512,  610,  684,  943,  393,  146,  675,  909,  240,  864,  877,  462,  761,  645,  638,  588,  884,  332,  214,  611,  284,  566,  233,  463,  724,  333,  624,  391,  755,  848,  389,  357,  454,  149,  222,  802,  571,  501,  672,  680,  750,  590,  330,  764,  655,   46,  398,  850,   38,  792, 1010,  476,  545,  707,  742,  335,  607,   90,  860,  785,  793,  586,  554,  240,  609,  569,  277,  572,  799,  687,  371,  539,  752,  540,  163,  777,  733,  810],
        [  484,    0,  907,  569,  874,  580,  821,  843,  949,  874,  697,  240,  746,  243,  499,  368,  626,  193,  308,  446,  634,  679,  758,  655,  940,  436,  479,  474,  873,    0,  653,  559,  629,  412,   99,  806,  236,  566,  413,  767,  251,  651,  430,  882,  409,  352,  232, 1016,  295,  550,  842,  615,  805,  281,  369,  306,  248,  319,  885,  327,  234,  300,  299,  805,  362,  864,  566,  214,  660, 1001,  490,  253,  895,   48,  168,  413,  887,  313,  494,  614,  317,  730,  931,  358,  599,  435,  673,  681,  640,  560,  867,  668,  884,   89,  901,  737,  639, 1021,  670,  586,  312,  492,  203,  302,  716,  338,  698,  241,  473,  828,  681,  214,  861,  181,  156,  767,  353,  821,  148,  836,  555,  790,  317,  169,  318,  644,  396,  695,  832,  387,  615,  624,  831,  682,  510,  550,  163,  759,  848,  200,  677,  258],
        [  185,    0,  738,  256,  224,  133,  205,  730,  659,  251, 1006,  497,  254,  448,  839,  755, 1022,  793,  383,  293, 1019,  896,  111,  513,  740,  333,  476,  897,  709,  653,    0,  514,  358,  281,  556,  194,  725,  442,  741,  414,  417,  394,  668,  834,  258,  305,  509,  804,  532,  165,  693,  958,  513,  671,  312,  474,  437,  655,  668,  512,  630,  631,  435,  228,  519,  262,   89,  540,  827,  849,  901,  476,  893,  685,  787,  549,  235,  366,  877,  936,  405,  840,  895,  727,  618,  764,  498,  248,   22,  462,  258,  832,  233,  570,  444,  361,  857,  811,  522,  129,  586,  758,  577,  743,   69,  382,  810,  413,  188,  680,  849,  807,  727,  737,  688,  971,  424,  176,  639,  922,  904,  680,  387,  484,  349,  957,  341,  722,  231,  336,  487,  932,  183,   40,  590,  848,  498,  214,  809,  741,   31,  814],
        [  380,    0,  352,  260,  636,  382,  536,  297,  396,  578,  516,  325,  383,  551,  392,  375,  566,  565,  323,  263,  558,  391,  605,  103,  382,  226,   85,  483,  317,  559,  514,    0,  190,  539,  491,  522,  442,   77,  327,  283,  377,  176,  238,  367,  364,  392,  330,  459,  266,  354,  287,  487,  273,  354,  329,  259,  354,  310,  326,  234,  360,  307,  600,  483,  199,  541,  458,  630,  318,  454,  478,  599,  409,  554,  582,  159,  657,  339,  445,  459,  583,  326,  427,  352,  104,  339,  128,  324,  522,   55,  553,  322,  651,  532,  434,  287,  356,  464,  116,  569,  269,  298,  362,  410,  574,  281,  296,  454,  396,  272,  338,  564,  310,  499,  693,  459,  231,  588,  436,  414,  446,  240,  560,  470,  494,  474,  256,  214,  524,  271,   73,  450,  660,  509,  105,  378,  436,  434,  335,  488,  544,  535],
        [  277,    0,  394,  115,  450,  236,  347,  376,  357,  388,  705,  394,  194,  542,  576,  539,  754,  685,  332,  206,  746,  578,  434,  157,  405,  199,  203,  660,  361,  629,  358,  190,    0,  469,  541,  334,  575,  117,  500,  139,  395,   39,  412,  477,  301,  352,  403,  476,  369,  220,  342,  676,  198,  493,  297,  332,  386,  456,  333,  335,  480,  444,  574,  293,  315,  352,  324,  635,  503,  506,  658,  589,  536,  637,  695,  305,  471,  336,  626,  649,  550,  499,  538,  513,  284,  516,  141,  137,  370,  138,  363,  506,  465,  576,  279,  115,  544,  483,  165,  441,  398,  484,  458,  559,  409,  294,  472,  454,  298,  328,  522,  690,  375,  618,  736,  641,  278,  403,  536,  572,  633,  324,  525,  496,  458,  664,  241,  375,  335,  253,  139,  640,  482,  343,  291,  566,  476,  244,  452,  612,  385,  672],
        [  196,    0,  855,  359,  502,  279,  481,  821,  823,  530,  934,  345,  475,  179,  741,  627,  914,  583,  251,  282,  915,  856,  371,  589,  871,  314,  466,  769,  821,  412,  281,  539,  469,    0,  324,  468,  552,  491,  636,  584,  239,  507,  589,  904,  178,  154,  354,  944,  413,  270,  796,  869,  665,  528,  214,  362,  272,  530,  800,  412,  473,  503,  155,  490,  437,  535,  213,  263,  803,  966,  778,  198,  948,  452,  568,  489,  510,  228,  764,  854,  124,  841,  965,  603,  633,  662,  588,  433,  263,  502,  533,  809,  509,  324,  667,  534,  813,  950,  602,  181,  470,  682,  411,  592,  331,  280,  808,  186,  175,  782,  826,  601,  827,  540,  415,  942,  341,  456,  448,  941,  808,  764,  109,  253,   98,  880,  286,  748,  503,  271,  550,  855,  441,  319,  569,  769,  285,  459,  873,  550,  296,  624],
        [  386,    0,  843,  475,  776,  482,  723,  783,  872,  776,  703,  167,  651,  169,  501,  371,  649,  261,  214,  352,  654,  664,  662,  582,  873,  345,  408,  496,  808,   99,  556,  491,  541,  324,    0,  708,  257,  488,  404,  680,  155,  566,  400,  832,  311,  254,  163,  949,  238,  452,  777,  625,  724,  272,  272,  233,  156,  299,  814,  264,  215,  274,  233,  708,  301,  766,  468,  181,  635,  941,  510,  195,  852,  131,  245,  357,  789,  217,  507,  618,  244,  698,  885,  354,  544,  429,  598,  586,  544,  485,  769,  643,  786,   42,  809,  647,  623,  954,  597,  493,  270,  475,  163,  315,  620,  248,  665,  145,  375,  763,  657,  280,  799,  225,  203,  754,  271,  723,  149,  804,  563,  728,  238,   73,  228,  648,  304,  647,  735,  294,  541,  626,  735,  584,  457,  546,   67,  662,  798,  240,  580,  310],
        [  323,    0,  650,  286,  117,  227,   16,  663,  539,   69, 1037,  615,  149,  624,  895,  836, 1077,  922,  509,  385, 1071,  912,  170,  483,  642,  414,  514,  970,  627,  806,  194,  522,  334,  468,  708,    0,  835,  447,  808,  320,  557,  359,  725,  775,  398,  456,  626,  694,  627,  259,  619, 1003,  419,  767,  440,  574,  569,  741,  574,  601,  736,  722,  620,   58,  595,   69,  258,  720,  836,  755,  971,  658,  842,  831,  921,  608,  139,  498,  942,  977,  590,  830,  832,  808,  618,  828,  459,  199,  215,  469,   65,  840,  133,  729,  288,  275,  878,  701,  487,  321,  674,  806,  693,  839,  179,  493,  804,  573,  336,  609,  855,  932,  653,  860,  861,  974,  517,   81,  765,  895,  956,  623,  570,  641,  523,  994,  440,  704,   38,  441,  472,  969,  177,  154,  618,  892,  645,   92,  756,  860,  193,  930],
        [  541,    0,  759,  559,  926,  618,  851,  685,  834,  903,  462,  229,  738,  422,  266,  138,  394,  128,  343,  452,  401,  454,  836,  544,  798,  422,  381,  242,  727,  236,  725,  442,  575,  552,  257,  835,    0,  478,  192,  704,  321,  583,  240,  700,  469,  433,  217,  870,  211,  583,  695,  380,  713,   88,  414,  262,  294,  135,  754,  242,  100,  135,  488,  818,  261,  881,  638,  432,  447,  838,  256,  451,  701,  197,  153,  284,  943,  361,  259,  379,  496,  523,  743,  135,  443,  210,  569,  669,  719,  464,  887,  455,  939,  286,  852,  689,  416,  873,  556,  697,  178,  275,  149,   69,  794,  347,  494,  368,  539,  683,  465,  124,  707,   71,  388,  539,  319,  872,  110,  625,  320,  638,  486,  311,  457,  409,  396,  515,  854,  397,  511,  390,  907,  744,  359,  320,  271,  768,  668,   53,  754,   98],
        [  319,    0,  372,  186,  560,  310,  460,  331,  384,  503,  591,  327,  309,  524,  460,  429,  637,  596,  297,  210,  630,  467,  531,  102,  396,  180,   98,  546,  337,  566,  442,   77,  117,  491,  488,  447,  478,    0,  387,  228,  358,  110,  298,  416,  314,  350,  334,  472,  283,  284,  310,  560,  242,  393,  288,  260,  339,  353,  331,  249,  389,  344,  567,  408,  221,  468,  390,  610,  393,  481,  543,  573,  466,  566,  609,  199,  581,  310,  511,  533,  548,  399,  477,  404,  178,  402,  111,  249,  451,   22,  478,  397,  575,  527,  378,  222,  432,  477,  116,  504,  301,  367,  378,  456,  500,  256,  369,  429,  336,  295,  413,  598,  339,  529,  689,  534,  218,  512,  455,  482,  516,  274,  523,  456,  456,  548,  217,  281,  449,  233,   61,  524,  584,  434,  174,  450,  428,  358,  387,  520,  471,  574],
        [  564,    0,  595,  523,  913,  616,  823,  518,  692,  872,  304,  293,  686,  548,  105,   62,  284,  313,  390,  448,  283,  266,  847,  422,  637,  409,  299,  162,  567,  413,  741,  327,  500,  636,  404,  808,  192,  387,    0,  610,  400,  496,   90,  518,  505,  491,  286,  705,  225,  581,  535,  234,  594,  134,  449,  280,  366,  109,  603,  233,  190,  136,  613,  779,  223,  841,  661,  584,  255,  664,  163,  587,  513,  381,  342,  201,  932,  413,  137,  221,  613,  332,  557,   58,  291,   26,  451,  620,  740,  368,  850,  263,  927,  441,  761,  608,  227,  708,  432,  745,  166,   84,  246,  128,  809,  372,  305,  469,  568,  524,  274,  302,  542,  263,  568,  354,  320,  860,  267,  434,  173,  477,  597,  434,  550,  249,  401,  339,  819,  409,  399,  225,  914,  750,  225,  143,  389,  728,  486,  244,  771,  253],
        [  388,    0,  333,  228,  434,  319,  328,  344,  247,  353,  775,  532,  175,  673,  673,  655,  842,  818,  470,  340,  832,  639,  462,  201,  330,  337,  325,  765,  308,  767,  414,  283,  139,  584,  680,  320,  704,  228,  610,    0,  532,  122,  520,  457,  426,  482,  541,  390,  502,  317,  300,  759,  102,  620,  430,  469,  524,  580,  259,  468,  612,  571,  701,  265,  444,  309,  408,  769,  561,  441,  761,  720,  526,  775,  830,  426,  456,  473,  726,  729,  675,  537,  513,  630,  352,  622,  172,  167,  432,  244,  323,  563,  449,  715,  151,   54,  611,  397,  198,  522,  527,  579,  594,  683,  448,  433,  517,  588,  409,  290,  576,  822,  334,  751,  874,  687,  417,  399,  672,  589,  723,  307,  650,  633,  585,  740,  379,  410,  304,  390,  213,  718,  491,  388,  388,  654,  615,  233,  440,  744,  435,  800],
        [  239,    0,  725,  322,  632,  331,  573,  674,  737,  626,  701,  107,  496,  176,  504,  389,  676,  376,   63,  198,  677,  633,  526,  457,  752,  197,  293,  531,  690,  251,  417,  377,  395,  239,  155,  557,  321,  358,  400,  532,    0,  422,  361,  738,  163,  115,  115,  828,  180,  300,  661,  633,  584,  290,  119,  139,   34,  293,  688,  188,  236,  266,  232,  555,  220,  614,  329,  254,  588,  830,  540,  224,  769,  274,  370,  277,  646,   63,  526,  619,  224,  637,  795,  365,  450,  426,  468,  432,  408,  359,  617,  595,  643,  185,  657,  496,  590,  833,  472,  376,  236,  452,  175,  355,  484,  103,  603,   80,  231,  646,  611,  391,  687,  322,  342,  721,  147,  578,  225,  741,  572,  617,  204,  102,  151,  647,  154,  563,  583,  143,  415,  622,  599,  442,  372,  536,   89,  509,  705,  328,  444,  403],
        [  316,    0,  355,  154,  476,  274,  371,  338,  322,  409,  687,  413,  214,  574,  567,  539,  741,  697,  359,  239,  733,  556,  468,  125,  366,  227,  205,  655,  323,  651,  394,  176,   39,  507,  566,  359,  583,  110,  496,  122,  422,    0,  407,  440,  337,  386,  422,  438,  381,  258,  303,  662,  165,  500,  329,  349,  411,  460,  295,  347,  491,  451,  608,  314,  324,  370,  362,  666,  480,  468,  652,  622,  501,  656,  709,  307,  497,  366,  618,  633,  585,  471,  501,  513,  262,  510,  106,  164,  408,  129,  382,  483,  491,  602,  270,  112,  524,  445,  131,  480,  406,  473,  473,  564,  443,  321,  446,  484,  336,  289,  498,  701,  336,  630,  762,  616,  299,  431,  552,  540,  621,  287,  560,  523,  493,  647,  270,  346,  356,  283,  114,  624,  512,  378,  280,  553,  502,  268,  416,  623,  421,  680],
        [  496,    0,  522,  441,  832,  539,  739,  447,  609,  787,  348,  261,  599,  525,  173,  140,  356,  367,  339,  376,  352,  273,  772,  334,  562,  335,  212,  249,  491,  430,  668,  238,  412,  589,  400,  725,  240,  298,   90,  520,  361,  407,    0,  462,  444,  439,  257,  633,  182,  505,  459,  292,  506,  158,  390,  228,  328,  113,  524,  178,  197,  130,  588,  694,  156,  755,  592,  574,  236,  599,  248,  568,  468,  406,  392,  120,  851,  362,  217,  271,  583,  301,  507,  121,  210,  105,  362,  534,  669,  278,  765,  244,  846,  440,  671,  519,  230,  636,  344,  683,  132,   94,  238,  189,  735,  314,  269,  437,  503,  448,  258,  361,  470,  308,  583,  362,  257,  779,  283,  407,  237,  402,  564,  415,  511,  296,  334,  276,  733,  344,  310,  270,  836,  674,  137,  184,  371,  642,  429,  292,  698,  319],
