{
    "name": "random-57-2590",
    "comment": "size=57 seed=2590",
    "nodes": ["+0", "-0", "+1", "-1", "+2", "-2", "+3", "-3", "+4", "-4", "+5", "-5", "+6", "-6", "+7", "-7", "+8", "-8", "+9", "-9", "+10", "-10", "+11", "-11", "+12", "-12", "+13", "-13", "+14", "-14", "+15", "-15", "+16", "-16", "+17", "-17", "+18", "-18", "+19", "-19", "+20", "-20", "+21", "-21", "+22", "-22", "+23", "-23", "+24", "-24", "+25", "-25", "+26", "-26", "+27", "-27", "+28", "-28", "+29", "-29", "+30", "-30", "+31", "-31", "+32", "-32", "+33", "-33", "+34", "-34", "+35", "-35", "+36", "-36", "+37", "-37", "+38", "-38", "+39", "-39", "+40", "-40", "+41", "-41", "+42", "-42", "+43", "-43", "+44", "-44", "+45", "-45", "+46", "-46", "+47", "-47", "+48", "-48", "+49", "-49", "+50", "-50", "+51", "-51", "+52", "-52", "+53", "-53", "+54", "-54", "+55", "-55", "+56", "-56", "+57", "-57"],
    "precedence": {
        "+0": "-0",
        "+1": "-1",
        "+2": "-2",
        "+3": "-3",
        "+4": "-4",
        "+5": "-5",
        "+6": "-6",
        "+7": "-7",
        "+8": "-8",
        "+9": "-9",
        "+10": "-10",
        "+11": "-11",
        "+12": "-12",
        "+13": "-13",
        "+14": "-14",
        "+15": "-15",
        "+16": "-16",
        "+17": "-17",
        "+18": "-18",
        "+19": "-19",
        "+20": "-20",
        "+21": "-21",
        "+22": "-22",
        "+23": "-23",
        "+24": "-24",
        "+25": "-25",
        "+26": "-26",
        "+27": "-27",
        "+28": "-28",
        "+29": "-29",
        "+30": "-30",
        "+31": "-31",
        "+32": "-32",
        "+33": "-33",
        "+34": "-34",
        "+35": "-35",
        "+36": "-36",
        "+37": "-37",
        "+38": "-38",
        "+39": "-39",
        "+40": "-40",
        "+41": "-41",
        "+42": "-42",
        "+43": "-43",
        "+44": "-44",
        "+45": "-45",
        "+46": "-46",
        "+47": "-47",
        "+48": "-48",
        "+49": "-49",
        "+50": "-50",
        "+51": "-51",
        "+52": "-52",
        "+53": "-53",
        "+54": "-54",
        "+55": "-55",
        "+56": "-56",
        "+57": "-57"
    },
    "edges": [
        [    0,    0,  466,  639,  515,  796, 1090,  215,  334,  782,  631, 1053,  694,  407,  544,  778,  720,  717,  852,  664,  420,  204,  532,  752,  685,  166,  934,  742, 1225,  540,   77,  766,  413,  799,  654,  314,  625,  648,  338,  810,  561,  457,  662,  901, 1005,  780,  811,  856,  914,  596,  530,  679,  333, 1086,  856,  728,  451,  883,  440,  972,  389,  915,  278,   29,  641,  869,  796,  137,  703,  419,  476,  619,  360,  882,  846,  579,  220,  447,  407,  719,  727,  368,  223,  567,  720,  130,  256, 1187, 1093,  325,  724,  175,  194, 1138,  882,  621,  893,  551,  497, 1031,  596,  759,  702,  640,  879,  906, 1101,  336,  935,  884,  314,  943,  392,  901,  324, 1163],
        [    0,    0,    0,    0,    0,    0,    0,    0,    0,    0,    0,    0,    0,    0,    0,    0,    0,    0,    0,    0,    0,    0,    0,    0,    0,    0,    0,    0,    0,    0,    0,    0,    0,    0,    0,    0,    0,    0,    0,    0,    0,    0,    0,    0,    0,    0,    0,    0,    0,    0,    0,    0,    0,    0,    0,    0,    0,    0,    0,    0,    0,    0,    0,    0,    0,    0,    0,    0,    0,    0,    0,    0,    0,    0,    0,    0,    0,    0,    0,    0,    0,    0,    0,    0,    0,    0,    0,    0,    0,    0,    0,    0,    0,    0,    0,    0,    0,    0,    0,    0,    0,    0,    0,    0,    0,    0,    0,    0,    0,    0,    0,    0,    0,    0,    0,    0],
        [  466,    0,    0,  190,   62,  612,  625,  455,  191,  601,  313,  642,  472,   66,  150,  526,  283,  257,  389,  314,  408,  348,  333,  288,  221,  357,  469,  396,  768,  272,  539,  399,  128,  348,  395,  184,  355,  191,  157,  382,  281,  371,  210,  439,  583,  321,  359,  390,  731,  198,  151,  494,  166,  620,  726,  270,   31,  418,  294,  592,  134,  467,  314,  474,  282,  439,  334,  355,  454,   48,   20,  322,  315,  673,  637,  202,  368,   55,  207,  454,  390,  348,  310,  123,  480,  545,  307,  730,  665,  288,  271,  502,  284,  676,  475,  156,  487,   90,  113,  568,  284,  485,  431,  229,  475,  621,  651,  306,  565,  699,  223,  514,  280,  514,  300,  705],
        [  639,    0,  190,    0,  178,  712,  477,  645,  320,  703,  399,  589,  398,  256,  117,  604,   95,   87,  218,  376,  582,  488,  321,  182,   75,  507,  331,  439,  641,  245,  714,  245,  235,  274,  319,  374,  285,   29,  304,  194,  239,  406,  184,  315,  522,  143,  173,  251,  820,  266,  134,  609,  356,  463,  836,  195,  217,  269,  336,  573,  319,  279,  432,  650,  168,  384,  224,  538,  369,  233,  190,  245,  496,  755,  724,  287,  558,  236,  381,  538,  259,  424,  499,  182,  394,  729,  497,  606,  589,  391,  210,  690,  467,  542,  292,   69,  456,  103,  150,  395,  214,  377,  516,   83,  293,  669,  544,  491,  559,  791,  350,  451,  349,  338,  486,  579],
        [  515,    0,   62,  178,    0,  570,  577,  482,  253,  560,  263,  580,  510,  108,  179,  477,  272,  227,  354,  258,  405,  408,  382,  238,  188,  414,  420,  339,  713,  315,  586,  410,  188,  290,  431,  215,  392,  170,  218,  370,  321,  428,  152,  387,  522,  291,  335,  343,  687,  140,  185,  457,  196,  575,  688,  214,   65,  372,  351,  530,  149,  442,  375,  520,  304,  377,  282,  396,  489,  102,   44,  356,  320,  626,  592,  148,  396,   70,  204,  406,  410,  409,  341,   61,  516,  585,  332,  675,  604,  350,  213,  534,  326,  624,  469,  125,  425,   81,  154,  530,  318,  514,  383,  237,  471,  566,  594,  316,  504,  655,  285,  453,  339,  514,  312,  650],
        [  796,    0,  612,  712,  570,    0,  810,  605,  752,   14,  314,  522, 1080,  593,  748,  125,  788,  704,  758,  340,  379,  834,  944,  613,  671,  814,  705,  302,  821,  883,  826,  957,  727,  551, 1001,  567,  962,  689,  710,  868,  890,  968,  540,  659,  529,  745,  796,  681,  124,  448,  754,  125,  561,  841,  129,  571,  587,  712,  894,  406,  529,  877,  846,  779,  867,  499,  616,  669, 1059,  616,  595,  925,  442,   89,   59,  429,  577,  565,  455,  177,  969,  919,  584,  537, 1085,  764,  548,  789,  600,  847,  551,  674,  646,  792,  972,  643,  437,  643,  722,  866,  888, 1080,  198,  790,  977,  195,  692,  468,  367,   92,  774,  522,  867, 1030,  481,  781],
        [ 1090,    0,  625,  477,  577,  810,    0, 1041,  792,  809,  592,  356,  774,  683,  592,  686,  434,  390,  265,  545,  897,  960,  768,  339,  414,  975,  157,  529,  186,  698, 1162,  545,  707,  315,  713,  788,  697,  458,  770,  402,  684,  868,  436,  194,  309,  341,  339,  235,  864,  532,  609,  770,  768,   48,  932,  368,  639,  210,  805,  442,  715,  293,  908, 1096,  582,  316,  297,  971,  737,  672,  614,  662,  847,  799,  786,  558,  958,  646,  737,  657,  600,  898,  910,  528,  755, 1159,  894,  161,  292,  867,  377, 1101,  902,   87,  441,  474,  374,  545,  625,  143,  648,  708,  646,  520,  450,  657,  175,  854,  466,  847,  823,  291,  824,  495,  856,  136],
        [  215,    0,  455,  645,  482,  605, 1041,    0,  409,  591,  504,  937,  812,  390,  579,  608,  736,  707,  835,  545,  228,  358,  644,  708,  669,  320,  887,  612, 1151,  627,  226,  828,  462,  730,  756,  271,  720,  645,  390,  835,  646,  597,  606,  847,  899,  772,  813,  815,  718,  513,  570,  497,  290, 1047,  651,  674,  429,  847,  556,  842,  334,  920,  415,  191,  701,  777,  747,  150,  812,  413,  457,  703,  208,  693,  659,  489,   87,  414,  306,  559,  801,  513,  147,  518,  833,  161,  150, 1112,  989,  450,  665,   73,  201, 1074,  923,  605,  782,  544,  529, 1009,  672,  861,  546,  673,  922,  739, 1019,  194,  801,  689,  405,  846,  509,  955,  189, 1091],
        [  334,    0,  191,  320,  253,  752,  792,  409,    0,  739,  480,  833,  406,  170,  214,  683,  392,  405,  538,  491,  462,  168,  238,  466,  379,  188,  640,  576,  946,  220,  411,  435,   86,  536,  347,  199,  312,  336,   43,  479,  239,  222,  399,  616,  774,  462,  487,  559,  875,  383,  199,  628,  198,  781,  852,  454,  197,  582,  158,  781,  223,  588,  123,  351,  309,  629,  512,  268,  404,  158,  209,  297,  361,  822,  786,  381,  334,  211,  300,  613,  400,  169,  275,  314,  426,  443,  294,  909,  855,  101,  458,  430,  209,  851,  548,  320,  677,  251,  171,  715,  269,  453,  590,  309,  545,  791,  835,  341,  752,  843,   33,  704,  120,  568,  328,  883],
        [  782,    0,  601,  703,  560,   14,  809,  591,  739,    0,  305,  526, 1069,  581,  738,  123,  780,  697,  753,  332,  365,  820,  932,  607,  663,  800,  702,  297,  823,  872,  813,  948,  715,  547,  990,  553,  951,  680,  697,  860,  879,  955,  532,  656,  531,  739,  790,  676,  138,  439,  744,  112,  547,  840,  135,  564,  576,  708,  882,  409,  517,  872,  833,  765,  858,  497,  611,  655, 1048,  604,  584,  915,  428,  103,   71,  419,  563,  553,  442,  170,  959,  906,  570,  528, 1075,  750,  534,  791,  603,  834,  544,  660,  633,  792,  965,  634,  437,  633,  711,  863,  877, 1070,  191,  780,  970,  202,  693,  454,  370,  106,  761,  522,  855, 1022,  467,  782],
        [  631,    0,  313,  399,  263,  314,  592,  504,  480,  305,    0,  434,  771,  312,  439,  214,  477,  397,  471,   48,  315,  600,  644,  320,  361,  591,  455,  112,  666,  578,  686,  643,  437,  285,  691,  333,  653,  376,  439,  561,  584,  682,  232,  409,  398,  444,  496,  408,  426,  134,  446,  215,  319,  611,  438,  276,  293,  442,  606,  343,  270,  587,  592,  624,  554,  289,  336,  495,  748,  328,  295,  615,  296,  364,  330,  117,  436,  274,  225,  144,  655,  648,  410,  224,  774,  651,  381,  629,  488,  581,  257,  573,  445,  604,  666,  330,  280,  331,  417,  609,  578,  767,  121,  476,  670,  311,  531,  313,  305,  395,  508,  350,  586,  722,  321,  611],
        [ 1053,    0,  642,  589,  580,  522,  356,  937,  833,  526,  434,    0,  974,  676,  692,  415,  604,  520,  470,  394,  738,  984,  908,  408,  515,  985,  341,  327,  306,  832, 1112,  769,  762,  316,  899,  742,  869,  560,  797,  629,  827,  984,  438,  317,   69,  513,  545,  381,  545,  463,  707,  527,  724,  401,  628,  398,  640,  392,  909,  118,  668,  566,  955, 1049,  747,  208,  371,  918,  940,  679,  624,  829,  729,  486,  483,  476,  868,  632,  648,  418,  810,  982,  837,  519,  964, 1083,  811,  279,   80,  928,  387, 1006,  860,  304,  710,  544,  161,  598,  700,  470,  801,  932,  419,  664,  718,  338,  193,  745,  158,  534,  865,  138,  909,  772,  753,  278],
        [  694,    0,  472,  398,  510, 1080,  774,  812,  406, 1069,  771,  974,    0,  508,  333,  984,  371,  455,  526,  758,  855,  491,  169,  569,  466,  529,  667,  830,  958,  204,  765,  230,  379,  664,   81,  592,  119,  426,  434,  373,  192,  242,  579,  671,  905,  466,  446,  602, 1196,  640,  326,  965,  584,  741, 1196,  590,  500,  603,  259,  969,  584,  486,  417,  718,  230,  775,  604,  666,   38,  480,  488,  157,  753, 1134, 1101,  655,  739,  524,  666,  914,  175,  330,  681,  548,   31,  820,  699,  929,  962,  372,  606,  825,  613,  856,  354,  460,  852,  441,  360,  645,  194,   88,  891,  316,  345, 1061,  893,  736,  956, 1165,  408,  837,  307,  325,  726,  901],
        [  407,    0,   66,  256,  108,  593,  683,  390,  170,  581,  312,  676,  508,    0,  204,  517,  348,  322,  453,  322,  355,  308,  356,  345,  285,  311,  527,  407,  820,  304,  479,  456,  136,  396,  434,  119,  394,  256,  129,  446,  317,  376,  258,  495,  621,  386,  425,  449,  715,  218,  200,  472,  101,  681,  701,  322,   45,  478,  302,  617,   78,  532,  286,  413,  335,  478,  389,  291,  494,   29,   71,  364,  258,  660,  624,  213,  303,   45,  159,  446,  442,  337,  245,  164,  519,  482,  242,  782,  705,  270,  320,  436,  220,  732,  538,  220,  518,  155,  158,  631,  328,  529,  424,  290,  538,  622,  700,  247,  586,  683,  199,  554,  277,  575,  239,  758],
        [  544,    0,  150,  117,  179,  748,  592,  579,  214,  738,  439,  692,  333,  204,    0,  652,  179,  203,  331,  427,  557,  379,  220,  291,  187,  401,  447,  502,  757,  146,  620,  254,  131,  377,  253,  315,  215,  140,  206,  267,  148,  294,  263,  430,  626,  255,  275,  367,  863,  308,   18,  635,  300,  577,  866,  295,  181,  385,  222,  665,  280,  374,  319,  558,  133,  484,  335,  457,  311,  176,  162,  177,  461,  802,  768,  322,  494,  205,  356,  582,  240,  308,  433,  217,  337,  644,  438,  722,  698,  276,  306,  615,  387,  658,  346,  149,  550,  110,   50,  505,  140,  337,  559,   98,  344,  733,  658,  450,  645,  832,  241,  555,  233,  377,  442,  695],
        [  778,    0,  526,  604,  477,  125,  686,  608,  683,  123,  214,  415,  984,  517,  652,    0,  675,  589,  636,  229,  383,  786,  857,  493,  558,  771,  580,  179,  706,  792,  819,  847,  647,  428,  904,  514,  866,  580,  641,  751,  797,  892,  427,  534,  413,  627,  677,  557,  216,  345,  660,  123,  504,  717,  252,  452,  504,  588,  816,  298,  463,  755,  788,  765,  765,  374,  493,  645,  960,  537,  507,  828,  419,  151,  120,  330,  563,  483,  399,   72,  863,  852,  557,  436,  987,  767,  523,  673,  490,  782,  432,  680,  610,  671,  855,  536,  315,  544,  630,  741,  791,  978,   95,  684,  860,  132,  574,  443,  257,  188,  709,  400,  794,  913,  455,  663],
        [  720,    0,  283,   95,  272,  788,  434,  736,  392,  780,  477,  604,  371,  348,  179,  675,    0,   91,  169,  449,  676,  556,  336,  205,  118,  579,  304,  503,  610,  264,  796,  177,  308,  300,  298,  466,  273,  106,  382,  100,  251,  434,  249,  303,  536,   98,  100,  234,  891,  346,  194,  690,  448,  412,  913,  235,  311,  239,  374,  607,  413,  196,  494,  733,  152,  409,  235,  625,  337,  324,  284,  235,  590,  824,  795,  370,  650,  330,  475,  612,  208,  470,  591,  269,  360,  815,  590,  577,  592,  449,  254,  779,  555,  508,  199,  155,  489,  197,  223,  332,  216,  330,  590,   89,  201,  727,  529,  585,  598,  862,  419,  467,  398,  248,  580,  549],
        [  717,    0,  257,   87,  227,  704,  390,  707,  405,  697,  397,  520,  455,  322,  203,  589,   91,    0,  135,  365,  622,  572,  399,  116,   40,  590,  245,  415,  555,  323,  792,  267,  319,  211,  379,  438,  350,   70,  386,  165,  315,  489,  165,  232,  452,   65,  110,  166,  804,  271,  220,  611,  419,  377,  831,  145,  279,  182,  421,  518,  375,  216,  518,  727,  228,  322,  150,  611,  422,  303,  252,  310,  543,  738,  709,  297,  621,  294,  426,  527,  297,  510,  564,  207,  446,  802,  558,  520,  514,  477,  164,  757,  540,  456,  270,  103,  400,  168,  235,  314,  285,  420,  506,  147,  274,  638,  461,  541,  508,  776,  435,  383,  436,  326,  538,  493],
        [  852,    0,  389,  218,  354,  758,  265,  835,  538,  753,  471,  470,  526,  453,  331,  636,  169,  135,    0,  431,  731,  706,  505,  151,  168,  724,  142,  458,  441,  433,  926,  305,  452,  212,  458,  567,  438,  204,  520,  161,  420,  603,  251,  154,  402,   77,   81,   92,  845,  364,  348,  681,  548,  246,  886,  195,  410,   80,  541,  498,  501,  119,  649,  861,  320,  302,  143,  743,  490,  436,  383,  401,  661,  777,  753,  392,  748,  422,  544,  584,  353,  634,  694,  321,  510,  934,  685,  409,  444,  607,  214,  887,  672,  339,  243,  234,  386,  302,  368,  179,  384,  471,  565,  255,  250,  659,  368,  662,  500,  820,  568,  341,  561,  305,  660,  381],
        [  664,    0,  314,  376,  258,  340,  545,  545,  491,  332,   48,  394,  758,  322,  427,  229,  449,  365,  431,    0,  362,  620,  639,  281,  332,  614,  409,   86,  619,  570,  721,  619,  440,  240,  678,  359,  640,  352,  450,  529,  574,  684,  201,  362,  355,  409,  460,  364,  445,  120,  437,  251,  343,  564,  466,  237,  298,  398,  607,  310,  290,  548,  607,  658,  537,  242,  293,  528,  734,  335,  294,  602,  337,  380,  348,  112,  475,  281,  257,  164,  634,  656,  445,  211,  760,  690,  418,  582,  445,  591,  217,  614,  474,  556,  634,  307,  237,  318,  411,  564,  565,  750,  142,  456,  638,  308,  484,  353,  274,  415,  520,  305,  591,  691,  360,  564],
        [  420,    0,  408,  582,  405,  379,  897,  228,  462,  365,  315,  738,  855,  355,  557,  383,  676,  622,  731,  362,    0,  492,  693,  587,  582,  464,  750,  413,  981,  653,  448,  807,  476,  582,  784,  265,  745,  572,  427,  774,  667,  681,  483,  706,  710,  683,  731,  690,  496,  373,  554,  269,  271,  911,  438,  546,  378,  724,  620,  636,  278,  835,  524,  402,  689,  603,  617,  301,  844,  383,  400,  717,  103,  467,  432,  345,  202,  354,  203,  339,  796,  613,  223,  416,  869,  388,  190,  943,  799,  540,  532,  299,  297,  916,  873,  525,  592,  483,  513,  892,  681,  883,  330,  635,  875,  514,  845,  123,  594,  466,  474,  665,  581,  918,  136,  925],
        [  204,    0,  348,  488,  408,  834,  960,  358,  168,  820,  600,  984,  491,  308,  379,  786,  556,  572,  706,  620,  492,    0,  330,  631,  546,   40,  807,  705, 1112,  346,  275,  576,  254,  696,  452,  273,  425,  504,  193,  639,  367,  255,  558,  782,  928,  630,  653,  727,  958,  524,  363,  710,  284,  949,  918,  617,  346,  750,  238,  922,  331,  751,   75,  228,  456,  784,  678,  211,  500,  307,  364,  423,  401,  913,  876,  516,  310,  353,  387,  718,  533,  165,  270,  468,  517,  331,  303, 1075, 1011,  124,  619,  350,  196, 1018,  699,  487,  826,  417,  338,  882,  404,  557,  698,  471,  695,  904,  999,  376,  890,  926,  138,  860,  192,  712,  362, 1049],
        [  532,    0,  333,  321,  382,  944,  768,  644,  238,  932,  644,  908,  169,  356,  220,  857,  336,  399,  505,  639,  693,  330,    0,  502,  395,  367,  637,  717,  945,   77,  604,  274,  222,  593,  123,  428,  102,  349,  268,  382,   85,  109,  482,  630,  842,  432,  431,  562, 1063,  520,  207,  825,  423,  744, 1055,  511,  357,  573,   93,  884,  430,  504,  255,  555,  188,  702,  544,  497,  172,  331,  351,  117,  591, 1005,  970,  529,  571,  380,  512,  786,  221,  179,  513,  430,  191,  655,  532,  912,  909,  208,  524,  657,  444,  843,  409,  367,  770,  326,  229,  657,  122,  228,  763,  254,  403,  947,  859,  573,  865, 1032,  239,  771,  141,  405,  562,  884],
        [  752,    0,  288,  182,  238,  613,  339,  708,  466,  607,  320,  408,  569,  345,  291,  493,  205,  116,  151,  281,  587,  631,  502,    0,  108,  643,  183,  315,  481,  426,  823,  380,  384,   96,  492,  450,  462,  154,  439,  262,  420,  584,  105,  152,  341,  135,  185,  108,  706,  216,  307,  531,  430,  340,  741,   44,  301,  140,  512,  402,  378,  268,  586,  757,  341,  207,   47,  632,  537,  335,  276,  422,  523,  639,  612,  244,  623,  307,  408,  437,  412,  594,  573,  191,  561,  821,  559,  444,  408,  551,   64,  765,  563,  389,  364,  148,  285,  215,  309,  307,  393,  535,  418,  256,  369,  530,  372,  526,  393,  680,  498,  271,  519,  424,  527,  418],
        [  685,    0,  221,   75,  188,  671,  414,  669,  379,  663,  361,  515,  466,  285,  187,  558,  118,   40,  168,  332,  582,  546,  395,  108,    0,  562,  263,  386,  572,  319,  759,  292,  294,  201,  388,  401,  356,   48,  357,  202,  313,  479,  132,  244,  448,  104,  150,  182,  774,  234,  204,  575,  381,  404,  797,  125,  243,  204,  408,  504,  337,  255,  495,  694,  236,  312,  150,  575,  435,  268,  215,  316,  503,  707,  678,  259,  583,  256,  386,  495,  316,  494,  527,  167,  460,  766,  520,  536,  515,  456,  142,  720,  504,  475,  307,   66,  386,  135,  213,  347,  287,  437,  473,  151,  310,  612,  471,  502,  491,  745,  410,  378,  419,  361,  499,  509],
        [  166,    0,  357,  507,  414,  814,  975,  320,  188,  800,  591,  985,  529,  311,  401,  771,  579,  590,  724,  614,  464,   40,  367,  643,  562,    0,  821,  698, 1123,  379,  238,  608,  273,  704,  489,  260,  461,  521,  206,  665,  400,  294,  565,  794,  931,  649,  675,  741,  937,  524,  386,  690,  273,  966,  894,  626,  351,  765,  275,  919,  324,  775,  113,  189,  486,  788,  689,  175,  538,  313,  371,  457,  376,  894,  857,  513,  277,  355,  374,  705,  567,  205,  241,  473,  555,  292,  275, 1086, 1015,  160,  626,  310,  169, 1031,  729,  501,  826,  431,  359,  902,  436,  594,  685,  495,  725,  892, 1007,  351,  886,  905,  161,  864,  228,  743,  337, 1060],
        [  934,    0,  469,  331,  420,  705,  157,  887,  640,  702,  455,  341,  667,  527,  447,  580,  304,  245,  142,  409,  750,  807,  637,  183,  263,  821,    0,  409,  311,  564, 1005,  446,  556,  170,  598,  632,  576,  309,  616,  301,  553,  731,  281,   48,  276,  207,  222,   81,  776,  381,  464,  648,  612,  162,  831,  213,  483,   65,  665,  388,  559,  226,  758,  940,  456,  211,  141,  815,  631,  516,  458,  539,  696,  709,  690,  408,  803,  489,  584,  540,  494,  754,  754,  372,  651, 1003,  739,  276,  306,  719,  223,  945,  746,  212,  371,  321,  290,  391,  475,  161,  519,  612,  526,  384,  380,  577,  227,  701,  399,  755,  672,  225,  679,  433,  703,  249],
        [  742,    0,  396,  439,  339,  302,  529,  612,  576,  297,  112,  327,  830,  407,  502,  179,  503,  415,  458,   86,  413,  705,  717,  315,  386,  698,  409,    0,  579,  647,  797,  677,  523,  250,  749,  441,  712,  413,  535,  575,  649,  766,  257,  362,  298,  450,  499,  380,  391,  199,  512,  242,  426,  555,  429,  275,  382,  412,  689,  232,  375,  577,  692,  736,  604,  213,  315,  606,  803,  419,  377,  673,  405,  324,  297,  196,  547,  366,  336,  131,  697,  740,  522,  287,  829,  762,  492,  543,  386,  676,  255,  683,  555,  527,  678,  372,  181,  393,  489,  569,  638,  815,  119,  521,  683,  232,  443,  423,  193,  365,  605,  260,  675,  737,  431,  527],
        [ 1225,    0,  768,  641,  713,  821,  186, 1151,  946,  823,  666,  306,  958,  820,  757,  706,  610,  555,  441,  619,  981, 1112,  945,  481,  572, 1123,  311,  579,    0,  872, 1293,  730,  863,  427,  896,  914,  877,  619,  919,  585,  860, 1041,  564,  331,  293,  513,  518,  391,  850,  640,  774,  808,  895,  225,  931,  499,  777,  374,  975,  419,  839,  478, 1065, 1228,  760,  378,  435, 1099,  921,  813,  754,  842,  947,  790,  785,  662, 1072,  779,  846,  695,  784, 1064, 1029,  658,  939, 1281, 1009,   39,  226, 1028,  501, 1215, 1032,  102,  626,  626,  400,  696,  784,  325,  825,  893,  690,  693,  635,  642,  136,  958,  455,  838,  978,  319,  990,  679,  963,   63],
        [  540,    0,  272,  245,  315,  883,  698,  627,  220,  872,  578,  832,  204,  304,  146,  792,  264,  323,  433,  570,  653,  346,   77,  426,  319,  379,  564,  647,  872,    0,  615,  232,  177,  517,  133,  391,   94,  273,  239,  320,   21,  171,  408,  555,  766,  359,  361,  488, 1001,  451,  135,  766,  383,  675,  997,  436,  298,  499,  120,  810,  381,  441,  273,  561,  124,  626,  468,  487,  192,  277,  288,   79,  552,  941,  906,  462,  549,  322,  463,  721,  188,  219,  489,  360,  216,  657,  504,  839,  833,  223,  448,  649,  427,  771,  361,  292,  694,  254,  162,  591,   61,  236,  698,  180,  356,  877,  784,  536,  791,  969,  231,  695,  158,  368,  526,  811],
        [   77,    0,  539,  714,  586,  826, 1162,  226,  411,  813,  686, 1112,  765,  479,  620,  819,  796,  792,  926,  721,  448,  275,  604,  823,  759,  238, 1005,  797, 1293,  615,    0,  842,  490,  867,  726,  380,  698,  723,  414,  887,  636,  525,  731,  972, 1067,  854,  886,  928,  942,  660,  606,  714,  399, 1159,  877,  798,  523,  956,  512, 1028,  455,  991,  349,   66,  718,  933,  867,  196,  774,  492,  549,  694,  403,  914,  879,  642,  257,  517,  464,  764,  803,  436,  276,  637,  791,   87,  305, 1255, 1156,  398,  793,  165,  261, 1208,  958,  694,  953,  625,  573, 1105,  671,  831,  749,  717,  955,  949, 1168,  380,  990,  913,  390, 1006,  465,  977,  370, 1231],
        [  766,    0,  399,  245,  410,  957,  545,  828,  435,  948,  643,  769,  230,  456,  254,  847,  177,  267,  305,  619,  807,  576,  274,  380,  292,  608,  446,  677,  730,  232,  842,    0,  367,  473,  179,  567,  177,  268,  442,  147,  212,  383,  421,  456,  700,  257,  226,  389, 1063,  510,  260,  854,  553,  512, 1081,  411,  430,  384,  350,  780,  531,  257,  504,  784,  128,  581,  406,  697,  193,  429,  407,  160,  713,  997,  967,  532,  744,  453,  605,  782,   59,  447,  683,  425,  210,  878,  690,  702,  748,  454,  430,  859,  631,  628,  136,  314,  662,  330,  301,  416,  173,  166,  760,  174,  129,  903,  671,  702,  773, 1034,  453,  634,  390,  136,  695,  674],
        [  413,    0,  128,  235,  188,  727,  707,  462,   86,  715,  437,  762,  379,  136,  131,  647,  308,  319,  452,  440,  476,  254,  222,  384,  294,  273,  556,  523,  863,  177,  490,  367,    0,  458,  309,  215,  270,  250,   77,  397,  193,  245,  325,  533,  701,  377,  402,  475,  848,  325,  117,  606,  206,  696,  836,  376,  144,  498,  169,  717,  208,  504,  203,  428,  240,  556,  431,  332,  369,  112,  147,  246,  375,  792,  756,  328,  380,  165,  291,  576,  340,  222,  319,  247,  393,  516,  331,  827,  779,  168,  381,  492,  265,  767,  472,  237,  609,  170,   86,  629,  213,  410,  553,  228,  470,  747,  755,  359,  691,  816,  116,  630,  152,  497,  349,  800],
        [  799,    0,  348,  274,  290,  551,  315,  730,  536,  547,  285,  316,  664,  396,  377,  428,  300,  211,  212,  240,  582,  696,  593,   96,  201,  704,  170,  250,  427,  517,  867,  473,  458,    0,  587,  488,  556,  245,  504,  348,  512,  671,  139,  125,  250,  221,  266,  130,  635,  218,  393,  483,  468,  329,  679,   84,  354,  162,  597,  308,  413,  330,  658,  801,  435,  112,   71,  672,  632,  392,  333,  516,  533,  567,  543,  243,  649,  354,  425,  380,  507,  674,  604,  233,  656,  856,  586,  389,  323,  626,   78,  792,  606,  345,  445,  230,  190,  290,  390,  325,  487,  630,  363,  351,  452,  448,  304,  541,  300,  610,  568,  179,  600,  507,  543,  365],
        [  654,    0,  395,  319,  431, 1001,  713,  756,  347,  990,  691,  899,   81,  434,  253,  904,  298,  379,  458,  678,  784,  452,  123,  492,  388,  489,  598,  749,  896,  133,  726,  179,  309,  587,    0,  523,   40,  347,  370,  313,  118,  221,  499,  600,  830,  395,  379,  531, 1116,  560,  247,  887,  514,  683, 1118,  512,  424,  534,  214,  891,  511,  431,  378,  676,  152,  698,  528,  612,   60,  406,  410,   77,  684, 1054, 1021,  575,  679,  448,  592,  835,  121,  301,  620,  468,   86,  776,  635,  865,  889,  329,  528,  773,  555,  794,  313,  380,  774,  361,  283,  590,  114,  107,  811,  238,  306,  981,  824,  668,  877, 1085,  354,  761,  262,  298,  658,  838],
        [  314,    0,  184,  374,  215,  567,  788,  271,  199,  553,  333,  742,  592,  119,  315,  514,  466,  438,  567,  359,  265,  273,  428,  450,  401,  260,  632,  441,  914,  391,  380,  567,  215,  488,  523,    0,  485,  374,  162,  564,  407,  420,  353,  596,  692,  502,  542,  556,  691,  283,  308,  442,   20,  789,  660,  421,  159,  586,  356,  667,   76,  650,  281,  314,  443,  555,  492,  185,  583,  143,  186,  460,  163,  643,  606,  267,  185,  146,  115,  446,  548,  359,  127,  260,  607,  372,  125,  876,  780,  286,  415,  320,  120,  830,  654,  336,  581,  273,  266,  744,  426,  625,  426,  406,  654,  633,  789,  145,  632,  658,  215,  630,  318,  690,  135,  853],
        [  625,    0,  355,  285,  392,  962,  697,  720,  312,  951,  653,  869,  119,  394,  215,  866,  273,  350,  438,  640,  745,  425,  102,  462,  356,  461,  576,  712,  877,   94,  698,  177,  270,  556,   40,  485,    0,  314,  333,  300,   78,  208,  464,  575,  801,  371,  360,  506, 1077,  522,  208,  847,  475,  668, 1079,  480,  384,  511,  188,  858,  472,  420,  351,  646,  123,  667,  499,  578,  100,  366,  370,   41,  645, 1016,  982,  536,  643,  408,  553,  796,  122,  280,  583,  430,  126,  745,  598,  846,  862,  302,  495,  740,  520,  775,  313,  344,  741,  323,  243,  577,   75,  142,  773,  206,  306,  944,  801,  629,  843, 1046,  320,  732,  234,  305,  619,  818],
        [  648,    0,  191,   29,  170,  689,  458,  645,  336,  680,  376,  560,  426,  256,  140,  580,  106,   70,  204,  352,  572,  504,  349,  154,   48,  521,  309,  413,  619,  273,  723,  268,  250,  245,  347,  374,  314,    0,  316,  202,  267,  432,  157,  291,  494,  132,  169,  229,  796,  244,  157,  588,  355,  446,  814,  166,  216,  248,  361,  545,  315,  276,  451,  658,  197,  355,  197,  543,  397,  236,  188,  274,  489,  730,  699,  267,  558,  232,  373,  514,  285,  447,  500,  164,  422,  734,  496,  583,  562,  411,  181,  692,  472,  521,  304,   49,  428,  102,  167,  383,  243,  404,  492,  111,  306,  642,  519,  485,  530,  766,  366,  423,  372,  353,  481,  556],
        [  338,    0,  157,  304,  218,  710,  770,  390,   43,  697,  439,  797,  434,  129,  206,  641,  382,  386,  520,  450,  427,  193,  268,  439,  357,  206,  616,  535,  919,  239,  414,  442,   77,  504,  370,  162,  333,  316,    0,  473,  257,  261,  367,  589,  739,  446,  474,  536,  833,  344,  193,  586,  159,  761,  811,  424,  159,  560,  194,  742,  181,  578,  159,  352,  315,  595,  485,  256,  428,  119,  174,  314,  325,  780,  744,  341,  311,  171,  259,  571,  413,  211,  250,  279,  451,  439,  266,  882,  821,  142,  426,  417,  191,  826,  549,  296,  641,  225,  159,  698,  283,  475,  548,  304,  546,  749,  806,  306,  713,  801,   71,  670,  159,  573,  294,  856],
        [  810,    0,  382,  194,  370,  868,  402,  835,  479,  860,  561,  629,  373,  446,  267,  751,  100,  165,  161,  529,  774,  639,  382,  262,  202,  665,  301,  575,  585,  320,  887,  147,  397,  348,  313,  564,  300,  202,  473,    0,  303,  488,  330,  314,  561,  128,   85,  249,  966,  435,  281,  776,  547,  371,  995,  301,  410,  241,  438,  650,  512,  122,  573,  825,  197,  451,  278,  721,  336,  422,  383,  269,  689,  898,  870,  460,  748,  429,  574,  691,  199,  537,  689,  364,  355,  909,  688,  556,  605,  525,  321,  876,  651,  484,  106,  250,  534,  296,  315,  278,  263,  312,  670,  170,  110,  792,  525,  684,  647,  938,  504,  498,  468,  163,  679,  529],
        [  561,    0,  281,  239,  321,  890,  684,  646,  239,  879,  584,  827,  192,  317,  148,  797,  251,  315,  420,  574,  667,  367,   85,  420,  313,  400,  553,  649,  860,   21,  636,  212,  193,  512,  118,  407,   78,  267,  257,  303,    0,  186,  407,  545,  760,  347,  347,  478, 1007,  455,  138,  774,  398,  661, 1005,  431,  308,  488,  140,  807,  394,  424,  294,  581,  107,  622,  461,  506,  178,  289,  296,   59,  567,  947,  912,  467,  568,  332,  475,  727,  167,  239,  507,  364,  203,  678,  521,  827,  826,  244,  445,  668,  446,  759,  341,  289,  691,  257,  169,  575,   42,  218,  704,  169,  336,  880,  774,  551,  789,  976,  251,  689,  179,  347,  541,  800],
        [  457,    0,  371,  406,  428,  968,  868,  597,  222,  955,  682,  984,  242,  376,  294,  892,  434,  489,  603,  684,  681,  255,  109,  584,  479,  294,  731,  766, 1041,  171,  525,  383,  245,  671,  221,  420,  208,  432,  261,  488,  186,    0,  550,  720,  919,  528,  532,  654, 1090,  568,  278,  845,  419,  845, 1071,  588,  389,  667,   78,  950,  440,  610,  185,  483,  292,  776,  628,  447,  257,  355,  390,  225,  580, 1035,  999,  573,  534,  409,  519,  821,  329,   90,  480,  484,  270,  585,  505, 1007,  991,  148,  597,  599,  406,  940,  517,  441,  839,  389,  286,  761,  226,  317,  798,  349,  511,  991,  949,  559,  927, 1058,  208,  848,  103,  512,  547,  979],
        [  662,    0,  210,  184,  152,  540,  436,  606,  399,  532,  232,  438,  579,  258,  263,  427,  249,  165,  251,  201,  483,  558,  482,  105,  132,  565,  281,  257,  564,  408,  731,  421,  325,  139,  499,  353,  464,  157,  367,  330,  407,  550,    0,  243,  376,  214,  265,  211,  643,  114,  276,  447,  334,  441,  666,   69,  215,  244,  474,  403,  280,  361,  522,  665,  351,  231,  141,  538,  551,  253,  195,  423,  419,  577,  547,  142,  522,  216,  304,  364,  441,  544,  474,   95,  576,  724,  458,  526,  456,  492,   63,  665,  470,  477,  435,  120,  290,  162,  265,  411,  390,  560,  342,  266,  439,  486,  443,  423,  383,  614,  432,  306,  471,  491,  423,  501],
        [  901,    0,  439,  315,  387,  659,  194,  847,  616,  656,  409,  317,  671,  495,  430,  534,  303,  232,  154,  362,  706,  782,  630,  152,  244,  794,   48,  362,  331,  555,  972,  456,  533,  125,  600,  596,  575,  291,  589,  314,  545,  720,  243,    0,  249,  206,  231,   70,  732,  338,  447,  601,  576,  205,  785,  175,  451,   76,  651,  353,  522,  255,  735,  906,  453,  168,  106,  780,  636,  485,  427,  536,  654,  664,  644,  365,  764,  455,  543,  493,  501,  737,  716,  336,  658,  966,  701,  294,  292,  698,  183,  907,  711,  238,  394,  296,  249,  365,  455,  208,  514,  621,  479,  377,  402,  534,  230,  660,  360,  710,  648,  191,  662,  456,  662,  268],
        [ 1005,    0,  583,  522,  522,  529,  309,  899,  774,  531,  398,   69,  905,  621,  626,  413,  536,  452,  402,  355,  710,  928,  842,  341,  448,  931,  276,  298,  293,  766, 1067,  700,  701,  250,  830,  692,  801,  494,  739,  561,  760,  919,  376,  249,    0,  444,  477,  313,  566,  411,  642,  518,  674,  350,  643,  332,  582,  324,  845,  135,  618,  500,  896, 1003,  679,  145,  303,  872,  872,  622,  566,  761,  692,  504,  496,  426,  827,  577,  605,  405,  741,  920,  793,  461,  895, 1042,  768,  261,   90,  868,  323,  968,  812,  269,  643,  479,  119,  535,  637,  412,  734,  863,  402,  596,  651,  357,  164,  707,  166,  552,  806,   72,  846,  705,  713,  253],
        [  780,    0,  321,  143,  291,  745,  341,  772,  462,  739,  444,  513,  466,  386,  255,  627,   98,   65,   77,  409,  683,  630,  432,  135,  104,  649,  207,  450,  513,  359,  854,  257,  377,  221,  395,  502,  371,  132,  446,  128,  347,  528,  214,  206,  444,    0,   52,  137,  841,  325,  271,  658,  483,  323,  873,  176,  344,  142,  465,  525,  440,  153,  573,  790,  250,  326,  152,  674,  431,  367,  316,  333,  606,  773,  746,  352,  685,  358,  489,  569,  297,  558,  629,  268,  453,  865,  622,  480,  497,  530,  196,  821,  603,  412,  229,  167,  409,  232,  292,  253,  313,  419,  549,  180,  234,  665,  431,  605,  521,  814,  492,  378,  484,  289,  602,  453],
        [  811,    0,  359,  173,  335,  796,  339,  813,  487,  790,  496,  545,  446,  425,  275,  677,  100,  110,   81,  460,  731,  653,  431,  185,  150,  675,  222,  499,  518,  361,  886,  226,  402,  266,  379,  542,  360,  169,  474,   85,  347,  532,  265,  231,  477,   52,    0,  165,  890,  376,  291,  709,  523,  314,  924,  226,  384,  159,  473,  565,  482,  108,  592,  822,  244,  367,  195,  710,  410,  404,  356,  324,  652,  823,  796,  403,  726,  400,  535,  620,  273,  569,  669,  316,  430,  901,  664,  487,  523,  547,  246,  860,  639,  416,  180,  210,  451,  270,  317,  233,  310,  391,  600,  188,  187,  712,  448,  650,  563,  864,  515,  413,  497,  242,  647,  459],
        [  856,    0,  390,  251,  343,  681,  235,  815,  559,  676,  408,  381,  602,  449,  367,  557,  234,  166,   92,  364,  690,  727,  562,  108,  182,  741,   81,  380,  391,  488,  928,  389,  475,  130,  531,  556,  506,  229,  536,  249,  478,  654,  211,   70,  313,  137,  165,    0,  763,  318,  384,  611,  536,  233,  809,  144,  405,   35,  586,  406,  485,  205,  677,  862,  384,  211,   74,  738,  567,  437,  380,  467,  629,  695,  672,  346,  731,  413,  515,  509,  433,  675,  680,  298,  589,  927,  667,  355,  361,  638,  158,  872,  669,  293,  335,  240,  295,  311,  395,  203,  445,  553,  492,  309,  342,  572,  297,  633,  409,  739,  591,  250,  600,  397,  634,  328],
        [  914,    0,  731,  820,  687,  124,  864,  718,  875,  138,  426,  545, 1196,  715,  863,  216,  891,  804,  845,  445,  496,  958, 1063,  706,  774,  937,  776,  391,  850, 1001,  942, 1063,  848,  635, 1116,  691, 1077,  796,  833,  966, 1007, 1090,  643,  732,  566,  841,  890,  763,    0,  559,  870,  249,  684,  900,  103,  666,  707,  792, 1016,  433,  652,  964,  970,  897,  979,  566,  703,  790, 1173,  737,  714, 1040,  564,   68,   97,  542,  695,  685,  578,  283, 1078, 1043,  705,  650, 1200,  877,  670,  822,  625,  971,  645,  786,  769,  835, 1069,  751,  493,  756,  839,  936, 1003, 1192,  306,  899, 1074,  210,  728,  590,  402,   33,  898,  574,  990, 1128,  603,  817],
        [  596,    0,  198,  266,  140,  448,  532,  513,  383,  439,  134,  463,  640,  218,  308,  345,  346,  271,  364,  120,  373,  524,  520,  216,  234,  524,  381,  199,  640,  451,  660,  510,  325,  218,  560,  283,  522,  244,  344,  435,  455,  568,  114,  338,  411,  325,  376,  318,  559,    0,  317,  345,  264,  542,  571,  174,  187,  352,  491,  399,  208,  474,  502,  595,  421,  273,  245,  465,  616,  226,  179,  483,  316,  496,  463,   29,  433,  174,  208,  276,  521,  545,  391,   92,  642,  643,  370,  601,  498,  483,  160,  576,  402,  562,  540,  197,  303,  200,  292,  520,  447,  634,  253,  342,  543,  427,  510,  323,  370,  528,  414,  347,  477,  593,  326,  579],
        [  530,    0,  151,  134,  185,  754,  609,  570,  199,  744,  446,  707,  326,  200,   18,  660,  194,  220,  348,  437,  554,  363,  207,  307,  204,  386,  464,  512,  774,  135,  606,  260,  117,  393,  247,  308,  208,  157,  193,  281,  138,  278,  276,  447,  642,  271,  291,  384,  870,  317,    0,  640,  294,  594,  871,  310,  181,  402,  205,  678,  277,  389,  303,  545,  136,  500,  352,  445,  306,  172,  164,  173,  457,  809,  775,  330,  486,  205,  355,  590,  243,  291,  425,  226,  332,  632,  431,  739,  714,  259,  321,  605,  377,  675,  357,  164,  565,  120,   42,  521,  135,  335,  566,  111,  355,  743,  675,  445,  658,  839,  226,  571,  216,  385,  437,  712],
        [  679,    0,  494,  609,  457,  125,  770,  497,  628,  112,  215,  527,  965,  472,  635,  123,  690,  611,  681,  251,  269,  710,  825,  531,  575,  690,  648,  242,  808,  766,  714,  854,  606,  483,  887,  442,  847,  588,  586,  776,  774,  845,  447,  601,  518,  658,  709,  611,  249,  345,  640,    0,  436,  796,  232,  488,  468,  644,  772,  413,  406,  798,  722,  663,  758,  454,  542,  550,  945,  495,  478,  812,  322,  205,  169,  322,  460,  445,  330,  115,  862,  795,  463,  430,  971,  657,  428,  774,  599,  723,  468,  568,  523,  765,  881,  541,  409,  532,  605,  807,  774,  970,  124,  684,  885,  250,  674,  347,  371,  217,  650,  494,  744,  936,  360,  761],
        [  333,    0,  166,  356,  196,  561,  768,  290,  198,  547,  319,  724,  584,  101,  300,  504,  448,  419,  548,  343,  271,  284,  423,  430,  381,  273,  612,  426,  895,  383,  399,  553,  206,  468,  514,   20,  475,  355,  159,  547,  398,  419,  334,  576,  674,  483,  523,  536,  684,  264,  294,  436,    0,  769,  656,  401,  140,  567,  353,  651,   57,  631,  287,  334,  429,  536,  472,  205,  574,  126,  168,  450,  170,  636,  599,  249,  203,  126,  107,  436,  535,  361,  146,  240,  598,  392,  142,  856,  762,  289,  395,  339,  139,  810,  638,  316,  564,  254,  252,  725,  414,  615,  415,  390,  638,  621,  769,  154,  616,  652,  216,  611,  317,  674,  145,  833],
