{
    "name": "random-71-25634",
    "comment": "size=71 seed=25634",
    "nodes": ["+0", "-0", "+1", "-1", "+2", "-2", "+3", "-3", "+4", "-4", "+5", "-5", "+6", "-6", "+7", "-7", "+8", "-8", "+9", "-9", "+10", "-10", "+11", "-11", "+12", "-12", "+13", "-13", "+14", "-14", "+15", "-15", "+16", "-16", "+17", "-17", "+18", "-18", "+19", "-19", "+20", "-20", "+21", "-21", "+22", "-22", "+23", "-23", "+24", "-24", "+25", "-25", "+26", "-26", "+27", "-27", "+28", "-28", "+29", "-29", "+30", "-30", "+31", "-31", "+32", "-32", "+33", "-33", "+34", "-34", "+35", "-35", "+36", "-36", "+37", "-37", "+38", "-38", "+39", "-39", "+40", "-40", "+41", "-41", "+42", "-42", "+43", "-43", "+44", "-44", "+45", "-45", "+46", "-46", "+47", "-47", "+48", "-48", "+49", "-49", "+50", "-50", "+51", "-51", "+52", "-52", "+53", "-53", "+54", "-54", "+55", "-55", "+56", "-56", "+57", "-57", "+58", "-58", "+59", "-59", "+60", "-60", "+61", "-61", "+62", "-62", "+63", "-63", "+64", "-64", "+65", "-65", "+66", "-66", "+67", "-67", "+68", "-68", "+69", "-69", "+70", "-70", "+71", "-71"],
    "precedence": {
        "+0": "-0",
        "+1": "-1",
        "+2": "-2",
        "+3": "-3",
        "+4": "-4",
        "+5": "-5",
        "+6": "-6",
        "+7": "-7",
        "+8": "-8",
        "+9": "-9",
        "+10": "-10",
        "+11": "-11",
        "+12": "-12",
        "+13": "-13",
        "+14": "-14",
        "+15": "-15",
        "+16": "-16",
        "+17": "-17",
        "+18": "-18",
        "+19": "-19",
        "+20": "-20",
        "+21": "-21",
        "+22": "-22",
        "+23": "-23",
        "+24": "-24",
        "+25": "-25",
        "+26": "-26",
        "+27": "-27",
        "+28": "-28",
        "+29": "-29",
        "+30": "-30",
        "+31": "-31",
        "+32": "-32",
        "+33": "-33",
        "+34": "-34",
        "+35": "-35",
        "+36": "-36",
        "+37": "-37",
        "+38": "-38",
        "+39": "-39",
        "+40": "-40",
        "+41": "-41",
        "+42": "-42",
        "+43": "-43",
        "+44": "-44",
        "+45": "-45",
        "+46": "-46",
        "+47": "-47",
        "+48": "-48",
        "+49": "-49",
        "+50": "-50",
        "+51": "-51",
        "+52": "-52",
        "+53": "-53",
        "+54": "-54",
        "+55": "-55",
        "+56": "-56",
        "+57": "-57",
        "+58": "-58",
        "+59": "-59",
        "+60": "-60",
        "+61": "-61",
        "+62": "-62",
        "+63": "-63",
        "+64": "-64",
        "+65": "-65",
        "+66": "-66",
        "+67": "-67",
        "+68": "-68",
        "+69": "-69",
        "+70": "-70",
        "+71": "-71"
    },
    "edges": [
        [    0,    0,  568,  465,  863,  490,  483,  291,  325,  245,  479,  265,  338,  610,  668,  259,  502,  781,  355,  474,  385,  505,  336,  870,  240,  261,  250,  665,  244,  763,  614,  780,  351,  436,  334,  126,   95,  329,  108,  747,   81,  966,  518,  705,  636,  573,  572,  280,  610,  811,  284,  712,  351,  164,  154,  490,  181,  747,   88,  544,  663,  330,  445,  272,  149,  452,  748,  580,  733,  389,  101,  516,  444,  294,  783,  270,  312,  593,  133,  471,  195,  801,  363,  829,  823,  612,  592,  282,  697,  597,  570,  848,  580,  211,  583,  119,  105,  577,  678,   46, 1005,  683,  288,  429,  805,  795,  482,  732,  630,  577,  215,  581,  358,  482,  547,  750,  497,  182,  785,  676,  709,  221,  596,  703,   95,  623,  636,   14,  353,  651,  753,  638,  888,  904,  206,   40,  565,  537,  684,  345,  363,  599,  269,  106],
        [    0,    0,    0,    0,    0,    0,    0,    0,    0,    0,    0,    0,    0,    0,    0,    0,    0,    0,    0,    0,    0,    0,    0,    0,    0,    0,    0,    0,    0,    0,    0,    0,    0,    0,    0,    0,    0,    0,    0,    0,    0,    0,    0,    0,    0,    0,    0,    0,    0,    0,    0,    0,    0,    0,    0,    0,    0,    0,    0,    0,    0,    0,    0,    0,    0,    0,    0,    0,    0,    0,    0,    0,    0,    0,    0,    0,    0,    0,    0,    0,    0,    0,    0,    0,    0,    0,    0,    0,    0,    0,    0,    0,    0,    0,    0,    0,    0,    0,    0,    0,    0,    0,    0,    0,    0,    0,    0,    0,    0,    0,    0,    0,    0,    0,    0,    0,    0,    0,    0,    0,    0,    0,    0,    0,    0,    0,    0,    0,    0,    0,    0,    0,    0,    0,    0,    0,    0,    0,    0,    0,    0,    0,    0,    0],
        [  568,    0,    0,  104,  904,  763,  648,  487,  282,  690,  389,  569,  423,  648,  335,  577,   67,  844,  315,  526,  239,  328,  898,  910,  583,  404,  333,  243,  758,  196,  370,  648,  370,  406,  255,  680,  593,  612,  525,  188,  487,  467,  509,  371,  664,  279,  147,  288,  561,  517,  330,  191,  491,  572,  421,  553,  647,  568,  542,  523,  167,  255,  124,  310,  685,  204,  194,  172,  534,  231,  488,   73,  133,  851,  764,  661,  263,  326,  674,  300,  433,  236,  336,  550,  459,  167,  760,  835,  250,  350,  484,  418,  133,  558,  464,  450,  651,  495,  210,  528,  482,  786,  361,  451,  859,  228,  372,  286,  498,  403,  559,  386,  402,  540,  447,  184,  313,  543,  218,  163,  475,  382,  501,  264,  660,  304,   70,  564,  256,  665,  396,  237,  392,  360,  470,  600,  190,  683,  429,  534,  719,  769,  779,  658],
        [  465,    0,  104,    0,  884,  698,  593,  393,  183,  600,  356,  487,  356,  616,  367,  494,   39,  817,  227,  481,  149,  280,  797,  890,  484,  306,  229,  296,  662,  300,  378,  651,  305,  361,  153,  576,  489,  537,  428,  285,  384,  556,  449,  407,  635,  261,  159,  187,  541,  552,  243,  265,  425,  480,  317,  508,  544,  578,  438,  493,  226,  165,   35,  216,  581,  167,  295,  181,  547,  164,  385,   80,   37,  751,  749,  575,  167,  335,  574,  271,  341,  340,  272,  584,  510,  197,  711,  736,  314,  356,  465,  487,  155,  470,  422,  347,  547,  475,  278,  426,  577,  750,  280,  378,  834,  330,  341,  353,  491,  367,  472,  354,  339,  495,  399,  286,  292,  453,  321,  247,  492,  279,  486,  326,  557,  327,  174,  461,  178,  639,  441,  256,  479,  459,  369,  497,  213,  634,  448,  445,  640,  721,  684,  554],
        [  863,    0,  904,  884,    0,  420,  381, 1086,  945,  677,  528,  599,  585,  276,  615,  606,  883,   83, 1016,  426,  969, 1141,  937,    7, 1088, 1002,  900,  721,  767,  988,  547,  304,  616,  532,  917,  956,  958,  537,  759, 1038,  853,  868, 1265,  602,  253, 1142, 1036,  824,  344,  521,  720, 1085,  536,  702,  877,  401, 1043,  384,  936,  393, 1070,  773,  851,  771,  991,  718,  918, 1059,  417,  731,  902,  840,  905,  895,  147,  624,  795,  587,  815,  613,  717,  982,  637,  496,  617, 1066,  284,  875,  744,  563,  421,  717, 1027,  653, 1276,  855,  951,  411,  773,  834,  943,  183,  679, 1171,   59, 1023,  543,  738,  410, 1233,  649, 1224,  585,  413, 1246,  999,  595,  682, 1015,  832,  474,  932,  403,  732,  910,  623,  918,  875,  736,  246,  617, 1133,  836,  951, 1002,  895,  720,  327,  515, 1153,  550,  280,  760,  944],
        [  490,    0,  763,  698,  420,    0,  139,  757,  679,  267,  407,  245,  343,  270,  616,  246,  715,  342,  742,  269,  723,  890,  518,  425,  729,  692,  612,  688,  350,  917,  530,  492,  395,  371,  662,  559,  583,  178,  401,  941,  506,  948,  968,  631,  286,  923,  854,  562,  354,  648,  465,  953,  274,  329,  555,  251,  662,  515,  574,  324,  920,  542,  663,  510,  596,  562,  865,  873,  525,  537,  556,  691,  703,  476,  401,  224,  552,  546,  412,  483,  406,  932,  429,  645,  715,  893,  141,  455,  723,  529,  385,  792,  852,  293, 1007,  522,  560,  382,  732,  472, 1014,  245,  423,  873,  366,  954,  424,  739,  434,  980,  288,  976,  362,  259,  973,  917,  484,  324,  945,  771,  546,  625,  394,  718,  515,  592,  807,  503,  521,  304,  671,  948,  887,  966,  668,  513,  629,  149,  556,  820,  136,  143,  342,  551],
        [  483,    0,  648,  593,  381,  139,    0,  718,  604,  312,  275,  218,  243,  154,  478,  225,  606,  299,  672,  133,  640,  812,  595,  388,  710,  640,  547,  553,  412,  791,  392,  373,  290,  245,  582,  577,  577,  159,  379,  819,  476,  810,  912,  492,  177,  834,  751,  483,  220,  512,  379,  838,  178,  322,  508,  113,  663,  384,  557,  185,  810,  448,  558,  428,  612,  444,  735,  772,  392,  430,  526,  576,  604,  547,  317,  255,  464,  410,  440,  357,  348,  803,  321,  511,  577,  789,  124,  526,  588,  392,  246,  653,  747,  272,  938,  482,  571,  243,  599,  454,  875,  202,  335,  817,  323,  828,  293,  602,  296,  904,  268,  898,  256,  122,  905,  793,  354,  301,  819,  641,  408,  570,  257,  582,  531,  456,  686,  494,  420,  195,  533,  847,  749,  830,  630,  514,  500,   56,  418,  784,  206,  133,  412,  564],
        [  291,    0,  487,  393, 1086,  757,  718,    0,  213,  533,  608,  515,  505,  815,  725,  513,  430, 1007,  174,  665,  249,  268,  576, 1093,  115,   97,  206,  677,  531,  666,  703,  936,  487,  581,  247,  320,  230,  584,  358,  624,  253,  949,  229,  766,  840,  356,  416,  293,  782,  900,  381,  560,  551,  432,  210,  688,  220,  881,  205,  717,  508,  362,  396,  335,  300,  485,  680,  412,  857,  430,  204,  470,  359,  548,  982,  549,  335,  668,  418,  557,  371,  712,  477,  927,  880,  448,  838,  542,  700,  681,  721,  872,  431,  465,  304,  237,  293,  730,  668,  292,  968,  916,  416,  147, 1029,  688,  603,  739,  770,  313,  470,  323,  512,  677,  270,  646,  586,  434,  680,  640,  816,  161,  747,  711,  333,  679,  554,  278,  403,  851,  808,  444,  871,  845,   90,  290,  581,  772,  779,   68,  642,  846,  556,  306],
        [  325,    0,  282,  183,  945,  679,  604,  213,    0,  515,  433,  440,  365,  670,  518,  443,  221,  870,   71,  521,   60,  212,  660,  952,  302,  123,   78,  465,  554,  471,  506,  757,  330,  417,   36,  419,  326,  503,  326,  441,  247,  738,  322,  559,  693,  258,  249,  123,  617,  698,  228,  393,  427,  394,  172,  547,  369,  694,  277,  558,  343,  176,  184,  177,  417,  282,  476,  256,  667,  235,  230,  258,  150,  618,  826,  508,  151,  467,  451,  367,  276,  515,  310,  726,  671,  289,  728,  606,  488,  483,  549,  660,  259,  405,  335,  211,  388,  559,  456,  296,  760,  789,  271,  233,  891,  497,  424,  527,  590,  302,  408,  298,  362,  534,  303,  454,  395,  379,  488,  429,  621,  109,  573,  499,  408,  473,  351,  317,  217,  701,  599,  314,  660,  641,  189,  349,  371,  654,  581,  270,  590,  737,  578,  398],
        [  245,    0,  690,  600,  677,  267,  312,  533,  515,    0,  446,  146,  311,  463,  670,  135,  629,  595,  564,  369,  571,  719,  290,  682,  482,  488,  439,  704,  104,  875,  594,  671,  356,  397,  511,  294,  330,  163,  191,  878,  288, 1000,  758,  698,  487,  773,  739,  423,  503,  766,  361,  864,  273,  123,  356,  371,  403,  664,  333,  445,  821,  437,  571,  385,  331,  517,  840,  753,  661,  467,  332,  624,  592,  240,  628,   59,  434,  590,  146,  483,  260,  903,  385,  775,  806,  780,  394,  218,  741,  583,  493,  859,  742,  135,  814,  317,  298,  496,  735,  243, 1054,  495,  334,  666,  619,  910,  458,  768,  555,  800,  135,  801,  339,  369,  779,  868,  500,  147,  900,  754,  657,  432,  514,  741,  251,  631,  750,  259,  437,  505,  745,  821,  928,  975,  445,  259,  618,  360,  649,  589,  132,  399,  111,  288],
        [  479,    0,  389,  356,  528,  407,  275,  608,  433,  446,    0,  300,  146,  262,  226,  312,  358,  461,  503,  144,  448,  616,  724,  535,  645,  514,  405,  283,  544,  518,  149,  329,  131,   49,  401,  602,  558,  304,  379,  550,  428,  561,  754,  253,  280,  614,  511,  320,  188,  335,  229,  577,  174,  371,  417,  169,  642,  277,  518,  137,  555,  257,  323,  274,  627,  191,  461,  534,  258,  205,  467,  319,  377,  673,  398,  394,  283,  148,  512,   89,  285,  529,  131,  352,  362,  543,  376,  652,  318,  138,  116,  414,  503,  327,  754,  412,  583,  127,  326,  435,  620,  398,  201,  665,  479,  555,   18,  338,  163,  708,  324,  698,  122,  157,  726,  520,   81,  335,  546,  366,  230,  448,  141,  314,  562,  193,  418,  485,  217,  283,  300,  608,  493,  562,  536,  518,  227,  301,  210,  675,  410,  386,  556,  583],
        [  265,    0,  569,  487,  599,  245,  218,  515,  440,  146,  300,    0,  167,  353,  524,   12,  512,  517,  500,  235,  488,  651,  429,  605,  496,  447,  371,  562,  245,  746,  448,  544,  215,  252,  426,  363,  360,   69,  164,  755,  265,  855,  724,  552,  378,  691,  637,  329,  373,  623,  245,  751,  128,  105,  311,  243,  445,  528,  341,  311,  712,  324,  455,  281,  396,  383,  706,  654,  522,  340,  316,  500,  486,  378,  525,   98,  328,  445,  236,  340,  165,  770,  247,  633,  661,  678,  330,  356,  598,  438,  353,  713,  638,   55,  764,  278,  354,  357,  594,  238,  910,  419,  209,  629,  541,  782,  312,  624,  416,  739,   50,  737,  195,  238,  730,  741,  355,   85,  772,  617,  514,  381,  376,  598,  317,  486,  624,  277,  314,  395,  600,  726,  783,  835,  426,  296,  478,  273,  504,  579,  154,  337,  256,  348],
        [  338,    0,  423,  356,  585,  343,  243,  505,  365,  311,  146,  167,    0,  311,  362,  178,  373,  508,  435,  161,  398,  571,  581,  592,  524,  418,  316,  395,  404,  588,  292,  447,   54,  100,  341,  459,  422,  194,  235,  604,  295,  690,  681,  393,  336,  591,  513,  243,  282,  481,  138,  611,   70,  226,  300,  185,  508,  410,  385,  216,  578,  205,  321,  189,  486,  225,  544,  533,  396,  194,  339,  351,  363,  530,  477,  265,  222,  282,  366,  173,  149,  610,   88,  496,  506,  551,  366,  510,  431,  278,  234,  551,  510,  184,  700,  286,  441,  241,  428,  296,  743,  424,   95,  587,  529,  625,  154,  458,  293,  663,  182,  656,   28,  173,  668,  585,  190,  190,  615,  453,  375,  348,  260,  431,  418,  322,  471,  345,  180,  346,  441,  608,  617,  669,  425,  377,  313,  290,  356,  573,  303,  375,  418,  440],
        [  610,    0,  648,  616,  276,  270,  154,  815,  670,  463,  262,  353,  311,    0,  405,  362,  620,  202,  740,  151,  695,  867,  748,  282,  824,  728,  625,  499,  564,  759,  323,  223,  340,  258,  642,  715,  703,  304,  503,  800,  589,  716,  989,  407,   26,  872,  772,  549,  106,  390,  445,  835,  267,  456,  607,  127,  790,  250,  676,  126,  815,  499,  582,  496,  748,  452,  695,  795,  266,  459,  637,  580,  635,  700,  174,  405,  520,  354,  585,  350,  448,  762,  362,  383,  469,  805,  160,  679,  530,  331,  172,  557,  764,  404, 1001,  588,  705,  163,  550,  576,  787,  141,  404,  896,  222,  795,  278,  534,  194,  960,  400,  950,  309,  138,  971,  765,  336,  430,  787,  602,  299,  658,  166,  521,  669,  397,  672,  621,  462,   42,  439,  869,  665,  762,  732,  644,  474,  121,  322,  882,  359,  167,  565,  700],
        [  668,    0,  335,  367,  615,  616,  478,  725,  518,  670,  226,  524,  362,  405,    0,  535,  346,  571,  580,  348,  506,  646,  942,  620,  789,  629,  523,  108,  765,  375,   87,  328,  327,  274,  483,  794,  734,  529,  579,  430,  603,  336,  815,   42,  412,  611,  482,  439,  301,  185,  388,  489,  400,  586,  570,  366,  811,  245,  688,  299,  486,  370,  347,  414,  814,  241,  304,  506,  209,  299,  632,  294,  401,  891,  469,  619,  396,   80,  723,  199,  476,  368,  307,  217,  158,  501,  555,  871,  130,   89,  239,  190,  468,  545,  787,  578,  771,  246,  160,  623,  399,  542,  381,  739,  580,  408,  213,  130,  215,  729,  544,  714,  335,  358,  765,  387,  175,  550,  401,  222,  148,  575,  241,  118,  759,   47,  324,  671,  332,  405,   86,  570,  272,  358,  672,  707,  155,  489,  103,  786,  634,  563,  779,  773],
        [  259,    0,  577,  494,  606,  246,  225,  513,  443,  135,  312,   12,  178,  362,  535,    0,  520,  524,  502,  246,  492,  654,  417,  612,  491,  447,  372,  572,  234,  755,  460,  555,  225,  263,  430,  354,  353,   73,  159,  763,  262,  866,  724,  564,  388,  695,  643,  333,  384,  635,  251,  758,  139,   97,  310,  253,  438,  539,  336,  322,  719,  330,  462,  286,  388,  393,  716,  659,  534,  348,  312,  508,  492,  366,  534,   88,  334,  456,  225,  351,  168,  780,  257,  645,  672,  684,  335,  345,  608,  449,  365,  724,  644,   49,  765,  277,  346,  368,  604,  233,  921,  425,  216,  628,  548,  791,  323,  635,  427,  741,   45,  739,  206,  249,  730,  749,  366,   80,  781,  627,  526,  381,  387,  608,  308,  497,  632,  271,  322,  404,  611,  731,  794,  846,  423,  289,  488,  280,  516,  576,  149,  342,  245,  340],
        [  502,    0,   67,   39,  883,  715,  606,  430,  221,  629,  358,  512,  373,  620,  346,  520,    0,  819,  262,  489,  184,  300,  832,  889,  522,  344,  268,  267,  694,  262,  365,  641,  321,  369,  192,  614,  528,  559,  461,  251,  421,  519,  475,  385,  638,  270,  153,  223,  539,  531,  270,  240,  442,  510,  355,  517,  582,  566,  477,  495,  205,  193,   59,  247,  619,  168,  256,  177,  533,  179,  423,   52,   72,  786,  746,  602,  198,  321,  608,  271,  370,  302,  287,  563,  484,  186,  722,  770,  282,  344,  463,  455,  145,  498,  441,  384,  585,  473,  246,  462,  539,  755,  304,  408,  835,  294,  343,  321,  484,  384,  499,  369,  354,  503,  421,  249,  289,  482,  284,  210,  477,  318,  482,  295,  594,  309,  136,  498,  199,  640,  416,  250,  442,  421,  408,  534,  192,  645,  431,  481,  664,  731,  716,  592],
        [  781,    0,  844,  817,   83,  342,  299, 1007,  870,  595,  461,  517,  508,  202,  571,  524,  819,    0,  940,  350,  897, 1068,  859,   89, 1006,  923,  823,  673,  687,  940,  497,  283,  541,  460,  843,  873,  876,  455,  677,  986,  771,  845, 1188,  562,  182, 1074,  971,  749,  284,  499,  644, 1027,  456,  620,  797,  324,  961,  355,  854,  324, 1010,  700,  783,  695,  908,  652,  871,  995,  385,  661,  821,  777,  836,  816,  123,  542,  721,  534,  732,  548,  636,  937,  564,  478,  592, 1003,  203,  795,  699,  510,  360,  690,  963,  571, 1203,  775,  868,  350,  726,  751,  919,  101,  602, 1095,   25,  975,  477,  697,  359, 1161,  566, 1152,  509,  336, 1172,  948,  532,  600,  967,  783,  437,  853,  345,  688,  828,  573,  862,  793,  664,  179,  583, 1068,  807,  917,  921,  812,  663,  244,  474, 1074,  470,  200,  681,  861],
        [  355,    0,  315,  227, 1016,  742,  672,  174,   71,  564,  503,  500,  435,  740,  580,  502,  262,  940,    0,  591,   79,  155,  682, 1022,  279,  108,  130,  520,  593,  493,  572,  827,  400,  488,  103,  432,  336,  565,  373,  453,  284,  780,  252,  620,  763,  219,  248,  192,  688,  761,  297,  393,  495,  446,  210,  617,  363,  763,  291,  628,  342,  246,  237,  246,  424,  347,  507,  247,  735,  304,  255,  306,  191,  645,  896,  562,  222,  533,  485,  436,  336,  539,  381,  790,  730,  283,  795,  634,  539,  549,  619,  712,  262,  461,  267,  250,  402,  629,  505,  333,  796,  858,  340,  164,  961,  515,  494,  578,  660,  240,  464,  238,  432,  604,  234,  474,  463,  434,  507,  471,  687,  136,  644,  551,  429,  536,  381,  345,  287,  772,  659,  292,  703,  673,  181,  372,  429,  722,  646,  219,  647,  804,  618,  413],
        [  474,    0,  526,  481,  426,  269,  133,  665,  521,  369,  144,  235,  161,  151,  348,  246,  489,  350,  591,    0,  548,  721,  658,  432,  678,  578,  475,  420,  472,  661,  262,  311,  192,  121,  494,  587,  565,  208,  367,  692,  445,  682,  840,  365,  175,  731,  639,  399,  139,  404,  295,  716,  124,  331,  458,   28,  652,  296,  534,   77,  690,  352,  446,  346,  617,  323,  603,  661,  293,  319,  492,  455,  496,  608,  318,  311,  372,  278,  469,  228,  301,  671,  216,  409,  458,  674,  235,  586,  455,  261,  128,  528,  633,  280,  854,  441,  574,  129,  466,  437,  746,  272,  254,  746,  371,  698,  162,  470,  188,  814,  276,  805,  160,   15,  823,  663,  224,  301,  688,  509,  296,  508,  147,  450,  543,  324,  559,  484,  318,  186,  408,  736,  619,  698,  583,  511,  370,  159,  297,  733,  298,  244,  478,  570],
        [  385,    0,  239,  149,  969,  723,  640,  249,   60,  571,  448,  488,  398,  695,  506,  492,  184,  897,   79,  548,    0,  173,  719,  976,  348,  170,  136,  443,  612,  421,  504,  766,  358,  438,   62,  478,  384,  549,  382,  386,  307,  702,  313,  547,  717,  204,  190,  161,  635,  690,  262,  335,  463,  449,  232,  575,  423,  699,  335,  578,  284,  197,  161,  214,  475,  279,  432,  196,  670,  244,  290,  228,  113,  678,  845,  560,  177,  463,  510,  374,  324,  466,  333,  719,  655,  229,  763,  666,  462,  482,  563,  635,  201,  456,  308,  270,  447,  574,  427,  355,  720,  819,  306,  233,  916,  445,  437,  501,  600,  266,  458,  258,  391,  562,  278,  403,  401,  431,  437,  393,  619,  168,  587,  474,  468,  464,  306,  377,  234,  724,  584,  255,  625,  597,  241,  409,  354,  688,  577,  297,  639,  773,  636,  457],
        [  505,    0,  328,  280, 1141,  890,  812,  268,  212,  719,  616,  651,  571,  867,  646,  654,  300, 1068,  155,  721,  173,    0,  826, 1147,  383,  247,  283,  565,  746,  460,  657,  927,  530,  609,  231,  570,  475,  715,  528,  402,  437,  783,  185,  685,  888,   93,  200,  331,  803,  830,  434,  322,  635,  600,  364,  748,  484,  856,  435,  749,  274,  369,  306,  385,  557,  438,  496,  184,  825,  411,  405,  352,  249,  791, 1014,  716,  350,  614,  637,  538,  487,  508,  505,  862,  782,  215,  936,  782,  576,  635,  730,  746,  218,  615,  142,  404,  541,  741,  537,  486,  785,  991,  478,  154, 1088,  472,  604,  613,  763,   93,  618,   86,  564,  735,  121,  437,  563,  587,  465,  489,  771,  289,  753,  590,  573,  607,  378,  494,  405,  895,  716,  188,  712,  654,  314,  519,  491,  861,  727,  278,  800,  945,  771,  553],
        [  336,    0,  898,  797,  937,  518,  595,  576,  660,  290,  724,  429,  581,  748,  942,  417,  832,  859,  682,  658,  719,  826,    0,  942,  478,  580,  586,  962,  187, 1092,  872,  960,  617,  676,  670,  258,  352,  453,  379, 1081,  416, 1263,  798,  974,  771,  901,  907,  610,  792, 1052,  588, 1047,  556,  357,  490,  660,  367,  953,  392,  734,  999,  650,  775,  592,  279,  758, 1071,  914,  949,  699,  431,  841,  778,   52,  907,  348,  637,  863,  228,  748,  482, 1127,  641, 1062, 1086,  948,  657,   73,  997,  859,  781, 1130,  915,  398,  879,  454,  286,  784,  985,  372, 1311,  761,  575,  722,  883, 1125,  734, 1029,  843,  886,  400,  894,  608,  659,  846, 1081,  769,  393, 1115,  993,  943,  553,  803, 1000,  254,  901,  964,  343,  665,  789, 1022,  971, 1188, 1220,  512,  312,  867,  638,  931,  607,  394,  660,  184,  274],
        [  870,    0,  910,  890,    7,  425,  388, 1093,  952,  682,  535,  605,  592,  282,  620,  612,  889,   89, 1022,  432,  976, 1147,  942,    0, 1094, 1008,  907,  726,  772,  994,  553,  308,  622,  538,  923,  962,  964,  544,  766, 1044,  859,  872, 1271,  607,  259, 1148, 1042,  831,  351,  525,  727, 1090,  542,  708,  884,  407, 1050,  389,  942,  399, 1076,  780,  857,  778,  997,  724,  924, 1066,  422,  737,  909,  846,  911,  901,  152,  629,  802,  593,  821,  620,  723,  988,  643,  500,  621, 1072,  289,  880,  750,  568,  427,  721, 1033,  659, 1282,  862,  957,  417,  779,  840,  947,  189,  686, 1178,   65, 1028,  549,  743,  416, 1240,  655, 1230,  591,  419, 1252, 1004,  601,  688, 1021,  838,  479,  938,  409,  738,  916,  628,  924,  881,  743,  253,  622, 1139,  840,  956, 1008,  901,  725,  333,  520, 1160,  556,  285,  766,  950],
        [  240,    0,  583,  484, 1088,  729,  710,  115,  302,  482,  645,  496,  524,  824,  789,  491,  522, 1006,  279,  678,  348,  383,  478, 1094,    0,  180,  269,  754,  460,  769,  757,  968,  517,  611,  332,  227,  154,  563,  333,  731,  236, 1037,  321,  829,  849,  471,  526,  350,  805,  957,  418,  670,  557,  400,  228,  699,  113,  921,  156,  739,  619,  420,  481,  380,  201,  550,  777,  523,  900,  490,  187,  557,  451,  455,  995,  510,  393,  725,  351,  608,  378,  814,  515,  981,  946,  559,  825,  453,  780,  736,  752,  948,  540,  443,  407,  238,  205,  760,  751,  259, 1061,  911,  445,  253, 1030,  792,  642,  818,  806,  424,  447,  435,  536,  689,  375,  750,  637,  412,  784,  728,  865,  216,  778,  789,  252,  742,  652,  227,  458,  862,  874,  558,  958,  942,  119,  224,  654,  765,  832,  130,  603,  833,  485,  218],
        [  261,    0,  404,  306, 1002,  692,  640,   97,  123,  488,  514,  447,  418,  728,  629,  447,  344,  923,  108,  578,  170,  247,  580, 1008,  180,    0,  110,  583,  504,  590,  607,  842,  395,  489,  155,  327,  231,  515,  301,  555,  200,  860,  277,  670,  753,  322,  354,  197,  691,  804,  289,  499,  468,  376,  138,  602,  256,  786,  189,  627,  448,  266,  305,  241,  318,  389,  598,  354,  762,  334,  161,  380,  272,  544,  893,  495,  238,  571,  393,  461,  293,  635,  384,  830,  784,  390,  762,  535,  607,  585,  628,  778,  366,  402,  326,  174,  297,  637,  577,  247,  882,  835,  326,  182,  946,  615,  508,  647,  676,  317,  405,  321,  422,  590,  291,  572,  490,  372,  606,  551,  719,   71,  654,  618,  327,  583,  473,  250,  307,  763,  712,  399,  782,  763,   74,  273,  486,  693,  682,  162,  585,  771,  529,  308],
        [  250,    0,  333,  229,  900,  612,  547,  206,   78,  439,  405,  371,  316,  625,  523,  372,  268,  823,  130,  475,  136,  283,  586,  907,  269,  110,    0,  485,  476,  527,  498,  733,  289,  381,   85,  351,  262,  436,  249,  504,  171,  772,  367,  564,  650,  335,  322,   87,  583,  696,  182,  463,  371,  319,   97,  500,  316,  676,  211,  520,  414,  156,  219,  132,  354,  283,  523,  330,  652,  226,  159,  295,  202,  544,  787,  434,  129,  463,  374,  352,  207,  569,  275,  722,  679,  362,  670,  531,  512,  476,  519,  680,  330,  332,  395,  134,  321,  529,  484,  219,  800,  737,  222,  272,  845,  556,  398,  550,  566,  369,  335,  367,  317,  488,  361,  512,  381,  305,  547,  466,  610,   54,  545,  521,  337,  477,  402,  243,  198,  659,  607,  391,  693,  686,  151,  277,  385,  598,  573,  272,  518,  679,  501,  330],
        [  665,    0,  243,  296,  721,  688,  553,  677,  465,  704,  283,  562,  395,  499,  108,  572,  267,  673,  520,  420,  443,  565,  962,  726,  754,  583,  485,    0,  794,  269,  178,  436,  350,  324,  431,  789,  719,  579,  588,  323,  592,  303,  741,  135,  508,  521,  389,  408,  397,  277,  382,  383,  446,  607,  547,  442,  790,  352,  670,  384,  384,  343,  284,  396,  805,  213,  199,  413,  317,  277,  613,  217,  332,  912,  574,  659,  367,  147,  737,  222,  483,  265,  322,  311,  218,  403,  641,  892,   37,  169,  329,  195,  373,  574,  704,  563,  764,  337,   53,  620,  350,  638,  388,  673,  684,  303,  266,   68,  315,  644,  572,  628,  367,  432,  685,  280,  210,  572,  295,  114,  256,  538,  335,   39,  758,  103,  221,  666,  313,  503,  154,  472,  226,  280,  635,  703,  102,  571,  210,  734,  687,  650,  810,  768],
        [  244,    0,  758,  662,  767,  350,  412,  531,  554,  104,  544,  245,  404,  564,  765,  234,  694,  687,  593,  472,  612,  746,  187,  772,  460,  504,  476,  794,    0,  948,  692,  774,  445,  495,  555,  245,  308,  266,  235,  945,  310, 1092,  760,  795,  588,  808,  790,  478,  606,  868,  433,  923,  372,  189,  384,  474,  365,  767,  327,  548,  878,  504,  636,  448,  281,  598,  919,  802,  763,  543,  343,  695,  649,  137,  726,  162,  497,  686,  113,  575,  327,  979,  472,  877,  905,  832,  484,  115,  829,  680,  595,  954,  796,  221,  826,  344,  259,  598,  821,  261, 1143,  587,  413,  672,  711,  982,  555,  859,  657,  820,  223,  823,  432,  472,  791,  939,  593,  223,  972,  835,  758,  458,  617,  831,  210,  725,  821,  256,  511,  606,  843,  866, 1018, 1060,  449,  242,  703,  457,  749,  579,  218,  488,   26,  246],
        [  763,    0,  196,  300,  988,  917,  791,  666,  471,  875,  518,  746,  588,  759,  375,  755,  262,  940,  493,  661,  421,  460, 1092,  994,  769,  590,  527,  269,  948,    0,  444,  702,  536,  548,  447,  876,  788,  781,  717,   73,  683,  340,  643,  396,  770,  382,  262,  484,  660,  522,  516,  162,  652,  760,  617,  686,  839,  618,  737,  638,  195,  445,  319,  502,  880,  364,   75,  276,  582,  408,  684,  253,  326, 1045,  842,  841,  456,  407,  867,  436,  621,   49,  502,  556,  438,  247,  892, 1029,  248,  431,  588,  360,  244,  741,  574,  646,  846,  597,  216,  723,  329,  899,  542,  604,  951,   38,  500,  265,  581,  510,  741,  490,  564,  674,  568,   25,  438,  730,   29,  158,  522,  575,  598,  261,  856,  367,  129,  760,  439,  767,  397,  298,  281,  197,  660,  796,  292,  818,  477,  705,  890,  901,  968,  854],
        [  614,    0,  370,  378,  547,  530,  392,  703,  506,  594,  149,  448,  292,  323,   87,  460,  365,  497,  572,  262,  504,  657,  872,  553,  757,  607,  498,  178,  692,  444,    0,  279,  265,  198,  471,  740,  687,  449,  520,  492,  556,  421,  816,  105,  331,  634,  512,  412,  219,  201,  343,  541,  322,  518,  531,  280,  768,  201,  643,  213,  531,  342,  352,  378,  762,  226,  376,  537,  169,  274,  589,  315,  409,  821,  402,  542,  369,   44,  658,  150,  420,  442,  252,  225,  214,  536,  469,  800,  208,   23,  154,  269,  500,  475,  799,  534,  718,  161,  230,  570,  484,  461,  327,  735,  508,  479,  139,  214,  138,  745,  472,  731,  266,  271,  775,  452,  121,  482,  471,  287,  116,  547,  158,  199,  702,   77,  374,  619,  301,  325,  152,  605,  358,  443,  642,  654,  180,  403,   76,  767,  551,  478,  704,  719],
        [  780,    0,  648,  651,  304,  492,  373,  936,  757,  671,  329,  544,  447,  223,  328,  555,  641,  283,  827,  311,  766,  927,  960,  308,  968,  842,  733,  436,  774,  702,  279,    0,  452,  358,  724,  896,  867,  508,  674,  758,  742,  565, 1077,  307,  207,  910,  790,  647,  172,  218,  556,  814,  432,  642,  741,  303,  954,   85,  832,  238,  808,  583,  623,  602,  926,  490,  629,  814,  120,  524,  785,  593,  679,  911,  163,  612,  609,  322,  779,  392,  596,  690,  459,  195,  314,  814,  370,  889,  455,  299,  217,  413,  778,  590, 1068,  732,  882,  208,  488,  740,  640,  302,  524,  990,  284,  734,  335,  443,  167, 1017,  586, 1004,  433,  307, 1042,  714,  366,  610,  727,  550,  181,  776,  190,  441,  852,  347,  648,  789,  541,  189,  317,  883,  532,  649,  862,  818,  458,  344,  226, 1003,  577,  375,  777,  879],
        [  351,    0,  370,  305,  616,  395,  290,  487,  330,  356,  131,  215,   54,  340,  327,  225,  321,  541,  400,  192,  358,  530,  617,  622,  517,  395,  289,  350,  445,  536,  265,  452,    0,   95,  303,  476,  428,  246,  255,  551,  298,  648,  650,  361,  364,  545,  463,  209,  296,  461,  107,  558,  122,  261,  289,  218,  512,  406,  388,  232,  525,  162,  270,  157,  499,  172,  493,  483,  388,  142,  337,  298,  314,  566,  499,  313,  181,  249,  397,  131,  156,  558,   35,  479,  476,  501,  411,  546,  386,  249,  236,  514,  459,  224,  663,  282,  455,  245,  380,  307,  699,  462,   72,  558,  561,  572,  132,  414,  290,  623,  223,  615,   35,  205,  631,  532,  153,  225,  563,  402,  359,  327,  263,  387,  437,  284,  418,  356,  131,  372,  409,  558,  574,  621,  411,  391,  263,  334,  334,  554,  355,  420,  461,  456],
        [  436,    0,  406,  361,  532,  371,  245,  581,  417,  397,   49,  252,  100,  258,  274,  263,  369,  460,  488,  121,  438,  609,  676,  538,  611,  489,  381,  324,  495,  548,  198,  358,   95,    0,  387,  558,  518,  258,  334,  575,  389,  608,  739,  301,  280,  615,  519,  299,  202,  381,  201,  596,  127,  323,  384,  148,  603,  314,  479,  141,  570,  243,  327,  249,  584,  203,  495,  541,  297,  202,  430,  335,  378,  625,  409,  346,  266,  195,  464,  113,  244,  562,  108,  397,  410,  554,  355,  604,  360,  187,  141,  462,  513,  278,  745,  376,  540,  150,  364,  393,  666,  389,  167,  647,  479,  585,   62,  382,  197,  702,  276,  693,   79,  135,  715,  549,  116,  288,  576,  401,  275,  421,  168,  357,  517,  238,  442,  443,  205,  286,  349,  616,  539,  603,  506,  475,  259,  278,  257,  648,  365,  364,  507,  539],
        [  334,    0,  255,  153,  917,  662,  582,  247,   36,  511,  401,  426,  341,  642,  483,  430,  192,  843,  103,  494,   62,  231,  670,  923,  332,  155,   85,  431,  555,  447,  471,  724,  303,  387,    0,  435,  344,  488,  323,  420,  254,  706,  354,  524,  665,  266,  238,  100,  587,  663,  203,  379,  404,  389,  180,  520,  393,  661,  294,  528,  330,  145,  151,  154,  436,  247,  448,  248,  633,  201,  243,  226,  122,  627,  795,  499,  122,  432,  455,  333,  263,  489,  281,  691,  636,  279,  705,  614,  454,  449,  517,  625,  246,  394,  360,  217,  405,  527,  422,  301,  729,  763,  247,  266,  863,  474,  391,  493,  558,  323,  397,  317,  335,  508,  329,  431,  361,  370,  465,  397,  586,  129,  542,  464,  421,  438,  324,  327,  185,  672,  564,  312,  628,  612,  217,  361,  336,  630,  546,  305,  578,  714,  579,  414],
        [  126,    0,  680,  576,  956,  559,  577,  320,  419,  294,  602,  363,  459,  715,  794,  354,  614,  873,  432,  587,  478,  570,  258,  962,  227,  327,  351,  789,  245,  876,  740,  896,  476,  558,  435,    0,   97,  419,  225,  854,  199, 1090,  543,  831,  740,  648,  667,  396,  725,  936,  409,  811,  465,  259,  260,  600,  122,  867,  143,  659,  761,  451,  560,  395,   38,  577,  865,  672,  854,  513,  192,  633,  552,  229,  887,  337,  432,  719,  149,  597,  320,  915,  489,  953,  949,  706,  677,  226,  822,  722,  689,  974,  677,  311,  623,  232,   31,  695,  801,  172, 1128,  774,  414,  466,  898,  905,  606,  857,  750,  629,  315,  637,  481,  593,  589,  861,  623,  287,  896,  797,  832,  310,  714,  827,   46,  749,  749,  124,  477,  756,  879,  723, 1012, 1023,  257,   87,  689,  630,  809,  354,  425,  683,  267,   23],
        [   95,    0,  593,  489,  958,  583,  577,  230,  326,  330,  558,  360,  422,  703,  734,  353,  528,  876,  336,  565,  384,  475,  352,  964,  154,  231,  262,  719,  308,  788,  687,  867,  428,  518,  344,   97,    0,  424,  200,  764,  132, 1017,  457,  773,  729,  552,  573,  316,  699,  886,  347,  718,  441,  258,  176,  582,   87,  831,   52,  632,  667,  377,  476,  324,   93,  507,  782,  577,  814,  443,  108,  550,  463,  320,  876,  361,  355,  662,  197,  540,  275,  829,  436,  906,  891,  612,  687,  314,  750,  668,  655,  909,  584,  306,  532,  157,   67,  662,  727,  129, 1051,  778,  361,  375,  900,  817,  560,  787,  714,  536,  310,  543,  440,  573,  498,  773,  568,  277,  808,  718,  786,  217,  681,  757,  104,  688,  663,   84,  408,  743,  820,  627,  938,  942,  161,   71,  618,  632,  759,  272,  454,  694,  333,   79],
        [  329,    0,  612,  537,  537,  178,  159,  584,  503,  163,  304,   69,  194,  304,  529,   73,  559,  455,  565,  208,  549,  715,  453,  544,  563,  515,  436,  579,  266,  781,  449,  508,  246,  258,  488,  419,  424,    0,  231,  796,  334,  865,  792,  554,  329,  751,  690,  389,  340,  609,  297,  798,  134,  166,  379,  208,  508,  502,  408,  284,  762,  375,  504,  338,  454,  418,  737,  708,  500,  382,  384,  541,  538,  403,  473,  105,  383,  452,  283,  359,  229,  802,  280,  616,  656,  730,  263,  381,  615,  441,  334,  716,  689,  121,  830,  347,  414,  336,  616,  305,  923,  356,  257,  696,  479,  818,  318,  639,  395,  804,  117,  800,  219,  207,  796,  778,  370,  152,  808,  645,  500,  448,  354,  613,  374,  495,  663,  342,  361,  346,  600,  781,  796,  857,  494,  359,  503,  212,  496,  648,  110,  271,  272,  407],
        [  108,    0,  525,  428,  759,  401,  379,  358,  326,  191,  379,  164,  235,  503,  579,  159,  461,  677,  373,  367,  382,  528,  379,  766,  333,  301,  249,  588,  235,  717,  520,  674,  255,  334,  323,  225,  200,  231,    0,  711,  106,  890,  576,  615,  529,  583,  556,  243,  503,  713,  209,  688,  244,   76,  166,  383,  287,  643,  178,  437,  643,  273,  402,  215,  253,  380,  693,  569,  630,  321,  155,  465,  414,  330,  676,  194,  263,  502,  152,  381,  105,  750,  273,  730,  731,  598,  493,  313,  622,  503,  465,  764,  561,  111,  626,  128,  209,  471,  607,   75,  934,  581,  201,  482,  701,  751,  384,  655,  526,  610,  115,  610,  257,  375,  591,  707,  406,   80,  741,  614,  609,  242,  491,  626,  184,  535,  590,  118,  286,  544,  663,  634,  813,  841,  268,  145,  491,  434,  587,  420,  285,  501,  258,  206],
        [  747,    0,  188,  285, 1038,  941,  819,  624,  441,  878,  550,  755,  604,  800,  430,  763,  251,  986,  453,  692,  386,  402, 1081, 1044,  731,  555,  504,  323,  945,   73,  492,  758,  551,  575,  420,  854,  764,  796,  711,    0,  666,  411,  583,  454,  813,  320,  210,  471,  704,  586,  517,   91,  671,  760,  597,  718,  808,  674,  713,  677,  130,  442,  310,  497,  856,  380,  142,  221,  639,  416,  662,  256,  304, 1035,  893,  848,  449,  452,  858,  464,  620,  117,  517,  621,  505,  187,  925, 1020,  307,  477,  630,  431,  194,  745,  509,  629,  824,  639,  271,  709,  396,  940,  548,  551,  998,   71,  532,  328,  629,  446,  746,  425,  582,  705,  505,   51,  470,  731,   66,  209,  578,  548,  642,  321,  838,  416,  135,  742,  442,  811,  460,  231,  354,  264,  627,  777,  327,  850,  532,  659,  904,  935,  966,  833],
        [   81,    0,  487,  384,  853,  506,  476,  253,  247,  288,  428,  265,  295,  589,  603,  262,  421,  771,  284,  445,  307,  437,  416,  859,  236,  200,  171,  592,  310,  683,  556,  742,  298,  389,  254,  199,  132,  334,  106,  666,    0,  892,  472,  641,  615,  500,  492,  200,  576,  755,  216,  631,  323,  180,   76,  464,  215,  702,   91,  509,  583,  253,  365,  197,  213,  380,  669,  501,  685,  316,   51,  436,  363,  373,  761,  298,  234,  531,  204,  408,  147,  720,  304,  775,  760,  533,  593,  360,  624,  537,  528,  780,  500,  214,  526,   38,  172,  535,  603,   50,  929,  677,  229,  379,  795,  714,  429,  660,  585,  514,  218,  516,  311,  455,  491,  670,  436,  183,  704,  599,  655,  148,  554,  630,  174,  557,  555,   78,  280,  628,  689,  561,  814,  826,  163,  114,  492,  531,  628,  315,  390,  601,  335,  177],
        [  966,    0,  467,  556,  868,  948,  810,  949,  738, 1000,  561,  855,  690,  716,  336,  866,  519,  845,  780,  682,  702,  783, 1263,  872, 1037,  860,  772,  303, 1092,  340,  421,  565,  648,  608,  706, 1090, 1017,  865,  890,  411,  892,    0,  967,  318,  716,  714,  585,  702,  612,  348,  684,  501,  734,  908,  842,  698, 1084,  491,  967,  626,  532,  640,  556,  695, 1104,  514,  289,  604,  463,  577,  910,  481,  591, 1213,  727,  952,  662,  414, 1039,  518,  785,  295,  623,  373,  254,  579,  873, 1193,  269,  425,  565,  160,  567,  872,  907,  861, 1064,  569,  290,  921,   76,  841,  690,  916,  848,  346,  547,  236,  524,  843,  870,  824,  662,  690,  898,  364,  500,  872,  347,  310,  419,  824,  559,  265, 1059,  370,  407,  966,  613,  705,  279,  635,   79,  157,  920, 1003,  402,  814,  396,  999,  970,  881, 1107, 1068],
