{
    "name": "random-4-32210",
    "comment": "size=4 seed=32210",
    "nodes": ["+0", "-0", "+1", "-1", "+2", "-2", "+3", "-3", "+4", "-4"],
    "precedence": {
        "+0": "-0",
        "+1": "-1",
        "+2": "-2",
        "+3": "-3",
        "+4": "-4"
    },
    "edges": [
        [    0,    0,  334,  678,  290,  319,  153,  536,  318,  441],
        [    0,    0,  334,  678,  290,  319,  153,  536,  318,  441],
        [  334,  334,    0,  845,  353,  185,  476,  314,  366,  352],
        [  678,  678,  845,    0,  493,  675,  713,  753,  481,  571],
        [  290,  290,  353,  493,    0,  189,  415,  345,   28,  184],
        [  319,  319,  185,  675,  189,    0,  470,  218,  195,  175],
        [  153,  153,  476,  713,  415,  470,    0,  688,  441,  582],
        [  536,  536,  314,  753,  345,  218,  688,    0,  334,  187],
        [  318,  318,  366,  481,   28,  195,  441,  334,    0,  165],
        [  441,  441,  352,  571,  184,  175,  582,  187,  165,    0]
    ]
}
