{
    "name": "random-68-18056",
    "comment": "size=68 seed=18056",
    "nodes": ["+0", "-0", "+1", "-1", "+2", "-2", "+3", "-3", "+4", "-4", "+5", "-5", "+6", "-6", "+7", "-7", "+8", "-8", "+9", "-9", "+10", "-10", "+11", "-11", "+12", "-12", "+13", "-13", "+14", "-14", "+15", "-15", "+16", "-16", "+17", "-17", "+18", "-18", "+19", "-19", "+20", "-20", "+21", "-21", "+22", "-22", "+23", "-23", "+24", "-24", "+25", "-25", "+26", "-26", "+27", "-27", "+28", "-28", "+29", "-29", "+30", "-30", "+31", "-31", "+32", "-32", "+33", "-33", "+34", "-34", "+35", "-35", "+36", "-36", "+37", "-37", "+38", "-38", "+39", "-39", "+40", "-40", "+41", "-41", "+42", "-42", "+43", "-43", "+44", "-44", "+45", "-45", "+46", "-46", "+47", "-47", "+48", "-48", "+49", "-49", "+50", "-50", "+51", "-51", "+52", "-52", "+53", "-53", "+54", "-54", "+55", "-55", "+56", "-56", "+57", "-57", "+58", "-58", "+59", "-59", "+60", "-60", "+61", "-61", "+62", "-62", "+63", "-63", "+64", "-64", "+65", "-65", "+66", "-66", "+67", "-67", "+68", "-68"],
    "precedence": {
        "+0": "-0",
        "+1": "-1",
        "+2": "-2",
        "+3": "-3",
        "+4": "-4",
        "+5": "-5",
        "+6": "-6",
        "+7": "-7",
        "+8": "-8",
        "+9": "-9",
        "+10": "-10",
        "+11": "-11",
        "+12": "-12",
        "+13": "-13",
        "+14": "-14",
        "+15": "-15",
        "+16": "-16",
        "+17": "-17",
        "+18": "-18",
        "+19": "-19",
        "+20": "-20",
        "+21": "-21",
        "+22": "-22",
        "+23": "-23",
        "+24": "-24",
        "+25": "-25",
        "+26": "-26",
        "+27": "-27",
        "+28": "-28",
        "+29": "-29",
        "+30": "-30",
        "+31": "-31",
        "+32": "-32",
        "+33": "-33",
        "+34": "-34",
        "+35": "-35",
        "+36": "-36",
        "+37": "-37",
        "+38": "-38",
        "+39": "-39",
        "+40": "-40",
        "+41": "-41",
        "+42": "-42",
        "+43": "-43",
        "+44": "-44",
        "+45": "-45",
        "+46": "-46",
        "+47": "-47",
        "+48": "-48",
        "+49": "-49",
        "+50": "-50",
        "+51": "-51",
        "+52": "-52",
        "+53": "-53",
        "+54": "-54",
        "+55": "-55",
        "+56": "-56",
        "+57": "-57",
        "+58": "-58",
        "+59": "-59",
        "+60": "-60",
        "+61": "-61",
        "+62": "-62",
        "+63": "-63",
        "+64": "-64",
        "+65": "-65",
        "+66": "-66",
        "+67": "-67",
        "+68": "-68"
    },
    "edges": [
        [    0,    0,  510,  571,  615,  715,  519,  728,  805,  741,  772,  608,  479,  354,  436,  167,  155,  539,  601,  192,  633,  761,  619,  628,  162,  130,  498,  811,  511,  345,  476,  375,  145,  732,  255,  617,  561,  869,  829,   38,  581,  528,  757,  155,  318,  808,  328,  666,  227,  669,  323,  373,   70,  302,  784,  192,  250,   91,  214,  313,  307,  585,  148,  261,  305,  146,  443, 1004,  612,  404,  472,  627,  470,  332,  639,  710,  506,   89,  347,  609,  642,  575,  251,  231,  614,  677,  794,  113,  722,  298,  457,   53,   39,  341,  197,  773,  739,  342,  642,  402,  800,  282,  175,  502,  671,  616,  822,  647,  378,  808,  401,  722,  932,  445,  862,  508,  171,  603,  261,  739,  671,  378,  120,  987,  504,  671,  110,  817,  343,  896,  673,  452,  303,  768,  581,  394,  979,  341],
        [    0,    0,    0,    0,    0,    0,    0,    0,    0,    0,    0,    0,    0,    0,    0,    0,    0,    0,    0,    0,    0,    0,    0,    0,    0,    0,    0,    0,    0,    0,    0,    0,    0,    0,    0,    0,    0,    0,    0,    0,    0,    0,    0,    0,    0,    0,    0,    0,    0,    0,    0,    0,    0,    0,    0,    0,    0,    0,    0,    0,    0,    0,    0,    0,    0,    0,    0,    0,    0,    0,    0,    0,    0,    0,    0,    0,    0,    0,    0,    0,    0,    0,    0,    0,    0,    0,    0,    0,    0,    0,    0,    0,    0,    0,    0,    0,    0,    0,    0,    0,    0,    0,    0,    0,    0,    0,    0,    0,    0,    0,    0,    0,    0,    0,    0,    0,    0,    0,    0,    0,    0,    0,    0,    0,    0,    0,    0,    0,    0,    0,    0,    0,    0,    0,    0,    0,    0,    0],
        [  510,    0,    0,  493,  459,  228,   30,  505,  393,  359,  296,  214,  106,  212,  518,  470,  435,  346,  428,  644,  219,  485,  233,  346,  660,  578,  536,  388,  265,  252,  286,  178,  608,  648,  619,  371,  398,  360,  658,  531,  557,  454,  386,  507,  432,  345,  347,  161,  335,  240,  277,  508,  441,  412,  328,  669,  610,  564,  721,  664,  746,  360,  466,  570,  354,  634,  327,  494,  611,  510,  363,  276,  271,  377,  158,  612,  239,  598,  180,  186,  203,  406,  750,  331,  430,  248,  302,  475,  241,  659,  268,  526,  482,  502,  707,  271,  250,  631,  431,  569,  589,  626,  361,  146,  276,  188,  317,  340,  309,  456,  536,  297,  424,  246,  755,  573,  679,  193,  288,  596,  345,  216,  536,  477,  121,  652,  454,  310,  205,  397,  410,  525,  665,  456,  139,  132,  470,  563],
        [  571,    0,  493,    0,   84,  686,  523,  984,  879,  360,  756,  349,  388,  579,  171,  672,  417,  801,  887,  548,  373,  974,  340,  221,  623,  699,  121,  871,  725,  614,  209,  364,  715, 1094,  811,  846,  106,  726, 1132,  609,  971,   48,  878,  688,  748,  505,  259,  534,  593,  730,  620,  229,  535,  270,  799,  593,  804,  545,  691,  870,  877,  166,  654,  389,  278,  592,  742,  794,  124,  199,  140,  767,  712,  715,  465, 1061,  258,  617,  523,  679,  405,  860,  791,  593,  113,  400,  560,  462,  497,  857,  230,  540,  576,  258,  702,  581,  520,  878,  902,  251, 1069,  834,  567,  622,  355,  680,  625,  250,  690,  949,  222,  407,  785,  254, 1215,  946,  702,  368,  374, 1058,  274,  606,  677,  816,  376, 1073,  462,  635,  367,  800,  893,  160,  863,  948,  631,  518,  807,  306],
        [  615,    0,  459,   84,    0,  634,  488,  959,  833,  280,  703,  289,  356,  573,  247,  699,  462,  784,  869,  612,  310,  943,  277,  148,  683,  740,  203,  823,  706,  611,  189,  356,  758, 1083,  844,  823,   66,  659, 1110,  651,  968,  100,  839,  719,  759,  428,  290,  477,  607,  688,  621,  299,  572,  318,  748,  656,  837,  599,  751,  903,  921,  103,  683,  457,  312,  651,  734,  719,  196,  271,  148,  735,  697,  721,  407, 1048,  221,  669,  517,  641,  343,  844,  846,  606,   35,  331,  488,  509,  429,  891,  213,  588,  615,  325,  760,  513,  451,  904,  881,  329, 1044,  866,  588,  596,  284,  641,  554,  175,  687,  909,  298,  333,  715,  238, 1200,  951,  756,  310,  392, 1041,  196,  598,  714,  744,  338, 1069,  507,  566,  366,  735,  866,  238,  896,  914,  594,  504,  735,  379],
        [  715,    0,  228,  686,  634,    0,  208,  428,  206,  440,   71,  348,  319,  372,  736,  640,  658,  358,  410,  864,  332,  379,  363,  497,  871,  761,  747,  193,  298,  397,  489,  406,  792,  616,  774,  331,  582,  184,  577,  730,  577,  654,  237,  679,  555,  341,  572,  164,  510,  111,  425,  732,  646,  639,  114,  886,  764,  779,  929,  808,  911,  532,  642,  797,  581,  848,  399,  333,  809,  731,  569,  208,  332,  498,  231,  580,  431,  803,  369,  133,  301,  400,  941,  505,  602,  330,  256,  695,  251,  807,  476,  738,  683,  727,  910,  202,  239,  760,  387,  793,  498,  774,  550,  226,  378,  124,  216,  479,  419,  302,  759,  361,  236,  457,  693,  630,  879,  326,  513,  543,  472,  358,  718,  294,  320,  652,  672,  197,  432,  184,  340,  742,  812,  333,  138,  322,  288,  790],
        [  519,    0,   30,  523,  488,  208,    0,  476,  366,  381,  274,  240,  135,  205,  545,  469,  452,  321,  402,  659,  242,  456,  258,  374,  671,  580,  564,  362,  240,  242,  315,  202,  611,  622,  616,  343,  427,  351,  630,  537,  535,  484,  357,  507,  421,  358,  371,  163,  334,  212,  269,  533,  450,  436,  304,  683,  606,  576,  731,  658,  745,  389,  467,  590,  378,  647,  307,  489,  640,  536,  392,  247,  249,  365,  173,  586,  268,  607,  180,  157,  224,  380,  755,  330,  460,  268,  308,  489,  252,  654,  297,  537,  489,  526,  716,  273,  259,  623,  403,  594,  560,  621,  364,  121,  299,  159,  317,  367,  295,  427,  562,  317,  414,  274,  728,  555,  687,  218,  306,  568,  372,  205,  538,  469,  150,  629,  468,  308,  226,  382,  382,  552,  660,  427,  110,  130,  461,  587],
        [  728,    0,  505,  984,  959,  428,  476,    0,  283,  838,  406,  711,  604,  432,  966,  578,  762,  199,  128,  917,  707,   72,  728,  850,  882,  698, 1001,  303,  262,  413,  777,  625,  725,  202,  636,  138,  896,  583,  155,  721,  244,  941,  212,  610,  425,  764,  777,  563,  510,  321,  425,  934,  678,  824,  365,  918,  629,  816,  915,  639,  772,  863,  593,  926,  773,  872,  289,  717, 1094,  948,  846,  238,  286,  398,  615,  171,  739,  802,  480,  339,  682,  153,  868,  507,  933,  722,  682,  773,  665,  646,  755,  773,  690,  916,  884,  629,  658,  570,   89,  992,   86,  620,  564,  364,  762,  343,  642,  842,  356,  188,  967,  764,  609,  731,  266,  341,  843,  688,  668,  121,  844,  401,  662,  660,  624,  268,  750,  623,  630,  532,   96,  977,  650,  122,  381,  471,  658,  961],
        [  805,    0,  393,  879,  833,  206,  366,  283,    0,  645,  152,  550,  496,  453,  910,  693,  783,  318,  325,  976,  536,  217,  565,  699,  966,  820,  928,   20,  304,  461,  675,  563,  850,  485,  799,  251,  777,  315,  412,  811,  495,  843,   75,  731,  570,  538,  733,  369,  580,  155,  485,  896,  741,  795,  101,  990,  791,  881, 1015,  820,  941,  730,  701,  937,  737,  948,  399,  439, 1000,  901,  754,  180,  347,  520,  435,  453,  621,  891,  474,  215,  505,  330, 1001,  576,  801,  536,  448,  811,  455,  823,  659,  838,  769,  887,  990,  396,  441,  760,  284,  957,  332,  791,  630,  313,  583,  211,  395,  683,  447,  110,  926,  566,  331,  637,  533,  574,  954,  527,  652,  403,  676,  428,  778,  380,  505,  543,  787,  374,  583,  253,  224,  918,  828,  164,  259,  439,  379,  945],
        [  741,    0,  359,  360,  280,  440,  381,  838,  645,    0,  498,  152,  301,  552,  495,  767,  609,  701,  779,  802,  141,  804,  135,  146,  853,  846,  468,  632,  620,  594,  277,  379,  872, 1000,  922,  714,  267,  407,  993,  773,  916,  355,  673,  797,  771,  153,  437,  281,  643,  526,  615,  530,  681,  496,  549,  840,  913,  758,  922,  974, 1029,  207,  756,  667,  459,  822,  685,  445,  474,  510,  324,  601,  629,  720,  224,  963,  236,  816,  504,  499,  159,  759,  991,  640,  247,  117,  228,  659,  193,  966,  291,  733,  727,  545,  921,  268,  210,  955,  775,  576,  918,  936,  648,  501,   84,  496,  298,  117,  661,  740,  540,   80,  456,  298, 1099,  929,  906,  168,  481,  941,   90,  564,  811,  476,  271, 1009,  647,  313,  408,  491,  743,  491,  972,  763,  459,  467,  467,  610],
        [  772,    0,  296,  756,  703,   71,  274,  406,  152,  498,    0,  415,  389,  423,  807,  687,  722,  371,  410,  926,  398,  350,  429,  563,  930,  811,  817,  136,  323,  444,  559,  474,  841,  603,  814,  329,  652,  179,  549,  785,  581,  724,  200,  727,  590,  386,  642,  228,  560,  121,  472,  802,  704,  708,   52,  947,  805,  839,  986,  845,  954,  600,  691,  864,  650,  908,  426,  320,  879,  802,  639,  214,  362,  535,  297,  568,  502,  860,  426,  170,  366,  405,  992,  556,  670,  392,  297,  757,  306,  845,  546,  797,  739,  797,  966,  244,  291,  793,  380,  863,  469,  812,  603,  274,  441,  161,  245,  544,  456,  257,  829,  419,  214,  528,  668,  644,  933,  393,  579,  525,  535,  405,  768,  270,  391,  648,  734,  224,  500,  146,  326,  813,  850,  299,  191,  381,  266,  859],
        [  608,    0,  214,  349,  289,  348,  240,  711,  550,  152,  415,    0,  150,  401,  439,  620,  487,  560,  641,  690,   30,  683,   19,  149,  732,  706,  431,  540,  479,  443,  185,  236,  732,  862,  775,  580,  243,  380,  865,  637,  770,  325,  564,  652,  620,  206,  330,  188,  494,  413,  464,  456,  544,  397,  462,  725,  766,  635,  800,  827,  886,  187,  611,  572,  349,  702,  537,  465,  473,  445,  257,  475,  484,  569,  119,  825,  125,  687,  353,  375,   58,  619,  858,  491,  256,   73,  227,  536,  155,  819,  186,  605,  590,  464,  795,  237,  178,  806,  641,  511,  793,  788,  502,  360,   69,  374,  284,  134,  510,  634,  475,  115,  440,  183,  966,  780,  776,   24,  348,  807,  134,  414,  669,  477,  120,  866,  521,  291,  267,  451,  615,  440,  825,  648,  331,  316,  468,  531],
        [  479,    0,  106,  388,  356,  319,  135,  604,  496,  301,  389,  150,    0,  253,  419,  474,  377,  434,  518,  587,  167,  588,  167,  255,  616,  567,  433,  491,  354,  295,  181,  107,  595,  736,  629,  468,  294,  420,  755,  505,  634,  349,  491,  507,  470,  332,  258,  204,  345,  344,  315,  414,  412,  326,  426,  618,  620,  518,  682,  679,  744,  260,  466,  494,  270,  588,  398,  539,  506,  413,  258,  380,  351,  420,  162,  701,  136,  563,  204,  291,  167,  494,  727,  343,  329,  208,  317,  423,  244,  672,  163,  484,  457,  411,  672,  302,  261,  657,  526,  475,  689,  641,  357,  241,  219,  293,  352,  255,  365,  561,  441,  258,  485,  142,  848,  636,  649,  137,  228,  689,  266,  269,  528,  533,   31,  732,  404,  351,  140,  471,  511,  425,  678,  560,  244,  170,  525,  475],
        [  354,    0,  212,  579,  573,  372,  205,  432,  453,  552,  423,  401,  253,    0,  538,  270,  340,  235,  318,  524,  414,  444,  418,  501,  514,  389,  577,  458,  177,   43,  385,  218,  420,  517,  412,  300,  507,  542,  567,  363,  395,  532,  411,  309,  222,  556,  349,  368,  138,  316,   65,  502,  288,  393,  432,  537,  403,  429,  566,  454,  544,  491,  271,  502,  343,  495,  164,  686,  677,  517,  440,  279,  147,  169,  369,  484,  367,  441,   57,  257,  405,  291,  570,  134,  553,  450,  513,  362,  453,  450,  360,  385,  318,  484,  544,  477,  462,  419,  344,  560,  516,  417,  181,  150,  469,  264,  520,  504,  116,  469,  536,  500,  602,  336,  640,  386,  511,  385,  237,  487,  517,   32,  346,  658,  283,  496,  338,  510,  212,  556,  355,  550,  456,  438,  235,   86,  651,  530],
        [  436,    0,  518,  171,  247,  736,  545,  966,  910,  495,  807,  439,  419,  538,    0,  563,  288,  772,  856,  384,  467,  968,  436,  350,  464,  566,   64,  906,  705,  566,  258,  351,  578, 1048,  687,  830,  231,  813, 1105,  473,  912,  148,  896,  571,  666,  627,  189,  603,  513,  756,  564,   66,  415,  155,  844,  429,  682,  394,  529,  747,  735,  288,  543,  223,  196,  433,  698,  903,  176,   34,  182,  772,  682,  644,  540, 1017,  319,  468,  487,  698,  495,  828,  637,  514,  266,  503,  664,  324,  593,  732,  265,  397,  449,   98,  543,  674,  616,  765,  880,   83, 1051,  713,  475,  620,  467,  701,  722,  379,  637,  964,   52,  525,  876,  281, 1174,  871,  548,  452,  304, 1024,  406,  568,  551,  915,  418, 1013,  331,  728,  339,  877,  882,   16,  737,  951,  652,  499,  906,  136],
        [  167,    0,  470,  672,  699,  640,  469,  578,  693,  767,  687,  620,  474,  270,  563,    0,  278,  399,  451,  356,  640,  618,  635,  678,  307,  127,  620,  702,  390,  244,  532,  389,  158,  567,  156,  479,  638,  811,  668,  149,  415,  625,  636,   40,  156,  802,  414,  630,  136,  574,  216,  505,  152,  413,  690,  348,  147,  257,  337,  209,  276,  647,   21,  419,  394,  301,  304,  955,  734,  532,  551,  513,  347,  183,  619,  546,  543,  227,  290,  519,  641,  427,  309,  140,  690,  682,  771,  257,  705,  200,  509,  219,  134,  475,  308,  740,  717,  207,  496,  545,  645,  171,  120,  415,  688,  527,  785,  691,  247,  680,  536,  731,  871,  490,  697,  341,  268,  610,  309,  578,  711,  283,   87,  928,  503,  505,  241,  776,  362,  823,  533,  578,  206,  632,  502,  339,  921,  489],
        [  155,    0,  435,  417,  462,  658,  452,  762,  783,  609,  722,  487,  377,  340,  288,  278,    0,  564,  639,  211,  514,  781,  495,  486,  246,  283,  348,  785,  516,  351,  335,  271,  299,  804,  400,  636,  410,  791,  883,  192,  659,  374,  748,  284,  399,  692,  179,  578,  259,  635,  338,  228,  128,  148,  744,  241,  394,  150,  315,  459,  460,  438,  258,  164,  156,  215,  475,  915,  463,  257,  321,  616,  482,  391,  538,  778,  374,  211,  310,  573,  528,  612,  389,  262,  463,  558,  692,   51,  617,  446,  319,  129,  162,  198,  313,  679,  636,  478,  673,  267,  842,  426,  210,  471,  545,  579,  729,  507,  408,  808,  259,  600,  856,  311,  935,  603,  301,  486,  150,  796,  533,  370,  264,  907,  397,  757,   46,  727,  238,  831,  692,  304,  451,  778,  536,  346,  898,  216],
        [  539,    0,  346,  801,  784,  358,  321,  199,  318,  701,  371,  560,  434,  235,  772,  399,  564,    0,   86,  725,  563,  223,  579,  688,  696,  525,  809,  331,   82,  215,  598,  438,  554,  303,  487,   81,  719,  539,  334,  535,  224,  756,  250,  435,  259,  656,  583,  448,  316,  253,  227,  737,  485,  628,  351,  730,  479,  625,  735,  504,  628,  693,  412,  728,  578,  684,   97,  687,  906,  752,  662,  158,   90,  218,  484,  267,  566,  617,  285,  232,  543,   61,  703,  312,  760,  587,  587,  577,  550,  507,  575,  581,  501,  718,  706,  538,  550,  443,  110,  795,  281,  477,  370,  201,  620,  239,  565,  685,  162,  283,  771,  633,  584,  550,  416,  274,  667,  539,  472,  258,  691,  205,  485,  641,  459,  310,  553,  548,  440,  516,  135,  783,  513,  233,  255,  283,  636,  763],
        [  601,    0,  428,  887,  869,  410,  402,  128,  325,  779,  410,  641,  518,  318,  856,  451,  639,   86,    0,  791,  642,  172,  659,  772,  755,  572,  894,  342,  165,  294,  683,  523,  599,  221,  517,   82,  805,  585,  250,  594,  173,  841,  251,  484,  300,  726,  667,  518,  385,  300,  303,  820,  552,  710,  380,  791,  509,  689,  788,  524,  655,  777,  466,  803,  661,  745,  165,  729,  991,  835,  747,  203,  176,  271,  559,  185,  651,  675,  370,  294,  621,   28,  744,  382,  845,  664,  651,  648,  621,  530,  660,  646,  563,  800,  757,  601,  618,  458,   49,  876,  203,  502,  439,  282,  699,  300,  624,  767,  232,  263,  853,  709,  623,  635,  331,  250,  717,  619,  554,  172,  773,  288,  535,  679,  542,  243,  625,  606,  525,  551,  105,  867,  535,  200,  325,  369,  675,  842],
        [  192,    0,  644,  548,  612,  864,  659,  917,  976,  802,  926,  690,  587,  524,  384,  356,  211,  725,  791,    0,  718,  947,  697,  669,   91,  277,  445,  980,  691,  524,  525,  481,  270,  922,  405,  803,  574, 1001, 1020,  208,  771,  514,  934,  337,  509,  896,  365,  789,  411,  833,  504,  320,  242,  308,  945,   46,  403,  102,  148,  456,  395,  614,  337,  161,  344,   69,  630, 1126,  548,  352,  490,  802,  653,  523,  748,  901,  572,  143,  505,  771,  734,  764,  267,  415,  622,  762,  901,  170,  826,  440,  513,  145,  229,  291,  168,  889,  845,  502,  831,  319,  991,  434,  357,  666,  745,  777,  939,  693,  564,  989,  335,  801, 1066,  510, 1052,  694,  186,  692,  361,  930,  720,  551,  290, 1117,  606,  859,  192,  938,  449, 1040,  859,  398,  443,  952,  738,  546, 1109,  253],
        [  633,    0,  219,  373,  310,  332,  242,  707,  536,  141,  398,   30,  167,  414,  467,  640,  514,  563,  642,  718,    0,  677,   34,  166,  758,  728,  458,  525,  481,  456,  214,  259,  755,  863,  795,  579,  267,  354,  862,  662,  775,  351,  554,  673,  634,  179,  359,  170,  512,  404,  477,  485,  568,  425,  445,  753,  786,  661,  826,  846,  908,  210,  631,  601,  378,  729,  544,  437,  497,  473,  285,  470,  489,  582,  101,  826,  154,  713,  367,  369,   33,  621,  883,  509,  276,   45,  198,  563,  127,  838,  215,  631,  614,  493,  821,  210,  150,  823,  640,  540,  788,  807,  522,  362,   58,  367,  256,  147,  521,  623,  504,   92,  414,  212,  965,  789,  801,   31,  373,  806,  141,  425,  691,  449,  137,  870,  547,  264,  291,  427,  612,  468,  844,  639,  326,  329,  440,  560],
        [  761,    0,  485,  974,  943,  379,  456,   72,  217,  804,  350,  683,  588,  444,  968,  618,  781,  223,  172,  947,  677,    0,  701,  827,  918,  741,  999,  237,  268,  431,  766,  621,  769,  271,  688,  146,  882,  525,  200,  757,  312,  932,  151,  652,  470,  719,  781,  525,  537,  279,  447,  940,  707,  832,  305,  952,  681,  847,  954,  695,  826,  844,  631,  944,  778,  906,  319,  655, 1087,  952,  838,  210,  300,  436,  582,  241,  723,  838,  486,  308,  650,  193,  915,  534,  915,  688,  634,  797,  624,  702,  745,  803,  723,  924,  925,  581,  615,  627,  124, 1000,  120,  674,  592,  353,  731,  311,  591,  816,  384,  118,  973,  727,  547,  721,  319,  406,  885,  660,  677,  188,  816,  413,  703,  596,  606,  339,  773,  571,  630,  469,   90,  979,  706,   54,  354,  470,  595,  973],
        [  619,    0,  233,  340,  277,  363,  258,  728,  565,  135,  429,   19,  167,  418,  436,  635,  495,  579,  659,  697,   34,  701,    0,  135,  740,  719,  426,  554,  497,  460,  185,  249,  745,  880,  790,  599,  234,  387,  883,  649,  788,  318,  581,  666,  637,  201,  335,  201,  509,  430,  481,  456,  556,  401,  476,  733,  781,  644,  809,  842,  900,  176,  625,  576,  355,  710,  555,  467,  464,  443,  254,  493,  502,  586,  132,  844,  128,  697,  370,  393,   66,  638,  869,  507,  243,   69,  228,  545,  159,  834,  189,  615,  602,  465,  804,  243,  182,  822,  659,  510,  811,  803,  516,  378,   54,  391,  288,  118,  528,  651,  474,  105,  447,  188,  985,  798,  786,   41,  358,  825,  116,  432,  682,  481,  137,  884,  530,  297,  280,  460,  633,  436,  840,  665,  349,  334,  472,  532],
        [  628,    0,  346,  221,  148,  497,  374,  850,  699,  146,  563,  149,  255,  501,  350,  678,  486,  688,  772,  669,  166,  827,  135,    0,  726,  742,  325,  688,  607,  542,  153,  296,  765,  990,  831,  717,  122,  511, 1004,  662,  888,  211,  712,  704,  708,  285,  309,  335,  566,  561,  558,  386,  573,  362,  610,  709,  823,  634,  796,  887,  926,   62,  665,  528,  331,  695,  652,  573,  342,  366,  182,  617,  606,  662,  266,  955,  137,  697,  447,  520,  199,  748,  874,  564,  114,  183,  341,  536,  281,  876,  173,  613,  619,  403,  798,  366,  304,  877,  776,  431,  933,  848,  560,  491,  136,  518,  407,   30,  615,  782,  395,  186,  568,  189, 1100,  886,  786,  172,  375,  941,   57,  520,  710,  597,  230,  987,  527,  418,  319,  589,  755,  346,  883,  793,  474,  421,  588,  467],
        [  162,    0,  660,  623,  683,  871,  671,  882,  966,  853,  930,  732,  616,  514,  464,  307,  246,  696,  755,   91,  758,  918,  740,  726,    0,  206,  526,  971,  672,  506,  577,  509,  193,  869,  328,  775,  639, 1019,  974,  162,  717,  586,  918,  280,  462,  936,  418,  812,  388,  829,  483,  399,  227,  369,  944,   54,  328,   98,   70,  376,  306,  675,  290,  245,  396,   32,  600, 1150,  633,  431,  553,  788,  631,  485,  777,  850,  618,   81,  504,  768,  772,  730,  178,  392,  689,  803,  932,  196,  858,  359,  563,  135,  198,  368,   80,  916,  877,  427,  798,  404,  951,  358,  336,  662,  790,  775,  966,  749,  536,  969,  417,  845, 1084,  556,  998,  634,   96,  731,  389,  884,  775,  539,  230, 1137,  638,  801,  213,  962,  476, 1051,  831,  478,  362,  926,  740,  550, 1129,  338],
        [  130,    0,  578,  699,  740,  761,  580,  698,  820,  846,  811,  706,  567,  389,  566,  127,  283,  525,  572,  277,  728,  741,  719,  742,  206,    0,  628,  828,  517,  367,  591,  470,   31,  667,  131,  605,  684,  928,  778,   93,  516,  655,  763,   90,  273,  898,  451,  738,  252,  698,  340,  503,  170,  430,  815,  256,  128,  194,  221,  187,  184,  703,  120,  383,  429,  211,  430, 1069,  742,  533,  594,  640,  474,  308,  720,  651,  614,  135,  401,  642,  733,  549,  183,  256,  737,  772,  875,  243,  806,  171,  570,  174,  126,  471,  188,  847,  820,  226,  618,  530,  762,  160,  217,  538,  772,  650,  894,  759,  374,  806,  530,  819,  989,  555,  795,  430,  146,  698,  368,  688,  782,  406,   43, 1045,  594,  596,  238,  887,  439,  944,  658,  582,  175,  757,  623,  451, 1038,  468],
        [  498,    0,  536,  121,  203,  747,  564, 1001,  928,  468,  817,  431,  433,  577,   64,  620,  348,  809,  894,  445,  458,  999,  426,  325,  526,  628,    0,  923,  739,  607,  259,  379,  640, 1091,  748,  864,  203,  809, 1142,  535,  958,  114,  919,  630,  717,  607,  230,  605,  563,  775,  608,  129,  474,  209,  856,  490,  742,  457,  591,  807,  798,  264,  601,  284,  241,  495,  739,  890,  115,   97,  179,  799,  719,  693,  540, 1059,  319,  531,  525,  719,  488,  867,  700,  564,  228,  491,  653,  385,  584,  793,  272,  459,  509,  161,  606,  667,  608,  824,  915,  134, 1086,  773,  528,  648,  451,  722,  714,  354,  681,  988,  111,  507,  871,  292, 1216,  921,  610,  447,  349, 1064,  380,  606,  612,  907,  428, 1060,  391,  722,  371,  878,  914,   49,  798,  979,  673,  531,  898,  195],
        [  811,    0,  388,  871,  823,  193,  362,  303,   20,  632,  136,  540,  491,  458,  906,  702,  785,  331,  342,  980,  525,  237,  554,  688,  971,  828,  923,    0,  313,  467,  668,  560,  859,  504,  811,  267,  769,  296,  432,  818,  513,  836,   94,  740,  581,  521,  730,  356,  587,  153,  492,  893,  746,  793,   85,  995,  802,  886, 1021,  832,  952,  721,  709,  937,  735,  953,  410,  419,  992,  897,  747,  189,  356,  531,  424,  472,  614,  897,  477,  215,  494,  346, 1010,  583,  791,  523,  432,  814,  440,  835,  652,  843,  775,  885,  997,  380,  426,  773,  301,  955,  352,  803,  636,  315,  571,  210,  377,  671,  457,  129,  923,  552,  311,  632,  553,  591,  962,  517,  652,  423,  664,  433,  786,  360,  498,  562,  790,  356,  581,  233,  242,  913,  840,  184,  256,  440,  359,  943],
        [  511,    0,  265,  725,  706,  298,  240,  262,  304,  620,  323,  479,  354,  177,  705,  390,  516,   82,  165,  691,  481,  268,  497,  607,  672,  517,  739,  313,    0,  169,  520,  364,  547,  384,  500,  126,  641,  481,  407,  513,  300,  681,  248,  428,  271,  580,  516,  372,  284,  203,  189,  674,  451,  565,  313,  700,  491,  593,  716,  525,  641,  613,  398,  678,  513,  656,  103,  630,  833,  687,  587,  125,   43,  219,  404,  348,  487,  594,  220,  166,  462,  142,  698,  280,  681,  506,  513,  534,  473,  526,  498,  549,  474,  657,  690,  466,  474,  471,  177,  733,  347,  494,  337,  120,  539,  175,  497,  603,  144,  298,  707,  553,  531,  473,  495,  336,  653,  458,  410,  336,  610,  146,  475,  588,  378,  390,  510,  481,  369,  468,  179,  716,  532,  263,  181,  209,  583,  705],
        [  345,    0,  252,  614,  611,  397,  242,  413,  461,  594,  444,  443,  295,   43,  566,  244,  351,  215,  294,  524,  456,  431,  460,  542,  506,  367,  607,  467,  169,    0,  424,  256,  398,  484,  380,  285,  546,  571,  542,  351,  358,  567,  412,  283,  181,  596,  379,  405,  120,  332,   29,  527,  284,  417,  448,  533,  370,  425,  555,  419,  515,  531,  248,  514,  370,  489,  133,  717,  710,  544,  476,  282,  132,  127,  409,  452,  408,  430,   96,  275,  447,  266,  549,  116,  592,  492,  550,  367,  492,  416,  399,  381,  309,  506,  531,  513,  500,  381,  324,  583,  494,  383,  171,  172,  511,  283,  555,  546,   77,  466,  560,  542,  630,  375,  610,  344,  495,  427,  262,  459,  560,   40,  325,  687,  325,  459,  343,  544,  248,  580,  341,  578,  422,  430,  259,  128,  680,  549],
        [  476,    0,  286,  209,  189,  489,  315,  777,  675,  277,  559,  185,  181,  385,  258,  532,  335,  598,  683,  525,  214,  766,  185,  153,  577,  591,  259,  668,  520,  424,    0,  168,  614,  895,  683,  640,  123,  556,  926,  510,  779,  169,  671,  556,  576,  384,  160,  348,  427,  524,  434,  272,  422,  220,  599,  564,  675,  484,  647,  740,  775,  116,  518,  394,  182,  546,  546,  649,  326,  261,   81,  559,  510,  536,  283,  861,   62,  545,  329,  471,  240,  658,  722,  426,  169,  254,  411,  386,  338,  729,   25,  462,  467,  281,  647,  417,  361,  734,  696,  327,  862,  702,  415,  414,  226,  473,  466,  173,  499,  742,  291,  284,  619,   49, 1013,  765,  635,  196,  225,  855,  198,  409,  560,  658,  171,  880,  376,  472,  181,  621,  686,  260,  735,  740,  424,  316,  649,  347],
        [  375,    0,  178,  364,  356,  406,  202,  625,  563,  379,  474,  236,  107,  218,  351,  389,  271,  438,  523,  481,  259,  621,  249,  296,  509,  470,  379,  560,  364,  256,  168,    0,  497,  731,  544,  487,  290,  523,  770,  403,  612,  319,  545,  419,  413,  433,  171,  309,  271,  409,  268,  333,  310,  235,  504,  511,  535,  412,  575,  597,  651,  278,  378,  394,  177,  481,  380,  645,  470,  339,  225,  422,  348,  370,  269,  697,  159,  458,  162,  349,  267,  497,  625,  269,  336,  303,  424,  316,  350,  588,  143,  378,  356,  325,  567,  409,  368,  583,  541,  395,  710,  559,  270,  270,  302,  353,  459,  306,  332,  613,  364,  350,  589,  119,  851,  598,  545,  229,  122,  695,  324,  243,  433,  638,  129,  714,  297,  457,   34,  569,  537,  360,  595,  602,  305,  155,  629,  386],
        [  145,    0,  608,  715,  758,  792,  611,  725,  850,  872,  841,  732,  595,  420,  578,  158,  299,  554,  599,  270,  755,  769,  745,  765,  193,   31,  640,  859,  547,  398,  614,  497,    0,  689,  136,  633,  704,  958,  802,  108,  538,  672,  793,  120,  300,  926,  470,  768,  283,  729,  371,  514,  193,  446,  846,  245,  135,  196,  199,  187,  163,  725,  151,  387,  448,  202,  459, 1099,  753,  545,  614,  670,  504,  337,  749,  673,  639,  129,  431,  673,  761,  577,  152,  287,  757,  799,  904,  256,  834,  171,  594,  182,  147,  482,  164,  877,  849,  235,  645,  538,  787,  166,  247,  568,  798,  681,  924,  783,  404,  835,  540,  846, 1019,  579,  815,  449,  123,  725,  392,  711,  806,  436,   74, 1076,  622,  616,  254,  917,  466,  975,  686,  593,  174,  785,  654,  481, 1068,  474],
        [  732,    0,  648, 1094, 1083,  616,  622,  202,  485, 1000,  603,  862,  736,  517, 1048,  567,  804,  303,  221,  922,  863,  271,  880,  990,  869,  667, 1091,  504,  384,  484,  895,  731,  689,    0,  574,  291, 1018,  781,  138,  715,  152, 1048,  413,  590,  415,  942,  862,  736,  546,  506,  484, 1005,  698,  896,  564,  913,  570,  822,  887,  558,  693,  993,  586,  965,  853,  866,  353,  917, 1193, 1024,  955,  413,  387,  414,  780,   37,  867,  790,  572,  510,  841,  243,  815,  544, 1060,  884,  865,  803,  839,  570,  871,  782,  696,  982,  853,  813,  835,  487,  231, 1058,  181,  551,  595,  502,  920,  516,  832,  987,  411,  388, 1039,  929,  809,  847,  131,  244,  811,  840,  744,   84,  993,  489,  640,  861,  761,   92,  782,  813,  728,  733,  278, 1060,  572,  324,  544,  580,  859, 1017],
        [  255,    0,  619,  811,  844,  774,  616,  636,  799,  922,  814,  775,  629,  412,  687,  156,  400,  487,  517,  405,  795,  688,  790,  831,  328,  131,  748,  811,  500,  380,  683,  544,  136,  574,    0,  564,  785,  950,  695,  219,  428,  765,  735,  128,  230,  956,  556,  778,  286,  696,  352,  626,  276,  545,  811,  380,   10,  324,  326,   60,  142,  798,  167,  512,  535,  338,  401, 1096,  862,  655,  697,  624,  457,  282,  771,  563,  697,  263,  440,  646,  795,  498,  241,  290,  838,  837,  921,  366,  857,   47,  661,  302,  239,  594,  289,  888,  868,  100,  565,  656,  690,   30,  275,  549,  843,  655,  931,  845,  359,  768,  654,  886, 1008,  643,  697,  331,  249,  765,  459,  606,  865,  420,  137, 1065,  658,  495,  357,  921,  516,  955,  613,  703,   53,  713,  637,  488, 1059,  595],
        [  617,    0,  371,  846,  823,  331,  343,  138,  251,  714,  329,  580,  468,  300,  830,  479,  636,   81,   82,  803,  579,  146,  599,  717,  775,  605,  864,  267,  126,  285,  640,  487,  633,  291,  564,    0,  759,  504,  288,  615,  254,  803,  179,  515,  338,  652,  642,  446,  393,  221,  301,  799,  562,  690,  300,  808,  556,  703,  814,  579,  705,  727,  491,  799,  638,  762,  176,  648,  956,  812,  708,  124,  155,  298,  492,  254,  603,  696,  345,  220,  556,   80,  782,  389,  797,  597,  575,  651,  549,  583,  618,  659,  579,  782,  786,  524,  545,  515,   62,  858,  224,  553,  447,  228,  635,  225,  545,  710,  240,  204,  832,  641,  542,  593,  387,  325,  747,  558,  534,  228,  713,  269,  566,  598,  489,  322,  627,  527,  493,  470,   57,  841,  588,  153,  256,  333,  594,  829],
        [  561,    0,  398,  106,   66,  582,  427,  896,  777,  267,  652,  243,  294,  507,  231,  638,  410,  719,  805,  574,  267,  882,  234,  122,  639,  684,  203,  769,  641,  546,  123,  290,  704, 1018,  785,  759,    0,  620, 1046,  598,  902,   89,  780,  659,  694,  406,  234,  428,  543,  631,  556,  273,  515,  271,  695,  616,  778,  552,  709,  843,  866,   62,  622,  424,  257,  607,  668,  692,  230,  250,   90,  673,  632,  656,  359,  983,  160,  620,  451,  582,  299,  779,  798,  542,   54,  295,  456,  459,  392,  832,  147,  538,  559,  294,  715,  476,  415,  843,  817,  313,  981,  806,  525,  533,  252,  582,  520,  151,  621,  851,  279,  306,  680,  172, 1135,  886,  708,  263,  330,  976,  178,  532,  657,  712,  278, 1003,  454,  530,  301,  694,  804,  226,  837,  853,  534,  439,  703,  354],
        [  869,    0,  360,  726,  659,  184,  351,  583,  315,  407,  179,  380,  420,  542,  813,  811,  791,  539,  585, 1001,  354,  525,  387,  511, 1019,  928,  809,  296,  481,  571,  556,  523,  958,  781,  950,  504,  620,    0,  723,  888,  755,  704,  375,  850,  735,  265,  675,  217,  677,  287,  599,  822,  800,  743,  220, 1028,  941,  923, 1081,  986, 1085,  561,  811,  913,  688,  994,  582,  149,  849,  815,  633,  385,  515,  678,  273,  746,  494,  957,  528,  316,  322,  578, 1104,  673,  624,  329,  180,  833,  230,  984,  550,  885,  839,  824, 1066,  146,  208,  941,  557,  880,  643,  951,  712,  403,  376,  307,  111,  486,  600,  424,  844,  334,   66,  538,  844,  812, 1037,  363,  641,  703,  469,  531,  885,  118,  408,  825,  812,   95,  554,   87,  504,  815,  990,  473,  315,  479,  111,  890],
        [  829,    0,  658, 1132, 1110,  577,  630,  155,  412,  993,  549,  865,  755,  567, 1105,  668,  883,  334,  250, 1020,  862,  200,  883, 1004,  974,  778, 1142,  432,  407,  542,  926,  770,  802,  138,  695,  288, 1046,  723,    0,  816,  269, 1087,  350,  695,  513,  916,  916,  717,  625,  474,  549, 1068,  787,  958,  504, 1016,  690,  919,  998,  685,  821, 1015,  686, 1046,  910,  969,  411,  850, 1239, 1084,  993,  393,  424,  499,  770,  136,  890,  895,  618,  494,  837,  277,  935,  622, 1084,  877,  832,  888,  818,  695,  904,  877,  792, 1048,  965,  779,  811,  614,  230, 1125,   81,  674,  677,  515,  917,  498,  790,  996,  476,  305, 1102,  918,  742,  879,  123,  369,  924,  842,  803,   91,  998,  537,  747,  790,  777,  230,  865,  770,  773,  664,  250, 1116,  698,  251,  536,  615,  789, 1089],
        [   38,    0,  531,  609,  651,  730,  537,  721,  811,  773,  785,  637,  505,  363,  473,  149,  192,  535,  594,  208,  662,  757,  649,  662,  162,   93,  535,  818,  513,  351,  510,  403,  108,  715,  219,  615,  598,  888,  816,    0,  564,  565,  760,  129,  304,  835,  364,  689,  231,  679,  326,  410,   94,  339,  795,  200,  215,  112,  204,  277,  270,  620,  131,  294,  342,  153,  439, 1025,  649,  441,  508,  632,  472,  324,  664,  695,  538,   82,  362,  619,  669,  569,  223,  235,  650,  706,  819,  150,  748,  262,  491,   83,   49,  378,  182,  796,  764,  309,  637,  438,  791,  247,  183,  513,  702,  627,  845,  681,  376,  810,  438,  752,  951,  478,  845,  486,  150,  632,  292,  726,  704,  385,   88, 1006,  531,  651,  147,  839,  371,  912,  670,  489,  267,  766,  595,  411,  998,  376],
        [  581,    0,  557,  971,  968,  577,  535,  244,  495,  916,  581,  770,  634,  395,  912,  415,  659,  224,  173,  771,  775,  312,  788,  888,  717,  516,  958,  513,  300,  358,  779,  612,  538,  152,  428,  254,  902,  755,  269,  564,    0,  924,  420,  438,  265,  879,  730,  670,  403,  469,  352,  866,  549,  759,  553,  762,  423,  671,  736,  417,  553,  884,  434,  818,  718,  715,  236,  901, 1064,  887,  833,  371,  287,  270,  703,  136,  758,  639,  451,  454,  758,  178,  668,  401,  947,  803,  810,  655,  772,  427,  755,  632,  546,  842,  702,  761,  772,  346,  212,  917,  274,  406,  450,  417,  833,  461,  787,  888,  282,  420,  900,  851,  795,  730,  282,  103,  661,  750,  610,  181,  897,  371,  488,  851,  661,  102,  634,  770,  605,  723,  271,  925,  430,  354,  478,  468,  847,  873],
        [  528,    0,  454,   48,  100,  654,  484,  941,  843,  355,  724,  325,  349,  532,  148,  625,  374,  756,  841,  514,  351,  932,  318,  211,  586,  655,  114,  836,  681,  567,  169,  319,  672, 1048,  765,  803,   89,  704, 1087,  565,  924,    0,  840,  641,  700,  494,  212,  505,  545,  693,  573,  199,  490,  227,  765,  558,  758,  505,  654,  824,  834,  150,  608,  357,  231,  554,  696,  779,  158,  172,   95,  726,  667,  667,  437, 1015,  223,  576,  477,  640,  382,  815,  752,  545,  119,  381,  543,  419,  476,  811,  188,  498,  531,  225,  664,  560,  499,  831,  858,  231, 1026,  788,  520,  580,  339,  641,  605,  240,  643,  910,  198,  394,  764,  212, 1170,  899,  662,  342,  326, 1013,  266,  559,  632,  798,  339, 1026,  419,  614,  321,  775,  850,  141,  817,  907,  593,  473,  789,  279],
        [  757,    0,  386,  878,  839,  237,  357,  212,   75,  673,  200,  564,  491,  411,  896,  636,  748,  250,  251,  934,  554,  151,  581,  712,  918,  763,  919,   94,  248,  412,  671,  545,  793,  413,  735,  179,  780,  375,  350,  760,  420,  840,    0,  674,  506,  577,  714,  392,  531,  152,  435,  877,  695,  772,  155,  945,  727,  837,  964,  753,  877,  737,  645,  905,  715,  901,  336,  506,  997,  884,  748,  133,  290,  459,  454,  380,  622,  841,  439,  200,  524,  257,  944,  526,  808,  559,  490,  772,  486,  757,  653,  793,  720,  865,  938,  437,  475,  692,  209,  938,  269,  726,  582,  282,  605,  199,  443,  698,  390,   71,  908,  594,  398,  631,  470,  501,  901,  541,  623,  332,  694,  383,  722,  449,  503,  470,  748,  423,  562,  320,  149,  904,  762,   99,  248,  409,  447,  920],
        [  155,    0,  507,  688,  719,  679,  507,  610,  731,  797,  727,  652,  507,  309,  571,   40,  284,  435,  484,  337,  673,  652,  666,  704,  280,   90,  630,  740,  428,  283,  556,  419,  120,  590,  128,  515,  659,  850,  695,  129,  438,  641,  674,    0,  186,  837,  431,  667,  174,  613,  255,  511,  156,  424,  729,  325,  120,  241,  306,  185,  240,  671,   42,  414,  410,  278,  341,  993,  744,  540,  571,  552,  385,  218,  655,  570,  571,  201,  328,  558,  674,  460,  271,  178,  712,  715,  807,  256,  740,  174,  534,  207,  128,  480,  274,  777,  753,  195,  529,  547,  676,  148,  151,  455,  720,  566,  822,  718,  285,  716,  541,  764,  910,  516,  719,  358,  234,  642,  332,  605,  739,  322,   53,  967,  536,  523,  243,  814,  390,  863,  569,  586,  180,  667,  541,  377,  960,  489],
