{
    "name": "random-24-14047",
    "comment": "size=24 seed=14047",
    "nodes": ["+0", "-0", "+1", "-1", "+2", "-2", "+3", "-3", "+4", "-4", "+5", "-5", "+6", "-6", "+7", "-7", "+8", "-8", "+9", "-9", "+10", "-10", "+11", "-11", "+12", "-12", "+13", "-13", "+14", "-14", "+15", "-15", "+16", "-16", "+17", "-17", "+18", "-18", "+19", "-19", "+20", "-20", "+21", "-21", "+22", "-22", "+23", "-23", "+24", "-24"],
    "precedence": {
        "+0": "-0",
        "+1": "-1",
        "+2": "-2",
        "+3": "-3",
        "+4": "-4",
        "+5": "-5",
        "+6": "-6",
        "+7": "-7",
        "+8": "-8",
        "+9": "-9",
        "+10": "-10",
        "+11": "-11",
        "+12": "-12",
        "+13": "-13",
        "+14": "-14",
        "+15": "-15",
        "+16": "-16",
        "+17": "-17",
        "+18": "-18",
        "+19": "-19",
        "+20": "-20",
        "+21": "-21",
        "+22": "-22",
        "+23": "-23",
        "+24": "-24"
    },
    "edges": [
        [    0,    0,  842,  440,  278,  782,  783,  834,  885,  575,  784,  241,  900,  641,  253,  861,  709,  643,  172,  619,  673,  482,  873,  793,  822,  501,  746,  458,  863,  880,  803,  284,  493,  537,  874,  340,  210,  760,  503,  303, 1058,  638,  445,  622,  111,  308, 1016,  740,  411,  180],
        [    0,    0,  842,  440,  278,  782,  783,  834,  885,  575,  784,  241,  900,  641,  253,  861,  709,  643,  172,  619,  673,  482,  873,  793,  822,  501,  746,  458,  863,  880,  803,  284,  493,  537,  874,  340,  210,  760,  503,  303, 1058,  638,  445,  622,  111,  308, 1016,  740,  411,  180],
        [  842,  842,    0,  402,  781,   84,  154,  706,  169,  644,   79,  679,  196,  202,  745,  272,  389,  558,  673,  583,  170,  566,  203,  410,  423,  610,   97,  434,   74,  269,  385,  861,  668,  678,   54,  777,  689,  123,  365,  540,  241,  748,  560,  457,  929,  714,  187,  103,  609,  820],
        [  440,  440,  402,    0,  418,  346,  361,  636,  457,  436,  345,  299,  476,  201,  385,  470,  370,  437,  272,  420,  234,  327,  453,  467,  482,  362,  306,  156,  428,  476,  464,  495,  423,  440,  436,  435,  300,  329,  124,  138,  625,  565,  277,  334,  528,  374,  577,  300,  321,  440],
        [  278,  278,  781,  418,    0,  745,  774,  577,  770,  323,  709,  125,  777,  591,  475,  887,  530,  780,  241,  383,  629,  626,  747,  870,  629,  265,  694,  522,  824,  734,  871,   81,  676,  277,  825,   63,  142,  736,  530,  314, 1019,  834,  249,  429,  265,  516,  928,  690,  572,  437],
        [  782,  782,   84,  346,  745,    0,   81,  734,  240,  642,  108,  636,  268,  154,  671,  218,  410,  475,  616,  589,  117,  484,  268,  337,  464,  599,   59,  358,   82,  331,  315,  824,  585,  671,   94,  747,  642,   40,  292,  483,  279,  665,  538,  463,  873,  637,  267,   60,  528,  749],
        [  783,  783,  154,  361,  774,   81,    0,  808,  318,  701,  189,  659,  346,  196,  647,  143,  483,  409,  623,  652,  160,  438,  348,  258,  543,  651,  130,  338,  111,  411,  235,  853,  535,  725,  138,  783,  661,   53,  281,  492,  282,  602,  584,  527,  880,  608,  320,  128,  491,  732],
        [  834,  834,  706,  636,  577,  734,  808,    0,  576,  260,  635,  598,  561,  636,  947,  950,  325, 1064,  715,  229,  662,  963,  535, 1031,  294,  337,  679,  792,  778,  475, 1017,  622, 1055,  301,  758,  521,  631,  756,  743,  666,  912, 1201,  411,  307,  841,  963,  739,  681,  947,  953],
        [  885,  885,  169,  457,  770,  240,  318,  576,    0,  568,  144,  688,   28,  277,  833,  440,  288,  707,  713,  498,  264,  691,   42,  575,  283,  555,  215,  536,  237,  108,  552,  849,  796,  610,  210,  753,  705,  277,  464,  587,  337,  893,  527,  380,  958,  812,  174,  221,  722,  896],
        [  575,  575,  644,  436,  323,  642,  701,  260,  568,    0,  565,  339,  565,  508,  699,  839,  283,  872,  460,   77,  542,  749,  534,  883,  348,   83,  584,  590,  707,  498,  874,  377,  832,   52,  696,  271,  372,  651,  556,  430,  879,  985,  169,  190,  585,  720,  741,  583,  722,  698],
        [  784,  784,   79,  345,  709,  108,  189,  635,  144,  565,    0,  611,  171,  148,  707,  325,  314,  564,  614,  505,  127,  550,  165,  443,  358,  532,   72,  402,  146,  225,  421,  789,  654,  599,  132,  703,  622,  141,  330,  482,  318,  750,  483,  379,  867,  681,  233,   78,  585,  776],
        [  241,  241,  679,  299,  125,  636,  659,  598,  688,  339,  611,    0,  699,  483,  379,  767,  479,  657,  134,  378,  520,  505,  670,  746,  588,  262,  589,  397,  716,  666,  747,  197,  562,  306,  720,  164,   34,  624,  407,  189,  913,  720,  206,  386,  280,  413,  837,  584,  455,  363],
        [  900,  900,  196,  476,  777,  268,  346,  561,   28,  565,  171,  699,    0,  300,  854,  467,  283,  734,  729,  493,  289,  716,   32,  603,  267,  556,  242,  560,  264,   88,  579,  856,  821,  609,  236,  758,  717,  305,  487,  603,  354,  920,  532,  379,  971,  834,  181,  248,  746,  915],
        [  641,  641,  202,  201,  591,  154,  196,  636,  277,  508,  148,  483,  300,    0,  560,  332,  317,  464,  472,  462,   39,  420,  284,  396,  401,  456,  107,  260,  234,  326,  381,  671,  525,  531,  238,  594,  491,  149,  188,  339,  430,  636,  390,  341,  728,  536,  378,  102,  446,  628],
        [  253,  253,  745,  385,  475,  671,  647,  947,  833,  699,  707,  379,  854,  560,    0,  691,  739,  410,  246,  719,  582,  258,  834,  590,  854,  617,  651,  313,  746,  860,  605,  509,  244,  676,  764,  531,  348,  640,  381,  289,  929,  386,  537,  677,  359,   59,  931,  644,  184,   98],
        [  861,  861,  272,  470,  887,  218,  143,  950,  440,  839,  325,  767,  467,  332,  691,    0,  625,  370,  712,  792,  298,  450,  474,  166,  682,  785,  272,  403,  205,  541,  138,  964,  531,  861,  235,  902,  765,  195,  366,  589,  282,  560,  714,  668,  964,  643,  395,  270,  516,  782],
        [  709,  709,  389,  370,  530,  410,  483,  325,  288,  283,  314,  479,  283,  317,  739,  625,    0,  766,  550,  211,  339,  688,  252,  711,  117,  283,  354,  512,  459,  216,  695,  603,  788,  328,  442,  499,  505,  431,  451,  452,  611,  921,  283,  104,  758,  737,  461,  356,  689,  774],
        [  643,  643,  558,  437,  780,  475,  409, 1064,  707,  872,  564,  657,  734,  464,  410,  370,  766,    0,  549,  855,  457,  162,  728,  218,  862,  796,  493,  283,  519,  781,  242,  841,  185,  872,  547,  819,  639,  436,  322,  475,  649,  194,  709,  758,  754,  353,  728,  487,  232,  507],
        [  172,  172,  673,  272,  241,  616,  623,  715,  713,  460,  614,  134,  729,  472,  246,  712,  550,  549,    0,  489,  505,  391,  703,  665,  665,  379,  577,  316,  697,  712,  671,  294,  436,  433,  707,  292,  104,  596,  348,  134,  894,  593,  307,  470,  258,  279,  846,  571,  333,  239],
        [  619,  619,  583,  420,  383,  589,  652,  229,  498,   77,  505,  378,  493,  462,  719,  792,  211,  855,  489,    0,  495,  743,  463,  848,  272,  120,  530,  576,  649,  424,  837,  443,  832,  127,  636,  336,  411,  601,  534,  439,  815,  981,  183,  127,  639,  734,  671,  530,  723,  728],
        [  673,  673,  170,  234,  629,  117,  160,  662,  264,  542,  127,  520,  289,   39,  582,  298,  339,  457,  505,  495,    0,  427,  277,  372,  417,  492,   73,  276,  197,  325,  356,  708,  532,  566,  203,  632,  527,  112,  204,  372,  394,  636,  427,  372,  762,  555,  351,   67,  459,  654],
        [  482,  482,  566,  327,  626,  484,  438,  963,  691,  749,  550,  505,  716,  420,  258,  450,  688,  162,  391,  743,  427,    0,  703,  334,  794,  670,  483,  176,  547,  746,  351,  684,  106,  743,  570,  668,  484,  447,  241,  332,  711,  239,  582,  660,  593,  203,  750,  476,   75,  355],
        [  873,  873,  203,  453,  747,  268,  348,  535,   42,  534,  165,  670,   32,  284,  834,  474,  252,  728,  703,  463,  277,  703,    0,  604,  242,  525,  236,  543,  274,   68,  582,  825,  808,  578,  247,  727,  688,  304,  471,  579,  378,  911,  502,  348,  943,  815,  211,  242,  730,  893],
        [  793,  793,  410,  467,  870,  337,  258, 1031,  575,  883,  443,  746,  603,  396,  590,  166,  711,  218,  665,  848,  372,  334,  604,    0,  786,  818,  377,  352,  353,  667,   28,  941,  395,  896,  383,  896,  736,  302,  345,  558,  446,  401,  738,  733,  902,  536,  554,  372,  407,  686],
        [  822,  822,  423,  482,  629,  464,  543,  294,  283,  348,  358,  588,  267,  401,  854,  682,  117,  862,  665,  272,  417,  794,  242,  786,    0,  370,  414,  619,  496,  182,  767,  699,  896,  398,  474,  592,  616,  492,  555,  568,  619, 1025,  387,  204,  866,  852,  446,  417,  799,  890],
        [  501,  501,  610,  362,  265,  599,  651,  337,  555,   83,  532,  262,  556,  456,  617,  785,  283,  796,  379,  120,  492,  670,  525,  818,  370,    0,  541,  514,  668,  498,  811,  330,  751,   78,  661,  223,  295,  603,  485,  348,  849,  905,   88,  180,  520,  637,  725,  540,  641,  617],
        [  746,  746,   97,  306,  694,   59,  130,  679,  215,  584,   72,  589,  242,  107,  651,  272,  354,  493,  577,  530,   73,  483,  236,  377,  414,  541,    0,  341,  130,  293,  356,  774,  586,  613,  132,  695,  597,   78,  271,  444,  325,  679,  483,  405,  834,  621,  280,    8,  521,  724],
        [  458,  458,  434,  156,  522,  358,  338,  792,  536,  590,  402,  397,  560,  260,  313,  403,  512,  283,  316,  576,  276,  176,  543,  352,  619,  514,  341,    0,  433,  580,  356,  591,  278,  590,  451,  552,  385,  327,   73,  209,  619,  412,  427,  487,  563,  281,  620,  334,  188,  395],
        [  863,  863,   74,  428,  824,   82,  111,  778,  237,  707,  146,  716,  264,  234,  746,  205,  459,  519,  697,  649,  197,  547,  274,  353,  496,  668,  130,  433,    0,  341,  327,  904,  645,  738,   31,  825,  723,  107,  370,  564,  198,  712,  612,  522,  955,  710,  210,  134,  597,  826],
        [  880,  880,  269,  476,  734,  331,  411,  475,  108,  498,  225,  666,   88,  326,  860,  541,  216,  781,  712,  424,  325,  746,   68,  667,  182,  498,  293,  580,  341,    0,  645,  810,  851,  544,  315,  709,  687,  365,  509,  593,  441,  960,  486,  318,  943,  845,  265,  299,  768,  913],
        [  803,  803,  385,  464,  871,  315,  235, 1017,  552,  874,  421,  747,  579,  381,  605,  138,  695,  242,  671,  837,  356,  351,  582,   28,  767,  811,  356,  356,  327,  645,    0,  943,  416,  888,  357,  895,  739,  281,  343,  560,  418,  427,  732,  720,  911,  553,  528,  352,  423,  701],
        [  284,  284,  861,  495,   81,  824,  853,  622,  849,  377,  789,  197,  856,  671,  509,  964,  603,  841,  294,  443,  708,  684,  825,  941,  699,  330,  774,  591,  904,  810,  943,    0,  726,  327,  905,  108,  206,  815,  604,  384, 1099,  881,  325,  501,  239,  556, 1008,  770,  625,  458],
        [  493,  493,  668,  423,  676,  585,  535, 1055,  796,  832,  654,  562,  821,  525,  244,  531,  788,  185,  436,  832,  532,  106,  808,  395,  896,  751,  586,  278,  645,  851,  416,  726,    0,  822,  670,  724,  537,  547,  345,  405,  800,  158,  664,  756,  601,  186,  850,  580,  111,  337],
        [  537,  537,  678,  440,  277,  671,  725,  301,  610,   52,  599,  306,  609,  531,  676,  861,  328,  872,  433,  127,  566,  743,  578,  896,  398,   78,  613,  590,  738,  544,  888,  327,  822,    0,  729,  223,  340,  677,  563,  418,  915,  977,  164,  230,  541,  700,  782,  611,  711,  668],
        [  874,  874,   54,  436,  825,   94,  138,  758,  210,  696,  132,  720,  236,  238,  764,  235,  442,  547,  707,  636,  203,  570,  247,  383,  474,  661,  132,  451,   31,  315,  357,  905,  670,  729,    0,  823,  728,  126,  386,  573,  194,  740,  608,  510,  964,  729,  182,  137,  619,  842],
        [  340,  340,  777,  435,   63,  747,  783,  521,  753,  271,  703,  164,  758,  594,  531,  902,  499,  819,  292,  336,  632,  668,  727,  896,  592,  223,  695,  552,  825,  709,  895,  108,  724,  223,  823,    0,  188,  742,  552,  346, 1017,  882,  226,  396,  324,  569,  916,  691,  618,  498],
        [  210,  210,  689,  300,  142,  642,  661,  631,  705,  372,  622,   34,  717,  491,  348,  765,  505,  639,  104,  411,  527,  484,  688,  736,  616,  295,  597,  385,  723,  687,  739,  206,  537,  340,  728,  188,    0,  628,  401,  179,  920,  694,  236,  414,  256,  383,  851,  592,  431,  329],
        [  760,  760,  123,  329,  736,   40,   53,  756,  277,  651,  141,  624,  305,  149,  640,  195,  431,  436,  596,  601,  112,  447,  304,  302,  492,  603,   78,  327,  107,  365,  281,  815,  547,  677,  126,  742,  628,    0,  264,  464,  299,  626,  539,  476,  854,  604,  304,   76,  493,  720],
        [  503,  503,  365,  124,  530,  292,  281,  743,  464,  556,  330,  407,  487,  188,  381,  366,  451,  322,  348,  534,  204,  241,  471,  345,  555,  485,  271,   73,  370,  509,  343,  604,  345,  563,  386,  552,  401,  264,    0,  224,  561,  471,  401,  436,  602,  351,  551,  264,  260,  457],
        [  303,  303,  540,  138,  314,  483,  492,  666,  587,  430,  482,  189,  603,  339,  289,  589,  452,  475,  134,  439,  372,  332,  579,  558,  568,  348,  444,  209,  564,  593,  560,  384,  405,  418,  573,  346,  179,  464,  224,    0,  761,  561,  262,  388,  391,  297,  714,  438,  294,  324],
        [ 1058, 1058,  241,  625, 1019,  279,  282,  912,  337,  879,  318,  913,  354,  430,  929,  282,  611,  649,  894,  815,  394,  711,  378,  446,  619,  849,  325,  619,  198,  441,  418, 1099,  800,  915,  194, 1017,  920,  299,  561,  761,    0,  841,  800,  690, 1152,  889,  192,  330,  769, 1013],
        [  638,  638,  748,  565,  834,  665,  602, 1201,  893,  985,  750,  720,  920,  636,  386,  560,  921,  194,  593,  981,  636,  239,  911,  401, 1025,  905,  679,  412,  712,  960,  427,  881,  158,  977,  740,  882,  694,  626,  471,  561,  841,    0,  817,  898,  743,  331,  921,  672,  268,  470],
        [  445,  445,  560,  277,  249,  538,  584,  411,  527,  169,  483,  206,  532,  390,  537,  714,  283,  709,  307,  183,  427,  582,  502,  738,  387,   88,  483,  427,  612,  486,  732,  325,  664,  164,  608,  226,  236,  539,  401,  262,  800,  817,    0,  184,  481,  555,  691,  480,  554,  545],
        [  622,  622,  457,  334,  429,  463,  527,  307,  380,  190,  379,  386,  379,  341,  677,  668,  104,  758,  470,  127,  372,  660,  348,  733,  204,  180,  405,  487,  522,  318,  720,  501,  756,  230,  510,  396,  414,  476,  436,  388,  690,  898,  184,    0,  663,  682,  553,  405,  651,  702],
        [  111,  111,  929,  528,  265,  873,  880,  841,  958,  585,  867,  280,  971,  728,  359,  964,  758,  754,  258,  639,  762,  593,  943,  902,  866,  520,  834,  563,  955,  943,  911,  239,  601,  541,  964,  324,  256,  854,  602,  391, 1152,  743,  481,  663,    0,  416, 1098,  828,  522,  277],
        [  308,  308,  714,  374,  516,  637,  608,  963,  812,  720,  681,  413,  834,  536,   59,  643,  737,  353,  279,  734,  555,  203,  815,  536,  852,  637,  621,  281,  710,  845,  553,  556,  186,  700,  729,  569,  383,  604,  351,  297,  889,  331,  555,  682,  416,    0,  900,  615,  130,  155],
        [ 1016, 1016,  187,  577,  928,  267,  320,  739,  174,  741,  233,  837,  181,  378,  931,  395,  461,  728,  846,  671,  351,  750,  211,  554,  446,  725,  280,  620,  210,  265,  528, 1008,  850,  782,  182,  916,  851,  304,  551,  714,  192,  921,  691,  553, 1098,  900,    0,  287,  794, 1004],
        [  740,  740,  103,  300,  690,   60,  128,  681,  221,  583,   78,  584,  248,  102,  644,  270,  356,  487,  571,  530,   67,  476,  242,  372,  417,  540,    8,  334,  134,  299,  352,  770,  580,  611,  137,  691,  592,   76,  264,  438,  330,  672,  480,  405,  828,  615,  287,    0,  514,  718],
        [  411,  411,  609,  321,  572,  528,  491,  947,  722,  722,  585,  455,  746,  446,  184,  516,  689,  232,  333,  723,  459,   75,  730,  407,  799,  641,  521,  188,  597,  768,  423,  625,  111,  711,  619,  618,  431,  493,  260,  294,  769,  268,  554,  651,  522,  130,  794,  514,    0,  281],
        [  180,  180,  820,  440,  437,  749,  732,  953,  896,  698,  776,  363,  915,  628,   98,  782,  774,  507,  239,  728,  654,  355,  893,  686,  890,  617,  724,  395,  826,  913,  701,  458,  337,  668,  842,  498,  329,  720,  457,  324, 1013,  470,  545,  702,  277,  155, 1004,  718,  281,    0]
    ]
}
