{
    "name": "random-11-15089",
    "comment": "size=11 seed=15089",
    "nodes": ["+0", "-0", "+1", "-1", "+2", "-2", "+3", "-3", "+4", "-4", "+5", "-5", "+6", "-6", "+7", "-7", "+8", "-8", "+9", "-9", "+10", "-10", "+11", "-11"],
    "precedence": {
        "+0": "-0",
        "+1": "-1",
        "+2": "-2",
        "+3": "-3",
        "+4": "-4",
        "+5": "-5",
        "+6": "-6",
        "+7": "-7",
        "+8": "-8",
        "+9": "-9",
        "+10": "-10",
        "+11": "-11"
    },
    "edges": [
        [    0,    0,  727,  429,  781,  421,  184,  632,  399,  225,  441,  652,  265,  408,  421,  889,  376,  338,  556,  315,  498,  737,  741,  492],
        [    0,    0,  727,  429,  781,  421,  184,  632,  399,  225,  441,  652,  265,  408,  421,  889,  376,  338,  556,  315,  498,  737,  741,  492],
        [  727,  727,    0,  910,  325,  435,  709,  796,  772,  693,  738,  574,  463,  363,  447,  181,  434,  396,  353,  990,  528,  304,   39,  237],
        [  429,  429,  910,    0,  797,  779,  271,  333,  145,  653,  203,  514,  544,  553,  466, 1091,  478,  560,  889,  273,  889,  763,  906,  699],
        [  781,  781,  325,  797,    0,  655,  686,  578,  652,  839,  597,  327,  552,  379,  374,  449,  408,  469,  626,  961,  778,   46,  290,  376],
        [  421,  421,  435,  779,  655,    0,  512,  838,  685,  287,  689,  720,  243,  354,  462,  547,  403,  271,  141,  734,  137,  613,  466,  280],
        [  184,  184,  709,  271,  686,  512,    0,  449,  216,  395,  258,  499,  287,  351,  313,  885,  291,  323,  630,  284,  619,  644,  714,  478],
        [  632,  632,  796,  333,  578,  838,  449,    0,  248,  824,  193,  252,  602,  507,  391,  969,  441,  570,  907,  596,  970,  559,  778,  648],
        [  399,  399,  772,  145,  652,  685,  216,  248,    0,  608,   68,  380,  443,  421,  326,  953,  345,  443,  782,  360,  804,  619,  766,  569],
        [  225,  225,  693,  653,  839,  287,  395,  824,  608,    0,  640,  792,  291,  468,  530,  826,  472,  372,  425,  519,  311,  793,  717,  484],
        [  441,  441,  738,  203,  597,  689,  258,  193,   68,  640,    0,  315,  447,  398,  294,  918,  323,  435,  778,  427,  815,  565,  729,  548],
        [  652,  652,  574,  514,  327,  720,  499,  252,  380,  792,  315,    0,  518,  367,  268,  737,  329,  457,  754,  731,  856,  311,  550,  476],
        [  265,  265,  463,  544,  552,  243,  287,  602,  443,  291,  447,  518,    0,  178,  251,  627,  190,   84,  346,  545,  369,  507,  478,  228],
        [  408,  408,  363,  553,  379,  354,  351,  507,  421,  468,  398,  367,  178,    0,  117,  542,   76,   99,  402,  634,  490,  334,  364,  150],
        [  421,  421,  447,  466,  374,  462,  313,  391,  326,  530,  294,  268,  251,  117,    0,  628,   62,  192,  518,  591,  597,  332,  440,  261],
        [  889,  889,  181, 1091,  449,  547,  885,  969,  953,  826,  918,  737,  627,  542,  628,    0,  614,  566,  430, 1163,  607,  442,  192,  408],
        [  376,  376,  434,  478,  408,  403,  291,  441,  345,  472,  323,  329,  190,   76,   62,  614,    0,  133,  466,  574,  538,  364,  433,  225],
        [  338,  338,  396,  560,  469,  271,  323,  570,  443,  372,  435,  457,   84,   99,  192,  566,  133,    0,  344,  597,  406,  424,  406,  160],
        [  556,  556,  353,  889,  626,  141,  630,  907,  782,  425,  778,  754,  346,  402,  518,  430,  466,  344,    0,  866,  179,  589,  389,  281],
        [  315,  315,  990,  273,  961,  734,  284,  596,  360,  519,  427,  731,  545,  634,  591, 1163,  574,  597,  866,    0,  811,  921,  996,  756],
        [  498,  498,  528,  889,  778,  137,  619,  970,  804,  311,  815,  856,  369,  490,  597,  607,  538,  406,  179,  811,    0,  738,  563,  409],
        [  737,  737,  304,  763,   46,  613,  644,  559,  619,  793,  565,  311,  507,  334,  332,  442,  364,  424,  589,  921,  738,    0,  271,  334],
        [  741,  741,   39,  906,  290,  466,  714,  778,  766,  717,  729,  550,  478,  364,  440,  192,  433,  406,  389,  996,  563,  271,    0,  250],
        [  492,  492,  237,  699,  376,  280,  478,  648,  569,  484,  548,  476,  228,  150,  261,  408,  225,  160,  281,  756,  409,  334,  250,    0]
    ]
}
