{
    "name": "random-62-30583",
    "comment": "size=62 seed=30583",
    "nodes": ["+0", "-0", "+1", "-1", "+2", "-2", "+3", "-3", "+4", "-4", "+5", "-5", "+6", "-6", "+7", "-7", "+8", "-8", "+9", "-9", "+10", "-10", "+11", "-11", "+12", "-12", "+13", "-13", "+14", "-14", "+15", "-15", "+16", "-16", "+17", "-17", "+18", "-18", "+19", "-19", "+20", "-20", "+21", "-21", "+22", "-22", "+23", "-23", "+24", "-24", "+25", "-25", "+26", "-26", "+27", "-27", "+28", "-28", "+29", "-29", "+30", "-30", "+31", "-31", "+32", "-32", "+33", "-33", "+34", "-34", "+35", "-35", "+36", "-36", "+37", "-37", "+38", "-38", "+39", "-39", "+40", "-40", "+41", "-41", "+42", "-42", "+43", "-43", "+44", "-44", "+45", "-45", "+46", "-46", "+47", "-47", "+48", "-48", "+49", "-49", "+50", "-50", "+51", "-51", "+52", "-52", "+53", "-53", "+54", "-54", "+55", "-55", "+56", "-56", "+57", "-57", "+58", "-58", "+59", "-59", "+60", "-60", "+61", "-61", "+62", "-62"],
    "precedence": {
        "+0": "-0",
        "+1": "-1",
        "+2": "-2",
        "+3": "-3",
        "+4": "-4",
        "+5": "-5",
        "+6": "-6",
        "+7": "-7",
        "+8": "-8",
        "+9": "-9",
        "+10": "-10",
        "+11": "-11",
        "+12": "-12",
        "+13": "-13",
        "+14": "-14",
        "+15": "-15",
        "+16": "-16",
        "+17": "-17",
        "+18": "-18",
        "+19": "-19",
        "+20": "-20",
        "+21": "-21",
        "+22": "-22",
        "+23": "-23",
        "+24": "-24",
        "+25": "-25",
        "+26": "-26",
        "+27": "-27",
        "+28": "-28",
        "+29": "-29",
        "+30": "-30",
        "+31": "-31",
        "+32": "-32",
        "+33": "-33",
        "+34": "-34",
        "+35": "-35",
        "+36": "-36",
        "+37": "-37",
        "+38": "-38",
        "+39": "-39",
        "+40": "-40",
        "+41": "-41",
        "+42": "-42",
        "+43": "-43",
        "+44": "-44",
        "+45": "-45",
        "+46": "-46",
        "+47": "-47",
        "+48": "-48",
        "+49": "-49",
        "+50": "-50",
        "+51": "-51",
        "+52": "-52",
        "+53": "-53",
        "+54": "-54",
        "+55": "-55",
        "+56": "-56",
        "+57": "-57",
        "+58": "-58",
        "+59": "-59",
        "+60": "-60",
        "+61": "-61",
        "+62": "-62"
    },
    "edges": [
        [    0,    0,  684,  513,  171,  334,  357,  448,  486,  796,  357,  794,  405,  580,  904,  414,  205,  498,  261,  299,  882,  403,  307,  362,  755,  463,  912,  872,  763,  729,  242,  127,  867,  866,  150,  261,  314,  428,  472,  312,  865,  613,  152,  481,  493,  487,  789,  490,  454,  503,  561,  417,  174,   54,  510,  872,  877,  770,  701,  385,  158,  762,  768,  498,  214,  187,  759,  817,  410,  473,  173,  733,  514,  762,  765,  389,  603,  916,  194,  796,  821,  837,  360,  804,  457,  561,  805,  964,  642,  789,  751,  669,  459,  643,  666,  627,  627,  777,  770,  417,  320,  713,  447,  349,  801,  838,  630,  416,  885,  810,  479,  262,  731,  734,  866,  345,  720,  302,  501,  838,  715,  799,  120, 1035,  351,  805],
        [    0,    0,    0,    0,    0,    0,    0,    0,    0,    0,    0,    0,    0,    0,    0,    0,    0,    0,    0,    0,    0,    0,    0,    0,    0,    0,    0,    0,    0,    0,    0,    0,    0,    0,    0,    0,    0,    0,    0,    0,    0,    0,    0,    0,    0,    0,    0,    0,    0,    0,    0,    0,    0,    0,    0,    0,    0,    0,    0,    0,    0,    0,    0,    0,    0,    0,    0,    0,    0,    0,    0,    0,    0,    0,    0,    0,    0,    0,    0,    0,    0,    0,    0,    0,    0,    0,    0,    0,    0,    0,    0,    0,    0,    0,    0,    0,    0,    0,    0,    0,    0,    0,    0,    0,    0,    0,    0,    0,    0,    0,    0,    0,    0,    0,    0,    0,    0,    0,    0,    0,    0,    0,    0,    0,    0,    0],
        [  684,    0,    0,  285,  655,  356,  344,  236,  780,  385,  390,  124,  340,  286,  229,  909,  603,  190,  666,  562,  200,  420,  554,  594,  498,  450,  309,  264,   96,  126,  512,  598,  289,  183,  691,  807,  752,  484,  904,  700,  333,  375,  731,  837,  270,  417,  252,  625,  734,  205,  124,  565,  666,  735,  501,  189,  437,   98,   81,  739,  609,  214,  522,  776,  652,  706,  113,  423,  781,  852,  520,  544,  176,  539,  321,  794,  297,  611,  578,  175,  526,  208,  546,  224,  579,  581,  270,  547,  107,  294,   78,  177,  713,   62,  315,  237,  400,  358,  601,  394,  500,   33,  289,  374,  138,  385,  330,  727,  355,  169,  209,  685,  308,  182,  484,  690,  362,  449,  492,  537,  378,  117,  652,  650,  417,  251],
        [  513,    0,  285,    0,  556,  279,  173,  191,  498,  294,  375,  405,  354,  436,  501,  846,  369,  163,  604,  527,  444,  149,  524,  320,  687,  511,  591,  372,  380,  398,  442,  398,  567,  435,  468,  712,  695,  523,  867,  436,  353,  147,  509,  825,   36,  134,  281,  341,  452,  113,  226,  588,  566,  566,  580,  445,  687,  328,  352,  464,  391,  477,  710,  493,  572,  473,  397,  655,  756,  833,  342,  713,  238,  721,  254,  757,   97,  831,  489,  457,  734,  351,  273,  499,  295,  304,  535,  797,  329,  276,  315,  404,  430,  291,  509,  425,  173,  271,  770,  123,  477,  316,  329,  166,  421,  635,  502,  719,  625,  334,  226,  431,  220,  442,  718,  660,  223,  219,  210,  748,  224,  368,  530,  897,  172,  520],
        [  171,    0,  655,  556,    0,  306,  383,  433,  645,  849,  275,  750,  329,  485,  857,  294,  344,  489,   91,  149,  852,  484,  160,  495,  620,  332,  835,  880,  720,  671,  145,  254,  786,  833,  315,  158,  159,  291,  331,  470,  894,  681,  323,  322,  527,  569,  811,  622,  608,  511,  533,  260,   11,  182,  365,  837,  763,  750,  653,  545,  296,  685,  629,  655,   44,  353,  709,  699,  248,  318,  242,  589,  479,  620,  807,  233,  652,  776,   78,  734,  686,  836,  480,  730,  582,  679,  720,  840,  590,  821,  730,  597,  609,  605,  562,  543,  700,  826,  620,  488,  193,  681,  379,  395,  753,  731,  523,  247,  791,  804,  448,  420,  773,  663,  742,  175,  777,  379,  603,  702,  776,  771,   53,  902,  424,  724],
        [  334,    0,  356,  279,  306,    0,  122,  127,  587,  564,  105,  461,  112,  277,  571,  582,  314,  184,  335,  250,  555,  274,  246,  390,  506,  258,  583,  574,  430,  396,  172,  273,  540,  537,  376,  463,  427,  258,  595,  448,  594,  421,  411,  548,  245,  344,  509,  487,  540,  209,  232,  314,  317,  384,  328,  542,  580,  447,  368,  510,  299,  434,  525,  590,  311,  402,  426,  527,  480,  557,  189,  510,  182,  528,  516,  483,  373,  667,  231,  463,  566,  531,  350,  474,  435,  502,  482,  680,  308,  523,  428,  340,  529,  311,  367,  310,  445,  539,  561,  263,  199,  384,  130,  161,  468,  535,  341,  441,  567,  499,  148,  413,  484,  404,  585,  384,  499,  208,  406,  583,  501,  472,  298,  766,  221,  479],
        [  357,    0,  344,  173,  383,  122,    0,  122,  493,  466,  226,  463,  224,  363,  571,  673,  262,  155,  432,  360,  537,  155,  358,  293,  607,  378,  617,  516,  433,  419,  271,  257,  581,  523,  348,  540,  523,  379,  696,  375,  516,  308,  388,  657,  145,  223,  436,  375,  445,  148,  231,  434,  394,  410,  448,  530,  654,  421,  381,  427,  266,  477,  627,  493,  399,  364,  438,  609,  586,  663,  185,  618,  202,  633,  424,  585,  270,  763,  316,  486,  663,  481,  248,  512,  323,  383,  532,  760,  333,  441,  403,  387,  430,  317,  450,  378,  330,  443,  671,  142,  315,  376,  222,   46,  474,  605,  430,  552,  621,  455,  168,  351,  391,  444,  669,  491,  395,  116,  285,  679,  396,  454,  360,  852,  109,  524],
        [  448,    0,  236,  191,  433,  127,  122,    0,  608,  455,  198,  351,  167,  258,  460,  706,  381,   57,  459,  366,  435,  253,  361,  410,  508,  322,  496,  448,  320,  299,  296,  365,  460,  419,  462,  589,  550,  338,  714,  496,  472,  337,  500,  661,  156,  296,  386,  479,  560,   92,  116,  408,  443,  500,  390,  425,  538,  324,  263,  547,  380,  356,  530,  608,  437,  481,  321,  496,  596,  672,  285,  528,   80,  539,  401,  602,  275,  659,  357,  367,  560,  404,  363,  390,  427,  469,  411,  645,  212,  404,  305,  266,  544,  201,  340,  263,  363,  428,  584,  232,  309,  267,  139,  163,  360,  488,  326,  552,  500,  372,   48,  472,  371,  323,  558,  501,  395,  237,  369,  575,  401,  351,  423,  740,  222,  402],
        [  486,    0,  780,  498,  645,  587,  493,  608,    0,  635,  680,  902,  699,  854,  998,  896,  309,  620,  733,  730,  936,  364,  734,  200, 1093,  832, 1083,  824,  876,  885,  639,  396, 1054,  929,  338,  744,  798,  817,  957,  176,  759,  468,  348,  965,  511,  369,  722,  169,   49,  584,  699,  842,  651,  509,  898,  940, 1145,  823,  841,  102,  352,  956, 1112,   17,  686,  303,  890, 1101,  892,  958,  445, 1096,  685, 1115,  645,  873,  522, 1252,  631,  948, 1152,  822,  246,  985,  205,  257, 1013, 1252,  806,  692,  811,  871,   68,  777,  942,  870,  459,  633, 1145,  389,  718,  812,  709,  448,  917, 1095,  921,  889, 1104,  814,  656,  226,  619,  921, 1162,  816,  570,  382,  304, 1168,  554,  864,  594, 1344,  387, 1002],
        [  796,    0,  385,  294,  849,  564,  466,  455,  635,    0,  652,  454,  620,  647,  498, 1138,  627,  405,  895,  814,  411,  398,  810,  523,  878,  769,  648,  232,  446,  506,  732,  675,  647,  418,  727, 1005,  987,  790, 1158,  648,  135,  191,  766, 1112,  323,  323,  152,  469,  602,  363,  423,  862,  859,  848,  833,  431,  817,  345,  464,  646,  660,  594,  902,  624,  865,  722,  476,  807, 1044, 1121,  629,  921,  464,  919,   64, 1047,  197,  995,  781,  535,  910,  264,  489,  593,  448,  380,  645,  924,  483,  103,  348,  559,  577,  433,  693,  611,  186,   29,  978,  381,  760,  399,  583,  456,  473,  766,  703, 1004,  721,  282,  471,  661,   85,  564,  867,  948,   77,  495,  350,  921,   87,  381,  823, 1028,  446,  624],
        [  357,    0,  390,  375,  275,  105,  226,  198,  680,  652,    0,  477,   54,  224,  583,  520,  391,  252,  276,  174,  583,  379,  167,  486,  422,  155,  564,  633,  447,  397,  132,  331,  517,  563,  434,  421,  363,  153,  521,  530,  667,  520,  464,  464,  340,  448,  580,  589,  634,  290,  273,  214,  285,  400,  224,  566,  522,  487,  380,  597,  365,  413,  439,  684,  266,  465,  435,  464,  401,  476,  253,  418,  218,  439,  599,  410,  467,  585,  199,  459,  486,  584,  448,  457,  538,  607,  453,  615,  316,  601,  467,  323,  624,  335,  310,  274,  545,  625,  466,  368,  113,  413,  105,  266,  479,  482,  276,  355,  529,  549,  194,  491,  569,  390,  517,  307,  590,  307,  511,  502,  594,  503,  285,  693,  325,  455],
        [  794,    0,  124,  405,  750,  461,  463,  351,  902,  454,  477,    0,  424,  320,  110,  986,  724,  309,  750,  642,  119,  543,  633,  718,  478,  504,  199,  272,   32,   96,  606,  715,  194,   97,  810,  897,  832,  544,  972,  823,  368,  482,  849,  898,  393,  537,  305,  745,  856,  328,  236,  625,  760,  845,  543,   95,  372,  109,   98,  862,  728,  161,  501,  897,  742,  826,   48,  376,  849,  916,  635,  535,  280,  521,  392,  866,  406,  563,  673,   86,  491,  215,  669,  145,  700,  696,  201,  475,  162,  353,  108,  185,  835,  151,  313,  257,  505,  429,  588,  517,  580,   91,  373,  496,   20,  324,  342,  792,  269,  182,  316,  807,  388,  145,  430,  764,  449,  571,  611,  499,  466,   77,  752,  578,  540,  178],
        [  405,    0,  340,  354,  329,  112,  224,  167,  699,  620,   54,  424,    0,  177,  529,  570,  421,  215,  328,  223,  531,  378,  215,  502,  395,  159,  512,  588,  394,  343,  185,  368,  465,  511,  472,  474,  413,  171,  567,  557,  627,  500,  505,  506,  318,  441,  539,  596,  652,  258,  226,  244,  339,  450,  228,  513,  480,  437,  327,  621,  399,  361,  414,  702,  319,  501,  381,  424,  445,  518,  287,  398,  171,  416,  565,  456,  441,  556,  253,  405,  456,  537,  461,  404,  544,  606,  402,  576,  263,  563,  417,  270,  640,  283,  266,  223,  525,  593,  450,  364,  161,  361,   52,  267,  426,  438,  235,  396,  480,  501,  152,  520,  536,  336,  479,  353,  562,  319,  508,  472,  567,  452,  338,  658,  329,  403],
        [  580,    0,  286,  436,  485,  277,  363,  258,  854,  647,  224,  320,  177,    0,  410,  682,  591,  274,  461,  352,  438,  508,  341,  655,  252,  188,  353,  549,  296,  225,  348,  544,  303,  416,  648,  613,  533,  232,  660,  723,  616,  574,  681,  582,  404,  552,  531,  734,  806,  324,  227,  311,  493,  622,  224,  414,  304,  375,  233,  783,  574,  207,  274,  855,  465,  676,  273,  251,  537,  600,  462,  279,  199,  285,  585,  557,  502,  403,  414,  272,  303,  492,  610,  253,  682,  726,  236,  403,  181,  568,  358,  137,  792,  226,   91,   66,  601,  619,  337,  488,  295,  292,  148,  408,  315,  261,   68,  477,  308,  453,  214,  690,  563,  194,  309,  458,  605,  473,  626,  318,  616,  373,  503,  491,  470,  242],
        [  904,    0,  229,  501,  857,  571,  571,  460,  998,  498,  583,  110,  529,  410,    0, 1086,  831,  417,  853,  745,   90,  644,  735,  818,  526,  597,  168,  283,  141,  189,  712,  824,  192,   81,  918, 1002,  933,  639, 1068,  927,  390,  561,  958,  991,  492,  630,  347,  837,  952,  433,  345,  719,  867,  954,  630,   68,  384,  177,  205,  962,  836,  218,  548,  992,  847,  934,  148,  407,  945, 1010,  744,  589,  390,  570,  442,  963,  488,  583,  780,  140,  527,  237,  770,  182,  793,  781,  233,  474,  268,  397,  188,  275,  930,  261,  385,  345,  581,  477,  638,  617,  683,  196,  479,  602,  104,  346,  419,  886,  268,  217,  425,  913,  446,  219,  451,  863,  509,  677,  701,  531,  527,  135,  861,  572,  645,  211],
        [  414,    0,  909,  846,  294,  582,  673,  706,  896, 1138,  520,  986,  570,  682, 1086,    0,  616,  762,  247,  347, 1097,  777,  356,  773,  721,  495, 1029, 1151,  957,  897,  411,  529,  977, 1077,  560,  154,  157,  451,   84,  723, 1175,  974,  550,  163,  816,  862, 1090,  901,  866,  790,  792,  376,  284,  388,  486, 1078,  902, 1006,  890,  795,  567,  888,  721,  908,  274,  594,  941,  836,  157,  138,  533,  668,  737,  704, 1094,  129,  942,  849,  358,  952,  781, 1103,  764,  933,  865,  965,  910,  951,  826, 1104,  986,  813,  872,  852,  736,  746,  993, 1115,  674,  782,  409,  930,  620,  688,  985,  884,  695,  219,  962, 1068,  711,  673, 1061,  874,  861,  224, 1068,  672,  894,  795, 1067, 1020,  331,  985,  717,  920],
        [  205,    0,  603,  369,  344,  314,  262,  381,  309,  627,  391,  724,  421,  591,  831,  616,    0,  416,  429,  422,  792,  231,  427,  158,  812,  536,  877,  741,  694,  680,  333,   91,  839,  779,  101,  463,  501,  516,  668,  142,  714,  437,  141,  665,  360,  305,  648,  285,  268,  401,  493,  535,  351,  246,  598,  787,  893,  675,  643,  214,   49,  734,  829,  317,  382,  105,  699,  841,  591,  661,  141,  807,  460,  829,  606,  576,  446,  975,  323,  748,  875,  717,  158,  770,  252,  357,  786,  994,  593,  638,  658,  642,  267,  578,  681,  621,  447,  611,  853,  253,  413,  636,  444,  230,  735,  848,  654,  584,  874,  696,  425,  100,  572,  702,  898,  511,  550,  157,  305,  891,  542,  710,  295, 1078,  198,  780],
        [  498,    0,  190,  163,  489,  184,  155,   57,  620,  405,  252,  309,  215,  274,  417,  762,  416,    0,  515,  422,  386,  258,  416,  425,  525,  366,  469,  391,  279,  270,  353,  409,  436,  370,  502,  646,  606,  385,  770,  521,  416,  303,  542,  715,  131,  284,  330,  480,  572,   51,   80,  458,  500,  551,  431,  377,  534,  272,  229,  567,  420,  337,  548,  618,  494,  518,  284,  498,  651,  726,  332,  552,   76,  558,  350,  658,  235,  670,  414,  336,  573,  348,  377,  367,  429,  458,  394,  644,  187,  350,  253,  253,  554,  164,  348,  266,  329,  378,  608,  233,  363,  222,  179,  189,  320,  482,  340,  606,  484,  317,   68,  501,  321,  302,  561,  556,  350,  264,  361,  587,  357,  302,  478,  741,  239,  382],
        [  261,    0,  666,  604,   91,  335,  432,  459,  733,  895,  276,  750,  328,  461,  853,  247,  429,  515,    0,  110,  858,  549,  120,  578,  562,  288,  813,  905,  720,  665,  164,  339,  763,  838,  406,  154,   92,  242,  265,  559,  929,  737,  413,  239,  573,  633,  843,  703,  695,  544,  547,  192,   88,  268,  306,  840,  719,  762,  653,  634,  383,  666,  569,  743,   48,  443,  706,  654,  165,  239,  316,  524,  493,  557,  849,  157,  700,  713,  120,  723,  627,  857,  559,  712,  660,  754,  696,  788,  589,  858,  743,  584,  696,  611,  529,  523,  758,  871,  550,  550,  170,  688,  379,  451,  750,  692,  488,  157,  759,  823,  466,  509,  816,  648,  691,   85,  826,  447,  674,  643,  827,  779,  143,  842,  488,  703],
        [  299,    0,  562,  527,  149,  250,  360,  366,  730,  814,  174,  642,  223,  352,  745,  347,  422,  422,  110,    0,  752,  495,   12,  555,  471,  185,  705,  807,  613,  556,   97,  338,  654,  731,  424,  262,  191,  142,  349,  561,  837,  667,  441,  299,  494,  575,  751,  675,  688,  455,  446,  120,  155,  323,  217,  733,  618,  659,  545,  635,  381,  557,  481,  737,  118,  461,  598,  553,  231,  307,  289,  441,  391,  472,  764,  237,  623,  628,  107,  614,  537,  758,  529,  603,  628,  714,  587,  692,  481,  769,  639,  475,  684,  505,  422,  414,  690,  788,  474,  492,   63,  583,  273,  388,  642,  588,  382,  193,  652,  722,  367,  513,  733,  539,  594,  135,  748,  401,  625,  554,  750,  674,  187,  753,  435,  594],
        [  882,    0,  200,  444,  852,  555,  537,  435,  936,  411,  583,  119,  531,  438,   90, 1097,  792,  386,  858,  752,    0,  590,  743,  763,  588,  620,  254,  194,  143,  214,  709,  793,  272,   23,  883, 1003,  942,  659, 1087,  877,  301,  487,  923, 1014,  440,  567,  261,  772,  892,  392,  323,  741,  863,  934,  661,   29,  462,  118,  209,  907,  801,  271,  611,  929,  848,  896,  166,  477,  963, 1031,  717,  648,  375,  632,  357,  979,  418,  659,  775,  190,  596,  148,  716,  244,  731,  710,  300,  557,  272,  310,  135,  303,  869,  249,  430,  375,  505,  391,  699,  564,  690,  172,  480,  563,  128,  420,  460,  907,  349,  133,  408,  867,  363,  261,  526,  876,  426,  636,  635,  602,  445,   84,  851,  657,  599,  277],
        [  403,    0,  420,  149,  484,  274,  155,  253,  364,  398,  379,  543,  378,  508,  644,  777,  231,  258,  549,  495,  590,    0,  495,  175,  756,  532,  721,  516,  516,  522,  400,  279,  691,  581,  332,  632,  636,  531,  811,  288,  484,  211,  372,  784,  152,   86,  420,  226,  316,  221,  336,  581,  493,  453,  602,  591,  788,  474,  478,  319,  262,  594,  778,  361,  509,  332,  529,  748,  711,  787,  246,  771,  326,  784,  375,  705,  215,  911,  429,  586,  811,  498,  127,  621,  175,  229,  651,  897,  443,  407,  460,  510,  297,  414,  592,  515,  225,  381,  824,   27,  458,  453,  373,  113,  558,  737,  576,  684,  741,  482,  300,  284,  341,  558,  810,  618,  321,  106,  133,  826,  314,  513,  448,  992,   61,  639],
        [  307,    0,  554,  524,  160,  246,  358,  361,  734,  810,  167,  633,  215,  341,  735,  356,  427,  416,  120,   12,  743,  495,    0,  559,  460,  174,  694,  800,  604,  546,   99,  344,  644,  722,  432,  273,  200,  131,  355,  566,  832,  664,  449,  303,  491,  574,  745,  677,  692,  450,  438,  112,  165,  332,  207,  724,  607,  651,  536,  640,  386,  547,  470,  742,  129,  468,  589,  542,  236,  312,  292,  431,  384,  462,  759,  243,  619,  617,  115,  604,  527,  750,  531,  592,  630,  715,  577,  681,  472,  764,  631,  465,  688,  497,  411,  403,  687,  784,  465,  491,   54,  575,  265,  387,  633,  577,  371,  195,  641,  715,  360,  519,  728,  529,  583,  141,  744,  402,  626,  543,  747,  665,  197,  742,  435,  583],
        [  362,    0,  594,  320,  495,  390,  293,  410,  200,  523,  486,  718,  502,  655,  818,  773,  158,  425,  578,  555,  763,  175,  559,    0,  894,  640,  892,  676,  690,  693,  461,  245,  861,  754,  237,  620,  653,  628,  823,  126,  629,  335,  269,  816,  326,  210,  576,  128,  152,  393,  505,  661,  503,  401,  707,  764,  946,  648,  650,  145,  206,  761,  914,  201,  532,  219,  702,  902,  742,  813,  268,  899,  488,  917,  515,  728,  368, 1054,  465,  758,  953,  664,   49,  791,   98,  204,  817, 1053,  612,  555,  633,  674,  139,  585,  742,  671,  337,  512,  950,  202,  535,  627,  510,  248,  732,  897,  722,  729,  908,  651,  458,  143,  484,  726,  962,  657,  448,  184,  175,  969,  436,  687,  448, 1145,  189,  807],
        [  755,    0,  498,  687,  620,  506,  607,  508, 1093,  878,  422,  478,  395,  252,  526,  721,  812,  525,  562,  471,  588,  756,  460,  894,    0,  293,  392,  744,  467,  392,  514,  751,  346,  567,  853,  706,  604,  331,  672,  950,  827,  823,  880,  579,  655,  803,  749,  981, 1045,  575,  471,  371,  625,  788,  257,  560,  195,  566,  424, 1015,  786,  318,   25, 1095,  586,  885,  435,  136,  565,  604,  674,   69,  450,   45,  815,  595,  749,  164,  566,  399,   67,  685,  852,  346,  929,  976,  294,  231,  396,  791,  554,  322, 1033,  446,  186,  270,  850,  851,  112,  737,  437,  491,  386,  652,  464,  200,  185,  503,  293,  648,  465,  912,  797,  335,  141,  521,  845,  711,  877,   83,  857,  549,  655,  282,  715,  316],
        [  463,    0,  450,  511,  332,  258,  378,  322,  832,  769,  155,  504,  159,  188,  597,  495,  536,  366,  288,  185,  620,  532,  174,  640,  293,    0,  535,  711,  478,  411,  222,  466,  483,  599,  566,  440,  351,   46,  472,  677,  763,  657,  591,  395,  476,  597,  676,  743,  786,  412,  356,  123,  338,  496,   71,  598,  433,  545,  412,  747,  505,  394,  306,  837,  303,  600,  457,  369,  349,  413,  396,  274,  307,  301,  712,  370,  596,  454,  274,  460,  359,  656,  603,  439,  692,  760,  415,  509,  352,  705,  527,  323,  777,  389,  244,  254,  683,  742,  318,  519,  144,  463,  187,  419,  500,  405,  202,  290,  473,  619,  299,  635,  684,  382,  410,  273,  715,  462,  663,  376,  722,  550,  363,  574,  479,  425],
        [  912,    0,  309,  591,  835,  583,  617,  496, 1083,  648,  564,  199,  512,  353,  168, 1029,  877,  469,  813,  705,  254,  721,  694,  892,  392,  535,    0,  446,  217,  200,  694,  852,   52,  240,  953,  966,  884,  580, 1000,  989,  550,  679,  990,  915,  574,  725,  497,  932, 1036,  500,  389,  654,  844,  959,  550,  228,  225,  305,  243, 1035,  873,  152,  411, 1080,  817,  975,  196,  261,  879,  937,  769,  459,  417,  435,  588,  902,  602,  423,  761,  136,  380,  394,  844,  109,  885,  889,  120,  307,  285,  546,  307,  244, 1016,  307,  295,  293,  702,  624,  501,  694,  647,  279,  467,  656,  180,  196,  335,  818,  107,  368,  452,  967,  586,  179,  294,  807,  647,  731,  800,  381,  664,  267,  849,  405,  708,  112],
        [  872,    0,  264,  372,  880,  574,  516,  448,  824,  232,  633,  272,  588,  549,  283, 1151,  741,  391,  905,  807,  194,  516,  800,  676,  744,  711,  446,    0,  278,  352,  744,  764,  457,  206,  840, 1037,  994,  743, 1154,  799,  108,  357,  880, 1092,  384,  468,  103,  655,  784,  372,  363,  823,  890,  925,  765,  218,  642,  179,  324,  815,  762,  431,  767,  815,  884,  844,  310,  648, 1033, 1106,  699,  797,  417,  787,  190, 1042,  309,  835,  804,  358,  762,   60,  633,  417,  623,  578,  473,  742,  369,  140,  193,  430,  760,  325,  568,  496,  368,  217,  852,  492,  746,  259,  540,  527,  290,  596,  589,  982,  534,   98,  440,  800,  209,  410,  702,  939,  268,  589,  522,  770,  286,  197,  866,  844,  543,  450],
        [  763,    0,   96,  380,  720,  430,  433,  320,  876,  446,  447,   32,  394,  296,  141,  957,  694,  279,  720,  613,  143,  516,  604,  690,  467,  478,  217,  278,    0,   77,  575,  684,  205,  121,  779,  867,  803,  517,  945,  795,  368,  463,  819,  872,  366,  512,  300,  720,  829,  299,  204,  599,  730,  814,  519,  121,  373,  104,   68,  834,  697,  155,  490,  871,  712,  796,   32,  372,  822,  889,  604,  522,  249,  510,  383,  838,  386,  560,  642,   90,  484,  219,  642,  148,  674,  674,  201,  479,  132,  347,   98,  163,  809,  120,  296,  235,  486,  420,  576,  489,  551,   64,  343,  466,   43,  324,  323,  765,  277,  184,  284,  778,  377,  133,  428,  735,  436,  541,  587,  493,  453,   83,  722,  582,  511,  179],
        [  729,    0,  126,  398,  671,  396,  419,  299,  885,  506,  397,   96,  343,  225,  189,  897,  680,  270,  665,  556,  214,  522,  546,  693,  392,  411,  200,  352,   77,    0,  527,  660,  170,  192,  759,  814,  745,  452,  881,  790,  439,  500,  797,  805,  378,  531,  365,  737,  838,  302,  190,  533,  681,  778,  448,  190,  312,  175,   47,  836,  678,   89,  415,  882,  660,  779,   49,  303,  757,  823,  578,  446,  221,  435,  442,  775,  421,  492,  595,   68,  413,  293,  645,  102,  688,  699,  144,  422,   89,  410,  165,   90,  819,  109,  220,  162,  524,  479,  500,  496,  495,  107,  293,  457,   90,  261,  247,  699,  230,  256,  257,  769,  431,   60,  362,  674,  487,  532,  607,  422,  503,  160,  678,  525,  509,  126],
        [  242,    0,  512,  442,  145,  172,  271,  296,  639,  732,  132,  606,  185,  348,  712,  411,  333,  353,  164,   97,  709,  400,   99,  461,  514,  222,  694,  744,  575,  527,    0,  253,  646,  689,  348,  296,  256,  192,  426,  474,  765,  578,  370,  387,  410,  481,  680,  579,  596,  380,  391,  203,  155,  279,  275,  693,  638,  608,  509,  547,  295,  544,  527,  646,  142,  383,  565,  577,  316,  393,  196,  495,  337,  523,  685,  315,  538,  676,   68,  590,  580,  698,  433,  588,  532,  618,  582,  723,  445,  694,  588,  454,  592,  461,  430,  403,  600,  708,  535,  398,   83,  537,  235,  296,  609,  602,  393,  285,  655,  665,  307,  428,  653,  521,  625,  221,  664,  305,  530,  597,  665,  627,  156,  794,  340,  584],
        [  127,    0,  598,  398,  254,  273,  257,  365,  396,  675,  331,  715,  368,  544,  824,  529,   91,  409,  339,  338,  793,  279,  344,  245,  751,  466,  852,  764,  684,  660,  253,    0,  811,  778,  105,  377,  411,  442,  579,  224,  750,  489,  139,  575,  381,  361,  677,  372,  357,  404,  480,  453,  260,  175,  525,  785,  847,  678,  627,  299,   44,  705,  766,  405,  292,  135,  685,  792,  501,  571,   84,  740,  439,  764,  646,  486,  484,  914,  236,  728,  815,  734,  237,  744,  336,  438,  754,  943,  571,  673,  659,  611,  357,  565,  634,  582,  503,  656,  783,  294,  336,  629,  399,  238,  724,  804,  603,  495,  839,  709,  403,  176,  612,  674,  846,  422,  598,  181,  375,  832,  592,  709,  205, 1023,  230,  750],
        [  867,    0,  289,  567,  786,  540,  581,  460, 1054,  647,  517,  194,  465,  303,  192,  977,  839,  436,  763,  654,  272,  691,  644,  861,  346,  483,   52,  457,  205,  170,  646,  811,    0,  254,  912,  916,  833,  528,  948,  955,  558,  664,  949,  863,  547,  701,  498,  907, 1007,  471,  357,  602,  795,  913,  498,  244,  193,  302,  216, 1002,  832,  106,  366, 1051,  768,  935,  178,  219,  827,  885,  727,  413,  380,  389,  586,  850,  586,  391,  713,  116,  339,  402,  813,   70,  858,  868,   68,  286,  250,  547,  301,  200,  988,  279,  243,  244,  688,  622,  457,  665,  597,  263,  421,  621,  175,  156,  283,  766,   78,  372,  414,  931,  580,  138,  259,  755,  640,  696,  777,  342,  657,  268,  801,  388,  675,   63],
        [  866,    0,  183,  435,  833,  537,  523,  419,  929,  418,  563,   97,  511,  416,   81, 1077,  779,  370,  838,  731,   23,  581,  722,  754,  567,  599,  240,  206,  121,  192,  689,  778,  254,    0,  869,  983,  922,  638, 1065,  867,  312,  485,  909,  992,  430,  560,  267,  766,  885,  379,  306,  719,  843,  918,  639,   13,  444,  107,  188,  899,  787,  250,  589,  923,  828,  883,  144,  457,  942, 1010,  701,  626,  356,  611,  362,  958,  414,  640,  756,  169,  576,  157,  707,  224,  724,  707,  280,  540,  251,  316,  122,  281,  862,  229,  408,  353,  504,  397,  678,  554,  669,  154,  460,  550,  106,  400,  438,  885,  331,  137,  390,  856,  366,  239,  507,  855,  429,  623,  630,  582,  448,   70,  832,  641,  587,  257],
        [  150,    0,  691,  468,  315,  376,  348,  462,  338,  727,  434,  810,  472,  648,  918,  560,  101,  502,  406,  424,  883,  332,  432,  237,  853,  566,  953,  840,  779,  759,  348,  105,  912,  869,    0,  407,  463,  539,  620,  164,  815,  537,   42,  630,  457,  405,  747,  359,  307,  492,  576,  543,  320,  174,  622,  877,  951,  766,  725,  237,   83,  807,  868,  350,  358,   38,  782,  896,  559,  622,  187,  840,  538,  865,  706,  538,  546, 1016,  319,  827,  917,  814,  250,  845,  335,  441,  857, 1047,  671,  738,  749,  713,  314,  661,  738,  685,  546,  712,  882,  353,  431,  723,  503,  321,  820,  908,  707,  562,  942,  792,  502,  115,  672,  776,  950,  490,  650,  252,  399,  934,  642,  800,  263, 1126,  297,  852],
        [  261,    0,  807,  712,  158,  463,  540,  589,  744, 1005,  421,  897,  474,  613, 1002,  154,  463,  646,  154,  262, 1003,  632,  273,  620,  706,  440,  966, 1037,  867,  814,  296,  377,  916,  983,  407,    0,  109,  394,  217,  570, 1052,  834,  398,  250,  684,  718,  968,  748,  713,  668,  686,  336,  148,  236,  452,  986,  870,  903,  800,  643,  415,  819,  711,  756,  156,  442,  854,  804,  194,  234,  387,  663,  632,  697,  964,  162,  808,  851,  233,  874,  770,  992,  613,  864,  712,  814,  849,  934,  736,  978,  883,  735,  719,  755,  682,  675,  852,  982,  682,  639,  321,  832,  525,  550,  899,  843,  641,  233,  912,  959,  602,  520,  930,  800,  838,  188,  932,  527,  745,  785,  930,  922,  185,  983,  573,  855],
        [  314,    0,  752,  695,  159,  427,  523,  550,  798,  987,  363,  832,  413,  533,  933,  157,  501,  606,   92,  191,  942,  636,  200,  653,  604,  351,  884,  994,  803,  745,  256,  411,  833,  922,  463,  109,    0,  306,  175,  623, 1020,  827,  463,  168,  664,  721,  935,  780,  763,  635,  635,  238,  151,  305,  354,  924,  774,  849,  735,  697,  453,  740,  607,  809,  127,  500,  788,  707,   98,  161,  398,  558,  581,  593,  941,   76,  792,  745,  209,  801,  667,  947,  638,  786,  740,  837,  766,  833,  672,  950,  830,  662,  765,  696,  594,  597,  848,  962,  575,  639,  253,  774,  464,  541,  832,  750,  553,  125,  823,  912,  555,  572,  908,  725,  739,   84,  917,  533,  759,  682,  918,  864,  206,  879,  575,  774],
        [  428,    0,  484,  523,  291,  258,  379,  338,  817,  790,  153,  544,  171,  232,  639,  451,  516,  385,  242,  142,  659,  531,  131,  628,  331,   46,  580,  743,  517,  452,  192,  442,  528,  638,  539,  394,  306,    0,  430,  657,  791,  669,  562,  355,  488,  601,  703,  736,  772,  429,  384,   82,  296,  458,   84,  638,  478,  580,  451,  728,  482,  438,  341,  822,  260,  573,  498,  412,  306,  372,  375,  305,  333,  334,  734,  326,  611,  489,  237,  503,  397,  689,  593,  483,  686,  758,  461,  550,  390,  730,  561,  365,  764,  424,  289,  297,  694,  763,  344,  520,  110,  499,  209,  418,  541,  450,  248,  248,  519,  652,  320,  614,  705,  425,  452,  228,  732,  454,  663,  413,  738,  587,  325,  612,  475,  470],
        [  472,    0,  904,  867,  331,  595,  696,  714,  957, 1158,  521,  972,  567,  660, 1068,   84,  668,  770,  265,  349, 1087,  811,  355,  823,  672,  472, 1000, 1154,  945,  881,  426,  579,  948, 1065,  620,  217,  175,  430,    0,  783, 1186, 1001,  614,   94,  836,  896, 1099,  950,  925,  802,  792,  350,  322,  451,  451, 1066,  858, 1001,  878,  856,  619,  864,  669,  969,  302,  656,  926,  793,  124,   69,  572,  614,  738,  650, 1110,  113,  964,  791,  383,  932,  729, 1104,  810,  908,  912, 1010,  880,  899,  815, 1117,  982,  794,  929,  845,  706,  725, 1022, 1133,  616,  814,  409,  922,  616,  716,  970,  844,  665,  183,  926, 1068,  715,  733, 1078,  853,  812,  215, 1090,  708,  933,  742, 1091, 1012,  375,  927,  750,  892],
        [  312,    0,  700,  436,  470,  448,  375,  496,  176,  648,  530,  823,  557,  723,  927,  723,  142,  521,  559,  561,  877,  288,  566,  126,  950,  677,  989,  799,  795,  790,  474,  224,  955,  867,  164,  570,  623,  657,  783,    0,  754,  460,  180,  790,  438,  334,  700,  217,  143,  496,  601,  675,  476,  337,  740,  876, 1023,  761,  750,   76,  181,  852,  968,  187,  511,  131,  804,  973,  717,  783,  283,  947,  576,  969,  641,  698,  492, 1112,  460,  857, 1012,  785,  166,  885,  210,  310,  906, 1126,  705,  680,  745,  761,  152,  685,  813,  748,  462,  638,  994,  315,  555,  733,  575,  334,  837,  975,  787,  715,  995,  769,  543,   51,  609,  818, 1032,  642,  574,  259,  299, 1028,  561,  799,  419, 1213,  284,  898],
        [  865,    0,  333,  353,  894,  594,  516,  472,  759,  135,  667,  368,  627,  616,  390, 1175,  714,  416,  929,  837,  301,  484,  832,  629,  827,  763,  550,  108,  368,  439,  765,  750,  558,  312,  815, 1052, 1020,  791, 1186,  754,    0,  296,  855, 1130,  374,  421,   88,  591,  723,  386,  408,  868,  905,  918,  822,  324,  739,  265,  404,  761,  741,  522,  851,  748,  904,  815,  400,  740, 1067, 1142,  693,  876,  458,  869,  115, 1074,  269,  928,  821,  453,  851,  156,  591,  513,  564,  506,  568,  842,  439,   77,  275,  507,  698,  391,  646,  569,  301,  129,  932,  462,  779,  337,  583,  517,  386,  691,  663, 1021,  635,  187,  475,  761,  146,  498,  796,  972,  190,  570,  463,  860,  207,  292,  875,  945,  522,  545],
        [  613,    0,  375,  147,  681,  421,  308,  337,  468,  191,  520,  482,  500,  574,  561,  974,  437,  303,  737,  667,  487,  211,  664,  335,  823,  657,  679,  357,  463,  500,  578,  489,  664,  485,  537,  834,  827,  669, 1001,  460,  296,    0,  576,  964,  182,  133,  255,  299,  429,  253,  353,  733,  691,  663,  726,  497,  804,  385,  453,  465,  471,  585,  846,  458,  702,  532,  487,  780,  893,  970,  451,  853,  376,  858,  182,  892,   79,  960,  619,  549,  866,  359,  299,  599,  269,  225,  643,  915,  446,  226,  378,  524,  404,  400,  641,  556,   27,  178,  910,  197,  619,  402,  475,  286,  501,  752,  639,  859,  729,  358,  369,  471,  153,  551,  842,  798,  115,  313,  168,  880,  105,  427,  650, 1017,  264,  625],
        [  152,    0,  731,  509,  323,  411,  388,  500,  348,  766,  464,  849,  505,  681,  958,  550,  141,  542,  413,  441,  923,  372,  449,  269,  880,  591,  990,  880,  819,  797,  370,  139,  949,  909,   42,  398,  463,  562,  614,  180,  855,  576,    0,  630,  498,  444,  788,  386,  322,  532,  615,  560,  325,  163,  645,  917,  984,  807,  763,  248,  123,  843,  895,  361,  366,   52,  821,  927,  560,  620,  222,  865,  577,  891,  746,  538,  586, 1043,  335,  865,  945,  855,  286,  882,  366,  472,  893, 1078,  709,  778,  789,  750,  332,  701,  770,  720,  585,  751,  905,  393,  453,  763,  537,  362,  859,  941,  738,  568,  977,  833,  541,  135,  712,  813,  980,  497,  690,  293,  435,  962,  681,  840,  271, 1156,  338,  889],
        [  481,    0,  837,  825,  322,  548,  657,  661,  965, 1112,  464,  898,  506,  582,  991,  163,  665,  715,  239,  299, 1014,  784,  303,  816,  579,  395,  915, 1092,  872,  805,  387,  575,  863,  992,  630,  250,  168,  355,   94,  790, 1130,  964,  630,    0,  793,  867, 1043,  941,  929,  752,  730,  274,  315,  471,  366,  992,  767,  933,  805,  864,  617,  783,  576,  975,  285,  667,  851,  702,   75,   27,  554,  521,  676,  557, 1061,   93,  921,  697,  357,  853,  635, 1040,  798,  827,  899,  993,  796,  806,  744, 1064,  914,  717,  931,  777,  622,  647,  986, 1086,  522,  784,  353,  853,  552,  682,  894,  755,  582,  110,  838, 1003,  656,  739, 1030,  774,  720,  167, 1046,  684,  911,  648, 1049,  942,  372,  833,  723,  809],
        [  493,    0,  270,   36,  527,  245,  145,  156,  511,  323,  340,  393,  318,  404,  492,  816,  360,  131,  573,  494,  440,  152,  491,  326,  655,  476,  574,  384,  366,  378,  410,  381,  547,  430,  457,  684,  664,  488,  836,  438,  374,  182,  498,  793,    0,  156,  297,  360,  464,   83,  199,  554,  538,  546,  545,  439,  660,  323,  332,  471,  378,  454,  678,  507,  542,  464,  380,  627,  724,  800,  320,  680,  206,  688,  280,  725,  129,  800,  459,  439,  703,  358,  279,  478,  311,  330,  512,  771,  305,  298,  308,  377,  444,  269,  478,  396,  208,  299,  736,  125,  443,  302,  294,  145,  407,  608,  471,  686,  602,  337,  192,  429,  246,  419,  690,  627,  255,  206,  233,  717,  257,  362,  504,  870,  163,  498],
        [  487,    0,  417,  134,  569,  344,  223,  296,  369,  323,  448,  537,  441,  552,  630,  862,  305,  284,  633,  575,  567,   86,  574,  210,  803,  597,  725,  468,  512,  531,  481,  361,  701,  560,  405,  718,  721,  601,  896,  334,  421,  133,  444,  867,  156,    0,  367,  209,  325,  238,  355,  656,  579,  536,  667,  571,  816,  455,  485,  348,  341,  609,  825,  363,  594,  400,  530,  781,  794,  870,  332,  823,  358,  834,  308,  789,  160,  952,  514,  590,  854,  458,  170,  632,  164,  175,  667,  926,  460,  347,  443,  533,  303,  423,  630,  549,  142,  309,  878,   84,  535,  449,  428,  188,  553,  764,  619,  766,  757,  448,  339,  341,  276,  574,  844,  700,  246,  192,   78,  868,  237,  496,  534, 1025,  146,  653],
        [  789,    0,  252,  281,  811,  509,  436,  386,  722,  152,  580,  305,  539,  531,  347, 1090,  648,  330,  843,  751,  261,  420,  745,  576,  749,  676,  497,  103,  300,  365,  680,  677,  498,  267,  747,  968,  935,  703, 1099,  700,   88,  255,  788, 1043,  297,  367,    0,  553,  683,  301,  321,  781,  821,  842,  735,  280,  672,  197,  327,  714,  671,  451,  773,  713,  819,  750,  331,  668,  980, 1055,  617,  796,  371,  790,   97,  987,  209,  856,  738,  388,  775,  116,  534,  447,  521,  477,  500,  778,  356,   50,  202,  428,  658,  307,  566,  487,  266,  130,  852,  397,  692,  260,  496,  441,  324,  623,  581,  934,  573,  131,  388,  702,  109,  424,  726,  885,  170,  499,  420,  785,  189,  231,  793,  881,  452,  479],
        [  490,    0,  625,  341,  622,  487,  375,  479,  169,  469,  589,  745,  596,  734,  837,  901,  285,  480,  703,  675,  772,  226,  677,  128,  981,  743,  932,  655,  720,  737,  579,  372,  907,  766,  359,  748,  780,  736,  950,  217,  591,  299,  386,  941,  360,  209,  553,    0,  133,  438,  556,  775,  630,  527,  812,  778, 1013,  661,  691,  187,  334,  813, 1002,  160,  657,  335,  737,  974,  867,  939,  390,  993,  550, 1008,  477,  854,  356, 1136,  589,  797, 1036,  655,  146,  838,   53,   98,  871, 1122,  663,  523,  650,  733,  108,  629,  818,  740,  291,  465, 1045,  248,  649,  657,  596,  330,  761,  962,  802,  853,  961,  648,  525,  253,  450,  778, 1036,  782,  402,  283,  137, 1052,  386,  703,  576, 1218,  268,  857],
        [  454,    0,  734,  452,  608,  540,  445,  560,   49,  602,  634,  856,  652,  806,  952,  866,  268,  572,  695,  688,  892,  316,  692,  152, 1045,  786, 1036,  784,  829,  838,  596,  357, 1007,  885,  307,  713,  763,  772,  925,  143,  723,  429,  322,  929,  464,  325,  683,  133,    0,  537,  651,  798,  614,  480,  852,  895, 1097,  778,  794,   77,  313,  909, 1064,   51,  648,  274,  844, 1053,  856,  923,  401, 1049,  637, 1068,  609,  838,  480, 1205,  591,  901, 1104,  781,  198,  937,  163,  228,  965, 1204,  759,  654,  766,  823,   26,  730,  894,  821,  423,  598, 1099,  342,  674,  766,  662,  400,  871, 1047,  873,  851, 1056,  772,  608,  193,  581,  874, 1114,  778,  534,  334,  263, 1120,  519,  819,  557, 1296,  339,  954],
