{
    "name": "random-98-7463",
    "comment": "size=98 seed=7463",
    "nodes": ["+0", "-0", "+1", "-1", "+2", "-2", "+3", "-3", "+4", "-4", "+5", "-5", "+6", "-6", "+7", "-7", "+8", "-8", "+9", "-9", "+10", "-10", "+11", "-11", "+12", "-12", "+13", "-13", "+14", "-14", "+15", "-15", "+16", "-16", "+17", "-17", "+18", "-18", "+19", "-19", "+20", "-20", "+21", "-21", "+22", "-22", "+23", "-23", "+24", "-24", "+25", "-25", "+26", "-26", "+27", "-27", "+28", "-28", "+29", "-29", "+30", "-30", "+31", "-31", "+32", "-32", "+33", "-33", "+34", "-34", "+35", "-35", "+36", "-36", "+37", "-37", "+38", "-38", "+39", "-39", "+40", "-40", "+41", "-41", "+42", "-42", "+43", "-43", "+44", "-44", "+45", "-45", "+46", "-46", "+47", "-47", "+48", "-48", "+49", "-49", "+50", "-50", "+51", "-51", "+52", "-52", "+53", "-53", "+54", "-54", "+55", "-55", "+56", "-56", "+57", "-57", "+58", "-58", "+59", "-59", "+60", "-60", "+61", "-61", "+62", "-62", "+63", "-63", "+64", "-64", "+65", "-65", "+66", "-66", "+67", "-67", "+68", "-68", "+69", "-69", "+70", "-70", "+71", "-71", "+72", "-72", "+73", "-73", "+74", "-74", "+75", "-75", "+76", "-76", "+77", "-77", "+78", "-78", "+79", "-79", "+80", "-80", "+81", "-81", "+82", "-82", "+83", "-83", "+84", "-84", "+85", "-85", "+86", "-86", "+87", "-87", "+88", "-88", "+89", "-89", "+90", "-90", "+91", "-91", "+92", "-92", "+93", "-93", "+94", "-94", "+95", "-95", "+96", "-96", "+97", "-97", "+98", "-98"],
    "precedence": {
        "+0": "-0",
        "+1": "-1",
        "+2": "-2",
        "+3": "-3",
        "+4": "-4",
        "+5": "-5",
        "+6": "-6",
        "+7": "-7",
        "+8": "-8",
        "+9": "-9",
        "+10": "-10",
        "+11": "-11",
        "+12": "-12",
        "+13": "-13",
        "+14": "-14",
        "+15": "-15",
        "+16": "-16",
        "+17": "-17",
        "+18": "-18",
        "+19": "-19",
        "+20": "-20",
        "+21": "-21",
        "+22": "-22",
        "+23": "-23",
        "+24": "-24",
        "+25": "-25",
        "+26": "-26",
        "+27": "-27",
        "+28": "-28",
        "+29": "-29",
        "+30": "-30",
        "+31": "-31",
        "+32": "-32",
        "+33": "-33",
        "+34": "-34",
        "+35": "-35",
        "+36": "-36",
        "+37": "-37",
        "+38": "-38",
        "+39": "-39",
        "+40": "-40",
        "+41": "-41",
        "+42": "-42",
        "+43": "-43",
        "+44": "-44",
        "+45": "-45",
        "+46": "-46",
        "+47": "-47",
        "+48": "-48",
        "+49": "-49",
        "+50": "-50",
        "+51": "-51",
        "+52": "-52",
        "+53": "-53",
        "+54": "-54",
        "+55": "-55",
        "+56": "-56",
        "+57": "-57",
        "+58": "-58",
        "+59": "-59",
        "+60": "-60",
        "+61": "-61",
        "+62": "-62",
        "+63": "-63",
        "+64": "-64",
        "+65": "-65",
        "+66": "-66",
        "+67": "-67",
        "+68": "-68",
        "+69": "-69",
        "+70": "-70",
        "+71": "-71",
        "+72": "-72",
        "+73": "-73",
        "+74": "-74",
        "+75": "-75",
        "+76": "-76",
        "+77": "-77",
        "+78": "-78",
        "+79": "-79",
        "+80": "-80",
        "+81": "-81",
        "+82": "-82",
        "+83": "-83",
        "+84": "-84",
        "+85": "-85",
        "+86": "-86",
        "+87": "-87",
        "+88": "-88",
        "+89": "-89",
        "+90": "-90",
        "+91": "-91",
        "+92": "-92",
        "+93": "-93",
        "+94": "-94",
        "+95": "-95",
        "+96": "-96",
        "+97": "-97",
        "+98": "-98"
    },
    "edges": [
        [    0,    0,  547,  268,  153,  637,  124,  328,  422,  480,  320,   62,  653,  420,  592,  342,  412,  583,  176,  287,  422,  449,  377,  393,  471,  297,  796,  287,  183,  323,  308,  477,  802,  384,  547,  351,  455,  331,  391,  315,  563,  351,  209,  442,  207,  500,  390,  384,  450,  513,  646,  296,  328,  102,  279,  495,  165,  695,  387,  367,  696,  288,  577,  457,  324,  114,  454,  326,  586,  123,  222,  125,  200,  344,  556,  518,  186,  693,  277,  294,  388,  256,  282,  536,  468,  454,  252,  258,  546,  261,  357,  526,  760,  432,  667,  502,  301,  381,  394,  205,  295,  393,  646,  309,  444,  452,  424,  261,  363,  450,  501,  689,  598,  649,  669,  373,  645,   75,  595,  615,  363,  290,  195,  318,  504,  463,  392,  428,  299,  477,  338,  616,   88,  618,  276,  484,  207,  310,  285,  342,  177,  393,  492,  281,  423,  730,  615,  403,  336,  453,  372,  611,  277,  385,  594,  132,  212,  444,  448,  401,  377,  633,  552,   69,  737,  491,  253,  554,  391,  197,  400,  592,  410,  196,  601,  274,  374,   52,  449,  508,  632,  245,  235,  475,  152,  567,  515,  261,  145,  135,  297,  484,  317,  402,  421,  353,  532,  485],
        [    0,    0,    0,    0,    0,    0,    0,    0,    0,    0,    0,    0,    0,    0,    0,    0,    0,    0,    0,    0,    0,    0,    0,    0,    0,    0,    0,    0,    0,    0,    0,    0,    0,    0,    0,    0,    0,    0,    0,    0,    0,    0,    0,    0,    0,    0,    0,    0,    0,    0,    0,    0,    0,    0,    0,    0,    0,    0,    0,    0,    0,    0,    0,    0,    0,    0,    0,    0,    0,    0,    0,    0,    0,    0,    0,    0,    0,    0,    0,    0,    0,    0,    0,    0,    0,    0,    0,    0,    0,    0,    0,    0,    0,    0,    0,    0,    0,    0,    0,    0,    0,    0,    0,    0,    0,    0,    0,    0,    0,    0,    0,    0,    0,    0,    0,    0,    0,    0,    0,    0,    0,    0,    0,    0,    0,    0,    0,    0,    0,    0,    0,    0,    0,    0,    0,    0,    0,    0,    0,    0,    0,    0,    0,    0,    0,    0,    0,    0,    0,    0,    0,    0,    0,    0,    0,    0,    0,    0,    0,    0,    0,    0,    0,    0,    0,    0,    0,    0,    0,    0,    0,    0,    0,    0,    0,    0,    0,    0,    0,    0,    0,    0,    0,    0,    0,    0,    0,    0,    0,    0,    0,    0,    0,    0,    0,    0,    0,    0],
        [  547,    0,    0,  662,  659,  161,  668,  567,  140,  942,  849,  608,  238,  958,  840,  844,  192,  173,  676,  820,  445,  831,  867,  168,   99,  680,  670,  713,  726,  584,  431,  518,  652,  327,  646,  684,  815,  864,  823,  758,  166,  869,  346,  886,  370,  224,  434,  238,  876,  885,  250,  645,  222,  604,  769,  742,  622,  518,  456,  801,  553,  676,  802,  974,  223,  537,  829,  483,  430,  427,  326,  597,  515,  822,  276,  740,  691,  211,  391,  482,  759,  771,  572,  140,  732,  356,  470,  799,  298,  297,  769,  909,  578,  833,  607,   59,  766,  178,  666,  394,  762,  365,  290,  382,  942,  556,  130,  301,  235,  251,  155,  156,  827,  740,  163,  724,  768,  576,   54,  194,  766,  541,  731,  861,   51,  236,  156,  378,  806,  247,  253,  110,  472,   87,  478,  936,  361,  412,  263,  292,  651,  577,   59,  573,  174,  541,  741,  174,  661,  839,  801,  669,  790,  175,  986,  636,  728,  724,  842,  820,  484,  775,  816,  606,  603,  600,  295,  574,  173,  569,  875, 1051,  236,  609,   77,  440,  750,  587,  471,  351,  340,  768,  478,  878,  689,  501,  995,  797,  413,  607,  261,  282,  537,  942,  445,  440,  160,  584],
        [  268,    0,  662,    0,  377,  792,  294,  596,  574,  667,  454,  253,  674,  509,  851,  515,  592,  754,  141,  421,  676,  684,  555,  550,  618,  550, 1051,  526,  319,  591,  563,  737, 1053,  374,  814,   90,  697,  451,  162,  102,  735,  500,  344,  224,  304,  520,  643,  581,  217,  254,  659,   48,  481,  174,  150,  758,  416,  937,  288,  589,  944,   20,  839,  585,  472,  171,  691,  589,  825,  337,  386,  380,  467,  541,  762,  782,  149,  738,  521,  201,  633,  189,  109,  703,  730,  688,  196,  375,  758,  447,  110,  271, 1005,  662,  926,  605,  515,  486,  150,  275,  508,  632,  842,  552,  600,  717,  567,  372,  554,  656,  674,  770,  859,  917,  734,  106,  912,  333,  715,  788,  110,  558,  353,  326,  633,  663,  522,  668,  474,  489,  410,  757,  259,  746,  539,  677,  317,  561,  442,  556,  416,  207,  620,  108,  597,  973,  883,  571,   84,  686,  595,  878,  450,  489,  811,  366,  173,  185,  195,  625,  259,  900,  810,  298,  989,  758,  407,  816,  552,  463,  587,  767,  449,  456,  732,  231,  109,  230,  705,  462,  845,  411,  498,  228,  330,  820,  681,  254,  292,  387,  474,  476,  167,  484,  674,  608,  705,  751],
        [  153,    0,  659,  377,    0,  724,   90,  273,  524,  327,  192,  129,  791,  303,  479,  194,  497,  661,  245,  165,  421,  309,  226,  494,  572,  179,  773,  149,  110,  259,  320,  452,  784,  534,  487,  466,  320,  208,  457,  388,  642,  212,  344,  494,  352,  642,  394,  460,  511,  593,  786,  415,  438,  208,  325,  393,   63,  697,  539,  219,  688,  394,  472,  318,  438,  257,  316,  312,  599,  241,  343,   64,  186,  192,  609,  422,  246,  824,  315,  443,  257,  280,  419,  621,  365,  483,  403,  157,  593,  363,  440,  600,  756,  289,  640,  621,  150,  508,  519,  355,  143,  422,  702,  344,  296,  412,  530,  397,  445,  512,  583,  809,  490,  578,  795,  479,  564,   89,  703,  691,  449,  247,   90,  270,  612,  527,  507,  451,  152,  621,  477,  712,  238,  721,  269,  331,  349,  330,  399,  407,   44,  534,  602,  417,  512,  732,  537,  498,  456,  312,  224,  555,  133,  512,  446,   24,  250,  561,  526,  254,  527,  548,  438,   89,  722,  440,  373,  519,  491,  142,  247,  439,  552,  108,  703,  427,  469,  160,  439,  659,  674,  111,  236,  545,   67,  558,  364,  247,  288,   57,  399,  631,  461,  289,  420,  356,  612,  438],
        [  637,    0,  161,  792,  724,    0,  751,  571,  221,  971,  914,  699,  371, 1025,  807,  894,  228,   71,  786,  888,  414,  840,  911,  248,  175,  704,  549,  747,  807,  591,  442,  471,  527,  481,  593,  825,  819,  931,  954,  885,   87,  925,  456, 1015,  491,  384,  414,  265, 1008, 1027,  388,  781,  318,  710,  885,  719,  676,  399,  610,  829,  440,  809,  767, 1027,  325,  651,  836,  485,  335,  514,  424,  660,  555,  863,  185,  710,  801,  317,  420,  626,  772,  879,  712,  103,  715,  314,  609,  874,  212,  376,  902, 1049,  451,  847,  511,  216,  808,  312,  813,  518,  805,  349,  152,  399,  987,  520,  226,  421,  279,  228,  141,  224,  790,  672,  263,  864,  706,  650,  122,   60,  900,  555,  805,  954,  166,  210,  271,  346,  860,  407,  393,   54,  575,   92,  497,  962,  479,  424,  360,  319,  707,  729,  179,  712,  215,  416,  683,  235,  802,  849,  827,  600,  848,  310,  988,  702,  835,  872,  980,  842,  637,  718,  791,  687,  487,  557,  396,  508,  249,  610,  913, 1075,  391,  653,   89,  581,  888,  683,  431,  511,  216,  833,  510, 1015,  765,  422, 1029,  896,  520,  668,  341,  442,  683, 1012,  414,  434,  113,  541],
        [  124,    0,  668,  294,   90,  751,    0,  353,  540,  385,  201,   69,  775,  297,  568,  237,  523,  693,  158,  167,  487,  391,  275,  511,  589,  268,  849,  236,   59,  342,  379,  527,  859,  499,  571,  383,  405,  209,  368,  299,  673,  237,  332,  406,  328,  621,  458,  491,  422,  504,  768,  335,  447,  134,  236,  482,  145,  764,  485,  296,  759,  310,  562,  339,  445,  198,  399,  381,  662,  242,  343,  123,  249,  253,  654,  510,  158,  816,  363,  386,  343,  194,  347,  648,  454,  538,  348,  134,  640,  378,  351,  511,  826,  368,  717,  624,  223,  505,  440,  323,  216,  476,  746,  394,  334,  491,  543,  385,  473,  552,  612,  812,  579,  665,  793,  393,  652,  105,  716,  724,  361,  324,   76,  209,  624,  566,  513,  508,  193,  597,  461,  733,  210,  737,  334,  392,  329,  386,  406,  444,  133,  464,  613,  346,  536,  800,  625,  518,  375,  393,  302,  639,  169,  509,  519,   88,  161,  479,  437,  332,  469,  636,  527,   64,  796,  521,  374,  597,  508,  217,  303,  492,  532,  191,  720,  377,  382,  101,  509,  621,  725,  132,  296,  456,   39,  628,  410,  169,  268,  124,  414,  602,  395,  278,  486,  419,  642,  519],
        [  328,    0,  567,  596,  273,  571,  353,    0,  431,  406,  416,  355,  764,  524,  301,  366,  376,  501,  489,  404,  179,  269,  368,  407,  469,  149,  502,  203,  382,   21,  136,  185,  514,  591,  221,  677,  250,  437,  709,  635,  485,  407,  382,  754,  420,  645,  164,  330,  766,  837,  767,  622,  386,  426,  584,  196,  211,  437,  652,  269,  423,  615,  274,  493,  394,  434,  266,   87,  354,  299,  349,  232,  131,  321,  412,  208,  496,  769,  183,  579,  201,  545,  597,  477,  177,  270,  537,  416,  389,  319,  681,  848,  492,  277,  368,  552,  270,  477,  715,  442,  271,  223,  502,  186,  441,  140,  446,  420,  333,  344,  441,  722,  298,  322,  727,  701,  319,  269,  595,  523,  688,   41,  358,  540,  516,  362,  449,  234,  346,  636,  492,  579,  361,  601,   96,  395,  408,  155,  368,  276,  232,  696,  511,  596,  394,  471,  289,  395,  661,  278,  265,  288,  345,  481,  421,  266,  509,  768,  771,  275,  653,  309,  268,  313,  453,  169,  364,  247,  401,  138,  361,  506,  566,  165,  583,  544,  700,  370,  185,  711,  456,  351,  121,  796,  339,  295,  469,  518,  370,  230,  340,  660,  619,  519,  178,  138,  461,  166],
        [  422,    0,  140,  574,  524,  221,  540,  431,    0,  802,  715,  484,  343,  825,  712,  706,   66,  181,  566,  687,  325,  692,  728,   30,   50,  540,  607,  573,  597,  447,  295,  403,  595,  301,  531,  612,  677,  730,  735,  665,  163,  732,  236,  796,  271,  262,  308,  107,  791,  814,  350,  566,   98,  491,  665,  611,  484,  460,  423,  662,  487,  591,  676,  837,  105,  431,  691,  349,  355,  300,  205,  461,  375,  683,  225,  612,  581,  339,  252,  419,  620,  660,  499,  129,  599,  250,  397,  668,  235,  163,  684,  835,  526,  693,  522,  123,  627,  115,  607,  300,  623,  242,  282,  245,  804,  433,   21,  203,   98,  150,  106,  296,  701,  631,  297,  651,  654,  444,  180,  214,  683,  403,  600,  739,   90,  143,   64,  263,  669,  270,  192,  195,  356,  198,  340,  796,  259,  276,  141,  156,  514,  531,   83,  500,   52,  489,  626,   37,  589,  701,  661,  562,  653,  116,  848,  501,  616,  667,  764,  681,  444,  659,  686,  477,  538,  480,  176,  468,   34,  429,  736,  912,  222,  470,  181,  373,  672,  466,  355,  373,  307,  634,  338,  799,  558,  408,  856,  679,  300,  471,  127,  304,  476,  809,  325,  309,  135,  464],
        [  480,    0,  942,  667,  327,  971,  385,  406,  802,    0,  225,  447, 1103,  249,  365,  153,  759,  902,  526,  252,  583,  166,  112,  775,  847,  267,  831,  229,  349,  386,  529,  567,  853,  859,  521,  755,  199,  236,  692,  642,  884,  177,  661,  706,  675,  960,  570,  715,  733,  831, 1100,  712,  731,  518,  563,  352,  336,  813,  864,  142,  787,  681,  389,  158,  735,  579,  176,  489,  749,  555,  651,  371,  428,  136,  818,  383,  520, 1126,  556,  767,  212,  509,  731,  872,  333,  676,  728,  299,  795,  654,  697,  829,  854,  143,  707,  913,  184,  812,  817,  681,  189,  627,  908,  573,   97,  509,  813,  713,  710,  744,  835, 1097,  390,  560, 1091,  757,  525,  413,  978,  926,  709,  416,  316,  406,  892,  761,  801,  640,  194,  941,  794,  972,  564,  990,  475,   21,  671,  547,  698,  658,  312,  848,  884,  730,  776,  842,  511,  770,  750,  158,  144,  579,  218,  816,  168,  349,  503,  849,  767,  132,  851,  500,  336,  414,  803,  505,  678,  597,  769,  374,   82,  114,  871,  336,  972,  753,  738,  480,  582,  985,  860,  257,  466,  775,  347,  674,   66,  445,  611,  359,  686,  954,  779,  264,  582,  542,  858,  514],
        [  320,    0,  849,  454,  192,  914,  201,  416,  715,  225,    0,  269,  972,  113,  520,   83,  688,  850,  315,   35,  586,  309,  120,  686,  764,  276,  908,  221,  148,  398,  496,  601,  924,  700,  603,  539,  336,   22,  468,  420,  831,   49,  526,  483,  526,  819,  563,  650,  509,  607,  966,  500,  628,  325,  341,  465,  240,  853,  681,  211,  838,  466,  529,  139,  628,  396,  319,  477,  765,  427,  530,  255,  366,  135,  792,  497,  306, 1010,  500,  580,  298,  286,  530,  811,  438,  660,  545,   80,  774,  554,  475,  605,  907,  279,  776,  810,  158,  694,  604,  523,  155,  601,  885,  527,  147,  551,  721,  579,  636,  699,  773,  998,  540,  674,  983,  538,  649,  275,  894,  879,  487,  404,  126,  185,  803,  714,  697,  626,   74,  796,  657,  903,  408,  912,  442,  239,  526,  510,  589,  596,  209,  646,  792,  528,  703,  887,  627,  689,  537,  306,  220,  669,   72,  699,  387,  214,  284,  631,  543,  242,  663,  628,  482,  253,  865,  566,  561,  656,  682,  313,  155,  316,  730,  271,  894,  575,  516,  301,  598,  821,  852,   82,  415,  551,  168,  711,  228,  221,  464,  246,  590,  802,  582,  104,  585,  527,  802,  569],
        [   62,    0,  608,  253,  129,  699,   69,  355,  484,  447,  269,    0,  708,  365,  598,  302,  473,  644,  135,  235,  468,  437,  339,  455,  533,  297,  838,  276,  126,  347,  355,  516,  845,  431,  576,  341,  447,  278,  355,  281,  624,  305,  268,  401,  261,  553,  437,  444,  412,  484,  700,  289,  389,   81,  233,  506,  163,  743,  419,  347,  742,  272,  587,  408,  386,  133,  443,  367,  637,  185,  283,  128,  235,  312,  614,  531,  142,  750,  329,  321,  382,  203,  291,  597,  478,  507,  282,  202,  602,  323,  328,  494,  807,  417,  708,  562,  276,  441,  392,  255,  269,  446,  704,  361,  401,  486,  486,  319,  424,  509,  562,  749,  607,  675,  728,  357,  666,   86,  657,  676,  336,  320,  144,  256,  566,  522,  453,  479,  258,  529,  394,  678,  143,  680,  317,  453,  263,  359,  347,  400,  164,  407,  554,  289,  484,  779,  637,  465,  330,  440,  352,  642,  235,  445,  573,  114,  161,  436,  417,  382,  405,  652,  558,   45,  781,  522,  314,  591,  453,  218,  365,  556,  464,  204,  663,  310,  352,   34,  492,  553,  689,  199,  276,  442,  104,  612,  475,  201,  202,  135,  359,  534,  334,  345,  466,  398,  593,  517],
        [  653,    0,  238,  674,  791,  371,  775,  764,  343, 1103,  972,  708,    0, 1072, 1053,  985,  407,  404,  734,  939,  668, 1014, 1014,  361,  321,  854,  906,  877,  833,  779,  632,  744,  887,  301,  872,  665, 1003,  983,  825,  775,  401, 1000,  448,  886,  447,  158,  651,  450,  868,  850,   22,  642,  380,  677,  809,  951,  769,  754,  401,  968,  789,  683, 1017, 1107,  374,  602, 1014,  686,  666,  551,  453,  737,  685,  973,  513,  953,  750,   84,  582,  473,  942,  826,  567,  377,  937,  586,  483,  909,  535,  455,  768,  876,  812, 1011,  844,  222,  921,  293,  625,  456,  915,  585,  517,  582, 1086,  776,  325,  395,  438,  481,  391,  174, 1043,  970,  120,  704,  996,  703,  253,  419,  762,  732,  847,  940,  277,  468,  316,  603,  943,  187,  316,  319,  566,  280,  670, 1101,  447,  613,  407,  496,  795,  524,  275,  569,  391,  775,  968,  379,  644, 1022,  969,  900,  923,  289, 1172,  768,  788,  673,  823,  992,  433, 1001, 1025,  720,  840,  823,  425,  805,  368,  734, 1029, 1215,  245,  768,  285,  446,  737,  679,  696,  233,  573,  894,  658,  859,  805,  736, 1149,  869,  509,  748,  427,  198,  516, 1052,  667,  650,  397,  807],
        [  420,    0,  958,  509,  303, 1025,  297,  524,  825,  249,  113,  365, 1072,    0,  592,  164,  799,  962,  379,  139,  696,  378,  180,  795,  874,  379, 1009,  324,  240,  504,  608,  707, 1026,  791,  700,  588,  409,   95,  487,  454,  943,  118,  628,  488,  625,  917,  674,  761,  518,  619, 1064,  556,  737,  407,  375,  551,  352,  960,  760,  293,  943,  517,  607,   99,  736,  482,  389,  588,  875,  533,  636,  366,  478,  218,  904,  584,  367, 1113,  613,  659,  385,  324,  597,  923,  526,  772,  627,  163,  886,  663,  506,  613, 1012,  348,  877,  917,  257,  799,  655,  618,  255,  713,  998,  639,  152,  656,  830,  681,  748,  811,  885, 1105,  614,  763, 1088,  579,  734,  382, 1003,  992,  519,  514,  228,  193,  912,  827,  804,  737,  178,  892,  758, 1014,  506, 1022,  554,  269,  626,  622,  696,  708,  321,  711,  901,  596,  814,  993,  715,  799,  589,  373,  301,  765,  183,  803,  416,  324,  336,  673,  560,  315,  739,  712,  557,  355,  969,  667,  667,  758,  792,  426,  209,  305,  828,  383, 1005,  660,  552,  394,  707,  910,  964,  193,  527,  561,  270,  817,  221,  256,  564,  358,  699,  896,  653,   25,  695,  638,  914,  672],
        [  592,    0,  840,  851,  479,  807,  568,  301,  712,  365,  520,  598, 1053,  592,    0,  440,  651,  737,  724,  529,  398,  215,  414,  692,  743,  302,  500,  335,  569,  293,  423,  337,  527,  891,  227,  938,  185,  540,  934,  866,  726,  485,  681,  966,  717,  942,  407,  606,  986, 1071, 1057,  884,  681,  677,  800,  106,  435,  527,  948,  310,  491,  869,   43,  516,  690,  705,  204,  369,  504,  593,  649,  472,  420,  386,  626,  100,  725, 1049,  477,  869,  230,  752,  873,  728,  128,  496,  826,  563,  599,  617,  919, 1077,  548,  245,  396,  834,  373,  772,  985,  738,  379,  476,  698,  472,  452,  288,  729,  720,  616,  595,  697,  990,   28,  214, 1002,  955,  172,  521,  859,  751,  928,  340,  535,  695,  790,  612,  739,  467,  452,  935,  791,  829,  645,  858,  395,  345,  706,  441,  667,  557,  437,  980,  788,  872,  668,  548,  169,  675,  925,  220,  301,  258,  467,  776,  255,  486,  726, 1033, 1004,  280,  946,  147,   41,  553,  489,  251,  664,  320,  685,  399,  384,  405,  865,  397,  841,  837,  947,  623,  377, 1011,  636,  496,  420, 1022,  538,  412,  424,  704,  664,  464,  636,  959,  902,  600,  398,  403,  709,  267],
        [  342,    0,  844,  515,  194,  894,  237,  366,  706,  153,   83,  302,  985,  164,  440,    0,  672,  828,  374,  103,  541,  227,   42,  677,  754,  218,  846,  164,  197,  346,  463,  547,  863,  726,  536,  602,  255,  101,  544,  491,  810,   47,  537,  562,  545,  836,  521,  631,  587,  683,  980,  559,  626,  369,  413,  390,  223,  800,  721,  132,  782,  528,  451,  133,  627,  434,  238,  435,  719,  434,  535,  250,  340,   55,  760,  423,  367, 1016,  476,  622,  223,  359,  581,  792,  364,  623,  584,  148,  740,  549,  546,  683,  850,  197,  714,  809,   96,  699,  664,  547,   96,  567,  853,  499,  102,  494,  714,  590,  621,  673,  755,  996,  460,  601,  985,  605,  574,  283,  885,  856,  558,  360,  165,  267,  795,  689,  695,  588,   44,  815,  671,  888,  429,  901,  407,  165,  543,  478,  589,  575,  193,  698,  786,  580,  688,  833,  554,  677,  598,  223,  141,  602,   68,  703,  308,  218,  350,  696,  618,  160,  705,  552,  402,  274,  806,  504,  564,  596,  673,  285,   75,  256,  746,  242,  883,  611,  586,  335,  550,  850,  815,  106,  386,  628,  199,  657,  174,  297,  481,  239,  584,  825,  630,  166,  540,  487,  781,  509],
        [  412,    0,  192,  592,  497,  228,  523,  376,   66,  759,  688,  473,  407,  799,  651,  672,    0,  172,  568,  661,  261,  642,  691,   61,   93,  494,  548,  532,  579,  394,  241,  338,  537,  352,  466,  638,  625,  704,  750,  677,  152,  701,  248,  810,  290,  326,  245,   47,  807,  837,  414,  589,  116,  490,  669,  551,  452,  403,  468,  618,  428,  610,  614,  804,  127,  438,  640,  292,  295,  290,  208,  434,  335,  645,  179,  551,  582,  399,  204,  453,  571,  659,  526,  126,  541,  185,  425,  647,  184,  153,  701,  858,  471,  645,  459,  186,  589,  170,  639,  321,  586,  178,  251,  191,  768,  370,   86,  228,   52,   89,   90,  346,  639,  566,  353,  675,  590,  423,  221,  204,  701,  352,  578,  728,  141,   85,  118,  198,  637,  332,  238,  217,  356,  231,  289,  752,  276,  221,  151,  102,  482,  569,  138,  526,   18,  434,  562,   34,  615,  650,  617,  497,  623,  171,  796,  476,  614,  700,  784,  635,  487,  594,  626,  460,  479,  416,  185,  402,   55,  390,  697,  867,  279,  432,  213,  406,  694,  459,  290,  433,  263,  607,  293,  818,  538,  344,  815,  672,  305,  442,  120,  366,  509,  785,  260,  249,  121,  400],
        [  583,    0,  173,  754,  661,   71,  693,  501,  181,  902,  850,  644,  404,  962,  737,  828,  172,    0,  738,  825,  343,  769,  844,  204,  145,  636,  503,  679,  748,  521,  373,  402,  483,  467,  525,  793,  748,  868,  915,  843,   21,  860,  413,  975,  451,  390,  343,  203,  970,  995,  419,  747,  274,  661,  839,  648,  612,  351,  594,  760,  389,  772,  697,  961,  283,  606,  765,  415,  275,  461,  377,  598,  489,  796,  120,  640,  752,  362,  353,  599,  701,  830,  680,   53,  644,  243,  578,  814,  146,  324,  864, 1016,  408,  777,  453,  216,  741,  287,  787,  481,  738,  279,  118,  331,  920,  450,  192,  384,  221,  158,   83,  276,  721,  607,  308,  832,  640,  591,  154,   34,  863,  486,  745,  898,  156,  141,  240,  275,  795,  408,  368,   98,  526,  135,  428,  892,  438,  356,  315,  255,  643,  708,  167,  681,  162,  371,  616,  186,  770,  778,  758,  534,  784,  287,  917,  641,  785,  847,  945,  773,  619,  651,  720,  629,  438,  488,  350,  441,  203,  544,  845, 1005,  380,  587,  124,  553,  853,  630,  361,  515,  170,  770,  443,  980,  706,  358,  961,  843,  474,  606,  290,  444,  656,  950,  343,  364,   52,  472],
        [  176,    0,  676,  141,  245,  786,  158,  489,  566,  526,  315,  135,  734,  379,  724,  374,  568,  738,    0,  282,  597,  548,  415,  539,  614,  423,  970,  393,  178,  482,  483,  649,  976,  437,  710,  230,  563,  314,  220,  146,  718,  360,  333,  268,  307,  577,  565,  546,  278,  351,  723,  186,  469,   79,  104,  636,  293,  870,  385,  451,  871,  156,  716,  449,  463,  139,  556,  499,  761,  283,  363,  261,  368,  401,  723,  662,   16,  788,  451,  286,  501,   96,  219,  688,  607,  628,  260,  236,  715,  415,  196,  360,  935,  524,  840,  624,  377,  500,  291,  287,  370,  568,  811,  484,  460,  621,  564,  376,  522,  617,  655,  804,  734,  809,  775,  237,  799,  221,  728,  771,  205,  455,  213,  211,  639,  627,  524,  603,  334,  548,  436,  759,  212,  754,  449,  536,  315,  485,  426,  509,  287,  334,  626,  218,  576,  906,  771,  553,  225,  549,  458,  776,  309,  503,  671,  238,   54,  325,  284,  488,  362,  785,  683,  178,  912,  657,  391,  725,  538,  352,  446,  627,  493,  336,  739,  295,  225,  125,  623,  546,  802,  270,  407,  307,  192,  742,  541,  137,  267,  266,  449,  544,  275,  355,  596,  528,  687,  652],
        [  287,    0,  820,  421,  165,  888,  167,  404,  687,  252,   35,  235,  939,  139,  529,  103,  661,  825,  282,    0,  570,  321,  143,  657,  735,  269,  901,  216,  114,  386,  477,  589,  915,  665,  598,  507,  346,   45,  442,  391,  806,   79,  493,  460,  493,  786,  545,  624,  485,  581,  933,  467,  599,  290,  312,  467,  217,  840,  646,  220,  826,  433,  535,  174,  598,  361,  331,  460,  749,  396,  499,  228,  344,  148,  770,  499,  273,  978,  477,  546,  303,  258,  496,  785,  440,  641,  511,   48,  753,  525,  446,  581,  895,  292,  767,  780,  159,  663,  571,  489,  154,  581,  863,  505,  179,  541,  692,  546,  610,  675,  748,  968,  547,  674,  952,  507,  650,  244,  865,  855,  458,  389,   93,  168,  774,  690,  667,  607,   78,  763,  625,  876,  374,  884,  423,  265,  493,  489,  559,  571,  187,  612,  763,  494,  676,  874,  628,  661,  505,  318,  229,  665,   64,  667,  410,  186,  253,  600,  516,  253,  628,  630,  490,  220,  856,  559,  530,  647,  654,  294,  177,  347,  697,  252,  866,  541,  487,  267,  583,  787,  833,   57,  394,  526,  135,  698,  260,  195,  431,  220,  561,  768,  548,  125,  569,  508,  776,  561],
        [  422,    0,  445,  676,  421,  414,  487,  179,  325,  583,  586,  468,  668,  696,  398,  541,  261,  343,  597,  570,    0,  436,  546,  311,  350,  327,  376,  379,  528,  200,  114,   81,  380,  564,  206,  746,  412,  606,  812,  735,  330,  582,  382,  864,  429,  577,   33,  219,  871,  928,  675,  691,  321,  523,  699,  306,  359,  278,  655,  447,  274,  696,  359,  670,  333,  505,  431,  110,  180,  341,  337,  366,  239,  498,  241,  299,  607,  656,  158,  605,  373,  669,  648,  331,  301,  101,  567,  574,  216,  282,  775,  943,  340,  448,  252,  446,  447,  408,  770,  458,  446,   84,  327,  131,  619,  111,  344,  399,  236,  198,  299,  593,  384,  310,  608,  776,  330,  387,  462,  361,  779,  183,  511,  689,  397,  215,  365,   70,  519,  577,  451,  432,  419,  460,  154,  571,  413,  116,  324,  184,  387,  728,  396,  648,  278,  313,  302,  290,  727,  445,  442,  244,  514,  411,  578,  408,  628,  828,  865,  451,  665,  334,  378,  433,  316,  156,  338,  157,  304,  280,  540,  678,  513,  319,  443,  562,  784,  472,   34,  669,  278,  514,  193,  894,  483,  146,  646,  655,  401,  369,  284,  607,  654,  689,    2,   70,  312,  140],
        [  449,    0,  831,  684,  309,  840,  391,  269,  692,  166,  309,  437, 1014,  378,  215,  227,  642,  769,  548,  321,  436,    0,  199,  667,  733,  164,  665,  163,  379,  250,  403,  410,  687,  802,  356,  773,   33,  328,  746,  683,  754,  271,  592,  772,  617,  882,  429,  596,  794,  885, 1014,  723,  635,  516,  611,  187,  285,  651,  831,  102,  624,  701,  231,  306,  640,  561,   11,  355,  593,  490,  572,  325,  331,  175,  676,  218,  546, 1027,  441,  741,   73,  560,  726,  745,  168,  534,  699,  359,  651,  560,  738,  888,  690,   31,  542,  810,  174,  722,  828,  630,  181,  491,  763,  451,  242,  352,  706,  640,  596,  613,  709,  986,  237,  396,  988,  784,  363,  375,  862,  791,  748,  290,  343,  489,  780,  630,  702,  499,  244,  868,  719,  848,  521,  869,  353,  149,  609,  422,  608,  540,  275,  840,  774,  725,  660,  680,  348,  658,  764,   10,   94,  413,  262,  726,  158,  324,  540,  869,  818,   68,  823,  339,  179,  395,  638,  342,  595,  434,  661,  287,  170,  244,  797,  263,  851,  718,  771,  466,  431,  927,  711,  295,  357,  833,  356,  514,  231,  506,  555,  315,  588,  886,  765,  386,  436,  406,  730,  353],
        [  377,    0,  867,  555,  226,  911,  275,  368,  728,  112,  120,  339, 1014,  180,  414,   42,  691,  844,  415,  143,  546,  199,    0,  700,  775,  220,  836,  168,  238,  348,  474,  546,  855,  759,  525,  643,  230,  135,  584,  532,  825,   75,  567,  601,  578,  867,  528,  649,  627,  723, 1010,  600,  650,  408,  454,  372,  247,  798,  758,  114,  778,  569,  428,  126,  652,  472,  210,  443,  721,  463,  562,  278,  357,   49,  770,  404,  408, 1043,  492,  660,  207,  400,  621,  809,  347,  632,  621,  189,  749,  573,  587,  723,  846,  169,  706,  834,  103,  726,  705,  581,  106,  577,  863,  513,   77,  491,  737,  620,  640,  687,  772, 1020,  435,  584, 1011,  646,  555,  314,  907,  870,  598,  368,  205,  304,  817,  704,  720,  596,   83,  846,  701,  907,  463,  921,  418,  124,  575,  490,  615,  593,  219,  738,  809,  619,  707,  830,  536,  698,  639,  194,  122,  589,  107,  730,  268,  249,  392,  737,  658,  135,  743,  532,  378,  309,  800,  497,  591,  590,  695,  301,   36,  217,  777,  260,  903,  648,  627,  372,  552,  884,  822,  146,  402,  668,  238,  656,  138,  337,  513,  266,  607,  857,  669,  187,  545,  496,  798,  503],
        [  393,    0,  168,  550,  494,  248,  511,  407,   30,  775,  686,  455,  361,  795,  692,  677,   61,  204,  539,  657,  311,  667,  700,    0,   79,  513,  608,  546,  568,  424,  273,  390,  598,  292,  517,  591,  653,  701,  711,  640,  185,  703,  209,  771,  247,  269,  292,   93,  766,  792,  366,  544,   71,  463,  638,  591,  455,  463,  410,  634,  488,  568,  657,  808,   79,  404,  666,  327,  356,  270,  177,  432,  347,  654,  235,  593,  553,  362,  227,  401,  595,  632,  478,  153,  578,  242,  376,  639,  242,  134,  660,  813,  531,  668,  518,  145,  599,  109,  588,  277,  595,  228,  299,  223,  775,  417,   39,  180,   77,  149,  125,  323,  682,  619,  321,  629,  641,  414,  209,  238,  659,  379,  570,  710,  118,  145,   58,  252,  640,  273,  179,  224,  328,  228,  315,  769,  234,  254,  113,  135,  485,  515,  110,  479,   55,  494,  612,   28,  568,  675,  634,  551,  624,  111,  823,  472,  588,  649,  741,  654,  430,  644,  665,  448,  540,  465,  148,  458,    8,  402,  708,  884,  219,  441,  210,  354,  650,  437,  342,  373,  319,  605,  312,  776,  529,  403,  828,  650,  273,  442,   97,  306,  458,  780,  310,  289,  156,  449],
        [  471,    0,   99,  618,  572,  175,  589,  469,   50,  847,  764,  533,  321,  874,  743,  754,   93,  145,  614,  735,  350,  733,  775,   79,    0,  583,  604,  618,  647,  486,  333,  425,  589,  324,  553,  652,  717,  779,  779,  710,  128,  780,  282,  840,  316,  263,  336,  139,  834,  854,  331,  608,  146,  539,  711,  644,  531,  453,  451,  706,  484,  634,  705,  885,  152,  478,  731,  385,  355,  349,  253,  510,  420,  729,  212,  643,  629,  307,  293,  456,  662,  708,  539,   93,  633,  265,  436,  717,  227,  212,  727,  876,  518,  735,  528,  101,  674,  143,  644,  344,  670,  268,  255,  283,  851,  460,   51,  246,  138,  160,   83,  254,  730,  650,  260,  691,  676,  493,  133,  176,  725,  443,  649,  788,   49,  148,   97,  284,  716,  276,  224,  146,  404,  149,  380,  841,  304,  314,  189,  194,  562,  564,   47,  540,   75,  480,  648,   77,  629,  742,  705,  579,  702,  142,  888,  550,  664,  704,  806,  724,  474,  682,  718,  526,  536,  505,  224,  484,   82,  475,  782,  956,  239,  516,  132,  410,  714,  515,  377,  382,  289,  682,  381,  841,  608,  418,  901,  728,  348,  519,  176,  312,  513,  858,  349,  342,  105,  489],
        [  297,    0,  680,  550,  179,  704,  268,  149,  540,  267,  276,  297,  854,  379,  302,  218,  494,  636,  423,  269,  327,  164,  220,  513,  583,    0,  633,   56,  277,  129,  263,  329,  649,  638,  329,  638,  162,  297,  635,  566,  618,  262,  429,  671,  454,  720,  310,  450,  689,  772,  853,  585,  476,  377,  503,  215,  135,  582,  672,  125,  565,  568,  294,  344,  481,  411,  166,  226,  502,  327,  409,  174,  170,  172,  555,  245,  425,  871,  291,  585,   94,  457,  578,  606,  187,  415,  542,  290,  533,  400,  618,  778,  633,  157,  500,  655,  123,  561,  687,  468,  124,  363,  646,  307,  293,  277,  552,  476,  446,  478,  569,  835,  312,  410,  833,  654,  391,  224,  714,  660,  627,  151,  246,  422,  629,  495,  544,  379,  203,  705,  556,  706,  362,  724,  208,  259,  446,  281,  447,  393,  137,  689,  622,  577,  512,  615,  366,  507,  626,  170,  123,  397,  207,  566,  320,  185,  428,  733,  704,  141,  666,  373,  261,  253,  591,  291,  433,  380,  508,  124,  214,  373,  633,  103,  706,  559,  646,  323,  333,  764,  604,  221,  202,  724,  241,  440,  326,  415,  393,  165,  430,  723,  613,  376,  326,  279,  592,  294],
        [  796,    0,  670, 1051,  773,  549,  849,  502,  607,  831,  908,  838,  906, 1009,  500,  846,  548,  503,  970,  901,  376,  665,  836,  608,  604,  633,    0,  688,  883,  517,  490,  323,   33,  896,  312, 1120,  633,  930, 1187, 1110,  505,  891,  743, 1237,  791,  866,  409,  527, 1245, 1303,  920, 1065,  649,  897, 1071,  479,  711,  153, 1005,  723,  121, 1071,  462,  959,  662,  881,  656,  472,  253,  716,  697,  727,  605,  793,  395,  450,  979,  863,  532,  968,  632, 1038, 1020,  531,  498,  381,  932,  916,  377,  636, 1150, 1318,  102,  690,  134,  700,  753,  717, 1141,  822,  755,  427,  398,  502,  898,  362,  627,  749,  554,  460,  523,  772,  473,  287,  809, 1151,  331,  755,  656,  493, 1155,  527,  860, 1041,  638,  465,  666,  391,  836,  876,  781,  596,  794,  635,  522,  813,  775,  491,  667,  522,  734, 1090,  645, 1019,  557,  134,  332,  581, 1100,  674,  716,  253,  839,  719,  752,  765,  998, 1200, 1241,  711, 1019,  355,  513,  801,   69,  343,  690,  255,  602,  634,  818,  895,  827,  666,  625,  923, 1159,  845,  348,  980,  335,  849,  563, 1269,  839,  232,  895, 1017,  772,  726,  626,  911, 1020, 1008,  378,  445,  511,  340],
        [  287,    0,  713,  526,  149,  747,  236,  203,  573,  229,  221,  276,  877,  324,  335,  164,  532,  679,  393,  216,  379,  163,  168,  546,  618,   56,  688,    0,  236,  183,  308,  384,  704,  648,  383,  615,  172,  243,  600,  533,  661,  206,  442,  633,  462,  738,  361,  488,  652,  738,  876,  564,  503,  356,  466,  258,  124,  637,  671,   91,  620,  543,  333,  292,  507,  398,  169,  275,  556,  337,  427,  164,  199,  120,  603,  289,  393,  899,  329,  579,  108,  418,  564,  647,  230,  464,  537,  240,  582,  426,  586,  743,  689,  147,  555,  685,   69,  585,  667,  473,   69,  410,  695,  348,  243,  332,  584,  492,  482,  522,  609,  868,  348,  460,  863,  627,  438,  213,  750,  705,  596,  200,  202,  372,  663,  539,  573,  429,  148,  721,  573,  746,  361,  762,  252,  225,  456,  324,  472,  431,  113,  677,  655,  563,  549,  670,  414,  542,  604,  167,   92,  450,  153,  590,  310,  162,  392,  710,  670,  119,  662,  419,  294,  233,  646,  346,  453,  436,  541,  146,  167,  340,  650,  110,  744,  557,  617,  305,  387,  774,  654,  170,  239,  688,  204,  494,  284,  372,  399,  153,  458,  737,  602,  321,  378,  328,  634,  349],
        [  183,    0,  726,  319,  110,  807,   59,  382,  597,  349,  148,  126,  833,  240,  569,  197,  579,  748,  178,  114,  528,  379,  238,  568,  647,  277,  883,  236,    0,  369,  424,  562,  894,  554,  595,  407,  397,  154,  367,  305,  728,  189,  391,  398,  386,  678,  500,  546,  418,  507,  825,  363,  506,  177,  233,  491,  173,  805,  533,  279,  797,  333,  567,  287,  503,  248,  388,  420,  705,  300,  402,  163,  290,  224,  705,  521,  173,  875,  412,  433,  340,  183,  385,  704,  463,  585,  397,   77,  691,  435,  360,  510,  865,  353,  749,  683,  206,  563,  468,  380,  199,  524,  798,  442,  289,  522,  601,  443,  528,  605,  668,  870,  583,  684,  851,  412,  667,  158,  774,  779,  371,  357,   36,  162,  682,  619,  572,  554,  156,  654,  519,  790,  267,  795,  375,  359,  387,  432,  464,  497,  151,  503,  671,  384,  592,  840,  641,  575,  402,  379,  287,  663,  132,  567,  494,  121,  162,  502,  439,  316,  515,  650,  529,  121,  832,  549,  433,  629,  565,  251,  269,  452,  589,  218,  778,  428,  396,  155,  547,  675,  774,   93,  339,  455,   46,  666,  367,  139,  326,  160,  471,  658,  436,  220,  527,  462,  698,  548],
        [  323,    0,  584,  591,  259,  591,  342,   21,  447,  386,  398,  347,  779,  504,  293,  346,  394,  521,  482,  386,  200,  250,  348,  424,  486,  129,  517,  183,  369,    0,  154,  203,  531,  600,  230,  674,  232,  419,  701,  627,  505,  388,  389,  744,  426,  657,  185,  348,  758,  831,  781,  618,  400,  420,  574,  188,  198,  456,  657,  248,  441,  610,  268,  473,  407,  432,  247,  106,  374,  302,  358,  222,  131,  300,  433,  203,  487,  785,  198,  582,  181,  535,  596,  496,  167,  291,  539,  399,  410,  331,  675,  841,  510,  257,  384,  568,  251,  490,  713,  447,  251,  243,  523,  203,  420,  156,  462,  429,  350,  364,  460,  739,  292,  328,  743,  696,  322,  262,  614,  543,  682,   48,  343,  525,  534,  381,  464,  255,  327,  648,  502,  598,  362,  620,  110,  375,  414,  173,  380,  293,  218,  697,  528,  595,  412,  490,  292,  412,  658,  259,  244,  298,  327,  494,  403,  254,  499,  765,  764,  254,  657,  310,  258,  304,  470,  181,  375,  263,  417,  130,  341,  485,  577,  152,  602,  548,  695,  364,  205,  721,  477,  334,  129,  788,  326,  314,  448,  505,  374,  219,  353,  671,  620,  500,  199,  158,  481,  180],
