{
    "name": "random-98-194",
    "comment": "size=98 seed=194",
    "nodes": ["+0", "-0", "+1", "-1", "+2", "-2", "+3", "-3", "+4", "-4", "+5", "-5", "+6", "-6", "+7", "-7", "+8", "-8", "+9", "-9", "+10", "-10", "+11", "-11", "+12", "-12", "+13", "-13", "+14", "-14", "+15", "-15", "+16", "-16", "+17", "-17", "+18", "-18", "+19", "-19", "+20", "-20", "+21", "-21", "+22", "-22", "+23", "-23", "+24", "-24", "+25", "-25", "+26", "-26", "+27", "-27", "+28", "-28", "+29", "-29", "+30", "-30", "+31", "-31", "+32", "-32", "+33", "-33", "+34", "-34", "+35", "-35", "+36", "-36", "+37", "-37", "+38", "-38", "+39", "-39", "+40", "-40", "+41", "-41", "+42", "-42", "+43", "-43", "+44", "-44", "+45", "-45", "+46", "-46", "+47", "-47", "+48", "-48", "+49", "-49", "+50", "-50", "+51", "-51", "+52", "-52", "+53", "-53", "+54", "-54", "+55", "-55", "+56", "-56", "+57", "-57", "+58", "-58", "+59", "-59", "+60", "-60", "+61", "-61", "+62", "-62", "+63", "-63", "+64", "-64", "+65", "-65", "+66", "-66", "+67", "-67", "+68", "-68", "+69", "-69", "+70", "-70", "+71", "-71", "+72", "-72", "+73", "-73", "+74", "-74", "+75", "-75", "+76", "-76", "+77", "-77", "+78", "-78", "+79", "-79", "+80", "-80", "+81", "-81", "+82", "-82", "+83", "-83", "+84", "-84", "+85", "-85", "+86", "-86", "+87", "-87", "+88", "-88", "+89", "-89", "+90", "-90", "+91", "-91", "+92", "-92", "+93", "-93", "+94", "-94", "+95", "-95", "+96", "-96", "+97", "-97", "+98", "-98"],
    "precedence": {
        "+0": "-0",
        "+1": "-1",
        "+2": "-2",
        "+3": "-3",
        "+4": "-4",
        "+5": "-5",
        "+6": "-6",
        "+7": "-7",
        "+8": "-8",
        "+9": "-9",
        "+10": "-10",
        "+11": "-11",
        "+12": "-12",
        "+13": "-13",
        "+14": "-14",
        "+15": "-15",
        "+16": "-16",
        "+17": "-17",
        "+18": "-18",
        "+19": "-19",
        "+20": "-20",
        "+21": "-21",
        "+22": "-22",
        "+23": "-23",
        "+24": "-24",
        "+25": "-25",
        "+26": "-26",
        "+27": "-27",
        "+28": "-28",
        "+29": "-29",
        "+30": "-30",
        "+31": "-31",
        "+32": "-32",
        "+33": "-33",
        "+34": "-34",
        "+35": "-35",
        "+36": "-36",
        "+37": "-37",
        "+38": "-38",
        "+39": "-39",
        "+40": "-40",
        "+41": "-41",
        "+42": "-42",
        "+43": "-43",
        "+44": "-44",
        "+45": "-45",
        "+46": "-46",
        "+47": "-47",
        "+48": "-48",
        "+49": "-49",
        "+50": "-50",
        "+51": "-51",
        "+52": "-52",
        "+53": "-53",
        "+54": "-54",
        "+55": "-55",
        "+56": "-56",
        "+57": "-57",
        "+58": "-58",
        "+59": "-59",
        "+60": "-60",
        "+61": "-61",
        "+62": "-62",
        "+63": "-63",
        "+64": "-64",
        "+65": "-65",
        "+66": "-66",
        "+67": "-67",
        "+68": "-68",
        "+69": "-69",
        "+70": "-70",
        "+71": "-71",
        "+72": "-72",
        "+73": "-73",
        "+74": "-74",
        "+75": "-75",
        "+76": "-76",
        "+77": "-77",
        "+78": "-78",
        "+79": "-79",
        "+80": "-80",
        "+81": "-81",
        "+82": "-82",
        "+83": "-83",
        "+84": "-84",
        "+85": "-85",
        "+86": "-86",
        "+87": "-87",
        "+88": "-88",
        "+89": "-89",
        "+90": "-90",
        "+91": "-91",
        "+92": "-92",
        "+93": "-93",
        "+94": "-94",
        "+95": "-95",
        "+96": "-96",
        "+97": "-97",
        "+98": "-98"
    },
    "edges": [
        [    0,    0,  514,  471,  399,  195,  309,  716,  688,  960,  808,  897,  126,  449,  868,  389,  943,  306,  536,  968,  481,  601,  342,  284,  892,  124,  715,  452,  450,  396,  425,  255,  283,   28,  858,  590,  365,  613,   95,  333,  622,  474,  767,  668,  403,  594,  423,  709,  820,  235,  744,  531,  299,  506,  211,  875,  594,  410,  858,  625,  647,  736,  165,  268,   50,  183,  859,  717,  200,  744,  414,  898,   23,  152,  434,  583,  384,  204,  788,  374,  567,  362,  650,  153,  355,  678,  136,  237,  452,  761,  712,  280,  166,  694,  390,  561,  155,  259,  464,  514,  294,  444,  750,  463,  315,   94,  632,  546,  380,  480,  223,  659,  222,  823,  795,  494,  393,  520,  187,  418,  311,  131,  731,  291,  207,  666,  156,  318,  505,  803,  705,  466,  216,  875,  295,  336,  304,  190,  145,  267,  526,  558,  212,  713,  553,  720,  881,  338,  791,  461,  943,  209,  431,  735,  871,  788,  897,  527,  781,  585,  253,  283,  765,  537,  343,  464,  456,  398,  461,  117,  915,  661,  694,  772,  557,  377,  336,  500,  699,  438,  391,  387,  366,  555,  387,  502,  330,  279,  438,  683,  155,  492,  788,  775,  525,  768,  489,  520],
        [    0,    0,    0,    0,    0,    0,    0,    0,    0,    0,    0,    0,    0,    0,    0,    0,    0,    0,    0,    0,    0,    0,    0,    0,    0,    0,    0,    0,    0,    0,    0,    0,    0,    0,    0,    0,    0,    0,    0,    0,    0,    0,    0,    0,    0,    0,    0,    0,    0,    0,    0,    0,    0,    0,    0,    0,    0,    0,    0,    0,    0,    0,    0,    0,    0,    0,    0,    0,    0,    0,    0,    0,    0,    0,    0,    0,    0,    0,    0,    0,    0,    0,    0,    0,    0,    0,    0,    0,    0,    0,    0,    0,    0,    0,    0,    0,    0,    0,    0,    0,    0,    0,    0,    0,    0,    0,    0,    0,    0,    0,    0,    0,    0,    0,    0,    0,    0,    0,    0,    0,    0,    0,    0,    0,    0,    0,    0,    0,    0,    0,    0,    0,    0,    0,    0,    0,    0,    0,    0,    0,    0,    0,    0,    0,    0,    0,    0,    0,    0,    0,    0,    0,    0,    0,    0,    0,    0,    0,    0,    0,    0,    0,    0,    0,    0,    0,    0,    0,    0,    0,    0,    0,    0,    0,    0,    0,    0,    0,    0,    0,    0,    0,    0,    0,    0,    0,    0,    0,    0,    0,    0,    0,    0,    0,    0,    0,    0,    0],
        [  514,    0,    0,   69,  499,  411,  597,  772,  488,  790,  771,  405,  636,  601,  468,  489,  430,  755,  261,  782,  611,  174,  244,  752,  382,  554,  315,  293,  561,  556,  163,  406,  579,  502,  354,  743,  604,  100,  534,  487,  115,  828,  351,  348,  170,  433,  574,  657,  324,  615,  232,  393,  315,  859,  507,  522,  484,  273,  702,  316,  380,  578,  585,  538,  506,  440,  698,  210,  586,  722,  108,  385,  492,  401,  293,  448,  319,  316,  404,  461,   54,  734,  171,  362,  209,  233,  597,  622,  611,  643,  488,  492,  577,  385,  166,  750,  393,  582,  786,   53,  609,  811,  404,  309,  343,  562,  729,   72,  327,  725,  695,  381,  364,  720,  575,  702,  507,  608,  477,  501,  590,  388,  364,  649,  553,  184,  411,  299,  272,  309,  271,  778,  408,  362,  639,  360,  764,  367,  381,  651,  377,  260,  690,  528,  500,  754,  412,  219,  294,  100,  431,  525,  826,  521,  385,  281,  396,   20,  284,  291,  682,  644,  253,  244,  516,  218,  321,  353,  445,  615,  815,  572,  183,  468,  132,  630,  718,  730,  195,  290,  127,  190,  458,  149,  622,  901,  504,  263,  837,  436,  393,  906,  279,  776,  244,  300,  554,  599],
        [  471,    0,   69,    0,  431,  352,  532,  706,  436,  742,  710,  430,  596,  533,  456,  498,  480,  697,  309,  736,  542,  156,  178,  696,  436,  500,  297,  322,  493,  562,  184,  398,  568,  456,  388,  675,  602,  152,  482,  419,  154,  763,  340,  310,  102,  374,  582,  596,  351,  555,  288,  330,  311,  793,  445,  499,  422,  294,  651,  274,  333,  525,  529,  527,  458,  380,  647,  271,  564,  660,   58,  434,  451,  373,  319,  387,  334,  269,  386,  470,  114,  671,  239,  321,  144,  229,  544,  561,  620,  586,  440,  485,  520,  346,  172,  681,  340,  567,  719,   44,  545,  747,  375,  340,  344,  512,  661,   76,  258,  657,  641,  336,  304,  664,  529,  634,  438,  539,  417,  514,  525,  351,  339,  586,  492,  199,  385,  299,  313,  334,  264,  711,  347,  413,  575,  292,  708,  343,  347,  590,  314,  210,  637,  475,  435,  689,  425,  156,  321,  132,  476,  507,  763,  472,  406,  341,  428,   69,  312,  243,  624,  581,  297,  293,  449,  253,  350,  370,  378,  578,  760,  511,  226,  433,  107,  563,  655,  662,  229,  223,   82,  123,  390,  210,  554,  838,  504,  206,  774,  389,  340,  844,  336,  713,  188,  310,  486,  530],
        [  399,    0,  499,  431,    0,  220,  175,  333,  341,  571,  410,  739,  488,  103,  608,  710,  861,  400,  688,  582,  117,  456,  266,  423,  833,  311,  497,  650,   68,  744,  539,  560,  664,  371,  730,  253,  737,  568,  323,   67,  555,  369,  546,  405,  331,  256,  772,  311,  682,  265,  695,  213,  534,  395,  197,  579,  228,  605,  471,  373,  356,  360,  300,  637,  351,  220,  473,  689,  595,  346,  405,  813,  398,  453,  636,  234,  613,  324,  533,  685,  540,  312,  669,  365,  302,  512,  345,  270,  807,  371,  372,  627,  291,  413,  502,  252,  280,  645,  315,  461,  202,  364,  478,  668,  571,  350,  261,  476,  173,  232,  397,  370,  227,  428,  437,  204,   13,  134,  213,  737,  166,  394,  480,  253,  229,  545,  469,  541,  674,  665,  520,  304,  199,  800,  237,  146,  421,  462,  413,  278,  220,  341,  403,  353,  171,  331,  689,  300,  659,  525,  842,  584,  396,  385,  705,  753,  758,  498,  653,  346,  338,  254,  680,  678,   69,  612,  670,  645,  102,  502,  517,  273,  617,  465,  440,  162,  310,  234,  602,  224,  401,  312,   47,  626,  145,  462,  672,  292,  409,  365,  280,  478,  746,  381,  322,  599,   92,  130],
        [  195,    0,  411,  352,  220,    0,  206,  550,  494,  767,  627,  753,  307,  293,  691,  496,  830,  345,  528,  774,  320,  450,  184,  346,  788,  159,  546,  470,  280,  527,  386,  346,  446,  168,  724,  448,  518,  503,  150,  159,  504,  431,  599,  487,  260,  400,  555,  523,  682,  205,  639,  338,  335,  463,   99,  690,  400,  423,  665,  444,  459,  542,  180,  418,  154,   29,  666,  621,  381,  563,  304,  783,  188,  235,  454,  388,  421,  129,  611,  473,  463,  329,  573,  151,  212,  524,  204,  211,  590,  569,  519,  409,  171,  509,  346,  430,   62,  427,  398,  394,  210,  410,  569,  486,  368,  183,  473,  421,  190,  370,  295,  472,   49,  634,  601,  366,  216,  351,   67,  524,  203,  177,  554,  242,  142,  528,  251,  346,  506,  664,  546,  394,   22,  763,  234,  143,  357,  249,  197,  241,  334,  382,  293,  518,  361,  550,  725,  197,  654,  396,  822,  366,  419,  541,  724,  691,  760,  419,  645,  406,  272,  236,  645,  523,  179,  449,  485,  448,  268,  309,  728,  470,  575,  584,  414,  261,  310,  384,  572,  254,  287,  240,  180,  501,  262,  495,  455,  149,  430,  492,   62,  497,  688,  600,  351,  616,  311,  348],
        [  309,    0,  597,  532,  175,  206,    0,  423,  516,  726,  536,  891,  360,  162,  778,  678,  995,  226,  733,  740,  196,  595,  354,  250,  960,  191,  657,  675,  186,  697,  590,  531,  592,  284,  874,  285,  672,  681,  215,  132,  675,  232,  708,  572,  431,  430,  725,  456,  827,  102,  815,  384,  535,  263,  115,  753,  401,  628,  630,  537,  526,  528,  161,  574,  261,  185,  633,  802,  506,  474,  492,  947,  317,  415,  658,  409,  622,  334,  701,  658,  645,  146,  765,  346,  389,  660,  208,  106,  756,  529,  547,  578,  155,  583,  551,  253,  258,  567,  193,  570,   29,  216,  648,  691,  566,  230,  335,  592,  299,  174,  233,  541,  246,  576,  610,  186,  163,  245,  151,  707,   10,  361,  646,   78,  102,  681,  428,  547,  712,  810,  673,  189,  199,  930,   62,  250,  247,  439,  383,  105,  389,  494,  241,  526,  343,  434,  847,  379,  802,  595,  980,  515,  237,  558,  858,  870,  905,  600,  795,  505,  167,   80,  810,  728,  111,  655,  689,  648,  275,  386,  656,  436,  743,  639,  569,   69,  138,  193,  733,  364,  479,  410,  181,  701,   82,  310,  627,  345,  249,  539,  258,  320,  865,  494,  470,  750,  236,  248],
        [  716,    0,  772,  706,  333,  550,  423,    0,  373,  384,  148,  882,  782,  267,  675, 1042, 1045,  605,  995,  408,  236,  668,  572,  641, 1036,  609,  637,  970,  271, 1076,  848,  893,  991,  688,  897,  159, 1066,  814,  628,  392,  792,  452,  670,  531,  618,  364, 1104,  163,  850,  522,  921,  384,  864,  455,  505,  605,  304,  926,  319,  525,  469,  306,  583,  966,  666,  546,  327,  927,  915,  113,  698, 1000,  718,  785,  958,  341,  940,  655,  625, 1017,  800,  480,  932,  697,  605,  694,  630,  525, 1139,  250,  400,  959,  576,  514,  814,  209,  611,  970,  399,  724,  447,  472,  566,  988,  901,  649,   89,  727,  468,  299,  644,  480,  559,  238,  395,  258,  335,  200,  531, 1069,  417,  726,  591,  479,  517,  751,  800,  869,  987,  835,  684,  385,  531,  996,  466,  464,  628,  794,  745,  513,  400,  539,  655,  348,  273,   34,  810,  608,  836,  822, 1014,  911,  519,  385,  847,  979,  913,  764,  833,  522,  571,  486,  885,  983,  376,  923,  992,  972,  335,  805,  276,  236,  838,  509,  674,  359,  497,  275,  813,  484,  701,  604,  377,  914,  342,  545, 1004,  615,  530,  436,  611,  575,  968,   90,  540,  758,  244,  204],
        [  688,    0,  488,  436,  341,  494,  516,  373,    0,  308,  310,  510,  798,  389,  308,  893,  679,  741,  744,  306,  369,  339,  390,  763,  677,  631,  271,  752,  345,  946,  614,  760,  906,  662,  530,  440,  964,  497,  634,  397,  468,  681,  298,  169,  388,   95,  971,  215,  484,  604,  579,  158,  696,  700,  520,  253,  117,  717,  215,  180,  114,   93,  630,  871,  647,  510,  211,  593,  861,  281,  456,  637,  679,  681,  745,  110,  748,  532,  252,  865,  498,  646,  621,  593,  405,  342,  671,  610, 1009,  164,   33,  844,  620,  145,  592,  477,  538,  894,  623,  436,  543,  685,  193,  770,  735,  666,  382,  425,  313,  517,  735,  120,  469,  238,  109,  472,  354,  326,  522,  915,  507,  630,  220,  593,  560,  409,  697,  693,  748,  470,  324,  609,  473,  636,  577,  352,  761,  671,  641,  618,  165,  228,  740,   40,  178,  344,  437,  418,  473,  568,  646,  829,  723,   47,  475,  634,  543,  474,  472,  198,  678,  594,  533,  728,  409,  687,  778,  784,  245,  803,  329,  139,  498,  143,  364,  491,  647,  505,  468,  271,  471,  385,  348,  636,  471,  780,  878,  458,  736,   66,  538,  801,  622,  336,  249,  392,  298,  316],
        [  960,    0,  790,  742,  571,  767,  726,  384,  308,    0,  237,  707, 1057,  568,  464, 1198,  897,  942, 1049,   29,  537,  629,  692,  972,  912,  882,  522, 1059,  541, 1249,  922, 1061, 1199,  932,  750,  529, 1262,  785,  891,  637,  753,  822,  525,  447,  695,  389, 1274,  273,  711,  826,  843,  451, 1002,  829,  767,  371,  370, 1025,  102,  474,  410,  231,  870, 1166,  915,  777,  102,  866, 1145,  279,  764,  862,  954,  975, 1053,  390, 1056,  826,  459, 1170,  794,  826,  909,  885,  710,  610,  915,  831, 1312,  201,  302, 1143,  861,  412,  900,  579,  819, 1185,  765,  737,  754,  836,  420, 1077, 1041,  920,  452,  723,  604,  656,  959,  409,  752,  155,  216,  610,  580,  486,  779, 1220,  718,  921,  462,  799,  798,  682,  991,  999, 1054,  702,  581,  750,  746,  869,  783,  633,  964,  969,  934,  830,  462,  533,  966,  271,  408,  353,  624,  722,  711,  873,  856, 1121,  882,  270,  678,  893,  748,  774,  713,  500,  891,  803,  787, 1032,  637,  994, 1086, 1092,  500, 1069,  125,  300,  768,  344,  661,  679,  835,  636,  735,  573,  779,  692,  597,  936,  658,  919, 1179,  758,  894,  355,  819,  947,  880,  297,  555,  629,  492,  481],
        [  808,    0,  771,  710,  410,  627,  536,  148,  310,  237,    0,  810,  889,  374,  585, 1102,  986,  736, 1013,  262,  341,  641,  607,  770,  986,  712,  579, 1002,  361, 1143,  871,  956, 1072,  780,  836,  301, 1143,  796,  727,  476,  769,  596,  602,  478,  636,  339, 1170,  115,  791,  638,  886,  381,  914,  600,  601,  504,  288,  962,  185,  485,  421,  222,  692, 1043,  760,  629,  194,  899, 1004,   64,  714,  944,  807,  855,  992,  323,  982,  715,  548, 1076,  790,  614,  919,  765,  634,  651,  739,  642, 1207,  151,  328, 1029,  684,  453,  841,  351,  686, 1053,  541,  720,  563,  614,  493, 1020,  953,  752,  225,  716,  504,  436,  766,  428,  625,  104,  292,  392,  416,  293,  621, 1128,  529,  797,  526,  601,  622,  715,  871,  916, 1010,  778,  633,  526,  606,  944,  587,  515,  759,  859,  815,  634,  397,  518,  776,  274,  288,  120,  733,  641,  781,  836,  951,  992,  660,  304,  777,  942,  846,  760,  781,  493,  695,  607,  842,  999,  467,  947, 1026, 1017,  374,  907,  129,  199,  804,  425,  657,  479,  628,  414,  775,  500,  722,  626,  448,  918,  460,  691, 1072,  661,  671,  375,  686,  720,  931,   60,  528,  700,  319,  292],
        [  897,    0,  405,  430,  739,  753,  891,  882,  510,  707,  810,    0, 1023,  827,  244,  878,  192, 1091,  591,  687,  821,  304,  571, 1097,  223,  910,  251,  662,  780,  947,  556,  810,  982,  881,   70,  926, 1002,  314,  897,  761,  291, 1107,  213,  356,  499,  531,  962,  724,   82,  942,  241,  541,  717, 1133,  833,  338,  590,  658,  661,  374,  417,  590,  932,  941,  880,  781,  654,  282,  989,  790,  487,  165,  878,  801,  669,  557,  708,  694,  263,  851,  359, 1037,  372,  749,  548,  232,  956,  949,  997,  660,  486,  894,  923,  369,  568,  952,  757,  986, 1054,  388,  912, 1100,  319,  673,  743,  929,  879,  355,  594,  965, 1048,  405,  707,  720,  525,  928,  751,  793,  813,  885,  882,  781,  291,  960,  882,  232,  812,  701,  618,   97,  220, 1043,  742,  183,  946,  645, 1105,  769,  777,  972,  529,  399, 1046,  540,  641,  853,   84,  565,  112,  494,  150,  929, 1127,  508,   36,  257,   43,  387,  122,  395, 1017,  957,  179,  572,  787,  588,  688,  737,  646, 1007,  790,  646,  230,  387,  342,  899, 1027,  961,  211,  527,  512,  517,  716,  468,  884, 1197,  902,  622, 1139,  446,  757, 1209,  245,  844,  422,  142,  747,  782],
        [  126,    0,  636,  596,  488,  307,  360,  782,  798, 1057,  889, 1023,    0,  517,  991,  434, 1065,  269,  634, 1067,  551,  726,  466,  235, 1013,  178,  840,  544,  528,  420,  537,  329,  286,  146,  983,  643,  368,  736,  166,  421,  747,  467,  891,  789,  528,  704,  445,  797,  946,  265,  866,  643,  394,  496,  291,  995,  698,  506,  956,  746,  765,  839,  200,  288,  154,  289,  958,  837,  187,  825,  539, 1021,  146,  252,  526,  690,  472,  330,  911,  426,  689,  363,  766,  276,  481,  803,  153,  263,  466,  857,  824,  320,  207,  813,  504,  606,  277,  257,  473,  639,  338,  435,  871,  552,  402,  138,  695,  671,  496,  516,  183,  777,  341,  915,  904,  541,  479,  596,  279,  461,  366,  249,  854,  316,  267,  791,  250,  415,  601,  929,  831,  480,  326,  997,  326,  449,  258,  292,  259,  285,  639,  681,  169,  820,  651,  792, 1006,  463,  916,  578, 1066,  234,  410,  845,  997,  908, 1023,  650,  907,  707,  244,  309,  889,  638,  424,  567,  543,  478,  562,   42, 1002,  758,  818,  890,  683,  426,  337,  540,  824,  557,  515,  512,  462,  668,  442,  470,  367,  404,  413,  798,  277,  453,  908,  850,  648,  893,  573,  597],
        [  449,    0,  601,  533,  103,  293,  162,  267,  389,  568,  374,  827,  517,    0,  678,  789,  956,  374,  786,  584,   34,  552,  367,  404,  931,  342,  580,  744,   48,  818,  637,  639,  726,  422,  822,  157,  803,  669,  361,  137,  655,  294,  627,  483,  433,  317,  846,  297,  774,  264,  795,  289,  622,  315,  239,  638,  273,  699,  475,  456,  427,  384,  319,  703,  400,  285,  479,  790,  648,  312,  507,  909,  452,  527,  730,  292,  704,  411,  607,  766,  642,  264,  771,  443,  403,  604,  366,  268,  880,  375,  421,  699,  312,  484,  600,  150,  355,  704,  236,  563,  189,  296,  549,  762,  657,  383,  184,  577,  275,  138,  394,  442,  312,  416,  471,  104,   96,   84,  266,  817,  155,  469,  556,  231,  251,  642,  542,  630,  772,  757,  609,  223,  276,  897,  216,  247,  396,  541,  489,  263,  299,  432,  403,  390,  212,  275,  772,  400,  752,  626,  935,  647,  335,  427,  793,  853,  848,  600,  747,  433,  324,  235,  777,  777,  114,  710,  763,  734,  182,  539,  494,  288,  716,  524,  539,  112,  270,  136,  700,  323,  503,  414,  146,  728,   91,  392,  746,  389,  348,  426,  355,  413,  845,  334,  416,  688,   92,   88],
        [  868,    0,  468,  456,  608,  691,  778,  675,  308,  464,  585,  244,  991,  678,    0,  953,  435,  997,  713,  443,  664,  301,  527, 1012,  457,  847,  160,  760,  632, 1017,  629,  851, 1019,  846,  293,  747, 1057,  414,  841,  648,  381,  971,  118,  208,  477,  362, 1037,  513,  260,  850,  419,  396,  766,  993,  749,   94,  412,  740,  424,  248,  253,  371,  859,  979,  838,  715,  415,  451, 1002,  574,  505,  403,  852,  809,  760,  388,  785,  674,   81,  924,  444,  920,  520,  736,  519,  236,  892,  857, 1075,  437,  278,  939,  849,  196,  625,  781,  715, 1015,  914,  427,  803,  970,  131,  775,  800,  874,  689,  398,  505,  813,  972,  239,  651,  489,  294,  770,  621,  626,  739,  967,  769,  772,  138,  854,  796,  297,  823,  755,  731,  256,  198,  901,  675,  414,  839,  557, 1015,  785,  776,  873,  390,  311,  974,  328,  471,  644,  162,  537,  269,  567,  394,  953, 1004,  291,  216,  459,  286,  448,  274,  286,  927,  853,  355,  694,  668,  684,  787,  819,  507,  984,  551,  445,  362,  167,  349,  769,  916,  804,  328,  439,  529,  489,  599,  586,  751, 1067,  960,  594, 1017,  256,  715, 1085,  445,  625,  344,  198,  590,  615],
        [  389,    0,  489,  498,  710,  496,  678, 1042,  893, 1198, 1102,  878,  434,  789,  953,    0,  841,  687,  313, 1198,  816,  653,  507,  659,  777,  509,  795,  222,  774,   71,  327,  151,  175,  406,  818,  943,  141,  567,  479,  654,  594,  862,  836,  800,  509,  809,   85,  991,  798,  620,  655,  748,  197,  894,  566,  996,  836,  221, 1099,  759,  809,  968,  552,  152,  428,  506, 1097,  615,  260, 1041,  455,  808,  373,  264,  212,  810,  171,  389,  883,   29,  525,  750,  524,  347,  489,  720,  524,  622,  123, 1015,  906,  114,  551,  835,  328,  922,  435,  200,  849,  526,  669,  832,  871,  215,  159,  482,  968,  556,  602,  851,  600,  816,  484, 1088,  997,  857,  709,  843,  532,   30,  678,  322,  836,  676,  581,  671,  251,  203,  277,  785,  757,  850,  514,  779,  677,  588,  681,  249,  301,  654,  736,  688,  587,  928,  817, 1039,  897,  476,  769,  391,  860,  200,  818,  936,  864,  674,  860,  509,  759,  723,  640,  668,  705,  327,  675,  292,  201,  142,  728,  392, 1186,  921,  648,  922,  604,  743,  724,  869,  671,  625,  435,  509,  666,  416,  749,  887,   69,  445,  824,  861,  435,  874,  680, 1084,  658,  787,  799,  839],
        [  943,    0,  430,  480,  861,  830,  995, 1045,  679,  897,  986,  192, 1065,  956,  435,  841,    0, 1175,  532,  877,  955,  405,  649, 1175,   67,  980,  410,  620,  910,  911,  547,  805,  972,  931,  151, 1071,  976,  332,  961,  870,  327, 1221,  385,  515,  571,  684,  921,  893,  196, 1031,  201,  681,  712, 1249,  920,  528,  745,  629,  846,  522,  576,  765, 1008,  932,  935,  859,  838,  234,  998,  960,  534,   49,  922,  824,  631,  709,  680,  745,  444,  818,  377, 1139,  320,  791,  619,  356, 1024, 1037,  952,  836,  659,  881, 1000,  535,  571, 1092,  820,  981, 1172,  437, 1012, 1209,  495,  627,  730,  991, 1033,  410,  699, 1092, 1121,  566,  782,  901,  708, 1059,  871,  934,  894,  843,  987,  817,  461, 1056,  968,  316,  832,  693,  566,  211,  362, 1162,  823,   69, 1044,  746, 1186,  787,  808, 1064,  667,  527, 1117,  713,  789, 1018,  275,  634,  210,  494,   46,  932, 1231,  684,  220,  168,  150,  418,  213,  533, 1102, 1053,  186,  516,  898,  554,  642,  702,  777, 1042,  975,  811,  256,  568,  426, 1014, 1125, 1091,  262,  638,  555,  592,  830,  429, 1001, 1304,  878,  686, 1243,  614,  820, 1313,  164, 1015,  541,  288,  885,  924],
        [  306,    0,  755,  697,  400,  345,  226,  605,  741,  942,  736, 1091,  269,  374,  997,  687, 1175,    0,  831,  958,  405,  788,  527,   40, 1133,  209,  867,  753,  406,  683,  705,  560,  552,  297, 1066,  449,  635,  848,  235,  351,  849,  208,  919,  790,  604,  655,  709,  669, 1022,  149,  984,  606,  600,  234,  258,  976,  626,  709,  848,  752,  747,  752,  171,  550,  281,  317,  852,  964,  453,  677,  647, 1128,  326,  455,  735,  634,  687,  448,  919,  675,  807,  127,  912,  426,  556,  859,  174,  142,  732,  748,  772,  574,  179,  803,  667,  403,  365,  523,  230,  739,  198,  175,  868,  765,  620,  218,  518,  766,  501,  309,   88,  761,  394,  789,  835,  348,  388,  456,  281,  715,  235,  420,  863,  149,  209,  870,  462,  618,  802, 1004,  877,  241,  353, 1108,  165,  448,   23,  492,  440,  124,  610,  702,  102,  751,  568,  624, 1054,  542,  995,  728, 1166,  492,  143,  784, 1059, 1036, 1100,  763,  987,  718,   74,  147,  990,  830,  334,  755,  759,  703,  500,  309,  861,  658,  920,  863,  756,  263,  109,  333,  916,  569,  629,  584,  401,  830,  284,  203,  623,  493,  145,  763,  365,  188, 1032,  687,  674,  951,  458,  462],
        [  536,    0,  261,  309,  688,  528,  733,  995,  744, 1049, 1013,  591,  634,  786,  713,  313,  532,  831,    0, 1042,  804,  432,  425,  815,  466,  624,  568,   98,  755,  382,  150,  316,  462,  537,  526,  940,  451,  300,  596,  654,  333,  956,  597,  609,  379,  681,  390,  899,  514,  717,  355,  633,  240,  989,  624,  776,  726,  129,  959,  576,  639,  833,  665,  425,  552,  551,  955,  314,  512,  961,  300,  501,  513,  386,  114,  692,  170,  401,  657,  292,  271,  849,  221,  407,  391,  480,  658,  722,  421,  894,  747,  373,  659,  645,  187,  935,  482,  477,  925,  313,  737,  932,  662,   99,  237,  615,  940,  331,  528,  890,  754,  641,  490,  971,  835,  878,  692,  813,  588,  312,  729,  411,  621,  763,  659,  417,  385,  220,   37,  505,  518,  921,  535,  471,  758,  543,  833,  346,  393,  754,  617,  517,  744,  784,  731,  982,  625,  390,  488,  179,  553,  442,  935,  779,  583,  366,  566,  278,  479,  549,  766,  757,  413,   19,  682,   79,  114,  181,  661,  600, 1068,  816,  368,  728,  392,  784,  827,  901,  397,  515,  295,  392,  642,  128,  781, 1010,  359,  399,  944,  695,  482, 1007,  373, 1012,  497,  526,  760,  805],
        [  968,    0,  782,  736,  582,  774,  740,  408,  306,   29,  262,  687, 1067,  584,  443, 1198,  877,  958, 1042,    0,  553,  619,  693,  987,  894,  892,  508, 1055,  555, 1250,  917, 1062, 1203,  940,  731,  551, 1264,  774,  901,  647,  742,  842,  508,  437,  693,  390, 1275,  290,  693,  840,  828,  453, 1001,  850,  778,  350,  376, 1021,  112,  466,  403,  235,  882, 1169,  923,  785,  109,  852, 1151,  301,  760,  843,  961,  979, 1049,  393, 1053,  830,  441, 1169,  784,  843,  897,  889,  709,  597,  927,  844, 1313,  212,  297, 1145,  873,  401,  896,  600,  825, 1189,  785,  730,  769,  856,  406, 1073, 1040,  930,  474,  714,  608,  676,  972,  401,  757,  175,  208,  629,  592,  502,  788, 1220,  732,  925,  448,  814,  810,  669,  995,  998, 1048,  684,  567,  770,  753,  850,  798,  639,  980,  972,  938,  844,  463,  527,  980,  270,  417,  376,  604,  722,  693,  867,  836, 1125,  901,  265,  658,  877,  728,  766,  696,  493,  906,  817,  771, 1025,  649,  988, 1082, 1089,  508, 1078,  153,  310,  754,  329,  652,  695,  852,  656,  721,  574,  775,  690,  606,  927,  674,  939, 1181,  759,  913,  348,  825,  967,  864,  322,  551,  612,  505,  496],
        [  481,    0,  611,  542,  117,  320,  196,  236,  369,  537,  341,  821,  551,   34,  664,  816,  955,  405,  804,  553,    0,  552,  381,  435,  932,  375,  572,  765,   50,  846,  655,  666,  757,  453,  818,  137,  833,  675,  394,  162,  659,  313,  617,  472,  444,  303,  874,  265,  770,  297,  798,  281,  646,  332,  270,  620,  255,  720,  444,  447,  415,  358,  352,  733,  431,  314,  449,  795,  680,  279,  520,  907,  483,  555,  751,  276,  727,  435,  594,  792,  650,  292,  780,  470,  417,  601,  399,  301,  908,  345,  401,  728,  345,  471,  618,  141,  382,  735,  255,  571,  222,  318,  535,  783,  682,  416,  154,  583,  285,  150,  426,  429,  336,  385,  446,  108,  113,   52,  296,  844,  189,  496,  545,  263,  284,  641,  570,  653,  790,  753,  603,  241,  302,  897,  248,  262,  427,  568,  516,  295,  292,  429,  436,  368,  193,  242,  763,  415,  749,  640,  933,  677,  359,  405,  786,  857,  843,  608,  744,  427,  357,  268,  778,  794,  142,  728,  784,  757,  178,  572,  462,  261,  718,  507,  542,  142,  299,  142,  700,  327,  517,  425,  163,  741,  122,  412,  774,  408,  372,  409,  382,  434,  848,  300,  416,  683,   75,   58],
        [  601,    0,  174,  156,  456,  450,  595,  668,  339,  629,  641,  304,  726,  552,  301,  653,  405,  788,  432,  619,  552,    0,  268,  794,  380,  607,  143,  466,  506,  717,  331,  553,  722,  582,  280,  673,  758,  159,  594,  467,  129,  818,  185,  182,  198,  307,  737,  533,  234,  641,  253,  287,  466,  846,  531,  349,  366,  443,  548,  160,  226,  432,  629,  682,  579,  478,  542,  260,  713,  601,  207,  357,  582,  520,  465,  329,  486,  398,  232,  624,  166,  740,  283,  457,  247,   78,  653,  647,  775,  501,  333,  641,  620,  218,  325,  691,  456,  721,  768,  128,  614,  807,  230,  482,  500,  626,  642,  102,  297,  688,  745,  223,  403,  576,  414,  655,  467,  535,  510,  668,  587,  491,  191,  660,  579,   90,  533,  455,  445,  216,  110,  757,  439,  345,  648,  346,  802,  493,  490,  671,  272,  130,  743,  379,  399,  645,  281,  264,  208,  271,  387,  659,  831,  365,  274,  312,  313,  155,  201,  149,  715,  657,  226,  414,  495,  391,  493,  521,  375,  713,  668,  446,  171,  298,   50,  610,  729,  687,  149,  234,  232,  216,  426,  311,  597,  903,  660,  323,  844,  280,  456,  914,  302,  656,  137,  168,  484,  525],
        [  342,    0,  244,  178,  266,  184,  354,  572,  390,  692,  607,  571,  466,  367,  527,  507,  649,  527,  425,  693,  381,  268,    0,  530,  610,  340,  374,  399,  332,  557,  277,  370,  519,  321,  541,  517,  575,  328,  327,  244,  325,  585,  426,  332,   79,  303,  583,  492,  498,  382,  463,  242,  312,  615,  271,  540,  331,  357,  593,  288,  322,  462,  363,  483,  315,  212,  591,  448,  484,  549,  143,  602,  326,  296,  388,  304,  376,  150,  448,  479,  292,  494,  414,  214,   37,  343,  386,  388,  621,  509,  407,  454,  354,  361,  242,  517,  191,  510,  542,  217,  368,  569,  413,  417,  351,  360,  515,  241,  105,  484,  479,  331,  137,  583,  497,  464,  271,  388,  246,  530,  347,  251,  391,  409,  319,  344,  312,  312,  415,  480,  367,  534,  175,  583,  398,  121,  539,  283,  258,  415,  230,  219,  476,  424,  319,  561,  545,   36,  470,  260,  640,  445,  586,  435,  541,  518,  577,  247,  462,  248,  453,  405,  464,  415,  274,  352,  422,  411,  239,  458,  682,  417,  395,  445,  230,  387,  479,  491,  390,  120,  136,   58,  221,  362,  379,  660,  488,   71,  597,  367,  191,  667,  512,  597,  185,  435,  335,  380],
        [  284,    0,  752,  696,  423,  346,  250,  641,  763,  972,  770, 1097,  235,  404, 1012,  659, 1175,   40,  815,  987,  435,  794,  530,    0, 1131,  199,  878,  734,  434,  652,  693,  537,  520,  279, 1070,  486,  602,  847,  223,  369,  849,  248,  931,  804,  606,  675,  678,  700, 1027,  162,  982,  624,  581,  273,  266,  994,  650,  692,  877,  765,  764,  778,  168,  519,  264,  318,  881,  961,  421,  710,  645, 1128,  306,  435,  717,  655,  668,  440,  933,  648,  804,  165,  906,  413,  557,  866,  159,  156,  700,  777,  794,  546,  176,  819,  656,  440,  360,  491,  270,  739,  222,  215,  883,  746,  599,  201,  553,  766,  511,  346,   62,  778,  395,  820,  859,  384,  411,  487,  285,  687,  259,  404,  876,  174,  218,  873,  440,  600,  786, 1009,  885,  281,  356, 1108,  190,  458,   24,  473,  423,  146,  627,  713,   74,  775,  592,  658, 1064,  542,  999,  719, 1168,  463,  181,  807, 1066, 1033, 1105,  761,  991,  730,   86,  171,  991,  815,  355,  741,  740,  681,  520,  276,  894,  685,  920,  882,  759,  294,  145,  371,  918,  580,  626,  586,  419,  820,  314,  236,  595,  491,  182,  782,  360,  219, 1030,  721,  684,  958,  485,  492],
        [  892,    0,  382,  436,  833,  788,  960, 1036,  677,  912,  986,  223, 1013,  931,  457,  777,   67, 1133,  466,  894,  932,  380,  610, 1131,    0,  935,  408,  556,  886,  847,  489,  745,  910,  882,  165, 1052,  912,  285,  915,  838,  286, 1188,  391,  509,  532,  673,  856,  889,  202,  990,  150,  664,  653, 1217,  880,  549,  733,  567,  855,  511,  570,  766,  965,  871,  886,  816,  848,  177,  939,  956,  487,   59,  870,  769,  567,  697,  617,  697,  455,  754,  328, 1102,  258,  740,  578,  342,  978,  997,  887,  837,  659,  819,  956,  534,  514, 1071,  774,  920, 1141,  394,  976, 1175,  501,  562,  669,  944, 1018,  370,  667, 1065, 1076,  561,  740,  905,  715, 1034,  844,  914,  853,  778,  952,  764,  463, 1019,  927,  291,  776,  633,  501,  212,  355, 1131,  782,   44, 1007,  712, 1143,  731,  755, 1024,  649,  507, 1071,  713,  774, 1010,  301,  592,  206,  438,  101,  873, 1194,  686,  243,  107,  180,  372,  206,  517, 1060, 1015,  155,  451,  867,  491,  577,  639,  754,  989,  984,  804,  218,  576,  394,  983, 1088, 1066,  232,  610,  508,  553,  800,  367,  971, 1268,  815,  641, 1206,  612,  774, 1276,  106, 1012,  517,  289,  864,  904],
        [  124,    0,  554,  500,  311,  159,  191,  609,  631,  882,  712,  910,  178,  342,  847,  509,  980,  209,  624,  892,  375,  607,  340,  199,  935,    0,  704,  549,  351,  519,  497,  370,  405,  104,  879,  475,  487,  650,   31,  246,  653,  354,  757,  641,  414,  538,  546,  620,  838,  112,  785,  479,  397,  386,  115,  842,  527,  504,  781,  599,  610,  666,   44,  391,   82,  133,  783,  763,  316,  648,  448,  933,  137,  257,  531,  522,  486,  242,  767,  493,  607,  242,  707,  218,  365,  682,   46,  114,  575,  682,  659,  402,   43,  661,  459,  443,  161,  379,  341,  543,  173,  325,  723,  562,  421,   41,  523,  572,  343,  359,  142,  623,  204,  738,  735,  376,  302,  420,  111,  538,  195,  216,  710,  168,   92,  683,  267,  414,  596,  820,  704,  343,  173,  912,  172,  292,  214,  290,  236,  146,  478,  540,  137,  651,  477,  617,  883,  349,  809,  521,  974,  331,  317,  677,  881,  835,  916,  564,  801,  562,  143,  160,  796,  623,  247,  548,  557,  504,  391,  197,  825,  583,  725,  733,  570,  259,  216,  380,  725,  409,  428,  395,  288,  623,  272,  391,  452,  295,  325,  637,  161,  385,  832,  674,  508,  774,  396,  420],
        [  715,    0,  315,  297,  497,  546,  657,  637,  271,  522,  579,  251,  840,  580,  160,  795,  410,  867,  568,  508,  572,  143,  374,  878,  408,  704,    0,  607,  533,  859,  474,  691,  859,  694,  261,  676,  897,  277,  695,  525,  243,  865,   53,  107,  319,  281,  879,  484,  214,  719,  322,  292,  607,  890,  613,  208,  340,  585,  454,  125,  169,  358,  719,  819,  688,  572,  447,  344,  843,  551,  345,  367,  699,  650,  607,  307,  628,  518,   90,  766,  298,  802,  395,  580,  363,   92,  749,  726,  917,  430,  252,  779,  710,  126,  467,  702,  564,  856,  811,  270,  680,  860,  103,  623,  641,  728,  630,  243,  368,  718,  835,  158,  504,  499,  314,  679,  509,  543,  599,  810,  648,  616,   61,  729,  661,  164,  664,  596,  583,  200,   59,  799,  531,  366,  715,  421,  884,  626,  618,  745,  281,  166,  835,  305,  391,  609,  193,  381,  203,  413,  378,  793,  890,  279,  216,  373,  278,  296,  202,  152,  796,  727,  269,  550,  549,  532,  635,  663,  400,  831,  581,  402,  247,  179,  191,  658,  794,  713,  213,  299,  369,  332,  478,  444,  641,  957,  800,  439,  903,  205,  564,  972,  361,  606,  196,  122,  498,  532],
        [  452,    0,  293,  322,  650,  470,  675,  970,  752, 1059, 1002,  662,  544,  744,  760,  222,  620,  753,   98, 1055,  765,  466,  399,  734,  556,  549,  607,    0,  717,  292,  139,  220,  364,  456,  600,  900,  357,  356,  520,  609,  387,  890,  642,  632,  369,  680,  303,  887,  583,  647,  435,  626,  154,  923,  562,  814,  719,   47,  966,  595,  654,  836,  591,  327,  473,  490,  962,  395,  415,  946,  296,  587,  430,  300,   19,  687,   74,  342,  697,  198,  318,  781,  303,  336,  369,  525,  579,  652,  336,  893,  759,  275,  586,  668,  162,  891,  418,  379,  864,  339,  675,  865,  694,   19,  143,  536,  908,  364,  503,  838,  673,  658,  438,  969,  849,  830,  652,  780,  526,  225,  671,  333,  655,  697,  593,  468,  298,  135,   62,  572,  563,  861,  480,  558,  693,  508,  754,  262,  313,  685,  611,  530,  662,  790,  715,  959,  688,  363,  555,  195,  639,  345,  863,  790,  651,  453,  642,  312,  546,  564,  691,  690,  487,  110,  636,   77,   28,   84,  637,  508, 1068,  808,  434,  754,  420,  730,  758,  851,  459,  503,  283,  377,  603,  197,  729,  938,  262,  358,  872,  708,  418,  933,  458,  995,  505,  582,  729,  773],
        [  450,    0,  561,  493,   68,  280,  186,  271,  345,  541,  361,  780,  528,   48,  632,  774,  910,  406,  755,  555,   50,  506,  332,  434,  886,  351,  533,  717,    0,  806,  606,  624,  721,  422,  775,  186,  796,  626,  367,  121,  612,  340,  579,  435,  394,  271,  834,  273,  727,  285,  751,  242,  600,  362,  241,  593,  229,  672,  445,  408,  380,  347,  333,  696,  401,  276,  448,  747,  648,  298,  470,  862,  450,  515,  704,  246,  680,  390,  560,  750,  601,  302,  731,  428,  367,  558,  380,  290,  869,  344,  378,  688,  325,  437,  569,  189,  341,  700,  283,  522,  214,  341,  502,  735,  637,  391,  195,  534,  236,  186,  418,  395,  291,  392,  431,  150,   66,   72,  263,  801,  177,  456,  509,  260,  262,  596,  530,  608,  741,  710,  562,  270,  261,  851,  244,  213,  428,  526,  475,  290,  252,  385,  426,  349,  168,  272,  724,  366,  705,  591,  889,  641,  378,  385,  745,  809,  801,  559,  700,  385,  351,  263,  732,  745,  107,  679,  737,  711,  134,  546,  476,  252,  671,  479,  495,  147,  306,  182,  654,  279,  467,  376,  114,  691,  127,  437,  734,  360,  391,  380,  341,  457,  801,  326,  370,  641,   52,   71],
        [  396,    0,  556,  562,  744,  527,  697, 1076,  946, 1249, 1143,  947,  420,  818, 1017,   71,  911,  683,  382, 1250,  846,  717,  557,  652,  847,  519,  859,  292,  806,    0,  395,  189,  140,  417,  887,  969,   80,  635,  490,  686,  663,  867,  901,  860,  566,  860,   28, 1034,  867,  630,  725,  798,  255,  898,  588, 1059,  884,  290, 1149,  818,  866, 1018,  560,  134,  440,  533, 1147,  685,  237, 1082,  517,  878,  383,  292,  282,  860,  240,  430,  947,   96,  593,  756,  594,  381,  542,  786,  528,  632,   64, 1062,  961,  120,  561,  894,  393,  946,  465,  169,  859,  592,  686,  836,  932,  285,  219,  488, 1000,  622,  648,  870,  596,  874,  520, 1135, 1052,  879,  742,  877,  556,   74,  698,  351,  899,  687,  597,  739,  277,  264,  347,  854,  823,  862,  546,  849,  690,  629,  675,  285,  332,  663,  787,  747,  582,  980,  861, 1075,  966,  529,  838,  458,  930,  192,  819,  990,  933,  744,  929,  575,  828,  781,  643,  679,  775,  397,  704,  362,  270,  211,  771,  379, 1232,  967,  717,  982,  668,  764,  729,  890,  740,  676,  495,  564,  701,  486,  771,  885,   73,  492,  824,  917,  465,  870,  750, 1122,  716,  855,  835,  873],
