{
    "name": "random-60-29790",
    "comment": "size=60 seed=29790",
    "nodes": ["+0", "-0", "+1", "-1", "+2", "-2", "+3", "-3", "+4", "-4", "+5", "-5", "+6", "-6", "+7", "-7", "+8", "-8", "+9", "-9", "+10", "-10", "+11", "-11", "+12", "-12", "+13", "-13", "+14", "-14", "+15", "-15", "+16", "-16", "+17", "-17", "+18", "-18", "+19", "-19", "+20", "-20", "+21", "-21", "+22", "-22", "+23", "-23", "+24", "-24", "+25", "-25", "+26", "-26", "+27", "-27", "+28", "-28", "+29", "-29", "+30", "-30", "+31", "-31", "+32", "-32", "+33", "-33", "+34", "-34", "+35", "-35", "+36", "-36", "+37", "-37", "+38", "-38", "+39", "-39", "+40", "-40", "+41", "-41", "+42", "-42", "+43", "-43", "+44", "-44", "+45", "-45", "+46", "-46", "+47", "-47", "+48", "-48", "+49", "-49", "+50", "-50", "+51", "-51", "+52", "-52", "+53", "-53", "+54", "-54", "+55", "-55", "+56", "-56", "+57", "-57", "+58", "-58", "+59", "-59", "+60", "-60"],
    "precedence": {
        "+0": "-0",
        "+1": "-1",
        "+2": "-2",
        "+3": "-3",
        "+4": "-4",
        "+5": "-5",
        "+6": "-6",
        "+7": "-7",
        "+8": "-8",
        "+9": "-9",
        "+10": "-10",
        "+11": "-11",
        "+12": "-12",
        "+13": "-13",
        "+14": "-14",
        "+15": "-15",
        "+16": "-16",
        "+17": "-17",
        "+18": "-18",
        "+19": "-19",
        "+20": "-20",
        "+21": "-21",
        "+22": "-22",
        "+23": "-23",
        "+24": "-24",
        "+25": "-25",
        "+26": "-26",
        "+27": "-27",
        "+28": "-28",
        "+29": "-29",
        "+30": "-30",
        "+31": "-31",
        "+32": "-32",
        "+33": "-33",
        "+34": "-34",
        "+35": "-35",
        "+36": "-36",
        "+37": "-37",
        "+38": "-38",
        "+39": "-39",
        "+40": "-40",
        "+41": "-41",
        "+42": "-42",
        "+43": "-43",
        "+44": "-44",
        "+45": "-45",
        "+46": "-46",
        "+47": "-47",
        "+48": "-48",
        "+49": "-49",
        "+50": "-50",
        "+51": "-51",
        "+52": "-52",
        "+53": "-53",
        "+54": "-54",
        "+55": "-55",
        "+56": "-56",
        "+57": "-57",
        "+58": "-58",
        "+59": "-59",
        "+60": "-60"
    },
    "edges": [
        [    0,    0,  719,  478,  724,  515,  467,  444,  330,  560,  633,  634,  656,  838,  829,  436,  300,  404,  492,  691,  588,  441,  358,  666,  887,  468,  301,  217,  578,  608,  417,  404,  618,  649,  531,  462,  253,  490,  674,   34,  502,  298,  604,  499,  571,  475,  727,  821,  562,  257,  767,  537,  713,  226,  183,  553,  663,  706,  729,  150,  742,  164,  163,  566,  777,  743,  158,  430,  399,  349,  543,  364,  261,  159,  226,  616,  515,  630,  165,  489,  296,  657,  238,  230,  189,  557,  460,  182,  692,  168,   58,  216,  182,  297,  321,  722,  765,  380,  378,  672,  691,  560,  770,  465,  725,  155,  345,  426,  358,  547,  519,  424,  622,  102,   73,  460,  291,  639,  657,  422,  581,  460],
        [    0,    0,    0,    0,    0,    0,    0,    0,    0,    0,    0,    0,    0,    0,    0,    0,    0,    0,    0,    0,    0,    0,    0,    0,    0,    0,    0,    0,    0,    0,    0,    0,    0,    0,    0,    0,    0,    0,    0,    0,    0,    0,    0,    0,    0,    0,    0,    0,    0,    0,    0,    0,    0,    0,    0,    0,    0,    0,    0,    0,    0,    0,    0,    0,    0,    0,    0,    0,    0,    0,    0,    0,    0,    0,    0,    0,    0,    0,    0,    0,    0,    0,    0,    0,    0,    0,    0,    0,    0,    0,    0,    0,    0,    0,    0,    0,    0,    0,    0,    0,    0,    0,    0,    0,    0,    0,    0,    0,    0,    0,    0,    0,    0,    0,    0,    0,    0,    0,    0,    0,    0,    0],
        [  719,    0,    0,  245,  332,  205,  732,  583,  920,  165,  122,  333,  310,  122,  151,  286,  578,  559,  723,  196,  496,  762,  650,   60,  175,  727,  564,  910,  869,  544,  315,  782,  120,  252,  235,  645,  513,  680,  551,  714,  702,  485,  616,  856,  185,  331,  756,  119,  559,  891,  747,  224,  463,  939,  742,  334,  303,  241,   62,  791,  151,  751,  812,  582,  559,  359,  851,  994,  770,  703,  334,  674,  704,  748,  686,  237,  220,  528,  586,  676,  424,  265,  709,  948,  591,  329,  631,  851,  260,  878,  740,  883,  597,  848,  399,   15,  110,  903,  459,   95,  571,  753,  283,  657,   69,  576,  945, 1097,  383,  573,  587,  421,  732,  759,  731,  344,  760,  794,  628,  342,  855,  550],
        [  478,    0,  245,    0,  340,   46,  535,  394,  682,  107,  159,  277,  278,  366,  373,   73,  389,  408,  584,  289,  375,  556,  477,  198,  418,  532,  336,  676,  681,  423,   75,  567,  165,  236,   99,  456,  298,  548,  458,  471,  518,  249,  480,  651,  155,  152,  634,  356,  416,  649,  643,   95,  415,  700,  522,  218,  278,  279,  266,  562,  309,  508,  583,  436,  513,  368,  616,  761,  596,  484,  210,  501,  471,  505,  449,  196,  104,  420,  341,  492,  186,  303,  502,  706,  348,  277,  443,  607,  277,  634,  496,  654,  354,  640,  158,  247,  312,  673,  245,  221,  481,  579,  348,  519,  265,  342,  706,  854,  143,  421,  423,  277,  580,  515,  496,  213,  561,  635,  510,  123,  670,  369],
        [  724,    0,  332,  340,    0,  346,  523,  389,  802,  372,  246,   91,   70,  402,  468,  412,  720,  748,  924,  513,  233,  567,  813,  351,  447,  518,  458,  940,  632,  267,  350,  605,  384,  106,  242,  438,  617,  887,  247,  705,  476,  428,  343,  648,  430,  254,  454,  425,  306,  802,  434,  246,  140,  947,  822,  172,   65,   92,  393,  844,  481,  681,  864,  325,  229,   30,  880,  848,  929,  547,  182,  836,  590,  681,  590,  145,  415,  241,  561,  455,  487,  567,  817,  928,  545,  588,  424,  792,   76,  847,  719,  931,  552,  949,  456,  319,  441,  756,  354,  404,  262,  507,   81,  858,  400,  628,  827, 1003,  383,  326,  353,  616,  461,  719,  767,  548,  881,  524,  334,  314,  615,  353],
        [  515,    0,  205,   46,  346,    0,  579,  436,  727,   62,  136,  292,  288,  325,  328,   87,  402,  411,  585,  245,  407,  601,  486,  155,  376,  575,  382,  709,  724,  455,  120,  612,  119,  240,  115,  499,  320,  547,  486,  509,  560,  294,  515,  696,  114,  188,  668,  312,  452,  692,  674,  107,  434,  735,  548,  243,  287,  275,  222,  592,  263,  552,  613,  473,  533,  374,  649,  806,  607,  529,  236,  511,  516,  549,  494,  202,   73,  450,  383,  534,  220,  265,  523,  744,  392,  251,  486,  649,  277,  674,  535,  684,  398,  662,  195,  208,  267,  718,  290,  175,  508,  620,  343,  519,  220,  374,  751,  897,  188,  458,  462,  273,  618,  556,  529,  203,  580,  675,  542,  167,  713,  410],
        [  467,    0,  732,  535,  523,  579,    0,  149,  331,  640,  611,  450,  481,  845,  880,  559,  679,  767,  909,  824,  293,   51,  768,  707,  898,    6,  231,  646,  148,  273,  467,  103,  693,  518,  500,   89,  574,  893,  328,  434,   57,  320,  216,  128,  689,  403,  278,  850,  223,  370,  327,  511,  425,  620,  644,  407,  491,  568,  776,  616,  837,  322,  626,  208,  433,  524,  602,  344,  844,  118,  405,  783,  207,  326,  242,  511,  633,  303,  360,   70,  484,  833,  684,  562,  321,  780,  103,  405,  544,  488,  422,  666,  324,  763,  474,  725,  827,  260,  291,  745,  332,   95,  600,  863,  777,  499,  352,  533,  414,  201,  171,  702,  168,  390,  539,  684,  746,  173,  262,  413,  140,  184],
        [  444,    0,  583,  394,  389,  436,  149,    0,  419,  496,  462,  310,  341,  696,  732,  425,  595,  672,  828,  681,  175,  184,  690,  560,  750,  145,  149,  649,  289,  176,  330,  217,  548,  373,  352,   64,  483,  806,  242,  414,  125,  211,  161,  275,  548,  256,  297,  701,  124,  433,  330,  363,  313,  636,  601,  260,  351,  425,  628,  590,  691,  338,  605,  123,  351,  394,  596,  460,  780,  162,  257,  707,  225,  339,  241,  364,  495,  203,  299,   99,  373,  696,  628,  595,  263,  651,   50,  443,  402,  515,  413,  658,  269,  729,  357,  577,  679,  368,  156,  599,  255,  187,  463,  775,  629,  428,  444,  624,  285,  105,   75,  589,  207,  395,  509,  560,  694,  252,  214,  272,  277,   37],
        [  330,    0,  920,  682,  802,  727,  331,  419,    0,  784,  810,  716,  746, 1041, 1055,  670,  626,  730,  819,  948,  593,  282,  687,  879, 1095,  335,  362,  407,  359,  586,  608,  229,  845,  764,  693,  389,  559,  819,  648,  305,  387,  436,  542,  272,  815,  605,  600, 1035,  533,   81,  652,  702,  732,  358,  499,  650,  755,  821,  948,  439,  984,  190,  439,  524,  757,  810,  387,  101,  718,  258,  643,  692,  220,  195,  235,  744,  754,  616,  359,  392,  542,  932,  562,  281,  339,  846,  398,  160,  801,  234,  274,  446,  335,  582,  553,  918,  993,   87,  473,  901,  656,  413,  870,  794,  946,  457,   26,  205,  540,  511,  478,  726,  493,  230,  392,  744,  607,  476,  591,  579,  371,  454],
        [  560,    0,  165,  107,  372,   62,  640,  496,  784,    0,  136,  331,  322,  279,  274,  125,  417,  410,  580,  185,  459,  662,  494,  108,  328,  636,  442,  746,  784,  507,  180,  673,   61,  268,  163,  559,  348,  540,  534,  557,  620,  354,  570,  757,   61,  246,  722,  262,  507,  747,  725,  153,  474,  777,  577,  292,  319,  293,  170,  626,  203,  607,  647,  529,  574,  401,  688,  865,  615,  590,  286,  518,  575,  603,  552,  233,   58,  500,  436,  594,  265,  211,  545,  790,  448,  216,  546,  701,  299,  722,  584,  719,  453,  685,  243,  172,  210,  778,  351,  117,  556,  679,  357,  514,  166,  414,  808,  951,  247,  515,  520,  270,  675,  607,  568,  193,  598,  733,  595,  228,  773,  469],
        [  633,    0,  122,  159,  246,  136,  611,  462,  810,  136,    0,  224,  207,  237,  272,  222,  537,  541,  714,  271,  380,  642,  620,  112,  291,  606,  450,  834,  747,  428,  217,  663,  139,  148,  118,  524,  454,  674,  441,  623,  580,  377,  498,  735,  189,  212,  641,  240,  440,  785,  636,  108,  363,  857,  680,  214,  202,  160,  172,  721,  251,  647,  742,  463,  462,  275,  774,  880,  741,  586,  213,  644,  592,  645,  576,  123,  188,  414,  488,  555,  345,  321,  657,  859,  489,  349,  510,  751,  170,  785,  647,  813,  495,  796,  316,  115,  224,  788,  342,  164,  461,  632,  222,  647,  176,  500,  834,  992,  282,  453,  466,  402,  613,  662,  654,  327,  715,  674,  513,  231,  734,  429],
        [  634,    0,  333,  277,   91,  292,  450,  310,  716,  331,  224,    0,   32,  424,  480,  346,  644,  679,  855,  493,  173,  492,  738,  336,  474,  445,  368,  850,  569,  217,  273,  526,  356,   82,  179,  363,  538,  820,  219,  614,  407,  338,  292,  577,  391,  169,  424,  440,  243,  714,  415,  186,  143,  857,  737,   83,   42,  119,  391,  756,  473,  591,  776,  265,  244,  110,  791,  766,  853,  464,   93,  761,  502,  591,  501,  102,  365,  197,  471,  385,  406,  537,  735,  837,  454,  542,  349,  702,   95,  757,  628,  842,  461,  864,  375,  322,  442,  674,  263,  388,  239,  446,  155,  790,  395,  542,  741,  916,  298,  261,  284,  552,  411,  628,  678,  489,  799,  474,  297,  230,  554,  273],
        [  656,    0,  310,  278,   70,  288,  481,  341,  746,  322,  207,   32,    0,  398,  456,  349,  653,  684,  860,  477,  203,  523,  746,  318,  447,  477,  395,  871,  600,  245,  283,  557,  342,   59,  179,  394,  549,  824,  243,  637,  439,  361,  321,  608,  382,  185,  449,  415,  274,  742,  438,  184,  156,  879,  753,  104,   10,   89,  369,  775,  454,  618,  795,  295,  256,   94,  812,  797,  862,  494,  114,  769,  531,  617,  529,   89,  360,  224,  493,  416,  418,  525,  748,  862,  478,  536,  380,  728,   64,  782,  652,  862,  485,  880,  387,  299,  420,  704,  288,  370,  262,  477,  125,  795,  375,  559,  770,  944,  313,  292,  315,  554,  440,  653,  698,  489,  812,  503,  323,  245,  584,  304],
        [  838,    0,  122,  366,  402,  325,  845,  696, 1041,  279,  237,  424,  398,    0,   82,  403,  678,  647,  800,  234,  595,  877,  742,  172,   55,  840,  684, 1024,  978,  640,  437,  900,  224,  344,  353,  757,  623,  756,  639,  833,  812,  607,  715,  970,  283,  448,  846,   39,  662, 1012,  832,  343,  541, 1055,  851,  441,  389,  316,  115,  903,  164,  873,  924,  684,  630,  424,  966, 1114,  860,  822,  442,  765,  825,  870,  807,  339,  329,  621,  707,  787,  542,  310,  813, 1067,  713,  400,  743,  972,  338,  998,  860,  995,  719,  951,  518,  124,  108, 1023,  578,  177,  657,  860,  335,  736,  122,  692, 1066, 1219,  505,  677,  694,  513,  833,  880,  846,  438,  861,  896,  721,  463,  964,  662],
        [  829,    0,  151,  373,  468,  328,  880,  732, 1055,  274,  272,  480,  456,   82,    0,  396,  644,  602,  746,  176,  646,  909,  700,  178,   86,  876,  704, 1006, 1018,  693,  447,  928,  213,  399,  382,  795,  601,  702,  698,  828,  851,  621,  766, 1004,  260,  478,  903,   47,  710, 1020,  893,  371,  604, 1041,  825,  485,  448,  379,  108,  882,  104,  879,  903,  732,  697,  492,  949, 1132,  815,  847,  484,  722,  842,  876,  821,  387,  315,  676,  709,  826,  535,  249,  782, 1059,  720,  349,  780,  974,  400,  993,  856,  973,  725,  918,  515,  160,   65, 1043,  603,  158,  717,  903,  407,  683,  109,  679, 1079, 1224,  515,  723,  737,  474,  882,  880,  831,  403,  825,  944,  776,  483, 1005,  700],
        [  436,    0,  286,   73,  412,   87,  559,  425,  670,  125,  222,  346,  349,  403,  396,    0,  318,  336,  512,  281,  431,  574,  406,  232,  452,  556,  343,  624,  706,  477,   98,  578,  184,  308,  170,  486,  233,  476,  518,  433,  548,  250,  528,  668,  146,  206,  684,  386,  464,  628,  696,  167,  482,  653,  461,  282,  350,  351,  294,  506,  317,  488,  527,  483,  579,  440,  565,  754,  525,  493,  273,  430,  467,  484,  440,  268,   85,  477,  316,  523,  140,  277,  436,  665,  331,  227,  473,  579,  349,  598,  461,  598,  336,  575,  120,  291,  332,  669,  270,  239,  540,  611,  420,  447,  290,  290,  693,  830,  146,  467,  464,  206,  621,  485,  445,  149,  494,  673,  562,  160,  697,  405],
        [  300,    0,  578,  389,  720,  402,  679,  595,  626,  417,  537,  644,  653,  678,  644,  318,    0,  105,  233,  477,  678,  670,   97,  519,  719,  678,  455,  392,  815,  715,  371,  648,  460,  620,  481,  639,  114,  214,  771,  322,  695,  386,  742,  748,  397,  480,  890,  651,  684,  556,  918,  480,  765,  442,  196,  568,  656,  667,  563,  267,  542,  444,  286,  696,  854,  746,  346,  726,  210,  573,  557,  119,  502,  439,  463,  580,  360,  726,  321,  675,  244,  421,  141,  490,  360,  311,  632,  481,  662,  452,  354,  349,  358,  275,  273,  587,  583,  666,  461,  501,  792,  761,  736,  184,  556,  184,  642,  718,  357,  677,  660,  172,  801,  397,  255,  242,  183,  837,  788,  418,  813,  593],
        [  404,    0,  559,  408,  748,  411,  767,  672,  730,  410,  541,  679,  684,  647,  602,  336,  105,    0,  176,  428,  736,  762,  101,  501,  682,  766,  539,  482,  907,  776,  410,  743,  441,  644,  506,  720,  194,  142,  828,  426,  779,  461,  811,  843,  376,  524,  963,  616,  750,  660,  986,  503,  810,  536,  287,  609,  685,  684,  534,  361,  498,  547,  378,  765,  903,  775,  441,  829,  214,  665,  599,  122,  598,  542,  560,  604,  354,  784,  415,  757,  304,  363,  221,  588,  452,  254,  712,  585,  684,  555,  458,  436,  451,  336,  327,  570,  545,  768,  528,  474,  850,  845,  753,  112,  526,  282,  746,  820,  411,  746,  732,  141,  879,  501,  357,  218,  240,  919,  854,  465,  903,  666],
        [  492,    0,  723,  584,  924,  585,  909,  828,  819,  580,  714,  855,  860,  800,  746,  512,  233,  176,    0,  571,  905,  897,  142,  665,  830,  909,  687,  494, 1042,  944,  584,  872,  606,  820,  682,  871,  346,   45,  998,  521,  927,  619,  974,  971,  541,  698, 1123,  767,  915,  743, 1150,  679,  984,  555,  326,  783,  861,  859,  691,  396,  643,  651,  405,  928, 1076,  951,  471,  919,  127,  800,  773,  130,  724,  646,  685,  780,  526,  953,  549,  907,  470,  499,  258,  624,  588,  401,  864,  663,  859,  613,  549,  441,  586,  302,  496,  734,  695,  871,  692,  633, 1019,  993,  928,   67,  683,  411,  832,  872,  581,  908,  892,  313, 1033,  594,  428,  388,  228, 1069, 1019,  638, 1041,  825],
        [  691,    0,  196,  289,  513,  245,  824,  681,  948,  185,  271,  493,  477,  234,  176,  281,  477,  428,  571,    0,  636,  844,  527,  163,  260,  820,  620,  852,  968,  685,  359,  853,  140,  419,  342,  744,  448,  527,  706,  695,  805,  528,  750,  939,  137,  430,  900,  198,  689,  904,  900,  331,  633,  891,  665,  468,  472,  423,  142,  726,   73,  764,  747,  710,  732,  541,  797, 1034,  640,  769,  463,  549,  747,  760,  720,  391,  197,  675,  592,  779,  409,   76,  617,  918,  610,  174,  730,  850,  438,  858,  725,  816,  614,  750,  396,  211,  127,  949,  534,  109,  727,  864,  474,  508,  133,  536,  971, 1102,  422,  697,  704,  305,  858,  754,  683,  241,  656,  917,  772,  412,  958,  654],
        [  588,    0,  496,  375,  233,  407,  293,  175,  593,  459,  380,  173,  203,  595,  646,  431,  678,  736,  905,  636,    0,  340,  775,  490,  646,  288,  290,  801,  400,   49,  337,  382,  497,  252,  296,  211,  564,  877,   93,  562,  244,  307,  121,  417,  518,  226,  265,  608,   73,  606,  268,  307,  139,  795,  725,  169,  212,  291,  551,  728,  628,  504,  745,   94,  189,  231,  745,  628,  879,  336,  174,  795,  396,  505,  407,  260,  477,   49,  429,  224,  435,  669,  740,  761,  400,  652,  199,  612,  266,  680,  567,  804,  407,  856,  410,  487,  603,  538,  223,  538,  115,  276,  312,  846,  555,  537,  617,  797,  325,   94,  123,  627,  239,  555,  646,  579,  806,  302,  137,  276,  384,  143],
        [  441,    0,  762,  556,  567,  601,   51,  184,  282,  662,  642,  492,  523,  877,  909,  574,  670,  762,  897,  844,  340,    0,  756,  734,  931,   56,  236,  610,  146,  321,  486,   54,  717,  557,  528,  130,  569,  883,  378,  407,  107,  329,  267,   96,  709,  432,  323,  880,  271,  324,  373,  539,  473,  581,  620,  444,  533,  608,  804,  587,  861,  288,  597,  257,  483,  569,  569,  294,  826,   98,  441,  769,  180,  292,  218,  547,  651,  352,  349,  119,  488,  850,  665,  520,  311,  791,  143,  364,  584,  448,  392,  633,  312,  737,  482,  756,  854,  209,  312,  770,  383,  136,  643,  854,  804,  487,  302,  482,  428,  249,  217,  706,  214,  358,  513,  693,  725,  208,  312,  434,  144,  221],
        [  358,    0,  650,  477,  813,  486,  768,  690,  687,  494,  620,  738,  746,  742,  700,  406,   97,  101,  142,  527,  775,  756,    0,  591,  779,  767,  547,  398,  901,  812,  465,  731,  531,  711,  572,  731,  211,  133,  867,  385,  787,  482,  838,  831,  466,  576,  985,  712,  780,  613, 1013,  570,  861,  456,  209,  663,  749,  756,  628,  284,  596,  514,  298,  792,  950,  839,  363,  787,  121,  659,  653,   25,  583,  509,  544,  671,  437,  823,  408,  767,  341,  463,  139,  515,  447,  354,  725,  535,  753,  492,  415,  349,  445,  238,  369,  660,  642,  735,  557,  567,  889,  852,  825,  108,  621,  269,  701,  756,  453,  773,  755,  230,  894,  459,  299,  307,  143,  928,  884,  514,  899,  688],
        [  666,    0,   60,  198,  351,  155,  707,  560,  879,  108,  112,  336,  318,  172,  178,  232,  519,  501,  665,  163,  490,  734,  591,    0,  222,  703,  527,  854,  847,  538,  271,  751,   61,  259,  208,  623,  455,  623,  553,  662,  681,  444,  608,  829,  126,  304,  753,  158,  548,  846,  748,  197,  473,  884,  684,  323,  312,  261,   70,  734,  139,  706,  755,  570,  572,  379,  796,  955,  711,  670,  320,  615,  665,  703,  645,  235,  162,  525,  538,  655,  371,  223,  650,  896,  546,  275,  608,  803,  276,  827,  689,  826,  551,  789,  348,   70,  120,  866,  426,   54,  573,  735,  313,  599,   71,  521,  903, 1051,  339,  560,  570,  362,  720,  710,  676,  285,  701,  781,  624,  306,  835,  529],
        [  887,    0,  175,  418,  447,  376,  898,  750, 1095,  328,  291,  474,  447,   55,   86,  452,  719,  682,  830,  260,  646,  931,  779,  222,    0,  894,  738, 1071, 1031,  690,  490,  954,  271,  394,  407,  811,  668,  786,  687,  884,  865,  660,  765, 1024,  326,  502,  895,   68,  713, 1065,  879,  397,  586, 1103,  895,  494,  438,  363,  160,  949,  188,  925,  970,  736,  673,  468, 1014, 1168,  895,  876,  495,  802,  879,  923,  861,  391,  376,  670,  759,  840,  592,  333,  855, 1117,  766,  431,  797, 1024,  386, 1049,  911, 1041,  771,  993,  569,  178,  137, 1077,  632,  220,  704,  912,  376,  766,  166,  740, 1119, 1271,  558,  729,  746,  551,  884,  932,  894,  478,  901,  947,  770,  517, 1017,  715],
        [  468,    0,  727,  532,  518,  575,    6,  145,  335,  636,  606,  445,  477,  840,  876,  556,  678,  766,  909,  820,  288,   56,  767,  703,  894,    0,  230,  648,  150,  268,  464,  107,  690,  513,  495,   84,  573,  892,  323,  435,   52,  318,  211,  132,  686,  399,  275,  845,  218,  373,  324,  506,  420,  622,  644,  403,  487,  563,  771,  617,  833,  324,  628,  203,  428,  519,  604,  349,  844,  120,  401,  782,  209,  327,  243,  507,  630,  298,  360,   65,  482,  830,  684,  565,  321,  777,   98,  408,  539,  490,  424,  668,  324,  764,  472,  721,  823,  264,  288,  741,  328,   93,  595,  862,  773,  499,  356,  537,  411,  196,  166,  700,  165,  392,  540,  682,  747,  171,  257,  409,  142,  179],
        [  301,    0,  564,  336,  458,  382,  231,  149,  362,  442,  450,  368,  395,  684,  704,  343,  455,  539,  687,  620,  290,  236,  547,  527,  738,  230,    0,  512,  376,  308,  262,  235,  501,  407,  333,  185,  346,  668,  374,  273,  241,   94,  308,  328,  483,  243,  444,  681,  262,  348,  478,  342,  421,  506,  453,  294,  404,  465,  597,  445,  644,  224,  461,  267,  478,  471,  457,  430,  634,  151,  287,  564,  143,  224,  134,  384,  424,  330,  151,  220,  254,  619,  480,  476,  116,  556,  178,  335,  446,  395,  277,  516,  122,  581,  247,  561,  645,  340,  112,  556,  390,  307,  519,  638,  596,  282,  387,  553,  199,  247,  222,  472,  348,  268,  363,  458,  546,  382,  360,  222,  370,  160],
        [  217,    0,  910,  676,  940,  709,  646,  649,  407,  746,  834,  850,  871, 1024, 1006,  624,  392,  482,  494,  852,  801,  610,  398,  854, 1071,  648,  512,    0,  733,  818,  622,  564,  801,  862,  739,  658,  406,  511,  885,  240,  689,  514,  808,  646,  747,  689,  918, 1004,  770,  327,  963,  744,  928,   64,  197,  768,  878,  918,  912,  127,  911,  325,  107,  772,  990,  959,   61,  496,  371,  531,  759,  390,  442,  322,  414,  827,  695,  842,  381,  681,  490,  805,  262,  143,  403,  697,  659,  257,  905,  175,  236,   53,  397,  202,  519,  915,  942,  485,  594,  852,  900,  741,  984,  495,  906,  335,  409,  391,  568,  753,  723,  556,  810,  258,  181,  612,  267,  817,  861,  634,  739,  669],
        [  578,    0,  869,  681,  632,  724,  148,  289,  359,  784,  747,  569,  600,  978, 1018,  706,  815,  907, 1042,  968,  400,  146,  901,  847, 1031,  150,  376,  733,    0,  367,  614,  175,  837,  643,  640,  226,  713, 1028,  406,  545,  167,  467,  294,   89,  835,  544,  273,  986,  328,  422,  327,  651,  515,  696,  760,  538,  610,  688,  915,  722,  979,  420,  730,  307,  497,  627,  696,  329,  969,  243,  537,  914,  321,  424,  360,  641,  779,  395,  494,  193,  629,  980,  807,  628,  456,  927,  240,  478,  664,  563,  527,  761,  458,  872,  621,  861,  967,  273,  437,  887,  402,  125,  712,  999,  917,  632,  373,  537,  561,  309,  287,  847,  189,  489,  651,  831,  866,  142,  322,  558,   19,  319],
        [  608,    0,  544,  423,  267,  455,  273,  176,  586,  507,  428,  217,  245,  640,  693,  477,  715,  776,  944,  685,   49,  321,  812,  538,  690,  268,  308,  818,  367,    0,  382,  367,  546,  297,  345,  198,  601,  916,   67,  580,  220,  337,   77,  392,  566,  272,  216,  655,   53,  606,  221,  355,  153,  809,  753,  218,  254,  332,  599,  751,  676,  512,  767,   65,  176,  261,  764,  614,  913,  331,  222,  832,  400,  514,  415,  307,  525,   31,  453,  203,  474,  717,  771,  770,  421,  699,  188,  618,  308,  689,  583,  824,  428,  883,  450,  533,  651,  525,  256,  587,   83,  242,  348,  885,  603,  567,  609,  791,  366,   75,  109,  670,  196,  567,  668,  624,  837,  259,   88,  320,  350,  150],
        [  417,    0,  315,   75,  350,  120,  467,  330,  608,  180,  217,  273,  283,  437,  447,   98,  371,  410,  584,  359,  337,  486,  465,  271,  490,  464,  262,  622,  614,  382,    0,  494,  239,  254,  120,  392,  268,  551,  426,  407,  454,  175,  431,  581,  224,  116,  587,  428,  368,  576,  601,  123,  400,  642,  481,  200,  286,  306,  340,  513,  383,  436,  534,  386,  494,  376,  561,  686,  580,  411,  190,  488,  396,  434,  374,  216,  166,  384,  272,  428,  140,  367,  469,  642,  276,  324,  379,  537,  298,  568,  430,  603,  282,  604,  109,  316,  386,  598,  177,  295,  448,  516,  375,  521,  339,  291,  632,  782,   69,  370,  367,  291,  524,  446,  442,  243,  532,  577,  467,   63,  604,  308],
        [  404,    0,  782,  567,  605,  612,  103,  217,  229,  673,  663,  526,  557,  900,  928,  578,  648,  743,  872,  853,  382,   54,  731,  751,  954,  107,  235,  564,  175,  367,  494,    0,  730,  587,  548,  171,  551,  860,  426,  370,  159,  329,  317,  101,  717,  452,  376,  901,  316,  271,  426,  558,  518,  532,  585,  473,  567,  640,  821,  548,  874,  246,  556,  303,  533,  609,  524,  247,  795,   85,  469,  743,  148,  250,  187,  575,  658,  398,  329,  167,  482,  854,  633,  470,  292,  789,  183,  314,  618,  399,  353,  589,  292,  698,  479,  777,  871,  159,  326,  784,  432,  188,  680,  831,  821,  464,  250,  430,  433,  294,  261,  696,  267,  315,  476,  689,  692,  259,  363,  447,  179,  254],
        [  618,    0,  120,  165,  384,  119,  693,  548,  845,   61,  139,  356,  342,  224,  213,  184,  460,  441,  606,  140,  497,  717,  531,   61,  271,  690,  501,  801,  837,  546,  239,  730,    0,  285,  204,  611,  399,  564,  567,  616,  672,  413,  612,  812,   66,  294,  761,  204,  550,  808,  761,  193,  497,  833,  628,  329,  338,  298,  111,  680,  145,  667,  701,  572,  597,  413,  743,  925,  651,  647,  324,  555,  635,  664,  612,  255,  106,  536,  497,  645,  323,  183,  592,  848,  508,  220,  598,  761,  309,  781,  644,  772,  513,  731,  303,  130,  150,  837,  406,   57,  589,  729,  356,  540,  107,  470,  868, 1011,  306,  560,  567,  302,  721,  667,  624,  225,  642,  780,  633,  284,  825,  520],
        [  649,    0,  252,  236,  106,  240,  518,  373,  764,  268,  148,   82,   59,  344,  399,  308,  620,  644,  820,  419,  252,  557,  711,  259,  394,  513,  407,  862,  643,  297,  254,  587,  285,    0,  140,  430,  521,  783,  300,  632,  479,  359,  372,  645,  327,  175,  505,  359,  320,  755,  495,  142,  215,  874,  733,  116,   54,   59,  311,  760,  395,  626,  780,  342,  314,  135,  802,  821,  829,  519,  122,  735,  547,  624,  541,   40,  310,  278,  489,  455,  393,  468,  723,  862,  478,  484,  416,  735,   44,  783,  650,  849,  485,  857,  362,  241,  362,  729,  296,  312,  319,  522,  123,  754,  316,  541,  789,  960,  296,  337,  357,  511,  490,  655,  685,  442,  785,  553,  378,  228,  628,  337],
        [  531,    0,  235,   99,  242,  115,  500,  352,  693,  163,  118,  179,  179,  353,  382,  170,  481,  506,  682,  342,  296,  528,  572,  208,  407,  495,  333,  739,  640,  345,  120,  548,  204,  140,    0,  415,  383,  646,  373,  519,  473,  262,  409,  622,  222,   97,  560,  353,  347,  670,  563,   12,  320,  757,  600,  130,  180,  188,  277,  632,  342,  534,  653,  369,  419,  270,  679,  762,  690,  469,  124,  595,  475,  531,  460,  100,  188,  338,  379,  447,  258,  373,  586,  753,  377,  366,  401,  639,  182,  677,  540,  722,  383,  722,  228,  231,  328,  671,  225,  250,  395,  528,  257,  617,  278,  411,  718,  877,  174,  357,  365,  375,  518,  552,  560,  311,  648,  577,  433,  116,  627,  321],
        [  462,    0,  645,  456,  438,  499,   89,   64,  389,  559,  524,  363,  394,  757,  795,  486,  639,  720,  871,  744,  211,  130,  731,  623,  811,   84,  185,  658,  226,  198,  392,  171,  611,  430,  415,    0,  529,  852,  259,  430,   63,  262,  158,  216,  611,  319,  266,  763,  146,  414,  306,  426,  347,  639,  628,  319,  404,  480,  691,  610,  754,  337,  624,  135,  368,  440,  608,  418,  817,  139,  317,  748,  219,  339,  244,  423,  557,  228,  331,   38,  426,  758,  661,  591,  293,  710,   15,  435,  456,  512,  425,  671,  297,  754,  412,  639,  742,  328,  216,  662,  268,  128,  514,  821,  692,  466,  412,  594,  343,  123,   90,  643,  165,  400,  530,  618,  726,  199,  210,  334,  214,   96],
        [  253,    0,  513,  298,  617,  320,  574,  483,  559,  348,  454,  538,  549,  623,  601,  233,  114,  194,  346,  448,  564,  569,  211,  455,  668,  573,  346,  406,  713,  601,  268,  551,  399,  521,  383,  529,    0,  324,  657,  266,  587,  273,  628,  651,  343,  371,  777,  600,  570,  496,  804,  383,  655,  444,  230,  459,  553,  570,  509,  282,  506,  370,  303,  583,  742,  642,  350,  656,  318,  472,  449,  232,  408,  365,  371,  481,  294,  612,  223,  565,  133,  408,  205,  473,  260,  305,  521,  429,  564,  419,  298,  374,  259,  343,  163,  519,  537,  587,  347,  448,  678,  653,  640,  293,  503,  103,  578,  678,  245,  563,  547,  171,  689,  336,  235,  211,  266,  727,  674,  309,  710,  480],
        [  490,    0,  680,  548,  887,  547,  893,  806,  819,  540,  674,  820,  824,  756,  702,  476,  214,  142,   45,  527,  877,  883,  133,  623,  786,  892,  668,  511, 1028,  916,  551,  860,  564,  783,  646,  852,  324,    0,  969,  518,  909,  596,  949,  960,  499,  666, 1100,  723,  889,  744, 1125,  642,  951,  571,  333,  750,  825,  821,  648,  407,  599,  646,  417,  903, 1044,  915,  483,  920,  155,  786,  740,  129,  713,  641,  674,  743,  486,  925,  535,  888,  443,  455,  264,  637,  573,  357,  844,  666,  822,  620,  547,  459,  571,  326,  467,  692,  651,  868,  666,  590,  991,  974,  889,   32,  639,  397,  833,  882,  552,  884,  869,  274, 1013,  592,  430,  348,  244, 1050,  993,  606, 1027,  802],
        [  674,    0,  551,  458,  247,  486,  328,  242,  648,  534,  441,  219,  243,  639,  698,  518,  771,  828,  998,  706,   93,  378,  867,  553,  687,  323,  374,  885,  406,   67,  426,  426,  567,  300,  373,  259,  657,  969,    0,  646,  273,  398,  115,  441,  594,  312,  208,  657,  119,  670,  196,  382,  113,  875,  816,  244,  251,  325,  609,  816,  691,  579,  832,  125,  110,  234,  830,  671,  972,  395,  251,  888,  466,  580,  482,  318,  558,   46,  517,  260,  528,  744,  832,  836,  487,  735,  251,  684,  301,  755,  649,  889,  493,  946,  502,  540,  660,  585,  315,  604,   23,  283,  326,  938,  614,  628,  671,  853,  417,  139,  173,  717,  222,  634,  733,  666,  898,  284,   90,  366,  388,  217],
        [   34,    0,  714,  471,  705,  509,  434,  414,  305,  557,  623,  614,  637,  833,  828,  433,  322,  426,  521,  695,  562,  407,  385,  662,  884,  435,  273,  240,  545,  580,  407,  370,  616,  632,  519,  430,  266,  518,  646,    0,  470,  277,  574,  466,  572,  458,  695,  819,  533,  235,  736,  525,  688,  243,  216,  533,  644,  690,  726,  182,  743,  132,  194,  536,  750,  723,  184,  405,  431,  316,  524,  392,  228,  127,  193,  600,  514,  603,  144,  457,  293,  664,  269,  236,  164,  567,  429,  164,  675,  165,   33,  244,  157,  330,  315,  716,  764,  351,  356,  671,  663,  528,  753,  491,  722,  164,  320,  413,  345,  517,  489,  437,  589,   76,  107,  468,  324,  606,  627,  408,  548,  431],
        [  502,    0,  702,  518,  476,  560,   57,  125,  387,  620,  580,  407,  439,  812,  851,  548,  695,  779,  927,  805,  244,  107,  787,  681,  865,   52,  241,  689,  167,  220,  454,  159,  672,  479,  473,   63,  587,  909,  273,  470,    0,  322,  160,  173,  672,  378,  230,  819,  173,  423,  277,  484,  373,  666,  674,  372,  449,  526,  748,  651,  814,  365,  663,  156,  377,  475,  643,  400,  868,  159,  371,  802,  247,  368,  278,  475,  619,  250,  382,   27,  487,  820,  711,  611,  343,  773,   76,  454,  502,  535,  461,  707,  347,  797,  474,  694,  800,  316,  279,  722,  276,   67,  555,  878,  750,  519,  408,  589,  406,  151,  124,  705,  121,  432,  572,  680,  774,  142,  205,  396,  155,  153],
        [  298,    0,  485,  249,  428,  294,  320,  211,  436,  354,  377,  338,  361,  607,  621,  250,  386,  461,  619,  528,  307,  329,  482,  444,  660,  318,   94,  514,  467,  337,  175,  329,  413,  359,  262,  262,  273,  596,  398,  277,  322,    0,  357,  421,  392,  185,  505,  600,  301,  409,  532,  270,  420,  519,  419,  257,  368,  418,  514,  427,  556,  272,  445,  312,  494,  446,  455,  512,  578,  244,  248,  500,  222,  270,  201,  330,  332,  353,  134,  299,  165,  526,  434,  503,  119,  463,  252,  379,  401,  424,  292,  508,  126,  550,  155,  484,  560,  424,   85,  469,  418,  388,  479,  565,  512,  231,  460,  616,  108,  292,  274,  384,  418,  296,  346,  365,  501,  460,  405,  146,  460,  207],
        [  604,    0,  616,  480,  343,  515,  216,  161,  542,  570,  498,  292,  321,  715,  766,  528,  742,  811,  974,  750,  121,  267,  838,  608,  765,  211,  308,  808,  294,   77,  431,  317,  612,  372,  409,  158,  628,  949,  115,  574,  160,  357,    0,  327,  628,  328,  156,  728,   64,  571,  176,  420,  222,  793,  761,  286,  330,  408,  670,  751,  746,  491,  766,   47,  217,  336,  756,  560,  934,  296,  289,  857,  374,  493,  396,  380,  583,  103,  458,  150,  508,  779,  785,  747,  423,  753,  153,  591,  384,  667,  573,  818,  429,  889,  486,  606,  722,  475,  283,  655,  117,  170,  423,  918,  673,  583,  564,  746,  405,   66,   87,  714,  120,  552,  669,  673,  851,  183,   54,  369,  277,  151],
        [  499,    0,  856,  651,  648,  696,  128,  275,  272,  757,  735,  577,  608,  970, 1004,  668,  748,  843,  971,  939,  417,   96,  831,  829, 1024,  132,  328,  646,   89,  392,  581,  101,  812,  645,  622,  216,  651,  960,  441,  466,  173,  421,  327,    0,  804,  526,  342,  974,  345,  333,  395,  633,  544,  608,  681,  534,  618,  695,  898,  640,  956,  338,  647,  328,  541,  648,  611,  251,  893,  181,  532,  842,  248,  342,  287,  638,  746,  422,  429,  194,  578,  944,  731,  540,  392,  883,  230,  391,  671,  475,  446,  675,  392,  790,  574,  850,  949,  187,  407,  865,  442,  164,  726,  931,  899,  565,  287,  456,  522,  324,  295,  794,  243,  406,  571,  785,  788,  212,  365,  530,  100,  310],
        [  571,    0,  185,  155,  430,  114,  689,  548,  815,   61,  189,  391,  382,  283,  260,  146,  397,  376,  541,  137,  518,  709,  466,  126,  326,  686,  483,  747,  835,  566,  224,  717,   66,  327,  222,  611,  343,  499,  594,  572,  672,  392,  628,  804,    0,  302,  781,  259,  565,  773,  785,  213,  534,  782,  569,  352,  379,  348,  168,  624,  172,  633,  645,  586,  634,  459,  690,  899,  586,  633,  346,  490,  611,  630,  585,  293,   61,  560,  461,  646,  281,  152,  531,  801,  477,  161,  597,  723,  356,  736,  601,  716,  481,  669,  265,  195,  196,  814,  399,  107,  616,  733,  410,  475,  162,  420,  838,  974,  285,  572,  575,  237,  731,  628,  572,  160,  580,  788,  654,  277,  824,  522],
        [  475,    0,  331,  152,  254,  188,  403,  256,  605,  246,  212,  169,  185,  448,  478,  206,  480,  524,  698,  430,  226,  432,  576,  304,  502,  399,  243,  689,  544,  272,  116,  452,  294,  175,   97,  319,  371,  666,  312,  458,  378,  185,  328,  526,  302,    0,  483,  450,  265,  588,  492,  108,  287,  700,  569,   89,  191,  233,  373,  591,  436,  455,  611,  285,  379,  277,  629,  671,  688,  374,   78,  598,  386,  453,  375,  145,  255,  271,  314,  352,  239,  452,  567,  687,  304,  427,  305,  563,  218,  609,  475,  678,  311,  696,  209,  326,  424,  579,  133,  344,  335,  435,  296,  635,  374,  375,  630,  794,  130,  271,  275,  406,  430,  481,  514,  354,  632,  488,  359,   63,  532,  226],
        [  727,    0,  756,  634,  454,  668,  278,  297,  600,  722,  641,  424,  449,  846,  903,  684,  890,  963, 1123,  900,  265,  323,  985,  753,  895,  275,  444,  918,  273,  216,  587,  376,  761,  505,  560,  266,  777, 1100,  208,  695,  230,  505,  156,  342,  781,  483,    0,  863,  220,  646,   54,  570,  316,  895,  893,  433,  458,  532,  812,  876,  891,  595,  889,  202,  258,  439,  871,  592, 1077,  389,  438, 1003,  476,  598,  506,  520,  737,  229,  593,  239,  660,  932,  923,  840,  556,  909,  269,  683,  509,  764,  688,  935,  561, 1019,  640,  745,  864,  521,  436,  802,  192,  188,  532, 1068,  816,  725,  619,  795,  560,  220,  232,  869,  110,  661,  795,  829,  989,  132,  129,  524,  255,  298],
        [  821,    0,  119,  356,  425,  312,  850,  701, 1035,  262,  240,  440,  415,   39,   47,  386,  651,  616,  767,  198,  608,  880,  712,  158,   68,  845,  681, 1004,  986,  655,  428,  901,  204,  359,  353,  763,  600,  723,  657,  819,  819,  600,  728,  974,  259,  450,  863,    0,  673, 1004,  852,  343,  562, 1037,  827,  450,  407,  336,   93,  882,  127,  863,  903,  696,  653,  448,  946, 1111,  829,  822,  450,  735,  821,  860,  801,  350,  309,  637,  695,  793,  526,  273,  788, 1051,  704,  367,  749,  961,  358,  983,  846,  973,  709,  925,  504,  125,   73, 1020,  577,  153,  676,  869,  362,  703,   98,  674, 1060, 1209,  496,  688,  703,  484,  845,  868,  827,  410,  834,  908,  737,  459,  972,  668],
        [  562,    0,  559,  416,  306,  452,  223,  124,  533,  507,  440,  243,  274,  662,  710,  464,  684,  750,  915,  689,   73,  271,  780,  548,  713,  218,  262,  770,  328,   53,  368,  316,  550,  320,  347,  146,  570,  889,  119,  533,  173,  301,   64,  345,  565,  265,  220,  673,    0,  553,  237,  358,  203,  759,  711,  226,  284,  362,  612,  706,  686,  461,  722,   23,  228,  303,  716,  562,  878,  278,  229,  799,  348,  463,  364,  324,  519,   83,  410,  154,  447,  716,  732,  718,  377,  689,  136,  566,  338,  638,  534,  777,  383,  841,  425,  550,  664,  473,  223,  595,  132,  204,  385,  858,  615,  529,  557,  738,  342,   23,   56,  651,  173,  518,  624,  609,  799,  235,  105,  305,  312,  102],
        [  257,    0,  891,  649,  802,  692,  370,  433,   81,  747,  785,  714,  742, 1012, 1020,  628,  556,  660,  743,  904,  606,  324,  613,  846, 1065,  373,  348,  327,  422,  606,  576,  271,  808,  755,  670,  414,  496,  744,  670,  235,  423,  409,  571,  333,  773,  588,  646, 1004,  553,    0,  696,  679,  745,  281,  420,  642,  751,  812,  914,  359,  944,  141,  358,  547,  780,  813,  306,  179,  639,  276,  634,  617,  213,  145,  215,  731,  713,  635,  313,  424,  495,  882,  485,  208,  301,  791,  421,   80,  793,  154,  203,  366,  295,  501,  509,  890,  957,  159,  459,  864,  681,  459,  866,  720,  912,  394,   90,  208,  508,  532,  498,  666,  537,  161,  316,  690,  527,  528,  622,  555,  432,  465],
