{
    "name": "random-62-3750",
    "comment": "size=62 seed=3750",
    "nodes": ["+0", "-0", "+1", "-1", "+2", "-2", "+3", "-3", "+4", "-4", "+5", "-5", "+6", "-6", "+7", "-7", "+8", "-8", "+9", "-9", "+10", "-10", "+11", "-11", "+12", "-12", "+13", "-13", "+14", "-14", "+15", "-15", "+16", "-16", "+17", "-17", "+18", "-18", "+19", "-19", "+20", "-20", "+21", "-21", "+22", "-22", "+23", "-23", "+24", "-24", "+25", "-25", "+26", "-26", "+27", "-27", "+28", "-28", "+29", "-29", "+30", "-30", "+31", "-31", "+32", "-32", "+33", "-33", "+34", "-34", "+35", "-35", "+36", "-36", "+37", "-37", "+38", "-38", "+39", "-39", "+40", "-40", "+41", "-41", "+42", "-42", "+43", "-43", "+44", "-44", "+45", "-45", "+46", "-46", "+47", "-47", "+48", "-48", "+49", "-49", "+50", "-50", "+51", "-51", "+52", "-52", "+53", "-53", "+54", "-54", "+55", "-55", "+56", "-56", "+57", "-57", "+58", "-58", "+59", "-59", "+60", "-60", "+61", "-61", "+62", "-62"],
    "precedence": {
        "+0": "-0",
        "+1": "-1",
        "+2": "-2",
        "+3": "-3",
        "+4": "-4",
        "+5": "-5",
        "+6": "-6",
        "+7": "-7",
        "+8": "-8",
        "+9": "-9",
        "+10": "-10",
        "+11": "-11",
        "+12": "-12",
        "+13": "-13",
        "+14": "-14",
        "+15": "-15",
        "+16": "-16",
        "+17": "-17",
        "+18": "-18",
        "+19": "-19",
        "+20": "-20",
        "+21": "-21",
        "+22": "-22",
        "+23": "-23",
        "+24": "-24",
        "+25": "-25",
        "+26": "-26",
        "+27": "-27",
        "+28": "-28",
        "+29": "-29",
        "+30": "-30",
        "+31": "-31",
        "+32": "-32",
        "+33": "-33",
        "+34": "-34",
        "+35": "-35",
        "+36": "-36",
        "+37": "-37",
        "+38": "-38",
        "+39": "-39",
        "+40": "-40",
        "+41": "-41",
        "+42": "-42",
        "+43": "-43",
        "+44": "-44",
        "+45": "-45",
        "+46": "-46",
        "+47": "-47",
        "+48": "-48",
        "+49": "-49",
        "+50": "-50",
        "+51": "-51",
        "+52": "-52",
        "+53": "-53",
        "+54": "-54",
        "+55": "-55",
        "+56": "-56",
        "+57": "-57",
        "+58": "-58",
        "+59": "-59",
        "+60": "-60",
        "+61": "-61",
        "+62": "-62"
    },
    "edges": [
        [    0,    0,  195,  162,  770,  823, 1019,  763,  208,  530,  449,  419,  233,  843,  498,  498,  113,  554,  326,  858,  350,  598,  122,  907,  522,  196,  333,  242,  852,  743,  982,  599,  369,  787,  678,  729,  692,  900,  859,  647,  802,  334,  684,  657,  696,  394,  118,  564,  342,  456,  462,  183,  264,  912,  663,   56,  640,  163,  722,  266,  242,  586,  538,   69,  621,  333,  137,  455,  773,   51,  120,  280,  550,  230,  589,   74,  630,  288,  774,  524,  190,  603,  702,  198,  587,  575,  690,  932,  139,  411,  349,  640,  411,  195,  380,  520,  840,  539,  455,  495,  555,  805,  541,  310,  206,  720,  474,  803,  462,  196,  671,  667,  554,  213,  796,  192,  136,  422,  385,  136,  468,  272,  435,  460,  747,  507],
        [    0,    0,    0,    0,    0,    0,    0,    0,    0,    0,    0,    0,    0,    0,    0,    0,    0,    0,    0,    0,    0,    0,    0,    0,    0,    0,    0,    0,    0,    0,    0,    0,    0,    0,    0,    0,    0,    0,    0,    0,    0,    0,    0,    0,    0,    0,    0,    0,    0,    0,    0,    0,    0,    0,    0,    0,    0,    0,    0,    0,    0,    0,    0,    0,    0,    0,    0,    0,    0,    0,    0,    0,    0,    0,    0,    0,    0,    0,    0,    0,    0,    0,    0,    0,    0,    0,    0,    0,    0,    0,    0,    0,    0,    0,    0,    0,    0,    0,    0,    0,    0,    0,    0,    0,    0,    0,    0,    0,    0,    0,    0,    0,    0,    0,    0,    0,    0,    0,    0,    0,    0,    0,    0,    0,    0,    0],
        [  195,    0,    0,  322,  805,  792,  927,  650,  185,  592,  269,  520,  389,  795,  539,  450,  122,  363,  133,  718,  478,  720,  316,  808,  582,  233,  238,   65,  751,  614,  902,  687,  313,  887,  647,  826,  806,  827,  825,  612,  659,  140,  582,  772,  514,  330,  201,  628,  353,  305,  270,   14,  400,  807,  475,  250,  578,  156,  553,  447,  187,  607,  493,  194,  463,  139,  227,  292,  689,  244,  158,  162,  522,   92,  396,  243,  457,  433,  788,  457,  293,  469,  510,   19,  481,  382,  800,  839,  303,  218,  457,  574,  269,   40,  542,  355,  743,  634,  325,  392,  376,  667,  347,  164,  222,  556,  560,  672,  268,    2,  488,  682,  521,  387,  895,  291,  201,  543,  349,  157,  288,  414,  390,  496,  805,  368],
        [  162,    0,  322,    0,  896,  974, 1180,  925,  369,  649,  590,  521,   72,  998,  631,  656,  272,  655,  439, 1017,  434,  668,  120, 1069,  643,  169,  494,  381, 1013,  903, 1142,  698,  529,  870,  830,  817,  766, 1060, 1010,  801,  960,  451,  845,  732,  835,  556,  273,  680,  493,  610,  565,  314,  107, 1073,  795,  136,  799,  205,  871,  283,  266,  723,  695,  129,  774,  453,  115,  604,  934,  146,  282,  437,  703,  316,  709,  196,  776,  127,  909,  685,   94,  762,  798,  332,  748,  699,  767, 1093,   24,  534,  451,  800,  567,  335,  418,  670, 1001,  637,  613,  657,  697,  964,  649,  462,  364,  871,  582,  963,  580,  324,  809,  805,  708,   71,  879,   99,  142,  506,  544,  297,  548,  112,  593,  596,  860,  664],
        [  770,    0,  805,  896,    0,  275,  608,  588,  622,  249,  794,  390,  950,  344,  273,  410,  717, 1024,  873,  743,  487,  378,  781,  580,  255,  961,  604,  772,  562,  650,  536,  252,  516,  298,  275,  266,  344,  471,  294,  300,  736,  861,  529,  344,  908,  513,  659,  222,  453,  693,  964,  795, 1000,  606,  937,  767,  391,  907,  837,  674,  973,  199,  381,  837,  743,  854,  906,  732,  473,  758,  682,  671,  329,  895,  965,  708,  822, 1008,   85,  447,  956,  642, 1136,  789,  543,  933,  325,  566,  876,  867,  453,  406,  671,  766,  574,  749,  543,  301,  633,  551,  824,  717,  988,  703,  592,  808,  326,  675,  909,  805,  898,  137,  339,  902,  298,  958,  902,  430,  471,  673, 1032,  998,  447,  314,  101,  656],
        [  823,    0,  792,  974,  275,    0,  335,  357,  632,  411,  689,  548, 1039,   70,  379,  342,  739,  915,  819,  500,  637,  616,  873,  311,  411,  993,  557,  742,  303,  430,  263,  480,  480,  571,  147,  534,  604,  197,   37,  180,  508,  803,  327,  597,  733,  463,  706,  406,  482,  584,  875,  785, 1081,  339,  776,  839,  231,  926,  643,  814,  977,  286,  299,  884,  573,  795,  952,  623,  231,  829,  712,  634,  276,  880,  832,  779,  657, 1098,  190,  343, 1012,  474, 1000,  774,  385,  800,  585,  293,  952,  782,  589,  241,  581,  753,  749,  616,  285,  507,  527,  436,  684,  485,  877,  650,  620,  612,  493,  440,  812,  791,  729,  223,  273,  999,  571, 1013,  939,  605,  448,  699,  955, 1084,  403,  399,  373,  527],
        [ 1019,    0,  927, 1180,  608,  335,    0,  289,  812,  720,  734,  842, 1250,  267,  670,  530,  915,  919,  906,  327,  920,  940, 1097,  123,  717, 1155,  698,  866,  179,  352,   74,  805,  651,  905,  411,  868,  936,  145,  316,  422,  374,  888,  346,  927,  660,  625,  909,  723,  708,  644,  912,  925, 1283,  134,  721, 1049,  389, 1080,  555, 1078, 1111,  591,  497, 1069,  546,  880, 1129,  675,  247, 1039,  900,  769,  508, 1004,  814,  993,  616, 1307,  524,  496, 1195,  481,  957,  910,  447,  787,  918,   89, 1157,  836,  867,  385,  666,  893, 1039,  636,  185,  824,  607,  536,  679,  351,  882,  765,  818,  525,  796,  313,  846,  926,  668,  546,  498, 1219,  905, 1195, 1110,  902,  640,  884,  998, 1291,  591,  676,  707,  576],
        [  763,    0,  650,  925,  588,  357,  289,    0,  558,  592,  445,  679,  996,  303,  524,  318,  654,  636,  619,  157,  737,  828,  855,  167,  587,  882,  432,  587,  113,   78,  287,  703,  405,  856,  316,  805,  853,  239,  368,  301,  152,  601,   88,  834,  399,  378,  662,  609,  491,  358,  625,  650, 1023,  159,  454,  800,  217,  805,  300,  867,  830,  478,  302,  806,  263,  594,  862,  387,  127,  790,  645,  497,  340,  722,  536,  749,  340, 1050,  511,  268,  929,  193,  689,  633,  177,  506,  836,  204,  902,  548,  683,  204,  384,  619,  858,  348,  114,  701,  326,  269,  395,  130,  599,  487,  573,  268,  650,   88,  558,  649,  402,  473,  326,  971,  859,  928,  841,  740,  408,  629,  711, 1033,  364,  513,  668,  290],
        [  208,    0,  185,  369,  622,  632,  812,  558,    0,  408,  311,  349,  440,  645,  355,  296,  108,  490,  280,  660,  326,  553,  300,  700,  399,  362,  133,  167,  645,  542,  776,  507,  162,  709,  485,  647,  634,  695,  667,  452,  607,  276,  477,  601,  547,  188,  107,  445,  170,  280,  405,  174,  471,  705,  529,  243,  436,  296,  551,  359,  354,  426,  338,  259,  441,  270,  323,  292,  567,  233,   88,  112,  357,  274,  485,  195,  469,  496,  609,  318,  387,  407,  632,  170,  381,  462,  626,  725,  346,  321,  294,  435,  232,  148,  416,  354,  633,  457,  262,  290,  407,  608,  464,  157,   47,  543,  382,  601,  375,  185,  523,  503,  359,  414,  717,  388,  309,  382,  185,   73,  449,  479,  233,  312,  621,  318],
        [  530,    0,  592,  649,  249,  411,  720,  592,  408,    0,  644,  146,  702,  464,   76,  305,  490,  864,  681,  746,  242,  236,  533,  651,   10,  724,  430,  571,  614,  630,  656,  121,  349,  317,  310,  255,  273,  575,  444,  307,  720,  672,  511,  248,  814,  358,  424,   37,  249,  558,  790,  580,  752,  671,  826,  523,  377,  675,  767,  429,  746,  129,  301,  598,  657,  666,  666,  592,  513,  514,  453,  482,  255,  679,  826,  464,  724,  760,  278,  358,  712,  568,  992,  577,  478,  796,  259,  653,  629,  696,  205,  390,  523,  556,  343,  627,  595,  110,  502,  443,  701,  706,  831,  522,  370,  744,   85,  674,  745,  592,  797,  191,  269,  654,  323,  715,  664,  197,  304,  446,  847,  750,  305,  110,  218,  542],
        [  449,    0,  269,  590,  794,  689,  734,  445,  311,  644,    0,  633,  658,  670,  573,  385,  344,  232,  186,  475,  630,  835,  568,  611,  635,  491,  219,  210,  556,  390,  725,  760,  296,  960,  563,  898,  904,  662,  717,  528,  413,  167,  402,  873,  248,  289,  401,  678,  405,  106,  188,  276,  668,  603,  220,  501,  459,  416,  286,  664,  416,  603,  418,  461,  209,  161,  494,   67,  522,  494,  361,  200,  467,  310,  184,  476,  188,  701,  750,  357,  559,  253,  349,  258,  312,  156,  893,  648,  570,  103,  590,  449,  124,  256,  726,  101,  554,  723,  165,  255,  108,  426,  195,  155,  355,  292,  648,  442,  123,  267,  222,  658,  459,  653,  967,  557,  468,  676,  341,  349,  271,  683,  351,  534,  828,  167],
        [  419,    0,  520,  521,  390,  548,  842,  679,  349,  146,  633,    0,  568,  596,  173,  366,  406,  835,  629,  825,   97,  205,  402,  762,  143,  614,  415,  515,  719,  704,  782,  180,  352,  371,  432,  312,  286,  699,  582,  420,  790,  624,  593,  253,  835,  371,  330,  169,  233,  564,  752,  507,  620,  779,  835,  402,  474,  576,  805,  284,  652,  263,  378,  487,  691,  619,  552,  592,  619,  395,  367,  446,  345,  601,  815,  349,  747,  625,  424,  420,  592,  615,  973,  509,  538,  788,  280,  769,  502,  664,   72,  484,  522,  489,  201,  639,  701,  121,  517,  480,  708,  780,  806,  490,  304,  787,   65,  754,  717,  521,  815,  334,  358,  517,  379,  595,  554,   62,  316,  365,  797,  616,  339,  169,  341,  566],
        [  233,    0,  389,   72,  950, 1039, 1250,  996,  440,  702,  658,  568,    0, 1064,  689,  725,  344,  712,  502, 1088,  477,  702,  170, 1139,  696,  209,  565,  449, 1084,  975, 1211,  743,  599,  906,  896,  856,  799, 1128, 1075,  867, 1031,  515,  916,  766,  902,  626,  342,  732,  559,  680,  624,  382,   55, 1144,  860,  202,  867,  261,  940,  310,  311,  782,  763,  199,  844,  517,  171,  674, 1004,  213,  352,  508,  769,  375,  771,  262,  845,   60,  967,  754,  123,  834,  852,  400,  819,  763,  802, 1163,   95,  599,  500,  869,  638,  405,  445,  739, 1072,  682,  684,  728,  765, 1035,  708,  533,  433,  941,  631, 1034,  642,  391,  876,  864,  775,   55,  915,  128,  199,  547,  613,  368,  600,   49,  662,  655,  909,  735],
        [  843,    0,  795,  998,  344,   70,  267,  303,  645,  464,  670,  596, 1064,    0,  424,  349,  752,  890,  811,  439,  681,  677,  900,  242,  463, 1005,  558,  742,  238,  380,  197,  541,  487,  640,  172,  602,  669,  128,   66,  197,  452,  794,  287,  661,  691,  467,  726,  463,  506,  566,  857,  789, 1104,  270,  738,  863,  219,  935,  598,  853,  981,  336,  307,  901,  537,  786,  967,  604,  178,  852,  728,  635,  295,  882,  802,  803,  619, 1123,  259,  339, 1029,  441,  967,  777,  360,  771,  651,  223,  975,  766,  631,  226,  568,  757,  796,  590,  221,  565,  511,  422,  654,  428,  852,  646,  637,  566,  544,  382,  792,  794,  689,  282,  290, 1026,  640, 1030,  953,  654,  460,  714,  939, 1108,  413,  439,  441,  504],
        [  498,    0,  539,  631,  273,  379,  670,  524,  355,   76,  573,  173,  689,  424,    0,  230,  445,  795,  620,  675,  259,  307,  519,  593,   68,  689,  361,  512,  553,  558,  610,  196,  278,  390,  260,  329,  349,  527,  413,  249,  647,  610,  441,  324,  738,  285,  387,  107,  188,  484,  724,  528,  736,  612,  751,  499,  311,  635,  691,  438,  702,   97,  228,  566,  581,  603,  635,  519,  452,  489,  410,  418,  185,  628,  754,  439,  649,  747,  279,  283,  686,  493,  921,  523,  403,  723,  335,  598,  610,  629,  211,  323,  451,  501,  373,  553,  534,  180,  428,  367,  627,  634,  762,  456,  321,  668,  129,  604,  677,  539,  722,  177,  199,  643,  396,  688,  629,  233,  232,  401,  784,  736,  230,   43,  268,  467],
        [  498,    0,  450,  656,  410,  342,  530,  318,  296,  305,  385,  366,  725,  349,  230,    0,  404,  616,  485,  460,  419,  534,  568,  428,  297,  656,  217,  401,  377,  339,  487,  424,  139,  609,  198,  550,  578,  404,  376,  163,  425,  471,  231,  553,  516,  122,  384,  332,  179,  283,  560,  444,  761,  439,  535,  523,  143,  586,  463,  556,  636,  228,   43,  554,  355,  463,  619,  322,  286,  512,  381,  293,   83,  539,  555,  465,  426,  783,  367,   55,  682,  264,  726,  432,  175,  523,  563,  446,  633,  463,  365,  146,  263,  412,  540,  341,  362,  407,  223,  145,  417,  415,  579,  314,  293,  439,  346,  389,  502,  450,  502,  274,   77,  691,  614,  683,  604,  426,  113,  367,  633,  767,   64,  207,  453,  250],
        [  113,    0,  122,  272,  717,  739,  915,  654,  108,  490,  344,  406,  344,  752,  445,  404,    0,  477,  249,  745,  358,  602,  226,  801,  481,  255,  222,  145,  745,  631,  881,  577,  268,  775,  592,  715,  690,  801,  774,  560,  690,  252,  576,  656,  591,  292,   80,  526,  269,  344,  386,  108,  370,  805,  561,  161,  542,  192,  612,  333,  257,  523,  445,  154,  509,  249,  216,  344,  670,  152,   39,  167,  464,  196,  496,  134,  521,  397,  709,  424,  281,  491,  624,  116,  478,  479,  685,  827,  250,  319,  340,  541,  299,  102,  422,  410,  734,  522,  342,  386,  449,  693,  458,  198,  126,  609,  450,  691,  373,  123,  565,  602,  466,  325,  784,  281,  201,  425,  292,   45,  409,  380,  340,  404,  707,  394],
        [  554,    0,  363,  655, 1024,  915,  919,  636,  490,  864,  232,  835,  712,  890,  795,  616,  477,    0,  230,  620,  815, 1039,  674,  799,  855,  510,  435,  335,  748,  568,  923,  976,  519, 1179,  793, 1117, 1115,  868,  941,  758,  561,  225,  611, 1083,  293,  516,  552,  899,  618,  336,   93,  375,  704,  785,  226,  609,  686,  452,  387,  808,  410,  832,  650,  538,  374,  228,  542,  296,  732,  605,  507,  389,  698,  339,  112,  605,  306,  740,  981,  588,  594,  455,  148,  363,  531,  135, 1105,  839,  641,  171,  783,  674,  353,  375,  895,  301,  749,  934,  396,  485,  242,  580,   39,  346,  536,  410,  858,  610,  119,  361,  273,  889,  690,  725, 1186,  590,  514,  871,  565,  500,  128,  722,  580,  755, 1055,  389],
        [  326,    0,  133,  439,  873,  819,  906,  619,  280,  681,  186,  629,  502,  811,  620,  485,  249,  230,    0,  660,  598,  832,  447,  784,  671,  316,  272,  115,  728,  570,  891,  785,  359,  988,  681,  926,  914,  822,  850,  645,  598,   19,  565,  881,  409,  367,  327,  717,  433,  262,  138,  146,  503,  778,  361,  381,  593,  246,  466,  579,  233,  675,  526,  316,  394,   26,  332,  234,  681,  376,  282,  203,  565,  132,  270,  376,  367,  539,  844,  476,  392,  428,  378,  135,  467,  261,  906,  819,  423,  100,  571,  585,  246,  149,  670,  286,  723,  737,  305,  390,  283,  610,  215,  173,  325,  475,  661,  625,  141,  131,  383,  743,  561,  508,  995,  389,  305,  658,  403,  277,  169,  520,  434,  577,  887,  331],
        [  858,    0,  718, 1017,  743,  500,  327,  157,  660,  746,  475,  825, 1088,  439,  675,  460,  745,  620,  660,    0,  875,  981,  960,  230,  740,  951,  528,  654,  206,  123,  359,  858,  522, 1013,  473,  962, 1009,  345,  505,  457,   62,  641,  235,  989,  341,  495,  767,  764,  622,  414,  632,  721, 1109,  204,  407,  900,  373,  874,  237,  992,  886,  634,  449,  892,  267,  635,  941,  431,  272,  890,  743,  580,  492,  778,  510,  854,  316, 1139,  664,  406, 1008,  255,  639,  703,  295,  486,  992,  270,  994,  573,  822,  359,  452,  692,  995,  375,  220,  854,  404,  376,  394,   53,  586,  559,  683,  211,  800,   72,  568,  717,  354,  630,  477, 1070, 1016, 1007,  917,  885,  535,  727,  717, 1121,  496,  661,  824,  354],
        [  350,    0,  478,  434,  487,  637,  920,  737,  326,  242,  630,   97,  477,  681,  259,  419,  358,  815,  598,  875,    0,  249,  315,  833,  239,  541,  419,  484,  787,  753,  863,  266,  373,  441,  514,  385,  343,  779,  672,  498,  836,  596,  649,  309,  849,  397,  279,  265,  258,  575,  728,  465,  530,  848,  842,  324,  541,  511,  831,  188,  589,  353,  439,  414,  716,  591,  477,  598,  689,  318,  321,  434,  414,  551,  808,  276,  764,  533,  520,  471,  510,  650,  958,  470,  583,  784,  341,  843,  417,  646,   54,  549,  529,  452,  122,  652,  770,  205,  536,  514,  716,  828,  789,  479,  280,  816,  161,  806,  701,  480,  828,  428,  426,  425,  449,  513,  482,   74,  347,  323,  763,  525,  380,  244,  435,  588],
        [  598,    0,  720,  668,  378,  616,  940,  828,  553,  236,  835,  205,  702,  677,  307,  534,  602, 1039,  832,  981,  249,    0,  551,  881,  242,  788,  616,  718,  846,  865,  873,  137,  548,  206,  538,  165,   98,  796,  644,  539,  954,  828,  746,   66, 1029,  564,  523,  222,  432,  762,  957,  707,  756,  902, 1033,  569,  612,  759,  991,  393,  837,  357,  535,  662,  878,  823,  722,  791,  746,  564,  564,  650,  490,  797, 1018,  524,  940,  753,  445,  588,  751,  795, 1177,  709,  708,  990,  102,  879,  654,  868,  263,  625,  721,  690,  260,  836,  827,  128,  712,  664,  906,  941, 1010,  695,  507,  970,  192,  909,  921,  721, 1010,  396,  504,  647,  215,  755,  729,  178,  508,  564, 1000,  748,  522,  328,  289,  757],
        [  122,    0,  316,  120,  781,  873, 1097,  855,  300,  533,  568,  402,  170,  900,  519,  568,  226,  674,  447,  960,  315,  551,    0,  990,  527,  252,  432,  363,  936,  842, 1054,  579,  451,  751,  731,  698,  648,  971,  909,  704,  906,  455,  772,  615,  816,  478,  194,  563,  396,  567,  582,  305,  220,  997,  784,   68,  710,  254,  837,  174,  330,  613,  604,  147,  732,  455,  186,  570,  851,   75,  219,  390,  606,  343,  711,  106,  747,  229,  798,  602,  201,  706,  822,  320,  679,  696,  649, 1011,  104,  532,  332,  713,  521,  316,  306,  635,  923,  518,  560,  589,  674,  907,  662,  424,  282,  833,  464,  901,  583,  318,  790,  694,  613,  127,  760,  205,  202,  387,  458,  234,  583,  218,  507,  486,  742,  614],
        [  907,    0,  808, 1069,  580,  311,  123,  167,  700,  651,  611,  762, 1139,  242,  593,  428,  801,  799,  784,  230,  833,  881,  990,    0,  647, 1037,  582,  746,   57,  232,  132,  747,  541,  870,  344,  827,  888,  124,  305,  345,  266,  766,  227,  875,  547,  514,  800,  660,  607,  522,  790,  807, 1170,   30,  607,  940,  293,  962,  443,  982,  991,  525,  399,  955,  425,  758, 1013,  553,  145,  929,  788,  651,  419,  883,  696,  885,  498, 1195,  496,  389, 1080,  359,  843,  791,  328,  667,  870,   42, 1045,  714,  779,  286,  545,  775,  954,  514,   68,  759,  487,  419,  558,  242,  762,  646,  709,  412,  722,  200,  724,  807,  554,  494,  407, 1111,  872, 1080,  994,  823,  534,  772,  877, 1179,  485,  594,  673,  454],
        [  522,    0,  582,  643,  255,  411,  717,  587,  399,   10,  635,  143,  696,  463,   68,  297,  481,  855,  671,  740,  239,  242,  527,  647,    0,  716,  420,  562,  609,  624,  654,  129,  339,  326,  307,  264,  281,  573,  444,  303,  713,  663,  505,  256,  805,  349,  416,   46,  239,  549,  781,  571,  746,  667,  817,  515,  372,  666,  759,  425,  737,  127,  294,  590,  649,  656,  658,  583,  509,  506,  444,  472,  248,  670,  817,  457,  716,  754,  282,  351,  705,  560,  983,  568,  470,  787,  268,  650,  623,  687,  200,  384,  514,  546,  341,  618,  591,  115,  494,  434,  692,  700,  822,  512,  361,  736,   83,  668,  736,  583,  789,  193,  263,  648,  333,  707,  656,  195,  295,  437,  838,  744,  296,  101,  227,  534],
        [  196,    0,  233,  169,  961,  993, 1155,  882,  362,  724,  491,  614,  209, 1005,  689,  656,  255,  510,  316,  951,  541,  788,  252, 1037,  716,    0,  458,  298,  981,  847, 1126,  794,  519,  980,  847,  923,  883, 1048, 1028,  814,  891,  332,  811,  849,  725,  541,  303,  758,  521,  537,  425,  233,  195, 1038,  676,  219,  793,   78,  776,  425,  102,  773,  698,  128,  692,  336,   67,  522,  914,  224,  285,  387,  718,  185,  578,  267,  678,  232,  960,  672,   87,  702,  647,  249,  710,  574,  882, 1067,  166,  415,  543,  790,  502,  264,  555,  583,  972,  734,  557,  620,  594,  899,  509,  396,  378,  782,  669,  905,  452,  235,  698,  853,  720,  237,  989,   82,   61,  614,  546,  297,  394,  214,  593,  649,  941,  600],
        [  333,    0,  238,  494,  604,  557,  698,  432,  133,  430,  219,  415,  565,  558,  361,  217,  222,  435,  272,  528,  419,  616,  432,  582,  420,  458,    0,  185,  525,  412,  668,  543,   88,  745,  414,  683,  686,  591,  590,  379,  475,  259,  356,  655,  432,   97,  240,  465,  187,  158,  364,  233,  592,  584,  424,  373,  340,  384,  425,  484,  425,  406,  259,  375,  312,  252,  432,  179,  456,  363,  215,   78,  295,  325,  402,  327,  348,  619,  573,  219,  499,  275,  565,  220,  257,  374,  675,  610,  471,  268,  376,  336,  111,  201,  523,  234,  515,  504,  131,  165,  297,  476,  402,  100,  163,  415,  429,  471,  316,  237,  410,  472,  292,  543,  752,  498,  413,  460,  134,  200,  429,  602,  162,  321,  624,  186],
        [  242,    0,   65,  381,  772,  742,  866,  587,  167,  571,  210,  515,  449,  742,  512,  401,  145,  335,  115,  654,  484,  718,  363,  746,  562,  298,  185,    0,  689,  550,  843,  673,  267,  875,  599,  813,  800,  768,  775,  563,  595,  112,  521,  767,  457,  280,  218,  607,  325,  240,  245,   68,  462,  745,  422,  296,  523,  221,  491,  477,  246,  574,  443,  252,  399,  108,  290,  228,  630,  289,  173,  108,  477,  141,  352,  278,  396,  495,  749,  403,  357,  405,  481,   51,  420,  335,  793,  778,  361,  175,  457,  518,  205,   48,  560,  292,  682,  624,  261,  332,  317,  602,  314,  101,  211,  493,  548,  608,  228,   64,  431,  645,  475,  444,  883,  355,  265,  544,  307,  166,  283,  477,  344,  470,  780,  303],
        [  852,    0,  751, 1013,  562,  303,  179,  113,  645,  614,  556,  719, 1084,  238,  553,  377,  745,  748,  728,  206,  787,  846,  936,   57,  609,  981,  525,  689,    0,  184,  176,  715,  486,  847,  311,  802,  858,  141,  303,  308,  231,  710,  170,  843,  503,  459,  745,  625,  556,  466,  737,  750, 1114,   63,  561,  885,  246,  905,  401,  932,  934,  490,  350,  899,  374,  702,  957,  497,  101,  874,  732,  594,  375,  827,  647,  831,  450, 1140,  479,  335, 1024,  304,  797,  734,  271,  617,  841,   92,  990,  659,  733,  238,  488,  718,  908,  460,   20,  722,  430,  362,  507,  206,  711,  589,  654,  369,  681,  161,  670,  750,  508,  466,  362, 1056,  849, 1023,  937,  780,  480,  716,  823, 1123,  432,  550,  652,  398],
        [  743,    0,  614,  903,  650,  430,  352,   78,  542,  630,  390,  704,  975,  380,  558,  339,  631,  568,  570,  123,  753,  865,  842,  232,  624,  847,  412,  550,  184,    0,  359,  745,  401,  908,  375,  855,  897,  316,  443,  354,   90,  551,  124,  876,  322,  373,  649,  651,  500,  313,  563,  615,  999,  218,  378,  784,  265,  770,  222,  870,  789,  524,  331,  781,  194,  544,  832,  337,  202,  774,  627,  469,  376,  680,  464,  736,  267, 1027,  575,  285,  900,  146,  614,  598,  172,  436,  881,  272,  881,  492,  700,  250,  346,  585,  873,  289,  188,  737,  293,  255,  328,   77,  531,  452,  563,  190,  681,   60,  497,  613,  326,  529,  362,  954,  912,  899,  810,  764,  412,  611,  649, 1010,  374,  542,  725,  247],
        [  982,    0,  902, 1142,  536,  263,   74,  287,  776,  656,  725,  782, 1211,  197,  610,  487,  881,  923,  891,  359,  863,  873, 1054,  132,  654, 1126,  668,  843,  176,  359,    0,  737,  614,  833,  351,  797,  866,   85,  243,  365,  397,  873,  327,  858,  677,  590,  870,  657,  661,  631,  908,  899, 1246,  155,  735, 1009,  344, 1052,  573, 1026, 1088,  527,  450, 1035,  549,  865, 1097,  664,  214,  999,  863,  742,  456,  982,  822,  952,  625, 1268,  452,  458, 1162,  474,  971,  885,  426,  792,  848,   90, 1118,  828,  811,  343,  648,  867,  981,  631,  174,  759,  588,  511,  681,  373,  885,  742,  778,  542,  734,  330,  842,  901,  683,  478,  447, 1178,  833, 1162, 1079,  842,  599,  848,  994, 1253,  549,  619,  635,  563],
        [  599,    0,  687,  698,  252,  480,  805,  703,  507,  121,  760,  180,  743,  541,  196,  424,  577,  976,  785,  858,  266,  137,  579,  747,  129,  794,  543,  673,  715,  745,  737,    0,  465,  204,  405,  141,  154,  661,  508,  408,  835,  778,  624,  132,  934,  476,  504,   95,  359,  676,  900,  674,  796,  770,  945,  582,  486,  753,  886,  445,  828,  226,  418,  666,  777,  772,  732,  710,  615,  574,  539,  590,  370,  771,  942,  528,  844,  798,  313,  477,  771,  687, 1108,  674,  596,  913,  139,  745,  681,  807,  251,  500,  640,  653,  331,  747,  696,   62,  622,  563,  820,  820,  945,  632,  465,  863,  128,  786,  858,  687,  917,  260,  384,  691,  211,  774,  734,  197,  421,  535,  953,  791,  425,  229,  177,  662],
        [  369,    0,  313,  529,  516,  480,  651,  405,  162,  349,  296,  352,  599,  487,  278,  139,  268,  519,  359,  522,  373,  548,  451,  541,  339,  519,   88,  267,  486,  401,  614,  465,    0,  665,  335,  603,  611,  534,  514,  300,  475,  347,  321,  582,  483,   28,  260,  383,  120,  214,  451,  306,  632,  547,  486,  400,  275,  448,  458,  471,  497,  319,  181,  421,  344,  339,  484,  245,  405,  389,  250,  160,  211,  402,  478,  346,  396,  656,  486,  157,  549,  281,  644,  295,  232,  448,  600,  564,  506,  354,  325,  274,  176,  274,  487,  288,  473,  431,  166,  148,  359,  472,  485,  188,  169,  443,  357,  458,  400,  312,  464,  384,  209,  571,  671,  549,  468,  404,   47,  234,  517,  640,   78,  239,  538,  216],
        [  787,    0,  887,  870,  298,  571,  905,  856,  709,  317,  960,  371,  906,  640,  390,  609,  775, 1179,  988, 1013,  441,  206,  751,  870,  326,  980,  745,  875,  847,  908,  833,  204,  665,    0,  542,   63,  112,  766,  591,  556,  998,  981,  785,  141, 1124,  674,  700,  283,  561,  873, 1103,  875,  960,  896, 1139,  764,  644,  946, 1069,  598, 1022,  389,  595,  853,  963,  975,  916,  908,  753,  757,  737,  793,  543,  970, 1142,  715, 1034,  958,  382,  659,  949,  869, 1308,  875,  773, 1112,  105,  859,  854, 1010,  440,  659,  839,  854,  466,  942,  828,  254,  817,  752, 1016,  981, 1147,  835,  667, 1044,  328,  943, 1060,  888, 1109,  384,  557,  852,   10,  953,  921,  367,  620,  734, 1156,  953,  618,  426,  199,  854],
        [  678,    0,  647,  830,  275,  147,  411,  316,  485,  310,  563,  432,  896,  172,  260,  198,  592,  793,  681,  473,  514,  538,  731,  344,  307,  847,  414,  599,  311,  375,  351,  405,  335,  542,    0,  493,  548,  268,  182,   37,  463,  666,  254,  533,  642,  319,  561,  317,  338,  458,  746,  640,  936,  366,  677,  695,  119,  779,  565,  683,  831,  182,  156,  738,  478,  658,  805,  498,  213,  684,  566,  491,  129,  736,  719,  635,  559,  954,  205,  208,  866,  376,  890,  629,  279,  687,  530,  343,  807,  651,  463,  134,  449,  608,  631,  501,  292,  417,  399,  309,  573,  444,  755,  510,  473,  536,  385,  404,  685,  647,  635,  158,  127,  857,  545,  867,  792,  492,  302,  552,  823,  940,  257,  270,  352,  408],
        [  729,    0,  826,  817,  266,  534,  868,  805,  647,  255,  898,  312,  856,  602,  329,  550,  715, 1117,  926,  962,  385,  165,  698,  827,  264,  923,  683,  813,  802,  855,  797,  141,  603,   63,  493,    0,   87,  728,  557,  505,  945,  919,  732,  104, 1064,  612,  640,  222,  499,  812, 1041,  814,  910,  852, 1079,  708,  591,  887, 1011,  549,  963,  333,  538,  796,  904,  913,  860,  846,  705,  701,  676,  731,  486,  910, 1080,  657,  975,  908,  347,  601,  895,  811, 1246,  814,  717, 1051,   71,  818,  801,  948,  382,  606,  778,  793,  420,  881,  783,  193,  756,  692,  955,  928, 1085,  773,  605,  986,  267,  891,  998,  827, 1049,  336,  500,  802,   70,  898,  864,  312,  558,  673, 1094,  903,  558,  365,  166,  794],
        [  692,    0,  806,  766,  344,  604,  936,  853,  634,  273,  904,  286,  799,  669,  349,  578,  690, 1115,  914, 1009,  343,   98,  648,  888,  281,  883,  686,  800,  858,  897,  866,  154,  611,  112,  548,   87,    0,  793,  628,  555,  987,  909,  775,   35, 1085,  624,  613,  248,  499,  824, 1035,  793,  854,  911, 1094,  665,  637,  853, 1039,  490,  930,  375,  572,  757,  929,  903,  818,  856,  760,  659,  652,  726,  522,  886, 1087,  619,  996,  850,  421,  630,  848,  841, 1250,  795,  749, 1058,   19,  882,  751,  944,  351,  650,  786,  775,  357,  896,  839,  182,  771,  715,  969,  972, 1085,  769,  589, 1016,  257,  937,  996,  807, 1068,  395,  537,  745,  121,  851,  824,  271,  569,  651, 1082,  846,  576,  379,  245,  813],
        [  900,    0,  827, 1060,  471,  197,  145,  239,  695,  575,  662,  699, 1128,  128,  527,  404,  801,  868,  822,  345,  779,  796,  971,  124,  573, 1048,  591,  768,  141,  316,   85,  661,  534,  766,  268,  728,  793,    0,  185,  281,  371,  804,  261,  783,  638,  509,  787,  578,  577,  564,  847,  823, 1164,  153,  692,  927,  261,  974,  537,  942, 1013,  447,  367,  954,  498,  796, 1017,  599,  141,  916,  782,  666,  372,  908,  771,  869,  577, 1186,  386,  378, 1082,  415,  927,  809,  356,  741,  775,   98, 1036,  763,  727,  261,  577,  790,  897,  571,  131,  680,  518,  437,  627,  346,  830,  668,  696,  505,  652,  301,  781,  826,  641,  402,  363, 1095,  767, 1082, 1000,  759,  516,  767,  933, 1171,  467,  535,  568,  497],
        [  859,    0,  825, 1010,  294,   37,  316,  368,  667,  444,  717,  582, 1075,   66,  413,  376,  774,  941,  850,  505,  672,  644,  909,  305,  444, 1028,  590,  775,  303,  443,  243,  508,  514,  591,  182,  557,  628,  185,    0,  215,  517,  834,  345,  623,  751,  496,  742,  438,  518,  612,  903,  819, 1117,  333,  797,  875,  260,  960,  660,  849, 1011,  320,  333,  920,  594,  826,  987,  651,  242,  865,  748,  667,  311,  914,  856,  815,  677, 1134,  210,  375, 1048,  497, 1023,  807,  410,  824,  610,  282,  988,  811,  624,  269,  611,  787,  783,  641,  287,  538,  556,  466,  708,  494,  903,  682,  655,  628,  526,  448,  840,  825,  749,  254,  308, 1035,  590, 1049,  974,  638,  483,  734,  984, 1120,  437,  434,  393,  553],
        [  647,    0,  612,  801,  300,  180,  422,  301,  452,  307,  528,  420,  867,  197,  249,  163,  560,  758,  645,  457,  498,  539,  704,  345,  303,  814,  379,  563,  308,  354,  365,  408,  300,  556,   37,  505,  555,  281,  215,    0,  443,  630,  232,  538,  612,  284,  531,  318,  309,  423,  710,  606,  907,  365,  645,  666,   92,  746,  537,  662,  797,  183,  120,  707,  447,  622,  774,  462,  208,  656,  534,  455,   99,  701,  685,  606,  528,  926,  235,  172,  835,  345,  856,  594,  247,  653,  538,  349,  778,  615,  446,  107,  413,  573,  617,  466,  289,  415,  363,  273,  539,  425,  720,  474,  442,  508,  377,  387,  649,  612,  603,  175,   94,  830,  560,  836,  760,  481,  268,  520,  787,  912,  223,  255,  371,  373],
        [  802,    0,  659,  960,  736,  508,  374,  152,  607,  720,  413,  790, 1031,  452,  647,  425,  690,  561,  598,   62,  836,  954,  906,  266,  713,  891,  475,  595,  231,   90,  397,  835,  475,  998,  463,  945,  987,  371,  517,  443,    0,  580,  213,  965,  287,  448,  714,  740,  580,  355,  571,  662, 1052,  244,  351,  846,  354,  814,  182,  945,  825,  613,  420,  835,  205,  573,  882,  371,  277,  836,  689,  524,  466,  717,  452,  802,  256, 1082,  661,  370,  950,  201,  585,  644,  254,  427,  971,  307,  938,  512,  783,  340,  395,  634,  954,  313,  242,  826,  348,  328,  332,   25,  526,  501,  633,  154,  769,   71,  507,  658,  298,  618,  451, 1014, 1001,  948,  858,  849,  492,  673,  656, 1064,  456,  630,  813,  297],
        [  334,    0,  140,  451,  861,  803,  888,  601,  276,  672,  167,  624,  515,  794,  610,  471,  252,  225,   19,  641,  596,  828,  455,  766,  663,  332,  259,  112,  710,  551,  873,  778,  347,  981,  666,  919,  909,  804,  834,  630,  580,    0,  547,  876,  393,  354,  328,  709,  424,  244,  135,  152,  518,  760,  346,  389,  577,  260,  448,  583,  250,  664,  511,  327,  375,    9,  346,  215,  664,  384,  283,  193,  551,  148,  258,  381,  350,  553,  832,  461,  407,  410,  373,  139,  449,  248,  901,  801,  434,   84,  568,  569,  229,  150,  671,  267,  705,  731,  287,  373,  265,  592,  208,  160,  321,  457,  655,  606,  130,  138,  367,  731,  547,  519,  989,  404,  318,  655,  391,  277,  175,  534,  420,  568,  877,  312],
        [  684,    0,  582,  845,  529,  327,  346,   88,  477,  511,  402,  593,  916,  287,  441,  231,  576,  611,  565,  235,  649,  746,  772,  227,  505,  811,  356,  521,  170,  124,  327,  624,  321,  785,  254,  732,  775,  261,  345,  232,  213,  547,    0,  755,  407,  294,  579,  530,  404,  305,  587,  580,  946,  229,  452,  719,  142,  735,  319,  780,  766,  401,  216,  730,  250,  539,  787,  338,  122,  708,  564,  425,  257,  659,  518,  666,  333,  971,  457,  180,  854,  157,  681,  565,  101,  487,  759,  258,  822,  503,  595,  127,  322,  548,  770,  312,  162,  619,  263,  192,  371,  197,  573,  420,  490,  288,  566,  164,  521,  581,  404,  406,  242,  890,  789,  854,  767,  653,  322,  549,  672,  955,  277,  428,  602,  237],
        [  657,    0,  772,  732,  344,  597,  927,  834,  601,  248,  873,  253,  766,  661,  324,  553,  656, 1083,  881,  989,  309,   66,  615,  875,  256,  849,  655,  767,  843,  876,  858,  132,  582,  141,  533,  104,   35,  783,  623,  538,  965,  876,  755,    0, 1057,  595,  578,  226,  469,  795, 1002,  759,  821,  898, 1066,  631,  617,  818, 1014,  458,  896,  357,  549,  722,  903,  870,  784,  826,  744,  625,  618,  694,  500,  851, 1056,  584,  968,  818,  418,  606,  814,  816, 1218,  761,  725, 1028,   37,  870,  718,  912,  316,  631,  756,  741,  325,  867,  824,  152,  742,  688,  940,  951, 1053,  737,  556,  991,  226,  917,  964,  773, 1040,  383,  515,  712,  150,  818,  790,  236,  540,  617, 1049,  813,  548,  351,  248,  785],
        [  696,    0,  514,  835,  908,  733,  660,  399,  547,  814,  248,  835,  902,  691,  738,  516,  591,  293,  409,  341,  849, 1029,  816,  547,  805,  725,  432,  457,  503,  322,  677,  934,  483, 1124,  642, 1064, 1085,  638,  751,  612,  287,  393,  407, 1057,    0,  466,  644,  844,  603,  275,  330,  522,  909,  528,   68,  749,  524,  653,  106,  905,  639,  741,  534,  707,  166,  389,  736,  256,  516,  741,  606,  438,  588,  540,  182,  722,   90,  943,  846,  469,  799,  267,  298,  505,  366,  167, 1072,  588,  816,  310,  804,  510,  321,  504,  954,  198,  509,  907,  318,  373,  143,  310,  264,  397,  587,  136,  837,  348,  280,  512,   27,  774,  576,  900, 1129,  796,  709,  886,  521,  593,  407,  925,  510,  707,  964,  273],
        [  394,    0,  330,  556,  513,  463,  625,  378,  188,  358,  289,  371,  626,  467,  285,  122,  292,  516,  367,  495,  397,  564,  478,  514,  349,  541,   97,  280,  459,  373,  590,  476,   28,  674,  319,  612,  624,  509,  496,  284,  448,  354,  294,  595,  466,    0,  287,  391,  141,  201,  452,  324,  658,  520,  471,  426,  252,  469,  436,  498,  516,  318,  164,  446,  322,  346,  508,  235,  380,  416,  275,  172,  199,  418,  469,  373,  377,  682,  478,  132,  573,  256,  638,  312,  204,  439,  612,  538,  532,  355,  347,  250,  167,  291,  512,  273,  447,  444,  148,  121,  345,  445,  481,  195,  197,  420,  372,  431,  399,  329,  447,  379,  196,  598,  680,  573,  491,  424,   56,  260,  521,  666,   67,  248,  540,  196],
        [  118,    0,  201,  273,  659,  706,  909,  662,  107,  424,  401,  330,  342,  726,  387,  384,   80,  552,  327,  767,  279,  523,  194,  800,  416,  303,  240,  218,  745,  649,  870,  504,  260,  700,  561,  640,  613,  787,  742,  531,  714,  328,  579,  578,  644,  287,    0,  459,  225,  383,  462,  188,  378,  806,  620,  141,  526,  251,  655,  264,  324,  471,  423,  182,  546,  324,  251,  391,  663,  130,   45,  208,  433,  274,  564,   88,  569,  399,  659,  413,  307,  514,  699,  194,  486,  544,  608,  823,  250,  390,  263,  527,  335,  179,  344,  455,  732,  448,  369,  396,  502,  715,  531,  248,   92,  648,  377,  708,  444,  203,  619,  552,  437,  312,  709,  309,  243,  346,  271,   54,  489,  384,  321,  347,  642,  424],
        [  564,    0,  628,  680,  222,  406,  723,  609,  445,   37,  678,  169,  732,  463,  107,  332,  526,  899,  717,  764,  265,  222,  563,  660,   46,  758,  465,  607,  625,  651,  657,   95,  383,  283,  317,  222,  248,  578,  438,  318,  740,  709,  530,  226,  844,  391,  459,    0,  285,  590,  826,  616,  782,  681,  857,  555,  393,  710,  794,  452,  782,  136,  324,  632,  685,  702,  700,  625,  525,  546,  488,  518,  275,  716,  859,  497,  754,  789,  260,  384,  745,  594, 1026,  614,  502,  829,  233,  659,  661,  731,  233,  406,  557,  592,  358,  659,  606,  102,  534,  472,  733,  726,  866,  557,  407,  770,  104,  692,  780,  629,  828,  184,  290,  682,  290,  748,  698,  212,  338,  482,  883,  780,  336,  144,  184,  573],
        [  342,    0,  353,  493,  453,  482,  708,  491,  170,  249,  405,  233,  559,  506,  188,  179,  269,  618,  433,  622,  258,  432,  396,  607,  239,  521,  187,  325,  556,  500,  661,  359,  120,  561,  338,  499,  499,  577,  518,  309,  580,  424,  404,  469,  603,  141,  225,  285,    0,  332,  543,  343,  599,  618,  603,  358,  319,  460,  576,  378,  523,  257,  212,  405,  462,  418,  474,  360,  465,  347,  237,  234,  211,  443,  588,  298,  515,  617,  441,  224,  532,  393,  751,  337,  328,  560,  489,  624,  470,  449,  207,  323,  290,  315,  375,  407,  541,  318,  285,  257,  476,  574,  587,  274,  144,  560,  243,  555,  499,  353,  583,  335,  218,  521,  568,  533,  464,  285,   90,  225,  599,  603,  128,  145,  456,  335],
