{
    "name": "random-7-31473",
    "comment": "size=7 seed=31473",
    "nodes": ["+0", "-0", "+1", "-1", "+2", "-2", "+3", "-3", "+4", "-4", "+5", "-5", "+6", "-6", "+7", "-7"],
    "precedence": {
        "+0": "-0",
        "+1": "-1",
        "+2": "-2",
        "+3": "-3",
        "+4": "-4",
        "+5": "-5",
        "+6": "-6",
        "+7": "-7"
    },
    "edges": [
        [    0,    0,  669,  707,  449,  387,  350,  130,  865,  261,  365,  700,  393,  681,  469,  539],
        [    0,    0,  669,  707,  449,  387,  350,  130,  865,  261,  365,  700,  393,  681,  469,  539],
        [  669,  669,    0,  118,  469,  393,  798,  605,  555,  735,  562,   79,  283,  239,  343,  420],
        [  707,  707,  118,    0,  570,  483,  878,  662,  671,  730,  653,  189,  347,  356,  445,  531],
        [  449,  449,  469,  570,    0,  114,  373,  322,  419,  666,  123,  445,  275,  327,  127,  103],
        [  387,  387,  393,  483,  114,    0,  408,  274,  486,  578,  170,  387,  165,  310,   84,  164],
        [  350,  350,  798,  878,  373,  408,    0,  270,  743,  607,  252,  794,  532,  697,  477,  470],
        [  130,  130,  605,  662,  322,  274,  270,    0,  740,  378,  235,  623,  323,  580,  358,  417],
        [  865,  865,  555,  671,  419,  486,  743,  740,    0, 1062,  527,  483,  576,  320,  415,  326],
        [  261,  261,  735,  730,  666,  578,  607,  378, 1062,    0,  606,  788,  511,  823,  648,  741],
        [  365,  365,  562,  653,  123,  170,  252,  235,  527,  606,    0,  550,  323,  446,  228,  224],
        [  700,  700,   79,  189,  445,  387,  794,  623,  483,  788,  550,    0,  307,  173,  323,  383],
        [  393,  393,  283,  347,  275,  165,  532,  323,  576,  511,  323,  307,    0,  312,  180,  293],
        [  681,  681,  239,  356,  327,  310,  697,  580,  320,  823,  446,  173,  312,    0,  228,  241],
        [  469,  469,  343,  445,  127,   84,  477,  358,  415,  648,  228,  323,  180,  228,    0,  114],
        [  539,  539,  420,  531,  103,  164,  470,  417,  326,  741,  224,  383,  293,  241,  114,    0]
    ]
}
