{
    "name": "random-41-8131",
    "comment": "size=41 seed=8131",
    "nodes": ["+0", "-0", "+1", "-1", "+2", "-2", "+3", "-3", "+4", "-4", "+5", "-5", "+6", "-6", "+7", "-7", "+8", "-8", "+9", "-9", "+10", "-10", "+11", "-11", "+12", "-12", "+13", "-13", "+14", "-14", "+15", "-15", "+16", "-16", "+17", "-17", "+18", "-18", "+19", "-19", "+20", "-20", "+21", "-21", "+22", "-22", "+23", "-23", "+24", "-24", "+25", "-25", "+26", "-26", "+27", "-27", "+28", "-28", "+29", "-29", "+30", "-30", "+31", "-31", "+32", "-32", "+33", "-33", "+34", "-34", "+35", "-35", "+36", "-36", "+37", "-37", "+38", "-38", "+39", "-39", "+40", "-40", "+41", "-41"],
    "precedence": {
        "+0": "-0",
        "+1": "-1",
        "+2": "-2",
        "+3": "-3",
        "+4": "-4",
        "+5": "-5",
        "+6": "-6",
        "+7": "-7",
        "+8": "-8",
        "+9": "-9",
        "+10": "-10",
        "+11": "-11",
        "+12": "-12",
        "+13": "-13",
        "+14": "-14",
        "+15": "-15",
        "+16": "-16",
        "+17": "-17",
        "+18": "-18",
        "+19": "-19",
        "+20": "-20",
        "+21": "-21",
        "+22": "-22",
        "+23": "-23",
        "+24": "-24",
        "+25": "-25",
        "+26": "-26",
        "+27": "-27",
        "+28": "-28",
        "+29": "-29",
        "+30": "-30",
        "+31": "-31",
        "+32": "-32",
        "+33": "-33",
        "+34": "-34",
        "+35": "-35",
        "+36": "-36",
        "+37": "-37",
        "+38": "-38",
        "+39": "-39",
        "+40": "-40",
        "+41": "-41"
    },
    "edges": [
        [    0,    0,   45,  966,  676,  769,  487,  228,  814,  397,  688, 1177,  875,  660,  639,  512,  356,  268,  508,  395,  855,  909,  832,  947, 1039, 1120,  716,  202,  374,   90,  747,  298,  586,  402,  702,  618,  752,  416,  667, 1053,  956,  643,  794,  113,  881,  915,  379, 1130,  708,  623,  682,  362,  358,  667,  941,  178,  768,  419,  678, 1035,  239,  432,   19,  207,  862, 1027,  962,  779,  630,  599,  268,  547,  514,  711,  197,  949,  937,  842,  389,  740,  606,  951,  891,   68],
        [    0,    0,   45,  966,  676,  769,  487,  228,  814,  397,  688, 1177,  875,  660,  639,  512,  356,  268,  508,  395,  855,  909,  832,  947, 1039, 1120,  716,  202,  374,   90,  747,  298,  586,  402,  702,  618,  752,  416,  667, 1053,  956,  643,  794,  113,  881,  915,  379, 1130,  708,  623,  682,  362,  358,  667,  941,  178,  768,  419,  678, 1035,  239,  432,   19,  207,  862, 1027,  962,  779,  630,  599,  268,  547,  514,  711,  197,  949,  937,  842,  389,  740,  606,  951,  891,   68],
        [   45,   45,    0,  936,  662,  743,  449,  185,  781,  354,  689, 1149,  837,  654,  638,  471,  313,  284,  506,  351,  841,  889,  811,  935, 1007, 1090,  676,  181,  331,  134,  755,  259,  582,  418,  661,  574,  716,  411,  623, 1024,  955,  656,  783,  151,  870,  922,  366, 1100,  683,  579,  668,  318,  372,  629,  919,  219,  740,  387,  640, 1006,  277,  388,   27,  221,  858, 1004,  932,  783,  598,  554,  312,  563,  531,  716,  155,  922,  944,  828,  357,  732,  581,  949,  871,   47],
        [  966,  966,  936,    0,  434,  214,  515,  789,  168,  668,  669,  224,  274,  558,  643,  544,  709,  866,  665,  767,  399,  262,  267,  449,   97,  155,  395,  769,  692, 1019,  788,  696,  611,  860,  446,  706,  270,  668,  665,  101,  677,  839,  445,  988,  464,  819,  638,  166,  279,  721,  436,  780,  845,  390,  211, 1035,  206,  551,  383,   76, 1037,  749,  951,  871,  597,  203,    8,  729,  342,  682, 1146,  872,  869,  741,  800,  102,  824,  405,  580,  508,  377,  669,  267,  898],
        [  676,  676,  662,  434,    0,  239,  426,  586,  379,  559,  246,  582,  553,  129,  211,  502,  579,  491,  243,  669,  180,  254,  190,  277,  530,  556,  525,  482,  571,  699,  373,  506,  178,  448,  564,  743,  426,  282,  736,  479,  378,  407,  129,  656,  218,  455,  298,  560,  192,  758,    8,  663,  445,  470,  303,  684,  262,  366,  475,  475,  667,  673,  667,  518,  268,  392,  435,  329,  315,  710,  783,  440,  439,  321,  577,  362,  468,  167,  379,  119,  179,  370,  236,  616],
        [  769,  769,  743,  214,  239,    0,  362,  613,  146,  520,  483,  409,  327,  367,  449,  415,  554,  653,  455,  628,  278,  204,  143,  365,  305,  359,  347,  569,  540,  816,  609,  520,  408,  647,  396,  627,  221,  454,  603,  287,  558,  644,  293,  782,  347,  671,  426,  367,   66,  643,  242,  635,  631,  309,  202,  826,   28,  367,  309,  273,  825,  619,  755,  661,  458,  272,  213,  559,  186,  598,  936,  666,  661,  558,  618,  180,  681,  276,  393,  336,  167,  549,  192,  702],
        [  487,  487,  449,  515,  426,  362,    0,  281,  350,  158,  609,  738,  389,  507,  553,   80,  195,  497,  467,  267,  576,  556,  481,  677,  573,  668,  236,  319,  180,  558,  728,  192,  485,  566,  236,  322,  270,  390,  327,  612,  803,  696,  549,  542,  632,  855,  309,  680,  324,  337,  434,  273,  527,  182,  563,  604,  348,  107,  193,  590,  630,  260,  469,  469,  692,  633,  510,  712,  180,  289,  717,  661,  639,  674,  299,  529,  871,  567,  130,  541,  256,  795,  541,  421],
        [  228,  228,  185,  789,  586,  613,  281,    0,  627,  170,  679, 1009,  663,  614,  623,  290,  129,  366,  498,  183,  763,  783,  704,  862,  852,  943,  497,  166,  146,  313,  770,   94,  557,  486,  479,  399,  551,  396,  444,  883,  927,  694,  715,  315,  804,  928,  323,  955,  560,  406,  594,  153,  438,  454,  804,  385,  605,  247,  465,  862,  431,  217,  209,  311,  821,  883,  784,  782,  448,  377,  488,  621,  591,  724,   38,  790,  948,  751,  222,  679,  465,  920,  766,  173],
        [  814,  814,  781,  168,  379,  146,  350,  627,    0,  501,  625,  391,  182,  507,  586,  377,  542,  741,  577,  600,  417,  316,  275,  496,  226,  319,  242,  622,  526,  873,  751,  535,  540,  755,  294,  548,  110,  557,  513,  267,  700,  779,  438,  845,  487,  816,  512,  331,  189,  564,  383,  613,  733,  227,  289,  897,  119,  395,  222,  243,  906,  582,  798,  738,  602,  327,  161,  703,  184,  523, 1010,  792,  783,  700,  640,  210,  826,  417,  426,  481,  260,  691,  310,  746],
        [  397,  397,  354,  668,  559,  520,  158,  170,  501,    0,  709,  891,  508,  621,  652,  132,   46,  490,  544,  112,  721,  711,  634,  822,  719,  819,  337,  285,   27,  480,  818,  122,  582,  590,  313,  253,  411,  451,  288,  766,  928,  764,  686,  477,  773,  960,  366,  832,  479,  264,  567,  115,  545,  302,  720,  546,  505,  195,  312,  743,  587,  116,  378,  446,  818,  790,  662,  814,  337,  225,  654,  709,  682,  766,  201,  686,  978,  711,  190,  668,  402,  920,  695,  339],
        [  688,  688,  689,  669,  246,  483,  609,  679,  625,  709,    0,  784,  797,  119,   58,  688,  715,  438,  185,  809,  309,  444,  406,  349,  765,  774,  754,  531,  713,  679,  129,  621,  127,  335,  787,  929,  666,  286,  934,  698,  271,  181,  240,  629,  282,  252,  357,  775,  437,  944,  242,  794,  358,  695,  502,  632,  507,  521,  701,  698,  592,  823,  685,  490,  193,  582,  670,  106,  542,  897,  706,  253,  269,   76,  657,  585,  271,  297,  520,  166,  402,  267,  429,  644],
        [ 1177, 1177, 1149,  224,  582,  409,  738, 1009,  391,  891,  784,    0,  465,  690,  772,  767,  931, 1053,  824,  990,  479,  341,  392,  482,  201,   85,  610,  977,  915, 1224,  888,  915,  756, 1028,  660,  920,  491,  847,  876,  126,  713,  963,  545, 1190,  526,  876,  830,   70,  472,  935,  580, 1004, 1020,  611,  284, 1232,  410,  767,  604,  148, 1228,  971, 1162, 1066,  662,  203,  230,  819,  562,  898, 1340, 1015, 1018,  849, 1017,  231,  876,  490,  795,  619,  574,  706,  356, 1109],
        [  875,  875,  837,  274,  553,  327,  389,  663,  182,  508,  797,  465,    0,  679,  755,  377,  553,  854,  729,  584,  598,  490,  456,  674,  265,  381,  174,  701,  534,  946,  925,  579,  703,  890,  214,  467,  143,  692,  416,  364,  881,  942,  619,  926,  668,  997,  632,  397,  361,  480,  558,  606,  861,  210,  455,  986,  299,  471,  199,  336, 1005,  557,  858,  839,  784,  472,  266,  880,  288,  449, 1100,  945,  932,  872,  685,  357, 1007,  599,  501,  660,  409,  873,  487,  809],
        [  660,  660,  654,  558,  129,  367,  507,  614,  507,  621,  119,  690,  679,    0,   85,  586,  632,  437,  165,  726,  233,  351,  302,  302,  654,  672,  638,  482,  628,  667,  247,  546,   81,  364,  673,  829,  548,  245,  830,  595,  313,  282,  161,  619,  233,  349,  296,  674,  319,  844,  126,  714,  372,  580,  407,  635,  390,  428,  587,  594,  606,  736,  654,  477,  208,  492,  559,  211,  426,  796,  723,  326,  331,  194,  597,  480,  365,  219,  432,   88,  287,  306,  334,  608],
        [  639,  639,  638,  643,  211,  449,  553,  623,  586,  652,   58,  772,  755,   85,    0,  633,  657,  396,  132,  751,  307,  432,  386,  362,  739,  756,  704,  477,  656,  635,  178,  564,   70,  304,  736,  873,  621,  231,  879,  679,  318,  197,  234,  585,  293,  309,  301,  758,  398,  888,  208,  737,  321,  644,  489,  593,  471,  464,  651,  678,  557,  765,  635,  444,  228,  572,  643,  163,  493,  841,  673,  247,  255,  123,  601,  564,  328,  293,  462,  158,  354,  313,  416,  593],
        [  512,  512,  471,  544,  502,  415,   80,  290,  377,  132,  688,  767,  377,  586,  633,    0,  177,  556,  545,  224,  645,  614,  542,  745,  590,  693,  208,  365,  158,  590,  807,  216,  564,  635,  191,  243,  281,  465,  248,  643,  879,  774,  622,  579,  704,  934,  383,  706,  384,  258,  509,  239,  594,  170,  616,  645,  397,  180,  180,  619,  678,  207,  493,  523,  768,  680,  537,  792,  230,  210,  757,  735,  712,  753,  316,  571,  950,  637,  197,  618,  328,  871,  600,  449],
        [  356,  356,  313,  709,  579,  554,  195,  129,  542,   46,  715,  931,  553,  632,  657,  177,    0,  468,  544,   95,  744,  742,  665,  846,  762,  861,  382,  261,   20,  441,  819,  103,  588,  575,  358,  278,  454,  447,  319,  806,  942,  759,  707,  441,  794,  966,  364,  873,  510,  287,  586,   85,  528,  346,  753,  510,  541,  213,  357,  783,  554,  113,  337,  420,  832,  826,  703,  820,  374,  253,  616,  699,  671,  769,  163,  724,  985,  734,  202,  684,  429,  935,  726,  301],
        [  268,  268,  284,  866,  491,  653,  497,  366,  741,  490,  438, 1053,  854,  437,  396,  556,  468,    0,  273,  545,  658,  744,  673,  738,  952, 1011,  727,  207,  478,  243,  483,  369,  357,  135,  732,  743,  714,  210,  776,  937,  709,  376,  589,  192,  669,  652,  230, 1018,  588,  753,  495,  518,   90,  667,  787,  199,  661,  394,  677,  925,  177,  575,  271,   63,  624,  876,  864,  521,  571,  715,  292,  280,  247,  451,  331,  823,  674,  644,  368,  523,  490,  705,  725,  246],
        [  508,  508,  506,  665,  243,  455,  467,  498,  577,  544,  185,  824,  729,  165,  132,  545,  544,  273,    0,  638,  393,  495,  433,  467,  759,  795,  649,  347,  545,  507,  276,  447,   84,  206,  673,  779,  588,  103,  792,  718,  449,  230,  322,  457,  397,  430,  181,  800,  394,  793,  245,  620,  209,  587,  545,  471,  472,  367,  595,  712,  442,  655,  503,  316,  356,  634,  664,  285,  447,  747,  559,  217,  207,  227,  475,  602,  450,  378,  360,  252,  321,  444,  477,  461],
        [  395,  395,  351,  767,  669,  628,  267,  183,  600,  112,  809,  990,  584,  726,  751,  224,   95,  545,  638,    0,  832,  821,  745,  933,  811,  916,  410,  340,   98,  484,  913,  193,  682,  659,  376,  225,  503,  540,  278,  866, 1035,  851,  797,  492,  884, 1060,  458,  929,  589,  229,  677,   34,  611,  387,  829,  563,  613,  303,  396,  842,  612,   39,  377,  493,  925,  898,  761,  914,  444,  208,  662,  787,  758,  863,  221,  791, 1079,  822,  295,  776,  514, 1028,  806,  350],
        [  855,  855,  841,  399,  180,  278,  576,  763,  417,  721,  309,  479,  598,  233,  307,  645,  744,  658,  393,  832,    0,  144,  143,  102,  490,  478,  620,  661,  735,  875,  410,  679,  312,  596,  667,  878,  498,  453,  862,  404,  285,  489,   73,  830,   70,  421,  477,  477,  273,  894,  174,  829,  601,  575,  203,  855,  306,  533,  577,  411,  832,  832,  846,  691,  198,  276,  402,  342,  429,  847,  949,  553,  561,  372,  754,  302,  426,   15,  549,  150,  320,  276,  134,  796],
        [  909,  909,  889,  262,  254,  204,  556,  783,  316,  711,  444,  341,  490,  351,  432,  614,  742,  744,  495,  821,  144,    0,   80,  189,  351,  335,  545,  709,  730,  942,  551,  693,  422,  701,  595,  830,  414,  534,  805,  261,  415,  623,  205,  901,  204,  562,  537,  334,  233,  846,  252,  825,  698,  511,   60,  934,  227,  540,  510,  268,  920,  815,  898,  767,  339,  141,  267,  485,  386,  801, 1035,  677,  681,  510,  782,  162,  565,  153,  562,  279,  318,  407,   19,  846],
        [  832,  832,  811,  267,  190,  143,  481,  704,  275,  634,  406,  392,  456,  302,  386,  542,  665,  673,  433,  745,  143,   80,    0,  224,  362,  371,  489,  631,  653,  866,  523,  614,  365,  638,  538,  764,  362,  464,  742,  294,  428,  581,  180,  826,  213,  557,  462,  373,  158,  780,  189,  748,  632,  449,  115,  861,  169,  461,  450,  293,  849,  740,  820,  693,  337,  204,  269,  463,  315,  734,  964,  626,  627,  477,  703,  180,  564,  145,  483,  243,  240,  419,   62,  768],
        [  947,  947,  935,  449,  277,  365,  677,  862,  496,  822,  349,  482,  674,  302,  362,  745,  846,  738,  467,  933,  102,  189,  224,    0,  533,  499,  711,  756,  837,  962,  426,  779,  383,  663,  759,  976,  585,  538,  959,  432,  234,  524,  153,  916,   70,  395,  569,  494,  369,  993,  270,  931,  674,  669,  239,  936,  392,  634,  671,  444,  908,  933,  938,  775,  185,  286,  454,  352,  527,  945, 1025,  602,  615,  398,  853,  348,  395,  112,  650,  215,  422,  227,  189,  889],
        [ 1039, 1039, 1007,   97,  530,  305,  573,  852,  226,  719,  765,  201,  265,  654,  739,  590,  762,  952,  759,  811,  490,  351,  362,  533,    0,  117,  417,  845,  744, 1096,  883,  760,  706,  952,  465,  725,  309,  758,  678,  120,  765,  935,  540, 1067,  554,  911,  723,  132,  369,  739,  532,  828,  935,  426,  295, 1117,  293,  620,  418,   97, 1122,  790, 1023,  955,  688,  265,   96,  824,  409,  704, 1228,  967,  964,  837,  865,  189,  915,  497,  651,  603,  463,  756,  358,  971],
        [ 1120, 1120, 1090,  155,  556,  359,  668,  943,  319,  819,  774,   85,  381,  672,  756,  693,  861, 1011,  795,  916,  478,  335,  371,  499,  117,    0,  529,  922,  844, 1171,  885,  850,  733,  996,  579,  839,  415,  808,  793,   78,  732,  951,  538, 1139,  533,  890,  784,   16,  424,  853,  556,  931,  984,  533,  275, 1185,  355,  705,  526,   86, 1184,  896, 1105, 1019,  670,  213,  160,  819,  496,  817, 1294,  995,  995,  843,  954,  194,  891,  487,  734,  609,  525,  725,  347, 1052],
        [  716,  716,  676,  395,  525,  347,  236,  497,  242,  337,  754,  610,  174,  638,  704,  208,  382,  727,  649,  410,  620,  545,  489,  711,  417,  529,    0,  555,  363,  791,  881,  418,  642,  783,   53,  312,  134,  592,  272,  495,  890,  875,  621,  776,  688,  979,  521,  544,  351,  327,  531,  433,  748,   63,  527,  840,  321,  333,   54,  468,  866,  383,  698,  703,  783,  569,  388,  848,  213,  289,  953,  859,  842,  826,  522,  452,  992,  617,  361,  642,  352,  881,  536,  651],
        [  202,  202,  181,  769,  482,  569,  319,  166,  622,  285,  531,  977,  701,  482,  477,  365,  261,  207,  347,  340,  661,  709,  631,  756,  845,  922,  555,    0,  272,  252,  613,  164,  416,  321,  551,  537,  570,  246,  572,  854,  790,  531,  604,  226,  692,  775,  189,  931,  508,  546,  488,  313,  273,  499,  740,  286,  568,  232,  510,  837,  313,  369,  189,  162,  689,  826,  765,  631,  439,  510,  400,  455,  425,  569,  135,  749,  796,  648,  201,  557,  405,  784,  691,  137],
        [  374,  374,  331,  692,  571,  540,  180,  146,  526,   27,  713,  915,  534,  628,  656,  158,   20,  478,  545,   98,  735,  730,  653,  837,  744,  844,  363,  272,    0,  458,  820,  111,  587,  582,  339,  265,  436,  450,  304,  790,  937,  763,  699,  457,  786,  965,  366,  856,  498,  275,  579,   96,  536,  328,  740,  526,  527,  205,  338,  767,  569,  110,  355,  432,  827,  812,  686,  818,  359,  239,  633,  704,  677,  769,  179,  708,  983,  725,  197,  679,  418,  930,  714,  317],
        [   90,   90,  134, 1019,  699,  816,  558,  313,  873,  480,  679, 1224,  946,  667,  635,  590,  441,  243,  507,  484,  875,  942,  866,  962, 1096, 1171,  791,  252,  458,    0,  723,  375,  589,  368,  780,  707,  818,  425,  755, 1102,  950,  611,  811,   52,  894,  893,  405, 1181,  753,  712,  705,  451,  330,  740,  978,   96,  817,  481,  751, 1086,  161,  521,  108,  191,  862, 1066, 1016,  763,  690,  686,  179,  510,  477,  693,  280,  995,  915,  861,  451,  751,  651,  945,  923,  142],
        [  747,  747,  755,  788,  373,  609,  728,  770,  751,  818,  129,  888,  925,  247,  178,  807,  819,  483,  276,  913,  410,  551,  523,  426,  883,  885,  881,  613,  820,  723,    0,  722,  244,  358,  913, 1046,  794,  375, 1054,  810,  272,  127,  348,  672,  367,  171,  456,  884,  565, 1060,  369,  896,  394,  821,  610,  662,  633,  635,  828,  813,  612,  930,  746,  541,  244,  685,  790,   75,  669, 1014,  719,  232,  260,   55,  745,  700,  193,  399,  631,  281,  530,  271,  538,  711],
        [  298,  298,  259,  696,  506,  520,  192,   94,  535,  122,  621,  915,  579,  546,  564,  216,  103,  369,  447,  193,  679,  693,  614,  779,  760,  850,  418,  164,  111,  375,  722,    0,  496,  472,  406,  374,  462,  348,  409,  789,  858,  658,  635,  365,  723,  872,  267,  862,  468,  384,  513,  174,  426,  370,  712,  432,  511,  155,  381,  769,  469,  215,  280,  325,  750,  790,  691,  726,  354,  347,  543,  596,  568,  673,  107,  696,  892,  667,  132,  604,  375,  851,  676,  234],
        [  586,  586,  582,  611,  178,  408,  485,  557,  540,  582,  127,  756,  703,   81,   70,  564,  588,  357,   84,  682,  312,  422,  365,  383,  706,  733,  642,  416,  587,  589,  244,  496,    0,  284,  672,  804,  566,  172,  811,  656,  375,  240,  240,  540,  314,  378,  235,  736,  352,  819,  178,  668,  291,  582,  475,  555,  427,  394,  589,  652,  526,  696,  581,  398,  277,  562,  611,  232,  433,  772,  642,  263,  263,  190,  537,  540,  397,  298,  393,  169,  297,  369,  404,  536],
        [  402,  402,  418,  860,  448,  647,  566,  486,  755,  590,  335, 1028,  890,  364,  304,  635,  575,  135,  206,  659,  596,  701,  638,  663,  952,  996,  783,  321,  582,  368,  358,  472,  284,    0,  796,  842,  748,  199,  869,  919,  601,  244,  524,  316,  593,  528,  263, 1001,  583,  853,  450,  633,   49,  721,  751,  305,  660,  459,  731,  911,  259,  686,  405,  198,  527,  839,  859,  405,  602,  813,  372,  146,  113,  333,  452,  803,  550,  582,  439,  451,  496,  598,  683,  380],
        [  702,  702,  661,  446,  564,  396,  236,  479,  294,  313,  787,  660,  214,  673,  736,  191,  358,  732,  673,  376,  667,  595,  538,  759,  465,  579,   53,  551,  339,  780,  913,  406,  672,  796,    0,  261,  186,  610,  220,  546,  933,  901,  664,  769,  734, 1017,  535,  593,  395,  276,  570,  400,  759,   94,  578,  834,  370,  340,   90,  519,  863,  346,  683,  704,  825,  621,  439,  884,  250,  239,  946,  880,  861,  858,  506,  504, 1031,  662,  364,  682,  388,  924,  586,  639],
        [  618,  618,  574,  706,  743,  627,  322,  399,  548,  253,  929,  920,  467,  829,  873,  243,  278,  743,  779,  225,  878,  830,  764,  976,  725,  839,  312,  537,  265,  707, 1046,  374,  804,  842,  261,    0,  439,  692,   63,  806, 1120, 1005,  860,  713,  940, 1176,  607,  853,  609,   17,  750,  258,  797,  325,  822,  783,  604,  412,  328,  779,  829,  187,  600,  697, 1010,  873,  699, 1033,  450,   33,  884,  957,  931,  993,  435,  757, 1193,  871,  420,  860,  566, 1112,  818,  571],
        [  752,  752,  716,  270,  426,  221,  270,  551,  110,  411,  666,  491,  143,  548,  621,  281,  454,  714,  588,  503,  498,  414,  362,  585,  309,  415,  134,  570,  436,  818,  794,  462,  566,  748,  186,  439,    0,  550,  404,  371,  775,  805,  507,  796,  567,  877,  491,  428,  238,  455,  431,  519,  719,  120,  394,  853,  194,  338,  114,  345,  869,  482,  735,  702,  672,  436,  264,  754,  146,  414,  967,  804,  791,  740,  568,  319,  889,  496,  369,  538,  270,  766,  406,  685],
        [  416,  416,  411,  668,  282,  454,  390,  396,  557,  451,  286,  847,  692,  245,  231,  465,  447,  210,  103,  540,  453,  534,  464,  538,  758,  808,  592,  246,  450,  425,  375,  348,  172,  199,  610,  692,  550,    0,  709,  733,  546,  315,  387,  378,  470,  532,   85,  815,  390,  705,  287,  521,  178,  530,  578,  403,  465,  285,  539,  723,  386,  559,  410,  238,  448,  667,  666,  387,  405,  660,  502,  272,  251,  328,  373,  618,  552,  439,  272,  327,  298,  540,  515,  365],
        [  667,  667,  623,  665,  736,  603,  327,  444,  513,  288,  934,  876,  416,  830,  879,  248,  319,  776,  792,  278,  862,  805,  742,  959,  678,  793,  272,  572,  304,  755, 1054,  409,  811,  869,  220,   63,  404,  709,    0,  764, 1113, 1020,  850,  758,  926, 1178,  626,  808,  591,   70,  744,  310,  826,  295,  793,  828,  578,  426,  296,  736,  872,  240,  649,  733, 1003,  839,  658, 1037,  433,   70,  932,  978,  954, 1000,  480,  722, 1194,  856,  438,  855,  558, 1105,  794,  617],
        [ 1053, 1053, 1024,  101,  479,  287,  612,  883,  267,  766,  698,  126,  364,  595,  679,  643,  806,  937,  718,  866,  404,  261,  294,  432,  120,   78,  495,  854,  790, 1102,  810,  789,  656,  919,  546,  806,  371,  733,  764,    0,  666,  874,  462, 1068,  462,  820,  712,   82,  351,  821,  479,  879,  908,  490,  202, 1113,  286,  641,  484,   28, 1110,  849, 1038,  947,  599,  152,  108,  745,  436,  782, 1221,  918,  918,  767,  892,  117,  822,  413,  670,  533,  453,  658,  272,  985],
        [  956,  956,  955,  677,  378,  558,  803,  927,  700,  928,  271,  713,  881,  313,  318,  879,  942,  709,  449, 1035,  285,  415,  428,  234,  765,  732,  890,  790,  937,  950,  272,  858,  375,  601,  933, 1120,  775,  546, 1113,  666,    0,  395,  269,  899,  216,  173,  606,  728,  540, 1136,  371, 1025,  628,  839,  470,  902,  585,  734,  843,  677,  860, 1043,  952,  760,  111,  520,  681,  204,  686, 1088,  972,  496,  519,  274,  909,  577,  167,  284,  741,  262,  556,    9,  411,  909],
        [  643,  643,  656,  839,  407,  644,  696,  694,  779,  764,  181,  963,  942,  282,  197,  774,  759,  376,  230,  851,  489,  623,  581,  524,  935,  951,  875,  531,  763,  611,  127,  658,  240,  244,  901, 1005,  805,  315, 1020,  874,  395,    0,  420,  560,  460,  290,  399,  952,  591, 1018,  405,  830,  286,  813,  681,  544,  665,  595,  822,  874,  492,  872,  645,  437,  352,  762,  840,  192,  669,  973,  595,  108,  138,  129,  665,  760,  312,  477,  585,  345,  535,  394,  608,  615],
        [  794,  794,  783,  445,  129,  293,  549,  715,  438,  686,  240,  545,  619,  161,  234,  622,  707,  589,  322,  797,   73,  205,  180,  153,  540,  538,  621,  604,  699,  811,  348,  635,  240,  524,  664,  860,  507,  387,  850,  462,  269,  420,    0,  765,   90,  381,  417,  538,  272,  876,  122,  792,  530,  571,  264,  787,  321,  495,  575,  466,  762,  800,  786,  624,  165,  343,  448,  285,  419,  829,  879,  481,  489,  306,  704,  354,  389,   59,  507,   77,  295,  260,  191,  737],
        [  113,  113,  151,  988,  656,  782,  542,  315,  845,  477,  629, 1190,  926,  619,  585,  579,  441,  192,  457,  492,  830,  901,  826,  916, 1067, 1139,  776,  226,  457,   52,  672,  365,  540,  316,  769,  713,  796,  378,  758, 1068,  899,  560,  765,    0,  847,  842,  365, 1147,  718,  719,  661,  460,  278,  723,  939,   71,  784,  458,  734, 1053,  127,  529,  126,  142,  812, 1027,  984,  712,  663,  691,  178,  459,  426,  642,  279,  959,  864,  816,  427,  703,  616,  895,  882,  143],
        [  881,  881,  870,  464,  218,  347,  632,  804,  487,  773,  282,  526,  668,  233,  293,  704,  794,  669,  397,  884,   70,  204,  213,   70,  554,  533,  688,  692,  786,  894,  367,  723,  314,  593,  734,  940,  567,  470,  926,  462,  216,  460,   90,  847,    0,  359,  505,  530,  339,  956,  211,  879,  604,  642,  262,  866,  375,  582,  644,  470,  839,  886,  873,  706,  138,  324,  468,  296,  493,  908,  955,  534,  546,  336,  793,  365,  362,   72,  596,  146,  377,  207,  197,  824],
        [  915,  915,  922,  819,  455,  671,  855,  928,  816,  960,  252,  876,  997,  349,  309,  934,  966,  652,  430, 1060,  421,  562,  557,  395,  911,  890,  979,  775,  965,  893,  171,  872,  378,  528, 1017, 1176,  877,  532, 1178,  820,  173,  290,  381,  842,  359,    0,  607,  887,  640, 1191,  449, 1045,  564,  923,  620,  831,  698,  770,  929,  828,  781, 1074,  915,  710,  223,  679,  822,  147,  768, 1143,  885,  397,  427,  207,  904,  722,   23,  415,  770,  340,  630,  178,  553,  878],
        [  379,  379,  366,  638,  298,  426,  309,  323,  512,  366,  357,  830,  632,  296,  301,  383,  364,  230,  181,  458,  477,  537,  462,  569,  723,  784,  521,  189,  366,  405,  456,  267,  235,  263,  535,  607,  491,   85,  626,  712,  606,  399,  417,  365,  505,  607,    0,  792,  361,  620,  304,  440,  230,  458,  575,  403,  433,  203,  469,  699,  400,  476,  370,  236,  503,  663,  635,  461,  346,  576,  510,  353,  331,  406,  303,  600,  627,  463,  188,  368,  261,  600,  518,  320],
        [ 1130, 1130, 1100,  166,  560,  367,  680,  955,  331,  832,  775,   70,  397,  674,  758,  706,  873, 1018,  800,  929,  477,  334,  373,  494,  132,   16,  544,  931,  856, 1181,  884,  862,  736, 1001,  593,  853,  428,  815,  808,   82,  728,  952,  538, 1147,  530,  887,  792,    0,  431,  868,  559,  944,  990,  547,  275, 1193,  364,  716,  540,   95, 1191,  909, 1115, 1027,  667,  209,  171,  818,  508,  832, 1302,  998,  998,  843,  965,  199,  888,  486,  745,  610,  533,  721,  347, 1062],
        [  708,  708,  683,  279,  192,   66,  324,  560,  189,  479,  437,  472,  361,  319,  398,  384,  510,  588,  394,  589,  273,  233,  158,  369,  369,  424,  351,  508,  498,  753,  565,  468,  352,  583,  395,  609,  238,  390,  591,  351,  540,  591,  272,  718,  339,  640,  361,  431,    0,  625,  197,  593,  567,  303,  245,  762,   78,  314,  306,  338,  761,  583,  695,  596,  435,  324,  277,  520,  159,  578,  871,  608,  601,  512,  562,  242,  651,  268,  339,  301,  103,  532,  218,  642],
        [  623,  623,  579,  721,  758,  643,  337,  406,  564,  264,  944,  935,  480,  844,  888,  258,  287,  753,  793,  229,  894,  846,  780,  993,  739,  853,  327,  546,  275,  712, 1060,  384,  819,  853,  276,   17,  455,  705,   70,  821, 1136, 1018,  876,  719,  956, 1191,  620,  868,  625,    0,  766,  262,  808,  341,  838,  789,  620,  426,  344,  794,  837,  192,  605,  706, 1025,  889,  714, 1048,  467,   49,  890,  969,  943, 1007,  443,  773, 1208,  887,  434,  875,  582, 1128,  834,  577],
        [  682,  682,  668,  436,    8,  242,  434,  594,  383,  567,  242,  580,  558,  126,  208,  509,  586,  495,  245,  677,  174,  252,  189,  270,  532,  556,  531,  488,  579,  705,  369,  513,  178,  450,  570,  750,  431,  287,  744,  479,  371,  405,  122,  661,  211,  449,  304,  559,  197,  766,    0,  671,  448,  477,  301,  689,  265,  374,  482,  475,  671,  681,  673,  523,  260,  389,  436,  324,  321,  718,  787,  440,  440,  317,  584,  362,  461,  161,  386,  112,  187,  363,  233,  623],
        [  362,  362,  318,  780,  663,  635,  273,  153,  613,  115,  794, 1004,  606,  714,  737,  239,   85,  518,  620,   34,  829,  825,  748,  931,  828,  931,  433,  313,   96,  451,  896,  174,  668,  633,  400,  258,  519,  521,  310,  879, 1025,  830,  792,  460,  879, 1045,  440,  944,  593,  262,  671,    0,  586,  406,  834,  530,  620,  298,  415,  856,  581,   72,  344,  464,  916,  905,  774,  899,  452,  241,  628,  763,  734,  846,  190,  801, 1064,  819,  286,  768,  513, 1018,  809,  318],
        [  358,  358,  372,  845,  445,  631,  527,  438,  733,  545,  358, 1020,  861,  372,  321,  594,  528,   90,  209,  611,  601,  698,  632,  674,  935,  984,  748,  273,  536,  330,  394,  426,  291,   49,  759,  797,  719,  178,  826,  908,  628,  286,  530,  278,  604,  564,  230,  990,  567,  808,  448,  586,    0,  686,  746,  274,  642,  421,  696,  899,  237,  639,  360,  152,  548,  835,  843,  436,  574,  768,  353,  192,  159,  365,  404,  792,  586,  587,  399,  460,  475,  624,  680,  333],
        [  667,  667,  629,  390,  470,  309,  182,  454,  227,  302,  695,  611,  210,  580,  644,  170,  346,  667,  587,  387,  575,  511,  449,  669,  426,  533,   63,  499,  328,  740,  821,  370,  582,  721,   94,  325,  120,  530,  295,  490,  839,  813,  571,  723,  642,  923,  458,  547,  303,  341,  477,  406,  686,    0,  499,  785,  284,  274,   12,  465,  809,  364,  649,  645,  732,  549,  383,  791,  156,  298,  898,  797,  779,  767,  476,  434,  937,  571,  302,  588,  294,  831,  500,  602],
        [  941,  941,  919,  211,  303,  202,  563,  804,  289,  720,  502,  284,  455,  407,  489,  616,  753,  787,  545,  829,  203,   60,  115,  239,  295,  275,  527,  740,  740,  978,  610,  712,  475,  751,  578,  822,  394,  578,  793,  202,  470,  681,  264,  939,  262,  620,  575,  275,  245,  838,  301,  834,  746,  499,    0,  975,  220,  558,  497,  209,  963,  820,  929,  807,  398,   90,  216,  545,  387,  793, 1078,  732,  736,  569,  805,  109,  623,  212,  582,  337,  340,  462,   74,  876],
        [  178,  178,  219, 1035,  684,  826,  604,  385,  897,  546,  632, 1232,  986,  635,  593,  645,  510,  199,  471,  563,  855,  934,  861,  936, 1117, 1185,  840,  286,  526,   96,  662,  432,  555,  305,  834,  783,  853,  403,  828, 1113,  902,  544,  787,   71,  866,  831,  403, 1193,  762,  789,  689,  530,  274,  785,  975,    0,  831,  516,  796, 1099,   67,  599,  193,  168,  820, 1064, 1032,  708,  717,  761,  114,  439,  407,  636,  349, 1002,  853,  840,  486,  721,  660,  898,  915,  213],
        [  768,  768,  740,  206,  262,   28,  348,  605,  119,  505,  507,  410,  299,  390,  471,  397,  541,  661,  472,  613,  306,  227,  169,  392,  293,  355,  321,  568,  527,  817,  633,  511,  427,  660,  370,  604,  194,  465,  578,  286,  585,  665,  321,  784,  375,  698,  433,  364,   78,  620,  265,  620,  642,  284,  220,  831,    0,  360,  284,  270,  832,  602,  753,  666,  486,  286,  203,  585,  169,  575,  941,  685,  678,  582,  611,  186,  708,  304,  387,  362,  172,  577,  217,  700],
        [  419,  419,  387,  551,  366,  367,  107,  247,  395,  195,  521,  767,  471,  428,  464,  180,  213,  394,  367,  303,  533,  540,  461,  634,  620,  705,  333,  232,  205,  481,  635,  155,  394,  459,  340,  412,  338,  285,  426,  641,  734,  595,  495,  458,  582,  770,  203,  716,  314,  426,  374,  298,  421,  274,  558,  516,  360,    0,  285,  622,  536,  310,  403,  371,  624,  637,  546,  625,  212,  380,  630,  556,  533,  582,  252,  545,  788,  522,   31,  474,  222,  726,  523,  351],
        [  678,  678,  640,  383,  475,  309,  193,  465,  222,  312,  701,  604,  199,  587,  651,  180,  357,  677,  595,  396,  577,  510,  450,  671,  418,  526,   54,  510,  338,  751,  828,  381,  589,  731,   90,  328,  114,  539,  296,  484,  843,  822,  575,  734,  644,  929,  469,  540,  306,  344,  482,  415,  696,   12,  497,  796,  284,  285,    0,  458,  820,  373,  661,  656,  736,  546,  377,  797,  161,  302,  909,  806,  788,  774,  487,  430,  942,  573,  313,  593,  300,  834,  500,  613],
        [ 1035, 1035, 1006,   76,  475,  273,  590,  862,  243,  743,  698,  148,  336,  594,  678,  619,  783,  925,  712,  842,  411,  268,  293,  444,   97,   86,  468,  837,  767, 1086,  813,  769,  652,  911,  519,  779,  345,  723,  736,   28,  677,  874,  466, 1053,  470,  828,  699,   95,  338,  794,  475,  856,  899,  465,  209, 1099,  270,  622,  458,    0, 1098,  824, 1021,  933,  607,  170,   82,  750,  415,  755, 1208,  914,  913,  769,  872,  114,  831,  419,  651,  534,  439,  669,  278,  968],
        [  239,  239,  277, 1037,  667,  825,  630,  431,  906,  587,  592, 1228, 1005,  606,  557,  678,  554,  177,  442,  612,  832,  920,  849,  908, 1122, 1184,  866,  313,  569,  161,  612,  469,  526,  259,  863,  829,  869,  386,  872, 1110,  860,  492,  762,  127,  839,  781,  400, 1191,  761,  837,  671,  581,  237,  809,  963,   67,  832,  536,  820, 1098,    0,  648,  253,  168,  783, 1053, 1034,  663,  730,  806,  117,  385,  355,  591,  394,  997,  803,  818,  507,  694,  661,  856,  901,  264],
        [  432,  432,  388,  749,  673,  619,  260,  217,  582,  116,  823,  971,  557,  736,  765,  207,  113,  575,  655,   39,  832,  815,  740,  933,  790,  896,  383,  369,  110,  521,  930,  215,  696,  686,  346,  187,  482,  559,  240,  849, 1043,  872,  800,  529,  886, 1074,  476,  909,  583,  192,  681,   72,  639,  364,  820,  599,  602,  310,  373,  824,  648,    0,  414,  525,  933,  886,  742,  928,  434,  170,  699,  811,  783,  879,  254,  777, 1092,  822,  305,  783,  512, 1035,  800,  386],
        [   19,   19,   27,  951,  667,  755,  469,  209,  798,  378,  685, 1162,  858,  654,  635,  493,  337,  271,  503,  377,  846,  898,  820,  938, 1023, 1105,  698,  189,  355,  108,  746,  280,  581,  405,  683,  600,  735,  410,  649, 1038,  952,  645,  786,  126,  873,  915,  370, 1115,  695,  605,  673,  344,  360,  649,  929,  193,  753,  403,  661, 1021,  253,  414,    0,  208,  857, 1014,  947,  777,  614,  580,  286,  550,  517,  710,  178,  935,  936,  832,  373,  733,  593,  947,  879,   54],
        [  207,  207,  221,  871,  518,  661,  469,  311,  738,  446,  490, 1066,  839,  477,  444,  523,  420,   63,  316,  493,  691,  767,  693,  775,  955, 1019,  703,  162,  432,  191,  541,  325,  398,  198,  704,  697,  702,  238,  733,  947,  760,  437,  624,  142,  706,  710,  236, 1027,  596,  706,  523,  464,  152,  645,  807,  168,  666,  371,  656,  933,  168,  525,  208,    0,  671,  896,  868,  576,  562,  670,  275,  343,  310,  507,  275,  835,  732,  677,  343,  562,  495,  755,  748,  183],
        [  862,  862,  858,  597,  268,  458,  692,  821,  602,  818,  193,  662,  784,  208,  228,  768,  832,  624,  356,  925,  198,  339,  337,  185,  688,  670,  783,  689,  827,  862,  244,  750,  277,  527,  825, 1010,  672,  448, 1003,  599,  111,  352,  165,  812,  138,  223,  503,  667,  435, 1025,  260,  916,  548,  732,  398,  820,  486,  624,  736,  607,  783,  933,  857,  671,    0,  461,  600,  170,  578,  977,  898,  441,  459,  224,  804,  500,  228,  193,  631,  151,  446,  104,  331,  812],
        [ 1027, 1027, 1004,  203,  392,  272,  633,  883,  327,  790,  582,  203,  472,  492,  572,  680,  826,  876,  634,  898,  276,  141,  204,  286,  265,  213,  569,  826,  812, 1066,  685,  790,  562,  839,  621,  873,  436,  667,  839,  152,  520,  762,  343, 1027,  324,  679,  663,  209,  324,  889,  389,  905,  835,  549,   90, 1064,  286,  637,  546,  170, 1053,  886, 1014,  896,  461,    0,  210,  616,  454,  846, 1167,  817,  822,  647,  886,  118,  680,  287,  662,  418,  423,  512,  158,  962],
        [  962,  962,  932,    8,  435,  213,  510,  784,  161,  662,  670,  230,  266,  559,  643,  537,  703,  864,  664,  761,  402,  267,  269,  454,   96,  160,  388,  765,  686, 1016,  790,  691,  611,  859,  439,  699,  264,  666,  658,  108,  681,  840,  448,  984,  468,  822,  635,  171,  277,  714,  436,  774,  843,  383,  216, 1032,  203,  546,  377,   82, 1034,  742,  947,  868,  600,  210,    0,  731,  337,  675, 1143,  872,  869,  743,  795,  107,  827,  408,  576,  510,  374,  673,  271,  894],
        [  779,  779,  783,  729,  329,  559,  712,  782,  703,  814,  106,  819,  880,  211,  163,  792,  820,  521,  285,  914,  342,  485,  463,  352,  824,  819,  848,  631,  818,  763,   75,  726,  232,  405,  884, 1033,  754,  387, 1037,  745,  204,  192,  285,  712,  296,  147,  461,  818,  520, 1048,  324,  899,  436,  791,  545,  708,  585,  625,  797,  750,  663,  928,  777,  576,  170,  616,  731,    0,  636, 1000,  772,  292,  316,   72,  759,  638,  167,  333,  625,  224,  497,  203,  473,  739],
        [  630,  630,  598,  342,  315,  186,  180,  448,  184,  337,  542,  562,  288,  426,  493,  230,  374,  571,  447,  444,  429,  386,  315,  527,  409,  496,  213,  439,  359,  690,  669,  354,  433,  602,  250,  450,  146,  405,  433,  436,  686,  669,  419,  663,  493,  768,  346,  508,  159,  467,  321,  452,  574,  156,  387,  717,  169,  212,  161,  415,  730,  434,  614,  562,  578,  454,  337,  636,    0,  420,  831,  662,  648,  615,  458,  350,  782,  423,  242,  433,  140,  678,  372,  562],
        [  599,  599,  554,  682,  710,  598,  289,  377,  523,  225,  897,  898,  449,  796,  841,  210,  253,  715,  747,  208,  847,  801,  734,  945,  704,  817,  289,  510,  239,  686, 1014,  347,  772,  813,  239,   33,  414,  660,   70,  782, 1088,  973,  829,  691,  908, 1143,  576,  832,  578,   49,  718,  241,  768,  298,  793,  761,  575,  380,  302,  755,  806,  170,  580,  670,  977,  846,  675, 1000,  420,    0,  864,  926,  901,  960,  413,  731, 1160,  840,  389,  827,  534, 1080,  789,  549],
        [  268,  268,  312, 1146,  783,  936,  717,  488, 1010,  654,  706, 1340, 1100,  723,  673,  757,  616,  292,  559,  662,  949, 1035,  964, 1025, 1228, 1294,  953,  400,  633,  179,  719,  543,  642,  372,  946,  884,  967,  502,  932, 1221,  972,  595,  879,  178,  955,  885,  510, 1302,  871,  890,  787,  628,  353,  898, 1078,  114,  941,  630,  909, 1208,  117,  699,  286,  275,  898, 1167, 1143,  772,  831,  864,    0,  488,  460,  701,  454, 1109,  907,  934,  600,  810,  770,  969, 1017,  316],
        [  547,  547,  563,  872,  440,  666,  661,  621,  792,  709,  253, 1015,  945,  326,  247,  735,  699,  280,  217,  787,  553,  677,  626,  602,  967,  995,  859,  455,  704,  510,  232,  596,  263,  146,  880,  957,  804,  272,  978,  918,  496,  108,  481,  459,  534,  397,  353,  998,  608,  969,  440,  763,  192,  797,  732,  439,  685,  556,  806,  914,  385,  811,  550,  343,  441,  817,  872,  292,  662,  926,  488,    0,   33,  223,  589,  801,  419,  539,  541,  404,  537,  494,  660,  524],
        [  514,  514,  531,  869,  439,  661,  639,  591,  783,  682,  269, 1018,  932,  331,  255,  712,  671,  247,  207,  758,  561,  681,  627,  615,  964,  995,  842,  425,  677,  477,  260,  568,  263,  113,  861,  931,  791,  251,  954,  918,  519,  138,  489,  426,  546,  427,  331,  998,  601,  943,  440,  734,  159,  779,  736,  407,  678,  533,  788,  913,  355,  783,  517,  310,  459,  822,  869,  316,  648,  901,  460,   33,    0,  246,  558,  801,  449,  547,  517,  412,  526,  517,  664,  492],
        [  711,  711,  716,  741,  321,  558,  674,  724,  700,  766,   76,  849,  872,  194,  123,  753,  769,  451,  227,  863,  372,  510,  477,  398,  837,  843,  826,  569,  769,  693,   55,  673,  190,  333,  858,  993,  740,  328, 1000,  767,  274,  129,  306,  642,  336,  207,  406,  843,  512, 1007,  317,  846,  365,  767,  569,  636,  582,  582,  774,  769,  591,  879,  710,  507,  224,  647,  743,   72,  615,  960,  701,  223,  246,    0,  699,  656,  228,  360,  578,  235,  476,  272,  496,  673],
