{
    "name": "random-44-1171",
    "comment": "size=44 seed=1171",
    "nodes": ["+0", "-0", "+1", "-1", "+2", "-2", "+3", "-3", "+4", "-4", "+5", "-5", "+6", "-6", "+7", "-7", "+8", "-8", "+9", "-9", "+10", "-10", "+11", "-11", "+12", "-12", "+13", "-13", "+14", "-14", "+15", "-15", "+16", "-16", "+17", "-17", "+18", "-18", "+19", "-19", "+20", "-20", "+21", "-21", "+22", "-22", "+23", "-23", "+24", "-24", "+25", "-25", "+26", "-26", "+27", "-27", "+28", "-28", "+29", "-29", "+30", "-30", "+31", "-31", "+32", "-32", "+33", "-33", "+34", "-34", "+35", "-35", "+36", "-36", "+37", "-37", "+38", "-38", "+39", "-39", "+40", "-40", "+41", "-41", "+42", "-42", "+43", "-43", "+44", "-44"],
    "precedence": {
        "+0": "-0",
        "+1": "-1",
        "+2": "-2",
        "+3": "-3",
        "+4": "-4",
        "+5": "-5",
        "+6": "-6",
        "+7": "-7",
        "+8": "-8",
        "+9": "-9",
        "+10": "-10",
        "+11": "-11",
        "+12": "-12",
        "+13": "-13",
        "+14": "-14",
        "+15": "-15",
        "+16": "-16",
        "+17": "-17",
        "+18": "-18",
        "+19": "-19",
        "+20": "-20",
        "+21": "-21",
        "+22": "-22",
        "+23": "-23",
        "+24": "-24",
        "+25": "-25",
        "+26": "-26",
        "+27": "-27",
        "+28": "-28",
        "+29": "-29",
        "+30": "-30",
        "+31": "-31",
        "+32": "-32",
        "+33": "-33",
        "+34": "-34",
        "+35": "-35",
        "+36": "-36",
        "+37": "-37",
        "+38": "-38",
        "+39": "-39",
        "+40": "-40",
        "+41": "-41",
        "+42": "-42",
        "+43": "-43",
        "+44": "-44"
    },
    "edges": [
        [    0,    0,   78,  764,  742,  280,  752,  341,  981,  785,  949,  867,  972,  466, 1007,  942,  873,  573,  373,  964,  628,  209,  547,  145,  555,  488,  821,  841, 1027, 1127, 1058,  922,  315,  770,  534,  717,   41,  233,  992,  937,  429,  757, 1038,  773, 1223,  719,  561,  698,  737, 1181,  546, 1032,  567,  692,  567,  295,  978,  996, 1077,  908,  400,  518,  514,  478,  682,  535, 1242,  700,  802,  846,  262, 1004,  377, 1082,  578,  121,  873,  694,  335,  840,  992,  442,  792,  231,  953,  611,  156,  493,  460, 1146],
        [    0,    0,    0,    0,    0,    0,    0,    0,    0,    0,    0,    0,    0,    0,    0,    0,    0,    0,    0,    0,    0,    0,    0,    0,    0,    0,    0,    0,    0,    0,    0,    0,    0,    0,    0,    0,    0,    0,    0,    0,    0,    0,    0,    0,    0,    0,    0,    0,    0,    0,    0,    0,    0,    0,    0,    0,    0,    0,    0,    0,    0,    0,    0,    0,    0,    0,    0,    0,    0,    0,    0,    0,    0,    0,    0,    0,    0,    0,    0,    0,    0,    0,    0,    0,    0,    0,    0,    0,    0,    0],
        [   78,    0,    0,  687,  665,  216,  675,  287,  929,  714,  889,  789,  897,  388,  930,  866,  809,  514,  321,  887,  576,  134,  481,  101,  481,  414,  761,  764,  959, 1050,  980,  865,  264,  702,  485,  646,   54,  175,  915,  865,  352,  692,  970,  715, 1146,  641,  520,  630,  660, 1105,  469,  956,  506,  618,  500,  218,  901,  922, 1000,  834,  328,  441,  462,  412,  605,  471, 1165,  632,  728,  776,  185,  951,  316, 1011,  533,   59,  818,  649,  294,  763,  915,  368,  718,  187,  895,  534,  111,  417,  420, 1069],
        [  764,    0,  687,    0,   30,  515,  201,  506,  590,  417,  465,  157,  223,  308,  323,  313,  597,  376,  502,  303,  447,  555,  483,  648,  343,  380,  396,  156,  391,  368,  304,  496,  538,  473,  482,  415,  730,  565,  291,  244,  342,  528,  394,  412,  461,   80,  556,  460,  168,  420,  276,  423,  530,  319,  462,  470,  321,  447,  329,  369,  461,  248,  454,  481,   84,  339,  484,  247,  102,  223,  503,  591,  451,  402,  523,  648,  485,  539,  572,   76,  276,  331,  116,  600,  503,  217,  640,  273,  552,  392],
        [  742,    0,  665,   30,    0,  498,  179,  493,  610,  394,  487,  158,  251,  283,  324,  306,  574,  375,  491,  300,  451,  534,  454,  629,  314,  351,  414,  151,  419,  387,  320,  516,  524,  449,  481,  389,  709,  547,  295,  272,  318,  502,  422,  426,  481,   51,  555,  433,  145,  445,  247,  417,  502,  292,  433,  448,  318,  436,  344,  356,  433,  225,  451,  452,   61,  335,  502,  256,  128,  248,  481,  612,  438,  431,  524,  627,  503,  546,  561,   99,  282,  314,  139,  584,  525,  188,  621,  254,  547,  409],
        [  280,    0,  216,  515,  498,    0,  554,   82,  716,  655,  673,  640,  709,  259,  796,  746,  790,  298,  118,  759,  364,  111,  477,  141,  412,  357,  545,  620,  748,  882,  817,  650,   78,  663,  279,  597,  240,   51,  775,  664,  228,  674,  759,  500,  973,  485,  329,  598,  531,  920,  363,  849,  518,  539,  484,  124,  775,  831,  840,  738,  313,  286,  252,  411,  439,  256,  998,  421,  537,  570,  114,  737,  100,  804,  334,  161,  603,  446,  131,  590,  769,  184,  525,   89,  680,  413,  132,  247,  235,  906],
        [  752,    0,  675,  201,  179,  554,    0,  575,  788,  217,  665,  150,  374,  298,  256,  193,  396,  518,  583,  212,  605,  555,  335,  665,  221,  283,  591,  117,  582,  420,  345,  695,  602,  275,  615,  222,  725,  597,  246,  431,  333,  332,  583,  600,  521,  135,  693,  271,   36,  522,  206,  295,  374,  134,  309,  469,  227,  288,  355,  198,  379,  273,  581,  358,  188,  465,  526,  426,  301,  423,  501,  791,  524,  581,  666,  650,  680,  706,  647,  225,  252,  384,  316,  642,  703,  144,  660,  320,  664,  426],
        [  341,    0,  287,  506,  493,   82,  575,    0,  643,  698,  608,  644,  684,  293,  805,  763,  843,  234,   36,  771,  290,  192,  539,  197,  459,  411,  481,  626,  699,  871,  809,  581,   34,  712,  200,  644,  301,  112,  780,  628,  268,  729,  711,  432,  957,  489,  248,  651,  548,  896,  398,  869,  584,  577,  544,  194,  788,  858,  834,  766,  380,  302,  176,  477,  437,  206,  985,  375,  512,  529,  191,  665,   55,  760,  253,  229,  533,  367,   74,  578,  772,  191,  498,  115,  612,  439,  186,  256,  155,  897],
        [  981,    0,  929,  590,  610,  716,  788,  643,    0, 1002,  137,  719,  535,  724,  852,  878, 1182,  423,  609,  854,  353,  820, 1000,  837,  861,  863,  206,  732,  320,  741,  731,   94,  667, 1053,  448,  989,  941,  754,  814,  423,  735, 1102,  332,  226,  766,  656,  439, 1026,  754,  658,  774,  979, 1052,  891,  988,  779,  870, 1020,  760,  953,  900,  666,  468,  967,  613,  482,  814,  385,  493,  375,  796,   30,  618,  395,  412,  871,  121,  300,  651,  595,  788,  635,  476,  750,   92,  750,  826,  639,  532,  780],
        [  785,    0,  714,  417,  394,  655,  217,  698, 1002,    0,  881,  338,  577,  406,  349,  260,  180,  698,  716,  302,  791,  619,  255,  734,  245,  306,  802,  309,  797,  566,  496,  909,  718,   66,  783,   70,  767,  688,  363,  644,  431,  130,  797,  806,  662,  347,  862,  110,  250,  692,  302,  293,  264,  126,  229,  544,  304,  231,  495,  168,  386,  416,  747,  314,  392,  637,  653,  631,  518,  640,  570, 1005,  655,  789,  840,  706,  892,  896,  770,  437,  383,  519,  532,  737,  918,  281,  732,  464,  816,  560],
        [  949,    0,  889,  465,  487,  673,  665,  608,  137,  881,    0,  587,  398,  637,  717,  745, 1061,  376,  579,  719,  334,  770,  900,  805,  759,  768,  128,  602,  193,  606,  595,   64,  637,  935,  433,  873,  908,  717,  678,  286,  653,  986,  207,  179,  636,  535,  448,  913,  632,  530,  673,  844,  952,  775,  886,  717,  736,  887,  624,  823,  816,  573,  442,  874,  498,  422,  682,  289,  366,  244,  738,  130,  574,  272,  414,  832,  106,  323,  632,  464,  652,  562,  350,  722,   46,  641,  794,  554,  526,  645],
        [  867,    0,  789,  157,  158,  640,  150,  644,  719,  338,  587,    0,  240,  402,  167,  162,  505,  532,  644,  146,  604,  662,  485,  765,  365,  422,  537,   33,  471,  274,  199,  627,  674,  402,  638,  361,  836,  688,  138,  320,  439,  464,  469,  560,  375,  156,  712,  413,  144,  373,  331,  269,  523,  281,  459,  575,  164,  302,  214,  239,  516,  357,  608,  505,  208,  492,  384,  401,  230,  345,  608,  716,  590,  455,  679,  757,  623,  695,  713,  124,  129,  458,  251,  728,  629,  263,  758,  395,  704,  285],
        [  972,    0,  897,  223,  251,  709,  374,  684,  535,  577,  398,  240,    0,  528,  329,  375,  745,  499,  672,  342,  538,  764,  694,  848,  558,  601,  394,  268,  244,  222,  198,  451,  717,  640,  605,  594,  936,  760,  291,  113,  561,  701,  239,  438,  284,  294,  665,  645,  353,  213,  497,  461,  738,  506,  671,  683,  356,  516,  227,  470,  684,  464,  587,  699,  305,  489,  322,  336,  173,  199,  714,  525,  631,  216,  628,  853,  464,  602,  742,  158,  263,  532,  187,  789,  443,  435,  839,  481,  692,  259],
        [  466,    0,  388,  308,  283,  259,  298,  293,  724,  406,  637,  402,  528,    0,  548,  491,  558,  334,  310,  507,  430,  261,  287,  368,  174,  146,  522,  377,  643,  664,  593,  638,  315,  425,  396,  355,  435,  300,  530,  519,   37,  448,  650,  500,  761,  254,  472,  368,  278,  728,  106,  591,  339,  285,  283,  174,  523,  572,  612,  480,  180,   68,  358,  245,  225,  267,  778,  348,  369,  450,  206,  737,  249,  677,  456,  356,  604,  535,  365,  382,  528,  119,  366,  346,  660,  155,  362,   86,  414,  682],
        [ 1007,    0,  930,  323,  324,  796,  256,  805,  852,  349,  717,  167,  329,  548,    0,   89,  477,  698,  807,   49,  768,  807,  563,  915,  471,  536,  685,  179,  572,  227,  169,  764,  834,  413,  804,  399,  979,  842,   39,  433,  583,  475,  566,  714,  317,  317,  878,  450,  271,  364,  462,  134,  590,  352,  535,  720,   46,  199,  157,  190,  632,  511,  775,  600,  373,  658,  305,  562,  383,  485,  753,  846,  751,  535,  845,  902,  766,  856,  876,  275,   66,  617,  404,  884,  761,  397,  909,  552,  870,  214],
        [  942,    0,  866,  313,  306,  746,  193,  763,  878,  260,  745,  162,  375,  491,   89,    0,  395,  679,  769,   44,  757,  747,  479,  858,  397,  463,  698,  157,  616,  311,  246,  787,  791,  325,  782,  311,  916,  790,  107,  470,  526,  387,  613,  721,  404,  286,  859,  362,  216,  444,  398,  112,  504,  270,  451,  661,   44,  144,  240,  105,  559,  463,  751,  519,  344,  634,  393,  559,  391,  504,  693,  874,  711,  589,  828,  842,  784,  851,  835,  285,  132,  572,  411,  834,  788,  337,  853,  508,  842,  301],
        [  873,    0,  809,  597,  574,  790,  396,  843, 1182,  180, 1061,  505,  745,  558,  477,  395,    0,  868,  864,  437,  963,  735,  329,  847,  386,  433,  981,  479,  972,  703,  640, 1088,  859,  136,  948,  206,  862,  815,  501,  819,  577,  118,  971,  984,  793,  527, 1026,  193,  429,  838,  460,  379,  307,  297,  312,  670,  433,  301,  633,  290,  491,  579,  910,  399,  571,  805,  774,  810,  697,  819,  692, 1185,  804,  960, 1005,  812, 1071, 1068,  912,  613,  526,  676,  712,  865, 1098,  452,  847,  626,  971,  690],
        [  573,    0,  514,  376,  375,  298,  518,  234,  423,  698,  376,  532,  499,  334,  698,  679,  868,    0,  207,  675,   97,  399,  621,  430,  498,  479,  248,  525,  472,  708,  658,  353,  264,  733,  109,  663,  533,  342,  666,  422,  334,  767,  484,  203,  782,  395,  181,  687,  484,  706,  414,  791,  672,  574,  615,  357,  693,  801,  686,  714,  495,  293,   89,  575,  337,   68,  817,  165,  340,  318,  373,  443,  199,  538,  149,  457,  308,  203,  267,  433,  650,  225,  321,  349,  383,  418,  419,  251,  194,  740],
        [  373,    0,  321,  502,  491,  118,  583,   36,  609,  716,  579,  644,  672,  310,  807,  769,  864,  207,    0,  775,  256,  228,  566,  229,  479,  435,  452,  629,  676,  864,  804,  550,   59,  733,  165,  663,  332,  147,  781,  611,  288,  751,  688,  402,  948,  490,  212,  672,  554,  884,  414,  876,  612,  593,  570,  226,  792,  869,  830,  777,  409,  312,  142,  505,  436,  186,  977,  355,  501,  510,  225,  632,   61,  739,  217,  263,  501,  331,   71,  573,  771,  201,  486,  144,  581,  450,  218,  264,  121,  891],
        [  964,    0,  887,  303,  300,  759,  212,  771,  854,  302,  719,  146,  342,  507,   49,   44,  437,  675,  775,    0,  749,  766,  514,  875,  425,  490,  679,  151,  584,  268,  203,  764,  800,  367,  780,  351,  937,  804,   64,  440,  543,  430,  580,  705,  361,  287,  855,  402,  230,  401,  418,  126,  541,  304,  487,  679,   19,  175,  197,  148,  586,  474,  750,  552,  344,  633,  351,  547,  373,  482,  712,  849,  718,  553,  823,  861,  763,  840,  843,  265,   90,  582,  394,  847,  763,  355,  869,  517,  843,  258],
        [  628,    0,  576,  447,  451,  364,  605,  290,  353,  791,  334,  604,  538,  430,  768,  757,  963,   97,  256,  749,    0,  471,  716,  485,  594,  575,  213,  601,  465,  755,  712,  297,  314,  827,  100,  757,  588,  402,  734,  447,  429,  863,  479,  156,  821,  477,  130,  782,  570,  736,  509,  868,  768,  667,  711,  440,  768,  884,  741,  799,  588,  389,  115,  670,  420,  163,  859,  210,  395,  344,  452,  376,  268,  538,   93,  518,  247,  107,  301,  497,  716,  319,  374,  398,  330,  512,  473,  347,  193,  789],
        [  209,    0,  134,  555,  534,  111,  555,  192,  820,  619,  770,  662,  764,  261,  807,  747,  735,  399,  228,  766,  471,    0,  410,  115,  377,  314,  643,  637,  830,  919,  850,  751,  182,  617,  389,  555,  175,   97,  790,  733,  225,  618,  840,  601, 1015,  511,  439,  547,  537,  972,  351,  843,  446,  513,  423,   88,  781,  815,  871,  724,  245,  310,  360,  341,  474,  349, 1034,  504,  594,  645,   55,  841,  204,  881,  444,   96,  706,  556,  229,  631,  788,  235,  585,  141,  780,  412,  114,  284,  344,  939],
        [  547,    0,  481,  483,  454,  477,  335,  539, 1000,  255,  900,  485,  694,  287,  563,  479,  329,  621,  566,  514,  716,  410,    0,  521,  144,  142,  795,  452,  869,  752,  678,  910,  550,  226,  678,  185,  535,  496,  564,  725,  291,  212,  873,  780,  854,  405,  751,  154,  346,  857,  227,  538,   53,  212,   28,  354,  522,  484,  686,  409,  166,  336,  640,   71,  418,  554,  854,  616,  576,  684,  372, 1010,  510,  884,  739,  484,  881,  822,  604,  537,  577,  401,  581,  545,  929,  269,  521,  372,  681,  756],
        [  145,    0,  101,  648,  629,  141,  665,  197,  837,  734,  805,  765,  848,  368,  915,  858,  847,  430,  229,  875,  485,  115,  521,    0,  492,  429,  678,  742,  888, 1015,  948,  778,  171,  731,  391,  670,  104,   91,  896,  805,  332,  730,  899,  629, 1108,  612,  422,  661,  645, 1059,  463,  955,  553,  627,  535,  198,  890,  929,  970,  838,  357,  409,  370,  451,  569,  394, 1130,  561,  676,  711,  167,  860,  235,  945,  436,   49,  729,  553,  195,  723,  893,  318,  664,   89,  809,  521,   12,  376,  321, 1037],
        [  555,    0,  481,  343,  314,  412,  221,  459,  861,  245,  759,  365,  558,  174,  471,  397,  386,  498,  479,  425,  594,  377,  144,  492,    0,   68,  656,  333,  726,  638,  564,  771,  477,  254,  568,  186,  533,  444,  465,  584,  192,  275,  730,  645,  740,  266,  644,  195,  222,  732,   88,  479,  194,  138,  128,  300,  436,  442,  575,  354,  163,  206,  530,  142,  275,  432,  746,  477,  433,  541,  327,  871,  419,  744,  627,  467,  743,  700,  530,  401,  473,  292,  438,  493,  788,  127,  490,  248,  586,  647],
        [  488,    0,  414,  380,  351,  357,  283,  411,  863,  306,  768,  422,  601,  146,  536,  463,  433,  479,  435,  490,  575,  314,  142,  429,   68,    0,  659,  391,  752,  695,  621,  775,  427,  307,  538,  243,  467,  385,  528,  616,  152,  318,  758,  641,  796,  307,  613,  241,  280,  783,  105,  546,  194,  205,  138,  240,  502,  509,  634,  421,   97,  198,  501,  107,  305,  412,  805,  481,  463,  563,  266,  875,  377,  776,  599,  401,  743,  681,  480,  444,  534,  261,  466,  435,  795,  167,  427,  230,  547,  706],
        [  821,    0,  761,  396,  414,  545,  591,  481,  206,  802,  128,  537,  394,  522,  685,  698,  981,  248,  452,  679,  213,  643,  795,  678,  656,  659,    0,  546,  260,  615,  588,  117,  510,  851,  310,  785,  781,  589,  648,  286,  535,  898,  274,   59,  663,  457,  336,  822,  556,  566,  569,  804,  847,  688,  782,  592,  697,  838,  618,  765,  699,  462,  316,  764,  411,  295,  706,  179,  308,  203,  612,  216,  446,  338,  300,  705,   90,  228,  507,  415,  624,  440,  288,  595,  141,  545,  667,  437,  405,  652],
        [  841,    0,  764,  156,  151,  620,  117,  626,  732,  309,  602,   33,  268,  377,  179,  157,  479,  525,  629,  151,  601,  637,  452,  742,  333,  391,  546,    0,  494,  305,  231,  640,  656,  373,  630,  329,  811,  667,  155,  342,  413,  434,  493,  566,  407,  139,  705,  381,  112,  406,  302,  268,  490,  248,  426,  550,  169,  292,  244,  221,  485,  335,  600,  473,  195,  483,  414,  402,  240,  358,  583,  731,  573,  482,  674,  732,  633,  695,  697,  139,  152,  439,  259,  708,  643,  234,  735,  375,  693,  315],
        [ 1027,    0,  959,  391,  419,  748,  582,  699,  320,  797,  193,  471,  244,  643,  572,  616,  972,  472,  676,  584,  465,  830,  869,  888,  726,  752,  260,  494,    0,  428,  429,  256,  731,  857,  557,  803,  988,  797,  534,  153,  668,  914,   15,  318,  447,  470,  592,  849,  554,  339,  649,  704,  918,  708,  849,  762,  599,  758,  457,  707,  819,  575,  554,  858,  452,  495,  495,  328,  294,  193,  789,  304,  654,   81,  555,  907,  289,  487,  739,  360,  506,  601,  288,  813,  236,  600,  878,  572,  652,  467],
        [ 1127,    0, 1050,  368,  387,  882,  420,  871,  741,  566,  606,  274,  222,  664,  227,  311,  703,  708,  864,  268,  755,  919,  752, 1015,  638,  695,  615,  305,  428,    0,   75,  664,  903,  632,  816,  608, 1094,  932,  205,  330,  700,  695,  418,  659,  102,  410,  879,  660,  417,  142,  602,  346,  787,  543,  726,  833,  271,  420,   72,  415,  789,  610,  794,  777,  447,  688,  116,  548,  368,  420,  866,  728,  816,  369,  843, 1013,  681,  823,  934,  294,  183,  699,  387,  968,  651,  534, 1008,  640,  898,   39],
        [ 1058,    0,  980,  304,  320,  817,  345,  809,  731,  496,  595,  199,  198,  593,  169,  246,  640,  658,  804,  203,  712,  850,  678,  948,  564,  621,  588,  231,  429,   75,    0,  648,  841,  562,  766,  535, 1025,  867,  140,  310,  629,  625,  422,  627,  177,  340,  833,  588,  342,  198,  529,  298,  713,  469,  651,  764,  210,  367,   31,  351,  715,  541,  743,  703,  380,  633,  186,  503,  318,  387,  796,  721,  755,  381,  797,  944,  660,  786,  875,  232,  115,  633,  339,  903,  640,  461,  941,  573,  845,   90],
        [  922,    0,  865,  496,  516,  650,  695,  581,   94,  909,   64,  627,  451,  638,  764,  787, 1088,  353,  550,  764,  297,  751,  910,  778,  771,  775,  117,  640,  256,  664,  648,    0,  608,  960,  396,  896,  881,  692,  726,  339,  652, 1009,  270,  151,  697,  562,  402,  934,  660,  592,  684,  889,  963,  798,  898,  704,  780,  929,  678,  860,  816,  578,  409,  880,  520,  406,  743,  295,  401,  283,  723,  100,  551,  336,  370,  808,   52,  271,  598,  503,  700,  555,  383,  693,   34,  658,  767,  554,  486,  702],
        [  315,    0,  264,  538,  524,   78,  602,   34,  667,  718,  637,  674,  717,  315,  834,  791,  859,  264,   59,  800,  314,  182,  550,  171,  477,  427,  510,  656,  731,  903,  841,  608,    0,  730,  222,  662,  274,   93,  810,  661,  288,  744,  743,  460,  990,  519,  260,  667,  575,  929,  420,  896,  593,  598,  557,  200,  817,  883,  866,  791,  388,  329,  200,  486,  467,  238, 1017,  408,  545,  562,  191,  690,   87,  792,  270,  206,  559,  386,   55,  610,  802,  219,  531,   85,  640,  464,  160,  284,  163,  929],
        [  770,    0,  702,  473,  449,  663,  275,  712, 1053,   66,  935,  402,  640,  425,  413,  325,  136,  733,  733,  367,  827,  617,  226,  731,  254,  307,  851,  373,  857,  632,  562,  960,  730,    0,  813,   71,  755,  692,  428,  705,  445,   64,  857,  852,  728,  400,  891,   73,  306,  758,  325,  348,  223,  164,  204,  546,  368,  280,  561,  228,  376,  444,  775,  292,  441,  670,  717,  677,  575,  696,  571, 1058,  672,  852,  870,  699,  941,  933,  783,  498,  449,  542,  588,  741,  971,  317,  730,  491,  838,  625],
        [  534,    0,  485,  482,  481,  279,  615,  200,  448,  783,  433,  638,  605,  396,  804,  782,  948,  109,  165,  780,  100,  389,  678,  391,  568,  538,  310,  630,  557,  816,  766,  396,  222,  813,    0,  742,  494,  312,  772,  523,  387,  842,  570,  255,  889,  497,   79,  761,  581,  810,  488,  893,  728,  658,  676,  371,  798,  900,  794,  812,  536,  369,   38,  625,  439,  151,  924,  270,  449,  419,  378,  472,  191,  627,   61,  427,  345,  167,  204,  541,  757,  278,  429,  303,  429,  504,  380,  322,   96,  848],
        [  717,    0,  646,  415,  389,  597,  222,  644,  989,   70,  873,  361,  594,  355,  399,  311,  206,  663,  663,  351,  757,  555,  185,  670,  186,  243,  785,  329,  803,  608,  535,  896,  662,   71,  742,    0,  700,  627,  408,  651,  376,  114,  804,  785,  706,  339,  820,   53,  249,  727,  255,  357,  198,   98,  159,  482,  355,  299,  538,  229,  319,  373,  705,  244,  376,  599,  700,  610,  516,  636,  508,  994,  603,  802,  800,  640,  875,  863,  715,  446,  426,  471,  528,  676,  908,  247,  668,  420,  768,  605],
        [   41,    0,   54,  730,  709,  240,  725,  301,  941,  767,  908,  836,  936,  435,  979,  916,  862,  533,  332,  937,  588,  175,  535,  104,  533,  467,  781,  811,  988, 1094, 1025,  881,  274,  755,  494,  700,    0,  192,  963,  899,  398,  746,  998,  732, 1189,  686,  521,  683,  709, 1145,  519, 1008,  559,  671,  554,  262,  951,  975, 1046,  886,  382,  485,  474,  465,  648,  495, 1209,  660,  765,  807,  229,  964,  337, 1042,  538,   83,  833,  655,  295,  805,  962,  405,  755,  191,  912,  583,  115,  458,  421, 1114],
        [  233,    0,  175,  565,  547,   51,  597,  112,  754,  688,  717,  688,  760,  300,  842,  790,  815,  342,  147,  804,  402,   97,  496,   91,  444,  385,  589,  667,  797,  932,  867,  692,   93,  692,  312,  627,  192,    0,  821,  715,  267,  698,  809,  542, 1024,  533,  353,  624,  575,  971,  401,  891,  534,  574,  506,  146,  820,  870,  890,  778,  330,  332,  288,  428,  488,  304, 1048,  470,  588,  620,  124,  777,  145,  854,  362,  117,  644,  477,  134,  640,  816,  234,  576,   50,  722,  455,   81,  295,  254,  956],
        [  992,    0,  915,  291,  295,  775,  246,  780,  814,  363,  678,  138,  291,  530,   39,  107,  501,  666,  781,   64,  734,  790,  564,  896,  465,  528,  648,  155,  534,  205,  140,  726,  810,  428,  772,  408,  963,  821,    0,  395,  566,  491,  529,  677,  300,  292,  846,  460,  256,  338,  448,  171,  594,  353,  537,  703,   71,  232,  134,  212,  624,  489,  744,  598,  346,  628,  293,  528,  347,  447,  736,  807,  726,  498,  813,  886,  729,  821,  850,  240,   29,  594,  368,  863,  722,  382,  890,  530,  841,  197],
        [  937,    0,  865,  244,  272,  664,  431,  628,  423,  644,  286,  320,  113,  519,  433,  470,  819,  422,  611,  440,  447,  733,  725,  805,  584,  616,  286,  342,  153,  330,  310,  339,  661,  705,  523,  651,  899,  715,  395,    0,  548,  762,  153,  332,  380,  323,  576,  699,  403,  290,  511,  563,  773,  557,  705,  657,  456,  613,  340,  557,  689,  452,  510,  720,  312,  425,  422,  259,  153,  105,  686,  414,  577,  161,  538,  817,  352,  501,  679,  207,  368,  498,  154,  739,  331,  458,  795,  458,  614,  368],
        [  429,    0,  352,  342,  318,  228,  333,  268,  735,  431,  653,  439,  561,   37,  583,  526,  577,  334,  288,  543,  429,  225,  291,  332,  192,  152,  535,  413,  668,  700,  629,  652,  288,  445,  387,  376,  398,  267,  566,  548,    0,  465,  676,  510,  797,  290,  461,  385,  314,  762,  135,  625,  341,  312,  290,  137,  558,  604,  649,  512,  165,   98,  350,  242,  259,  267,  814,  365,  399,  476,  170,  750,  228,  705,  448,  320,  615,  533,  340,  417,  564,  111,  395,  314,  675,  190,  327,  100,  397,  718],
        [  757,    0,  692,  528,  502,  674,  332,  729, 1102,  130,  986,  464,  701,  448,  475,  387,  118,  767,  751,  430,  863,  618,  212,  730,  275,  318,  898,  434,  914,  695,  625, 1009,  744,   64,  842,  114,  746,  698,  491,  762,  465,    0,  915,  896,  790,  453,  919,   81,  361,  821,  355,  405,  194,  212,  195,  554,  430,  334,  624,  289,  373,  476,  804,  282,  490,  703,  779,  722,  629,  749,  575, 1107,  692,  911,  901,  695,  988,  969,  798,  556,  512,  567,  641,  748, 1021,  357,  730,  521,  861,  687],
        [ 1038,    0,  970,  394,  422,  759,  583,  711,  332,  797,  207,  469,  239,  650,  566,  613,  971,  484,  688,  580,  479,  840,  873,  899,  730,  758,  274,  493,   15,  418,  422,  270,  743,  857,  570,  804,  998,  809,  529,  153,  676,  915,    0,  332,  435,  473,  606,  851,  555,  327,  654,  699,  922,  710,  853,  771,  594,  754,  449,  705,  825,  582,  567,  863,  456,  506,  483,  339,  298,  201,  798,  315,  665,   67,  569,  918,  304,  501,  751,  360,  500,  610,  293,  825,  249,  605,  889,  580,  665,  457],
        [  773,    0,  715,  412,  426,  500,  600,  432,  226,  806,  179,  560,  438,  500,  714,  721,  984,  203,  402,  705,  156,  601,  780,  629,  645,  641,   59,  566,  318,  659,  627,  151,  460,  852,  255,  785,  732,  542,  677,  332,  510,  896,  332,    0,  712,  465,  277,  818,  564,  618,  557,  829,  832,  689,  770,  555,  723,  858,  658,  781,  675,  444,  263,  745,  415,  257,  754,  175,  332,  241,  573,  243,  401,  396,  241,  658,  107,  172,  454,  440,  655,  409,  311,  545,  181,  540,  618,  415,  349,  696],
        [ 1223,    0, 1146,  461,  481,  973,  521,  957,  766,  662,  636,  375,  284,  761,  317,  404,  793,  782,  948,  361,  821, 1015,  854, 1108,  740,  796,  663,  407,  447,  102,  177,  697,  990,  728,  889,  706, 1189, 1024,  300,  380,  797,  790,  435,  712,    0,  508,  949,  759,  518,  111,  703,  424,  888,  643,  827,  929,  362,  501,  169,  506,  890,  706,  870,  879,  541,  769,   49,  619,  448,  479,  961,  750,  903,  376,  912, 1108,  721,  880, 1019,  385,  281,  791,  465, 1057,  680,  635, 1100,  733,  975,  104],
        [  719,    0,  641,   80,   51,  485,  135,  489,  656,  347,  535,  156,  294,  254,  317,  286,  527,  395,  490,  287,  477,  511,  405,  612,  266,  307,  457,  139,  470,  410,  340,  562,  519,  400,  497,  339,  686,  533,  292,  323,  290,  453,  473,  465,  508,    0,  574,  383,  100,  481,  204,  397,  452,  242,  383,  425,  305,  407,  360,  322,  393,  203,  465,  405,   59,  348,  524,  292,  178,  297,  457,  659,  435,  481,  544,  606,  546,  576,  559,  138,  284,  303,  189,  573,  572,  141,  605,  239,  557,  428],
        [  561,    0,  520,  556,  555,  329,  693,  248,  439,  862,  448,  712,  665,  472,  878,  859, 1026,  181,  212,  855,  130,  439,  751,  422,  644,  613,  336,  705,  592,  879,  833,  402,  260,  891,   79,  820,  521,  353,  846,  576,  461,  919,  606,  277,  949,  574,    0,  838,  659,  865,  566,  970,  800,  737,  751,  432,  873,  978,  862,  890,  605,  447,  116,  697,  515,  229,  986,  332,  515,  473,  435,  466,  252,  667,   38,  463,  351,  140,  227,  612,  829,  354,  495,  334,  436,  582,  411,  400,  101,  913],
        [  698,    0,  630,  460,  433,  598,  271,  651, 1026,  110,  913,  413,  645,  368,  450,  362,  193,  687,  672,  402,  782,  547,  154,  661,  195,  241,  822,  381,  849,  660,  588,  934,  667,   73,  761,   53,  683,  624,  460,  699,  385,   81,  851,  818,  759,  383,  838,    0,  296,  779,  274,  402,  155,  142,  131,  479,  406,  340,  590,  276,  305,  395,  723,  220,  416,  622,  752,  645,  560,  679,  503, 1033,  613,  851,  820,  628,  911,  888,  720,  495,  478,  486,  571,  674,  947,  279,  660,  440,  781,  657],
        [  737,    0,  660,  168,  145,  531,   36,  548,  754,  250,  632,  144,  353,  278,  271,  216,  429,  484,  554,  230,  570,  537,  346,  645,  222,  280,  556,  112,  554,  417,  342,  660,  575,  306,  581,  249,  709,  575,  256,  403,  314,  361,  555,  564,  518,  100,  659,  296,    0,  512,  193,  322,  388,  156,  322,  450,  246,  320,  355,  231,  374,  247,  548,  363,  152,  431,  526,  391,  269,  391,  482,  757,  496,  556,  632,  632,  646,  670,  620,  199,  258,  357,  283,  619,  669,  127,  640,  292,  633,  427],
        [ 1181,    0, 1105,  420,  445,  920,  522,  896,  658,  692,  530,  373,  213,  728,  364,  444,  838,  706,  884,  401,  736,  972,  857, 1059,  732,  783,  566,  406,  339,  142,  198,  592,  929,  758,  810,  727, 1145,  971,  338,  290,  762,  821,  327,  618,  111,  481,  865,  779,  512,    0,  683,  487,  896,  652,  831,  889,  407,  561,  208,  549,  872,  667,  795,  873,  504,  700,  160,  542,  385,  393,  921,  641,  843,  266,  828, 1063,  618,  788,  954,  346,  312,  741,  399, 1001,  573,  617, 1050,  689,  899,  171],
        [  546,    0,  469,  276,  247,  363,  206,  398,  774,  302,  673,  331,  497,  106,  462,  398,  460,  414,  414,  418,  509,  351,  227,  463,   88,  105,  569,  302,  649,  602,  529,  684,  420,  325,  488,  255,  519,  401,  448,  511,  135,  355,  654,  557,  703,  204,  566,  274,  193,  683,    0,  493,  279,  179,  214,  266,  432,  469,  545,  377,  189,  122,  451,  210,  200,  349,  714,  390,  359,  461,  297,  784,  353,  671,  547,  445,  656,  616,  471,  341,  451,  218,  362,  448,  702,   69,  458,  167,  514,  616],
        [ 1032,    0,  956,  423,  417,  849,  295,  869,  979,  293,  844,  269,  461,  591,  134,  112,  379,  791,  876,  126,  868,  843,  538,  955,  479,  546,  804,  268,  704,  346,  298,  889,  896,  348,  893,  357, 1008,  891,  171,  563,  625,  405,  699,  829,  424,  397,  970,  402,  322,  487,  493,    0,  554,  344,  511,  758,  109,   80,  281,  130,  640,  568,  862,  588,  455,  744,  400,  669,  498,  607,  789,  973,  817,  668,  939,  936,  888,  962,  941,  390,  199,  678,  519,  936,  887,  437,  950,  614,  952,  324],
        [  567,    0,  506,  530,  502,  518,  374,  584, 1052,  264,  952,  523,  738,  339,  590,  504,  307,  672,  612,  541,  768,  446,   53,  553,  194,  194,  847,  490,  918,  787,  713,  963,  593,  223,  728,  198,  559,  534,  594,  773,  341,  194,  922,  832,  888,  452,  800,  155,  388,  896,  279,  554,    0,  245,   69,  395,  547,  494,  719,  426,  206,  389,  690,  108,  467,  605,  886,  668,  624,  735,  411, 1062,  557,  932,  788,  514,  933,  873,  647,  582,  609,  452,  631,  583,  981,  318,  554,  423,  728,  788],
        [  692,    0,  618,  319,  292,  539,  134,  577,  891,  126,  775,  281,  506,  285,  352,  270,  297,  574,  593,  304,  667,  513,  212,  627,  138,  205,  688,  248,  708,  543,  469,  798,  598,  164,  658,   98,  671,  574,  353,  557,  312,  212,  710,  689,  643,  242,  737,  142,  156,  652,  179,  344,  245,    0,  185,  433,  313,  305,  475,  217,  297,  291,  621,  250,  279,  512,  643,  514,  419,  539,  461,  896,  532,  711,  714,  603,  778,  772,  649,  355,  366,  395,  431,  622,  810,  156,  624,  339,  691,  545],
        [  567,    0,  500,  462,  433,  484,  309,  544,  988,  229,  886,  459,  671,  283,  535,  451,  312,  615,  570,  487,  711,  423,   28,  535,  128,  138,  782,  426,  849,  726,  651,  898,  557,  204,  676,  159,  554,  506,  537,  705,  290,  195,  853,  770,  827,  383,  751,  131,  322,  831,  214,  511,   69,  185,    0,  362,  494,  457,  659,  381,  179,  327,  639,   89,  399,  548,  827,  603,  556,  667,  382,  997,  512,  864,  737,  501,  869,  817,  611,  514,  550,  399,  563,  555,  915,  250,  535,  365,  684,  729],
        [  295,    0,  218,  470,  448,  124,  469,  194,  779,  544,  717,  575,  683,  174,  720,  661,  670,  357,  226,  679,  440,   88,  354,  198,  300,  240,  592,  550,  762,  833,  764,  704,  200,  546,  371,  482,  262,  146,  703,  657,  137,  554,  771,  555,  929,  425,  432,  479,  450,  889,  266,  758,  395,  433,  362,    0,  694,  732,  784,  641,  190,  224,  337,  288,  388,  299,  948,  440,  515,  573,   33,  797,  181,  808,  430,  183,  661,  534,  253,  546,  701,  162,  507,  195,  731,  325,  193,  202,  347,  853],
        [  978,    0,  901,  321,  318,  775,  227,  788,  870,  304,  736,  164,  356,  523,   46,   44,  433,  693,  792,   19,  768,  781,  522,  890,  436,  502,  697,  169,  599,  271,  210,  780,  817,  368,  798,  355,  951,  820,   71,  456,  558,  430,  594,  723,  362,  305,  873,  406,  246,  407,  432,  109,  547,  313,  494,  694,    0,  162,  201,  145,  598,  490,  768,  561,  362,  651,  350,  565,  391,  499,  726,  865,  735,  567,  842,  876,  780,  859,  860,  283,   99,  599,  412,  863,  779,  369,  885,  534,  861,  259],
        [  996,    0,  922,  447,  436,  831,  288,  858, 1020,  231,  887,  302,  516,  572,  199,  144,  301,  801,  869,  175,  884,  815,  484,  929,  442,  509,  838,  292,  758,  420,  367,  929,  883,  280,  900,  299,  975,  870,  232,  613,  604,  334,  754,  858,  501,  407,  978,  340,  320,  561,  469,   80,  494,  305,  457,  732,  162,    0,  353,   93,  599,  558,  867,  539,  465,  750,  479,  692,  531,  646,  762, 1017,  809,  728,  950,  907,  924,  981,  931,  426,  261,  669,  551,  917,  930,  420,  925,  606,  952,  401],
        [ 1077,    0, 1000,  329,  344,  840,  355,  834,  760,  495,  624,  214,  227,  612,  157,  240,  633,  686,  830,  197,  741,  871,  686,  970,  575,  634,  618,  244,  457,   72,   31,  678,  866,  561,  794,  538, 1046,  890,  134,  340,  649,  624,  449,  658,  169,  360,  862,  590,  355,  208,  545,  281,  719,  475,  659,  784,  201,  353,    0,  344,  729,  562,  771,  713,  402,  660,  171,  532,  347,  418,  817,  750,  780,  407,  826,  965,  691,  816,  900,  258,  112,  657,  367,  927,  669,  476,  963,  595,  873,   72],
        [  908,    0,  834,  369,  356,  738,  198,  766,  953,  168,  823,  239,  470,  480,  190,  105,  290,  714,  777,  148,  799,  724,  409,  838,  354,  421,  765,  221,  707,  415,  351,  860,  791,  228,  812,  229,  886,  778,  212,  557,  512,  289,  705,  781,  506,  322,  890,  276,  231,  549,  377,  130,  426,  217,  381,  641,  145,   93,  344,    0,  513,  466,  778,  459,  379,  661,  492,  611,  460,  579,  671,  952,  717,  685,  862,  816,  853,  898,  839,  360,  237,  577,  479,  825,  864,  328,  834,  514,  861,  403],
        [  400,    0,  328,  461,  433,  313,  379,  380,  900,  386,  816,  516,  684,  180,  632,  559,  491,  495,  409,  586,  588,  245,  166,  357,  163,   97,  699,  485,  819,  789,  715,  816,  388,  376,  536,  319,  382,  330,  624,  689,  165,  373,  825,  675,  890,  393,  605,  305,  374,  872,  189,  640,  206,  297,  179,  190,  598,  599,  729,  513,    0,  246,  499,   99,  382,  429,  899,  527,  536,  627,  206,  914,  357,  849,  597,  324,  780,  690,  442,  529,  630,  271,  536,  379,  838,  256,  357,  263,  528,  800],
        [  518,    0,  441,  248,  225,  286,  273,  302,  666,  416,  573,  357,  464,   68,  511,  463,  579,  293,  312,  474,  389,  310,  336,  409,  206,  198,  462,  335,  575,  610,  541,  578,  329,  444,  369,  373,  485,  332,  489,  452,   98,  476,  582,  444,  706,  203,  447,  395,  247,  667,  122,  568,  389,  291,  327,  224,  490,  558,  562,  466,  246,    0,  332,  303,  165,  228,  725,  285,  302,  383,  256,  678,  252,  610,  427,  404,  546,  495,  375,  323,  485,  112,  299,  374,  599,  140,  402,   50,  402,  630],
        [  514,    0,  462,  454,  451,  252,  581,  176,  468,  747,  442,  608,  587,  358,  775,  751,  910,   89,  142,  750,  115,  360,  640,  370,  530,  501,  316,  600,  554,  794,  743,  409,  200,  775,   38,  705,  474,  288,  744,  510,  350,  804,  567,  263,  870,  465,  116,  723,  548,  795,  451,  862,  690,  621,  639,  337,  768,  867,  771,  778,  499,  332,    0,  588,  407,  118,  904,  253,  426,  406,  346,  491,  159,  622,   99,  404,  360,  198,  191,  516,  729,  240,  408,  284,  441,  467,  359,  285,  105,  826],
        [  478,    0,  412,  481,  452,  411,  358,  477,  967,  314,  874,  505,  699,  245,  600,  519,  399,  575,  505,  552,  670,  341,   71,  451,  142,  107,  764,  473,  858,  777,  703,  880,  486,  292,  625,  244,  465,  428,  598,  720,  242,  282,  863,  745,  879,  405,  697,  220,  363,  873,  210,  588,  108,  250,   89,  288,  561,  539,  713,  459,   99,  303,  588,    0,  409,  508,  883,  587,  568,  669,  304,  980,  451,  880,  686,  414,  848,  774,  540,  542,  608,  352,  571,  477,  900,  265,  451,  331,  622,  784],
        [  682,    0,  605,   84,   61,  439,  188,  437,  613,  392,  498,  208,  305,  225,  373,  344,  571,  337,  436,  344,  420,  474,  418,  569,  275,  305,  411,  195,  452,  447,  380,  520,  467,  441,  439,  376,  648,  488,  346,  312,  259,  490,  456,  415,  541,   59,  515,  416,  152,  504,  200,  455,  467,  279,  399,  388,  362,  465,  402,  379,  382,  165,  407,  409,    0,  290,  562,  240,  160,  269,  421,  618,  382,  472,  486,  567,  501,  519,  506,  158,  336,  255,  164,  525,  532,  150,  562,  194,  499,  469],
        [  535,    0,  471,  339,  335,  256,  465,  206,  482,  637,  422,  492,  489,  267,  658,  634,  805,   68,  186,  633,  163,  349,  554,  394,  432,  412,  295,  483,  495,  688,  633,  406,  238,  670,  151,  599,  495,  304,  628,  425,  267,  703,  506,  257,  769,  348,  229,  622,  431,  700,  349,  744,  605,  512,  548,  299,  651,  750,  660,  661,  429,  228,  118,  508,  290,    0,  800,  170,  322,  324,  318,  499,  160,  555,  203,  416,  363,  269,  255,  404,  615,  159,  305,  319,  434,  357,  384,  184,  214,  718],
        [ 1242,    0, 1165,  484,  502,  998,  526,  985,  814,  653,  682,  384,  322,  778,  305,  393,  774,  817,  977,  351,  859, 1034,  854, 1130,  746,  805,  706,  414,  495,  116,  186,  743, 1017,  717,  924,  700, 1209, 1048,  293,  422,  814,  779,  483,  754,   49,  524,  986,  752,  526,  160,  714,  400,  886,  643,  827,  948,  350,  479,  171,  492,  899,  725,  904,  883,  562,  800,    0,  655,  479,  519,  981,  798,  930,  425,  949, 1128,  766,  921, 1048,  409,  278,  814,  497, 1083,  727,  646, 1123,  755, 1008,  100],
        [  700,    0,  632,  247,  256,  421,  426,  375,  385,  631,  289,  401,  336,  348,  562,  559,  810,  165,  355,  547,  210,  504,  616,  561,  477,  481,  179,  402,  328,  548,  503,  295,  408,  677,  270,  610,  660,  470,  528,  259,  365,  722,  339,  175,  619,  292,  332,  645,  391,  542,  390,  669,  668,  514,  603,  440,  565,  692,  532,  611,  527,  285,  253,  587,  240,  170,  655,    0,  186,  156,  465,  395,  328,  385,  296,  579,  267,  294,  422,  289,  508,  280,  165,  488,  314,  367,  551,  265,  358,  581],
        [  802,    0,  728,  102,  128,  537,  301,  512,  493,  518,  366,  230,  173,  369,  383,  391,  697,  340,  501,  373,  395,  594,  576,  676,  433,  463,  308,  240,  294,  368,  318,  401,  545,  575,  449,  516,  765,  588,  347,  153,  399,  629,  298,  332,  448,  178,  515,  560,  269,  385,  359,  498,  624,  419,  556,  515,  391,  531,  347,  460,  536,  302,  426,  568,  160,  322,  479,  186,    0,  123,  545,  493,  459,  314,  480,  682,  394,  476,  572,  109,  326,  360,   22,  617,  406,  307,  667,  313,  530,  400],
