{
    "name": "random-88-7501",
    "comment": "size=88 seed=7501",
    "nodes": ["+0", "-0", "+1", "-1", "+2", "-2", "+3", "-3", "+4", "-4", "+5", "-5", "+6", "-6", "+7", "-7", "+8", "-8", "+9", "-9", "+10", "-10", "+11", "-11", "+12", "-12", "+13", "-13", "+14", "-14", "+15", "-15", "+16", "-16", "+17", "-17", "+18", "-18", "+19", "-19", "+20", "-20", "+21", "-21", "+22", "-22", "+23", "-23", "+24", "-24", "+25", "-25", "+26", "-26", "+27", "-27", "+28", "-28", "+29", "-29", "+30", "-30", "+31", "-31", "+32", "-32", "+33", "-33", "+34", "-34", "+35", "-35", "+36", "-36", "+37", "-37", "+38", "-38", "+39", "-39", "+40", "-40", "+41", "-41", "+42", "-42", "+43", "-43", "+44", "-44", "+45", "-45", "+46", "-46", "+47", "-47", "+48", "-48", "+49", "-49", "+50", "-50", "+51", "-51", "+52", "-52", "+53", "-53", "+54", "-54", "+55", "-55", "+56", "-56", "+57", "-57", "+58", "-58", "+59", "-59", "+60", "-60", "+61", "-61", "+62", "-62", "+63", "-63", "+64", "-64", "+65", "-65", "+66", "-66", "+67", "-67", "+68", "-68", "+69", "-69", "+70", "-70", "+71", "-71", "+72", "-72", "+73", "-73", "+74", "-74", "+75", "-75", "+76", "-76", "+77", "-77", "+78", "-78", "+79", "-79", "+80", "-80", "+81", "-81", "+82", "-82", "+83", "-83", "+84", "-84", "+85", "-85", "+86", "-86", "+87", "-87", "+88", "-88"],
    "precedence": {
        "+0": "-0",
        "+1": "-1",
        "+2": "-2",
        "+3": "-3",
        "+4": "-4",
        "+5": "-5",
        "+6": "-6",
        "+7": "-7",
        "+8": "-8",
        "+9": "-9",
        "+10": "-10",
        "+11": "-11",
        "+12": "-12",
        "+13": "-13",
        "+14": "-14",
        "+15": "-15",
        "+16": "-16",
        "+17": "-17",
        "+18": "-18",
        "+19": "-19",
        "+20": "-20",
        "+21": "-21",
        "+22": "-22",
        "+23": "-23",
        "+24": "-24",
        "+25": "-25",
        "+26": "-26",
        "+27": "-27",
        "+28": "-28",
        "+29": "-29",
        "+30": "-30",
        "+31": "-31",
        "+32": "-32",
        "+33": "-33",
        "+34": "-34",
        "+35": "-35",
        "+36": "-36",
        "+37": "-37",
        "+38": "-38",
        "+39": "-39",
        "+40": "-40",
        "+41": "-41",
        "+42": "-42",
        "+43": "-43",
        "+44": "-44",
        "+45": "-45",
        "+46": "-46",
        "+47": "-47",
        "+48": "-48",
        "+49": "-49",
        "+50": "-50",
        "+51": "-51",
        "+52": "-52",
        "+53": "-53",
        "+54": "-54",
        "+55": "-55",
        "+56": "-56",
        "+57": "-57",
        "+58": "-58",
        "+59": "-59",
        "+60": "-60",
        "+61": "-61",
        "+62": "-62",
        "+63": "-63",
        "+64": "-64",
        "+65": "-65",
        "+66": "-66",
        "+67": "-67",
        "+68": "-68",
        "+69": "-69",
        "+70": "-70",
        "+71": "-71",
        "+72": "-72",
        "+73": "-73",
        "+74": "-74",
        "+75": "-75",
        "+76": "-76",
        "+77": "-77",
        "+78": "-78",
        "+79": "-79",
        "+80": "-80",
        "+81": "-81",
        "+82": "-82",
        "+83": "-83",
        "+84": "-84",
        "+85": "-85",
        "+86": "-86",
        "+87": "-87",
        "+88": "-88"
    },
    "edges": [
        [    0,    0,  230,  670,  967,  390,  551,  429,  694,  418,  309,  573,  409,  514,  561,  587,  383,  721,  610,  676,  590,  156,  276,  713,  625,  690,  202,  846,  163,  360,  650,  561,  621,  433,  431,  606,  400,  723,  290,  360,  137,  192,  510,  923,  810,  442,  241,  543,  558,  203,  787,  427,  367,  771,  193,  402,  742,   42,  300,  187,  311,   60,  715,  700,  509,  444,  619,  193,  681,  831,  673,  217,  993,  573,  413,  126,  232,  242,  664,  603,  544,  243,  441,  162,  194,  512,  512,  687,  608,  364,  744,  617,  580,  431,   80,  396,  934,  423,  261,    8,  799,  310,  563,  420,  464,  916,  634,  210,  728,  369,  594,  437,  439,  393,  362,  622,  293,  394,  510,  294,  775,  932,  448,  253,  229,   73,  703,  515,  426,  425,  587,  535,  288,  397,  692,  637,  170,  704,  329,  896,  747,  194,  708,  590,  662,  828,  490,  721,  668,  429,  642,  350,  612,  132,  664,  561,  514,  517,  761,  805,  542,  107,  808,  318,  677,  160,  665,  736,  649,  250,  664,  122,  654,  609,  857,  622,  298,  231],
        [    0,    0,    0,    0,    0,    0,    0,    0,    0,    0,    0,    0,    0,    0,    0,    0,    0,    0,    0,    0,    0,    0,    0,    0,    0,    0,    0,    0,    0,    0,    0,    0,    0,    0,    0,    0,    0,    0,    0,    0,    0,    0,    0,    0,    0,    0,    0,    0,    0,    0,    0,    0,    0,    0,    0,    0,    0,    0,    0,    0,    0,    0,    0,    0,    0,    0,    0,    0,    0,    0,    0,    0,    0,    0,    0,    0,    0,    0,    0,    0,    0,    0,    0,    0,    0,    0,    0,    0,    0,    0,    0,    0,    0,    0,    0,    0,    0,    0,    0,    0,    0,    0,    0,    0,    0,    0,    0,    0,    0,    0,    0,    0,    0,    0,    0,    0,    0,    0,    0,    0,    0,    0,    0,    0,    0,    0,    0,    0,    0,    0,    0,    0,    0,    0,    0,    0,    0,    0,    0,    0,    0,    0,    0,    0,    0,    0,    0,    0,    0,    0,    0,    0,    0,    0,    0,    0,    0,    0,    0,    0,    0,    0,    0,    0,    0,    0,    0,    0,    0,    0,    0,    0,    0,    0,    0,    0,    0,    0],
        [  230,    0,    0,  613,  919,  160,  484,  641,  631,  625,  478,  663,  621,  336,  723,  365,  553,  710,  683,  544,  619,  382,  500,  810,  803,  586,  417,  875,  301,  262,  571,  377,  681,  639,  318,  517,  170,  665,  482,  517,  128,  383,  411,  894,  981,  440,  419,  554,  330,  161,  828,  242,  263,  946,  420,  230,  843,  231,  484,  278,  513,  198,  649,  553,  470,  515,  451,   58,  818,  816,  452,  446,  938,  366,  525,  109,  443,   24,  826,  781,  355,  472,  643,  121,  423,  529,  283,  484,  651,  135,  908,  416,  435,  246,  230,  322,  929,  565,  471,  223,  853,  386,  579,  499,  235,  914,  777,  410,  626,  596,  446,  614,  616,  216,  256,  758,  425,  172,  620,   93,  775,  871,  570,  480,  457,  299,  845,  665,  198,  561,  482,  425,  505,  547,  611,  438,  160,  478,  112,  868,  880,  417,  774,  445,  648,  771,  266,  814,  444,  492,  491,  447,  580,  354,  535,  442,  601,  382,  886,  780,  543,  286,  983,  158,  801,  354,  852,  876,  732,  412,  800,  324,  507,  624,  778,  394,  528,  434],
        [  670,    0,  613,    0,  306,  614,  130,  770,   30,  741,  975,  406,  762,  390,  631,  579,  590,  156,  363,  227,  236,  778,  757,  484,  733,  139,  841,  354,  828,  352,   70,  405,  329,  741,  304,  121,  635,   54,  945,  548,  693,  856,  213,  286,  823,  242,  908,  200,  621,  490,  350,  441,  351,  814,  800,  424,  515,  707,  960,  495,  955,  612,   50,  280,  162,  351,  347,  578,  605,  228,  600,  799,  328,  493,  445,  650,  672,  592,  688,  718,  424,  825,  731,  548,  755,  223,  633,  496,  278,  609,  749,  466,  280,  437,  593,  293,  344,  519,  899,  667,  398,  407,  206,  370,  611,  333,  602,  635,  145,  839,  285,  632,  632,  438,  358,  571,  494,  560,  449,  536,  222,  263,  471,  848,  817,  677,  640,  570,  596,  503,  171,  216,  721,  538,   73,  465,  745,  661,  675,  262,  633,  708,  383,  278,  125,  160,  567,  476,  622,  340,  287,  421,   82,  772,  216,  218,  385,  282,  610,  185,  182,  599,  841,  462,  558,  616,  793,  648,  408,  556,  591,  629,  273,  199,  193,  648,  834,  649],
        [  967,    0,  919,  306,    0,  909,  435,  994,  289,  966, 1268,  569,  991,  667,  801,  839,  818,  268,  510,  451,  427, 1063, 1017,  570,  890,  365, 1127,  314, 1128,  657,  352,  668,  475,  962,  606,  409,  930,  254, 1233,  784,  999, 1148,  512,   89,  921,  527, 1201,  442,  890,  794,  368,  733,  656,  928, 1081,  721,  587, 1006, 1249,  786, 1239,  911,  272,  486,  461,  588,  592,  884,  721,  179,  838, 1075,   34,  753,  674,  955,  937,  897,  823,  881,  692, 1099,  948,  853, 1031,  473,  911,  719,  443,  906,  861,  712,  545,  729,  889,  599,  183,  737, 1183,  965,  413,  682,  430,  612,  896,  194,  739,  903,  334, 1087,  544,  844,  843,  735,  664,  711,  755,  854,  638,  839,  249,   66,  683, 1124, 1093,  967,  751,  754,  887,  722,  453,  508,  976,  763,  317,  705, 1050,  896,  976,  105,  721,  981,  466,  539,  316,  149,  847,  556,  864,  587,  525,  677,  356, 1061,  449,  500,  580,  568,  687,  178,  436,  888,  944,  766,  671,  895,  945,  744,  528,  820,  714,  913,  506,  393,  175,  904, 1098,  913],
        [  390,    0,  160,  614,  909,    0,  490,  792,  625,  774,  623,  755,  773,  257,  849,  215,  688,  737,  763,  488,  678,  542,  657,  899,  936,  552,  575,  920,  448,  290,  559,  281,  754,  787,  314,  501,   23,  662,  633,  648,  279,  536,  402,  900, 1107,  496,  568,  606,  173,  274,  883,  177,  285, 1075,  580,  191,  934,  390,  633,  407,  666,  354,  639,  482,  499,  606,  366,  204,  929,  834,  301,  606,  924,  240,  636,  268,  595,  150,  950,  914,  255,  632,  790,  260,  582,  587,  123,  356,  716,   26, 1032,  296,  378,  181,  382,  351,  951,  687,  627,  382,  915,  492,  633,  595,   77,  938,  892,  560,  589,  754,  384,  750,  752,  177,  279,  870,  551,   56,  725,  126,  806,  854,  683,  639,  617,  457,  959,  787,   44,  680,  457,  402,  659,  674,  593,  317,  297,  321,   97,  875,  988,  574,  847,  386,  677,  761,  120,  900,  291,  581,  422,  556,  601,  513,  482,  410,  694,  343,  989,  794,  591,  437, 1112,  179,  906,  505,  988,  987,  816,  551,  911,  477,  440,  674,  751,  236,  688,  585],
        [  551,    0,  484,  130,  435,  490,    0,  702,  149,  674,  858,  401,  691,  285,  602,  479,  527,  251,  374,  201,  250,  669,  665,  511,  706,  158,  730,  445,  705,  222,  100,  310,  348,  677,  177,   73,  512,  182,  832,  481,  566,  739,   93,  413,  822,  157,  790,  184,  514,  364,  423,  321,  222,  806,  693,  300,  545,  586,  845,  384,  845,  492,  168,  252,   69,  302,  274,  449,  606,  345,  513,  696,  456,  396,  390,  523,  580,  462,  675,  688,  325,  722,  668,  422,  653,  190,  519,  425,  297,  483,  745,  381,  197,  318,  476,  165,  462,  467,  789,  547,  465,  316,  204,  314,  494,  449,  592,  540,  191,  754,  208,  577,  577,  313,  229,  563,  410,  437,  422,  407,  321,  390,  426,  744,  713,  564,  642,  537,  476,  452,   96,  110,  634,  479,  143,  385,  617,  574,  547,  388,  646,  608,  424,  199,  196,  288,  453,  506,  533,  283,  231,  346,  117,  659,  186,  127,  361,  175,  631,  305,  161,  488,  837,  333,  565,  514,  767,  657,  427,  466,  591,  521,  224,  226,  307,  549,  739,  557],
        [  429,    0,  641,  770,  994,  792,  702,    0,  799,   29,  501,  435,   21,  822,  251,  957,  180,  729,  495,  891,  569,  334,  168,  511,  250,  859,  365,  751,  507,  628,  789,  872,  527,   35,  687,  774,  806,  810,  440,  223,  566,  432,  719,  921,  430,  546,  465,  574,  944,  531,  680,  763,  638,  385,  310,  730,  523,  452,  463,  401,  414,  444,  819,  934,  635,  420,  898,  590,  396,  820, 1035,  275, 1026,  917,  327,  549,  199,  645,  323,  233,  865,  273,   52,  532,  262,  548,  906, 1012,  552,  767,  384,  944,  833,  765,  412,  620,  884,  258,  378,  436,  663,  394,  577,  400,  858,  865,  347,  232,  888,  138,  848,  153,  154,  727,  638,  356,  298,  779,  359,  673,  750,  986,  311,  293,  282,  357,  398,  260,  819,  273,  782,  753,  142,  234,  825,  960,  593, 1078,  749,  896,  454,  238,  572,  841,  691,  893,  868,  525, 1038,  430,  891,  357,  690,  363,  876,  782,  414,  772,  485,  816,  589,  356,  419,  660,  423,  288,  266,  433,  498,  260,  387,  318,  894,  606,  954, 1007,  215,  207],
        [  694,    0,  631,   30,  289,  625,  149,  799,    0,  770, 1000,  433,  791,  394,  659,  580,  619,  169,  389,  216,  262,  805,  785,  507,  761,  124,  867,  364,  851,  369,   69,  405,  354,  771,  318,  126,  646,   38,  971,  577,  714,  881,  225,  277,  848,  270,  933,  229,  624,  511,  365,  450,  368,  840,  827,  435,  538,  731,  985,  521,  982,  636,   22,  267,  188,  380,  343,  597,  630,  228,  596,  826,  309,  493,  474,  671,  701,  609,  715,  746,  426,  852,  760,  570,  783,  253,  638,  489,  303,  620,  775,  463,  279,  446,  618,  313,  341,  549,  926,  691,  414,  435,  234,  400,  618,  332,  628,  663,  123,  868,  283,  661,  661,  449,  375,  598,  523,  570,  477,  551,  231,  242,  500,  876,  844,  703,  666,  599,  605,  533,  174,  224,  750,  567,   54,  461,  765,  657,  689,  254,  657,  736,  404,  276,  147,  141,  572,  498,  619,  369,  280,  450,  111,  798,  206,  222,  413,  288,  634,  183,  211,  625,  867,  477,  583,  644,  821,  672,  432,  584,  617,  655,  265,  225,  165,  648,  863,  677],
        [  418,    0,  625,  741,  966,  774,  674,   29,  770,    0,  508,  408,   30,  798,  230,  936,  152,  700,  467,  864,  540,  333,  168,  487,  240,  831,  368,  725,  504,  604,  761,  848,  499,   18,  662,  746,  789,  781,  448,  194,  554,  434,  692,  892,  423,  518,  469,  546,  924,  510,  654,  740,  613,  379,  311,  707,  501,  443,  471,  380,  424,  429,  790,  907,  607,  391,  873,  573,  377,  791, 1013,  277,  998,  894,  298,  536,  186,  628,  309,  222,  842,  278,   33,  514,  260,  519,  888,  988,  524,  749,  374,  920,  807,  743,  396,  595,  857,  229,  385,  424,  638,  367,  548,  371,  840,  837,  327,  215,  859,  155,  822,  125,  127,  704,  614,  334,  271,  760,  332,  654,  721,  957,  283,  300,  286,  347,  380,  235,  801,  245,  755,  726,  135,  205,  797,  936,  584, 1057,  734,  868,  436,  230,  546,  815,  662,  864,  848,  501, 1016,  401,  865,  329,  661,  360,  849,  755,  386,  746,  466,  788,  561,  340,  415,  639,  401,  271,  263,  415,  472,  236,  366,  304,  867,  577,  925,  986,  224,  191],
        [  309,    0,  478,  975, 1268,  623,  858,  501, 1000,  508,    0,  814,  484,  804,  722,  837,  564, 1013,  863,  982,  871,  215,  346,  938,  747,  999,  155, 1116,  178,  666,  958,  848,  881,  525,  738,  915,  624, 1028,   62,  565,  351,  120,  818, 1218,  930,  741,   69,  833,  794,  509, 1051,  711,  673,  885,  214,  693,  961,  278,   40,  482,   97,  369, 1022, 1004,  814,  711,  915,  468,  864, 1122,  924,  239, 1295,  844,  654,  379,  384,  499,  813,  729,  828,  232,  540,  460,  273,  802,  741,  961,  879,  600,  881,  894,  883,  716,  383,  705, 1218,  633,  124,  314, 1054,  591,  850,  686,  699, 1200,  813,  399, 1037,  371,  896,  593,  596,  680,  668,  812,  540,  647,  740,  565, 1062, 1235,  675,  209,  226,  302,  876,  700,  665,  641,  895,  843,  390,  601, 1000,  915,  327,  942,  534, 1191,  929,  324,  959,  893,  956, 1132,  739,  949,  913,  702,  944,  613,  914,  210,  970,  868,  764,  821,  953, 1100,  835,  380,  919,  609,  876,  385,  766,  911,  891,  477,  851,  360,  957,  895, 1164,  855,  287,  402],
        [  573,    0,  663,  406,  569,  755,  401,  435,  433,  408,  814,    0,  435,  644,  235,  830,  273,  314,   60,  598,  171,  600,  498,  147,  332,  531,  660,  319,  727,  479,  452,  683,   95,  401,  496,  465,  776,  430,  765,  255,  671,  705,  468,  491,  422,  282,  755,  219,  846,  503,  249,  634,  487,  410,  603,  602,  181,  614,  785,  403,  757,  538,  449,  650,  338,  150,  667,  608,  206,  391,  884,  585,  602,  759,  163,  632,  435,  652,  283,  320,  690,  602,  386,  548,  545,  212,  832,  813,  135,  737,  347,  759,  590,  634,  501,  430,  450,  191,  705,  575,  242,  280,  204,  165,  792,  430,  197,  416,  547,  546,  603,  283,  281,  608,  492,  166,  283,  715,   79,  634,  321,  570,  141,  628,  601,  535,  242,  186,  761,  179,  496,  497,  452,  223,  475,  768,  721,  941,  766,  468,  249,  492,  146,  594,  294,  489,  773,  152,  898,  174,  630,  226,  329,  611,  583,  521,   63,  549,  240,  395,  242,  468,  439,  577,  166,  436,  391,  257,   78,  340,  191,  469,  624,  209,  562,  896,  580,  415],
        [  409,    0,  621,  762,  991,  773,  691,   21,  791,   30,  484,  435,    0,  807,  260,  939,  174,  725,  494,  879,  565,  315,  149,  517,  265,  848,  346,  753,  487,  612,  780,  856,  526,   44,  672,  763,  787,  803,  423,  214,  545,  413,  706,  918,  447,  535,  446,  568,  925,  513,  682,  746,  622,  402,  290,  713,  530,  432,  446,  384,  398,  424,  811,  922,  624,  413,  884,  570,  406,  817, 1018,  256, 1022,  900,  321,  529,  179,  625,  336,  248,  849,  254,   61,  513,  242,  540,  888,  996,  549,  748,  399,  927,  819,  748,  392,  606,  884,  254,  361,  415,  666,  381,  571,  392,  840,  865,  356,  213,  878,  126,  834,  153,  155,  710,  622,  364,  285,  761,  358,  654,  747,  981,  308,  276,  264,  337,  409,  264,  801,  269,  770,  740,  121,  229,  816,  944,  573, 1061,  729,  894,  465,  218,  574,  827,  685,  887,  850,  530, 1020,  422,  878,  346,  682,  343,  864,  769,  411,  758,  495,  813,  582,  337,  437,  642,  430,  268,  284,  444,  500,  244,  396,  298,  881,  601,  947,  988,  198,  188],
        [  514,    0,  336,  390,  667,  257,  285,  822,  394,  798,  804,  644,  807,    0,  801,  196,  675,  533,  633,  231,  520,  665,  729,  773,  901,  303,  715,  729,  629,  196,  326,   51,  613,  807,  151,  270,  275,  431,  797,  628,  458,  697,  193,  669, 1046,  363,  740,  448,  232,  319,  706,   95,  186, 1023,  699,  112,  808,  534,  804,  427,  823,  458,  405,  226,  322,  510,  115,  336,  842,  617,  241,  716,  678,  116,  574,  426,  650,  314,  891,  880,   47,  744,  805,  353,  680,  440,  245,  190,  565,  263,  969,  123,  124,   90,  466,  221,  733,  643,  774,  507,  747,  445,  472,  509,  231,  723,  817,  608,  338,  828,  128,  735,  737,  124,  185,  790,  533,  204,  640,  244,  603,  608,  619,  759,  731,  561,  877,  734,  227,  631,  221,  177,  714,  642,  353,  138,  496,  298,  344,  647,  892,  652,  697,  131,  480,  522,  181,  771,  256,  485,  165,  502,  400,  644,  227,  173,  591,  111,  883,  574,  427,  506, 1057,  197,  808,  562,  959,  898,  687,  563,  825,  549,  184,  503,  502,  265,  784,  631],
        [  561,    0,  723,  631,  801,  849,  602,  251,  659,  230,  722,  235,  260,  801,    0,  970,  178,  549,  292,  803,  401,  525,  377,  269,  104,  747,  573,  526,  685,  613,  670,  847,  328,  217,  652,  672,  867,  660,  664,  207,  687,  633,  650,  720,  259,  457,  675,  435,  973,  576,  456,  767,  622,  227,  513,  733,  276,  596,  687,  446,  645,  549,  677,  853,  535,  303,  849,  666,  147,  622, 1036,  484,  834,  911,  228,  657,  352,  718,  104,   87,  848,  491,  200,  603,  455,  418,  947,  984,  369,  827,  187,  923,  774,  768,  510,  581,  668,  163,  601,  566,  431,  365,  426,  296,  902,  649,   97,  356,  768,  385,  788,  132,  129,  735,  625,  108,  300,  821,  183,  723,  552,  805,  183,  516,  497,  501,  154,   68,  866,  172,  695,  683,  332,  176,  698,  935,  728, 1088,  833,  698,  208,  411,  347,  780,  527,  723,  896,  284, 1045,  325,  823,  303,  551,  546,  787,  710,  247,  722,  236,  629,  455,  460,  264,  685,  174,  402,  165,  190,  276,  317,  137,  440,  821,  440,  796, 1030,  447,  341],
        [  587,    0,  365,  579,  839,  215,  479,  957,  580,  936,  837,  830,  939,  196,  970,    0,  828,  726,  823,  389,  714,  742,  840,  964, 1066,  476,  781,  923,  661,  359,  512,  175,  805,  947,  335,  459,  218,  616,  845,  783,  490,  746,  388,  851, 1221,  550,  781,  641,   63,  427,  901,  203,  349, 1195,  779,  237,  999,  594,  846,  557,  877,  542,  588,  361,  516,  690,  248,  394, 1024,  806,   88,  803,  847,   88,  744,  472,  769,  348, 1064, 1044,  156,  829,  947,  437,  774,  632,  112,  162,  759,  237, 1144,  131,  301,  202,  562,  401,  921,  808,  835,  579,  942,  606,  666,  686,  142,  911,  995,  730,  506,  939,  299,  890,  892,  236,  346,  970,  685,  194,  819,  295,  796,  777,  791,  839,  815,  648, 1057,  904,  172,  798,  409,  371,  834,  802,  535,  145,  511,  122,  309,  830, 1077,  758,  891,  305,  675,  700,   99,  962,   82,  665,  315,  668,  595,  715,  391,  363,  775,  305, 1070,  762,  621,  613, 1230,  297,  993,  677, 1122, 1080,  878,  702, 1006,  655,  334,  698,  668,   70,  880,  754],
        [  383,    0,  553,  590,  818,  688,  527,  180,  619,  152,  564,  273,  174,  675,  178,  828,    0,  552,  330,  720,  392,  357,  229,  378,  250,  683,  410,  591,  511,  480,  612,  723,  359,  152,  532,  599,  705,  630,  509,   48,  511,  465,  552,  747,  431,  371,  511,  395,  824,  415,  521,  627,  490,  394,  350,  593,  399,  419,  531,  281,  496,  373,  640,  766,  459,  240,  740,  497,  306,  646,  900,  326,  850,  777,  147,  482,  182,  551,  281,  228,  720,  339,  143,  434,  291,  368,  793,  863,  378,  665,  362,  798,  671,  629,  335,  462,  717,   83,  447,  388,  512,  232,  397,  220,  746,  698,  257,  181,  711,  275,  686,   63,   65,  593,  492,  250,  144,  665,  194,  563,  577,  807,  137,  365,  341,  324,  324,  139,  709,   98,  611,  586,  183,   55,  647,  812,  551,  949,  665,  722,  372,  242,  417,  678,  512,  713,  747,  390,  907,  251,  726,  184,  510,  376,  705,  615,  241,  612,  393,  640,  410,  283,  431,  534,  313,  224,  301,  359,  344,  142,  291,  262,  728,  428,  774,  884,  310,  168],
        [  721,    0,  710,  156,  268,  737,  251,  729,  169,  700, 1013,  314,  725,  533,  549,  726,  552,    0,  260,  382,  160,  804,  750,  355,  645,  292,  868,  199,  883,  455,  225,  553,  223,  697,  424,  271,  758,  146,  975,  517,  770,  894,  344,  206,  707,  282,  947,  180,  763,  567,  197,  571,  457,  705,  819,  549,  383,  761,  992,  535,  978,  668,  174,  434,  242,  321,  501,  666,  493,  110,  752,  812,  299,  641,  407,  726,  671,  690,  587,  633,  571,  835,  684,  625,  768,  212,  770,  650,  182,  728,  638,  618,  430,  568,  641,  392,  220,  472,  922,  719,  247,  423,  165,  345,  744,  205,  500,  639,  289,  820,  437,  580,  579,  561,  464,  471,  490,  684,  377,  643,   71,  258,  418,  860,  830,  712,  526,  497,  725,  456,  320,  356,  709,  497,  223,  618,  823,  813,  786,  179,  510,  717,  248,  429,   62,  176,  704,  344,  773,  321,  442,  412,  137,  804,  372,  364,  317,  423,  482,   90,  180,  634,  727,  570,  443,  634,  703,  528,  291,  556,  482,  655,  428,  126,  253,  795,  832,  648],
        [  610,    0,  683,  363,  510,  763,  374,  495,  389,  467,  863,   60,  494,  633,  292,  823,  330,  260,    0,  566,  129,  648,  553,  141,  386,  494,  709,  262,  767,  480,  415,  669,   38,  461,  488,  433,  785,  383,  814,  309,  700,  751,  449,  431,  460,  275,  801,  191,  844,  523,  193,  632,  487,  453,  653,  601,  176,  651,  835,  433,  809,  571,  403,  619,  317,  171,  646,  628,  242,  332,  872,  636,  543,  748,  209,  660,  487,  669,  330,  374,  678,  654,  446,  572,  595,  193,  833,  794,   86,  747,  387,  744,  568,  631,  536,  426,  390,  248,  755,  611,  192,  307,  171,  192,  795,  371,  243,  465,  506,  604,  580,  343,  341,  608,  493,  213,  326,  721,  137,  645,  262,  513,  196,  681,  653,  577,  278,  245,  766,  235,  469,  477,  507,  278,  434,  751,  751,  930,  782,  409,  274,  542,   98,  572,  246,  435,  772,  140,  888,  192,  604,  261,  290,  657,  552,  498,   99,  532,  257,  338,  214,  507,  479,  585,  196,  481,  444,  287,   55,  386,  229,  512,  597,  165,  510,  891,  635,  466],
        [  676,    0,  544,  227,  451,  488,  201,  891,  216,  864,  982,  598,  879,  231,  803,  389,  720,  382,  566,    0,  438,  813,  837,  698,  906,   94,  871,  579,  815,  317,  160,  222,  536,  868,  245,  134,  506,  247,  965,  674,  654,  867,  177,  468, 1019,  352,  915,  379,  442,  474,  576,  316,  310, 1005,  843,  317,  730,  705,  975,  538,  984,  616,  217,   54,  269,  501,  142,  529,  803,  439,  391,  851,  458,  303,  588,  615,  752,  521,  875,  888,  247,  879,  861,  524,  810,  389,  468,  277,  484,  491,  944,  263,  111,  311,  611,  289,  547,  665,  931,  671,  625,  499,  396,  512,  460,  541,  791,  710,  118,  931,  104,  773,  773,  331,  315,  761,  595,  433,  622,  453,  446,  388,  625,  899,  868,  706,  839,  737,  458,  650,  110,  145,  811,  675,  163,  256,  699,  450,  570,  450,  839,  772,  602,  103,  348,  315,  406,  691,  416,  482,   75,  537,  280,  798,   16,  117,  561,  164,  821,  394,  356,  637, 1035,  388,  760,  676,  967,  851,  616,  645,  788,  675,   56,  407,  279,  454,  905,  730],
        [  590,    0,  619,  236,  427,  678,  250,  569,  262,  540,  871,  171,  565,  520,  401,  714,  392,  160,  129,  438,    0,  658,  593,  262,  501,  365,  722,  259,  753,  388,  286,  553,   99,  538,  383,  306,  700,  260,  829,  358,  659,  753,  331,  360,  588,  183,  806,   74,  740,  464,  209,  531,  394,  579,  670,  503,  296,  632,  847,  404,  830,  542,  279,  491,  199,  164,  524,  569,  370,  259,  757,  660,  459,  635,  247,  616,  517,  603,  453,  487,  565,  682,  525,  519,  617,   92,  735,  673,   47,  664,  515,  626,  446,  530,  512,  329,  348,  312,  774,  590,  238,  282,   48,  190,  701,  330,  366,  487,  378,  660,  457,  421,  421,  512,  400,  336,  337,  631,  222,  568,  194,  417,  259,  708,  678,  572,  406,  344,  675,  296,  343,  356,  551,  337,  306,  632,  711,  817,  710,  334,  403,  565,  178,  449,  127,  327,  671,  257,  774,  169,  479,  260,  161,  661,  424,  376,  159,  415,  384,  249,   94,  496,  606,  501,  325,  487,  561,  416,  179,  403,  357,  511,  470,   40,  396,  783,  676,  493],
        [  156,    0,  382,  778, 1063,  542,  669,  334,  805,  333,  215,  600,  315,  665,  525,  742,  357,  804,  648,  813,  658,    0,  167,  727,  565,  817,   64,  902,  173,  499,  768,  713,  667,  350,  571,  731,  550,  830,  171,  353,  272,  109,  641, 1010,  752,  539,  155,  625,  712,  349,  836,  581,  507,  709,   39,  555,  751,  153,  189,  285,  177,  208,  826,  842,  618,  498,  768,  349,  662,  912,  828,   70, 1091,  729,  439,  274,  176,  396,  622,  545,  698,   92,  362,  315,   73,  593,  664,  841,  666,  517,  696,  771,  723,  584,  204,  526, 1006,  422,  121,  163,  839,  382,  641,  472,  617,  988,  612,  185,  854,  238,  737,  394,  397,  546,  504,  607,  326,  549,  527,  449,  851, 1035,  462,   98,   77,  108,  677,  495,  579,  429,  717,  670,  200,  390,  810,  791,  282,  858,  473,  983,  727,  115,  744,  733,  749,  931,  645,  737,  823,  490,  785,  400,  712,   32,  800,  697,  549,  659,  749,  892,  629,  181,  745,  471,  669,  172,  594,  712,  677,  263,  647,  151,  796,  684,  970,  776,  155,  191],
        [  276,    0,  500,  757, 1017,  657,  665,  168,  785,  168,  346,  498,  149,  729,  377,  840,  229,  750,  553,  837,  593,  167,    0,  607,  405,  822,  201,  814,  339,  543,  762,  779,  578,  185,  610,  734,  669,  804,  288,  245,  411,  267,  661,  953,  590,  517,  303,  577,  819,  417,  745,  657,  552,  546,  143,  627,  627,  293,  310,  306,  270,  304,  806,  874,  604,  430,  819,  455,  521,  852,  922,  111, 1047,  811,  350,  400,   86,  508,  467,  386,  768,  115,  199,  404,   95,  547,  777,  915,  589,  632,  538,  845,  763,  660,  279,  551,  933,  308,  224,  283,  739,  351,  587,  405,  729,  914,  470,  127,  856,  100,  778,  249,  252,  621,  550,  470,  264,  653,  420,  547,  785,  997,  358,  140,  121,  204,  530,  360,  690,  320,  732,  693,   48,  276,  801,  864,  433,  960,  604,  927,  584,   84,  643,  772,  702,  898,  746,  619,  922,  431,  824,  341,  681,  196,  823,  722,  458,  699,  610,  840,  587,  228,  582,  548,  536,  168,  430,  566,  572,  201,  508,  185,  830,  625,  948,  883,   83,  109],
        [  713,    0,  810,  484,  570,  899,  511,  511,  507,  487,  938,  147,  517,  773,  269,  964,  378,  355,  141,  698,  262,  727,  607,    0,  336,  620,  784,  269,  863,  618,  542,  809,  164,  477,  629,  567,  920,  494,  886,  374,  816,  834,  589,  483,  355,  415,  882,  330,  984,  650,  204,  771,  626,  359,  725,  740,   36,  754,  907,  548,  874,  681,  519,  751,  457,  296,  784,  754,  154,  395, 1012,  703,  603,  889,  301,  777,  555,  798,  259,  332,  819,  717,  460,  695,  666,  333,  972,  933,  216,  882,  292,  884,  707,  771,  644,  566,  415,  306,  824,  715,  168,  426,  308,  312,  934,  397,  183,  543,  628,  638,  718,  367,  365,  747,  631,  162,  421,  858,  204,  779,  331,  587,  268,  743,  719,  671,  182,  253,  903,  299,  605,  616,  560,  338,  557,  891,  865, 1071,  913,  466,  156,  615,  109,  710,  361,  526,  911,   16, 1028,  320,  740,  371,  418,  741,  684,  636,  210,  672,  128,  416,  352,  607,  377,  721,  105,  570,  384,  176,   86,  472,  150,  604,  731,  291,  606, 1031,  686,  537],
        [  625,    0,  803,  733,  890,  936,  706,  250,  761,  240,  747,  332,  265,  901,  104, 1066,  250,  645,  386,  906,  501,  565,  405,  336,    0,  850,  605,  603,  733,  710,  773,  947,  423,  223,  752,  775,  954,  760,  687,  289,  756,  670,  753,  806,  188,  560,  707,  537, 1066,  663,  535,  863,  720,  147,  547,  829,  333,  656,  710,  530,  663,  621,  778,  956,  638,  406,  951,  747,  187,  711, 1134,  515,  923, 1009,  328,  730,  400,  801,   86,   23,  947,  517,  208,  684,  493,  521, 1039, 1085,  466,  913,  135, 1023,  877,  865,  583,  681,  747,  258,  624,  630,  503,  460,  528,  399,  992,  729,  154,  415,  870,  387,  891,  191,  188,  831,  723,  180,  387,  911,  286,  811,  642,  897,  285,  539,  525,  559,  173,  170,  956,  270,  799,  786,  366,  265,  800, 1036,  794, 1185,  914,  786,  227,  455,  428,  883,  626,  820,  989,  351, 1142,  428,  926,  400,  653,  591,  891,  813,  350,  824,  264,  722,  558,  530,  184,  777,  231,  466,   62,  202,  362,  392,  187,  503,  924,  539,  893, 1125,  463,  396],
        [  690,    0,  586,  139,  365,  552,  158,  859,  124,  831,  999,  531,  848,  303,  747,  476,  683,  292,  494,   94,  365,  817,  822,  620,  850,    0,  877,  487,  838,  337,   79,  303,  461,  834,  271,   88,  571,  154,  976,  638,  686,  881,  182,  376,  952,  314,  931,  314,  525,  493,  487,  376,  333,  941,  843,  369,  652,  722,  988,  534,  992,  630,  123,  144,  225,  452,  231,  563,  734,  345,  483,  848,  376,  389,  543,  645,  736,  563,  812,  834,  327,  875,  825,  548,  806,  330,  546,  371,  409,  552,  877,  352,  180,  371,  619,  294,  454,  620,  937,  685,  537,  474,  327,  467,  533,  447,  727,  696,   40,  911,  179,  731,  731,  384,  339,  697,  568,  497,  564,  499,  354,  306,  576,  897,  865,  711,  770,  683,  526,  604,  106,  162,  791,  634,   70,  347,  734,  543,  627,  357,  766,  763,  520,  174,  263,  224,  482,  612,  507,  436,  165,  503,  204,  805,   88,  146,  501,  211,  745,  300,  293,  637,  969,  429,  689,  668,  911,  780,  541,  624,  720,  672,  147,  331,  200,  543,  895,  713],
        [  202,    0,  417,  841, 1127,  575,  730,  365,  867,  368,  155,  660,  346,  715,  573,  781,  410,  868,  709,  871,  722,   64,  201,  784,  605,  877,    0,  964,  162,  556,  830,  762,  728,  385,  627,  791,  581,  893,  108,  411,  298,   70,  700, 1073,  790,  603,  103,  689,  746,  402,  898,  628,  563,  746,   61,  604,  807,  187,  126,  347,  115,  259,  889,  898,  680,  561,  820,  390,  713,  976,  867,   91, 1155,  773,  500,  309,  229,  433,  666,  586,  746,   95,  399,  363,  119,  657,  697,  887,  728,  550,  738,  817,  778,  632,  260,  585, 1069,  479,   61,  208,  900,  446,  704,  535,  651, 1051,  662,  244,  915,  251,  792,  442,  445,  594,  559,  659,  388,  587,  586,  491,  914, 1098,  521,   83,   83,  167,  726,  547,  614,  487,  777,  728,  242,  447,  872,  837,  297,  894,  499, 1046,  778,  170,  805,  788,  813,  995,  682,  795,  861,  553,  840,  463,  775,   73,  858,  754,  610,  715,  801,  956,  692,  243,  782,  519,  723,  235,  629,  761,  737,  324,  699,  215,  851,  748, 1032,  810,  161,  247],
        [  846,    0,  875,  354,  314,  920,  445,  751,  364,  725, 1116,  319,  753,  729,  526,  923,  591,  199,  262,  579,  259,  902,  814,  269,  603,  487,  964,    0, 1007,  632,  423,  751,  237,  717,  611,  470,  942,  335, 1070,  570,  918, 1002,  537,  226,  612,  435, 1053,  321,  958,  722,   72,  760,  636,  622,  909,  736,  281,  888, 1090,  661, 1067,  800,  365,  630,  422,  407,  700,  826,  423,  163,  950,  895,  346,  838,  467,  875,  746,  857,  528,  598,  768,  914,  701,  777,  853,  347,  962,  849,  239,  909,  556,  817,  629,  758,  768,  570,  146,  509, 1013,  846,  103,  537,  296,  432,  933,  129,  450,  722,  478,  865,  636,  600,  598,  747,  643,  425,  577,  869,  398,  817,  133,  346,  457,  940,  912,  823,  449,  494,  911,  496,  518,  553,  769,  540,  417,  817,  970, 1011,  960,  214,  414,  800,  181,  628,  249,  315,  896,  254,  972,  419,  641,  504,  329,  908,  569,  562,  357,  619,  378,  201,  333,  748,  636,  747,  374,  732,  653,  438,  255,  640,  419,  759,  626,  251,  397,  993,  897,  725],
        [  163,    0,  301,  828, 1128,  448,  705,  507,  851,  504,  178,  727,  487,  629,  685,  661,  511,  883,  767,  815,  753,  173,  339,  863,  733,  838,  162, 1007,    0,  502,  804,  673,  780,  521,  572,  757,  450,  881,  188,  497,  174,  100,  657, 1085,  921,  604,  121,  706,  619,  346,  947,  536,  507,  878,  203,  518,  890,  123,  186,  350,  224,  217,  872,  833,  668,  603,  741,  293,  816,  993,  748,  238, 1153,  667,  564,  204,  335,  322,  785,  712,  652,  252,  533,  292,  245,  675,  567,  784,  769,  425,  861,  717,  712,  540,  242,  546, 1096,  564,  197,  164,  957,  471,  726,  579,  524, 1079,  767,  331,  877,  407,  725,  555,  558,  506,  502,  758,  444,  470,  659,  389,  938, 1090,  596,  244,  238,  193,  834,  648,  490,  568,  733,  679,  371,  534,  846,  738,  153,  768,  361, 1058,  882,  279,  865,  722,  824,  987,  563,  872,  738,  589,  773,  508,  773,  145,  803,  702,  669,  652,  900,  967,  704,  261,  915,  435,  817,  294,  765,  869,  804,  392,  800,  259,  786,  772, 1012,  681,  319,  344],
        [  360,    0,  262,  352,  657,  290,  222,  628,  369,  604,  666,  479,  612,  196,  613,  359,  480,  455,  480,  317,  388,  499,  543,  618,  710,  337,  556,  632,  502,    0,  312,  245,  468,  612,   72,  260,  312,  404,  649,  434,  350,  551,  156,  633,  863,  208,  599,  317,  369,  158,  593,  157,   10,  837,  530,  124,  654,  389,  659,  237,  668,  300,  388,  343,  214,  334,  277,  229,  667,  558,  424,  542,  677,  299,  387,  308,  460,  241,  706,  689,  240,  570,  609,  211,  503,  298,  354,  385,  428,  278,  786,  318,  225,  157,  296,   63,  673,  453,  616,  355,  626,  252,  343,  329,  316,  659,  638,  419,  377,  640,  239,  541,  542,  130,   14,  612,  338,  243,  462,  189,  523,  610,  433,  588,  558,  392,  700,  546,  288,  441,  232,  178,  524,  449,  353,  333,  399,  476,  332,  608,  722,  470,  559,  234,  394,  510,  294,  619,  433,  309,  287,  311,  321,  483,  304,  202,  421,  160,  718,  521,  301,  327,  872,  116,  638,  376,  768,  724,  534,  369,  650,  368,  297,  384,  521,  422,  603,  441],
        [  650,    0,  571,   70,  352,  559,  100,  789,   69,  761,  958,  452,  780,  326,  670,  512,  612,  225,  415,  160,  286,  768,  762,  542,  773,   79,  830,  423,  804,  312,    0,  338,  383,  763,  256,   58,  579,  106,  932,  567,  660,  839,  162,  344,  873,  247,  890,  236,  556,  460,  418,  383,  310,  862,  793,  370,  575,  685,  945,  484,  945,  591,   81,  213,  158,  378,  278,  541,  655,  295,  531,  795,  369,  426,  470,  618,  676,  549,  734,  757,  358,  821,  754,  517,  752,  254,  570,  426,  331,  555,  799,  397,  212,  379,  576,  259,  409,  546,  889,  646,  466,  411,  249,  394,  551,  400,  648,  637,  100,  848,  216,  658,  658,  384,  317,  618,  503,  504,  487,  489,  292,  300,  501,  844,  812,  664,  691,  606,  538,  531,  106,  157,  729,  562,   43,  396,  710,  592,  625,  322,  688,  707,  444,  209,  189,  203,  504,  535,  553,  363,  218,  435,  126,  759,  148,  154,  424,  220,  667,  250,  215,  588,  890,  416,  610,  613,  834,  701,  463,  562,  641,  621,  204,  252,  210,  581,  837,  653],
        [  561,    0,  377,  405,  668,  281,  310,  872,  405,  848,  848,  683,  856,   51,  847,  175,  723,  553,  669,  222,  553,  713,  779,  809,  947,  303,  762,  751,  673,  245,  338,    0,  648,  857,  195,  284,  297,  442,  843,  676,  500,  743,  223,  677, 1090,  403,  785,  481,  222,  368,  733,  137,  235, 1067,  748,  159,  844,  580,  849,  477,  869,  506,  414,  204,  354,  552,   86,  381,  884,  632,  204,  765,  677,   89,  619,  470,  700,  354,  935,  926,   27,  793,  854,  400,  729,  477,  247,  141,  599,  291, 1012,   77,  127,  133,  515,  266,  746,  690,  821,  554,  775,  493,  505,  553,  242,  737,  860,  658,  335,  878,  125,  783,  785,  170,  235,  833,  582,  231,  683,  285,  623,  607,  664,  808,  780,  610,  918,  779,  246,  678,  235,  201,  764,  689,  361,   90,  536,  264,  373,  656,  932,  702,  730,  131,  504,  527,  187,  806,  223,  528,  149,  549,  424,  692,  221,  189,  632,  138,  922,  587,  460,  556, 1101,  244,  848,  612, 1006,  938,  724,  613,  867,  599,  169,  534,  499,  244,  833,  681],
        [  621,    0,  681,  329,  475,  754,  348,  527,  354,  499,  881,   95,  526,  613,  328,  805,  359,  223,   38,  536,   99,  667,  578,  164,  423,  461,  728,  237,  780,  468,  383,  648,    0,  493,  471,  404,  776,  347,  834,  334,  705,  768,  426,  396,  495,  260,  819,  167,  828,  522,  170,  617,  474,  488,  673,  587,  198,  662,  854,  440,  830,  579,  368,  590,  294,  178,  621,  628,  277,  297,  851,  658,  507,  728,  230,  664,  509,  666,  366,  411,  658,  677,  479,  573,  617,  174,  820,  770,   53,  739,  422,  722,  543,  616,  545,  412,  359,  276,  776,  621,  179,  314,  144,  201,  783,  340,  279,  486,  473,  633,  555,  375,  374,  595,  480,  249,  342,  710,  168,  639,  226,  477,  223,  704,  675,  592,  312,  280,  755,  262,  442,  453,  533,  306,  401,  728,  757,  910,  777,  373,  305,  564,   94,  546,  210,  398,  757,  159,  868,  195,  577,  273,  258,  674,  522,  473,  121,  510,  286,  301,  189,  519,  513,  576,  230,  498,  481,  319,   81,  405,  265,  527,  569,  131,  473,  873,  661,  488],
        [  433,    0,  639,  741,  962,  787,  677,   35,  771,   18,  525,  401,   44,  807,  217,  947,  152,  697,  461,  868,  538,  350,  185,  477,  223,  834,  385,  717,  521,  612,  763,  857,  493,    0,  669,  749,  802,  781,  464,  197,  570,  451,  698,  888,  406,  521,  486,  545,  936,  522,  646,  751,  622,  362,  328,  717,  489,  459,  487,  390,  440,  444,  791,  913,  610,  391,  880,  586,  363,  787, 1024,  295,  994,  904,  298,  551,  202,  642,  293,  205,  851,  295,   18,  528,  277,  519,  900,  997,  520,  762,  357,  929,  813,  753,  410,  602,  850,  226,  402,  440,  629,  373,  547,  372,  852,  831,  313,  230,  862,  170,  829,  119,  120,  715,  623,  322,  278,  772,  326,  667,  717,  954,  280,  317,  303,  363,  366,  226,  814,  242,  759,  732,  151,  205,  798,  945,  600, 1068,  748,  864,  422,  247,  538,  821,  660,  862,  860,  491, 1027,  402,  871,  332,  661,  377,  853,  761,  382,  753,  452,  784,  561,  354,  398,  650,  389,  286,  245,  401,  464,  246,  353,  318,  873,  575,  925,  998,  240,  206],
