{
    "name": "random-38-12919",
    "comment": "size=38 seed=12919",
    "nodes": ["+0", "-0", "+1", "-1", "+2", "-2", "+3", "-3", "+4", "-4", "+5", "-5", "+6", "-6", "+7", "-7", "+8", "-8", "+9", "-9", "+10", "-10", "+11", "-11", "+12", "-12", "+13", "-13", "+14", "-14", "+15", "-15", "+16", "-16", "+17", "-17", "+18", "-18", "+19", "-19", "+20", "-20", "+21", "-21", "+22", "-22", "+23", "-23", "+24", "-24", "+25", "-25", "+26", "-26", "+27", "-27", "+28", "-28", "+29", "-29", "+30", "-30", "+31", "-31", "+32", "-32", "+33", "-33", "+34", "-34", "+35", "-35", "+36", "-36", "+37", "-37", "+38", "-38"],
    "precedence": {
        "+0": "-0",
        "+1": "-1",
        "+2": "-2",
        "+3": "-3",
        "+4": "-4",
        "+5": "-5",
        "+6": "-6",
        "+7": "-7",
        "+8": "-8",
        "+9": "-9",
        "+10": "-10",
        "+11": "-11",
        "+12": "-12",
        "+13": "-13",
        "+14": "-14",
        "+15": "-15",
        "+16": "-16",
        "+17": "-17",
        "+18": "-18",
        "+19": "-19",
        "+20": "-20",
        "+21": "-21",
        "+22": "-22",
        "+23": "-23",
        "+24": "-24",
        "+25": "-25",
        "+26": "-26",
        "+27": "-27",
        "+28": "-28",
        "+29": "-29",
        "+30": "-30",
        "+31": "-31",
        "+32": "-32",
        "+33": "-33",
        "+34": "-34",
        "+35": "-35",
        "+36": "-36",
        "+37": "-37",
        "+38": "-38"
    },
    "edges": [
        [    0,    0,  698,  441,  562,  600,  543,  259,  689,  576,  635,  498,  449,  420,  379,  261,  473,  581,  190,  282,  659,  423,  462,  805,  457,  499,  546,  470,   98,  396,  605,  199,  251,  181,  100,  726,  565,  526,  518,  484,  317,  812,  499,  419,  690,  685,  372,  489,  737,   51,  353,  637,  330,  229,  374,  287,  235,  411,  563,  540,  405,  335,  140,  584,  711,  199,  546,  420,  219,  546,  530,  469,  460,  346,  285,  587,  481,  380],
        [    0,    0,  698,  441,  562,  600,  543,  259,  689,  576,  635,  498,  449,  420,  379,  261,  473,  581,  190,  282,  659,  423,  462,  805,  457,  499,  546,  470,   98,  396,  605,  199,  251,  181,  100,  726,  565,  526,  518,  484,  317,  812,  499,  419,  690,  685,  372,  489,  737,   51,  353,  637,  330,  229,  374,  287,  235,  411,  563,  540,  405,  335,  140,  584,  711,  199,  546,  420,  219,  546,  530,  469,  460,  346,  285,  587,  481,  380],
        [  698,  698,    0,  480,  823,  107,  626,  843,  647,  399,  212,  201,  271,  330,  915,  630,  542,  202,  779,  547,   98,  763,  563,  187, 1127,  782,  731,  391,  604,  760,  304,  848,  466,  621,  688,  137,  947,  532, 1194,  384,  914,  256,  369,  863,  698,  607,  907,  602,   87,  657,  577,  643,  883,  905,  567,  620,  761, 1108,  479,  843, 1005,  456,  595,  814,  199,  869,  883,  473,  852,  603,  199,  449,  648, 1027,  572,  672, 1170, 1007],
        [  441,  441,  480,    0,  886,  436,  767,  441,  277,  646,  566,  350,  402,  442,  801,  220,   71,  283,  614,  524,  508,  765,  673,  656,  743,  303,  828,   90,  398,  292,  225,  488,  385,  272,  503,  585,  945,  698,  810,  562,  502,  706,  563,  810,  301,  260,  467,  716,  558,  432,  603,  237,  456,  665,  105,  196,  356,  781,  122,  882,  582,  126,  303,  896,  614,  522,  904,   25,  477,  156,  288,   39,  168,  667,  548,  226,  810,  821],
        [  562,  562,  823,  886,    0,  724,  210,  813, 1162,  444,  632,  685,  586,  520,  315,  789,  944,  847,  404,  363,  732,  140,  261,  801,  903, 1045,   98,  861,  530,  948,  934,  734,  502,  707,  462,  751,  155,  299,  942,  439,  860,  751,  455,  204, 1181, 1143,  928,  221,  799,  529,  286, 1119,  885,  531,  867,  809,  796,  769,  992,   45,  934,  761,  640,   34,  692,  714,   87,  862,  760, 1030,  777,  894,  974,  798,  338, 1089,  874,  467],
        [  600,  600,  107,  436,  724,    0,  533,  760,  641,  317,  153,  107,  165,  224,  808,  556,  503,  191,  674,  440,   73,  659,  464,  228, 1037,  734,  635,  351,  504,  700,  305,  758,  362,  538,  585,  151,  844,  440, 1103,  287,  832,  271,  273,  757,  688,  604,  832,  505,  141,  557,  472,  628,  806,  802,  510,  549,  681, 1010,  462,  743,  925,  387,  504,  718,  182,  777,  781,  424,  764,  574,  151,  411,  602,  934,  466,  646, 1076,  901],
        [  543,  543,  626,  767,  210,  533,    0,  801, 1039,  237,  427,  511,  414,  351,  443,  719,  832,  676,  444,  274,  532,  225,   95,  592,  957,  975,  113,  725,  478,  889,  774,  738,  393,  645,  452,  545,  358,   94, 1007,  248,  860,  542,  261,  342, 1067, 1015,  913,   56,  595,  499,  193, 1003,  872,  597,  770,  734,  763,  849,  860,  243,  945,  648,  577,  193,  484,  729,  287,  744,  761,  920,  607,  768,  883,  845,  262,  985,  948,  590],
        [  259,  259,  843,  441,  813,  760,  801,    0,  604,  810,  833,  653,  637,  628,  583,  226,  432,  679,  416,  534,  829,  674,  717,  983,  302,  327,  803,  510,  330,  226,  658,   94,  467,  223,  356,  904,  796,  778,  370,  715,   73, 1006,  728,  650,  583,  616,  115,  746,  900,  303,  609,  547,   73,  354,  339,  246,   86,  361,  545,  787,  166,  396,  267,  837,  904,  131,  787,  429,   66,  470,  650,  479,  361,  234,  541,  479,  372,  522],
        [  689,  689,  647,  277, 1162,  641, 1039,  604,    0,  901,  789,  582,  654,  704, 1063,  434,  222,  454,  873,  800,  705, 1040,  946,  833,  884,  311, 1104,  319,  663,  386,  344,  678,  661,  509,  764,  775, 1217,  967,  946,  823,  645,  898,  822, 1080,   59,   43,  577,  990,  732,  690,  880,   57,  586,  899,  316,  407,  534,  964,  186, 1157,  697,  402,  558, 1172,  820,  717, 1179,  301,  659,  145,  495,  272,  245,  835,  824,  128,  967, 1064],
        [  576,  576,  399,  646,  444,  317,  237,  810,  901,    0,  193,  327,  247,  208,  620,  668,  716,  486,  553,  306,  303,  422,  202,  358, 1028,  905,  348,  583,  485,  837,  595,  772,  345,  611,  510,  309,  585,  146, 1087,   97,  879,  314,   88,  538,  938,  870,  911,  229,  360,  526,  276,  874,  874,  707,  680,  674,  751,  952,  715,  473,  971,  546,  550,  429,  248,  774,  516,  626,  788,  801,  423,  636,  791,  916,  317,  871, 1040,  750],
        [  635,  635,  212,  566,  632,  153,  427,  833,  789,  193,    0,  217,  197,  216,  770,  650,  636,  342,  666,  415,  115,  592,  378,  185, 1089,  855,  537,  487,  538,  808,  456,  815,  385,  615,  597,  121,  767,  334, 1152,  206,  905,  177,  187,  702,  833,  753,  919,  412,  168,  588,  419,  772,  887,  810,  627,  649,  761, 1040,  606,  657,  999,  495,  568,  619,   78,  827,  699,  551,  826,  712,  294,  546,  728,  980,  435,  784, 1116,  884],
        [  498,  498,  201,  350,  685,  107,  511,  653,  582,  327,  217,    0,   99,  166,  732,  451,  420,  165,  585,  367,  177,  603,  430,  332,  931,  641,  603,  272,  404,  600,  270,  652,  269,  431,  490,  254,  792,  423,  997,  267,  725,  367,  259,  691,  623,  548,  727,  474,  247,  456,  414,  561,  700,  705,  414,  446,  574,  908,  397,  698,  818,  286,  398,  683,  270,  671,  733,  335,  657,  497,   98,  330,  512,  829,  394,  569,  971,  814],
        [  449,  449,  271,  402,  586,  165,  414,  637,  654,  247,  197,   99,    0,   67,  645,  457,  472,  263,  510,  278,  213,  506,  331,  357,  897,  674,  504,  337,  351,  618,  362,  622,  202,  418,  424,  278,  695,  328,  961,  174,  709,  370,  169,  598,  691,  624,  722,  376,  292,  403,  317,  628,  691,  641,  446,  457,  564,  858,  469,  600,  803,  311,  372,  585,  268,  636,  635,  383,  631,  556,  194,  390,  553,  791,  304,  627,  929,  737],
        [  420,  420,  330,  442,  520,  224,  351,  628,  704,  208,  216,  166,   67,    0,  585,  466,  511,  328,  460,  218,  261,  440,  266,  393,  874,  698,  438,  385,  323,  634,  424,  604,  170,  417,  382,  316,  628,  268,  937,  121,  699,  392,  122,  535,  737,  676,  721,  311,  340,  372,  252,  673,  687,  598,  473,  470,  561,  824,  519,  533,  793,  339,  362,  518,  293,  613,  568,  421,  615,  597,  259,  435,  583,  765,  243,  667,  900,  684],
        [  379,  379,  915,  801,  315,  808,  443,  583, 1063,  620,  770,  732,  645,  585,    0,  639,  842,  866,  190,  368,  843,  220,  423,  954,  606,  872,  367,  809,  404,  766,  923,  492,  473,  557,  299,  887,  229,  495,  638,  566,  612,  927,  586,  111, 1066, 1055,  693,  413,  920,  373,  352, 1011,  651,  244,  747,  664,  594,  461,  921,  273,  670,  682,  505,  348,  844,  462,  249,  778,  520,  920,  801,  823,  838,  508,  343,  964,  566,  154],
        [  261,  261,  630,  220,  789,  556,  719,  226,  434,  668,  650,  451,  457,  466,  639,    0,  227,  457,  450,  448,  628,  655,  626,  783,  527,  258,  753,  285,  260,  172,  432,  268,  334,   84,  347,  705,  816,  673,  594,  573,  293,  815,  581,  671,  430,  434,  278,  664,  694,  272,  532,  379,  255,  466,  126,   28,  140,  562,  334,  775,  380,  175,  150,  806,  715,  303,  788,  206,  258,  290,  433,  257,  199,  447,  465,  326,  591,  631],
        [  473,  473,  542,   71,  944,  503,  832,  432,  222,  716,  636,  420,  472,  511,  842,  227,    0,  342,  654,  583,  575,  820,  737,  721,  731,  244,  889,  153,  441,  253,  268,  491,  446,  295,  544,  651,  996,  765,  797,  631,  487,  773,  633,  858,  238,  213,  441,  781,  622,  471,  664,  176,  435,  690,  102,  201,  351,  784,  115,  938,  559,  185,  339,  955,  683,  528,  958,   91,  477,   88,  354,   94,  110,  663,  606,  156,  804,  851],
        [  581,  581,  202,  283,  847,  191,  676,  679,  454,  486,  342,  165,  263,  328,  866,  457,  342,    0,  704,  513,  252,  757,  593,  385,  975,  584,  766,  193,  499,  570,  115,  700,  393,  466,  599,  323,  947,  588, 1042,  431,  748,  447,  423,  838,  503,  416,  730,  638,  285,  549,  569,  445,  711,  805,  376,  442,  594,  979,  279,  857,  836,  284,  457,  846,  368,  727,  890,  279,  698,  401,   70,  250,  449,  883,  541,  471, 1028,  932],
        [  190,  190,  779,  614,  404,  674,  444,  416,  873,  553,  666,  585,  510,  460,  190,  450,  654,  704,    0,  253,  719,  268,  386,  849,  516,  687,  412,  628,  219,  583,  749,  333,  317,  368,  112,  775,  382,  460,  563,  477,  458,  836,  496,  235,  877,  866,  531,  397,  799,  184,  283,  822,  488,  157,  558,  475,  415,  408,  735,  374,  530,  497,  315,  431,  743,  311,  371,  592,  360,  730,  642,  638,  648,  405,  238,  774,  505,  230],
        [  282,  282,  547,  524,  363,  440,  274,  534,  800,  306,  415,  367,  278,  218,  368,  448,  583,  513,  253,    0,  477,  250,  185,  599,  726,  705,  309,  501,  207,  617,  587,  481,  140,  372,  206,  527,  438,  245,  783,  225,  597,  584,  243,  325,  820,  781,  644,  218,  555,  234,   85,  758,  603,  404,  510,  464,  491,  647,  630,  361,  686,  399,  303,  373,  492,  478,  388,  500,  500,  670,  445,  532,  620,  613,   28,  731,  734,  470],
        [  659,  659,   98,  508,  732,   73,  532,  829,  705,  303,  115,  177,  213,  261,  843,  628,  575,  252,  719,  477,    0,  680,  473,  156, 1102,  807,  639,  422,  562,  772,  365,  824,  415,  606,  636,   78,  861,  439, 1167,  296,  901,  199,  279,  784,  754,  667,  903,  512,   80,  614,  497,  695,  876,  853,  583,  621,  750, 1069,  529,  755,  994,  459,  570,  722,  116,  841,  795,  497,  830,  644,  221,  482,  675,  997,  501,  716, 1138,  944],
        [  423,  423,  763,  765,  140,  659,  225,  674, 1040,  422,  592,  603,  506,  440,  220,  655,  820,  757,  268,  250,  680,    0,  220,  772,  775,  910,  154,  749,  395,  811,  835,  596,  387,  572,  323,  712,  190,  285,  818,  387,  722,  735,  405,  119, 1056, 1024,  789,  200,  753,  391,  190,  995,  746,  404,  738,  676,  657,  650,  876,  120,  797,  640,  506,  165,  661,  577,  139,  741,  622,  905,  688,  777,  844,  667,  223,  962,  753,  370],
        [  462,  462,  563,  673,  261,  464,   95,  717,  946,  202,  378,  430,  331,  266,  423,  626,  737,  593,  386,  185,  473,  220,    0,  554,  891,  881,  174,  633,  391,  797,  688,  659,  298,  553,  375,  498,  390,   75,  943,  179,  778,  515,  195,  337,  973,  922,  827,   46,  542,  415,  110,  909,  787,  542,  676,  640,  675,  794,  767,  282,  866,  553,  485,  255,  443,  653,  323,  649,  680,  825,  524,  674,  788,  778,  177,  890,  888,  560],
        [  805,  805,  187,  656,  801,  228,  592,  983,  833,  358,  185,  332,  357,  393,  954,  783,  721,  385,  849,  599,  156,  772,  554,    0, 1253,  957,  704,  568,  708,  926,  490,  976,  557,  761,  774,   80,  942,  502, 1318,  389, 1055,   83,  370,  884,  884,  793, 1059,  585,  101,  759,  603,  828, 1031,  990,  735,  777,  906, 1214,  664,  830, 1149,  614,  723,  785,  112,  991,  873,  647,  983,  785,  369,  628,  824, 1147,  619,  856, 1286, 1068],
        [  457,  457, 1127,  743,  903, 1037,  957,  302,  884, 1028, 1089,  931,  897,  874,  606,  527,  731,  975,  516,  726, 1102,  775,  891, 1253,    0,  581,  925,  811,  553,  499,  959,  279,  705,  510,  521, 1173,  834,  962,   68,  938,  244, 1265,  954,  706,  854,  902,  309,  908, 1177,  506,  782,  828,  300,  373,  640,  548,  388,  167,  844,  867,  193,  693,  534,  934, 1164,  262,  851,  731,  277,  759,  940,  780,  649,  114,  722,  756,   95,  480],
        [  499,  499,  782,  303, 1045,  734,  975,  327,  311,  905,  855,  641,  674,  698,  872,  258,  244,  584,  687,  705,  807,  910,  881,  957,  581,    0, 1010,  392,  516,  107,  510,  415,  586,  339,  594,  884, 1063,  924,  641,  812,  351, 1004,  818,  917,  274,  337,  273,  920,  859,  521,  789,  259,  290,  667,  229,  242,  283,  679,  340, 1029,  391,  363,  406, 1063,  909,  455, 1040,  311,  391,  217,  589,  335,  136,  547,  722,  186,  668,  837],
        [  546,  546,  731,  828,   98,  635,  113,  803, 1104,  348,  537,  603,  504,  438,  367,  753,  889,  766,  412,  309,  639,  154,  174,  704,  925, 1010,    0,  795,  498,  917,  859,  731,  444,  673,  447,  655,  248,  203,  969,  349,  856,  654,  363,  259, 1126, 1082,  917,  130,  704,  507,  226, 1064,  875,  555,  819,  770,  776,  803,  929,  133,  936,  705,  605,   83,  595,  716,  178,  804,  756,  977,  697,  833,  929,  816,  289, 1039,  905,  519],
        [  470,  470,  391,   90,  861,  351,  725,  510,  319,  583,  487,  272,  337,  385,  809,  285,  153,  193,  628,  501,  422,  749,  633,  568,  811,  392,  795,    0,  409,  379,  148,  546,  362,  317,  516,  498,  933,  649,  879,  505,  575,  621,  504,  806,  355,  291,  547,  677,  470,  451,  575,  291,  532,  698,  186,  265,  424,  837,  135,  861,  658,  136,  332,  868,  531,  578,  887,   88,  539,  226,  202,   60,  257,  728,  527,  298,  873,  845],
        [   98,   98,  604,  398,  530,  504,  478,  330,  663,  485,  538,  404,  351,  323,  404,  260,  441,  499,  219,  207,  562,  395,  391,  708,  553,  516,  498,  409,    0,  420,  534,  287,  153,  178,  108,  629,  560,  449,  615,  391,  396,  714,  406,  419,  671,  653,  438,  423,  640,   53,  286,  614,  398,  307,  351,  281,  285,  508,  517,  515,  487,  279,  112,  548,  614,  293,  529,  374,  303,  522,  443,  419,  451,  443,  217,  573,  579,  439],
        [  396,  396,  760,  292,  948,  700,  889,  226,  386,  837,  808,  600,  618,  634,  766,  172,  253,  570,  583,  617,  772,  811,  797,  926,  499,  107,  917,  379,  420,    0,  515,  311,  506,  245,  492,  850,  961,  844,  562,  743,  260,  966,  750,  814,  359,  403,  195,  834,  832,  421,  700,  330,  201,  560,  195,  164,  176,  583,  365,  930,  316,  315,  314,  967,  868,  351,  939,  292,  287,  263,  563,  329,  155,  453,  632,  259,  582,  730],
        [  605,  605,  304,  225,  934,  305,  774,  658,  344,  595,  456,  270,  362,  424,  923,  432,  268,  115,  749,  587,  365,  835,  688,  490,  959,  510,  859,  148,  534,  515,    0,  693,  456,  463,  640,  432, 1024,  689, 1026,  534,  723,  556,  528,  906,  395,  304,  691,  733,  390,  581,  652,  340,  678,  833,  329,  412,  572,  983,  181,  941,  804,  277,  470,  937,  481,  724,  972,  231,  687,  310,  173,  187,  377,  876,  614,  376, 1021,  973],
        [  199,  199,  848,  488,  734,  758,  738,   94,  678,  772,  815,  652,  622,  604,  492,  268,  491,  700,  333,  481,  824,  596,  659,  976,  279,  415,  731,  546,  287,  311,  693,    0,  436,  234,  288,  896,  709,  725,  346,  678,  126,  991,  692,  564,  661,  686,  201,  685,  898,  248,  550,  622,  160,  261,  391,  293,  144,  295,  600,  706,  207,  421,  255,  760,  889,   40,  703,  473,   29,  539,  662,  524,  433,  184,  483,  557,  329,  428],
        [  251,  251,  466,  385,  502,  362,  393,  467,  661,  345,  385,  269,  202,  170,  473,  334,  446,  393,  317,  140,  415,  387,  298,  557,  705,  586,  444,  362,  153,  506,  456,  436,    0,  269,  224,  479,  573,  339,  768,  249,  536,  561,  261,  451,  683,  642,  566,  339,  494,  203,  219,  620,  530,  440,  379,  346,  407,  657,  491,  500,  630,  261,  206,  511,  461,  445,  526,  361,  449,  533,  329,  393,  491,  596,  166,  596,  731,  547],
        [  181,  181,  621,  272,  707,  538,  645,  223,  509,  611,  615,  431,  418,  417,  557,   84,  295,  466,  368,  372,  606,  572,  553,  761,  510,  339,  673,  317,  178,  245,  463,  234,  269,    0,  264,  682,  732,  604,  577,  515,  295,  786,  525,  588,  510,  507,  305,  590,  677,  189,  455,  457,  273,  396,  195,  108,  146,  520,  392,  692,  388,  187,   69,  725,  684,  263,  704,  253,  233,  366,  431,  304,  281,  418,  387,  407,  563,  556],
        [  100,  100,  688,  503,  462,  585,  452,  356,  764,  510,  597,  490,  424,  382,  299,  347,  544,  599,  112,  206,  636,  323,  375,  774,  521,  594,  447,  516,  108,  492,  640,  288,  224,  264,    0,  697,  470,  444,  577,  424,  411,  771,  441,  325,  770,  756,  470,  398,  716,   76,  265,  714,  428,  218,  449,  371,  335,  446,  623,  441,  494,  385,  206,  485,  674,  278,  447,  480,  311,  622,  540,  526,  544,  408,  202,  669,  530,  335],
        [  726,  726,  137,  585,  751,  151,  545,  904,  775,  309,  121,  254,  278,  316,  887,  705,  651,  323,  775,  527,   78,  712,  498,   80, 1173,  884,  655,  498,  629,  850,  432,  896,  479,  682,  697,    0,  887,  452, 1238,  326,  976,  125,  307,  820,  825,  736,  980,  532,   60,  680,  536,  767,  952,  914,  661,  699,  826, 1135,  601,  777, 1069,  537,  643,  737,   70,  912,  819,  574,  903,  719,  297,  558,  752, 1067,  548,  790, 1206,  996],
        [  565,  565,  947,  945,  155,  844,  358,  796, 1217,  585,  767,  792,  695,  628,  229,  816,  996,  947,  382,  438,  861,  190,  390,  942,  834, 1063,  248,  933,  560,  961, 1024,  709,  573,  732,  470,  887,    0,  441,  864,  566,  832,  896,  583,  147, 1230, 1204,  909,  357,  931,  544,  379, 1171,  867,  471,  909,  839,  795,  685, 1058,  116,  894,  820,  670,  184,  831,  681,   71,  921,  736, 1079,  878,  959, 1010,  737,  411, 1132,  790,  365],
        [  526,  526,  532,  698,  299,  440,   94,  778,  967,  146,  334,  423,  328,  268,  495,  673,  765,  588,  460,  245,  439,  285,   75,  502,  962,  924,  203,  649,  449,  844,  689,  725,  339,  604,  444,  452,  441,    0, 1015,  158,  842,  456,  168,  404,  997,  940,  886,   86,  502,  478,  180,  933,  847,  616,  711,  685,  731,  867,  784,  328,  930,  583,  537,  286,  393,  720,  372,  675,  745,  852,  520,  695,  824,  849,  242,  920,  961,  634],
        [  518,  518, 1194,  810,  942, 1103, 1007,  370,  946, 1087, 1152,  997,  961,  937,  638,  594,  797, 1042,  563,  783, 1167,  818,  943, 1318,   68,  641,  969,  879,  615,  562, 1026,  346,  768,  577,  577, 1238,  864, 1015,    0,  998,  310, 1328, 1014,  742,  914,  965,  369,  958, 1242,  567,  835,  890,  364,  415,  707,  615,  455,  180,  911,  904,  251,  760,  600,  973, 1227,  327,  885,  799,  345,  823, 1007,  848,  714,  172,  777,  818,   78,  503],
        [  484,  484,  384,  562,  439,  287,  248,  715,  823,   97,  206,  267,  174,  121,  566,  573,  631,  431,  477,  225,  296,  387,  179,  389,  938,  812,  349,  505,  391,  743,  534,  678,  249,  515,  424,  326,  566,  158,  998,    0,  784,  364,   20,  496,  858,  795,  815,  219,  367,  434,  214,  794,  778,  628,  590,  580,  655,  869,  639,  460,  876,  456,  454,  431,  278,  682,  500,  541,  693,  717,  364,  555,  701,  826,  240,  787,  953,  685],
        [  317,  317,  914,  502,  860,  832,  860,   73,  645,  879,  905,  725,  709,  699,  612,  293,  487,  748,  458,  597,  901,  722,  778, 1055,  244,  351,  856,  575,  396,  260,  723,  126,  536,  295,  411,  976,  832,  842,  310,  784,    0, 1078,  797,  688,  618,  660,   90,  806,  972,  364,  670,  589,   61,  374,  399,  311,  155,  329,  601,  832,   95,  465,  338,  886,  976,  151,  828,  493,  101,  516,  720,  541,  407,  196,  602,  518,  323,  534],
        [  812,  812,  256,  706,  751,  271,  542, 1006,  898,  314,  177,  367,  370,  392,  927,  815,  773,  447,  836,  584,  199,  735,  515,   83, 1265, 1004,  654,  621,  714,  966,  556,  991,  561,  786,  771,  125,  896,  456, 1328,  364, 1078,    0,  344,  850,  949,  859, 1088,  541,  170,  764,  576,  891, 1058,  983,  779,  811,  931, 1215,  725,  783, 1172,  652,  741,  733,  102, 1003,  827,  695, 1000,  842,  420,  681,  873, 1156,  601,  914, 1292, 1048],
        [  499,  499,  369,  563,  455,  273,  261,  728,  822,   88,  187,  259,  169,  122,  586,  581,  633,  423,  496,  243,  279,  405,  195,  370,  954,  818,  363,  504,  406,  750,  528,  692,  261,  525,  441,  307,  583,  168, 1014,   20,  797,  344,    0,  515,  857,  793,  826,  234,  349,  449,  234,  793,  790,  646,  594,  587,  666,  886,  637,  476,  890,  460,  466,  446,  259,  697,  517,  543,  707,  718,  356,  555,  705,  842,  259,  788,  970,  704],
        [  419,  419,  863,  810,  204,  757,  342,  650, 1080,  538,  702,  691,  598,  535,  111,  671,  858,  838,  235,  325,  784,  119,  337,  884,  706,  917,  259,  806,  419,  814,  906,  564,  451,  588,  325,  820,  147,  404,  742,  496,  688,  850,  515,    0, 1090, 1068,  763,  319,  859,  400,  287, 1032,  721,  336,  769,  695,  648,  567,  926,  164,  753,  686,  527,  238,  772,  538,  146,  786,  591,  940,  770,  827,  867,  604,  298,  991,  672,  264],
        [  690,  690,  698,  301, 1181,  688, 1067,  583,   59,  938,  833,  623,  691,  737, 1066,  430,  238,  503,  877,  820,  754, 1056,  973,  884,  854,  274, 1126,  355,  671,  359,  395,  661,  683,  510,  770,  825, 1230,  997,  914,  858,  618,  949,  857, 1090,    0,  102,  546, 1016,  784,  695,  901,   64,  558,  892,  321,  404,  519,  942,  228, 1174,  664,  422,  564, 1192,  868,  701, 1194,  324,  641,  151,  540,  303,  234,  812,  843,  106,  939, 1059],
        [  685,  685,  607,  260, 1143,  604, 1015,  616,   43,  870,  753,  548,  624,  676, 1055,  434,  213,  416,  866,  781,  667, 1024,  922,  793,  902,  337, 1082,  291,  653,  403,  304,  686,  642,  507,  756,  736, 1204,  940,  965,  795,  660,  859,  793, 1068,  102,    0,  596,  967,  693,  683,  860,   79,  602,  900,  312,  407,  543,  975,  157, 1140,  717,  385,  552, 1152,  783,  725, 1163,  284,  669,  148,  460,  250,  256,  849,  806,  152,  982, 1062],
        [  372,  372,  907,  467,  928,  832,  913,  115,  577,  911,  919,  727,  722,  721,  693,  278,  441,  730,  531,  644,  903,  789,  827, 1059,  309,  273,  917,  547,  438,  195,  691,  201,  566,  305,  470,  980,  909,  886,  369,  815,   90, 1088,  826,  763,  546,  596,    0,  858,  971,  415,  721,  522,   43,  458,  363,  289,  161,  413,  554,  902,  121,  452,  361,  952,  986,  233,  901,  461,  173,  457,  710,  506,  349,  280,  652,  449,  395,  621],
        [  489,  489,  602,  716,  221,  505,   56,  746,  990,  229,  412,  474,  376,  311,  413,  664,  781,  638,  397,  218,  512,  200,   46,  585,  908,  920,  130,  677,  423,  834,  733,  685,  339,  590,  398,  532,  357,   86,  958,  219,  806,  541,  234,  319, 1016,  967,  858,    0,  578,  444,  138,  953,  817,  551,  717,  679,  707,  804,  812,  246,  891,  596,  521,  213,  475,  676,  289,  693,  707,  868,  569,  719,  829,  795,  207,  933,  901,  556],
        [  737,  737,   87,  558,  799,  141,  595,  900,  732,  360,  168,  247,  292,  340,  920,  694,  622,  285,  799,  555,   80,  753,  542,  101, 1177,  859,  704,  470,  640,  832,  390,  898,  494,  677,  716,   60,  931,  502, 1242,  367,  972,  170,  349,  859,  784,  693,  971,  578,    0,  692,  573,  728,  945,  933,  640,  686,  820, 1147,  564,  823, 1064,  522,  644,  787,  129,  916,  865,  549,  904,  685,  271,  529,  725, 1073,  579,  755, 1214, 1023],
        [   51,   51,  657,  432,  529,  557,  499,  303,  690,  526,  588,  456,  403,  372,  373,  272,  471,  549,  184,  234,  614,  391,  415,  759,  506,  521,  507,  451,   53,  421,  581,  248,  203,  189,   76,  680,  544,  478,  567,  434,  364,  764,  449,  400,  695,  683,  415,  444,  692,    0,  307,  640,  374,  256,  375,  296,  270,  456,  554,  510,  453,  318,  132,  550,  664,  249,  519,  410,  267,  548,  495,  457,  469,  395,  239,  594,  529,  394],
        [  353,  353,  577,  603,  286,  472,  193,  609,  880,  276,  419,  414,  317,  252,  352,  532,  664,  569,  283,   85,  497,  190,  110,  603,  782,  789,  226,  575,  286,  700,  652,  550,  219,  455,  265,  536,  379,  180,  835,  214,  670,  576,  234,  287,  901,  860,  721,  138,  573,  307,    0,  839,  680,  439,  594,  548,  570,  689,  707,  290,  757,  480,  387,  293,  492,  543,  322,  580,  571,  751,  500,  610,  704,  669,   70,  813,  782,  475],
        [  637,  637,  643,  237, 1119,  628, 1003,  547,   57,  874,  772,  561,  628,  673, 1011,  379,  176,  445,  822,  758,  695,  995,  909,  828,  828,  259, 1064,  291,  614,  330,  340,  622,  620,  457,  714,  767, 1171,  933,  890,  794,  589,  891,  793, 1032,   64,   79,  522,  953,  728,  640,  839,    0,  530,  844,  265,  353,  478,  907,  167, 1113,  642,  360,  508, 1130,  809,  661, 1133,  260,  603,   92,  479,  239,  189,  779,  781,   74,  911, 1010],
        [  330,  330,  883,  456,  885,  806,  872,   73,  586,  874,  887,  700,  691,  687,  651,  255,  435,  711,  488,  603,  876,  746,  787, 1031,  300,  290,  875,  532,  398,  201,  678,  160,  530,  273,  428,  952,  867,  847,  364,  778,   61, 1058,  790,  721,  558,  602,   43,  817,  945,  374,  680,  530,    0,  419,  351,  270,  127,  390,  550,  860,  127,  430,  325,  910,  956,  193,  859,  448,  132,  460,  687,  494,  350,  257,  611,  459,  382,  583],
        [  229,  229,  905,  665,  531,  802,  597,  354,  899,  707,  810,  705,  641,  598,  244,  466,  690,  805,  157,  404,  853,  404,  542,  990,  373,  667,  555,  698,  307,  560,  833,  261,  440,  396,  218,  914,  471,  616,  415,  628,  374,  983,  646,  336,  892,  900,  458,  551,  933,  256,  439,  844,  419,    0,  588,  493,  385,  253,  786,  495,  426,  563,  367,  561,  887,  226,  481,  645,  289,  755,  750,  694,  659,  269,  391,  787,  352,  170],
        [  374,  374,  567,  105,  867,  510,  770,  339,  316,  680,  627,  414,  446,  473,  747,  126,  102,  376,  558,  510,  583,  738,  676,  735,  640,  229,  819,  186,  351,  195,  329,  391,  379,  195,  449,  661,  909,  711,  707,  590,  399,  779,  594,  769,  321,  312,  363,  717,  640,  375,  594,  265,  351,  588,    0,  100,  255,  686,  209,  857,  477,  136,  244,  880,  683,  428,  875,  100,  379,  173,  369,  143,  113,  567,  531,  224,  709,  750],
        [  287,  287,  620,  196,  809,  549,  734,  246,  407,  674,  649,  446,  457,  470,  664,   28,  201,  442,  475,  464,  621,  676,  640,  777,  548,  242,  770,  265,  281,  164,  412,  293,  346,  108,  371,  699,  839,  685,  615,  580,  311,  811,  587,  695,  404,  407,  289,  679,  686,  296,  548,  353,  270,  493,  100,    0,  161,  587,  308,  796,  395,  164,  170,  826,  712,  329,  810,  184,  282,  263,  422,  234,  174,  471,  482,  300,  614,  658],
        [  235,  235,  761,  356,  796,  681,  763,   86,  534,  751,  761,  574,  564,  561,  594,  140,  351,  594,  415,  491,  750,  657,  675,  906,  388,  283,  776,  424,  285,  176,  572,  144,  407,  146,  335,  826,  795,  731,  455,  655,  155,  931,  666,  648,  519,  543,  161,  707,  820,  270,  570,  478,  127,  385,  255,  161,    0,  434,  463,  775,  245,  311,  201,  818,  830,  183,  779,  344,  127,  396,  566,  394,  290,  313,  501,  414,  455,  555],
        [  411,  411, 1108,  781,  769, 1010,  849,  361,  964,  952, 1040,  908,  858,  824,  461,  562,  784,  979,  408,  647, 1069,  650,  794, 1214,  167,  679,  803,  837,  508,  583,  983,  295,  657,  520,  446, 1135,  685,  867,  180,  869,  329, 1215,  886,  567,  942,  975,  413,  804, 1147,  456,  689,  907,  390,  253,  686,  587,  434,    0,  894,  730,  321,  707,  523,  801, 1116,  260,  709,  766,  309,  829,  934,  817,  721,  134,  637,  839,  106,  323],
        [  563,  563,  479,  122,  992,  462,  860,  545,  186,  715,  606,  397,  469,  519,  921,  334,  115,  279,  735,  630,  529,  876,  767,  664,  844,  340,  929,  135,  517,  365,  181,  600,  491,  392,  623,  601, 1058,  784,  911,  639,  601,  725,  637,  926,  228,  157,  554,  812,  564,  554,  707,  167,  550,  786,  209,  308,  463,  894,    0,  990,  673,  241,  425, 1000,  642,  636, 1015,  144,  587,  130,  313,  100,  214,  775,  656,  195,  917,  943],
        [  540,  540,  843,  882,   45,  743,  243,  787, 1157,  473,  657,  698,  600,  533,  273,  775,  938,  857,  374,  361,  755,  120,  282,  830,  867, 1029,  133,  861,  515,  930,  941,  706,  500,  692,  441,  777,  116,  328,  904,  460,  832,  783,  476,  164, 1174, 1140,  902,  246,  823,  510,  290, 1113,  860,  495,  857,  796,  775,  730,  990,    0,  903,  756,  626,   79,  720,  684,   46,  858,  733, 1024,  787,  892,  963,  763,  335, 1080,  835,  425],
        [  405,  405, 1005,  582,  934,  925,  945,  166,  697,  971,  999,  818,  803,  793,  670,  380,  559,  836,  530,  686,  994,  797,  866, 1149,  193,  391,  936,  658,  487,  316,  804,  207,  630,  388,  494, 1069,  894,  930,  251,  876,   95, 1172,  890,  753,  664,  717,  121,  891, 1064,  453,  757,  642,  127,  426,  477,  395,  245,  321,  673,  903,    0,  554,  432,  961, 1070,  221,  897,  574,  186,  578,  810,  620,  469,  194,  690,  569,  284,  575],
        [  335,  335,  456,  126,  761,  387,  648,  396,  402,  546,  495,  286,  311,  339,  682,  175,  185,  284,  497,  399,  459,  640,  553,  614,  693,  363,  705,  136,  279,  315,  277,  421,  261,  187,  385,  537,  820,  583,  760,  456,  465,  652,  460,  686,  422,  385,  452,  596,  522,  318,  480,  360,  430,  563,  136,  164,  311,  707,  241,  756,  554,    0,  197,  771,  554,  450,  778,  102,  417,  273,  258,  142,  245,  604,  423,  338,  749,  711],
        [  140,  140,  595,  303,  640,  504,  577,  267,  558,  550,  568,  398,  372,  362,  505,  150,  339,  457,  315,  303,  570,  506,  485,  723,  534,  406,  605,  332,  112,  314,  470,  255,  206,   69,  206,  643,  670,  537,  600,  454,  338,  741,  466,  527,  564,  552,  361,  521,  644,  132,  387,  508,  325,  367,  244,  170,  201,  523,  425,  626,  432,  197,    0,  657,  639,  275,  640,  281,  261,  416,  412,  330,  341,  433,  319,  464,  577,  519],
        [  584,  584,  814,  896,   34,  718,  193,  837, 1172,  429,  619,  683,  585,  518,  348,  806,  955,  846,  431,  373,  722,  165,  255,  785,  934, 1063,   83,  868,  548,  967,  937,  760,  511,  725,  485,  737,  184,  286,  973,  431,  886,  733,  446,  238, 1192, 1152,  952,  213,  787,  550,  293, 1130,  910,  561,  880,  826,  818,  801, 1000,   79,  961,  771,  657,    0,  677,  741,  118,  872,  786, 1042,  776,  903,  989,  828,  350, 1102,  906,  501],
        [  711,  711,  199,  614,  692,  182,  484,  904,  820,  248,   78,  270,  268,  293,  844,  715,  683,  368,  743,  492,  116,  661,  443,  112, 1164,  909,  595,  531,  614,  868,  481,  889,  461,  684,  674,   70,  831,  393, 1227,  278,  976,  102,  259,  772,  868,  783,  986,  475,  129,  664,  492,  809,  956,  887,  683,  712,  830, 1116,  642,  720, 1070,  554,  639,  677,    0,  902,  763,  601,  898,  755,  332,  591,  779, 1056,  511,  827, 1192,  959],
        [  199,  199,  869,  522,  714,  777,  729,  131,  717,  774,  827,  671,  636,  613,  462,  303,  528,  727,  311,  478,  841,  577,  653,  991,  262,  455,  716,  578,  293,  351,  724,   40,  445,  263,  278,  912,  681,  720,  327,  682,  151, 1003,  697,  538,  701,  725,  233,  676,  916,  249,  543,  661,  193,  226,  428,  329,  183,  260,  636,  684,  221,  450,  275,  741,  902,    0,  679,  507,   66,  578,  686,  558,  472,  158,  478,  596,  303,  392],
        [  546,  546,  883,  904,   87,  781,  287,  787, 1179,  516,  699,  733,  635,  568,  249,  788,  958,  890,  371,  388,  795,  139,  323,  873,  851, 1040,  178,  887,  529,  939,  972,  703,  526,  704,  447,  819,   71,  372,  885,  500,  828,  827,  517,  146, 1194, 1163,  901,  289,  865,  519,  322, 1133,  859,  481,  875,  810,  779,  709, 1015,   46,  897,  778,  640,  118,  763,  679,    0,  880,  731, 1043,  821,  916,  979,  749,  361, 1098,  814,  397],
        [  420,  420,  473,   25,  862,  424,  744,  429,  301,  626,  551,  335,  383,  421,  778,  206,   91,  279,  592,  500,  497,  741,  649,  647,  731,  311,  804,   88,  374,  292,  231,  473,  361,  253,  480,  574,  921,  675,  799,  541,  493,  695,  543,  786,  324,  284,  461,  693,  549,  410,  580,  260,  448,  645,  100,  184,  344,  766,  144,  858,  574,  102,  281,  872,  601,  507,  880,    0,  464,  177,  279,   52,  179,  653,  524,  246,  797,  799],
        [  219,  219,  852,  477,  760,  764,  761,   66,  659,  788,  826,  657,  631,  615,  520,  258,  477,  698,  360,  500,  830,  622,  680,  983,  277,  391,  756,  539,  303,  287,  687,   29,  449,  233,  311,  903,  736,  745,  345,  693,  101, 1000,  707,  591,  641,  669,  173,  707,  904,  267,  571,  603,  132,  289,  379,  282,  127,  309,  587,  733,  186,  417,  261,  786,  898,   66,  731,  464,    0,  521,  663,  514,  414,  190,  504,  536,  334,  456],
        [  546,  546,  603,  156, 1030,  574,  920,  470,  145,  801,  712,  497,  556,  597,  920,  290,   88,  401,  730,  670,  644,  905,  825,  785,  759,  217,  977,  226,  522,  263,  310,  539,  533,  366,  622,  719, 1079,  852,  823,  717,  516,  842,  718,  940,  151,  148,  457,  868,  685,  548,  751,   92,  460,  755,  173,  263,  396,  829,  130, 1024,  578,  273,  416, 1042,  755,  578, 1043,  177,  521,    0,  424,  168,  110,  703,  693,   73,  838,  920],
        [  530,  530,  199,  288,  777,  151,  607,  650,  495,  423,  294,   98,  194,  259,  801,  433,  354,   70,  642,  445,  221,  688,  524,  369,  940,  589,  697,  202,  443,  563,  173,  662,  329,  431,  540,  297,  878,  520, 1007,  364,  720,  420,  356,  770,  540,  460,  710,  569,  271,  495,  500,  479,  687,  750,  369,  422,  566,  934,  313,  787,  810,  258,  412,  776,  332,  686,  821,  279,  663,  424,    0,  261,  456,  844,  472,  496,  988,  872],
        [  469,  469,  449,   39,  894,  411,  768,  479,  272,  636,  546,  330,  390,  435,  823,  257,   94,  250,  638,  532,  482,  777,  674,  628,  780,  335,  833,   60,  419,  329,  187,  524,  393,  304,  526,  558,  959,  695,  848,  555,  541,  681,  555,  827,  303,  250,  506,  719,  529,  457,  610,  239,  494,  694,  143,  234,  394,  817,  100,  892,  620,  142,  330,  903,  591,  558,  916,   52,  514,  168,  261,    0,  200,  703,  558,  240,  847,  848],
        [  460,  460,  648,  168,  974,  602,  883,  361,  245,  791,  728,  512,  553,  583,  838,  199,  110,  449,  648,  620,  675,  844,  788,  824,  649,  136,  929,  257,  451,  155,  377,  433,  491,  281,  544,  752, 1010,  824,  714,  701,  407,  873,  705,  867,  234,  256,  349,  829,  725,  469,  704,  189,  350,  659,  113,  174,  290,  721,  214,  963,  469,  245,  341,  989,  779,  472,  979,  179,  414,  110,  456,  200,    0,  594,  641,  128,  728,  826],
        [  346,  346, 1027,  667,  798,  934,  845,  234,  835,  916,  980,  829,  791,  765,  508,  447,  663,  883,  405,  613,  997,  667,  778, 1147,  114,  547,  816,  728,  443,  453,  876,  184,  596,  418,  408, 1067,  737,  849,  172,  826,  196, 1156,  842,  604,  812,  849,  280,  795, 1073,  395,  669,  779,  257,  269,  567,  471,  313,  134,  775,  763,  194,  604,  433,  828, 1056,  158,  749,  653,  190,  703,  844,  703,  594,    0,  609,  710,  146,  395],
        [  285,  285,  572,  548,  338,  466,  262,  541,  824,  317,  435,  394,  304,  243,  343,  465,  606,  541,  238,   28,  501,  223,  177,  619,  722,  722,  289,  527,  217,  632,  614,  483,  166,  387,  202,  548,  411,  242,  777,  240,  602,  601,  259,  298,  843,  806,  652,  207,  579,  239,   70,  781,  611,  391,  531,  482,  501,  637,  656,  335,  690,  423,  319,  350,  511,  478,  361,  524,  504,  693,  472,  558,  641,  609,    0,  753,  727,  449],
        [  587,  587,  672,  226, 1089,  646,  985,  479,  128,  871,  784,  569,  627,  667,  964,  326,  156,  471,  774,  731,  716,  962,  890,  856,  756,  186, 1039,  298,  573,  259,  376,  557,  596,  407,  669,  790, 1132,  920,  818,  787,  518,  914,  788,  991,  106,  152,  449,  933,  755,  594,  813,   74,  459,  787,  224,  300,  414,  839,  195, 1080,  569,  338,  464, 1102,  827,  596, 1098,  246,  536,   73,  496,  240,  128,  710,  753,    0,  840,  954],
        [  481,  481, 1170,  810,  874, 1076,  948,  372,  967, 1040, 1116,  971,  929,  900,  566,  591,  804, 1028,  505,  734, 1138,  753,  888, 1286,   95,  668,  905,  873,  579,  582, 1021,  329,  731,  563,  530, 1206,  790,  961,   78,  953,  323, 1292,  970,  672,  939,  982,  395,  901, 1214,  529,  782,  911,  382,  352,  709,  614,  455,  106,  917,  835,  284,  749,  577,  906, 1192,  303,  814,  797,  334,  838,  988,  847,  728,  146,  727,  840,    0,  428],
        [  380,  380, 1007,  821,  467,  901,  590,  522, 1064,  750,  884,  814,  737,  684,  154,  631,  851,  932,  230,  470,  944,  370,  560, 1068,  480,  837,  519,  845,  439,  730,  973,  428,  547,  556,  335,  996,  365,  634,  503,  685,  534, 1048,  704,  264, 1059, 1062,  621,  556, 1023,  394,  475, 1010,  583,  170,  750,  658,  555,  323,  943,  425,  575,  711,  519,  501,  959,  392,  397,  799,  456,  920,  872,  848,  826,  395,  449,  954,  428,    0]
    ]
}
