{
    "name": "random-64-2725",
    "comment": "size=64 seed=2725",
    "nodes": ["+0", "-0", "+1", "-1", "+2", "-2", "+3", "-3", "+4", "-4", "+5", "-5", "+6", "-6", "+7", "-7", "+8", "-8", "+9", "-9", "+10", "-10", "+11", "-11", "+12", "-12", "+13", "-13", "+14", "-14", "+15", "-15", "+16", "-16", "+17", "-17", "+18", "-18", "+19", "-19", "+20", "-20", "+21", "-21", "+22", "-22", "+23", "-23", "+24", "-24", "+25", "-25", "+26", "-26", "+27", "-27", "+28", "-28", "+29", "-29", "+30", "-30", "+31", "-31", "+32", "-32", "+33", "-33", "+34", "-34", "+35", "-35", "+36", "-36", "+37", "-37", "+38", "-38", "+39", "-39", "+40", "-40", "+41", "-41", "+42", "-42", "+43", "-43", "+44", "-44", "+45", "-45", "+46", "-46", "+47", "-47", "+48", "-48", "+49", "-49", "+50", "-50", "+51", "-51", "+52", "-52", "+53", "-53", "+54", "-54", "+55", "-55", "+56", "-56", "+57", "-57", "+58", "-58", "+59", "-59", "+60", "-60", "+61", "-61", "+62", "-62", "+63", "-63", "+64", "-64"],
    "precedence": {
        "+0": "-0",
        "+1": "-1",
        "+2": "-2",
        "+3": "-3",
        "+4": "-4",
        "+5": "-5",
        "+6": "-6",
        "+7": "-7",
        "+8": "-8",
        "+9": "-9",
        "+10": "-10",
        "+11": "-11",
        "+12": "-12",
        "+13": "-13",
        "+14": "-14",
        "+15": "-15",
        "+16": "-16",
        "+17": "-17",
        "+18": "-18",
        "+19": "-19",
        "+20": "-20",
        "+21": "-21",
        "+22": "-22",
        "+23": "-23",
        "+24": "-24",
        "+25": "-25",
        "+26": "-26",
        "+27": "-27",
        "+28": "-28",
        "+29": "-29",
        "+30": "-30",
        "+31": "-31",
        "+32": "-32",
        "+33": "-33",
        "+34": "-34",
        "+35": "-35",
        "+36": "-36",
        "+37": "-37",
        "+38": "-38",
        "+39": "-39",
        "+40": "-40",
        "+41": "-41",
        "+42": "-42",
        "+43": "-43",
        "+44": "-44",
        "+45": "-45",
        "+46": "-46",
        "+47": "-47",
        "+48": "-48",
        "+49": "-49",
        "+50": "-50",
        "+51": "-51",
        "+52": "-52",
        "+53": "-53",
        "+54": "-54",
        "+55": "-55",
        "+56": "-56",
        "+57": "-57",
        "+58": "-58",
        "+59": "-59",
        "+60": "-60",
        "+61": "-61",
        "+62": "-62",
        "+63": "-63",
        "+64": "-64"
    },
    "edges": [
        [    0,    0,  490,  828,  931, 1124,  860, 1088,  424,  460,   98,  273,  596,  658,  925,  725,  944,  397,  981,  913,  917,  909,  889,  764,  926, 1015,  625,  871,  658,  557,  521,  789,  615,  198, 1102,  639,  959,  476,  751,  596,  491,  465,  609,  501,  265,  499,  520,  995,  172,  341,  503,  596, 1085,  958,  133,  727,  523,  126,  491,  885,  617,  408,  403,  778,  115,  355,  753,   95,  827,  414,  640,  832,  336,  402,  772, 1073, 1060,  852,  717,  704,  934,  689,  784,  724,  381,  920,  725,   98, 1147, 1086,  687,  251,  582,  257,  615,  881,  500,  935,  498,  899,  840,  193,  891,  463,  902,  548,  934,  968,  620,  423,  812, 1135,  487,  684,  742, 1221,  746,  470,  248,  636,  842,  545,  706,  893,  935,  668,  926,  932,  567,  347],
        [    0,    0,    0,    0,    0,    0,    0,    0,    0,    0,    0,    0,    0,    0,    0,    0,    0,    0,    0,    0,    0,    0,    0,    0,    0,    0,    0,    0,    0,    0,    0,    0,    0,    0,    0,    0,    0,    0,    0,    0,    0,    0,    0,    0,    0,    0,    0,    0,    0,    0,    0,    0,    0,    0,    0,    0,    0,    0,    0,    0,    0,    0,    0,    0,    0,    0,    0,    0,    0,    0,    0,    0,    0,    0,    0,    0,    0,    0,    0,    0,    0,    0,    0,    0,    0,    0,    0,    0,    0,    0,    0,    0,    0,    0,    0,    0,    0,    0,    0,    0,    0,    0,    0,    0,    0,    0,    0,    0,    0,    0,    0,    0,    0,    0,    0,    0,    0,    0,    0,    0,    0,    0,    0,    0,    0,    0,    0,    0,    0,    0],
        [  490,    0,    0,  366,  489,  637,  442,  616,   95,  367,  578,  235,  446,  550,  493,  325,  497,  446,  542,  441,  450,  645,  623,  379,  479,  531,  317,  437,  180,  377,  318,  445,  139,  452,  635,  154,  478,  119,  315,  151,   91,  284,  284,  265,  270,   12,  383,  579,  332,  164,  475,  108,  597,  531,  384,  353,   58,  366,   91,  678,  369,  397,  321,  424,  475,  305,  468,  552,  504,  186,  267,  393,  174,  201,  401,  584,  575,  472,  393,  327,  545,  200,  302,  246,  217,  444,  352,  581,  657,  601,  457,  262,  442,  455,  490,  407,  108,  500,   50,  414,  425,  364,  569,  217,  625,   61,  580,  480,  356,  333,  662,  651,  188,  401,  336,  736,  431,  136,  248,  166,  488,  213,  313,  578,  532,  388,  485,  447,  160,  159],
        [  828,    0,  366,    0,  132,  327,  494,  262,  407,  701,  922,  555,  738,  560,  147,  468,  136,  626,  515,  361,   90,  814,  447,  513,  454,  217,  561,  102,  294,  675,  626,  258,  317,  816,  275,  221,  340,  456,  405,  373,  338,  433,  531,  387,  571,  355,  698,  239,  658,  488,  588,  266,  305,  530,  704,  201,  367,  711,  423,  545,  632,  746,  509,  573,  783,  531,  667,  902,  310,  424,  228,  427,  492,  440,  206,  311,  375,  571,  276,  497,  244,  214,  268,  284,  575,  346,  515,  924,  389,  396,  404,  578,  739,  709,  518,   70,  328,  495,  340,  274,  133,  726,  347,  393,  437,  308,  316,  282,  613,  504,  589,  323,  357,  627,  463,  409,  295,  473,  602,  201,  614,  498,  177,  718,  573,  332,  130,  149,  264,  482],
        [  931,    0,  489,  132,    0,  308,  605,  193,  518,  832, 1027,  660,  869,  568,   32,  593,   18,  686,  607,  455,   93,  933,  391,  635,  552,  220,  691,   62,  425,  806,  757,  239,  448,  935,  192,  349,  419,  584,  528,  504,  449,  504,  661,  458,  669,  478,  829,  112,  760,  597,  629,  394,  306,  628,  803,  232,  495,  819,  551,  498,  762,  875,  581,  695,  876,  611,  793, 1010,  271,  519,  299,  539,  599,  533,  207,  327,  422,  686,  289,  624,  147,  345,  387,  410,  702,  437,  640, 1028,  395,  438,  411,  680,  870,  787,  538,  140,  437,  594,  458,  364,  109,  844,  282,  478,  376,  433,  230,  347,  743,  572,  562,  286,  447,  755,  586,  361,  291,  602,  717,  324,  731,  629,  234,  834,  678,  354,    8,  198,  367,  590],
        [ 1124,    0,  637,  327,  308,    0,  513,  142,  703,  899, 1215,  857,  888,  869,  337,  571,  291,  953,  452,  341,  249,  842,  693,  590,  425,  113,  705,  354,  493,  840,  806,  544,  533, 1078,  169,  486,  276,  690,  503,  575,  639,  759,  685,  713,  879,  628,  875,  371,  959,  786,  913,  530,   52,  486, 1008,  516,  616, 1002,  662,  801,  774,  957,  834,  641, 1093,  853,  751, 1189,  578,  739,  555,  466,  792,  756,  505,   85,  200,  598,  584,  609,  442,  440,  384,  439,  815,  320,  613, 1217,  102,  198,  712,  882,  895, 1031,  834,  260,  634,  462,  627,  280,  407,  996,  584,  715,  677,  578,  524,  208,  755,  830,  869,   46,  677,  741,  557,  104,  593,  704,  884,  492,  650,  688,  501,  739,  551,  647,  315,  194,  578,  780],
        [  860,    0,  442,  494,  605,  513,    0,  593,  536,  478,  928,  657,  416,  951,  629,  136,  599,  886,  127,  173,  515,  337,  925,  108,   98,  466,  261,  594,  284,  389,  382,  726,  311,  736,  625,  389,  238,  394,  128,  293,  514,  711,  262,  681,  699,  441,  433,  716,  737,  594,  906,  393,  462,   99,  787,  641,  385,  739,  389, 1012,  311,  547,  760,  138,  882,  746,  245,  891,  786,  625,  598,   68,  606,  641,  670,  428,  331,   87,  712,  161,  736,  336,  228,  239,  481,  195,  146,  933,  460,  348,  822,  683,  427,  890,  895,  465,  525,   82,  474,  253,  623,  681,  833,  644,  918,  415,  808,  310,  296,  769, 1030,  552,  607,  256,  119,  609,  744,  395,  622,  437,  138,  316,  599,  235,   93,  742,  607,  425,  528,  591],
        [ 1088,    0,  616,  262,  193,  142,  593,    0,  666,  921, 1182,  816,  931,  759,  218,  625,  175,  872,  556,  422,  173,  929,  562,  654,  517,  128,  747,  250,  503,  876,  835,  430,  537, 1067,   33,  464,  365,  691,  555,  588,  598,  685,  722,  639,  832,  606,  906,  234,  919,  748,  820,  511,  167,  586,  965,  421,  607,  970,  660,  671,  818,  973,  762,  710, 1043,  788,  817, 1161,  455,  685,  477,  537,  753,  701,  399,  200,  319,  680,  481,  661,  311,  434,  419,  463,  815,  401,  670, 1184,  242,  325,  603,  839,  936,  966,  730,  210,  589,  558,  596,  342,  300,  980,  454,  651,  544,  557,  391,  287,  799,  755,  744,  105,  616,  796,  613,  170,  483,  707,  859,  456,  730,  709,  416,  827,  647,  546,  200,  188,  525,  742],
        [  424,    0,   95,  407,  518,  703,  536,  666,    0,  401,  517,  155,  500,  479,  517,  417,  529,  353,  636,  531,  495,  726,  588,  470,  572,  593,  394,  461,  271,  432,  372,  429,  232,  421,  681,  220,  564,  183,  409,  244,   70,  204,  362,  196,  183,   97,  429,  596,  257,   84,  389,  181,  665,  625,  307,  344,  151,  305,  166,  630,  437,  416,  231,  512,  394,  211,  547,  496,  482,   97,  252,  487,   90,  110,  393,  656,  657,  564,  367,  416,  549,  277,  390,  336,  235,  533,  442,  519,  732,  683,  406,  181,  494,  363,  418,  458,   83,  594,   78,  497,  439,  329,  549,  142,  594,  137,  572,  560,  427,  245,  602,  712,  126,  478,  428,  798,  403,  195,  199,  213,  578,  287,  312,  664,  625,  346,  513,  509,  155,   78],
        [  460,    0,  367,  701,  832,  899,  478,  921,  401,    0,  498,  398,  138,  867,  842,  356,  837,  679,  604,  595,  774,  451,  985,  371,  567,  810,  218,  788,  419,  103,   98,  812,  388,  286,  946,  484,  658,  253,  412,  334,  447,  593,  224,  594,  441,  377,   62,  932,  414,  383,  751,  442,  850,  572,  449,  720,  341,  370,  286, 1031,  177,   70,  590,  361,  529,  548,  306,  457,  870,  484,  633,  479,  393,  489,  768,  825,  766,  440,  758,  322,  906,  493,  516,  462,  168,  610,  333,  505,  882,  789,  806,  411,  124,  605,  808,  723,  465,  560,  413,  624,  784,  269,  935,  538,  989,  410,  946,  700,  188,  610,  999,  926,  526,  246,  374, 1003,  795,  235,  303,  516,  414,  213,  680,  444,  530,  745,  829,  735,  526,  386],
        [   98,    0,  578,  922, 1027, 1215,  928, 1182,  517,  498,    0,  368,  630,  746, 1022,  793, 1040,  482, 1051,  992, 1011,  947,  983,  827,  999, 1106,  683,  968,  742,  599,  571,  886,  698,  215, 1197,  730, 1040,  553,  824,  674,  585,  561,  671,  598,  362,  587,  559, 1092,  268,  434,  589,  685, 1174, 1026,  230,  824,  608,  213,  572,  975,  666,  439,  498,  836,  194,  450,  801,   43,  923,  511,  737,  905,  430,  499,  869, 1161, 1144,  913,  814,  769, 1031,  777,  867,  807,  447, 1000,  788,    8, 1234, 1169,  781,  347,  615,  337,  704,  974,  594, 1004,  589,  983,  937,  248,  987,  560,  996,  638, 1031, 1053,  672,  518,  899, 1227,  584,  735,  810, 1312,  843,  545,  332,  729,  898,  612,  803,  940,  998,  764, 1022, 1023,  662,  441],
        [  273,    0,  235,  555,  660,  857,  657,  816,  155,  398,  368,    0,  523,  486,  655,  529,  672,  282,  767,  675,  644,  795,  663,  577,  706,  747,  469,  600,  414,  462,  407,  534,  371,  312,  830,  375,  713,  268,  535,  369,  220,  230,  443,  253,   47,  242,  444,  727,  103,   73,  357,  334,  820,  751,  152,  463,  281,  162,  269,  681,  492,  386,  201,  609,  241,  154,  620,  352,  579,  148,  373,  616,   65,  140,  510,  810,  809,  672,  464,  519,  671,  430,  537,  480,  241,  679,  543,  370,  886,  835,  463,   27,  513,  236,  430,  610,  228,  723,  232,  648,  571,  223,  645,  205,  672,  288,  680,  712,  487,  223,  630,  865,  221,  547,  543,  952,  497,  272,  103,  366,  675,  366,  438,  750,  743,  425,  654,  663,  294,   78],
        [  596,    0,  446,  738,  869,  888,  416,  931,  500,  138,  630,  523,    0,  977,  883,  319,  871,  804,  536,  561,  800,  318, 1068,  313,  512,  812,  185,  832,  444,   69,  129,  884,  424,  416,  959,  532,  627,  328,  386,  367,  534,  701,  211,  695,  568,  455,   81,  975,  548,  498,  870,  497,  837,  500,  585,  790,  406,  507,  356, 1123,  115,  192,  708,  282,  666,  669,  197,  588,  945,  591,  709,  435,  510,  598,  835,  809,  733,  358,  838,  281,  961,  525,  514,  470,  284,  579,  281,  637,  857,  753,  901,  539,   16,  739,  917,  747,  552,  495,  495,  609,  837,  406, 1007,  641, 1069,  476, 1010,  682,  133,  726, 1101,  921,  623,  161,  335,  991,  875,  311,  434,  572,  321,  246,  747,  327,  447,  834,  868,  745,  604,  500],
        [  658,    0,  550,  560,  568,  869,  951,  759,  479,  867,  746,  486,  977,    0,  542,  859,  585,  265, 1019,  878,  623, 1194,  285,  914,  953,  767,  867,  516,  669,  909,  849,  330,  649,  782,  754,  562,  879,  659,  827,  688,  461,  276,  833,  286,  453,  545,  903,  555,  531,  485,  158,  561,  858, 1021,  540,  360,  605,  610,  638,  238,  915,  867,  286,  965,  553,  335, 1017,  752,  315,  386,  361,  889,  475,  380,  365,  868,  932, 1002,  286,  868,  470,  619,  742,  714,  700,  869,  893,  743,  945,  954,  158,  484,  969,  411,   61,  628,  445,  986,  504,  805,  463,  701,  349,  338,  304,  550,  416,  834,  903,  264,  154,  852,  363,  951,  865,  928,  277,  673,  589,  516, 1027,  761,  387, 1122, 1042,  229,  561,  708,  424,  482],
        [  925,    0,  493,  147,   32,  337,  629,  218,  517,  842, 1022,  655,  883,  542,    0,  613,   47,  669,  636,  482,  122,  955,  360,  656,  580,  251,  707,   57,  440,  820,  769,  213,  460,  936,  213,  359,  448,  592,  549,  517,  448,  491,  676,  445,  662,  482,  841,   92,  754,  594,  609,  401,  337,  655,  796,  215,  503,  815,  559,  467,  778,  883,  568,  716,  866,  600,  813, 1006,  242,  512,  289,  564,  595,  526,  186,  358,  453,  710,  267,  643,  117,  359,  409,  429,  707,  464,  660, 1023,  425,  469,  386,  675,  884,  774,  514,  166,  435,  621,  459,  392,   91,  844,  251,  468,  345,  439,  200,  377,  759,  558,  533,  313,  439,  773,  607,  387,  266,  610,  716,  329,  754,  641,  222,  858,  704,  333,   26,  227,  364,  587],
        [  725,    0,  325,  468,  593,  571,  136,  625,  417,  356,  793,  529,  319,  859,  613,    0,  591,  770,  259,  245,  512,  353,  869,   56,  214,  501,  141,  569,  198,  277,  258,  671,  211,  603,  654,  310,  310,  262,   71,  176,  406,  605,  133,  579,  572,  327,  317,  704,  604,  468,  798,  300,  520,  234,  655,  580,  267,  604,  261,  946,  205,  423,  646,  111,  749,  627,  200,  756,  733,  510,  521,  124,  480,  525,  616,  491,  417,  148,  645,   38,  708,  272,  210,  185,  346,  262,   47,  798,  539,  438,  742,  554,  326,  763,  801,  459,  419,  213,  364,  292,  588,  546,  787,  537,  865,  310,  772,  365,  187,  658,  952,  605,  503,  172,   19,  673,  680,  262,  488,  359,  168,  181,  535,  268,  215,  664,  593,  441,  436,  465],
        [  944,    0,  497,  136,   18,  291,  599,  175,  529,  837, 1040,  672,  871,  585,   47,  591,    0,  702,  599,  447,   85,  929,  406,  632,  545,  205,  692,   78,  428,  809,  760,  256,  452,  945,  175,  355,  409,  591,  525,  508,  460,  519,  663,  474,  682,  486,  833,  117,  773,  608,  646,  400,  291,  620,  816,  248,  502,  831,  558,  514,  764,  881,  597,  692,  889,  626,  791, 1022,  288,  533,  314,  535,  611,  547,  225,  311,  409,  681,  306,  623,  161,  348,  384,  410,  709,  428,  638, 1041,  378,  424,  429,  693,  873,  802,  555,  135,  448,  587,  467,  356,  126,  854,  298,  492,  391,  441,  244,  336,  745,  588,  579,  268,  461,  755,  584,  344,  309,  608,  727,  332,  727,  633,  249,  830,  671,  372,   25,  187,  378,  602],
        [  397,    0,  446,  626,  686,  953,  886,  872,  353,  679,  482,  282,  804,  265,  669,  770,  702,    0,  981,  862,  709, 1067,  522,  823,  915,  842,  736,  625,  611,  742,  686,  480,  577,  539,  876,  529,  883,  524,  759,  596,  376,  197,  706,  242,  238,  446,  725,  713,  290,  315,  108,  507,  928,  972,  287,  455,  503,  365,  514,  498,  767,  662,  130,  863,  289,  144,  889,  491,  497,  262,  399,  834,  303,  246,  487,  928,  961,  917,  411,  768,  636,  592,  717,  672,  521,  859,  793,  479, 1007,  986,  331,  269,  794,  147,  229,  694,  369,  940,  413,  810,  579,  467,  552,  254,  538,  475,  609,  859,  760,  126,  418,  948,  295,  818,  781, 1032,  426,  533,  378,  496,  929,  629,  457, 1013,  977,  346,  679,  766,  394,  316],
        [  981,    0,  542,  515,  607,  452,  127,  556,  636,  604, 1051,  767,  536, 1019,  636,  259,  599,  981,    0,  155,  515,  399,  960,  234,   67,  432,  386,  609,  370,  513,  508,  765,  406,  861,  588,  462,  194,  509,  233,  399,  606,  797,  388,  763,  807,  540,  557,  715,  851,  701,  990,  476,  404,   39,  903,  687,  489,  858,  500, 1054,  435,  673,  852,  254,  997,  844,  353, 1015,  822,  720,  660,  152,  712,  737,  710,  369,  255,  182,  763,  287,  749,  402,  278,  312,  604,  172,  272, 1056,  380,  264,  881,  793,  547,  996,  966,  472,  614,   47,  569,  245,  647,  804,  862,  732,  951,  507,  827,  272,  420,  860, 1084,  496,  693,  376,  241,  538,  791,  513,  740,  506,  229,  439,  648,  298,  106,  801,  611,  413,  605,  697],
        [  913,    0,  441,  361,  455,  341,  173,  422,  531,  595,  992,  675,  561,  878,  482,  245,  447,  862,  155,    0,  363,  508,  807,  253,   99,  295,  384,  455,  262,  521,  499,  613,  304,  821,  454,  334,   67,  440,  184,  318,  490,  672,  372,  633,  711,  436,  561,  564,  768,  605,  861,  357,  290,  173,  820,  538,  395,  788,  422,  902,  449,  660,  733,  302,  913,  730,  411,  959,  669,  605,  517,  128,  615,  623,  558,  257,  173,  259,  614,  282,  595,  271,  145,  196,  553,   22,  281,  996,  296,  194,  735,  702,  570,  894,  826,  318,  495,  141,  458,   91,  493,  751,  708,  609,  797,  395,  673,  137,  431,  738,  935,  380,  569,  407,  228,  439,  641,  448,  666,  372,  311,  398,  500,  405,  228,  655,  458,  264,  474,  600],
        [  917,    0,  450,   90,   93,  249,  515,  173,  495,  774, 1011,  644,  800,  623,  122,  512,   85,  709,  515,  363,    0,  846,  473,  551,  460,  146,  618,  113,  358,  740,  693,  302,  386,  901,  187,  300,  327,  533,  445,  441,  427,  518,  590,  471,  660,  439,  765,  202,  747,  577,  665,  347,  236,  536,  793,  268,  447,  799,  501,  578,  690,  821,  595,  611,  872,  618,  711,  990,  345,  513,  311,  451,  581,  529,  259,  250,  335,  598,  337,  545,  238,  281,  303,  333,  655,  344,  559, 1013,  324,  352,  465,  667,  803,  797,  586,   54,  417,  502,  427,  272,  164,  812,  366,  480,  460,  391,  320,  255,  671,  589,  634,  239,  445,  678,  504,  324,  349,  550,  690,  287,  644,  565,  254,  747,  587,  399,   97,  106,  353,  570],
        [  909,    0,  645,  814,  933,  842,  337,  929,  726,  451,  947,  795,  318, 1194,  955,  353,  929, 1067,  399,  508,  846,    0, 1221,  303,  418,  802,  332,  915,  550,  353,  397, 1024,  556,  733,  961,  661,  569,  545,  410,  510,  734,  927,  364,  909,  841,  650,  390, 1044,  841,  752, 1114,  645,  792,  362,  883,  932,  590,  811,  561, 1296,  304,  509,  954,  243,  970,  924,  179,  905, 1085,  822,  870,  397,  764,  835,  969,  758,  650,  251,  996,  333, 1056,  624,  547,  535,  561,  529,  310,  954,  778,  662, 1088,  815,  334, 1025, 1134,  794,  750,  381,  691,  589,  938,  718, 1139,  861, 1217,  647, 1123,  644,  308,  969, 1297,  884,  832,  250,  354,  933, 1031,  535,  721,  710,  202,  440,  888,  104,  295, 1011,  934,  760,  779,  752],
        [  889,    0,  623,  447,  391,  693,  925,  562,  588,  985,  983,  663, 1068,  285,  360,  869,  406,  522,  960,  807,  473, 1221,    0,  920,  898,  611,  920,  363,  671,  999,  941,  199,  669,  974,  547,  561,  786,  742,  818,  722,  539,  435,  886,  412,  645,  614, 1006,  331,  736,  632,  423,  583,  696,  973,  760,  290,  663,  814,  712,  110,  982, 1004,  487,  979,  796,  537, 1056,  982,  139,  524,  360,  858,  627,  527,  255,  717,  808,  994,  231,  889,  252,  599,  698,  692,  822,  792,  911,  982,  784,  825,  203,  671, 1064,  664,  297,  501,  521,  937,  575,  720,  317,  884,  109,  464,   21,  595,  173,  723,  967,  467,  197,  664,  465, 1000,  869,  728,  194,  759,  756,  513, 1031,  827,  334, 1134, 1011,  243,  384,  576,  465,  627],
        [  764,    0,  379,  513,  635,  590,  108,  654,  470,  371,  827,  577,  313,  914,  656,   56,  632,  823,  234,  253,  551,  303,  920,    0,  201,  528,  153,  614,  252,  282,  275,  722,  266,  632,  684,  364,  320,  310,  108,  230,  461,  660,  158,  634,  621,  381,  325,  746,  649,  518,  853,  354,  539,  203,  699,  632,  321,  645,  311,  999,  205,  440,  700,   61,  793,  680,  164,  790,  784,  564,  575,  126,  531,  579,  667,  508,  423,   95,  698,   60,  755,  323,  248,  232,  384,  273,   40,  833,  549,  442,  797,  602,  323,  812,  856,  498,  474,  189,  419,  315,  635,  580,  837,  592,  916,  365,  820,  383,  189,  712, 1006,  626,  558,  155,   52,  690,  732,  308,  531,  413,  113,  220,  588,  214,  172,  718,  635,  473,  491,  516],
        [  926,    0,  479,  454,  552,  425,   98,  517,  572,  567,  999,  706,  512,  953,  580,  214,  545,  915,   67,   99,  460,  418,  898,  201,    0,  390,  349,  551,  305,  482,  470,  702,  341,  815,  549,  395,  153,  452,  175,  338,  540,  731,  346,  696,  745,  476,  524,  662,  792,  639,  923,  410,  375,   76,  844,  623,  426,  803,  441,  990,  405,  635,  787,  235,  938,  779,  342,  964,  759,  655,  593,   94,  650,  672,  646,  341,  237,  177,  697,  246,  691,  335,  211,  245,  553,  119,  236, 1004,  365,  252,  814,  732,  522,  933,  899,  415,  548,   42,  504,  189,  587,  753,  800,  666,  889,  442,  768,  230,  389,  794, 1018,  466,  627,  352,  195,  518,  726,  457,  683,  439,  229,  389,  583,  315,  130,  735,  555,  362,  538,  635],
        [ 1015,    0,  531,  217,  220,  113,  466,  128,  593,  810, 1106,  747,  812,  767,  251,  501,  205,  842,  432,  295,  146,  802,  611,  528,  390,    0,  627,  256,  396,  759,  721,  447,  434,  976,  159,  378,  240,  591,  431,  480,  528,  647,  604,  601,  768,  521,  791,  307,  849,  676,  804,  423,   91,  460,  898,  411,  513,  893,  562,  717,  698,  866,  722,  584,  982,  741,  692, 1082,  487,  627,  444,  410,  682,  644,  404,  107,  210,  552,  482,  538,  365,  336,  299,  349,  716,  274,  546, 1109,  179,  222,  610,  771,  817,  919,  729,  149,  522,  432,  518,  215,  309,  891,  502,  603,  596,  471,  449,  161,  679,  719,  777,  121,  565,  672,  489,  207,  494,  606,  777,  381,  603,  598,  392,  699,  520,  542,  227,   84,  466,  670],
        [  625,    0,  317,  561,  691,  705,  261,  747,  394,  218,  683,  469,  185,  867,  707,  141,  692,  736,  386,  384,  618,  332,  920,  153,  349,  627,    0,  658,  268,  137,  122,  729,  256,  482,  774,  366,  449,  214,  204,  200,  408,  597,   35,  581,  515,  323,  177,  799,  527,  422,  783,  338,  654,  356,  574,  635,  265,  512,  230,  986,   72,  287,  622,  154,  666,  593,  154,  644,  791,  491,  562,  263,  434,  503,  677,  627,  557,  231,  690,  105,  791,  349,  329,  287,  249,  401,  115,  689,  677,  578,  770,  492,  191,  703,  807,  565,  424,  342,  365,  425,  667,  437,  850,  531,  920,  329,  846,  500,   54,  637,  977,  736,  504,   85,  158,  808,  727,  204,  406,  411,  217,  108,  591,  281,  319,  697,  690,  560,  462,  421],
        [  871,    0,  437,  102,   62,  354,  594,  250,  461,  788,  968,  600,  832,  516,   57,  569,   78,  625,  609,  455,  113,  915,  363,  614,  551,  256,  658,    0,  390,  768,  716,  192,  408,  880,  251,  305,  428,  537,  506,  465,  392,  442,  626,  397,  608,  426,  788,  145,  700,  539,  571,  347,  346,  626,  743,  172,  448,  760,  504,  466,  728,  828,  520,  674,  814,  550,  768,  951,  233,  459,  238,  527,  540,  473,  152,  361,  446,  672,  233,  598,  143,  309,  369,  384,  652,  439,  615,  969,  434,  464,  359,  621,  833,  726,  483,  140,  379,  592,  403,  366,   54,  788,  257,  416,  350,  383,  218,  361,  710,  511,  522,  337,  386,  726,  564,  416,  240,  555,  660,  274,  715,  589,  172,  819,  672,  298,   56,  214,  308,  532],
        [  658,    0,  180,  294,  425,  493,  284,  503,  271,  419,  742,  414,  444,  669,  440,  198,  428,  611,  370,  262,  358,  550,  671,  252,  305,  396,  268,  390,    0,  383,  336,  475,   44,  589,  528,  112,  302,  199,  159,   85,  236,  430,  237,  398,  449,  175,  408,  532,  508,  343,  624,  110,  447,  363,  560,  382,  136,  533,  173,  748,  338,  471,  483,  309,  652,  475,  387,  712,  536,  351,  324,  225,  353,  368,  420,  428,  402,  335,  447,  219,  525,   82,  126,   67,  323,  266,  241,  746,  496,  428,  546,  440,  446,  633,  612,  306,  245,  330,  200,  242,  401,  510,  592,  363,  668,  138,  582,  313,  320,  491,  756,  515,  325,  338,  201,  596,  482,  212,  411,  161,  364,  208,  338,  465,  376,  467,  424,  318,  245,  338],
        [  557,    0,  377,  675,  806,  840,  389,  876,  432,  103,  599,  462,   69,  909,  820,  277,  809,  742,  513,  521,  740,  353,  999,  282,  482,  759,  137,  768,  383,    0,   60,  816,  360,  388,  903,  466,  586,  259,  341,  303,  465,  633,  155,  627,  507,  386,   45,  911,  494,  433,  805,  430,  789,  480,  534,  722,  338,  459,  288, 1054,   79,  170,  642,  264,  618,  605,  203,  558,  876,  523,  640,  399,  445,  532,  768,  763,  693,  343,  769,  240,  895,  462,  461,  413,  221,  538,  246,  606,  814,  715,  832,  479,   66,  683,  849,  687,  483,  470,  426,  561,  771,  365,  939,  573, 1001,  407,  943,  636,   94,  661, 1033,  870,  554,  145,  294,  943,  806,  242,  377,  505,  314,  180,  679,  342,  434,  765,  805,  689,  535,  434],
        [  521,    0,  318,  626,  757,  806,  382,  835,  372,   98,  571,  407,  129,  849,  769,  258,  760,  686,  508,  499,  693,  397,  941,  275,  470,  721,  122,  716,  336,   60,    0,  759,  310,  365,  861,  413,  561,  200,  316,  254,  405,  574,  127,  567,  453,  327,   73,  860,  445,  375,  747,  375,  757,  477,  487,  665,  280,  416,  229,  995,   97,  165,  584,  270,  575,  547,  233,  531,  819,  464,  582,  382,  387,  472,  711,  732,  670,  349,  710,  225,  841,  414,  424,  373,  167,  514,  236,  578,  787,  692,  772,  425,  124,  632,  789,  641,  423,  464,  367,  530,  718,  330,  882,  513,  942,  350,  887,  606,  101,  602,  973,  835,  494,  164,  277,  910,  748,  183,  326,  451,  328,  129,  623,  372,  438,  705,  755,  648,  476,  376],
        [  789,    0,  445,  258,  239,  544,  726,  430,  429,  812,  886,  534,  884,  330,  213,  671,  256,  480,  765,  613,  302, 1024,  199,  722,  702,  447,  729,  192,  475,  816,  759,    0,  475,  840,  425,  366,  597,  562,  620,  529,  370,  328,  695,  289,  528,  435,  826,  235,  623,  488,  407,  391,  537,  776,  657,   95,  479,  695,  531,  290,  793,  838,  399,  781,  713,  441,  861,  877,   62,  387,  180,  660,  486,  395,   57,  552,  630,  795,   73,  693,  156,  400,  500,  493,  655,  599,  714,  886,  625,  649,  175,  548,  882,  602,  304,  319,  352,  740,  399,  528,  139,  747,  124,  330,  194,  409,  146,  538,  777,  384,  333,  524,  317,  807,  671,  599,   56,  580,  616,  319,  832,  640,  139,  935,  813,  134,  232,  398,  287,  482],
        [  615,    0,  139,  317,  448,  533,  311,  537,  232,  388,  698,  371,  424,  649,  460,  211,  452,  577,  406,  304,  386,  556,  669,  266,  341,  434,  256,  408,   44,  360,  310,  475,    0,  546,  561,  111,  345,  158,  184,   58,  203,  401,  223,  372,  408,  135,  382,  552,  465,  301,  595,   90,  488,  396,  517,  381,   92,  489,  130,  741,  323,  437,  450,  319,  609,  439,  387,  668,  537,  316,  315,  257,  312,  332,  423,  470,  446,  354,  441,  224,  538,  106,  170,  111,  282,  309,  248,  702,  539,  472,  533,  398,  425,  593,  591,  335,  214,  364,  164,  285,  414,  467,  596,  334,  667,  104,  591,  357,  306,  459,  743,  554,  297,  332,  217,  636,  477,  172,  367,  157,  379,  182,  337,  477,  403,  456,  446,  355,  226,  297],
        [  198,    0,  452,  816,  935, 1078,  736, 1067,  421,  286,  215,  312,  416,  782,  936,  603,  945,  539,  861,  821,  901,  733,  974,  632,  815,  976,  482,  880,  589,  388,  365,  840,  546,    0, 1086,  604,  875,  391,  644,  511,  489,  540,  475,  564,  333,  462,  347, 1016,  252,  352,  636,  557, 1034,  834,  254,  761,  464,  174,  417,  989,  458,  225,  501,  634,  298,  450,  590,  173,  887,  455,  669,  721,  354,  450,  810, 1016,  982,  712,  772,  576,  968,  640,  709,  649,  269,  831,  593,  222, 1084, 1007,  774,  305,  401,  419,  730,  858,  503,  815,  478,  825,  859,   93,  954,  514,  983,  511,  985,  900,  465,  523,  931, 1097,  524,  527,  621, 1180,  806,  378,  224,  616,  693,  426,  731,  729,  800,  736,  931,  894,  575,  358],
        [ 1102,    0,  635,  275,  192,  169,  625,   33,  681,  946, 1197,  830,  959,  754,  213,  654,  175,  876,  588,  454,  187,  961,  547,  684,  549,  159,  774,  251,  528,  903,  861,  425,  561, 1086,    0,  484,  398,  713,  584,  612,  613,  691,  749,  645,  844,  625,  932,  217,  932,  763,  820,  531,  198,  618,  978,  423,  628,  986,  682,  656,  846,  997,  769,  740, 1055,  796,  847, 1177,  446,  696,  484,  568,  767,  711,  398,  231,  351,  711,  479,  690,  297,  457,  447,  490,  836,  433,  699, 1199,  270,  356,  599,  853,  963,  973,  727,  230,  603,  590,  613,  373,  300,  998,  440,  660,  529,  576,  375,  319,  827,  760,  732,  128,  626,  825,  642,  182,  479,  729,  876,  473,  762,  735,  421,  858,  679,  545,  199,  215,  537,  757],
        [  639,    0,  154,  221,  349,  486,  389,  464,  220,  484,  730,  375,  532,  562,  359,  310,  355,  529,  462,  334,  300,  661,  561,  364,  395,  378,  366,  305,  112,  466,  413,  366,  111,  604,  484,    0,  355,  236,  268,  167,  164,  339,  333,  302,  402,  144,  484,  449,  476,  303,  529,   47,  446,  461,  526,  272,  147,  517,  203,  636,  433,  526,  400,  421,  614,  402,  496,  705,  427,  278,  212,  327,  310,  295,  312,  436,  441,  445,  335,  329,  429,   64,  190,  152,  356,  330,  352,  732,  512,  467,  435,  400,  532,  572,  507,  255,  165,  426,  144,  284,  306,  517,  485,  276,  558,   94,  481,  342,  416,  405,  645,  498,  236,  442,  313,  584,  370,  253,  400,   49,  476,  287,  228,  577,  481,  356,  347,  294,  143,  297],
        [  959,    0,  478,  340,  419,  276,  238,  365,  564,  658, 1040,  713,  627,  879,  448,  310,  409,  883,  194,   67,  327,  569,  786,  320,  153,  240,  449,  428,  302,  586,  561,  597,  345,  875,  398,  355,    0,  489,  246,  367,  517,  689,  435,  648,  746,  472,  625,  524,  809,  641,  874,  386,  225,  221,  861,  529,  437,  833,  469,  885,  515,  722,  754,  368,  953,  756,  478, 1009,  650,  632,  520,  195,  651,  649,  543,  192,  109,  323,  606,  347,  563,  293,  177,  235,  606,   48,  347, 1044,  230,  133,  731,  739,  636,  924,  830,  288,  520,  193,  489,   75,  470,  802,  684,  629,  775,  428,  644,   79,  496,  757,  925,  316,  588,  474,  293,  372,  630,  499,  711,  387,  375,  456,  495,  466,  282,  652,  423,  223,  490,  636],
        [  476,    0,  119,  456,  584,  690,  394,  691,  183,  253,  553,  268,  328,  659,  592,  262,  591,  524,  509,  440,  533,  545,  742,  310,  452,  591,  214,  537,  199,  259,  200,  562,  158,  391,  713,  236,  489,    0,  278,  123,  207,  386,  183,  374,  312,  128,  265,  681,  344,  212,  570,  191,  645,  490,  395,  469,   90,  351,   34,  796,  256,  291,  409,  343,  489,  381,  367,  520,  621,  279,  384,  359,  225,  290,  516,  626,  595,  404,  512,  251,  654,  257,  319,  259,  125,  448,  276,  557,  694,  620,  574,  293,  323,  503,  599,  485,  225,  464,  168,  436,  532,  314,  685,  322,  744,  157,  694,  510,  245,  424,  777,  711,  299,  297,  277,  793,  549,   19,  231,  265,  409,  106,  428,  489,  477,  506,  581,  510,  278,  211],
        [  751,    0,  315,  405,  528,  503,  128,  555,  409,  412,  824,  535,  386,  827,  549,   71,  525,  759,  233,  184,  445,  410,  818,  108,  175,  431,  204,  506,  159,  341,  316,  620,  184,  644,  584,  268,  246,  278,    0,  168,  387,  584,  189,  555,  576,  314,  379,  639,  619,  470,  779,  267,  452,  217,  670,  530,  260,  628,  268,  900,  272,  477,  632,  168,  765,  619,  267,  790,  681,  498,  480,   82,  482,  514,  564,  423,  355,  178,  599,  107,  647,  221,  142,  127,  379,  199,  116,  829,  474,  377,  703,  561,  393,  766,  771,  392,  398,  188,  347,  223,  529,  580,  732,  517,  813,  288,  714,  297,  254,  642,  912,  536,  480,  242,   60,  605,  632,  282,  508,  317,  213,  218,  487,  317,  219,  623,  528,  371,  404,  466],
        [  596,    0,  151,  373,  504,  575,  293,  588,  244,  334,  674,  369,  367,  688,  517,  176,  508,  596,  399,  318,  441,  510,  722,  230,  338,  480,  200,  465,   85,  303,  254,  529,   58,  511,  612,  167,  367,  123,  168,    0,  231,  430,  167,  405,  409,  151,  326,  609,  455,  302,  623,  139,  528,  384,  507,  435,   93,  471,  105,  790,  267,  387,  471,  278,  601,  454,  337,  643,  591,  336,  364,  248,  314,  351,  477,  508,  472,  323,  492,  181,  595,  161,  198,  139,  243,  326,  207,  679,  573,  498,  578,  395,  368,  598,  629,  389,  245,  355,  189,  315,  471,  436,  650,  362,  720,  138,  647,  389,  250,  483,  788,  598,  329,  279,  186,  679,  529,  133,  349,  211,  341,  126,  391,  435,  382,  503,  502,  403,  269,  299],
        [  491,    0,   91,  338,  449,  639,  514,  598,   70,  447,  585,  220,  534,  461,  448,  406,  460,  376,  606,  490,  427,  734,  539,  461,  540,  528,  408,  392,  236,  465,  405,  370,  203,  489,  613,  164,  517,  207,  387,  231,    0,  199,  374,  176,  241,   85,  468,  527,  322,  151,  393,  133,  603,  598,  371,  282,  145,  374,  181,  590,  459,  469,  247,  509,  455,  241,  557,  565,  425,  116,  190,  460,  156,  134,  331,  595,  604,  553,  312,  412,  483,  225,  345,  297,  286,  489,  437,  587,  672,  630,  368,  244,  529,  409,  401,  391,   19,  565,   44,  446,  371,  397,  492,  131,  543,  100,  510,  505,  446,  256,  572,  646,   98,  491,  415,  733,  349,  223,  269,  148,  572,  303,  246,  665,  606,  301,  444,  445,   87,  145],
        [  465,    0,  284,  433,  504,  759,  711,  685,  204,  593,  561,  230,  701,  276,  491,  605,  519,  197,  797,  672,  518,  927,  435,  660,  731,  647,  597,  442,  430,  633,  574,  328,  401,  540,  691,  339,  689,  386,  584,  430,  199,    0,  564,   47,  211,  280,  627,  547,  304,  213,  195,  322,  732,  792,  333,  278,  341,  380,  367,  453,  641,  596,   78,  706,  386,  114,  749,  555,  363,  110,  208,  655,  204,  105,  318,  732,  765,  751,  255,  609,  478,  402,  528,  486,  425,  668,  635,  561,  811,  789,  234,  237,  693,  284,  217,  499,  187,  759,  242,  616,  401,  452,  427,   68,  445,  297,  471,  663,  630,   72,  409,  756,  105,  681,  614,  841,  282,  399,  328,  302,  770,  490,  271,  862,  803,  204,  497,  570,  199,  209],
        [  609,    0,  284,  531,  661,  685,  262,  722,  362,  224,  671,  443,  211,  833,  676,  133,  663,  706,  388,  372,  590,  364,  886,  158,  346,  604,   35,  626,  237,  155,  127,  695,  223,  475,  749,  333,  435,  183,  189,  167,  374,  564,    0,  548,  488,  289,  191,  768,  505,  393,  751,  305,  635,  359,  553,  601,  231,  493,  198,  952,  102,  291,  591,  171,  645,  563,  186,  633,  757,  459,  527,  256,  405,  471,  644,  608,  544,  243,  656,  101,  759,  318,  306,  260,  230,  388,  118,  677,  662,  566,  736,  466,  214,  678,  774,  537,  390,  342,  331,  407,  635,  424,  817,  498,  886,  295,  813,  482,   84,  606,  943,  715,  471,  118,  151,  789,  693,  174,  384,  378,  237,   78,  557,  308,  328,  662,  660,  535,  428,  392],
        [  501,    0,  265,  387,  458,  713,  681,  639,  196,  594,  598,  253,  695,  286,  445,  579,  474,  242,  763,  633,  471,  909,  412,  634,  696,  601,  581,  397,  398,  627,  567,  289,  372,  564,  645,  302,  648,  374,  555,  405,  176,   47,  548,    0,  241,  260,  624,  503,  335,  223,  228,  289,  686,  759,  368,  234,  320,  409,  352,  441,  629,  603,  124,  683,  427,  156,  732,  589,  329,  114,  162,  622,  216,  115,  276,  687,  722,  725,  217,  586,  437,  364,  490,  451,  426,  629,  611,  597,  766,  746,  217,  263,  689,  329,  226,  453,  161,  725,  219,  575,  356,  473,  395,   56,  420,  269,  434,  620,  617,  118,  407,  709,   78,  665,  587,  794,  247,  388,  345,  263,  746,  475,  225,  840,  773,  173,  452,  525,  160,  218],
        [  265,    0,  270,  571,  669,  879,  699,  832,  183,  441,  362,   47,  568,  453,  662,  572,  682,  238,  807,  711,  660,  841,  645,  621,  745,  768,  515,  608,  449,  507,  453,  528,  408,  333,  844,  402,  746,  312,  576,  409,  241,  211,  488,  241,    0,  275,  489,  730,   96,  107,  318,  364,  844,  792,  135,  462,  320,  170,  312,  657,  539,  426,  169,  654,  214,  119,  666,  350,  569,  150,  376,  656,   97,  137,  508,  836,  840,  716,  457,  563,  670,  459,  571,  515,  287,  714,  588,  362,  913,  866,  443,   32,  558,  192,  399,  628,  246,  763,  260,  679,  576,  248,  635,  199,  655,  320,  673,  742,  533,  191,  600,  886,  223,  593,  586,  972,  487,  316,  142,  389,  720,  412,  442,  796,  786,  412,  663,  685,  308,  112],
        [  499,    0,   12,  355,  478,  628,  441,  606,   97,  377,  587,  242,  455,  545,  482,  327,  486,  446,  540,  436,  439,  650,  614,  381,  476,  521,  323,  426,  175,  386,  327,  435,  135,  462,  625,  144,  472,  128,  314,  151,   85,  280,  289,  260,  275,    0,  393,  567,  339,  170,  473,   98,  588,  529,  391,  343,   61,  375,   99,  670,  376,  408,  320,  426,  482,  305,  473,  562,  494,  185,  257,  391,  180,  201,  391,  575,  568,  474,  384,  329,  534,  191,  296,  241,  228,  439,  355,  590,  649,  594,  450,  268,  451,  459,  485,  396,  102,  498,   42,  407,  414,  374,  558,  213,  616,   51,  570,  472,  363,  332,  655,  641,  183,  407,  337,  727,  422,  146,  257,  155,  491,  220,  303,  582,  531,  380,  474,  438,  150,  165],
        [  520,    0,  383,  698,  829,  875,  433,  906,  429,   62,  559,  444,   81,  903,  841,  317,  833,  725,  557,  561,  765,  390, 1006,  325,  524,  791,  177,  788,  408,   45,   73,  826,  382,  347,  932,  484,  625,  265,  379,  326,  468,  627,  191,  624,  489,  393,    0,  932,  468,  421,  793,  445,  825,  524,  505,  733,  349,  427,  296, 1056,  124,  126,  631,  309,  587,  591,  247,  518,  886,  517,  649,  440,  433,  524,  780,  799,  733,  388,  776,  281,  912,  486,  493,  443,  206,  577,  289,  566,  852,  755,  833,  459,   70,  658,  843,  713,  486,  514,  431,  597,  788,  329,  950,  569, 1008,  419,  956,  672,  138,  650, 1031,  904,  553,  190,  335,  978,  814,  247,  353,  521,  359,  201,  691,  384,  479,  768,  827,  719,  542,  424],
