{
    "name": "random-36-25175",
    "comment": "size=36 seed=25175",
    "nodes": ["+0", "-0", "+1", "-1", "+2", "-2", "+3", "-3", "+4", "-4", "+5", "-5", "+6", "-6", "+7", "-7", "+8", "-8", "+9", "-9", "+10", "-10", "+11", "-11", "+12", "-12", "+13", "-13", "+14", "-14", "+15", "-15", "+16", "-16", "+17", "-17", "+18", "-18", "+19", "-19", "+20", "-20", "+21", "-21", "+22", "-22", "+23", "-23", "+24", "-24", "+25", "-25", "+26", "-26", "+27", "-27", "+28", "-28", "+29", "-29", "+30", "-30", "+31", "-31", "+32", "-32", "+33", "-33", "+34", "-34", "+35", "-35", "+36", "-36"],
    "precedence": {
        "+0": "-0",
        "+1": "-1",
        "+2": "-2",
        "+3": "-3",
        "+4": "-4",
        "+5": "-5",
        "+6": "-6",
        "+7": "-7",
        "+8": "-8",
        "+9": "-9",
        "+10": "-10",
        "+11": "-11",
        "+12": "-12",
        "+13": "-13",
        "+14": "-14",
        "+15": "-15",
        "+16": "-16",
        "+17": "-17",
        "+18": "-18",
        "+19": "-19",
        "+20": "-20",
        "+21": "-21",
        "+22": "-22",
        "+23": "-23",
        "+24": "-24",
        "+25": "-25",
        "+26": "-26",
        "+27": "-27",
        "+28": "-28",
        "+29": "-29",
        "+30": "-30",
        "+31": "-31",
        "+32": "-32",
        "+33": "-33",
        "+34": "-34",
        "+35": "-35",
        "+36": "-36"
    },
    "edges": [
        [    0,    0,   45,   96,  199,  725,  300,  296,  451,  493,  290,  488,  599,  480,  465,  716,  664,  667,  544,  172,  432,  338,  402,  933,  189,  739,  712,  278,   41,  725,  497,  300,  899,  331,  130,  520,  327,  843,  223,  515,  450,  716,  167,  675,  536,  263,  279,  648,  125,  783,  618,  422,  597,  397,  804,  373,  388,  669,  414,  731,  648,  520,  565,  283,  407,  763,  417,  686,  317,  675,  453,   88,  783,  481],
        [    0,    0,   45,   96,  199,  725,  300,  296,  451,  493,  290,  488,  599,  480,  465,  716,  664,  667,  544,  172,  432,  338,  402,  933,  189,  739,  712,  278,   41,  725,  497,  300,  899,  331,  130,  520,  327,  843,  223,  515,  450,  716,  167,  675,  536,  263,  279,  648,  125,  783,  618,  422,  597,  397,  804,  373,  388,  669,  414,  731,  648,  520,  565,  283,  407,  763,  417,  686,  317,  675,  453,   88,  783,  481],
        [   45,   45,    0,   91,  172,  770,  345,  329,  493,  511,  288,  493,  641,  522,  501,  758,  698,  711,  566,  182,  446,  381,  405,  977,  226,  780,  752,  296,   83,  763,  510,  258,  943,  335,  123,  551,  318,  888,  251,  555,  494,  759,  211,  708,  577,  247,  324,  689,  148,  826,  648,  466,  642,  423,  845,  404,  424,  694,  458,  770,  689,  556,  595,  327,  439,  802,  429,  724,  355,  710,  462,   44,  827,  503],
        [   96,   96,   91,    0,  257,  765,  358,  385,  460,  427,  198,  402,  606,  486,  448,  721,  750,  715,  484,  266,  527,  400,  493,  956,  183,  739,  705,  374,   96,  711,  592,  309,  933,  245,   34,  611,  408,  886,  184,  587,  503,  777,  204,  762,  607,  168,  334,  646,  221,  845,  579,  474,  633,  491,  805,  463,  473,  763,  470,  718,  719,  499,  657,  322,  497,  837,  340,  674,  308,  650,  372,  109,  835,  423],
        [  199,  199,  172,  257,    0,  871,  442,  352,  635,  682,  445,  653,  783,  666,  661,  900,  695,  800,  737,  153,  371,  467,  294, 1097,  387,  926,  903,  255,  239,  919,  427,  164, 1049,  498,  283,  538,  175,  982,  420,  605,  586,  824,  349,  700,  629,  382,  427,  837,  185,  887,  816,  562,  752,  398,  989,  407,  450,  649,  548,  925,  735,  716,  576,  450,  440,  835,  596,  878,  513,  872,  627,  150,  907,  674],
        [  725,  725,  770,  765,  871,    0,  431,  551,  350,  721,  815,  861,  282,  344,  453,  282,  497,   92,  689,  728,  728,  405,  816,  255,  592,  320,  364,  683,  691,  417,  758, 1015,  180,  789,  780,  539,  870,  124,  633,  335,  286,  195,  564,  518,  314,  875,  449,  329,  686,  223,  572,  310,  134,  605,  331,  545,  479,  661,  324,  412,  293,  458,  557,  445,  534,  356,  762,  393,  501,  483,  801,  813,  130,  666],
        [  300,  300,  345,  358,  442,  431,    0,  181,  245,  522,  471,  603,  374,  277,  334,  485,  444,  367,  536,  307,  406,   47,  455,  656,  225,  518,  510,  297,  272,  541,  462,  585,  608,  473,  381,  345,  469,  546,  291,  241,  150,  420,  159,  461,  257,  500,   25,  440,  259,  487,  526,  123,  310,  297,  575,  233,  192,  518,  114,  544,  367,  386,  391,   76,  252,  489,  502,  498,  231,  528,  547,  387,  483,  481],
        [  296,  296,  329,  385,  352,  551,  181,    0,  425,  668,  552,  720,  549,  457,  510,  656,  369,  470,  693,  199,  227,  171,  281,  796,  333,  691,  687,  133,  290,  720,  284,  513,  730,  573,  417,  226,  319,  651,  403,  255,  274,  476,  249,  379,  279,  550,  185,  617,  188,  538,  700,  260,  452,  127,  745,   80,  100,  386,  238,  723,  384,  564,  273,  243,  113,  486,  627,  677,  390,  708,  671,  362,  566,  634],
        [  451,  451,  493,  460,  635,  350,  245,  425,    0,  385,  472,  515,  149,   33,  124,  266,  613,  340,  368,  525,  650,  262,  698,  500,  278,  291,  273,  538,  411,  298,  704,  750,  493,  442,  466,  557,  698,  471,  299,  385,  229,  450,  287,  634,  386,  540,  243,  204,  466,  511,  304,  214,  222,  537,  355,  470,  418,  726,  235,  302,  462,  160,  598,  195,  483,  580,  415,  256,  161,  286,  455,  535,  457,  332],
        [  493,  493,  511,  427,  682,  721,  522,  668,  385,    0,  274,  159,  451,  381,  269,  525,  959,  723,   73,  652,  876,  563,  878,  803,  343,  519,  464,  728,  461,  438,  941,  717,  834,  211,  405,  866,  819,  836,  280,  739,  589,  834,  424,  978,  746,  369,  504,  440,  590,  896,  229,  565,  602,  795,  577,  740,  712, 1039,  580,  448,  837,  270,  912,  447,  765,  958,  105,  420,  293,  345,  112,  535,  838,   55],
        [  290,  290,  288,  198,  445,  815,  471,  552,  472,  274,    0,  208,  597,  487,  408,  700,  903,  786,  343,  462,  719,  518,  690,  964,  248,  708,  662,  564,  274,  653,  784,  451,  964,   64,  166,  776,  604,  938,  188,  712,  595,  871,  319,  917,  727,   96,  448,  616,  411,  938,  476,  566,  682,  670,  772,  631,  627,  937,  570,  662,  835,  444,  823,  410,  664,  959,  171,  623,  315,  573,  190,  296,  908,  291],
        [  488,  488,  493,  402,  653,  861,  603,  720,  515,  159,  208,    0,  601,  518,  411,  681, 1046,  854,  225,  659,  908,  648,  889,  959,  390,  676,  622,  754,  466,  597,  973,  652,  984,  158,  372,  935,  810,  980,  319,  836,  697,  957,  473, 1063,  846,  287,  581,  595,  604, 1022,  386,  670,  737,  844,  735,  798,  781, 1104,  681,  606,  946,  422,  982,  531,  827, 1069,  104,  578,  390,  504,   61,  504,  972,  209],
        [  599,  599,  641,  606,  783,  282,  374,  549,  149,  451,  597,  601,    0,  121,  194,  118,  668,  312,  412,  668,  769,  380,  828,  368,  424,  145,  141,  670,  560,  182,  818,  899,  384,  557,  610,  645,  838,  389,  436,  448,  305,  438,  436,  690,  441,  673,  378,   73,  611,  487,  291,  304,  194,  650,  207,  582,  524,  804,  328,  182,  487,  182,  680,  338,  589,  590,  509,  143,  300,  214,  543,  683,  409,  397],
        [  480,  480,  522,  486,  666,  344,  277,  457,   33,  381,  487,  518,  121,    0,  114,  237,  635,  343,  358,  557,  682,  293,  730,  480,  304,  260,  240,  570,  440,  266,  735,  779,  479,  453,  491,  585,  730,  464,  319,  408,  252,  458,  318,  656,  407,  559,  276,  172,  498,  517,  282,  239,  222,  568,  325,  501,  448,  753,  262,  269,  478,  139,  625,  228,  513,  594,  419,  223,  182,  255,  458,  563,  457,  327],
        [  465,  465,  501,  448,  661,  453,  334,  510,  124,  269,  408,  411,  194,  114,    0,  293,  733,  456,  245,  573,  736,  363,  770,  561,  276,  301,  261,  609,  424,  264,  794,  754,  576,  365,  445,  667,  751,  570,  266,  505,  349,  571,  320,  753,  507,  490,  325,  209,  510,  631,  192,  331,  334,  631,  367,  566,  521,  839,  351,  271,  586,   57,  710,  268,  583,  704,  315,  227,  149,  213,  352,  540,  570,  214],
        [  716,  716,  758,  721,  900,  282,  485,  656,  266,  525,  700,  681,  118,  237,  293,    0,  734,  342,  474,  783,  871,  486,  936,  279,  539,   42,   85,  781,  677,  138,  917, 1015,  325,  656,  724,  731,  952,  360,  548,  526,  398,  467,  553,  756,  514,  780,  491,   87,  727,  504,  327,  402,  248,  750,   91,  683,  621,  882,  426,  132,  540,  263,  761,  453,  685,  627,  596,  123,  414,  218,  626,  800,  411,  473],
        [  664,  664,  698,  750,  695,  497,  444,  369,  613,  959,  903, 1046,  668,  635,  733,  734,    0,  409,  964,  550,  372,  399,  485,  739,  662,  775,  799,  441,  655,  847,  362,  858,  635,  912,  781,  158,  595,  531,  732,  228,  385,  316,  585,   22,  230,  913,  465,  739,  554,  336,  916,  403,  487,  299,  806,  295,  278,  173,  384,  846,  205,  772,  129,  517,  261,  201,  945,  810,  668,  876,  990,  729,  423,  914],
        [  667,  667,  711,  715,  800,   92,  367,  470,  340,  723,  786,  854,  312,  343,  456,  342,  409,    0,  699,  654,  639,  335,  730,  346,  551,  383,  419,  601,  636,  471,  668,  950,  263,  766,  734,  447,  789,  182,  599,  245,  218,  127,  512,  430,  223,  837,  388,  372,  617,  177,  599,  246,  124,  517,  404,  458,  393,  571,  255,  467,  206,  472,  466,  395,  445,  285,  752,  441,  476,  524,  793,  754,  123,  669],
        [  544,  544,  566,  484,  737,  689,  536,  693,  368,   73,  343,  225,  412,  358,  245,  474,  964,  699,    0,  696,  908,  574,  918,  752,  380,  463,  407,  764,  509,  377,  971,  781,  790,  280,  465,  881,  867,  800,  324,  739,  585,  815,  457,  983,  744,  438,  520,  391,  633,  874,  162,  564,  577,  820,  518,  761,  728, 1054,  581,  386,  828,  232,  926,  461,  785,  947,  177,  363,  306,  282,  183,  592,  810,   64],
        [  172,  172,  182,  266,  153,  728,  307,  199,  525,  652,  462,  659,  668,  557,  573,  783,  550,  654,  696,    0,  265,  324,  230,  962,  319,  813,  797,  119,  195,  819,  329,  315,  907,  502,  300,  395,  178,  835,  373,  452,  443,  672,  255,  556,  477,  428,  295,  728,   64,  735,  747,  421,  614,  257,  873,  258,  298,  523,  404,  824,  582,  630,  436,  331,  291,  683,  584,  777,  429,  785,  621,  197,  757,  633],
        [  432,  432,  446,  527,  371,  728,  406,  227,  650,  876,  719,  908,  769,  682,  736,  871,  372,  639,  908,  265,    0,  391,  113,  981,  534,  908,  908,  155,  445,  943,   66,  524,  900,  752,  561,  225,  233,  809,  600,  395,  477,  606,  453,  370,  419,  692,  411,  839,  308,  654,  925,  470,  650,  124,  960,  190,  254,  284,  446,  946,  491,  790,  244,  468,  195,  554,  823,  901,  611,  933,  864,  461,  711,  847],
        [  338,  338,  381,  400,  467,  405,   47,  171,  262,  563,  518,  648,  380,  293,  363,  486,  399,  335,  574,  324,  391,    0,  451,  639,  271,  521,  518,  297,  312,  553,  443,  615,  584,  520,  425,  308,  477,  516,  338,  195,  120,  379,  204,  417,  211,  545,   71,  448,  283,  446,  554,   97,  292,  276,  576,  208,  159,  481,   81,  555,  321,  412,  352,  118,  222,  443,  547,  511,  271,  547,  591,  423,  447,  521],
        [  402,  402,  405,  493,  294,  816,  455,  281,  698,  878,  690,  889,  828,  730,  770,  936,  485,  730,  918,  230,  113,  451,    0, 1068,  538,  970,  965,  162,  425,  995,  145,  433,  992,  731,  526,  336,  132,  905,  598,  491,  551,  708,  464,  482,  515,  649,  455,  895,  289,  759,  953,  539,  728,  217, 1026,  273,  338,  389,  517,  999,  596,  826,  356,  506,  287,  664,  813,  953,  634,  975,  851,  410,  810,  855],
        [  933,  933,  977,  956, 1097,  255,  656,  796,  500,  803,  964,  959,  368,  480,  561,  279,  739,  346,  752,  962,  981,  639, 1068,    0,  775,  291,  349,  929,  896,  391, 1013, 1231,  117,  925,  965,  793, 1113,  218,  798,  590,  524,  425,  767,  759,  569, 1038,  671,  364,  914,  422,  601,  543,  348,  858,  248,  796,  731,  908,  561,  382,  537,  539,  810,  652,  787,  573,  871,  393,  660,  485,  903, 1021,  322,  751],
        [  189,  189,  226,  183,  387,  592,  225,  333,  278,  343,  248,  390,  424,  304,  276,  539,  662,  551,  380,  319,  534,  271,  538,  775,    0,  559,  528,  386,  149,  538,  599,  480,  755,  251,  191,  546,  494,  715,   71,  465,  351,  628,   84,  678,  480,  287,  201,  466,  255,  696,  433,  321,  459,  458,  624,  409,  393,  714,  324,  545,  588,  331,  593,  164,  438,  711,  295,  499,  130,  486,  339,  265,  673,  317],
        [  739,  739,  780,  739,  926,  320,  518,  691,  291,  519,  708,  676,  145,  260,  301,   42,  775,  383,  463,  813,  908,  521,  970,  291,  559,    0,   59,  814,  699,  106,  955, 1037,  349,  661,  740,  770,  983,  393,  563,  566,  436,  507,  577,  797,  555,  791,  523,   94,  755,  542,  311,  439,  289,  787,   66,  720,  659,  922,  463,   99,  581,  265,  802,  482,  723,  667,  595,  103,  431,  195,  623,  822,  448,  468],
        [  712,  712,  752,  705,  903,  364,  510,  687,  273,  464,  662,  622,  141,  240,  261,   85,  799,  419,  407,  797,  908,  518,  965,  349,  528,   59,    0,  806,  672,   54,  958, 1008,  406,  613,  705,  783,  970,  445,  526,  584,  444,  544,  554,  821,  574,  748,  512,   71,  737,  584,  253,  444,  314,  790,  114,  722,  664,  940,  468,   49,  610,  219,  817,  467,  729,  703,  543,   45,  399,  137,  569,  792,  494,  414],
        [  278,  278,  296,  374,  255,  683,  297,  133,  538,  728,  564,  754,  670,  570,  609,  781,  441,  601,  764,  119,  155,  297,  162,  929,  386,  814,  806,    0,  291,  835,  221,  418,  862,  598,  408,  284,  188,  781,  450,  377,  406,  600,  308,  446,  402,  539,  295,  736,  154,  658,  793,  390,  584,  144,  871,  161,  216,  405,  370,  839,  499,  665,  322,  345,  190,  589,  670,  793,  474,  814,  711,  315,  694,  702],
        [   41,   41,   83,   96,  239,  691,  272,  290,  411,  461,  274,  466,  560,  440,  424,  677,  655,  636,  509,  195,  445,  312,  425,  896,  149,  699,  672,  291,    0,  685,  511,  340,  864,  309,  127,  516,  359,  811,  187,  495,  420,  690,  130,  667,  515,  261,  249,  608,  139,  757,  579,  391,  563,  400,  764,  369,  377,  670,  385,  691,  627,  479,  562,  247,  403,  744,  389,  645,  276,  635,  427,  125,  753,  446],
        [  725,  725,  763,  711,  919,  417,  541,  720,  298,  438,  653,  597,  182,  266,  264,  138,  847,  471,  377,  819,  943,  553,  995,  391,  538,  106,   54,  835,  685,    0,  995, 1017,  454,  601,  708,  826,  994,  497,  529,  629,  486,  597,  572,  869,  621,  742,  541,  110,  758,  637,  217,  483,  364,  827,  146,  759,  702,  985,  507,   10,  660,  214,  861,  493,  767,  755,  524,   43,  409,   97,  547,  802,  547,  391],
        [  497,  497,  510,  592,  427,  758,  462,  284,  704,  941,  784,  973,  818,  735,  794,  917,  362,  668,  971,  329,   66,  443,  145, 1013,  599,  955,  958,  221,  511,  995,    0,  574,  927,  818,  626,  232,  275,  832,  665,  423,  521,  623,  517,  356,  445,  756,  469,  889,  374,  666,  984,  516,  689,  169, 1004,  237,  297,  247,  492,  997,  506,  847,  238,  527,  233,  554,  888,  953,  672,  989,  929,  524,  730,  911],
        [  300,  300,  258,  309,  164, 1015,  585,  513,  750,  717,  451,  652,  899,  779,  754, 1015,  858,  950,  781,  315,  524,  615,  433, 1231,  480, 1037, 1008,  418,  340, 1017,  574,    0, 1192,  513,  320,  701,  303, 1130,  492,  764,  733,  981,  467,  863,  788,  366,  567,  945,  336, 1045,  886,  707,  891,  560, 1102,  571,  612,  806,  695, 1023,  896,  806,  738,  579,  603,  998,  620,  978,  609,  958,  640,  216, 1060,  722],
        [  899,  899,  943,  933, 1049,  180,  608,  730,  493,  834,  964,  984,  384,  479,  576,  325,  635,  263,  790,  907,  900,  584,  992,  117,  755,  349,  406,  862,  864,  454,  927, 1192,    0,  932,  945,  701, 1049,  105,  788,  505,  465,  320,  735,  654,  482, 1031,  626,  401,  865,  310,  650,  488,  302,  779,  324,  720,  656,  806,  503,  447,  436,  565,  714,  617,  707,  461,  891,  446,  652,  541,  926,  987,  212,  780],
        [  331,  331,  335,  245,  498,  789,  473,  573,  442,  211,   64,  158,  557,  453,  365,  656,  912,  766,  280,  502,  752,  520,  731,  925,  251,  661,  613,  598,  309,  601,  818,  513,  932,    0,  216,  793,  653,  912,  182,  713,  586,  858,  330,  928,  726,  158,  450,  571,  447,  925,  417,  557,  658,  694,  725,  651,  641,  958,  564,  610,  831,  396,  840,  407,  682,  955,  108,  573,  291,  519,  130,  349,  888,  230],
        [  130,  130,  123,   34,  283,  780,  381,  417,  466,  405,  166,  372,  610,  491,  445,  724,  781,  734,  465,  300,  561,  425,  526,  965,  191,  740,  705,  408,  127,  708,  626,  320,  945,  216,    0,  643,  439,  902,  179,  614,  524,  799,  224,  793,  633,  134,  357,  647,  255,  867,  567,  494,  648,  525,  806,  495,  503,  796,  492,  715,  744,  495,  689,  340,  529,  864,  314,  672,  311,  643,  344,  134,  854,  404],
        [  520,  520,  551,  611,  538,  539,  345,  226,  557,  866,  776,  935,  645,  585,  667,  731,  158,  447,  881,  395,  225,  308,  336,  793,  546,  770,  783,  284,  516,  826,  232,  701,  701,  793,  643,    0,  440,  604,  617,  209,  341,  393,  464,  163,  227,  776,  363,  717,  405,  435,  858,  347,  489,  141,  813,  148,  155,  173,  324,  826,  275,  714,   48,  420,  114,  329,  838,  786,  576,  838,  882,  580,  501,  826],
        [  327,  327,  318,  408,  175,  870,  469,  319,  698,  819,  604,  810,  838,  730,  751,  952,  595,  789,  867,  178,  233,  477,  132, 1113,  494,  983,  970,  188,  359,  994,  275,  303, 1049,  653,  439,  440,    0,  969,  544,  562,  590,  785,  432,  596,  587,  551,  461,  901,  242,  842,  924,  572,  767,  305, 1042,  342,  402,  516,  553,  998,  681,  807,  468,  503,  367,  763,  743,  952,  606,  962,  778,  311,  881,  804],
        [  843,  843,  888,  886,  982,  124,  546,  651,  471,  836,  938,  980,  389,  464,  570,  360,  531,  182,  800,  835,  809,  516,  905,  218,  715,  393,  445,  781,  811,  497,  832, 1130,  105,  912,  902,  604,  969,    0,  756,  415,  397,  217,  685,  551,  391,  998,  565,  424,  798,  206,  673,  424,  257,  689,  384,  634,  570,  703,  435,  491,  335,  569,  614,  566,  618,  357,  882,  481,  624,  575,  920,  931,  109,  782],
        [  223,  223,  251,  184,  420,  633,  291,  403,  299,  280,  188,  319,  436,  319,  266,  548,  732,  599,  324,  373,  600,  338,  598,  798,   71,  563,  526,  450,  187,  529,  665,  492,  788,  182,  179,  617,  544,  756,    0,  531,  408,  683,  155,  748,  545,  243,  268,  469,  311,  751,  398,  379,  499,  528,  629,  479,  463,  785,  384,  536,  651,  316,  664,  226,  508,  775,  225,  493,  138,  467,  268,  284,  722,  260],
        [  515,  515,  555,  587,  605,  335,  241,  255,  385,  739,  712,  836,  448,  408,  505,  526,  228,  245,  739,  452,  395,  195,  491,  590,  465,  566,  584,  377,  495,  629,  423,  764,  505,  713,  614,  209,  562,  415,  531,    0,  157,  224,  397,  249,   26,  738,  265,  520,  431,  284,  688,  176,  282,  275,  606,  222,  162,  357,  159,  629,  134,  545,  236,  307,  204,  250,  733,  591,  450,  652,  778,  594,  320,  692],
        [  450,  450,  494,  503,  586,  286,  150,  274,  229,  589,  595,  697,  305,  252,  349,  398,  385,  218,  585,  443,  477,  120,  551,  524,  351,  436,  444,  406,  420,  486,  521,  733,  465,  586,  524,  341,  590,  397,  408,  157,    0,  278,  301,  406,  159,  636,  172,  377,  402,  346,  532,   31,  178,  354,  484,  287,  225,  504,   39,  486,  250,  388,  377,  188,  288,  373,  593,  446,  307,  500,  637,  537,  334,  541],
        [  716,  716,  759,  777,  824,  195,  420,  476,  450,  834,  871,  957,  438,  458,  571,  467,  316,  127,  815,  672,  606,  379,  708,  425,  628,  507,  544,  600,  690,  597,  623,  981,  320,  858,  799,  393,  785,  217,  683,  224,  278,    0,  576,  336,  199,  913,  443,  498,  646,   69,  722,  308,  246,  491,  524,  443,  384,  486,  308,  593,  119,  591,  399,  465,  422,  162,  854,  567,  571,  650,  897,  800,  110,  781],
        [  167,  167,  211,  204,  349,  564,  159,  249,  287,  424,  319,  473,  436,  318,  320,  553,  585,  512,  457,  255,  453,  204,  464,  767,   84,  577,  554,  308,  130,  572,  517,  467,  735,  330,  224,  464,  432,  685,  155,  397,  301,  576,    0,  600,  414,  342,  135,  488,  191,  644,  494,  271,  434,  375,  641,  325,  311,  631,  269,  577,  525,  376,  511,  120,  355,  646,  379,  531,  174,  532,  422,  254,  632,  395],
        [  675,  675,  708,  762,  700,  518,  461,  379,  634,  978,  917, 1063,  690,  656,  753,  756,   22,  430,  983,  556,  370,  417,  482,  759,  678,  797,  821,  446,  667,  869,  356,  863,  654,  928,  793,  163,  596,  551,  748,  249,  406,  336,  600,    0,  252,  925,  482,  761,  563,  354,  937,  423,  509,  303,  828,  304,  292,  155,  403,  867,  226,  793,  128,  534,  269,  215,  963,  832,  686,  898, 1007,  738,  443,  933],
        [  536,  536,  577,  607,  629,  314,  257,  279,  386,  746,  727,  846,  441,  407,  507,  514,  230,  223,  744,  477,  419,  211,  515,  569,  480,  555,  574,  402,  515,  621,  445,  788,  482,  726,  633,  227,  587,  391,  545,   26,  159,  199,  414,  252,    0,  755,  281,  512,  455,  259,  688,  181,  268,  299,  592,  247,  187,  368,  167,  620,  113,  544,  251,  320,  228,  232,  744,  583,  458,  647,  788,  616,  295,  698],
        [  263,  263,  247,  168,  382,  875,  500,  550,  540,  369,   96,  287,  673,  559,  490,  780,  913,  837,  438,  428,  692,  545,  649, 1038,  287,  791,  748,  539,  261,  742,  756,  366, 1031,  158,  134,  776,  551,  998,  243,  738,  636,  913,  342,  925,  755,    0,  476,  698,  387,  981,  570,  606,  741,  658,  856,  629,  635,  930,  607,  750,  866,  530,  822,  449,  663,  987,  265,  710,  380,  665,  279,  241,  959,  386],
        [  279,  279,  324,  334,  427,  449,   25,  185,  243,  504,  448,  581,  378,  276,  325,  491,  465,  388,  520,  295,  411,   71,  455,  671,  201,  523,  512,  295,  249,  541,  469,  567,  626,  450,  357,  363,  461,  565,  268,  265,  172,  443,  135,  482,  281,  476,    0,  442,  244,  511,  516,  143,  326,  307,  582,  244,  208,  535,  137,  545,  391,  379,  409,   60,  265,  513,  481,  499,  215,  524,  526,  366,  505,  464],
        [  648,  648,  689,  646,  837,  329,  440,  617,  204,  440,  616,  595,   73,  172,  209,   87,  739,  372,  391,  728,  839,  448,  895,  364,  466,   94,   71,  736,  608,  110,  889,  945,  401,  571,  647,  717,  901,  424,  469,  520,  377,  498,  488,  761,  512,  698,  442,    0,  669,  543,  251,  375,  259,  721,  160,  653,  595,  876,  399,  110,  555,  177,  752,  398,  660,  654,  510,   72,  338,  155,  540,  730,  458,  387],
        [  125,  125,  148,  221,  185,  686,  259,  188,  466,  590,  411,  604,  611,  498,  510,  727,  554,  617,  633,   64,  308,  283,  289,  914,  255,  755,  737,  154,  139,  758,  374,  336,  865,  447,  255,  405,  242,  798,  311,  431,  402,  646,  191,  563,  455,  387,  244,  669,    0,  711,  683,  377,  568,  276,  817,  260,  287,  547,  364,  763,  564,  567,  449,  274,  294,  672,  525,  717,  365,  722,  564,  175,  725,  570],
        [  783,  783,  826,  845,  887,  223,  487,  538,  511,  896,  938, 1022,  487,  517,  631,  504,  336,  177,  874,  735,  654,  446,  759,  422,  696,  542,  584,  658,  757,  637,  666, 1045,  310,  925,  867,  435,  842,  206,  751,  284,  346,   69,  644,  354,  259,  981,  511,  543,  711,    0,  775,  376,  300,  543,  552,  500,  443,  509,  376,  633,  163,  648,  435,  533,  476,  152,  919,  611,  637,  697,  961,  866,  103,  842],
        [  618,  618,  648,  579,  816,  572,  526,  700,  304,  229,  476,  386,  291,  282,  192,  327,  916,  599,  162,  747,  925,  554,  953,  601,  433,  311,  253,  793,  579,  217,  984,  886,  650,  417,  567,  858,  924,  673,  398,  688,  532,  722,  494,  937,  688,  570,  516,  251,  683,  775,    0,  517,  477,  822,  361,  758,  713, 1028,  538,  227,  756,  145,  899,  458,  775,  868,  325,  209,  321,  121,  341,  681,  699,  190],
        [  422,  422,  466,  474,  562,  310,  123,  260,  214,  565,  566,  670,  304,  239,  331,  402,  403,  246,  564,  421,  470,   97,  539,  543,  321,  439,  444,  390,  391,  483,  516,  707,  488,  557,  494,  347,  572,  424,  379,  176,   31,  308,  271,  423,  181,  606,  143,  375,  377,  376,  517,    0,  196,  349,  490,  281,  221,  514,   25,  484,  277,  373,  386,  158,  286,  400,  566,  442,  280,  491,  611,  509,  362,  517],
        [  597,  597,  642,  633,  752,  134,  310,  452,  222,  602,  682,  737,  194,  222,  334,  248,  487,  124,  577,  614,  650,  292,  728,  348,  459,  289,  314,  584,  563,  364,  689,  891,  302,  658,  648,  489,  767,  257,  499,  282,  178,  246,  434,  509,  268,  741,  326,  259,  568,  300,  477,  196,    0,  526,  325,  461,  396,  635,  215,  362,  297,  349,  517,  316,  458,  397,  636,  330,  369,  408,  676,  685,  237,  548],
        [  397,  397,  423,  491,  398,  605,  297,  127,  537,  795,  670,  844,  650,  568,  631,  750,  299,  517,  820,  257,  124,  276,  217,  858,  458,  787,  790,  144,  400,  827,  169,  560,  779,  694,  525,  141,  305,  689,  528,  275,  354,  491,  375,  303,  299,  658,  307,  721,  276,  543,  822,  349,  526,    0,  838,   69,  131,  272,  325,  829,  381,  683,  179,  366,   72,  458,  753,  785,  516,  822,  796,  448,  593,  761],
        [  804,  804,  845,  805,  989,  331,  575,  745,  355,  577,  772,  735,  207,  325,  367,   91,  806,  404,  518,  873,  960,  576, 1026,  248,  624,   66,  114,  871,  764,  146, 1004, 1102,  324,  725,  806,  813, 1042,  384,  629,  606,  484,  524,  641,  828,  592,  856,  582,  160,  817,  552,  361,  490,  325,  838,    0,  770,  708,  959,  514,  137,  607,  329,  842,  544,  772,  685,  656,  157,  497,  242,  683,  887,  453,  527],
        [  373,  373,  404,  463,  407,  545,  233,   80,  470,  740,  631,  798,  582,  501,  566,  683,  295,  458,  761,  258,  190,  208,  273,  796,  409,  720,  722,  161,  369,  759,  237,  571,  720,  651,  495,  148,  342,  634,  479,  222,  287,  443,  325,  304,  247,  629,  244,  653,  260,  500,  758,  281,  461,   69,  770,    0,   66,  307,  257,  761,  339,  618,  194,  303,   35,  430,  703,  717,  456,  755,  747,  435,  541,  704],
        [  388,  388,  424,  473,  450,  479,  192,  100,  418,  712,  627,  781,  524,  448,  521,  621,  278,  393,  728,  298,  254,  159,  338,  731,  393,  659,  664,  216,  377,  702,  297,  612,  656,  641,  503,  155,  402,  570,  463,  162,  225,  384,  311,  292,  187,  635,  208,  595,  287,  443,  713,  221,  396,  131,  708,   66,    0,  327,  197,  703,  286,  571,  202,  267,   66,  386,  684,  660,  422,  703,  728,  459,  480,  672],
        [  669,  669,  694,  763,  649,  661,  518,  386,  726, 1039,  937, 1104,  804,  753,  839,  882,  173,  571, 1054,  523,  284,  481,  389,  908,  714,  922,  940,  405,  670,  985,  247,  806,  806,  958,  796,  173,  516,  703,  785,  357,  504,  486,  631,  155,  368,  930,  535,  876,  547,  509, 1028,  514,  635,  272,  959,  307,  327,    0,  492,  985,  372,  884,  129,  593,  277,  369, 1008,  946,  749, 1003, 1052,  717,  595,  999],
        [  414,  414,  458,  470,  548,  324,  114,  238,  235,  580,  570,  681,  328,  262,  351,  426,  384,  255,  581,  404,  446,   81,  517,  561,  324,  463,  468,  370,  385,  507,  492,  695,  503,  564,  492,  324,  553,  435,  384,  159,   39,  308,  269,  403,  167,  607,  137,  399,  364,  376,  538,   25,  215,  325,  514,  257,  197,  492,    0,  508,  267,  394,  363,  160,  262,  391,  578,  466,  292,  514,  622,  500,  369,  533],
        [  731,  731,  770,  718,  925,  412,  544,  723,  302,  448,  662,  606,  182,  269,  271,  132,  846,  467,  386,  824,  946,  555,  999,  382,  545,   99,   49,  839,  691,   10,  997, 1023,  447,  610,  715,  826,  998,  491,  536,  629,  486,  593,  577,  867,  620,  750,  545,  110,  763,  633,  227,  484,  362,  829,  137,  761,  703,  985,  508,    0,  658,  222,  861,  497,  768,  752,  533,   47,  415,  106,  556,  809,  541,  400],
        [  648,  648,  689,  719,  735,  293,  367,  384,  462,  837,  835,  946,  487,  478,  586,  540,  205,  206,  828,  582,  491,  321,  596,  537,  588,  581,  610,  499,  627,  660,  506,  896,  436,  831,  744,  275,  681,  335,  651,  134,  250,  119,  525,  226,  113,  866,  391,  555,  564,  163,  756,  277,  297,  381,  607,  339,  286,  372,  267,  658,    0,  617,  280,  426,  315,  124,  842,  626,  556,  700,  886,  727,  229,  787],
        [  520,  520,  556,  499,  716,  458,  386,  564,  160,  270,  444,  422,  182,  139,   57,  263,  772,  472,  232,  630,  790,  412,  826,  539,  331,  265,  219,  665,  479,  214,  847,  806,  565,  396,  495,  714,  807,  569,  316,  545,  388,  591,  376,  793,  544,  530,  379,  177,  567,  648,  145,  373,  349,  683,  329,  618,  571,  884,  394,  222,  617,    0,  755,  322,  634,  731,  334,  181,  205,  156,  365,  593,  580,  216],
        [  565,  565,  595,  657,  576,  557,  391,  273,  598,  912,  823,  982,  680,  625,  710,  761,  129,  466,  926,  436,  244,  352,  356,  810,  593,  802,  817,  322,  562,  861,  238,  738,  714,  840,  689,   48,  468,  614,  664,  236,  377,  399,  511,  128,  251,  822,  409,  752,  449,  435,  899,  386,  517,  179,  842,  194,  202,  129,  363,  861,  280,  755,    0,  466,  160,  317,  885,  821,  622,  876,  929,  623,  508,  871],
        [  283,  283,  327,  322,  450,  445,   76,  243,  195,  447,  410,  531,  338,  228,  268,  453,  517,  395,  461,  331,  468,  118,  506,  652,  164,  482,  467,  345,  247,  493,  527,  579,  617,  407,  340,  420,  503,  566,  226,  307,  188,  465,  120,  534,  320,  449,   60,  398,  274,  533,  458,  158,  316,  366,  544,  303,  267,  593,  160,  497,  426,  322,  466,    0,  324,  550,  429,  450,  156,  470,  474,  370,  515,  406],
        [  407,  407,  439,  497,  440,  534,  252,  113,  483,  765,  664,  827,  589,  513,  583,  685,  261,  445,  785,  291,  195,  222,  287,  787,  438,  723,  729,  190,  403,  767,  233,  603,  707,  682,  529,  114,  367,  618,  508,  204,  288,  422,  355,  269,  228,  663,  265,  660,  294,  476,  775,  286,  458,   72,  772,   35,   66,  277,  262,  768,  315,  634,  160,  324,    0,  400,  732,  725,  479,  768,  775,  469,  523,  728],
        [  763,  763,  802,  837,  835,  356,  489,  486,  580,  958,  959, 1069,  590,  594,  704,  627,  201,  285,  947,  683,  554,  443,  664,  573,  711,  667,  703,  589,  744,  755,  554,  998,  461,  955,  864,  329,  763,  357,  775,  250,  373,  162,  646,  215,  232,  987,  513,  654,  672,  152,  868,  400,  397,  458,  685,  430,  386,  369,  391,  752,  124,  731,  317,  550,  400,    0,  966,  724,  679,  804, 1010,  840,  252,  908],
        [  417,  417,  429,  340,  596,  762,  502,  627,  415,  105,  171,  104,  509,  419,  315,  596,  945,  752,  177,  584,  823,  547,  813,  871,  295,  595,  543,  670,  389,  524,  888,  620,  891,  108,  314,  838,  743,  882,  225,  733,  593,  854,  379,  963,  744,  265,  481,  510,  525,  919,  325,  566,  636,  753,  656,  703,  684, 1008,  578,  533,  842,  334,  885,  429,  732,  966,    0,  501,  287,  435,   45,  447,  871,  136],
        [  686,  686,  724,  674,  878,  393,  498,  677,  256,  420,  623,  578,  143,  223,  227,  123,  810,  441,  363,  777,  901,  511,  953,  393,  499,  103,   45,  793,  645,   43,  953,  978,  446,  573,  672,  786,  952,  481,  493,  591,  446,  567,  531,  832,  583,  710,  499,   72,  717,  611,  209,  442,  330,  785,  157,  717,  660,  946,  466,   47,  626,  181,  821,  450,  725,  724,  501,    0,  370,   96,  526,  764,  523,  370],
        [  317,  317,  355,  308,  513,  501,  231,  390,  161,  293,  315,  390,  300,  182,  149,  414,  668,  476,  306,  429,  611,  271,  634,  660,  130,  431,  399,  474,  276,  409,  672,  609,  652,  291,  311,  576,  606,  624,  138,  450,  307,  571,  174,  686,  458,  380,  215,  338,  365,  637,  321,  280,  369,  516,  497,  456,  422,  749,  292,  415,  556,  205,  622,  156,  479,  679,  287,  370,    0,  360,  331,  394,  598,  250],
        [  675,  675,  710,  650,  872,  483,  528,  708,  286,  345,  573,  504,  214,  255,  213,  218,  876,  524,  282,  785,  933,  547,  975,  485,  486,  195,  137,  814,  635,   97,  989,  958,  541,  519,  643,  838,  962,  575,  467,  652,  500,  650,  532,  898,  647,  665,  524,  155,  722,  697,  121,  491,  408,  822,  242,  755,  703, 1003,  514,  106,  700,  156,  876,  470,  768,  804,  435,   96,  360,    0,  455,  747,  613,  301],
        [  453,  453,  462,  372,  627,  801,  547,  671,  455,  112,  190,   61,  543,  458,  352,  626,  990,  793,  183,  621,  864,  591,  851,  903,  339,  623,  569,  711,  427,  547,  929,  640,  926,  130,  344,  882,  778,  920,  268,  778,  637,  897,  422, 1007,  788,  279,  526,  540,  564,  961,  341,  611,  676,  796,  683,  747,  728, 1052,  622,  556,  886,  365,  929,  474,  775, 1010,   45,  526,  331,  455,    0,  477,  912,  156],
        [   88,   88,   44,  109,  150,  813,  387,  362,  535,  535,  296,  504,  683,  563,  540,  800,  729,  754,  592,  197,  461,  423,  410, 1021,  265,  822,  792,  315,  125,  802,  524,  216,  987,  349,  134,  580,  311,  931,  284,  594,  537,  800,  254,  738,  616,  241,  366,  730,  175,  866,  681,  509,  685,  448,  887,  435,  459,  717,  500,  809,  727,  593,  623,  370,  469,  840,  447,  764,  394,  747,  477,    0,  869,  530],
        [  783,  783,  827,  835,  907,  130,  483,  566,  457,  838,  908,  972,  409,  457,  570,  411,  423,  123,  810,  757,  711,  447,  810,  322,  673,  448,  494,  694,  753,  547,  730, 1060,  212,  888,  854,  501,  881,  109,  722,  320,  334,  110,  632,  443,  295,  959,  505,  458,  725,  103,  699,  362,  237,  593,  453,  541,  480,  595,  369,  541,  229,  580,  508,  515,  523,  252,  871,  523,  598,  613,  912,  869,    0,  783],
        [  481,  481,  503,  423,  674,  666,  481,  634,  332,   55,  291,  209,  397,  327,  214,  473,  914,  669,   64,  633,  847,  521,  855,  751,  317,  468,  414,  702,  446,  391,  911,  722,  780,  230,  404,  826,  804,  782,  260,  692,  541,  781,  395,  933,  698,  386,  464,  387,  570,  842,  190,  517,  548,  761,  527,  704,  672,  999,  533,  400,  787,  216,  871,  406,  728,  908,  136,  370,  250,  301,  156,  530,  783,    0]
    ]
}
