{
    "name": "random-24-28138",
    "comment": "size=24 seed=28138",
    "nodes": ["+0", "-0", "+1", "-1", "+2", "-2", "+3", "-3", "+4", "-4", "+5", "-5", "+6", "-6", "+7", "-7", "+8", "-8", "+9", "-9", "+10", "-10", "+11", "-11", "+12", "-12", "+13", "-13", "+14", "-14", "+15", "-15", "+16", "-16", "+17", "-17", "+18", "-18", "+19", "-19", "+20", "-20", "+21", "-21", "+22", "-22", "+23", "-23", "+24", "-24"],
    "precedence": {
        "+0": "-0",
        "+1": "-1",
        "+2": "-2",
        "+3": "-3",
        "+4": "-4",
        "+5": "-5",
        "+6": "-6",
        "+7": "-7",
        "+8": "-8",
        "+9": "-9",
        "+10": "-10",
        "+11": "-11",
        "+12": "-12",
        "+13": "-13",
        "+14": "-14",
        "+15": "-15",
        "+16": "-16",
        "+17": "-17",
        "+18": "-18",
        "+19": "-19",
        "+20": "-20",
        "+21": "-21",
        "+22": "-22",
        "+23": "-23",
        "+24": "-24"
    },
    "edges": [
        [    0,    0,  491,  276,  261,  230,  100,  381,  192,  773,  185,  725,  689,  789,  150,  457,  732,  644,  604,   67,  221,  249,  269,  615,   67,  680,  128,  395,  694,  897,  729,  428,  771,  410,  595,  278,  730,  512,  553,  278,  815,  726,  268,  520,   64,  697,  557,  517,  478,  138],
        [    0,    0,  491,  276,  261,  230,  100,  381,  192,  773,  185,  725,  689,  789,  150,  457,  732,  644,  604,   67,  221,  249,  269,  615,   67,  680,  128,  395,  694,  897,  729,  428,  771,  410,  595,  278,  730,  512,  553,  278,  815,  726,  268,  520,   64,  697,  557,  517,  478,  138],
        [  491,  491,    0,  454,  587,  655,  589,  164,  482,  285,  472,  617,  695,  728,  633,   67,  272,  603,  699,  441,  406,  541,  329,  918,  424,  262,  375,  156,  298,  814,  287,  787,  475,  162,  176,  235,  514,   42,   92,  276,  391,  279,  584,  860,  483,  822,  843,  898,  828,  484],
        [  276,  276,  454,    0,  531,  502,  313,  293,   94,  722,  432,  905,  907,  990,  396,  393,  726,  843,  843,  219,   73,  103,  127,  890,  259,  706,  204,  449,  735, 1094,  739,  703,  872,  305,  615,  236,  866,  491,  473,  403,  841,  732,  143,  795,  214,  948,  831,  788,  753,  396],
        [  261,  261,  587,  531,    0,  126,  284,  543,  452,  837,  121,  555,  476,  590,  229,  582,  760,  458,  369,  312,  469,  509,  493,  367,  276,  686,  343,  442,  684,  696,  742,  203,  688,  574,  620,  451,  613,  590,  672,  312,  805,  744,  524,  285,  325,  446,  302,  312,  248,  139],
        [  230,  230,  655,  502,  126,    0,  207,  582,  413,  921,  191,  681,  597,  713,  130,  638,  855,  583,  484,  295,  451,  457,  495,  398,  274,  786,  345,  523,  788,  818,  841,  205,  807,  612,  713,  481,  736,  665,  732,  389,  910,  841,  463,  297,  289,  546,  351,  288,  255,  171],
        [  100,  100,  589,  313,  284,  207,    0,  472,  220,  872,  247,  797,  746,  852,   85,  552,  831,  710,  649,  152,  277,  254,  341,  605,  167,  779,  218,  494,  793,  960,  828,  411,  862,  499,  694,  370,  815,  611,  649,  375,  914,  825,  257,  502,  119,  730,  556,  484,  460,  198],
        [  381,  381,  164,  293,  543,  582,  472,    0,  330,  432,  422,  716,  765,  819,  531,  101,  435,  681,  740,  321,  250,  384,  170,  901,  319,  423,  255,  216,  456,  914,  451,  745,  618,   31,  333,  104,  638,  203,  187,  264,  554,  443,  427,  827,  357,  861,  829,  851,  791,  417],
        [  192,  192,  482,   94,  452,  413,  220,  330,    0,  760,  363,  867,  855,  945,  304,  427,  750,  797,  781,  145,   82,   73,  164,  805,  190,  719,  157,  445,  744, 1051,  758,  616,  862,  349,  628,  249,  844,  515,  516,  373,  856,  752,  111,  708,  128,  881,  748,  698,  666,  321],
        [  773,  773,  285,  722,  837,  921,  872,  432,  760,    0,  732,  683,  809,  798,  912,  333,  125,  712,  854,  725,  682,  815,  601, 1132,  706,  210,  659,  399,  247,  856,  168, 1028,  442,  418,  228,  517,  536,  262,  250,  533,  235,  157,  858, 1090,  767,  973, 1055, 1141, 1063,  752],
        [  185,  185,  472,  432,  121,  191,  247,  422,  363,  732,    0,  550,  505,  608,  229,  463,  664,  464,  421,  218,  365,  428,  380,  485,  175,  595,  234,  334,  599,  715,  650,  323,  634,  453,  522,  331,  576,  479,  554,  200,  722,  650,  451,  406,  243,  518,  416,  432,  369,   50],
        [  725,  725,  617,  905,  555,  681,  797,  716,  867,  683,  550,    0,  161,  116,  769,  668,  560,  104,  273,  734,  833,  939,  800,  622,  688,  474,  712,  501,  438,  198,  519,  635,  276,  736,  491,  695,  160,  585,  698,  503,  502,  529,  972,  642,  772,  352,  560,  724,  640,  600],
        [  689,  689,  695,  907,  476,  597,  746,  765,  855,  809,  505,  161,    0,  123,  703,  736,  689,   97,  130,  713,  835,  924,  817,  472,  666,  600,  705,  557,  569,  222,  651,  513,  430,  789,  598,  722,  313,  670,  783,  519,  648,  659,  951,  504,  745,  192,  415,  589,  509,  554],
        [  789,  789,  728,  990,  590,  713,  852,  819,  945,  798,  608,  116,  123,    0,  815,  776,  675,  148,  251,  807,  918, 1016,  891,  586,  760,  589,  791,  605,  552,  108,  633,  635,  380,  840,  606,  789,  268,  697,  810,  591,  611,  643, 1046,  625,  841,  290,  533,  710,  630,  658],
        [  150,  150,  633,  396,  229,  130,   85,  531,  304,  912,  229,  769,  703,  815,    0,  603,  861,  677,  598,  214,  356,  338,  414,  525,  213,  802,  278,  522,  811,  921,  854,  330,  861,  559,  721,  428,  804,  650,  700,  393,  934,  852,  339,  421,  192,  669,  480,  400,  379,  185],
        [  457,  457,   67,  393,  582,  638,  552,  101,  427,  333,  463,  668,  736,  776,  603,    0,  335,  646,  728,  402,  349,  484,  270,  926,  391,  329,  335,  181,  365,  865,  353,  784,  539,   95,  242,  186,  573,  109,   97,  277,  457,  344,  527,  861,  441,  851,  851,  894,  827,  468],
        [  732,  732,  272,  726,  760,  855,  831,  435,  750,  125,  664,  560,  689,  675,  861,  335,    0,  593,  741,  692,  676,  812,  600, 1033,  666,   90,  630,  340,  123,  732,   44,  943,  319,  429,  142,  502,  412,  236,  278,  470,  134,   32,  855,  999,  736,  858,  957, 1055,  975,  691],
        [  644,  644,  603,  843,  458,  583,  710,  681,  797,  712,  464,  104,   97,  148,  677,  646,  593,    0,  178,  660,  771,  868,  745,  525,  613,  504,  644,  470,  473,  254,  555,  532,  345,  704,  502,  646,  231,  576,  689,  446,  556,  563,  899,  540,  695,  275,  460,  621,  537,  514],
        [  604,  604,  699,  843,  369,  484,  649,  740,  781,  854,  421,  273,  130,  251,  598,  728,  741,  178,    0,  637,  773,  848,  766,  350,  592,  651,  639,  549,  626,  346,  706,  385,  520,  767,  632,  682,  408,  679,  789,  481,  721,  713,  871,  376,  664,  124,  288,  460,  380,  467],
        [   67,   67,  441,  219,  312,  295,  152,  321,  145,  725,  218,  734,  713,  807,  214,  402,  692,  660,  637,    0,  159,  212,  203,  674,   47,  646,   67,  361,  664,  914,  692,  490,  756,  348,  558,  219,  726,  465,  498,  258,  783,  688,  240,  581,   46,  736,  613,  581,  539,  178],
        [  221,  221,  406,   73,  469,  451,  277,  250,   82,  682,  365,  833,  835,  918,  356,  349,  676,  771,  773,  159,    0,  136,   83,  832,  194,  650,  134,  384,  677, 1022,  686,  648,  806,  268,  558,  177,  797,  440,  436,  331,  786,  680,  179,  739,  165,  879,  770,  738,  698,  332],
        [  249,  249,  541,  103,  509,  457,  254,  384,   73,  815,  428,  939,  924, 1016,  338,  484,  812,  868,  848,  212,  136,    0,  215,  853,  258,  785,  229,  514,  811, 1122,  822,  661,  933,  399,  693,  312,  917,  576,  568,  445,  921,  815,   44,  753,  186,  944,  800,  737,  711,  384],
        [  269,  269,  329,  127,  493,  495,  341,  170,  164,  601,  380,  800,  817,  891,  414,  270,  600,  745,  766,  203,   83,  215,    0,  859,  223,  579,  152,  326,  608,  993,  612,  683,  749,  186,  488,  112,  750,  365,  354,  300,  714,  605,  258,  772,  224,  878,  794,  780,  732,  355],
        [  615,  615,  918,  890,  367,  398,  605,  901,  805, 1132,  485,  622,  472,  586,  525,  926, 1033,  525,  350,  674,  832,  853,  859,    0,  640,  947,  709,  764,  931,  663, 1005,  195,  858,  932,  905,  814,  751,  912, 1008,  649, 1039, 1010,  860,  107,  678,  307,   77,  172,  147,  505],
        [   67,   67,  424,  259,  276,  274,  167,  319,  190,  706,  175,  688,  666,  760,  213,  391,  666,  613,  592,   47,  194,  258,  223,  640,    0,  616,   72,  330,  632,  867,  664,  461,  716,  348,  530,  215,  682,  445,  488,  219,  752,  660,  286,  551,   86,  692,  578,  557,  510,  139],
        [  680,  680,  262,  706,  686,  786,  779,  423,  719,  210,  595,  474,  600,  589,  802,  329,   90,  504,  651,  646,  650,  785,  579,  947,  616,    0,  588,  286,   44,  651,   59,  863,  248,  423,   92,  473,  330,  221,  297,  409,  138,   63,  827,  916,  691,  768,  871,  974,  893,  626],
        [  128,  128,  375,  204,  343,  345,  218,  255,  157,  659,  234,  712,  705,  791,  278,  335,  630,  644,  639,   67,  134,  229,  152,  709,   72,  588,    0,  304,  608,  897,  632,  532,  712,  283,  499,  152,  690,  401,  431,  218,  725,  627,  264,  621,  108,  745,  645,  629,  581,  205],
        [  395,  395,  156,  449,  442,  523,  494,  216,  445,  399,  334,  501,  557,  605,  522,  181,  340,  470,  549,  361,  384,  514,  326,  764,  330,  286,  304,    0,  304,  699,  334,  639,  424,  236,  201,  214,  428,  150,  247,  135,  423,  332,  555,  708,  406,  672,  688,  751,  678,  355],
        [  694,  694,  298,  735,  684,  788,  793,  456,  744,  247,  599,  438,  569,  552,  811,  365,  123,  473,  626,  664,  677,  811,  608,  931,  632,   44,  608,  304,    0,  611,   83,  855,  205,  459,  124,  501,  290,  257,  339,  420,  123,   92,  853,  905,  709,  741,  856,  966,  884,  632],
        [  897,  897,  814, 1094,  696,  818,  960,  914, 1051,  856,  715,  198,  222,  108,  921,  865,  732,  254,  346,  914, 1022, 1122,  993,  663,  867,  651,  897,  699,  611,    0,  689,  729,  421,  934,  679,  890,  322,  780,  892,  694,  652,  700, 1152,  712,  949,  358,  617,  797,  721,  765],
        [  729,  729,  287,  739,  742,  841,  828,  451,  758,  168,  650,  519,  651,  633,  854,  353,   44,  555,  706,  692,  686,  822,  612, 1005,  664,   59,  632,  334,   83,  689,    0,  921,  276,  448,  135,  510,  369,  249,  305,  461,  105,   13,  864,  974,  736,  822,  929, 1032,  951,  680],
        [  428,  428,  787,  703,  203,  205,  411,  745,  616, 1028,  323,  635,  513,  635,  330,  784,  943,  532,  385,  490,  648,  661,  683,  195,  461,  863,  532,  639,  855,  729,  921,    0,  825,  776,  806,  651,  732,  788,  873,  511,  972,  924,  667,   93,  490,  404,  159,  113,   50,  332],
        [  771,  771,  475,  872,  688,  807,  862,  618,  862,  442,  634,  276,  430,  380,  861,  539,  319,  345,  520,  756,  806,  933,  749,  858,  716,  248,  712,  424,  205,  421,  276,  825,    0,  627,  307,  637,  117,  435,  532,  498,  233,  287,  972,  855,  800,  618,  787,  927,  842,  677],
        [  410,  410,  162,  305,  574,  612,  499,   31,  349,  418,  453,  736,  789,  840,  559,   95,  429,  704,  767,  348,  268,  399,  186,  932,  348,  423,  283,  236,  459,  934,  448,  776,  627,    0,  336,  133,  653,  203,  169,  293,  552,  439,  442,  858,  383,  888,  860,  882,  821,  448],
        [  595,  595,  176,  615,  620,  713,  694,  333,  628,  228,  522,  491,  598,  606,  721,  242,  142,  502,  632,  558,  558,  693,  488,  905,  530,   92,  499,  201,  124,  679,  135,  806,  307,  336,    0,  382,  364,  134,  226,  330,  229,  132,  735,  865,  603,  753,  829,  918,  840,  549],
        [  278,  278,  235,  236,  451,  481,  370,  104,  249,  517,  331,  695,  722,  789,  428,  186,  502,  646,  682,  219,  177,  312,  112,  814,  215,  473,  152,  214,  501,  890,  510,  651,  637,  133,  382,    0,  639,  266,  281,  204,  610,  504,  354,  735,  256,  799,  744,  755,  697,  320],
        [  730,  730,  514,  866,  613,  736,  815,  638,  844,  536,  576,  160,  313,  268,  804,  573,  412,  231,  408,  726,  797,  917,  750,  751,  682,  330,  690,  428,  290,  322,  369,  732,  117,  653,  364,  639,    0,  477,  585,  472,  344,  380,  953,  754,  768,  503,  682,  830,  745,  622],
        [  512,  512,   42,  491,  590,  665,  611,  203,  515,  262,  479,  585,  670,  697,  650,  109,  236,  576,  679,  465,  440,  576,  365,  912,  445,  221,  401,  150,  257,  780,  249,  788,  435,  203,  134,  266,  477,    0,  114,  280,  352,  241,  619,  858,  508,  803,  836,  900,  827,  495],
        [  553,  553,   92,  473,  672,  732,  649,  187,  516,  250,  554,  698,  783,  810,  700,   97,  278,  689,  789,  498,  436,  568,  354, 1008,  488,  297,  431,  247,  339,  892,  305,  873,  532,  169,  226,  281,  585,  114,    0,  362,  409,  295,  611,  947,  537,  913,  932,  983,  914,  562],
        [  278,  278,  276,  403,  312,  389,  375,  264,  373,  533,  200,  503,  519,  591,  393,  277,  470,  446,  481,  258,  331,  445,  300,  649,  219,  409,  218,  135,  420,  694,  461,  511,  498,  293,  330,  204,  472,  280,  362,    0,  542,  460,  482,  586,  302,  599,  575,  623,  552,  221],
        [  815,  815,  391,  841,  805,  910,  914,  554,  856,  235,  722,  502,  648,  611,  934,  457,  134,  556,  721,  783,  786,  921,  714, 1039,  752,  138,  725,  423,  123,  652,  105,  972,  233,  552,  229,  610,  344,  352,  409,  542,    0,  115,  963, 1018,  828,  830,  964, 1082,  999,  755],
        [  726,  726,  279,  732,  744,  841,  825,  443,  752,  157,  650,  529,  659,  643,  852,  344,   32,  563,  713,  688,  680,  815,  605, 1010,  660,   63,  627,  332,   92,  700,   13,  924,  287,  439,  132,  504,  380,  241,  295,  460,  115,    0,  858,  978,  732,  830,  934, 1035,  954,  679],
        [  268,  268,  584,  143,  524,  463,  257,  427,  111,  858,  451,  972,  951, 1046,  339,  527,  855,  899,  871,  240,  179,   44,  258,  860,  286,  827,  264,  555,  853, 1152,  864,  667,  972,  442,  735,  354,  953,  619,  611,  482,  963,  858,    0,  759,  208,  964,  810,  737,  716,  405],
        [  520,  520,  860,  795,  285,  297,  502,  827,  708, 1090,  406,  642,  504,  625,  421,  861,  999,  540,  376,  581,  739,  753,  772,  107,  551,  916,  621,  708,  905,  712,  974,   93,  855,  858,  865,  735,  754,  858,  947,  586, 1018,  978,  759,    0,  582,  366,   99,   86,   43,  419],
        [   64,   64,  483,  214,  325,  289,  119,  357,  128,  767,  243,  772,  745,  841,  192,  441,  736,  695,  664,   46,  165,  186,  224,  678,   86,  691,  108,  406,  709,  949,  736,  490,  800,  383,  603,  256,  768,  508,  537,  302,  828,  732,  208,  582,    0,  759,  621,  576,  540,  198],
        [  697,  697,  822,  948,  446,  546,  730,  861,  881,  973,  518,  352,  192,  290,  669,  851,  858,  275,  124,  736,  879,  944,  878,  307,  692,  768,  745,  672,  741,  358,  822,  404,  618,  888,  753,  799,  503,  803,  913,  599,  830,  830,  964,  366,  759,    0,  268,  452,  384,  561],
        [  557,  557,  843,  831,  302,  351,  556,  829,  748, 1055,  416,  560,  415,  533,  480,  851,  957,  460,  288,  613,  770,  800,  794,   77,  578,  871,  645,  688,  856,  617,  929,  159,  787,  860,  829,  744,  682,  836,  932,  575,  964,  934,  810,   99,  621,  268,    0,  184,  124,  441],
        [  517,  517,  898,  788,  312,  288,  484,  851,  698, 1141,  432,  724,  589,  710,  400,  894, 1055,  621,  460,  581,  738,  737,  780,  172,  557,  974,  629,  751,  966,  797, 1032,  113,  927,  882,  918,  755,  830,  900,  983,  623, 1082, 1035,  737,   86,  576,  452,  184,    0,   86,  435],
        [  478,  478,  828,  753,  248,  255,  460,  791,  666, 1063,  369,  640,  509,  630,  379,  827,  975,  537,  380,  539,  698,  711,  732,  147,  510,  893,  581,  678,  884,  721,  951,   50,  842,  821,  840,  697,  745,  827,  914,  552,  999,  954,  716,   43,  540,  384,  124,   86,    0,  380],
        [  138,  138,  484,  396,  139,  171,  198,  417,  321,  752,   50,  600,  554,  658,  185,  468,  691,  514,  467,  178,  332,  384,  355,  505,  139,  626,  205,  355,  632,  765,  680,  332,  677,  448,  549,  320,  622,  495,  562,  221,  755,  679,  405,  419,  198,  561,  441,  435,  380,    0]
    ]
}
