{
    "name": "random-98-17941",
    "comment": "size=98 seed=17941",
    "nodes": ["+0", "-0", "+1", "-1", "+2", "-2", "+3", "-3", "+4", "-4", "+5", "-5", "+6", "-6", "+7", "-7", "+8", "-8", "+9", "-9", "+10", "-10", "+11", "-11", "+12", "-12", "+13", "-13", "+14", "-14", "+15", "-15", "+16", "-16", "+17", "-17", "+18", "-18", "+19", "-19", "+20", "-20", "+21", "-21", "+22", "-22", "+23", "-23", "+24", "-24", "+25", "-25", "+26", "-26", "+27", "-27", "+28", "-28", "+29", "-29", "+30", "-30", "+31", "-31", "+32", "-32", "+33", "-33", "+34", "-34", "+35", "-35", "+36", "-36", "+37", "-37", "+38", "-38", "+39", "-39", "+40", "-40", "+41", "-41", "+42", "-42", "+43", "-43", "+44", "-44", "+45", "-45", "+46", "-46", "+47", "-47", "+48", "-48", "+49", "-49", "+50", "-50", "+51", "-51", "+52", "-52", "+53", "-53", "+54", "-54", "+55", "-55", "+56", "-56", "+57", "-57", "+58", "-58", "+59", "-59", "+60", "-60", "+61", "-61", "+62", "-62", "+63", "-63", "+64", "-64", "+65", "-65", "+66", "-66", "+67", "-67", "+68", "-68", "+69", "-69", "+70", "-70", "+71", "-71", "+72", "-72", "+73", "-73", "+74", "-74", "+75", "-75", "+76", "-76", "+77", "-77", "+78", "-78", "+79", "-79", "+80", "-80", "+81", "-81", "+82", "-82", "+83", "-83", "+84", "-84", "+85", "-85", "+86", "-86", "+87", "-87", "+88", "-88", "+89", "-89", "+90", "-90", "+91", "-91", "+92", "-92", "+93", "-93", "+94", "-94", "+95", "-95", "+96", "-96", "+97", "-97", "+98", "-98"],
    "precedence": {
        "+0": "-0",
        "+1": "-1",
        "+2": "-2",
        "+3": "-3",
        "+4": "-4",
        "+5": "-5",
        "+6": "-6",
        "+7": "-7",
        "+8": "-8",
        "+9": "-9",
        "+10": "-10",
        "+11": "-11",
        "+12": "-12",
        "+13": "-13",
        "+14": "-14",
        "+15": "-15",
        "+16": "-16",
        "+17": "-17",
        "+18": "-18",
        "+19": "-19",
        "+20": "-20",
        "+21": "-21",
        "+22": "-22",
        "+23": "-23",
        "+24": "-24",
        "+25": "-25",
        "+26": "-26",
        "+27": "-27",
        "+28": "-28",
        "+29": "-29",
        "+30": "-30",
        "+31": "-31",
        "+32": "-32",
        "+33": "-33",
        "+34": "-34",
        "+35": "-35",
        "+36": "-36",
        "+37": "-37",
        "+38": "-38",
        "+39": "-39",
        "+40": "-40",
        "+41": "-41",
        "+42": "-42",
        "+43": "-43",
        "+44": "-44",
        "+45": "-45",
        "+46": "-46",
        "+47": "-47",
        "+48": "-48",
        "+49": "-49",
        "+50": "-50",
        "+51": "-51",
        "+52": "-52",
        "+53": "-53",
        "+54": "-54",
        "+55": "-55",
        "+56": "-56",
        "+57": "-57",
        "+58": "-58",
        "+59": "-59",
        "+60": "-60",
        "+61": "-61",
        "+62": "-62",
        "+63": "-63",
        "+64": "-64",
        "+65": "-65",
        "+66": "-66",
        "+67": "-67",
        "+68": "-68",
        "+69": "-69",
        "+70": "-70",
        "+71": "-71",
        "+72": "-72",
        "+73": "-73",
        "+74": "-74",
        "+75": "-75",
        "+76": "-76",
        "+77": "-77",
        "+78": "-78",
        "+79": "-79",
        "+80": "-80",
        "+81": "-81",
        "+82": "-82",
        "+83": "-83",
        "+84": "-84",
        "+85": "-85",
        "+86": "-86",
        "+87": "-87",
        "+88": "-88",
        "+89": "-89",
        "+90": "-90",
        "+91": "-91",
        "+92": "-92",
        "+93": "-93",
        "+94": "-94",
        "+95": "-95",
        "+96": "-96",
        "+97": "-97",
        "+98": "-98"
    },
    "edges": [
        [    0,    0,  575,  569,  614,  565,  363,  852,  699,  104,  425,  581,  949,  620,  944,  175,  697,  548,  556,  226,  650,  938,  350,  545,  540,  374,  468,  546,  303,  482,  704,  821,  943,  295,  962,  609,  293,  508,  413,  334,  391,  395,  320,  173,  658,  458,  489,  197,  337,  117,  399,  379,  326, 1060,  535,  375,  674,  318,  476,  464,  370,  277, 1057,  525,  930,  885,  790,  474,  254,  971,  356,  525, 1054,  236,  557,  962,  953,  943,  581,  238,  288,  573,  600,  508,  945,  547,  716,  897,  928,  642,  454,  657,  186,  778,  946,  381,  595,  981,  259,  640,  741,   27,  970,  951,  627,  128,  523,  902,  215,  820,  335,  839,  708,  795,  621,  432,  501,  170,  840,  925,  955,  759,  696,  276,  630,  708,  638,  546,  655,  258,  452,  873, 1014,  537,  393,  653,  584,  297,  682,  550,  336, 1050,  769,  715,  869,  216, 1022,  750,  711,  842,  205,  922,  299,  977,  708,  163,  930,  394,  796,  701, 1105,  299,  204,  852,  832,  180,  131,  528,  950,   78,  603,  817,  921,  413,  182,  589,  409,  707,  817,  868,  551,  886,  962,  708,  916,   93,  115,  491,  431,  885,  331,  369,  408,  986,   39,  584,   80,  478],
        [    0,    0,    0,    0,    0,    0,    0,    0,    0,    0,    0,    0,    0,    0,    0,    0,    0,    0,    0,    0,    0,    0,    0,    0,    0,    0,    0,    0,    0,    0,    0,    0,    0,    0,    0,    0,    0,    0,    0,    0,    0,    0,    0,    0,    0,    0,    0,    0,    0,    0,    0,    0,    0,    0,    0,    0,    0,    0,    0,    0,    0,    0,    0,    0,    0,    0,    0,    0,    0,    0,    0,    0,    0,    0,    0,    0,    0,    0,    0,    0,    0,    0,    0,    0,    0,    0,    0,    0,    0,    0,    0,    0,    0,    0,    0,    0,    0,    0,    0,    0,    0,    0,    0,    0,    0,    0,    0,    0,    0,    0,    0,    0,    0,    0,    0,    0,    0,    0,    0,    0,    0,    0,    0,    0,    0,    0,    0,    0,    0,    0,    0,    0,    0,    0,    0,    0,    0,    0,    0,    0,    0,    0,    0,    0,    0,    0,    0,    0,    0,    0,    0,    0,    0,    0,    0,    0,    0,    0,    0,    0,    0,    0,    0,    0,    0,    0,    0,    0,    0,    0,    0,    0,    0,    0,    0,    0,    0,    0,    0,    0,    0,    0,    0,    0,    0,    0,    0,    0,    0,    0,    0,    0,    0,    0,    0,    0,    0,    0],
        [  575,    0,    0,  748,  459,  577,  422,  395,  184,  481,  195, 1010,  817,  185,  479,  508,  623,  925,  695,  420,  370,  561,  231,  647,  329,  359,  710,  571,  685,  888,  518,  268,  433,  550,  666,  332,  295,  856,  551,  567,  547,  196,  270,  448,   90,  408,  161,  459,  421,  620,  390,  216,  292,  962,  115,  410,  101,  660,  218,  184,  835,  759,  866,  947,  395,  688,  286,  911,  738,  869,  331,  237,  919,  340,  776,  536,  613,  809,  228,  338,  309,  291,  533,  759,  713,  175,  153,  850,  408,  796,  501,   86,  403,  488,  419,  811,  698,  801,  508,  224,  168,  549,  457,  785,  271,  670,  921,  892,  509,  485,  462,  470,  695,  615,  859,  231,  170,  413,  648,  357,  642,  235,  596,  666,   58,  641,  749,  804,  124,  397,  664,  347,  792,  977,  850,  195,   23,  284,  457,  972,  440,  954,  628,  142,  704,  713,  914,  179,  702,  827,  438,  709,  630,  664,  873,  441,  841,  198,  667,  671,  958,  277,  378,  385,  856,  436,  497,  707,  620,  612,   69,  378,  477,  457,  430,  373,  811,  450,  651,  499,  265,  432,  908,  303,  362,  522,  607,  931,  776,  812,  321,  499,  350,  873,  593,   50,  640,  173],
        [  569,    0,  748,    0,  371,  206,  341,  736,  730,  524,  745,  395,  478,  634,  801,  414,  291,  284,   59,  708,  494,  698,  588,  111,  448,  818,  106,  201,  291,  306,  406,  851,  862,  287,  631,  493,  543,  219,  208,  248,  221,  697,  667,  669,  829,  342,  791,  706,  353,  467,  859,  570,  712,  544,  638,  348,  827,  261,  531,  783,  379,  401,  606,  352,  892,  491,  760,  357,  406,  473,  436,  527,  562,  583,   51,  766,  669,  476,  566,  594,  672,  504,  282,   91,  559,  592,  804,  378,  866,   74,  247,  823,  514,  529,  887,  324,   90,  539,  337,  619,  855,  573,  884,  507,  565,  501,  308,  362,  752,  592,  316,  635,  234,  429,  117,  786,  808,  528,  462,  967,  643,  769,  317,  311,  773,  287,   91,  100,  731,  430,  119,  840,  598,  392,  370,  659,  769,  563,  443,  364,  335,  534,  380,  864,  453,  429,  519,  850,  231,  316,  698,  528,  273,  657,  145,  645,  433,  698,  380,  248,  613,  617,  618,  749,  286,  664,  659,   46,  656,  506,  813,  698,  763,  293,  475,  437,  284,  478,  426,  650,  514,  754,  436,  622,  919,  635,  463,  370,  211,  388,  746,  885,  844,  493,  538,  716,  535,  575],
        [  614,    0,  459,  371,    0,  166,  251,  365,  382,  520,  542,  740,  381,  299,  435,  446,  164,  632,  314,  628,  125,  359,  407,  262,  135,  676,  393,  173,  492,  628,   92,  492,  491,  368,  351,  139,  403,  559,  267,  348,  283,  501,  514,  614,  522,  156,  562,  647,  277,  569,  719,  369,  564,  520,  347,  240,  513,  451,  263,  567,  644,  612,  464,  685,  521,  281,  394,  671,  603,  424,  281,  226,  489,  478,  416,  412,  353,  374,  237,  488,  539,  170,   93,  427,  335,  285,  467,  393,  495,  392,  192,  514,  457,  182,  517,  596,  292,  389,  374,  273,  521,  601,  513,  364,  213,  623,  646,  433,  706,  240,  286,  276,  241,  191,  486,  591,  579,  477,  235,  605,  347,  412,  138,  491,  464,  183,  333,  460,  400,  362,  350,  471,  408,  724,  647,  315,  482,  419,   81,  704,  280,  511,  184,  543,  278,  602,  473,  511,  248,  368,  630,  316,  434,  368,  459,  592,  392,  503,  220,  216,  536,  471,  533,  378,  400,  603,  634,  347,  347,  591,  528,  327,  399,  210,  440,   88,  572,  116,  221,  298,  195,  385,  453,  256,  552,  631,  557,  689,  507,  358,  605,  790,  690,  432,  602,  415,  629,  308],
        [  565,    0,  577,  206,  166,    0,  230,  530,  533,  488,  614,  582,  385,  442,  597,  391,  136,  473,  148,  639,  289,  504,  461,   97,  256,  720,  238,   20,  372,  476,  210,  651,  656,  279,  459,  292,  434,  401,  158,  246,  180,  567,  558,  612,  650,  178,  648,  649,  253,  493,  763,  432,  607,  498,  463,  228,  646,  331,  361,  647,  510,  496,  498,  530,  686,  342,  556,  523,  491,  406,  307,  344,  489,  494,  252,  566,  484,  379,  374,  506,  574,  309,   78,  266,  409,  409,  612,  339,  661,  231,  117,  644,  447,  330,  682,  459,  130,  423,  307,  422,  666,  560,  678,  392,  365,  542,  489,  358,  704,  392,  237,  433,  150,  261,  321,  660,  666,  466,  303,  765,  466,  569,  146,  379,  593,  145,  176,  297,  541,  348,  201,  635,  466,  570,  509,  464,  599,  453,  239,  548,  245,  487,  221,  680,  316,  500,  458,  658,  154,  292,  635,  381,  323,  483,  303,  589,  367,  569,  239,  137,  540,  509,  542,  543,  301,  604,  619,  184,  473,  524,  645,  493,  560,  170,  418,  236,  429,  274,  271,  451,  324,  549,  405,  418,  715,  606,  483,  539,  359,  322,  646,  814,  740,  421,  545,  539,  560,  408],
        [  363,    0,  422,  341,  251,  230,    0,  540,  451,  272,  405,  599,  599,  354,  627,  196,  347,  507,  296,  410,  306,  591,  249,  257,  204,  494,  289,  214,  291,  477,  341,  582,  652,  149,  601,  274,  210,  437,  134,  152,  126,  358,  335,  385,  508,   97,  451,  421,   27,  323,  537,  230,  383,  722,  322,   16,  511,  257,  216,  443,  450,  396,  700,  537,  659,  524,  514,  508,  381,  628,   96,  236,  706,  265,  361,  627,  597,  592,  291,  277,  347,  252,  244,  339,  582,  291,  507,  568,  645,  401,  115,  502,  220,  422,  665,  414,  314,  624,  132,  355,  553,  352,  678,  595,  318,  378,  507,  587,  477,  470,   49,  496,  379,  433,  444,  448,  469,  240,  478,  698,  596,  504,  341,  280,  456,  361,  366,  384,  433,  120,  244,  601,  652,  571,  460,  385,  441,  229,  323,  561,   32,  712,  411,  551,  511,  372,  680,  552,  383,  521,  407,  560,  230,  617,  479,  361,  590,  359,  440,  365,  756,  285,  313,  545,  528,  376,  396,  297,  592,  342,  483,  501,  597,   61,  196,  239,  404,  351,  457,  523,  243,  570,  633,  398,  666,  387,  310,  527,  360,  547,  421,  585,  517,  641,  352,  398,  379,  253],
        [  852,    0,  395,  736,  365,  530,  540,    0,  213,  748,  577, 1100,  560,  244,   94,  717,  482,  994,  678,  768,  249,  187,  527,  626,  337,  743,  754,  538,  824,  985,  345,  215,  127,  686,  326,  268,  568,  921,  612,  678,  623,  560,  617,  779,  391,  457,  555,  801,  558,  848,  778,  488,  655,  699,  348,  524,  368,  787,  376,  576,  983,  934,  558, 1043,  170,  418,  120, 1024,  920,  620,  503,  328,  638,  642,  781,  142,  253,  552,  272,  646,  655,  289,  455,  791,  409,  312,  281,  646,  137,  750,  536,  384,  667,  232,  157,  941,  654,  513,  670,  216,  322,  831,  148,  511,  227,  904, 1005,  703,  859,  181,  587,  138,  567,  388,  850,  620,  564,  685,  396,  290,  296,  176,  449,  817,  354,  497,  690,  825,  273,  603,  709,  138,  476, 1081,  990,  217,  409,  571,  296, 1063,  571,  694,  429,  370,  454,  910,  652,  301,  574,  651,  781,  420,  763,  313,  811,  764,  608,  562,  461,  542,  664,  598,  696,   20,  701,  766,  818,  712,  266,  858,  440,   40,   82,  529,  673,  315,  922,  262,  420,  151,  305,   38,  685,  145,  222,  832,  834, 1043,  863,  598,  691,  882,  739,  616,  855,  350,  893,  383],
        [  699,    0,  184,  730,  382,  533,  451,  213,    0,  597,  372, 1047,  692,   99,  296,  593,  539,  951,  672,  581,  264,  387,  353,  620,  282,  538,  717,  533,  740,  927,  413,  132,  257,  597,  505,  245,  406,  878,  560,  602,  562,  362,  427,  600,  185,  397,  345,  617,  461,  719,  571,  321,  459,  837,  165,  436,  164,  707,  241,  367,  898,  834,  721,  986,  233,  554,  104,  958,  816,  748,  383,  216,  786,  472,  767,  354,  444,  684,  166,  473,  467,  226,  471,  762,  567,  163,   90,  748,  236,  764,  492,  177,  514,  347,  251,  864,  662,  663,  567,  112,  144,  675,  283,  652,  170,  773,  954,  798,  672,  328,  498,  304,  621,  494,  845,  412,  353,  530,  519,  248,  478,   61,  508,  726,  142,  557,  709,  803,   61,  475,  670,  177,  642, 1021,  909,   71,  197,  404,  350, 1009,  478,  830,  520,  179,  578,  798,  789,  131,  628,  737,  596,  568,  679,  499,  835,  587,  727,  364,  558,  595,  820,  418,  520,  201,  776,  586,  643,  695,  453,  720,  229,  199,  294,  464,  531,  300,  855,  330,  531,  330,  219,  249,  799,  151,  221,  663,  705,  978,  807,  705,  493,  678,  531,  749,  709,  142,  753,  224],
        [  104,    0,  481,  524,  520,  488,  272,  748,  597,    0,  347,  607,  868,  516,  840,  111,  615,  555,  501,  196,  549,  837,  252,  482,  439,  333,  431,  470,  295,  496,  611,  721,  840,  238,  865,  507,  192,  504,  345,  278,  324,  311,  240,  149,  566,  365,  411,  185,  246,  150,  367,  278,  260,  985,  434,  282,  581,  296,  372,  389,  402,  312,  971,  546,  828,  795,  687,  499,  288,  894,  254,  421,  974,  145,  520,  859,  854,  862,  477,  150,  217,  470,  515,  476,  853,  444,  618,  825,  825,  596,  373,  564,   83,  679,  843,  399,  536,  895,  191,  536,  646,   85,  867,  866,  523,  192,  536,  836,  228,  719,  252,  737,  635,  705,  593,  364,  425,   68,  750,  827,  857,  657,  611,  268,  534,  628,  583,  518,  555,  159,  405,  771,  924,  565,  423,  549,  491,  198,  585,  573,  249,  975,  682,  622,  783,  255,  946,  654,  638,  773,  181,  832,  270,  879,  667,  128,  854,  310,  711,  625, 1025,  210,  133,  748,  769,  148,  136,  480,  851,  133,  514,  713,  818,  327,   81,  489,  418,  608,  729,  767,  448,  783,  891,  604,  815,  118,  138,  518,  421,  810,  276,  368,  366,  908,  114,  486,  160,  375],
        [  425,    0,  195,  745,  542,  614,  405,  577,  372,  347,    0,  934,  921,  341,  665,  411,  695,  865,  701,  236,  489,  728,  157,  660,  410,  167,  682,  602,  607,  816,  620,  462,  626,  494,  814,  443,  207,  803,  537,  522,  526,   49,  108,  273,  256,  436,   65,  276,  393,  496,  202,  182,  107, 1062,  237,  400,  278,  593,  281,   43,  740,  653,  990,  872,  590,  806,  475,  829,  630,  966,  312,  328, 1028,  206,  762,  714,  771,  914,  352,  199,  138,  395,  593,  732,  844,  293,  347,  929,  601,  805,  512,  258,  286,  623,  614,  727,  716,  919,  442,  378,  352,  398,  650,  898,  406,  537,  854,  961,  321,  635,  430,  630,  753,  723,  844,   50,   78,  288,  762,  544,  794,  427,  675,  584,  251,  713,  769,  778,  313,  328,  641,  540,  922,  896,  758,  363,  192,  188,  567,  898,  411, 1053,  724,  313,  813,  600, 1015,  367,  759,  894,  256,  833,  562,  816,  884,  271,  933,   48,  762,  733, 1072,  145,  221,  568,  912,  261,  324,  700,  775,  478,  193,  554,  658,  459,  325,  466,  737,  570,  757,  661,  365,  614,  992,  463,  555,  355,  484,  849,  719,  897,  128,  307,  164,  974,  451,  230,  499,  240],
        [  581,    0, 1010,  395,  740,  582,  599, 1100, 1047,  607,  934,    0,  857,  949, 1174,  525,  685,  112,  444,  796,  851, 1085,  797,  488,  777,  939,  347,  570,  329,  122,  791, 1177, 1222,  460, 1025,  838,  735,  181,  492,  447,  486,  890,  832,  744, 1098,  655,  994,  774,  593,  469,  971,  798,  862,  894,  918,  613, 1104,  350,  815,  977,  212,  305,  986,   64, 1241,  884, 1100,  109,  328,  840,  681,  832,  927,  732,  345, 1148, 1061,  856,  884,  741,  818,  833,  659,  317,  953,  889, 1106,  741, 1221,  425,  566, 1094,  651,  912, 1243,  209,  484,  925,  503,  945, 1150,  601, 1246,  893,  899,  457,   95,  706,  795,  974,  553, 1014,  627,  823,  315,  961, 1011,  653,  856, 1294, 1037, 1097,  710,  351, 1050,  682,  476,  295, 1031,  617,  391, 1186,  987,   47,  189,  980, 1027,  752,  818,   38,  575,  885,  775, 1145,  845,  366,  880, 1150,  623,  679,  777,  921,  381, 1051,  424,  727,  803,  891,  774,  642,  975,  790,  738, 1110,  633,  747,  709,  402, 1049,  504, 1063, 1061, 1138,  585,  611,  786,  200,  854,  820, 1032,  832, 1122,  786,  970, 1257,  673,  476,   91,  241,  762,  881,  949,  972,  861,  543,  992,  508,  848],
        [  949,    0,  817,  478,  381,  385,  599,  560,  692,  868,  921,  857,    0,  637,  570,  774,  253,  749,  448, 1001,  448,  410,  788,  430,  512, 1057,  568,  404,  738,  782,  303,  761,  667,  663,  270,  488,  780,  693,  541,  628,  563,  881,  894,  981,  863,  517,  937, 1016,  625,  876, 1100,  750,  944,  146,  711,  592,  848,  699,  641,  945,  853,  860,  129,  823,  726,  143,  653,  834,  859,   62,  653,  598,  109,  851,  525,  495,  346,    9,  591,  861,  918,  533,  355,  568,  167,  648,  781,  133,  688,  433,  496,  856,  818,  347,  705,  798,  400,   78,  691,  601,  835,  942,  677,   57,  548,  923,  778,  191, 1073,  382,  616,  423,  254,  203,  543,  971,  953,  838,  173,  849,  299,  695,  260,  750,  808,  241,  389,  572,  731,  718,  550,  697,  149,  862,  846,  639,  839,  796,  361,  831,  620,  139,  198,  869,  115,  873,   97,  819,  255,  184, 1001,  145,  697,  297,  443,  958,   67,  883,  163,  254,  158,  850,  904,  579,  239,  971,  994,  492,  328,  908,  884,  539,  532,  542,  793,  457,  760,  369,  167,  412,  562,  552,  136,  541,  781,  984,  867,  845,  686,   97,  985, 1168, 1071,   57,  929,  769,  943,  684],
        [  620,    0,  185,  634,  299,  442,  354,  244,   99,  516,  341,  949,  637,    0,  337,  503,  461,  853,  578,  524,  192,  387,  285,  526,  187,  505,  620,  440,  643,  829,  343,  229,  324,  501,  483,  162,  329,  780,  462,  505,  464,  319,  373,  536,  228,  300,  331,  558,  365,  631,  543,  247,  413,  783,  106,  339,  216,  610,  149,  347,  802,  740,  682,  888,  315,  505,  172,  860,  722,  690,  290,  118,  737,  401,  671,  377,  434,  629,   69,  405,  411,  134,  384,  665,  529,   73,  171,  680,  310,  671,  395,  221,  434,  303,  328,  767,  570,  618,  472,   39,  225,  597,  351,  602,   91,  686,  856,  726,  615,  302,  401,  291,  539,  435,  750,  387,  343,  451,  466,  346,  460,  151,  431,  630,  172,  479,  618,  706,  102,  385,  572,  257,  607,  923,  812,   34,  205,  330,  280,  911,  381,  775,  453,  245,  523,  706,  734,  217,  546,  662,  537,  525,  583,  482,  744,  522,  665,  321,  492,  514,  775,  355,  454,  240,  698,  523,  577,  599,  439,  635,  249,  217,  323,  366,  446,  213,  757,  268,  471,  322,  122,  282,  734,  123,  314,  592,  617,  880,  709,  639,  450,  642,  505,  693,  627,  135,  668,  143],
        [  944,    0,  479,  801,  435,  597,  627,   94,  296,  840,  665, 1174,  570,  337,    0,  807,  532, 1067,  744,  860,  328,  164,  620,  694,  424,  831,  828,  607,  908, 1061,  399,  264,  103,  771,  313,  353,  661,  994,  692,  761,  703,  650,  708,  872,  465,  541,  640,  894,  646,  938,  866,  581,  746,  701,  439,  611,  441,  869,  469,  662, 1065, 1020,  547, 1119,  171,  432,  195, 1102, 1007,  631,  594,  420,  636,  735,  848,   85,  234,  562,  364,  739,  747,  378,  520,  861,  408,  405,  352,  670,  131,  809,  615,  458,  759,  277,  143, 1022,  716,  513,  758,  309,  386,  923,  108,  517,  318,  994, 1080,  729,  951,  217,  673,  170,  616,  422,  913,  707,  648,  778,  420,  306,  281,  250,  500,  902,  434,  545,  748,  893,  356,  694,  783,  169,  466, 1157, 1071,  308,  491,  664,  359, 1138,  658,  697,  468,  436,  473,  998,  656,  364,  623,  684,  873,  426,  847,  292,  865,  857,  625,  652,  494,  591,  655,  691,  789,   98,  737,  859,  911,  780,  250,  949,  519,  128,   41,  612,  765,  396, 1001,  324,  449,  166,  396,   58,  701,  237,  236,  925,  924, 1121,  939,  621,  782,  971,  826,  623,  946,  436,  984,  476],
        [  175,    0,  508,  414,  446,  391,  196,  717,  593,  111,  411,  525,  774,  503,  807,    0,  523,  461,  392,  302,  496,  784,  281,  375,  389,  430,  321,  372,  200,  408,  535,  722,  820,  128,  796,  460,  217,  405,  240,  168,  219,  367,  309,  258,  596,  292,  471,  294,  171,  132,  466,  293,  340,  886,  438,  209,  607,  193,  354,  453,  332,  251,  883,  462,  818,  712,  673,  419,  230,  796,  216,  394,  879,  208,  410,  815,  792,  769,  452,  218,  297,  430,  427,  366,  774,  432,  629,  724,  809,  486,  280,  593,  127,  617,  828,  317,  428,  807,   85,  515,  665,  170,  847,  777,  491,  187,  446,  732,  339,  664,  162,  687,  535,  623,  484,  437,  487,  132,  668,  834,  791,  651,  522,  174,  556,  534,  474,  410,  560,  119,  295,  759,  841,  486,  350,  536,  522,  232,  519,  489,  166,  876,  596,  649,  696,  208,  848,  669,  537,  670,  289,  750,  164,  812,  557,  236,  756,  367,  621,  527,  931,  266,  222,  720,  663,  255,  246,  370,  788,  147,  553,  680,  781,  241,   87,  432,  328,  546,  644,  715,  413,  750,  789,  573,  814,  224,  118,  439,  321,  711,  365,  476,  461,  812,  158,  502,  184,  371],
        [  697,    0,  623,  291,  164,  136,  347,  482,  539,  615,  695,  685,  253,  461,  532,  523,    0,  574,  243,  753,  275,  412,  552,  205,  296,  819,  355,  156,  505,  589,  138,  640,  607,  415,  340,  300,  536,  507,  294,  382,  315,  652,  655,  731,  685,  271,  721,  766,  373,  628,  862,  517,  706,  377,  510,  341,  675,  464,  422,  724,  637,  629,  363,  639,  649,  210,  536,  638,  625,  282,  408,  389,  360,  604,  342,  486,  379,  247,  400,  615,  676,  334,  106,  371,  278,  449,  626,  234,  618,  282,  244,  678,  567,  256,  639,  584,  202,  288,  440,  432,  681,  690,  626,  256,  373,  677,  596,  270,  823,  317,  364,  362,   86,  138,  392,  744,  738,  586,  174,  747,  352,  562,   34,  513,  627,   19,  222,  391,  562,  467,  325,  604,  331,  680,  634,  474,  645,  554,  195,  653,  368,  367,   91,  705,  181,  635,  334,  669,   93,  204,  752,  249,  458,  366,  333,  708,  245,  654,  103,   60,  410,  609,  656,  498,  238,  722,  742,  287,  366,  659,  692,  448,  492,  290,  541,  251,  551,  224,  140,  372,  358,  492,  297,  401,  689,  732,  618,  653,  478,  205,  746,  923,  836,  295,  678,  579,  694,  468],
        [  548,    0,  925,  284,  632,  473,  507,  994,  951,  555,  865,  112,  749,  853, 1067,  461,  574,    0,  333,  750,  746,  975,  721,  378,  676,  887,  240,  461,  262,   72,  681, 1080, 1118,  377,  914,  735,  661,   74,  392,  358,  389,  820,  767,  700, 1012,  555,  923,  732,  505,  431,  921,  718,  801,  792,  828,  521, 1017,  273,  723,  907,  200,  281,  878,   77, 1139,  774,  999,  112,  301,  735,  594,  736,  823,  668,  234, 1039,  950,  748,  786,  678,  757,  733,  550,  207,  842,  796, 1013,  636, 1118,  316,  464, 1008,  587,  803, 1139,  169,  373,  816,  425,  847, 1059,  564, 1141,  783,  799,  432,   38,  603,  760,  865,  464,  905,  516,  712,  210,  896,  940,  592,  745, 1197,  926,  999,  599,  289,  962,  571,  366,  184,  938,  541,  286, 1084,  878,  115,  178,  882,  943,  679,  709,   82,  486,  783,  664, 1057,  735,  339,  776, 1058,  513,  574,  733,  811,  304,  940,  322,  681,  697,  820,  663,  531,  871,  722,  681, 1005,  529,  701,  671,  291,  938,  471,  982,  955, 1030,  487,  546,  682,  139,  745,  709,  923,  734, 1016,  683,  868, 1157,  636,  436,  112,  149,  655,  824,  912,  919,  756,  510,  904,  482,  759],
        [  556,    0,  695,   59,  314,  148,  296,  678,  672,  501,  701,  444,  448,  578,  744,  392,  243,  333,    0,  679,  436,  644,  544,   54,  392,  782,  121,  143,  297,  347,  351,  794,  804,  265,  583,  435,  502,  265,  168,  225,  185,  653,  628,  642,  775,  289,  744,  679,  311,  461,  824,  523,  674,  528,  585,  301,  773,  262,  478,  738,  406,  415,  574,  397,  834,  447,  702,  397,  417,  450,  390,  471,  539,  547,  104,  710,  617,  445,  510,  559,  635,  447,  225,  129,  516,  537,  748,  361,  808,  105,  196,  769,  483,  474,  830,  351,   48,  505,  311,  562,  800,  557,  826,  472,  507,  499,  354,  354,  728,  536,  277,  579,  197,  380,  174,  743,  762,  499,  416,  909,  593,  712,  266,  314,  719,  241,   83,  151,  675,  394,  109,  782,  560,  437,  400,  602,  717,  523,  386,  411,  294,  518,  333,  809,  412,  436,  499,  793,  195,  300,  670,  485,  268,  608,  183,  619,  409,  654,  337,  205,  591,  578,  586,  691,  280,  637,  637,   46,  605,  498,  761,  640,  706,  245,  446,  380,  315,  421,  380,  595,  457,  696,  422,  564,  861,  616,  455,  411,  241,  363,  709,  857,  807,  469,  527,  662,  529,  523],
        [  226,    0,  420,  708,  628,  639,  410,  768,  581,  196,  236,  796, 1001,  524,  860,  302,  753,  750,  679,    0,  620,  893,  245,  652,  517,  148,  620,  623,  490,  689,  717,  686,  837,  423,  951,  573,  226,  700,  514,  461,  495,  225,  155,   53,  490,  484,  295,   41,  386,  329,  175,  286,  130, 1129,  422,  414,  511,  491,  410,  268,  588,  495, 1091,  737,  809,  909,  682,  688,  471, 1034,  349,  464, 1109,  151,  709,  897,  924,  994,  509,  141,  115,  527,  648,  667,  959,  459,  572,  977,  816,  778,  523,  491,  196,  758,  830,  590,  708, 1016,  371,  555,  584,  201,  863,  990,  563,  353,  729,  996,   92,  785,  408,  792,  788,  819,  784,  226,  303,  180,  863,  775,  937,  640,  742,  463,  478,  768,  758,  711,  526,  292,  591,  756, 1034,  753,  609,  553,  422,  214,  678,  763,  397, 1119,  806,  548,  904,  434, 1086,  598,  792,  930,   23,  942,  464,  960,  852,   70,  997,  223,  839,  774, 1158,  172,   98,  764,  934,   50,  100,  663,  925,  297,  428,  739,  846,  470,  233,  574,  612,  693,  848,  823,  499,  805, 1043,  636,  781,  138,  320,  706,  617,  955,  116,  178,  183, 1046,  261,  445,  305,  389],
        [  650,    0,  370,  494,  125,  289,  306,  249,  264,  549,  489,  851,  448,  192,  328,  496,  275,  746,  436,  620,    0,  289,  380,  383,  110,  640,  506,  294,  581,  736,  152,  369,  372,  446,  333,   47,  396,  672,  365,  434,  376,  455,  485,  616,  420,  215,  496,  645,  328,  626,  682,  338,  533,  593,  266,  291,  407,  542,  215,  507,  738,  695,  503,  794,  398,  321,  269,  776,  683,  500,  296,  163,  550,  474,  537,  321,  308,  440,  144,  482,  518,   95,  217,  544,  355,  202,  352,  488,  374,  516,  288,  412,  475,  139,  395,  694,  417,  435,  437,  159,  407,  633,  396,  417,  102,  682,  757,  536,  705,  171,  351,  191,  358,  245,  609,  539,  511,  495,  279,  480,  318,  289,  244,  576,  363,  293,  458,  579,  291,  392,  460,  347,  434,  832,  744,  201,  391,  407,   89,  815,  338,  585,  262,  433,  335,  676,  544,  394,  365,  474,  626,  346,  521,  341,  583,  596,  474,  457,  300,  332,  591,  451,  531,  259,  512,  604,  645,  467,  307,  642,  437,  210,  295,  285,  469,   69,  675,   82,  281,  220,  126,  274,  543,  131,  427,  649,  613,  795,  614,  447,  574,  767,  648,  503,  646,  322,  679,  250],
        [  938,    0,  561,  698,  359,  504,  591,  187,  387,  837,  728, 1085,  410,  387,  164,  784,  412,  975,  644,  893,  289,    0,  649,  597,  398,  891,  742,  517,  850,  980,  295,  400,  265,  723,  150,  330,  676,  904,  625,  705,  641,  703,  749,  895,  570,  496,  716,  922,  614,  913,  929,  607,  793,  538,  491,  576,  548,  809,  485,  734, 1002,  969,  384, 1034,  330,  277,  305, 1025,  959,  471,  583,  430,  473,  754,  747,   86,   71,  403,  386,  760,  785,  371,  428,  769,  246,  440,  463,  517,  290,  694,  550,  563,  761,  177,  305,  954,  609,  351,  721,  350,  507,  921,  271,  356,  331,  968,  993,  578,  982,  121,  633,  102,  490,  285,  803,  774,  727,  781,  273,  463,  118,  360,  383,  848,  527,  422,  633,  795,  443,  681,  702,  316,  303, 1074, 1004,  369,  578,  684,  278, 1051,  622,  535,  334,  554,  320,  956,  494,  487,  496,  538,  902,  266,  792,  130,  742,  877,  468,  705,  354,  467,  492,  722,  810,  205,  593,  883,  928,  685,   87,  930,  614,  188,  129,  561,  757,  353,  928,  245,  306,   71,  397,  163,  544,  266,  393,  935,  899, 1042,  860,  469,  832, 1025,  892,  462,  934,  513,  967,  507],
        [  350,    0,  231,  588,  407,  461,  249,  527,  353,  252,  157,  797,  788,  285,  620,  281,  552,  721,  544,  245,  380,  649,    0,  504,  283,  269,  528,  448,  469,  676,  492,  472,  605,  345,  712,  333,   65,  656,  381,  370,  370,  109,  107,  252,  318,  285,  206,  275,  237,  390,  312,   43,  157,  924,  189,  244,  331,  449,  166,  196,  612,  532,  867,  734,  586,  683,  450,  694,  510,  828,  156,  221,  896,  119,  606,  653,  681,  780,  265,  121,  138,  286,  447,  578,  727,  216,  367,  784,  587,  649,  356,  316,  172,  518,  603,  592,  560,  794,  296,  313,  394,  325,  631,  770,  319,  439,  712,  813,  334,  543,  275,  548,  603,  595,  688,  201,  223,  184,  637,  576,  697,  414,  535,  447,  283,  569,  613,  624,  306,  181,  485,  530,  805,  761,  629,  316,  243,   54,  446,  760,  255,  915,  590,  373,  684,  484,  878,  402,  609,  746,  255,  713,  418,  719,  727,  238,  794,  111,  626,  585,  942,   73,  170,  524,  761,  239,  293,  544,  683,  382,  272,  497,  604,  303,  201,  341,  597,  456,  627,  579,  257,  564,  848,  392,  568,  310,  376,  714,  573,  755,  198,  388,  285,  838,  365,  234,  411,  146],
        [  545,    0,  647,  111,  262,   97,  257,  626,  620,  482,  660,  488,  430,  526,  694,  375,  205,  378,   54,  652,  383,  597,  504,    0,  339,  749,  150,   90,  309,  386,  303,  741,  752,  251,  543,  382,  466,  308,  139,  212,  159,  612,  591,  618,  725,  240,  701,  655,  274,  457,  791,  480,  639,  522,  535,  261,  722,  270,  429,  696,  433,  431,  552,  439,  781,  414,  649,  434,  430,  438,  348,  420,  526,  515,  155,  662,  574,  426,  457,  527,  601,  394,  174,  172,  483,  486,  696,  356,  756,  150,  150,  719,  456,  425,  777,  379,   58,  480,  292,  510,  748,  544,  774,  448,  454,  500,  397,  358,  706,  488,  245,  529,  176,  341,  227,  704,  719,  473,  379,  856,  552,  659,  225,  321,  668,  207,  110,  200,  623,  362,  122,  729,  532,  479,  429,  550,  668,  486,  335,  455,  260,  512,  296,  759,  382,  445,  489,  741,  176,  298,  645,  453,  270,  568,  228,  595,  398,  614,  305,  178,  578,  541,  557,  639,  288,  612,  617,   88,  562,  493,  713,  588,  656,  202,  421,  327,  346,  371,  345,  546,  405,  645,  420,  512,  808,  598,  450,  450,  273,  351,  675,  829,  772,  456,  519,  612,  526,  474],
        [  540,    0,  329,  448,  135,  256,  204,  337,  282,  439,  410,  777,  512,  187,  424,  389,  296,  676,  392,  517,  110,  398,  283,  339,    0,  550,  440,  254,  488,  659,  211,  406,  452,  349,  436,   72,  291,  603,  285,  343,  292,  370,  390,  510,  397,  124,  428,  540,  223,  519,  592,  243,  440,  653,  215,  188,  391,  452,  129,  434,  648,  598,  585,  718,  465,  401,  324,  695,  584,  557,  186,   93,  619,  369,  486,  427,  416,  505,  119,  378,  420,   57,  206,  482,  445,  156,  357,  527,  448,  485,  214,  390,  365,  244,  469,  607,  384,  513,  335,  173,  410,  523,  477,  490,  123,  575,  683,  566,  600,  281,  250,  300,  367,  315,  564,  459,  445,  386,  356,  523,  424,  325,  272,  480,  339,  315,  432,  523,  285,  283,  392,  409,  522,  754,  655,  212,  351,  303,  163,  740,  235,  644,  315,  424,  404,  575,  606,  403,  374,  500,  522,  431,  427,  447,  559,  490,  526,  372,  353,  343,  664,  351,  426,  344,  528,  498,  537,  414,  415,  534,  397,  299,  394,  195,  360,   59,  592,  177,  348,  329,   68,  367,  588,  197,  481,  540,  506,  714,  537,  492,  481,  670,  561,  565,  537,  287,  570,  174],
        [  374,    0,  359,  818,  676,  720,  494,  743,  538,  333,  167,  939, 1057,  505,  831,  430,  819,  887,  782,  148,  640,  891,  269,  749,  550,    0,  739,  705,  625,  829,  760,  623,  791,  541,  970,  594,  287,  834,  615,  576,  599,  188,  164,  201,  409,  549,  204,  181,  475,  474,   44,  308,  114, 1193,  400,  494,  433,  622,  426,  177,  732,  640, 1135,  879,  753,  950,  642,  831,  616, 1097,  414,  478, 1164,  236,  825,  880,  931, 1049,  510,  224,  148,  545,  714,  788,  992,  452,  508, 1050,  766,  885,  608,  412,  308,  777,  777,  731,  806, 1062,  488,  541,  507,  349,  815, 1039,  565,  500,  869, 1076,  199,  794,  505,  792,  866,  863,  904,  129,  203,  299,  905,  697,  952,  592,  803,  599,  412,  835,  857,  833,  479,  389,  704,  705, 1070,  897,  753,  528,  353,  268,  712,  906,  489, 1183,  859,  463,  952,  580, 1147,  524,  871, 1009,  170,  980,  593,  974,  961,  214, 1062,  186,  895,  849, 1211,  211,  208,  735, 1020,  195,  247,  773,  935,  444,  344,  720,  824,  553,  350,  608,  751,  719,  896,  823,  515,  780, 1115,  626,  714,  285,  465,  850,  750, 1023,   74,  141,   35, 1106,  408,  396,  453,  392],
        [  468,    0,  710,  106,  393,  238,  289,  754,  717,  431,  682,  347,  568,  620,  828,  321,  355,  240,  121,  620,  506,  742,  528,  150,  440,  739,    0,  225,  185,  238,  448,  845,  878,  199,  693,  496,  476,  167,  161,  163,  164,  634,  596,  578,  795,  321,  733,  615,  294,  363,  778,  515,  638,  645,  606,  300,  796,  155,  499,  722,  286,  298,  694,  293,  900,  563,  761,  285,  301,  569,  383,  505,  658,  505,   90,  802,  721,  565,  552,  516,  596,  496,  314,   51,  632,  567,  784,  478,  878,  178,  226,  789,  431,  567,  900,  232,  168,  624,  252,  611,  833,  474,  901,  591,  561,  395,  253,  466,  658,  628,  254,  668,  316,  491,  166,  720,  750,  443,  529,  962,  701,  763,  375,  206,  741,  356,  191,   97,  710,  357,   48,  845,  679,  333,  281,  648,  730,  496,  472,  311,  275,  635,  446,  836,  529,  323,  617,  830,  315,  416,  609,  602,  170,  717,  241,  556,  529,  635,  453,  324,  710,  547,  534,  765,  390,  575,  565,   77,  710,  403,  771,  715,  791,  257,  390,  443,  196,  507,  494,  687,  500,  776,  537,  628,  920,  539,  359,  301,  123,  483,  669,  796,  767,  588,  436,  683,  431,  539],
        [  546,    0,  571,  201,  173,   20,  214,  538,  533,  470,  602,  570,  404,  440,  607,  372,  156,  461,  143,  623,  294,  517,  448,   90,  254,  705,  225,    0,  354,  463,  224,  653,  663,  260,  476,  294,  419,  389,  139,  227,  160,  555,  544,  595,  646,  168,  638,  631,  237,  474,  748,  420,  593,  516,  457,  212,  642,  313,  354,  636,  494,  478,  518,  518,  692,  361,  560,  508,  473,  425,  294,  339,  508,  478,  244,  578,  499,  399,  372,  490,  559,  308,   90,  255,  427,  405,  611,  357,  667,  231,  100,  639,  430,  343,  688,  442,  130,  443,  288,  423,  664,  541,  686,  411,  366,  522,  477,  374,  686,  404,  219,  444,  167,  279,  316,  648,  656,  449,  321,  768,  482,  571,  164,  360,  589,  164,  180,  288,  539,  331,  186,  640,  485,  557,  493,  463,  592,  438,  249,  535,  227,  506,  240,  677,  335,  481,  477,  656,  171,  308,  619,  400,  304,  499,  306,  571,  385,  557,  258,  156,  559,  495,  526,  550,  315,  587,  601,  175,  489,  505,  638,  500,  570,  154,  400,  238,  413,  284,  290,  463,  321,  557,  423,  422,  719,  588,  464,  525,  344,  341,  632,  798,  726,  440,  526,  533,  540,  401],
        [  303,    0,  685,  291,  492,  372,  291,  824,  740,  295,  607,  329,  738,  643,  908,  200,  505,  262,  297,  490,  581,  850,  469,  309,  488,  625,  185,  354,    0,  210,  567,  871,  940,  143,  827,  556,  406,  211,  226,  147,  210,  563,  507,  442,  774,  368,  666,  475,  279,  189,  661,  471,  539,  825,  599,  306,  782,   42,  500,  650,  160,  125,  860,  266,  949,  713,  805,  226,  122,  745,  362,  526,  833,  407,  266,  898,  842,  734,  582,  417,  496,  541,  436,  214,  780,  578,  790,  657,  934,  362,  301,  770,  326,  674,  955,  126,  344,  788,  178,  646,  832,  315,  965,  755,  607,  213,  247,  649,  509,  730,  243,  763,  484,  632,  322,  636,  683,  330,  674,  987,  830,  794,  517,   28,  728,  510,  374,  247,  717,  290,  190,  892,  836,  293,  170,  675,  702,  424,  573,  292,  262,  815,  592,  823,  685,  139,  794,  833,  484,  597,  474,  752,   62,  848,  419,  421,  704,  563,  607,  486,  885,  463,  419,  831,  573,  441,  417,  258,  834,  230,  737,  785,  875,  296,  285,  513,  130,  606,  642,  787,  534,  852,  719,  685,  956,  385,  189,  247,  129,  658,  563,  658,  657,  764,  267,  671,  253,  530],
        [  482,    0,  888,  306,  628,  476,  477,  985,  927,  496,  816,  122,  782,  829, 1061,  408,  589,   72,  347,  689,  736,  980,  676,  386,  659,  829,  238,  463,  210,    0,  686, 1057, 1106,  338,  928,  721,  615,   90,  374,  326,  367,  772,  716,  638,  976,  536,  875,  670,  472,  366,  862,  677,  747,  835,  796,  492,  982,  229,  693,  859,  129,  211,  910,   60, 1123,  794,  981,   53,  232,  772,  559,  711,  861,  616,  258, 1039,  959,  780,  764,  625,  703,  714,  552,  219,  863,  768,  984,  674, 1105,  352,  450,  972,  534,  805, 1125,  101,  391,  845,  382,  826, 1029,  499, 1130,  812,  781,  364,   42,  647,  695,  865,  432,  904,  539,  726,  255,  844,  892,  538,  762, 1174,  938,  977,  611,  234,  928,  588,  394,  211,  910,  497,  279, 1067,  904,   97,  107,  859,  905,  632,  708,   85,  453,  825,  680, 1023,  757,  270,  815, 1028,  536,  612,  671,  832,  259,  954,  371,  620,  733,  772,  683,  551,  910,  672,  625,  994,  571,  640,  607,  303,  948,  404,  942,  946, 1026,  465,  494,  670,   80,  743,  727,  924,  713, 1009,  725,  853, 1138,  571,  372,   64,  123,  690,  768,  848,  862,  793,  444,  870,  414,  727],
