{
    "name": "random-26-2315",
    "comment": "size=26 seed=2315",
    "nodes": ["+0", "-0", "+1", "-1", "+2", "-2", "+3", "-3", "+4", "-4", "+5", "-5", "+6", "-6", "+7", "-7", "+8", "-8", "+9", "-9", "+10", "-10", "+11", "-11", "+12", "-12", "+13", "-13", "+14", "-14", "+15", "-15", "+16", "-16", "+17", "-17", "+18", "-18", "+19", "-19", "+20", "-20", "+21", "-21", "+22", "-22", "+23", "-23", "+24", "-24", "+25", "-25", "+26", "-26"],
    "precedence": {
        "+0": "-0",
        "+1": "-1",
        "+2": "-2",
        "+3": "-3",
        "+4": "-4",
        "+5": "-5",
        "+6": "-6",
        "+7": "-7",
        "+8": "-8",
        "+9": "-9",
        "+10": "-10",
        "+11": "-11",
        "+12": "-12",
        "+13": "-13",
        "+14": "-14",
        "+15": "-15",
        "+16": "-16",
        "+17": "-17",
        "+18": "-18",
        "+19": "-19",
        "+20": "-20",
        "+21": "-21",
        "+22": "-22",
        "+23": "-23",
        "+24": "-24",
        "+25": "-25",
        "+26": "-26"
    },
    "edges": [
        [    0,    0,  450,  675,  474,  688,  656,  538,  112,  789,  641,  391,  659,  204,  832,  182,  384,  625,  710,  158,  347,  337,  256,  715,  691,  590,  126,  744,  579,  472,  408,  879,  678,   98,  186,  797,  110,  147,  568,  898,  436,  878,  174,  432,  426,  778,  750,  645,  746,  702,  404,  739,  269,  154],
        [    0,    0,  450,  675,  474,  688,  656,  538,  112,  789,  641,  391,  659,  204,  832,  182,  384,  625,  710,  158,  347,  337,  256,  715,  691,  590,  126,  744,  579,  472,  408,  879,  678,   98,  186,  797,  110,  147,  568,  898,  436,  878,  174,  432,  426,  778,  750,  645,  746,  702,  404,  739,  269,  154],
        [  450,  450,    0,  330,  739,  513,  625,  146,  339,  536,  285,  322,  388,  403,  794,  598,  453,  464,  261,  603,  109,  257,  689,  773,  949,  341,  571,  566,  340,  733,  606,  614,  389,  353,  616,  961,  405,  590,  500,  683,  778,  663,  479,  757,  779,  399,  523,  609,  902,  751,  683,  560,  561,  591],
        [  675,  675,  330,    0,  762,  271,  462,  184,  571,  228,   46,  332,  114,  701,  585,  766,  454,  260,  322,  830,  415,  582,  930,  637,  929,  138,  800,  305,  151,  754,  622,  293,   93,  589,  794,  868,  588,  787,  360,  378,  852,  360,  762,  821,  861,  112,  236,  447,  813,  613,  730,  300,  657,  779],
        [  474,  474,  739,  762,    0,  596,  427,  734,  507,  734,  755,  451,  678,  676,  535,  336,  313,  553,  966,  495,  683,  765,  572,  361,  222,  627,  492,  628,  613,   10,  142,  808,  707,  510,  361,  339,  407,  409,  440,  767,  138,  753,  642,  104,  159,  870,  682,  429,  298,  362,   70,  626,  210,  386],
        [  688,  688,  513,  271,  596,    0,  209,  392,  611,  140,  298,  300,  159,  787,  314,  714,  341,   64,  587,  825,  557,  726,  929,  382,  719,  176,  799,   59,  174,  587,  471,  216,  180,  628,  747,  621,  582,  759,  158,  211,  713,  191,  823,  678,  728,  343,   88,  198,  571,  360,  585,   53,  563,  743],
        [  656,  656,  625,  462,  427,  209,    0,  536,  609,  340,  478,  326,  350,  801,  182,  628,  273,  202,  758,  765,  635,  789,  866,  176,  518,  336,  745,  218,  327,  419,  330,  398,  377,  623,  661,  413,  548,  686,  126,  342,  558,  329,  816,  522,  576,  546,  290,   17,  362,  153,  436,  219,  459,  667],
        [  538,  538,  146,  184,  734,  392,  536,    0,  428,  396,  139,  284,  251,  531,  692,  660,  425,  353,  237,  695,  238,  400,  789,  699,  928,  217,  664,  441,  220,  726,  593,  471,  248,  444,  683,  908,  468,  666,  414,  545,  797,  525,  599,  771,  802,  259,  389,  520,  850,  676,  687,  435,  585,  662],
        [  112,  112,  339,  571,  507,  611,  609,  428,    0,  701,  536,  312,  564,  195,  789,  271,  342,  548,  600,  269,  239,  261,  362,  693,  729,  496,  237,  669,  486,  504,  412,  791,  582,   18,  284,  808,  100,  253,  507,  819,  498,  799,  213,  486,  492,  672,  666,  596,  753,  677,  439,  663,  299,  255],
        [  789,  789,  536,  228,  734,  140,  340,  396,  701,    0,  269,  400,  150,  863,  404,  835,  469,  187,  545,  934,  603,  774, 1037,  507,  855,  211,  906,  125,  218,  725,  608,   91,  148,  719,  866,  747,  687,  873,  295,  151,  850,  133,  909,  815,  864,  255,   52,  331,  699,  485,  722,  123,  691,  860],
        [  641,  641,  285,   46,  755,  298,  478,  139,  536,  269,    0,  314,  141,  660,  611,  740,  444,  278,  290,  798,  372,  538,  896,  651,  929,  144,  767,  337,  155,  746,  613,  337,  126,  553,  767,  878,  558,  758,  369,  419,  839,  401,  723,  808,  847,  138,  272,  463,  822,  628,  719,  331,  638,  750],
        [  391,  391,  322,  332,  451,  300,  326,  284,  312,  400,  314,    0,  281,  494,  506,  444,  141,  236,  520,  534,  313,  464,  638,  456,  645,  214,  506,  357,  201,  443,  310,  490,  305,  329,  474,  640,  287,  476,  208,  509,  526,  489,  525,  497,  534,  443,  360,  310,  582,  435,  409,  352,  326,  464],
        [  659,  659,  388,  114,  678,  159,  350,  251,  564,  150,  141,  281,    0,  718,  472,  724,  381,  149,  430,  808,  453,  625,  911,  526,  832,   69,  779,  197,   81,  669,  541,  235,   29,  582,  754,  759,  561,  755,  256,  295,  779,  276,  768,  746,  790,  200,  138,  336,  706,  503,  653,  191,  597,  744],
        [  204,  204,  403,  701,  676,  787,  801,  531,  195,  863,  660,  494,  718,    0,  982,  378,  536,  725,  641,  282,  297,  188,  330,  887,  894,  653,  257,  845,  645,  674,  597,  951,  731,  183,  374,  992,  279,  324,  696,  991,  639,  971,   88,  636,  628,  790,  833,  788,  939,  871,  606,  840,  468,  340],
        [  832,  832,  794,  585,  535,  314,  182,  692,  789,  404,  611,  506,  472,  982,    0,  787,  450,  340,  899,  932,  813,  969, 1030,  181,  556,  479,  914,  288,  473,  528,  473,  425,  493,  803,  820,  389,  725,  850,  301,  332,  673,  330,  994,  638,  693,  649,  367,  197,  357,  175,  563,  291,  615,  829],
        [  182,  182,  598,  766,  336,  714,  628,  660,  271,  835,  740,  444,  724,  378,  787,    0,  376,  654,  858,  161,  506,  518,  247,  642,  537,  657,  157,  765,  644,  337,  319,  922,  748,  263,   34,  673,  195,   74,  570,  920,  266,  902,  324,  269,  253,  875,  789,  621,  629,  633,  270,  761,  172,   51],
        [  384,  384,  453,  454,  313,  341,  273,  425,  342,  469,  444,  141,  381,  536,  450,  376,    0,  283,  661,  499,  424,  552,  602,  357,  504,  323,  477,  390,  309,  304,  171,  554,  409,  355,  408,  512,  276,  425,  195,  545,  399,  527,  545,  367,  410,  564,  420,  262,  454,  339,  276,  386,  223,  408],
        [  625,  625,  464,  260,  553,   64,  202,  353,  548,  187,  278,  236,  149,  725,  340,  654,  283,    0,  563,  761,  501,  669,  866,  377,  690,  140,  735,  122,  133,  544,  422,  271,  176,  565,  686,  611,  518,  696,  115,  274,  664,  254,  760,  630,  678,  348,  138,  188,  557,  354,  537,  116,  505,  681],
        [  710,  710,  261,  322,  966,  587,  758,  237,  600,  545,  290,  520,  430,  641,  899,  858,  661,  563,    0,  863,  365,  465,  945,  927, 1164,  423,  831,  625,  432,  959,  827,  595,  414,  613,  876, 1142,  664,  851,  641,  691, 1022,  675,  723,  998, 1025,  311,  557,  742, 1085,  903,  917,  620,  807,  851],
        [  158,  158,  603,  830,  495,  825,  765,  695,  269,  934,  798,  534,  808,  282,  932,  161,  499,  761,  863,    0,  499,  456,  105,  795,  692,  740,   33,  879,  728,  497,  473, 1023,  829,  253,  136,  833,  248,   88,  692, 1034,  414, 1015,  205,  423,  398,  935,  892,  756,  789,  785,  430,  874,  323,  111],
        [  347,  347,  109,  415,  683,  557,  635,  238,  239,  603,  372,  313,  453,  297,  813,  506,  424,  501,  365,  499,    0,  172,  582,  767,  900,  396,  467,  613,  392,  678,  559,  686,  460,  251,  521,  934,  316,  491,  513,  744,  706,  723,  370,  688,  705,  497,  582,  620,  877,  746,  622,  607,  491,  493],
        [  337,  337,  257,  582,  765,  726,  789,  400,  261,  774,  538,  464,  625,  188,  969,  518,  552,  669,  465,  456,  172,    0,  515,  906,  986,  568,  427,  783,  563,  761,  659,  858,  631,  262,  522, 1050,  361,  479,  670,  915,  758,  895,  275,  747,  752,  656,  754,  774,  994,  887,  698,  777,  558,  490],
        [  256,  256,  689,  930,  572,  929,  866,  789,  362, 1037,  896,  638,  911,  330, 1030,  247,  602,  866,  945,  105,  582,  515,    0,  888,  755,  842,  132,  983,  831,  575,  566, 1127,  932,  346,  217,  910,  351,  181,  796, 1138,  475, 1119,  243,  490,  456, 1033,  996,  858,  869,  880,  511,  978,  417,  202],
        [  715,  715,  773,  637,  361,  382,  176,  699,  693,  507,  651,  456,  526,  887,  181,  642,  357,  377,  927,  795,  767,  906,  888,    0,  380,  508,  781,  382,  498,  354,  323,  553,  552,  705,  673,  241,  614,  709,  287,  478,  499,  470,  885,  465,  520,  722,  459,  190,  195,   24,  397,  384,  472,  688],
        [  691,  691,  949,  929,  222,  719,  518,  928,  729,  855,  929,  645,  832,  894,  556,  537,  504,  690, 1164,  692,  900,  986,  755,  380,    0,  791,  693,  736,  778,  226,  343,  915,  860,  732,  557,  211,  629,  609,  577,  852,  281,  842,  856,  269,  300, 1031,  804,  526,  210,  394,  291,  736,  431,  586],
        [  590,  590,  341,  138,  627,  176,  336,  217,  496,  211,  144,  214,   69,  653,  479,  657,  323,  140,  423,  740,  396,  568,  842,  508,  791,    0,  711,  227,   15,  618,  487,  299,   92,  514,  687,  735,  492,  687,  226,  348,  721,  328,  701,  689,  732,  244,  187,  321,  679,  485,  597,  221,  534,  676],
        [  126,  126,  571,  800,  492,  799,  745,  664,  237,  906,  767,  506,  779,  257,  914,  157,  477,  735,  831,   33,  467,  427,  132,  781,  693,  711,    0,  853,  699,  493,  460,  996,  800,  221,  138,  828,  220,   85,  669, 1009,  419,  989,  185,  425,  404,  904,  865,  735,  783,  770,  425,  849,  311,  108],
        [  744,  744,  566,  305,  628,   59,  218,  441,  669,  125,  337,  357,  197,  845,  288,  765,  390,  122,  625,  879,  613,  783,  983,  382,  736,  227,  853,    0,  226,  619,  509,  182,  213,  686,  797,  623,  637,  811,  199,  156,  750,  137,  881,  715,  766,  362,   81,  211,  575,  361,  623,    7,  610,  795],
        [  579,  579,  340,  151,  613,  174,  327,  220,  486,  218,  155,  201,   81,  645,  473,  644,  309,  133,  432,  728,  392,  563,  831,  498,  778,   15,  699,  226,    0,  604,  473,  307,  105,  504,  674,  723,  481,  675,  215,  353,  707,  332,  692,  675,  718,  258,  191,  311,  667,  475,  583,  220,  520,  663],
        [  472,  472,  733,  754,   10,  587,  419,  726,  504,  725,  746,  443,  669,  674,  528,  337,  304,  544,  959,  497,  678,  761,  575,  354,  226,  618,  493,  619,  604,    0,  134,  799,  698,  507,  363,  337,  404,  410,  431,  758,  146,  744,  642,  112,  166,  861,  673,  420,  295,  355,   69,  617,  207,  387],
        [  408,  408,  606,  622,  142,  471,  330,  593,  412,  608,  613,  310,  541,  597,  473,  319,  171,  422,  827,  473,  559,  659,  566,  323,  343,  487,  460,  509,  473,  134,    0,  686,  569,  420,  351,  396,  319,  387,  314,  657,  243,  641,  581,  208,  257,  730,  556,  327,  342,  315,  115,  507,  150,  365],
        [  879,  879,  614,  293,  808,  216,  398,  471,  791,   91,  337,  490,  235,  951,  425,  922,  554,  271,  595, 1023,  686,  858, 1127,  553,  915,  299,  996,  182,  307,  799,  686,    0,  227,  809,  954,  792,  777,  962,  373,  110,  928,  102,  999,  892,  943,  288,  134,  391,  747,  533,  800,  183,  776,  948],
        [  678,  678,  389,   93,  707,  180,  377,  248,  582,  148,  126,  305,   29,  731,  493,  748,  409,  176,  414,  829,  460,  631,  932,  552,  860,   92,  800,  213,  105,  698,  569,  227,    0,  600,  778,  787,  582,  778,  285,  297,  807,  278,  784,  774,  818,  172,  146,  363,  733,  529,  681,  207,  623,  767],
        [   98,   98,  353,  589,  510,  628,  623,  444,   18,  719,  553,  329,  582,  183,  803,  263,  355,  565,  613,  253,  251,  262,  346,  705,  732,  514,  221,  686,  504,  507,  420,  809,  600,    0,  274,  815,  104,  241,  523,  837,  496,  816,  197,  486,  490,  690,  683,  611,  761,  689,  442,  680,  302,  245],
        [  186,  186,  616,  794,  361,  747,  661,  683,  284,  866,  767,  474,  754,  374,  820,   34,  408,  686,  876,  136,  521,  522,  217,  673,  557,  687,  138,  797,  674,  363,  351,  954,  778,  274,    0,  699,  216,   53,  603,  953,  282,  934,  314,  289,  267,  903,  821,  654,  656,  665,  297,  793,  205,   35],
        [  797,  797,  961,  868,  339,  621,  413,  908,  808,  747,  878,  640,  759,  992,  389,  673,  512,  611, 1142,  833,  934, 1050,  910,  241,  211,  735,  828,  623,  723,  337,  396,  792,  787,  815,  699,    0,  714,  746,  509,  712,  450,  706,  969,  426,  471,  958,  700,  426,   59,  263,  404,  624,  529,  723],
        [  110,  110,  405,  588,  407,  582,  548,  468,  100,  687,  558,  287,  561,  279,  725,  195,  276,  518,  664,  248,  316,  361,  351,  614,  629,  492,  220,  637,  481,  404,  319,  777,  582,  104,  216,  714,    0,  201,  459,  792,  400,  772,  272,  387,  396,  695,  646,  536,  661,  599,  339,  632,  199,  195],
        [  147,  147,  590,  787,  409,  759,  686,  666,  253,  873,  758,  476,  755,  324,  850,   74,  425,  696,  851,   88,  491,  479,  181,  709,  609,  687,   85,  811,  675,  410,  387,  962,  778,  241,   53,  746,  201,    0,  620,  967,  334,  948,  262,  340,  320,  895,  830,  678,  702,  700,  343,  807,  238,   24],
        [  568,  568,  500,  360,  440,  158,  126,  414,  507,  295,  369,  208,  256,  696,  301,  570,  195,  115,  641,  692,  513,  670,  796,  287,  577,  226,  669,  199,  215,  431,  314,  373,  285,  523,  603,  509,  459,  620,    0,  352,  556,  335,  718,  521,  570,  456,  244,  109,  454,  263,  428,  196,  412,  603],
        [  898,  898,  683,  378,  767,  211,  342,  545,  819,  151,  419,  509,  295,  991,  332,  920,  545,  274,  691, 1034,  744,  915, 1138,  478,  852,  348, 1009,  156,  353,  758,  657,  110,  297,  837,  953,  712,  792,  967,  352,    0,  894,   21, 1031,  858,  911,  391,  162,  339,  671,  460,  768,  161,  763,  951],
        [  436,  436,  778,  852,  138,  713,  558,  797,  498,  850,  839,  526,  779,  639,  673,  266,  399,  664, 1022,  414,  706,  758,  475,  499,  281,  721,  419,  750,  707,  146,  243,  928,  807,  496,  282,  450,  400,  334,  556,  894,    0,  879,  590,   36,   22,  962,  799,  558,  418,  500,  128,  748,  218,  313],
        [  878,  878,  663,  360,  753,  191,  329,  525,  799,  133,  401,  489,  276,  971,  330,  902,  527,  254,  675, 1015,  723,  895, 1119,  470,  842,  328,  989,  137,  332,  744,  641,  102,  278,  816,  934,  706,  772,  948,  335,   21,  879,    0, 1011,  843,  895,  377,  142,  326,  664,  452,  753,  142,  746,  932],
        [  174,  174,  479,  762,  642,  823,  816,  599,  213,  909,  723,  525,  768,   88,  994,  324,  545,  760,  723,  205,  370,  275,  243,  885,  856,  701,  185,  881,  692,  642,  581,  999,  784,  197,  314,  969,  272,  262,  718, 1031,  590, 1011,    0,  591,  577,  856,  876,  804,  919,  871,  573,  876,  441,  280],
        [  432,  432,  757,  821,  104,  678,  522,  771,  486,  815,  808,  497,  746,  636,  638,  269,  367,  630,  998,  423,  688,  747,  490,  465,  269,  689,  425,  715,  675,  112,  208,  892,  774,  486,  289,  426,  387,  340,  521,  858,   36,  843,  591,    0,   56,  931,  764,  522,  392,  466,   94,  712,  197,  318],
        [  426,  426,  779,  861,  159,  728,  576,  802,  492,  864,  847,  534,  790,  628,  693,  253,  410,  678, 1025,  398,  705,  752,  456,  520,  300,  732,  404,  766,  718,  166,  257,  943,  818,  490,  267,  471,  396,  320,  570,  911,   22,  895,  577,   56,    0,  972,  813,  576,  440,  521,  143,  763,  219,  299],
        [  778,  778,  399,  112,  870,  343,  546,  259,  672,  255,  138,  443,  200,  790,  649,  875,  564,  348,  311,  935,  497,  656, 1033,  722, 1031,  244,  904,  362,  258,  861,  730,  288,  172,  690,  903,  958,  695,  895,  456,  391,  962,  377,  856,  931,  972,    0,  283,  533,  904,  699,  839,  358,  768,  887],
        [  750,  750,  523,  236,  682,   88,  290,  389,  666,   52,  272,  360,  138,  833,  367,  789,  420,  138,  557,  892,  582,  754,  996,  459,  804,  187,  865,   81,  191,  673,  556,  134,  146,  683,  821,  700,  646,  830,  244,  162,  799,  142,  876,  764,  813,  283,    0,  280,  651,  437,  671,   78,  642,  815],
        [  645,  645,  609,  447,  429,  198,   17,  520,  596,  331,  463,  310,  336,  788,  197,  621,  262,  188,  742,  756,  620,  774,  858,  190,  526,  321,  735,  211,  311,  420,  327,  391,  363,  611,  654,  426,  536,  678,  109,  339,  558,  326,  804,  522,  576,  533,  280,    0,  374,  167,  434,  210,  452,  659],
        [  746,  746,  902,  813,  298,  571,  362,  850,  753,  699,  822,  582,  706,  939,  357,  629,  454,  557, 1085,  789,  877,  994,  869,  195,  210,  679,  783,  575,  667,  295,  342,  747,  733,  761,  656,   59,  661,  702,  454,  671,  418,  664,  919,  392,  440,  904,  651,  374,    0,  215,  360,  576,  480,  679],
        [  702,  702,  751,  613,  362,  360,  153,  676,  677,  485,  628,  435,  503,  871,  175,  633,  339,  354,  903,  785,  746,  887,  880,   24,  394,  485,  770,  361,  475,  355,  315,  533,  529,  689,  665,  263,  599,  700,  263,  460,  500,  452,  871,  466,  521,  699,  437,  167,  215,    0,  394,  362,  463,  679],
        [  404,  404,  683,  730,   70,  585,  436,  687,  439,  722,  719,  409,  653,  606,  563,  270,  276,  537,  917,  430,  622,  698,  511,  397,  291,  597,  425,  623,  583,   69,  115,  800,  681,  442,  297,  404,  339,  343,  428,  768,  128,  753,  573,   94,  143,  839,  671,  434,  360,  394,    0,  620,  141,  320],
        [  739,  739,  560,  300,  626,   53,  219,  435,  663,  123,  331,  352,  191,  840,  291,  761,  386,  116,  620,  874,  607,  777,  978,  384,  736,  221,  849,    7,  220,  617,  507,  183,  207,  680,  793,  624,  632,  807,  196,  161,  748,  142,  876,  712,  763,  358,   78,  210,  576,  362,  620,    0,  606,  791],
        [  269,  269,  561,  657,  210,  563,  459,  585,  299,  691,  638,  326,  597,  468,  615,  172,  223,  505,  807,  323,  491,  558,  417,  472,  431,  534,  311,  610,  520,  207,  150,  776,  623,  302,  205,  529,  199,  238,  412,  763,  218,  746,  441,  197,  219,  768,  642,  452,  480,  463,  141,  606,    0,  216],
        [  154,  154,  591,  779,  386,  743,  667,  662,  255,  860,  750,  464,  744,  340,  829,   51,  408,  681,  851,  111,  493,  490,  202,  688,  586,  676,  108,  795,  663,  387,  365,  948,  767,  245,   35,  723,  195,   24,  603,  951,  313,  932,  280,  318,  299,  887,  815,  659,  679,  679,  320,  791,  216,    0]
    ]
}
