{
    "name": "random-5-13063",
    "comment": "size=5 seed=13063",
    "nodes": ["+0", "-0", "+1", "-1", "+2", "-2", "+3", "-3", "+4", "-4", "+5", "-5"],
    "precedence": {
        "+0": "-0",
        "+1": "-1",
        "+2": "-2",
        "+3": "-3",
        "+4": "-4",
        "+5": "-5"
    },
    "edges": [
        [    0,    0,  925, 1009,  605,  364,  805,  270,  497,  593,  312,  557],
        [    0,    0,  925, 1009,  605,  364,  805,  270,  497,  593,  312,  557],
        [  925,  925,    0,  104,  339,  810,  367,  771,  543,  628,  933,  497],
        [ 1009, 1009,  104,    0,  410,  910,  463,  838,  597,  731, 1032,  544],
        [  605,  605,  339,  410,    0,  582,  429,  433,  220,  511,  681,  193],
        [  364,  364,  810,  910,  582,    0,  561,  517,  610,  273,  136,  650],
        [  805,  805,  367,  463,  429,  561,    0,  763,  631,  312,  696,  618],
        [  270,  270,  771,  838,  433,  517,  763,    0,  259,  652,  527,  321],
        [  497,  497,  543,  597,  220,  610,  631,  259,    0,  634,  672,   62],
        [  593,  593,  628,  731,  511,  273,  312,  652,  634,    0,  405,  651],
        [  312,  312,  933, 1032,  681,  136,  696,  527,  672,  405,    0,  720],
        [  557,  557,  497,  544,  193,  650,  618,  321,   62,  651,  720,    0]
    ]
}
