{
    "name": "random-36-32546",
    "comment": "size=36 seed=32546",
    "nodes": ["+0", "-0", "+1", "-1", "+2", "-2", "+3", "-3", "+4", "-4", "+5", "-5", "+6", "-6", "+7", "-7", "+8", "-8", "+9", "-9", "+10", "-10", "+11", "-11", "+12", "-12", "+13", "-13", "+14", "-14", "+15", "-15", "+16", "-16", "+17", "-17", "+18", "-18", "+19", "-19", "+20", "-20", "+21", "-21", "+22", "-22", "+23", "-23", "+24", "-24", "+25", "-25", "+26", "-26", "+27", "-27", "+28", "-28", "+29", "-29", "+30", "-30", "+31", "-31", "+32", "-32", "+33", "-33", "+34", "-34", "+35", "-35", "+36", "-36"],
    "precedence": {
        "+0": "-0",
        "+1": "-1",
        "+2": "-2",
        "+3": "-3",
        "+4": "-4",
        "+5": "-5",
        "+6": "-6",
        "+7": "-7",
        "+8": "-8",
        "+9": "-9",
        "+10": "-10",
        "+11": "-11",
        "+12": "-12",
        "+13": "-13",
        "+14": "-14",
        "+15": "-15",
        "+16": "-16",
        "+17": "-17",
        "+18": "-18",
        "+19": "-19",
        "+20": "-20",
        "+21": "-21",
        "+22": "-22",
        "+23": "-23",
        "+24": "-24",
        "+25": "-25",
        "+26": "-26",
        "+27": "-27",
        "+28": "-28",
        "+29": "-29",
        "+30": "-30",
        "+31": "-31",
        "+32": "-32",
        "+33": "-33",
        "+34": "-34",
        "+35": "-35",
        "+36": "-36"
    },
    "edges": [
        [    0,    0,  861,  451,  586,  592,  467,  205,  520,  819,   41,  795,  610,  192,  288,  493,  675,  242,  400,  338,  521,  231,  509,  695,  469,  847,  784,  687,  922,  901,  842,  438,  430,  695,  495,  807,  532,  281,  608,  799,  518,  719,  622,  419,   33,   89,  365,   42,  763,  808,  193,  693,  162,  396,  157,  651,  761,  608,  199,  321,  576,  723,  432,  460,  236,  286,  821,  634,  361,  558,  770,  873,  600,  500],
        [    0,    0,  861,  451,  586,  592,  467,  205,  520,  819,   41,  795,  610,  192,  288,  493,  675,  242,  400,  338,  521,  231,  509,  695,  469,  847,  784,  687,  922,  901,  842,  438,  430,  695,  495,  807,  532,  281,  608,  799,  518,  719,  622,  419,   33,   89,  365,   42,  763,  808,  193,  693,  162,  396,  157,  651,  761,  608,  199,  321,  576,  723,  432,  460,  236,  286,  821,  634,  361,  558,  770,  873,  600,  500],
        [  861,  861,    0,  421,  717,  891,  975, 1037,  778,   97,  838,   81, 1062,  670,  715,  501,  193,  687,  483,  655,  912,  760,  531,  505,  540,   38,  458,  701,  351,  483,  230,  726,  432,  368,  495,  297,  415,  955, 1035,  361,  446,  185, 1007,  445,  894,  784,  555,  821,  571,  300,  745,  591,  959,  782,  706,  276,  499,  343, 1020,  917,  526,  171,  849,  446,  839,  690,  203,  695,  531,  546,  101,  207,  801,  362],
        [  451,  451,  421,    0,  433,  570,  596,  641,  449,  369,  434,  349,  709,  263,  392,  183,  251,  333,   65,  356,  560,  411,  358,  361,  333,  413,  412,  480,  497,  519,  399,  369,   63,  400,  310,  377,  265,  542,  687,  489,  152,  316,  670,   97,  484,  369,  149,  410,  451,  379,  325,  411,  539,  405,  302,  207,  412,  182,  628,  512,  277,  313,  477,  206,  424,  280,  437,  444,  206,  279,  341,  426,  505,   97],
        [  586,  586,  717,  433,    0,  179,  328,  780,   99,  626,  601,  637,  364,  503,  722,  254,  625,  647,  393,  717,  229,  706,  779,  243,  747,  729,  342,  107,  538,  435,  545,  150,  487,  827,  733,  472,  696,  438,  334,  907,  302,  701,  298,  517,  607,  509,  327,  558,  248,  471,  397,  175,  546,  207,  529,  446,  294,  381,  780,  368,  192,  691,  223,  632,  377,  310,  820,   57,  595,  175,  682,  586,   86,  525],
        [  592,  592,  891,  570,  179,    0,  196,  762,  121,  802,  617,  811,  188,  566,  789,  407,  786,  714,  519,  799,   89,  760,  891,  420,  855,  902,  516,  247,  713,  600,  724,  207,  616,  969,  849,  651,  825,  369,  157, 1056,  460,  861,  119,  641,  604,  533,  438,  574,  412,  650,  427,  346,  505,  207,  582,  617,  467,  551,  767,  300,  365,  852,  161,  754,  358,  365,  982,  219,  699,  345,  850,  764,   98,  666],
        [  467,  467,  975,  596,  328,  196,    0,  608,  232,  895,  500,  895,  144,  503,  712,  475,  839,  643,  535,  737,  109,  671,  863,  561,  824,  979,  664,  422,  856,  762,  843,  251,  627,  981,  829,  776,  823,  200,  142, 1078,  530,  909,  164,  643,  470,  432,  449,  461,  575,  775,  349,  502,  345,  195,  506,  702,  618,  635,  616,  147,  474,  904,  128,  746,  244,  330, 1031,  381,  670,  451,  917,  883,  272,  691],
        [  205,  205, 1037,  641,  780,  762,  608,    0,  706, 1004,  210,  976,  743,  378,  367,  697,  845,  362,  596,  432,  682,  306,  613,  899,  577, 1018,  988,  884, 1123, 1105, 1038,  631,  611,  820,  614, 1007,  669,  408,  748,  921,  720,  880,  771,  593,  178,  293,  567,  243,  966, 1008,  395,  895,  263,  581,  340,  846,  965,  806,   24,  468,  780,  886,  604,  608,  411,  488,  970,  831,  512,  762,  941, 1066,  785,  676],
        [  520,  520,  778,  449,   99,  121,  232,  706,    0,  691,  539,  698,  285,  465,  688,  288,  667,  613,  399,  692,  140,  665,  776,  332,  741,  787,  433,  201,  628,  531,  624,   94,  496,  849,  733,  554,  706,  345,  258,  936,  342,  741,  230,  522,  537,  450,  320,  496,  345,  552,  339,  271,  462,  126,  486,  503,  387,  437,  707,  274,  257,  733,  126,  636,  297,  263,  863,  154,  585,  235,  733,  664,   81,  546],
        [  819,  819,   97,  369,  626,  802,  895, 1004,  691,    0,  799,   46,  976,  629,  704,  421,  189,  666,  427,  648,  828,  742,  546,  410,  549,  123,  361,  607,  269,  392,  140,  645,  393,  415,  505,  202,  424,  889,  949,  429,  368,  218,  919,  412,  852,  738,  491,  778,  474,  205,  687,  495,  904,  704,  666,  195,  403,  261,  988,  846,  437,  201,  768,  439,  774,  625,  277,  602,  511,  458,  133,  127,  711,  330],
        [   41,   41,  838,  434,  601,  617,  500,  210,  539,  799,    0,  774,  643,  171,  247,  491,  649,  204,  386,  298,  548,  191,  471,  696,  431,  822,  782,  700,  914,  899,  829,  454,  408,  660,  459,  797,  498,  318,  640,  764,  511,  691,  653,  394,   65,   93,  359,   44,  767,  798,  205,  699,  202,  417,  134,  637,  761,  597,  200,  354,  577,  696,  458,  428,  264,  295,  791,  647,  329,  560,  746,  858,  620,  476],
        [  795,  795,   81,  349,  637,  811,  895,  976,  698,   46,  774,    0,  982,  604,  668,  421,  148,  633,  409,  611,  832,  708,  504,  431,  507,   95,  392,  625,  313,  431,  182,  646,  367,  369,  463,  238,  382,  878,  955,  385,  366,  172,  927,  383,  828,  716,  479,  754,  501,  241,  671,  516,  887,  702,  641,  196,  430,  262,  960,  839,  446,  155,  769,  401,  762,  614,  236,  617,  478,  466,   88,  172,  722,  300],
        [  610,  610, 1062,  709,  364,  188,  144,  743,  285,  976,  643,  982,    0,  642,  854,  566,  942,  784,  651,  877,  151,  814,  997,  606,  958, 1070,  703,  433,  900,  787,  906,  343,  746, 1102,  960,  835,  948,  337,   32, 1196,  621, 1015,   76,  766,  612,  574,  565,  604,  599,  833,  489,  533,  482,  306,  647,  787,  654,  720,  753,  290,  542, 1008,  235,  872,  386,  458, 1137,  406,  803,  520, 1013,  947,  285,  805],
        [  192,  192,  670,  263,  503,  566,  503,  378,  465,  629,  171,  604,  642,    0,  223,  342,  484,  149,  219,  237,  517,  204,  369,  552,  329,  656,  630,  590,  749,  745,  660,  372,  239,  527,  342,  631,  361,  369,  630,  631,  353,  531,  631,  228,  224,  121,  209,  151,  630,  632,  154,  568,  311,  360,   39,  468,  615,  431,  366,  372,  437,  534,  420,  284,  267,  203,  637,  540,  189,  424,  580,  689,  543,  309],
        [  288,  288,  715,  392,  722,  789,  712,  367,  688,  704,  247,  668,  854,  223,    0,  530,  524,   76,  379,   67,  736,   63,  246,  736,  212,  691,  800,  803,  883,  909,  772,  594,  337,  455,  250,  763,  315,  551,  845,  556,  525,  542,  849,  307,  309,  285,  407,  271,  821,  765,  368,  767,  448,  582,  209,  588,  794,  572,  345,  572,  631,  552,  640,  270,  469,  426,  617,  755,  196,  623,  616,  792,  765,  380],
        [  493,  493,  501,  183,  254,  407,  475,  697,  288,  421,  491,  421,  566,  342,  530,    0,  380,  461,  159,  510,  415,  533,  539,  210,  511,  506,  292,  297,  439,  409,  386,  226,  242,  574,  492,  333,  447,  481,  541,  655,   56,  454,  517,  275,  523,  405,  134,  455,  292,  333,  315,  239,  527,  283,  378,  227,  273,  161,  689,  431,  102,  446,  348,  388,  373,  230,  576,  261,  370,   98,  448,  424,  331,  273],
        [  675,  675,  193,  251,  625,  786,  839,  845,  667,  189,  649,  148,  942,  484,  524,  380,    0,  494,  315,  466,  791,  568,  358,  462,  360,  173,  454,  638,  431,  523,  299,  599,  249,  251,  317,  330,  235,  792,  918,  299,  326,   76,  895,  256,  707,  601,  397,  635,  545,  333,  573,  539,  782,  645,  518,  199,  482,  251,  828,  762,  437,   67,  716,  256,  675,  531,  197,  618,  339,  451,   97,  303,  707,  176],
        [  242,  242,  687,  333,  647,  714,  643,  362,  613,  666,  204,  633,  784,  149,   76,  461,  494,    0,  313,  100,  663,   79,  269,  668,  229,  665,  736,  729,  829,  847,  724,  519,  284,  463,  258,  709,  308,  489,  774,  566,  458,  521,  777,  257,  268,  221,  335,  217,  752,  711,  296,  696,  398,  508,  137,  535,  728,  514,  342,  505,  561,  529,  567,  247,  401,  351,  609,  681,  156,  551,  588,  746,  690,  336],
        [  400,  400,  483,   65,  393,  519,  535,  596,  399,  427,  386,  409,  651,  219,  379,  159,  315,  313,    0,  353,  503,  389,  387,  359,  356,  476,  424,  452,  531,  536,  443,  315,   98,  453,  341,  413,  307,  478,  630,  546,  147,  380,  615,  124,  432,  315,   87,  359,  445,  414,  263,  396,  479,  346,  258,  252,  416,  212,  584,  448,  259,  377,  418,  240,  360,  216,  500,  411,  212,  256,  404,  473,  460,  156],
        [  338,  338,  655,  356,  717,  799,  737,  432,  692,  648,  298,  611,  877,  237,   67,  510,  466,  100,  353,    0,  753,  127,  181,  710,  146,  629,  767,  793,  838,  873,  724,  598,  297,  389,  184,  719,  250,  588,  866,  490,  497,  479,  867,  265,  362,  320,  395,  315,  797,  721,  389,  748,  496,  594,  232,  543,  765,  534,  411,  602,  611,  490,  656,  210,  497,  434,  552,  747,  151,  605,  555,  742,  767,  331],
        [  521,  521,  912,  560,  229,   89,  109,  682,  140,  828,  548,  832,  151,  517,  736,  415,  791,  663,  503,  753,    0,  703,  860,  470,  822,  920,  570,  317,  766,  663,  763,  193,  599,  956,  821,  693,  805,  283,  128, 1048,  470,  864,  116,  621,  529,  469,  418,  506,  475,  692,  369,  404,  422,  163,  528,  637,  523,  570,  688,  216,  395,  857,   97,  730,  286,  322,  986,  279,  666,  373,  863,  803,  165,  657],
        [  231,  231,  760,  411,  706,  760,  671,  306,  665,  742,  191,  708,  814,  204,   63,  533,  568,   79,  389,  127,  703,    0,  308,  742,  272,  737,  812,  793,  907,  924,  802,  573,  363,  515,  309,  788,  369,  502,  807,  616,  534,  591,  814,  336,  250,  240,  404,  219,  824,  789,  335,  766,  392,  553,  180,  614,  802,  592,  285,  528,  632,  599,  607,  316,  428,  403,  672,  744,  231,  621,  661,  825,  744,  414],
        [  509,  509,  531,  358,  779,  891,  863,  613,  776,  546,  471,  504,  997,  369,  246,  539,  358,  269,  387,  181,  860,  308,    0,  714,   42,  499,  747,  836,  775,  840,  649,  685,  298,  215,   50,  663,  125,  737,  981,  311,  509,  346,  975,  265,  536,  476,  457,  482,  804,  666,  520,  769,  662,  697,  380,  494,  757,  508,  591,  740,  635,  360,  766,  153,  634,  539,  393,  797,  195,  636,  432,  658,  842,  289],
        [  695,  695,  505,  361,  243,  420,  561,  899,  332,  410,  696,  431,  606,  552,  736,  210,  462,  668,  359,  710,  470,  742,  714,    0,  691,  525,  104,  199,  297,  215,  310,  329,  423,  699,  665,  234,  605,  630,  576,  760,  214,  535,  539,  458,  723,  607,  343,  658,   91,  232,  508,   86,  706,  400,  587,  263,   67,  217,  893,  568,  120,  521,  442,  562,  539,  416,  644,  204,  564,  140,  493,  349,  324,  427],
        [  469,  469,  540,  333,  747,  855,  824,  577,  741,  549,  431,  507,  958,  329,  212,  511,  360,  229,  356,  146,  822,  272,   42,  691,    0,  510,  730,  807,  768,  826,  644,  649,  271,  245,   46,  654,  126,  696,  943,  345,  484,  357,  937,  237,  496,  435,  423,  441,  781,  656,  479,  743,  621,  659,  339,  482,  738,  490,  556,  699,  609,  370,  727,  132,  594,  501,  415,  767,  157,  608,  440,  655,  808,  271],
        [  847,  847,   38,  413,  729,  902,  979, 1018,  787,  123,  822,   95, 1070,  656,  691,  506,  173,  665,  476,  629,  920,  737,  499,  525,  510,    0,  483,  719,  385,  514,  261,  732,  419,  332,  465,  325,  386,  951, 1044,  324,  451,  154, 1017,  429,  880,  772,  552,  807,  594,  328,  737,  610,  950,  785,  690,  285,  523,  351, 1001,  916,  538,  141,  853,  422,  834,  687,  165,  711,  510,  557,   77,  241,  814,  347],
        [  784,  784,  458,  412,  342,  516,  664,  988,  433,  361,  782,  392,  703,  630,  800,  292,  454,  736,  424,  767,  570,  812,  747,  104,  730,  483,    0,  280,  198,  117,  239,  433,  472,  702,  698,  164,  631,  733,  672,  750,  279,  522,  633,  506,  813,  696,  424,  746,  120,  161,  601,  170,  805,  503,  667,  262,   51,  240,  981,  671,  216,  507,  546,  599,  639,  511,  620,  297,  617,  239,  465,  276,  418,  460],
        [  687,  687,  701,  480,  107,  247,  422,  884,  201,  607,  700,  625,  433,  590,  803,  297,  638,  729,  452,  793,  317,  793,  836,  199,  807,  719,  280,    0,  476,  355,  507,  254,  539,  859,  788,  431,  742,  544,  402,  931,  334,  713,  361,  571,  709,  608,  399,  657,  167,  428,  496,  114,  653,  314,  619,  445,  229,  387,  882,  474,  207,  701,  326,  685,  483,  406,  828,   54,  661,  201,  681,  546,  153,  565],
        [  922,  922,  351,  497,  538,  713,  856, 1123,  628,  269,  914,  313,  900,  749,  883,  439,  431,  829,  531,  838,  766,  907,  775,  297,  768,  385,  198,  476,    0,  151,  133,  618,  546,  675,  729,  120,  651,  910,  869,  697,  406,  479,  831,  576,  953,  834,  559,  882,  311,  119,  752,  368,  966,  687,  788,  296,  248,  319, 1112,  852,  391,  462,  736,  643,  808,  669,  545,  495,  689,  415,  400,  145,  616,  508],
        [  901,  901,  483,  519,  435,  600,  762, 1105,  531,  392,  899,  431,  787,  745,  909,  409,  523,  847,  536,  873,  663,  924,  840,  215,  826,  514,  117,  355,  151,    0,  254,  541,  577,  773,  792,  196,  720,  843,  756,  809,  393,  583,  714,  610,  930,  812,  541,  863,  189,  193,  718,  260,  920,  611,  783,  347,  149,  341, 1097,  780,  331,  566,  649,  696,  753,  627,  667,  384,  723,  353,  514,  280,  504,  557],
        [  842,  842,  230,  399,  545,  724,  843, 1038,  624,  140,  829,  182,  906,  660,  772,  386,  299,  724,  443,  724,  763,  802,  649,  310,  644,  261,  239,  507,  133,  254,    0,  594,  440,  542,  603,   77,  524,  867,  877,  565,  342,  346,  843,  467,  874,  756,  488,  801,  358,   80,  686,  394,  905,  660,  698,  193,  286,  237, 1025,  816,  369,  329,  717,  522,  757,  611,  417,  512,  577,  393,  268,   41,  629,  393],
        [  438,  438,  726,  369,  150,  207,  251,  631,   94,  645,  454,  646,  343,  372,  594,  226,  599,  519,  315,  598,  193,  573,  685,  329,  649,  732,  433,  254,  618,  541,  594,    0,  412,  767,  643,  530,  620,  304,  320,  857,  281,  672,  302,  435,  458,  363,  232,  411,  366,  529,  251,  290,  400,   71,  394,  452,  393,  385,  631,  239,  228,  665,  124,  548,  230,  170,  794,  201,  493,  204,  672,  633,  172,  466],
        [  430,  430,  432,   63,  487,  616,  627,  611,  496,  393,  408,  367,  746,  239,  337,  242,  249,  284,   98,  297,  599,  363,  298,  423,  271,  419,  472,  539,  546,  577,  440,  412,    0,  357,  250,  427,  211,  553,  726,  452,  214,  303,  712,   35,  463,  353,  182,  389,  513,  428,  328,  473,  534,  440,  275,  252,  473,  237,  596,  531,  338,  304,  512,  147,  436,  301,  419,  501,  147,  339,  343,  464,  556,   74],
        [  695,  695,  368,  400,  827,  969,  981,  820,  849,  415,  660,  369, 1102,  527,  455,  574,  251,  463,  453,  389,  956,  515,  215,  699,  245,  332,  702,  859,  675,  773,  542,  767,  357,    0,  207,  580,  166,  887, 1083,  105,  528,  198, 1068,  338,  724,  645,  538,  661,  785,  583,  660,  770,  835,  797,  548,  442,  726,  482,  799,  876,  653,  215,  868,  244,  775,  653,  192,  830,  339,  661,  283,  539,  902,  304],
        [  495,  495,  495,  310,  733,  849,  829,  614,  733,  505,  459,  463,  960,  342,  250,  492,  317,  258,  341,  184,  821,  309,   50,  665,   46,  465,  698,  788,  729,  792,  603,  643,  250,  207,    0,  616,   82,  710,  944,  309,  461,  312,  936,  218,  523,  454,  413,  465,  755,  618,  489,  720,  643,  658,  357,  446,  708,  459,  593,  709,  587,  325,  728,  104,  604,  502,  371,  750,  159,  588,  395,  614,  798,  239],
        [  807,  807,  297,  377,  472,  651,  776, 1007,  554,  202,  797,  238,  835,  631,  763,  333,  330,  709,  413,  719,  693,  788,  663,  234,  654,  325,  164,  431,  120,  196,   77,  530,  427,  580,  616,    0,  540,  811,  805,  614,  294,  388,  770,  457,  839,  719,  446,  766,  282,    4,  642,  318,  858,  597,  670,  177,  210,  201,  995,  757,  303,  371,  652,  526,  705,  562,  472,  438,  570,  326,  319,  116,  555,  391],
        [  532,  532,  415,  265,  696,  825,  823,  669,  706,  424,  498,  382,  948,  361,  315,  447,  235,  308,  307,  250,  805,  369,  125,  605,  126,  386,  631,  742,  651,  720,  524,  620,  211,  166,   82,  540,    0,  722,  930,  270,  410,  233,  918,  185,  562,  479,  388,  498,  695,  543,  496,  666,  670,  643,  383,  374,  645,  394,  649,  713,  537,  245,  714,   79,  611,  493,  303,  708,  174,  541,  315,  533,  766,  179],
        [  281,  281,  955,  542,  438,  369,  200,  408,  345,  889,  318,  878,  337,  369,  551,  481,  792,  489,  478,  588,  283,  502,  737,  630,  696,  951,  733,  544,  910,  843,  867,  304,  553,  887,  710,  811,  722,    0,  341,  989,  528,  854,  364,  560,  278,  268,  400,  284,  670,  811,  228,  594,  146,  235,  359,  697,  695,  636,  417,   72,  520,  853,  223,  644,  118,  265,  971,  494,  554,  496,  881,  904,  414,  625],
        [  608,  608, 1035,  687,  334,  157,  142,  748,  258,  949,  640,  955,   32,  630,  845,  541,  918,  774,  630,  866,  128,  807,  981,  576,  943, 1044,  672,  402,  869,  756,  877,  320,  726, 1083,  944,  805,  930,  341,    0, 1175,  596,  991,   46,  747,  611,  568,  545,  600,  568,  804,  478,  503,  486,  287,  638,  760,  623,  693,  757,  288,  513,  984,  217,  855,  380,  443, 1114,  375,  787,  492,  988,  918,  254,  784],
        [  799,  799,  361,  489,  907, 1056, 1078,  921,  936,  429,  764,  385, 1196,  631,  556,  655,  299,  566,  546,  490, 1048,  616,  311,  760,  345,  324,  750,  931,  697,  809,  565,  857,  452,  105,  309,  614,  270,  989, 1175,    0,  606,  229, 1158,  436,  829,  749,  631,  766,  843,  617,  762,  836,  940,  891,  653,  497,  779,  546,  900,  976,  726,  244,  963,  348,  876,  750,  160,  906,  443,  737,  298,  555,  985,  392],
        [  518,  518,  446,  152,  302,  460,  530,  720,  342,  368,  511,  366,  621,  353,  525,   56,  326,  458,  147,  497,  470,  534,  509,  214,  484,  451,  279,  334,  406,  393,  342,  281,  214,  528,  461,  294,  410,  528,  596,  606,    0,  401,  571,  248,  548,  429,  154,  478,  302,  294,  348,  260,  565,  337,  391,  174,  270,  110,  710,  481,  128,  393,  403,  357,  417,  270,  523,  303,  351,  134,  393,  378,  382,  232],
        [  719,  719,  185,  316,  701,  861,  909,  880,  741,  218,  691,  172, 1015,  531,  542,  454,   76,  521,  380,  479,  864,  591,  346,  535,  357,  154,  522,  713,  479,  583,  346,  672,  303,  198,  312,  388,  233,  854,  991,  229,  401,    0,  970,  304,  751,  650,  464,  680,  617,  391,  631,  614,  835,  716,  562,  272,  552,  326,  861,  827,  513,   18,  787,  275,  737,  596,  123,  693,  368,  527,   89,  342,  782,  230],
        [  622,  622, 1007,  670,  298,  119,  164,  771,  230,  919,  653,  927,   76,  631,  849,  517,  895,  777,  615,  867,  116,  814,  975,  539,  937, 1017,  633,  361,  831,  714,  843,  302,  712, 1068,  936,  770,  918,  364,   46, 1158,  571,  970,    0,  734,  628,  577,  531,  611,  527,  768,  482,  464,  508,  278,  641,  732,  584,  666,  779,  306,  483,  962,  212,  844,  390,  438, 1092,  337,  781,  462,  963,  883,  216,  767],
        [  419,  419,  445,   97,  517,  641,  643,  593,  522,  412,  394,  383,  766,  228,  307,  275,  256,  257,  124,  265,  621,  336,  265,  458,  237,  429,  506,  571,  576,  610,  467,  435,   35,  338,  218,  457,  185,  560,  747,  436,  248,  304,  734,    0,  452,  347,  204,  379,  547,  459,  333,  507,  531,  460,  262,  281,  508,  270,  577,  541,  372,  307,  532,  116,  444,  315,  415,  533,  114,  372,  352,  489,  584,   83],
        [   33,   33,  894,  484,  607,  604,  470,  178,  537,  852,   65,  828,  612,  224,  309,  523,  707,  268,  432,  362,  529,  250,  536,  723,  496,  880,  813,  709,  953,  930,  874,  458,  463,  724,  523,  839,  562,  278,  611,  829,  548,  751,  628,  452,    0,  120,  395,   74,  789,  839,  218,  718,  147,  412,  190,  684,  789,  640,  174,  324,  603,  755,  443,  491,  247,  311,  853,  656,  392,  585,  803,  905,  617,  533],
        [   89,   89,  784,  369,  509,  533,  432,  293,  450,  738,   93,  716,  574,  121,  285,  405,  601,  221,  315,  320,  469,  240,  476,  607,  435,  772,  696,  608,  834,  812,  756,  363,  353,  645,  454,  719,  479,  268,  568,  749,  429,  650,  577,  347,  120,    0,  276,   51,  676,  720,  113,  607,  191,  329,   98,  566,  673,  521,  286,  289,  488,  652,  375,  403,  189,  203,  757,  555,  306,  470,  696,  787,  530,  426],
        [  365,  365,  555,  149,  327,  438,  449,  567,  320,  491,  359,  479,  565,  209,  407,  134,  397,  335,   87,  395,  418,  404,  457,  343,  423,  552,  424,  399,  559,  541,  488,  232,  182,  538,  413,  446,  388,  400,  545,  631,  154,  464,  531,  204,  395,  276,    0,  325,  422,  447,  199,  363,  418,  260,  245,  304,  407,  251,  558,  366,  229,  460,  332,  316,  284,  136,  585,  353,  269,  218,  483,  522,  386,  242],
        [   42,   42,  821,  410,  558,  574,  461,  243,  496,  778,   44,  754,  604,  151,  271,  455,  635,  217,  359,  315,  506,  219,  482,  658,  441,  807,  746,  657,  882,  863,  801,  411,  389,  661,  465,  766,  498,  284,  600,  766,  478,  680,  611,  379,   74,   51,  325,    0,  727,  767,  162,  658,  181,  373,  118,  610,  724,  567,  235,  315,  539,  684,  415,  424,  222,  253,  784,  604,  325,  521,  731,  832,  576,  460],
        [  763,  763,  571,  451,  248,  412,  575,  966,  345,  474,  767,  501,  599,  630,  821,  292,  545,  752,  445,  797,  475,  824,  804,   91,  781,  594,  120,  167,  311,  189,  358,  366,  513,  785,  755,  282,  695,  670,  568,  843,  302,  617,  527,  547,  789,  676,  422,  727,    0,  279,  572,   77,  759,  435,  664,  347,   73,  305,  961,  603,  193,  603,  466,  652,  589,  479,  722,  196,  653,  207,  569,  396,  315,  517],
        [  808,  808,  300,  379,  471,  650,  775, 1008,  552,  205,  798,  241,  833,  632,  765,  333,  333,  711,  414,  721,  692,  789,  666,  232,  656,  328,  161,  428,  119,  193,   80,  529,  428,  583,  618,    4,  543,  811,  804,  617,  294,  391,  768,  459,  839,  720,  447,  767,  279,    0,  642,  315,  858,  596,  671,  179,  207,  202,  996,  756,  302,  374,  651,  529,  705,  562,  475,  436,  572,  326,  322,  118,  554,  393],
        [  193,  193,  745,  325,  397,  427,  349,  395,  339,  687,  205,  671,  489,  154,  368,  315,  573,  296,  263,  389,  369,  335,  520,  508,  479,  737,  601,  496,  752,  718,  686,  251,  328,  660,  489,  642,  496,  228,  478,  762,  348,  631,  482,  333,  218,  113,  199,  162,  572,  642,    0,  501,  220,  221,  160,  503,  574,  450,  390,  221,  388,  631,  273,  417,  116,   94,  746,  443,  331,  369,  664,  721,  419,  401],
        [  693,  693,  591,  411,  175,  346,  502,  895,  271,  495,  699,  516,  533,  568,  767,  239,  539,  696,  396,  748,  404,  766,  769,   86,  743,  610,  170,  114,  368,  260,  394,  290,  473,  770,  720,  318,  666,  594,  503,  836,  260,  614,  464,  507,  718,  607,  363,  658,   77,  315,  501,    0,  684,  359,  601,  343,  121,  290,  891,  527,  138,  601,  391,  616,  514,  408,  726,  128,  607,  145,  576,  433,  249,  487],
        [  162,  162,  959,  539,  546,  505,  345,  263,  462,  904,  202,  887,  482,  311,  448,  527,  782,  398,  479,  496,  422,  392,  662,  706,  621,  950,  805,  653,  966,  920,  905,  400,  534,  835,  643,  858,  670,  146,  486,  940,  565,  835,  508,  531,  147,  191,  418,  181,  759,  858,  220,  684,    0,  340,  288,  722,  773,  668,  272,  207,  589,  836,  349,  594,  172,  298,  945,  600,  497,  567,  876,  939,  537,  607],
        [  396,  396,  782,  405,  207,  207,  195,  581,  126,  704,  417,  702,  306,  360,  582,  283,  645,  508,  346,  594,  163,  553,  697,  400,  659,  785,  503,  314,  687,  611,  660,   71,  440,  797,  658,  597,  643,  235,  287,  891,  337,  716,  278,  460,  412,  329,  260,  373,  435,  596,  221,  359,  340,    0,  375,  510,  463,  444,  582,  169,  297,  711,   72,  568,  172,  161,  838,  262,  503,  273,  723,  699,  205,  501],
        [  157,  157,  706,  302,  529,  582,  506,  340,  486,  666,  134,  641,  647,   39,  209,  378,  518,  137,  258,  232,  528,  180,  380,  587,  339,  690,  667,  619,  788,  783,  698,  394,  275,  548,  357,  670,  383,  359,  638,  653,  391,  562,  641,  262,  190,   98,  245,  118,  664,  671,  160,  601,  288,  375,    0,  506,  651,  469,  327,  370,  472,  566,  432,  308,  265,  224,  666,  569,  210,  458,  614,  727,  565,  344],
        [  651,  651,  276,  207,  446,  617,  702,  846,  503,  195,  637,  196,  787,  468,  588,  227,  199,  535,  252,  543,  637,  614,  494,  263,  482,  285,  262,  445,  296,  347,  193,  452,  252,  442,  446,  177,  374,  697,  760,  497,  174,  272,  732,  281,  684,  566,  304,  610,  347,  179,  503,  343,  722,  510,  506,    0,  285,   67,  833,  652,  255,  259,  575,  353,  583,  434,  384,  431,  394,  273,  238,  222,  530,  215],
        [  761,  761,  499,  412,  294,  467,  618,  965,  387,  403,  761,  430,  654,  615,  794,  273,  482,  728,  416,  765,  523,  802,  757,   67,  738,  523,   51,  229,  248,  149,  286,  393,  473,  726,  708,  210,  645,  695,  623,  779,  270,  552,  584,  508,  789,  673,  407,  724,   73,  207,  574,  121,  773,  463,  651,  285,    0,  252,  959,  631,  187,  537,  502,  607,  605,  483,  654,  248,  617,  207,  500,  324,  369,  469],
        [  608,  608,  343,  182,  381,  551,  635,  806,  437,  261,  597,  262,  720,  431,  572,  161,  251,  514,  212,  534,  570,  592,  508,  217,  490,  351,  240,  387,  319,  341,  237,  385,  237,  482,  459,  201,  394,  636,  693,  546,  110,  326,  666,  270,  640,  521,  251,  567,  305,  202,  450,  290,  668,  444,  469,   67,  252,    0,  795,  590,  190,  315,  508,  359,  524,  376,  442,  369,  383,  207,  301,  272,  465,  220],
        [  199,  199, 1020,  628,  780,  767,  616,   24,  707,  988,  200,  960,  753,  366,  345,  689,  828,  342,  584,  411,  688,  285,  591,  893,  556, 1001,  981,  882, 1112, 1097, 1025,  631,  596,  799,  593,  995,  649,  417,  757,  900,  710,  861,  779,  577,  174,  286,  558,  235,  961,  996,  390,  891,  272,  582,  327,  833,  959,  795,    0,  475,  773,  868,  608,  589,  413,  484,  951,  829,  494,  756,  924, 1053,  786,  660],
        [  321,  321,  917,  512,  368,  300,  147,  468,  274,  846,  354,  839,  290,  372,  572,  431,  762,  505,  448,  602,  216,  528,  740,  568,  699,  916,  671,  474,  852,  780,  816,  239,  531,  876,  709,  757,  713,   72,  288,  976,  481,  827,  306,  541,  324,  289,  366,  315,  603,  756,  221,  527,  207,  169,  370,  652,  631,  590,  475,    0,  461,  825,  152,  634,  106,  232,  947,  424,  551,  437,  848,  854,  343,  600],
        [  576,  576,  526,  277,  192,  365,  474,  780,  257,  437,  577,  446,  542,  437,  631,  102,  437,  561,  259,  611,  395,  632,  635,  120,  609,  538,  216,  207,  391,  331,  369,  228,  338,  653,  587,  303,  537,  520,  513,  726,  128,  513,  483,  372,  603,  488,  229,  539,  193,  302,  388,  138,  589,  297,  472,  255,  187,  190,  773,  461,    0,  502,  350,  483,  424,  297,  631,  181,  470,   25,  491,  409,  276,  359],
        [  723,  723,  171,  313,  691,  852,  904,  886,  733,  201,  696,  155, 1008,  534,  552,  446,   67,  529,  377,  490,  857,  599,  360,  521,  370,  141,  507,  701,  462,  566,  329,  665,  304,  215,  325,  371,  245,  853,  984,  244,  393,   18,  962,  307,  755,  652,  460,  684,  603,  374,  631,  601,  836,  711,  566,  259,  537,  315,  868,  825,  502,    0,  781,  284,  735,  593,  130,  682,  375,  517,   73,  325,  773,  230],
        [  432,  432,  849,  477,  223,  161,  128,  604,  126,  768,  458,  769,  235,  420,  640,  348,  716,  567,  418,  656,   97,  607,  766,  442,  727,  853,  546,  326,  736,  649,  717,  124,  512,  868,  728,  652,  714,  223,  217,  963,  403,  787,  212,  532,  443,  375,  332,  415,  466,  651,  273,  391,  349,   72,  432,  575,  502,  508,  608,  152,  350,  781,    0,  639,  197,  227,  909,  279,  571,  326,  792,  757,  191,  573],
        [  460,  460,  446,  206,  632,  754,  746,  608,  636,  439,  428,  401,  872,  284,  270,  388,  256,  247,  240,  210,  730,  316,  153,  562,  132,  422,  599,  685,  643,  696,  522,  548,  147,  244,  104,  526,   79,  644,  855,  348,  357,  275,  844,  116,  491,  403,  316,  424,  652,  529,  417,  616,  594,  568,  308,  353,  607,  359,  589,  634,  483,  284,  639,    0,  532,  416,  364,  647,  100,  485,  346,  537,  699,  140],
        [  236,  236,  839,  424,  377,  358,  244,  411,  297,  774,  264,  762,  386,  267,  469,  373,  675,  401,  360,  497,  286,  428,  634,  539,  594,  834,  639,  483,  808,  753,  757,  230,  436,  775,  604,  705,  611,  118,  380,  876,  417,  737,  390,  444,  247,  189,  284,  222,  589,  705,  116,  514,  172,  172,  265,  583,  605,  524,  413,  106,  424,  735,  197,  532,    0,  150,  854,  430,  446,  401,  764,  794,  375,  508],
        [  286,  286,  690,  280,  310,  365,  330,  488,  263,  625,  295,  614,  458,  203,  426,  230,  531,  351,  216,  434,  322,  403,  539,  416,  501,  687,  511,  406,  669,  627,  611,  170,  301,  653,  502,  562,  493,  265,  443,  750,  270,  596,  438,  315,  311,  203,  136,  253,  479,  562,   94,  408,  298,  161,  224,  434,  483,  376,  484,  232,  297,  593,  227,  416,  150,    0,  715,  353,  345,  277,  618,  647,  342,  369],
        [  821,  821,  203,  437,  820,  982, 1031,  970,  863,  277,  791,  236, 1137,  637,  617,  576,  197,  609,  500,  552,  986,  672,  393,  644,  415,  165,  620,  828,  545,  667,  417,  794,  419,  192,  371,  472,  303,  971, 1114,  160,  523,  123, 1092,  415,  853,  757,  585,  784,  722,  475,  746,  726,  945,  838,  666,  384,  654,  442,  951,  947,  631,  130,  909,  364,  854,  715,    0,  811,  463,  646,  155,  402,  902,  347],
        [  634,  634,  695,  444,   57,  219,  381,  831,  154,  602,  647,  617,  406,  540,  755,  261,  618,  681,  411,  747,  279,  744,  797,  204,  767,  711,  297,   54,  495,  384,  512,  201,  501,  830,  750,  438,  708,  494,  375,  906,  303,  693,  337,  533,  656,  555,  353,  604,  196,  436,  443,  128,  600,  262,  569,  431,  248,  369,  829,  424,  181,  682,  279,  647,  430,  353,  811,    0,  618,  170,  668,  552,  122,  533],
        [  361,  361,  531,  206,  595,  699,  670,  512,  585,  511,  329,  478,  803,  189,  196,  370,  339,  156,  212,  151,  666,  231,  195,  564,  157,  510,  617,  661,  689,  723,  577,  493,  147,  339,  159,  570,  174,  554,  787,  443,  351,  368,  781,  114,  392,  306,  269,  325,  653,  572,  331,  607,  497,  503,  210,  394,  617,  383,  494,  551,  470,  375,  571,  100,  446,  345,  463,  618,    0,  467,  433,  597,  654,  185],
        [  558,  558,  546,  279,  175,  345,  451,  762,  235,  458,  560,  466,  520,  424,  623,   98,  451,  551,  256,  605,  373,  621,  636,  140,  608,  557,  239,  201,  415,  353,  393,  204,  339,  661,  588,  326,  541,  496,  492,  737,  134,  527,  462,  372,  585,  470,  218,  521,  207,  326,  369,  145,  567,  273,  458,  273,  207,  207,  756,  437,   25,  517,  326,  485,  401,  277,  646,  170,  467,    0,  508,  433,  259,  365],
        [  770,  770,  101,  341,  682,  850,  917,  941,  733,  133,  746,   88, 1013,  580,  616,  448,   97,  588,  404,  555,  863,  661,  432,  493,  440,   77,  465,  681,  400,  514,  268,  672,  343,  283,  395,  319,  315,  881,  988,  298,  393,   89,  963,  352,  803,  696,  483,  731,  569,  322,  664,  576,  876,  723,  614,  238,  500,  301,  924,  848,  491,   73,  792,  346,  764,  618,  155,  668,  433,  508,    0,  259,  766,  271],
        [  873,  873,  207,  426,  586,  764,  883, 1066,  664,  127,  858,  172,  947,  689,  792,  424,  303,  746,  473,  742,  803,  825,  658,  349,  655,  241,  276,  546,  145,  280,   41,  633,  464,  539,  614,  116,  533,  904,  918,  555,  378,  342,  883,  489,  905,  787,  522,  832,  396,  118,  721,  433,  939,  699,  727,  222,  324,  272, 1053,  854,  409,  325,  757,  537,  794,  647,  402,  552,  597,  433,  259,    0,  669,  413],
        [  600,  600,  801,  505,   86,   98,  272,  785,   81,  711,  620,  722,  285,  543,  765,  331,  707,  690,  460,  767,  165,  744,  842,  324,  808,  814,  418,  153,  616,  504,  629,  172,  556,  902,  798,  555,  766,  414,  254,  985,  382,  782,  216,  584,  617,  530,  386,  576,  315,  554,  419,  249,  537,  205,  565,  530,  369,  465,  786,  343,  276,  773,  191,  699,  375,  342,  902,  122,  654,  259,  766,  669,    0,  599],
        [  500,  500,  362,   97,  525,  666,  691,  676,  546,  330,  476,  300,  805,  309,  380,  273,  176,  336,  156,  331,  657,  414,  289,  427,  271,  347,  460,  565,  508,  557,  393,  466,   74,  304,  239,  391,  179,  625,  784,  392,  232,  230,  767,   83,  533,  426,  242,  460,  517,  393,  401,  487,  607,  501,  344,  215,  469,  220,  660,  600,  359,  230,  573,  140,  508,  369,  347,  533,  185,  365,  271,  413,  599,    0]
    ]
}
