{
    "name": "random-4-32169",
    "comment": "size=4 seed=32169",
    "nodes": ["+0", "-0", "+1", "-1", "+2", "-2", "+3", "-3", "+4", "-4"],
    "precedence": {
        "+0": "-0",
        "+1": "-1",
        "+2": "-2",
        "+3": "-3",
        "+4": "-4"
    },
    "edges": [
        [    0,    0,  692,  558,  413,  746,  193,  273,  277,  539],
        [    0,    0,  692,  558,  413,  746,  193,  273,  277,  539],
        [  692,  692,    0,  861,  693,   86,  848,  685,  429,  233],
        [  558,  558,  861,    0,  955,  944,  469,  823,  545,  857],
        [  413,  413,  693,  955,    0,  701,  585,  143,  482,  463],
        [  746,  746,   86,  944,  701,    0,  910,  710,  493,  241],
        [  193,  193,  848,  469,  585,  910,    0,  442,  419,  719],
        [  273,  273,  685,  823,  143,  710,  442,    0,  390,  470],
        [  277,  277,  429,  545,  482,  493,  419,  390,    0,  330],
        [  539,  539,  233,  857,  463,  241,  719,  470,  330,    0]
    ]
}
