{
    "name": "random-25-14595",
    "comment": "size=25 seed=14595",
    "nodes": ["+0", "-0", "+1", "-1", "+2", "-2", "+3", "-3", "+4", "-4", "+5", "-5", "+6", "-6", "+7", "-7", "+8", "-8", "+9", "-9", "+10", "-10", "+11", "-11", "+12", "-12", "+13", "-13", "+14", "-14", "+15", "-15", "+16", "-16", "+17", "-17", "+18", "-18", "+19", "-19", "+20", "-20", "+21", "-21", "+22", "-22", "+23", "-23", "+24", "-24", "+25", "-25"],
    "precedence": {
        "+0": "-0",
        "+1": "-1",
        "+2": "-2",
        "+3": "-3",
        "+4": "-4",
        "+5": "-5",
        "+6": "-6",
        "+7": "-7",
        "+8": "-8",
        "+9": "-9",
        "+10": "-10",
        "+11": "-11",
        "+12": "-12",
        "+13": "-13",
        "+14": "-14",
        "+15": "-15",
        "+16": "-16",
        "+17": "-17",
        "+18": "-18",
        "+19": "-19",
        "+20": "-20",
        "+21": "-21",
        "+22": "-22",
        "+23": "-23",
        "+24": "-24",
        "+25": "-25"
    },
    "edges": [
        [    0,    0,  769,  769,  792,  516,  530,  604,  274,  715,  124,  253,  273,  664,  419,  601,  628,   86,  606,  185,  821,  864,  742,  658,  233,  421,  355,  235,  302,  446,  175,  449,  678,  476,  445,  519,  235,  684,   85,  437,  148,  822,  689,  297,  674,  470,  857,  677,  811,  736,  831,  641],
        [    0,    0,  769,  769,  792,  516,  530,  604,  274,  715,  124,  253,  273,  664,  419,  601,  628,   86,  606,  185,  821,  864,  742,  658,  233,  421,  355,  235,  302,  446,  175,  449,  678,  476,  445,  519,  235,  684,   85,  437,  148,  822,  689,  297,  674,  470,  857,  677,  811,  736,  831,  641],
        [  769,  769,    0,  274,  556,  453,  421,  439,  821,  372,  812,  694,  529,  656,  357,  501,  611,  717,  306,  629,  186,  521,  222,  671,  556,  853,  793,  764,  936,  691,  727,  450,  386,  779,  638,  252,  569,  356,  695,  976,  914,  649,  302,  473,  758,  993,  563,  442,   50,  112,  326,  571],
        [  769,  769,  274,    0,  807,  298,  269,  237,  906,  620,  770,  610,  497,  870,  442,  712,  820,  745,  519,  594,  119,  784,  483,  882,  537,  978,  669,  844, 1006,  534,  790,  340,  624,  931,  483,  358,  537,  124,  686, 1082,  899,  896,  546,  511,  963, 1105,  823,  677,  258,  374,  597,  787],
        [  792,  792,  556,  807,    0,  838,  816,  876,  648,  188,  899,  892,  720,  200,  509,  192,  198,  707,  303,  774,  740,  103,  335,  219,  711,  575, 1026,  626,  761, 1002,  643,  787,  187,  461,  959,  507,  738,  844,  765,  710,  921,   94,  262,  591,  295,  709,   69,  145,  596,  445,  265,  164],
        [  516,  516,  453,  298,  838,    0,   33,   88,  712,  669,  491,  319,  255,  831,  344,  686,  780,  516,  538,  332,  393,  852,  583,  838,  298,  817,  372,  650,  791,  244,  585,   74,  655,  803,  192,  333,  287,  184,  433,  894,  629,  913,  601,  334,  902,  923,  877,  694,  470,  501,  707,  760],
        [  530,  530,  421,  269,  816,   33,    0,   81,  715,  644,  511,  343,  263,  816,  329,  668,  764,  524,  514,  346,  362,  828,  555,  823,  306,  816,  402,  653,  798,  277,  589,   82,  632,  797,  224,  310,  298,  160,  446,  898,  647,  893,  576,  331,  889,  925,  853,  672,  437,  471,  679,  743],
        [  604,  604,  439,  237,  876,   88,   81,    0,  795,  699,  576,  402,  341,  887,  402,  737,  835,  602,  573,  419,  345,  881,  598,  895,  384,  897,  439,  733,  877,  299,  669,  159,  690,  876,  250,  370,  374,  114,  521,  978,  715,  956,  629,  411,  963, 1006,  910,  734,  446,  505,  722,  812],
        [  274,  274,  821,  906,  648,  712,  715,  795,    0,  636,  393,  513,  459,  476,  477,  476,  456,  216,  570,  412,  926,  739,  718,  465,  418,  150,  626,   63,  122,  702,  128,  638,  596,  231,  690,  579,  435,  850,  321,  183,  331,  649,  639,  397,  452,  213,  717,  572,  869,  753,  771,  485],
        [  715,  715,  372,  620,  188,  669,  644,  699,  636,    0,  806,  767,  587,  305,  362,  178,  269,  636,  135,  657,  554,  185,  154,  322,  587,  605,  897,  597,  757,  853,  594,  625,   41,  503,  806,  336,  612,  660,  670,  742,  855,  279,   75,  466,  411,  750,  211,   84,  414,  260,  139,  224],
        [  124,  124,  812,  770,  899,  491,  511,  576,  393,  806,    0,  182,  285,  781,  480,  707,  742,  205,  688,  184,  837,  964,  815,  776,  257,  542,  249,  357,  403,  366,  298,  433,  772,  599,  377,  571,  244,  671,  136,  547,  144,  934,  772,  356,  795,  580,  961,  777,  849,  794,  913,  752],
        [  253,  253,  694,  610,  892,  319,  343,  402,  513,  767,  182,    0,  183,  812,  410,  707,  766,  298,  637,  124,  690,  941,  743,  811,  182,  652,  136,  463,  554,  193,  394,  271,  739,  682,  197,  478,  156,  502,  193,  686,  326,  944,  719,  303,  848,  718,  948,  756,  726,  699,  854,  765],
        [  273,  273,  529,  497,  720,  255,  263,  341,  459,  587,  285,  183,    0,  659,  228,  540,  611,  262,  456,  101,  556,  764,  561,  661,   43,  573,  310,  398,  536,  294,  331,  183,  560,  574,  262,  299,   42,  413,  189,  642,  404,  778,  537,  131,  710,  671,  773,  581,  566,  522,  672,  604],
        [  664,  664,  656,  870,  200,  831,  816,  887,  476,  305,  781,  812,  659,    0,  488,  159,   53,  579,  355,  689,  827,  303,  454,   19,  639,  384,  947,  466,  581,  952,  499,  769,  277,  268,  917,  527,  666,  880,  656,  516,  778,  175,  361,  531,  107,  513,  265,  222,  702,  548,  428,   86],
        [  419,  419,  357,  442,  509,  344,  329,  402,  477,  362,  480,  410,  228,  488,    0,  344,  436,  361,  229,  310,  450,  542,  338,  494,  235,  537,  537,  417,  587,  495,  373,  284,  338,  492,  451,  106,  257,  413,  351,  646,  566,  577,  310,  125,  561,  667,  557,  366,  402,  318,  445,  417],
        [  601,  601,  501,  712,  192,  686,  668,  737,  476,  178,  707,  707,  540,  159,  344,    0,  110,  517,  198,  586,  670,  268,  311,  172,  527,  430,  842,  445,  594,  828,  456,  628,  141,  326,  788,  372,  554,  724,  573,  568,  732,  239,  216,  409,  257,  574,  256,  100,  549,  396,  315,   77],
        [  628,  628,  611,  820,  198,  780,  764,  835,  456,  269,  742,  766,  611,   53,  436,  110,    0,  542,  308,  643,  780,  297,  414,   63,  592,  378,  902,  439,  566,  903,  466,  718,  238,  264,  867,  475,  619,  828,  614,  514,  746,  197,  320,  482,  147,  514,  266,  186,  658,  504,  399,   46],
        [   86,   86,  717,  745,  707,  516,  524,  602,  216,  636,  205,  298,  262,  579,  361,  517,  542,    0,  532,  199,  786,  780,  672,  573,  219,  355,  416,  166,  276,  486,   99,  444,  599,  398,  476,  465,  230,  671,  106,  394,  220,  736,  614,  247,  590,  425,  772,  595,  761,  674,  755,  555],
        [  606,  606,  306,  519,  303,  538,  514,  573,  570,  135,  688,  637,  456,  355,  229,  198,  308,  532,    0,  531,  473,  318,  149,  369,  459,  570,  765,  522,  691,  719,  506,  491,  118,  484,  672,  205,  483,  544,  553,  702,  751,  386,   84,  340,  454,  715,  340,  162,  354,  206,  226,  271],
        [  185,  185,  629,  594,  774,  332,  346,  419,  412,  657,  184,  124,  101,  689,  310,  586,  643,  199,  531,    0,  656,  827,  647,  688,   76,  542,  259,  356,  471,  294,  287,  265,  626,  564,  279,  392,   61,  502,  103,  592,  306,  823,  614,  192,  725,  623,  831,  640,  666,  616,  752,  643],
        [  821,  821,  186,  119,  740,  393,  362,  345,  926,  554,  837,  690,  556,  827,  450,  670,  780,  786,  473,  656,    0,  706,  407,  841,  591,  981,  763,  865, 1033,  636,  817,  421,  565,  921,  584,  351,  597,  237,  740, 1094,  958,  832,  482,  542,  925, 1115,  748,  620,  156,  296,  510,  742],
        [  864,  864,  521,  784,  103,  852,  828,  881,  739,  185,  964,  941,  764,  303,  542,  268,  297,  780,  318,  827,  706,    0,  302,  321,  760,  674, 1073,  712,  855, 1035,  724,  809,  205,  560,  989,  520,  786,  836,  829,  810,  998,  173,  253,  639,  396,  810,   53,  188,  555,  412,  202,  259],
        [  742,  742,  222,  483,  335,  583,  555,  598,  718,  154,  815,  743,  561,  454,  338,  311,  414,  672,  149,  647,  407,  302,    0,  471,  572,  714,  863,  670,  839,  794,  652,  553,  177,  623,  744,  270,  594,  541,  683,  848,  889,  429,   95,  460,  559,  860,  343,  233,  261,  112,  124,  370],
        [  658,  658,  671,  882,  219,  838,  823,  895,  465,  322,  776,  811,  661,   19,  494,  172,   63,  573,  369,  688,  841,  321,  471,    0,  640,  368,  946,  456,  568,  954,  491,  775,  294,  253,  919,  537,  667,  890,  652,  500,  770,  189,  377,  533,   89,  496,  282,  239,  718,  564,  446,  101],
        [  233,  233,  556,  537,  711,  298,  306,  384,  418,  587,  257,  182,   43,  639,  235,  527,  592,  219,  459,   76,  591,  760,  572,  640,    0,  534,  316,  357,  494,  319,  290,  225,  557,  541,  292,  317,   28,  455,  150,  600,  368,  765,  541,  122,  684,  630,  767,  575,  594,  541,  679,  588],
        [  421,  421,  853,  978,  575,  817,  816,  897,  150,  605,  542,  652,  573,  384,  537,  430,  378,  355,  570,  542,  981,  674,  714,  368,  534,    0,  770,  190,  212,  835,  259,  743,  566,  116,  819,  630,  555,  937,  460,  138,  478,  557,  626,  487,  333,  146,  643,  530,  902,  769,  743,  416],
        [  355,  355,  793,  669, 1026,  372,  402,  439,  626,  897,  249,  136,  310,  947,  537,  842,  902,  416,  765,  259,  763, 1073,  863,  946,  316,  770,    0,  581,  650,  153,  514,  347,  870,  809,  192,  595,  289,  551,  313,  790,  381, 1079,  846,  436,  982,  823, 1082,  889,  819,  810,  978,  901],
        [  235,  235,  764,  844,  626,  650,  653,  733,   63,  597,  357,  463,  398,  466,  417,  445,  439,  166,  522,  356,  865,  712,  670,  456,  357,  190,  581,    0,  173,  648,   70,  576,  557,  245,  634,  520,  376,  787,  271,  245,  317,  635,  595,  335,  455,  273,  694,  538,  812,  699,  730,  463],
        [  302,  302,  936, 1006,  761,  791,  798,  877,  122,  757,  403,  554,  536,  581,  587,  594,  566,  276,  691,  471, 1033,  855,  839,  568,  494,  212,  650,  173,    0,  747,  217,  719,  717,  320,  744,  691,  506,  941,  371,  150,  301,  756,  760,  496,  542,  183,  830,  692,  984,  871,  892,  598],
        [  446,  446,  691,  534, 1002,  244,  277,  299,  702,  853,  366,  193,  294,  952,  495,  828,  903,  486,  719,  294,  636, 1035,  794,  954,  319,  835,  153,  648,  747,    0,  578,  245,  831,  855,   54,  527,  293,  412,  382,  877,  508, 1065,  793,  422, 1002,  909, 1051,  860,  711,  726,  915,  895],
        [  175,  175,  727,  790,  643,  585,  589,  669,  128,  594,  298,  394,  331,  499,  373,  456,  466,   99,  506,  287,  817,  724,  652,  491,  290,  259,  514,   70,  217,  578,    0,  511,  555,  302,  565,  478,  307,  727,  202,  311,  280,  663,  583,  279,  501,  340,  710,  543,  774,  670,  722,  485],
        [  449,  449,  450,  340,  787,   74,   82,  159,  638,  625,  433,  271,  183,  769,  284,  628,  718,  444,  491,  265,  421,  809,  553,  775,  225,  743,  347,  576,  719,  245,  511,    0,  608,  731,  193,  291,  216,  239,  365,  821,  567,  859,  561,  262,  836,  849,  830,  643,  474,  482,  676,  701],
        [  678,  678,  386,  624,  187,  655,  632,  690,  596,   41,  772,  739,  560,  277,  338,  141,  238,  599,  118,  626,  565,  205,  177,  294,  557,  566,  870,  557,  717,  831,  555,  608,    0,  465,  786,  322,  583,  657,  636,  703,  818,  274,   86,  436,  383,  710,  223,   57,  430,  275,  178,  194],
        [  476,  476,  779,  931,  461,  803,  797,  876,  231,  503,  599,  682,  574,  268,  492,  326,  264,  398,  484,  564,  921,  560,  623,  253,  541,  116,  809,  245,  320,  855,  302,  731,  465,    0,  832,  575,  565,  904,  497,  251,  558,  441,  531,  469,  223,  251,  528,  425,  829,  688,  641,  303],
        [  445,  445,  638,  483,  959,  192,  224,  250,  690,  806,  377,  197,  262,  917,  451,  788,  867,  476,  672,  279,  584,  989,  744,  919,  292,  819,  192,  634,  744,   54,  565,  193,  786,  832,    0,  478,  268,  363,  374,  869,  521, 1025,  746,  387,  970,  900, 1006,  816,  658,  674,  865,  856],
        [  519,  519,  252,  358,  507,  333,  310,  370,  579,  336,  571,  478,  299,  527,  106,  372,  475,  465,  205,  392,  351,  520,  270,  537,  317,  630,  595,  520,  691,  527,  478,  291,  322,  575,  478,    0,  335,  353,  448,  744,  665,  586,  270,  223,  612,  765,  544,  364,  297,  224,  388,  448],
        [  235,  235,  569,  537,  738,  287,  298,  374,  435,  612,  244,  156,   42,  666,  257,  554,  619,  230,  483,   61,  597,  786,  594,  667,   28,  555,  289,  376,  506,  293,  307,  216,  583,  565,  268,  335,    0,  450,  151,  617,  363,  792,  565,  148,  711,  647,  793,  601,  606,  559,  702,  615],
        [  684,  684,  356,  124,  844,  184,  160,  114,  850,  660,  671,  502,  413,  880,  413,  724,  828,  671,  544,  502,  237,  836,  541,  890,  455,  937,  551,  787,  941,  412,  727,  239,  657,  904,  363,  353,  450,    0,  600, 1030,  805,  929,  586,  454,  964, 1056,  870,  705,  354,  438,  662,  800],
        [   85,   85,  695,  686,  765,  433,  446,  521,  321,  670,  136,  193,  189,  656,  351,  573,  614,  106,  553,  103,  740,  829,  683,  652,  150,  460,  313,  271,  371,  382,  202,  365,  636,  497,  374,  448,  151,  600,    0,  496,  221,  803,  637,  227,  678,  528,  827,  641,  735,  668,  779,  621],
        [  437,  437,  976, 1082,  710,  894,  898,  978,  183,  742,  547,  686,  642,  516,  646,  568,  514,  394,  702,  592, 1094,  810,  848,  500,  600,  138,  790,  245,  150,  877,  311,  821,  703,  251,  869,  744,  617, 1030,  496,    0,  451,  687,  761,  577,  454,   34,  778,  668, 1025,  898,  880,  553],
        [  148,  148,  914,  899,  921,  629,  647,  715,  331,  855,  144,  326,  404,  778,  566,  732,  746,  220,  751,  306,  958,  998,  889,  770,  368,  478,  381,  317,  301,  508,  280,  567,  818,  558,  521,  665,  363,  805,  221,  451,    0,  942,  833,  443,  772,  483,  987,  813,  955,  883,  975,  764],
        [  822,  822,  649,  896,   94,  913,  893,  956,  649,  279,  934,  944,  778,  175,  577,  239,  197,  736,  386,  823,  832,  173,  429,  189,  765,  557, 1079,  635,  756, 1065,  663,  859,  274,  441, 1025,  586,  792,  929,  803,  687,  942,    0,  352,  648,  244,  682,  122,  224,  689,  537,  357,  182],
        [  689,  689,  302,  546,  262,  601,  576,  629,  639,   75,  772,  719,  537,  361,  310,  216,  320,  614,   84,  614,  482,  253,   95,  377,  541,  626,  846,  595,  760,  793,  583,  561,   86,  531,  746,  270,  565,  586,  637,  761,  833,  352,    0,  423,  466,  771,  284,  142,  345,  190,  142,  277],
        [  297,  297,  473,  511,  591,  334,  331,  411,  397,  466,  356,  303,  131,  531,  125,  409,  482,  247,  340,  192,  542,  639,  460,  533,  122,  487,  436,  335,  496,  422,  279,  262,  436,  469,  387,  223,  148,  454,  227,  577,  443,  648,  423,    0,  585,  602,  646,  454,  516,  441,  562,  474],
        [  674,  674,  758,  963,  295,  902,  889,  963,  452,  411,  795,  848,  710,  107,  561,  257,  147,  590,  454,  725,  925,  396,  559,   89,  684,  333,  982,  455,  542, 1002,  501,  836,  383,  223,  970,  612,  711,  964,  678,  454,  772,  244,  466,  585,    0,  445,  353,  328,  805,  651,  533,  189],
        [  470,  470,  993, 1105,  709,  923,  925, 1006,  213,  750,  580,  718,  671,  513,  667,  574,  514,  425,  715,  623, 1115,  810,  860,  496,  630,  146,  823,  273,  183,  909,  340,  849,  710,  251,  900,  765,  647, 1056,  528,   34,  483,  682,  771,  602,  445,    0,  776,  673, 1043,  913,  888,  554],
        [  857,  857,  563,  823,   69,  877,  853,  910,  717,  211,  961,  948,  773,  265,  557,  256,  266,  772,  340,  831,  748,   53,  343,  282,  767,  643, 1082,  694,  830, 1051,  710,  830,  223,  528, 1006,  544,  793,  870,  827,  778,  987,  122,  284,  646,  353,  776,    0,  193,  599,  454,  251,  233],
        [  677,  677,  442,  677,  145,  694,  672,  734,  572,   84,  777,  756,  581,  222,  366,  100,  186,  595,  162,  640,  620,  188,  233,  239,  575,  530,  889,  538,  692,  860,  543,  643,   57,  425,  816,  364,  601,  705,  641,  668,  813,  224,  142,  454,  328,  673,  193,    0,  487,  332,  218,  141],
        [  811,  811,   50,  258,  596,  470,  437,  446,  869,  414,  849,  726,  566,  702,  402,  549,  658,  761,  354,  666,  156,  555,  261,  718,  594,  902,  819,  812,  984,  711,  774,  474,  430,  829,  658,  297,  606,  354,  735, 1025,  955,  689,  345,  516,  805, 1043,  599,  487,    0,  155,  357,  617],
        [  736,  736,  112,  374,  445,  501,  471,  505,  753,  260,  794,  699,  522,  548,  318,  396,  504,  674,  206,  616,  296,  412,  112,  564,  541,  769,  810,  699,  871,  726,  670,  482,  275,  688,  674,  224,  559,  438,  668,  898,  883,  537,  190,  441,  651,  913,  454,  332,  155,    0,  225,  463],
        [  831,  831,  326,  597,  265,  707,  679,  722,  771,  139,  913,  854,  672,  428,  445,  315,  399,  755,  226,  752,  510,  202,  124,  446,  679,  743,  978,  730,  892,  915,  722,  676,  178,  641,  865,  388,  702,  662,  779,  880,  975,  357,  142,  562,  533,  888,  251,  218,  357,  225,    0,  353],
        [  641,  641,  571,  787,  164,  760,  743,  812,  485,  224,  752,  765,  604,   86,  417,   77,   46,  555,  271,  643,  742,  259,  370,  101,  588,  416,  901,  463,  598,  895,  485,  701,  194,  303,  856,  448,  615,  800,  621,  553,  764,  182,  277,  474,  189,  554,  233,  141,  617,  463,  353,    0]
    ]
}
