{
    "name": "random-45-31554",
    "comment": "size=45 seed=31554",
    "nodes": ["+0", "-0", "+1", "-1", "+2", "-2", "+3", "-3", "+4", "-4", "+5", "-5", "+6", "-6", "+7", "-7", "+8", "-8", "+9", "-9", "+10", "-10", "+11", "-11", "+12", "-12", "+13", "-13", "+14", "-14", "+15", "-15", "+16", "-16", "+17", "-17", "+18", "-18", "+19", "-19", "+20", "-20", "+21", "-21", "+22", "-22", "+23", "-23", "+24", "-24", "+25", "-25", "+26", "-26", "+27", "-27", "+28", "-28", "+29", "-29", "+30", "-30", "+31", "-31", "+32", "-32", "+33", "-33", "+34", "-34", "+35", "-35", "+36", "-36", "+37", "-37", "+38", "-38", "+39", "-39", "+40", "-40", "+41", "-41", "+42", "-42", "+43", "-43", "+44", "-44", "+45", "-45"],
    "precedence": {
        "+0": "-0",
        "+1": "-1",
        "+2": "-2",
        "+3": "-3",
        "+4": "-4",
        "+5": "-5",
        "+6": "-6",
        "+7": "-7",
        "+8": "-8",
        "+9": "-9",
        "+10": "-10",
        "+11": "-11",
        "+12": "-12",
        "+13": "-13",
        "+14": "-14",
        "+15": "-15",
        "+16": "-16",
        "+17": "-17",
        "+18": "-18",
        "+19": "-19",
        "+20": "-20",
        "+21": "-21",
        "+22": "-22",
        "+23": "-23",
        "+24": "-24",
        "+25": "-25",
        "+26": "-26",
        "+27": "-27",
        "+28": "-28",
        "+29": "-29",
        "+30": "-30",
        "+31": "-31",
        "+32": "-32",
        "+33": "-33",
        "+34": "-34",
        "+35": "-35",
        "+36": "-36",
        "+37": "-37",
        "+38": "-38",
        "+39": "-39",
        "+40": "-40",
        "+41": "-41",
        "+42": "-42",
        "+43": "-43",
        "+44": "-44",
        "+45": "-45"
    },
    "edges": [
        [    0,    0,  339,  270,  473,  376,  872,  899,  825,  952, 1143, 1018,  910,  930,  499,  683,  934,  481,  924,  353,  615,  954,  942,  541,  311,  782,  361,  616,  525,  761,  603,  847,  549,  662,  911,  712,  293,  897,  777,  403,  706,  897,  884,  386,  391,  449,  465,  484,  293,  508,  357,  400, 1005,  602, 1085,  548,  958,  464,  173,  700,  432,  187,  493,  217,  852,  902,  972, 1019,  240,  352,  643,  453,  757, 1176,  761,  528,  226,  578,  328,  394,  530,  781,  940,  542,  770,  197,  673,   77,   39,   77,   98,  799],
        [    0,    0,    0,    0,    0,    0,    0,    0,    0,    0,    0,    0,    0,    0,    0,    0,    0,    0,    0,    0,    0,    0,    0,    0,    0,    0,    0,    0,    0,    0,    0,    0,    0,    0,    0,    0,    0,    0,    0,    0,    0,    0,    0,    0,    0,    0,    0,    0,    0,    0,    0,    0,    0,    0,    0,    0,    0,    0,    0,    0,    0,    0,    0,    0,    0,    0,    0,    0,    0,    0,    0,    0,    0,    0,    0,    0,    0,    0,    0,    0,    0,    0,    0,    0,    0,    0,    0,    0,    0,    0,    0,    0],
        [  339,    0,    0,  133,  467,  309,  533,  818,  561,  805,  892,  817,  888,  757,  420,  350,  722,  394,  803,  410,  298,  726,  656,  494,  112,  778,  441,  568,  596,  742,  296,  720,  248,  351,  676,  379,   90,  602,  686,  186,  383,  843,  546,  221,  106,  496,  140,  262,  407,  297,  179,  298,  817,  553,  828,  431,  754,  546,  171,  685,  538,  303,  154,  297,  751,  614,  692,  847,  100,   37,  668,  160,  652,  902,  564,  199,  121,  248,  370,  408,  609,  541,  699,  203,  449,  320,  480,  359,  374,  273,  317,  485],
        [  270,    0,  133,    0,  347,  194,  634,  729,  560,  741,  885,  779,  782,  704,  317,  426,  689,  292,  728,  279,  349,  703,  674,  385,  206,  666,  309,  463,  468,  634,  335,  646,  280,  394,  656,  494,  173,  628,  598,  138,  507,  745,  651,  138,  235,  368,  210,  223,  275,  252,   98,  193,  773,  447,  824,  344,  717,  416,  108,  574,  406,  179,  265,  168,  668,  633,  705,  795,   95,  167,  548,  185,  568,  911,  520,  323,   72,  321,  239,  282,  481,  523,  684,  305,  573,  194,  432,  315,  309,  194,  216,  612],
        [  473,    0,  467,  347,    0,  158,  839,  427,  532,  503,  782,  608,  446,  502,  101,  608,  545,  115,  463,  126,  506,  582,  667,   79,  552,  323,  135,  144,  152,  295,  476,  394,  441,  518,  554,  748,  520,  647,  311,  312,  784,  425,  863,  259,  573,   75,  462,  301,  197,  286,  294,  177,  585,  132,  738,  161,  558,  135,  411,  233,  161,  288,  547,  261,  386,  637,  680,  584,  438,  504,  201,  401,  299,  848,  385,  619,  408,  527,  146,   80,  169,  460,  589,  563,  846,  277,  320,  548,  505,  420,  376,  891],
        [  376,    0,  309,  194,  158,    0,  714,  544,  491,  578,  786,  646,  590,  555,  130,  485,  565,  108,  555,  139,  385,  591,  621,  193,  398,  473,  173,  271,  296,  441,  359,  476,  314,  410,  552,  606,  366,  589,  415,  163,  637,  555,  735,  108,  415,  196,  313,  182,  186,  184,  138,   38,  631,  255,  733,  173,  587,  255,  273,  381,  260,  197,  395,  166,  488,  585,  644,  644,  287,  346,  359,  256,  389,  834,  392,  466,  259,  392,  111,  111,  311,  432,  584,  417,  701,  196,  307,  443,  412,  308,  285,  744],
        [  872,    0,  533,  634,  839,  714,    0,  987,  484,  875,  710,  777, 1119,  794,  747,  232,  692,  726,  915,  852,  334,  658,  453,  815,  581, 1056,  886,  860,  991, 1012,  364,  849,  402,  329,  615,  174,  588,  400,  880,  558,  220, 1042,   28,  610,  497,  900,  426,  540,  881,  554,  599,  680,  803,  848,  651,  708,  729,  963,  703,  974,  972,  811,  379,  794,  909,  430,  494,  858,  633,  521, 1003,  467,  838,  654,  641,  352,  651,  325,  818,  821, 1008,  540,  609,  333,  198,  825,  615,  883,  905,  805,  845,  224],
        [  899,    0,  818,  729,  427,  544,  987,    0,  520,  180,  569,  353,  160,  250,  415,  788,  364,  439,  108,  552,  701,  418,  619,  359,  923,  205,  554,  284,  437,  185,  672,  141,  670,  678,  431,  967,  893,  639,  133,  634, 1024,   70, 1014,  601,  916,  468,  751,  568,  621,  534,  645,  537,  312,  298,  558,  388,  346,  485,  816,  229,  526,  713,  835,  684,   79,  612,  603,  270,  824,  853,  315,  691,  169,  671,  346,  906,  799,  756,  572,  506,  445,  452,  458,  826, 1073,  703,  385,  973,  931,  842,  802, 1120],
        [  825,    0,  561,  560,  532,  491,  484,  520,    0,  392,  332,  305,  667,  311,  434,  332,  213,  429,  438,  611,  292,  190,  136,  472,  668,  632,  639,  479,  666,  588,  278,  380,  317,  242,  140,  511,  650,  126,  434,  423,  578,  582,  511,  441,  616,  606,  430,  342,  672,  320,  468,  455,  326,  473,  268,  372,  250,  665,  667,  568,  692,  675,  481,  645,  445,  108,  153,  377,  627,  581,  626,  402,  395,  352,  187,  531,  622,  360,  596,  560,  683,   79,  149,  445,  610,  678,  215,  875,  864,  749,  751,  655],
        [  952,    0,  805,  741,  503,  578,  875,  180,  392,    0,  390,  174,  337,   85,  454,  699,  201,  471,   73,  626,  627,  252,  467,  425,  916,  372,  637,  367,  559,  341,  602,  110,  614,  593,  277,  883,  889,  498,  205,  623,  945,  249,  902,  604,  893,  561,  712,  544,  698,  509,  647,  559,  133,  376,  382,  406,  175,  594,  840,  365,  634,  768,  788,  737,  143,  469,  445,   95,  832,  837,  453,  659,  205,  493,  256,  855,  812,  690,  636,  574,  570,  339,  298,  769,  986,  762,  329, 1020,  987,  886,  858, 1033],
        [ 1143,    0,  892,  885,  782,  786,  710,  569,  332,  390,    0,  217,  727,  327,  698,  633,  241,  702,  462,  886,  616,  200,  268,  708,  999,  752,  908,  681,  885,  716,  606,  463,  647,  563,  235,  794,  981,  328,  559,  748,  863,  638,  734,  758,  945,  854,  760,  663,  954,  636,  789,  754,  258,  683,   66,  634,  239,  904,  992,  725,  938,  980,  807,  949,  521,  303,  225,  306,  956,  911,  805,  732,  536,  110,  400,  850,  949,  683,  880,  831,  900,  362,  203,  767,  880,  981,  480, 1198, 1182, 1068, 1063,  919],
        [ 1018,    0,  817,  779,  608,  646,  777,  353,  305,  174,  217,    0,  511,  116,  538,  636,   98,  548,  246,  723,  586,  119,  336,  531,  928,  538,  741,  491,  693,  504,  566,  252,  592,  541,  166,  816,  905,  380,  351,  648,  883,  422,  803,  643,  890,  676,  702,  562,  795,  530,  682,  619,   43,  495,  211,  478,   64,  719,  885,  518,  756,  842,  767,  811,  307,  349,  304,   98,  863,  843,  601,  659,  335,  319,  260,  825,  849,  654,  725,  669,  707,  285,  168,  738,  915,  840,  348, 1081, 1056,  947,  930,  959],
        [  910,    0,  888,  782,  446,  590, 1119,  160,  667,  337,  727,  511,    0,  409,  469,  909,  522,  495,  266,  559,  816,  576,  772,  398,  985,  131,  551,  321,  400,  151,  785,  291,  775,  800,  586, 1083,  954,  788,  240,  709, 1136,   90, 1146,  667,  991,  462,  842,  657,  619,  626,  710,  592,  469,  337,  717,  463,  505,  458,  856,  213,  497,  730,  928,  704,  225,  763,  759,  424,  876,  924,  273,  780,  282,  829,  485, 1002,  848,  864,  588,  524,  402,  594,  615,  927, 1189,  717,  506,  986,  938,  863,  814, 1236],
        [  930,    0,  757,  704,  502,  555,  794,  250,  311,   85,  327,  116,  409,    0,  439,  625,  118,  452,  146,  620,  558,  170,  383,  423,  868,  425,  636,  378,  579,  389,  534,  137,  551,  521,  192,  808,  843,  413,  235,  579,  872,  320,  821,  566,  839,  567,  655,  496,  692,  462,  608,  531,   84,  383,  310,  383,   96,  608,  807,  402,  645,  749,  727,  718,  195,  385,  362,   92,  792,  786,  486,  605,  220,  424,  195,  791,  775,  623,  625,  566,  592,  262,  214,  705,  911,  745,  277,  995,  966,  861,  838,  957],
        [  499,    0,  420,  317,  101,  130,  747,  415,  434,  454,  698,  538,  469,  439,    0,  517,  465,   27,  427,  188,  414,  499,  570,   77,  517,  360,  211,  149,  248,  323,  384,  349,  352,  422,  466,  665,  486,  548,  285,  246,  706,  428,  771,  200,  524,  173,  390,  214,  258,  194,  242,  125,  519,  133,  650,   65,  483,  235,  402,  266,  258,  314,  477,  283,  359,  538,  584,  526,  412,  457,  266,  327,  261,  758,  298,  550,  386,  441,  188,  134,  265,  364,  501,  486,  766,  308,  226,  568,  534,  435,  404,  812],
        [  683,    0,  350,  426,  608,  485,  232,  788,  332,  699,  633,  636,  909,  625,  517,    0,  542,  495,  728,  623,  103,  521,  367,  586,  429,  836,  657,  635,  760,  792,  133,  655,  171,  110,  471,  184,  425,  307,  671,  332,  249,  837,  255,  383,  354,  669,  219,  309,  656,  324,  377,  450,  653,  622,  568,  481,  579,  732,  510,  751,  742,  597,  210,  577,  710,  330,  410,  702,  446,  351,  776,  247,  629,  612,  449,  228,  458,  106,  590,  591,  777,  363,  478,  159,  288,  609,  405,  708,  719,  611,  642,  335],
        [  934,    0,  722,  689,  545,  565,  692,  364,  213,  201,  241,   98,  522,  118,  465,  542,    0,  472,  263,  653,  489,   54,  268,  469,  833,  526,  674,  441,  645,  487,  469,  237,  495,  444,   79,  723,  810,  302,  326,  556,  790,  433,  719,  554,  793,  615,  606,  469,  723,  438,  591,  536,  113,  442,  208,  403,   38,  664,  795,  489,  699,  761,  670,  730,  301,  272,  245,  166,  770,  748,  567,  563,  299,  324,  174,  728,  757,  557,  651,  598,  659,  188,   97,  641,  823,  760,  261,  994,  972,  861,  847,  868],
        [  481,    0,  394,  292,  115,  108,  726,  439,  429,  471,  702,  548,  495,  452,   27,  495,  472,    0,  447,  185,  393,  503,  564,  103,  491,  387,  211,  175,  266,  350,  363,  368,  330,  403,  469,  641,  460,  540,  308,  219,  681,  454,  750,  173,  497,  185,  364,  190,  253,  172,  215,   99,  531,  160,  652,   71,  492,  247,  379,  293,  268,  298,  450,  267,  381,  531,  580,  540,  387,  430,  291,  301,  282,  759,  302,  524,  361,  418,  179,  133,  283,  361,  503,  461,  741,  294,  225,  550,  517,  415,  388,  787],
        [  924,    0,  803,  728,  463,  555,  915,  108,  438,   73,  462,  246,  266,  146,  427,  728,  263,  447,    0,  588,  650,  316,  525,  387,  912,  302,  596,  322,  504,  274,  622,   84,  628,  620,  334,  911,  884,  550,  154,  619,  971,  177,  942,  594,  895,  516,  720,  544,  660,  509,  637,  541,  205,  333,  452,  386,  241,  544,  823,  304,  584,  738,  800,  708,   82,  522,  506,  165,  821,  836,  392,  664,  168,  564,  280,  869,  799,  709,  602,  538,  514,  376,  359,  785, 1016,  731,  339,  995,  958,  861,  829, 1063],
        [  353,    0,  410,  279,  126,  139,  852,  552,  611,  626,  886,  723,  559,  620,  188,  623,  653,  185,  588,    0,  524,  686,  745,  202,  477,  431,   35,  269,  193,  409,  498,  517,  452,  548,  653,  738,  445,  716,  436,  296,  764,  545,  872,  243,  514,  100,  443,  320,   73,  319,  261,  176,  702,  257,  837,  252,  670,  138,  316,  347,  129,  172,  519,  150,  512,  710,  763,  704,  358,  445,  295,  389,  423,  943,  486,  587,  326,  529,   41,   55,  204,  545,  687,  546,  829,  159,  410,  428,  382,  306,  256,  871],
        [  615,    0,  298,  349,  506,  385,  334,  701,  292,  627,  616,  586,  816,  558,  414,  103,  489,  393,  650,  524,    0,  477,  364,  484,  395,  738,  558,  534,  657,  695,   32,  573,   74,   55,  426,  268,  384,  308,  580,  239,  324,  747,  357,  287,  332,  568,  159,  208,  561,  221,  286,  350,  597,  521,  551,  379,  525,  630,  443,  652,  641,  510,  191,  488,  624,  323,  403,  641,  385,  309,  674,  164,  539,  613,  372,  241,  391,   69,  493,  490,  674,  302,  440,  154,  373,  521,  316,  648,  652,  540,  564,  421],
        [  954,    0,  726,  703,  582,  591,  658,  418,  190,  252,  200,  119,  576,  170,  499,  521,   54,  503,  316,  686,  477,    0,  221,  509,  836,  578,  709,  486,  689,  539,  460,  290,  492,  430,   52,  700,  816,  262,  378,  567,  767,  487,  685,  571,  792,  654,  604,  481,  755,  452,  606,  560,  148,  486,  160,  435,   79,  705,  810,  539,  739,  786,  663,  755,  355,  231,  195,  205,  780,  750,  615,  566,  349,  275,  202,  717,  770,  546,  682,  632,  704,  185,   50,  631,  797,  786,  284, 1012,  993,  880,  871,  841],
        [  942,    0,  656,  674,  667,  621,  453,  619,  136,  467,  268,  336,  772,  383,  570,  367,  268,  564,  525,  745,  364,  221,    0,  607,  757,  751,  773,  611,  800,  708,  361,  481,  409,  310,  192,  526,  744,   61,  550,  539,  595,  685,  479,  564,  695,  741,  518,  463,  804,  446,  586,  585,  368,  606,  205,  507,  299,  800,  779,  693,  827,  800,  552,  772,  548,   42,   44,  426,  732,  670,  756,  502,  513,  250,  310,  590,  730,  428,  728,  695,  817,  211,  172,  509,  613,  805,  350,  987,  981,  866,  873,  654],
        [  541,    0,  494,  385,   79,  193,  815,  359,  472,  425,  708,  531,  398,  423,   77,  586,  469,  103,  387,  202,  484,  509,  607,    0,  588,  285,  214,   79,  195,  250,  454,  316,  425,  489,  482,  739,  556,  592,  237,  322,  781,  365,  840,  275,  598,  147,  466,  289,  274,  266,  315,  196,  506,   64,  665,  110,  481,  198,  462,  192,  231,  355,  553,  326,  312,  578,  617,  505,  479,  530,  191,  403,  222,  777,  314,  626,  451,  515,  216,  151,  212,  397,  518,  562,  841,  346,  258,  614,  574,  483,  445,  887],
        [  311,    0,  112,  206,  552,  398,  581,  923,  668,  916,  999,  928,  985,  868,  517,  429,  833,  491,  912,  477,  395,  836,  757,  588,    0,  870,  504,  665,  669,  837,  397,  829,  352,  449,  786,  413,   33,  702,  790,  294,  399,  944,  590,  323,   85,  570,  240,  373,  459,  408,  279,  393,  928,  649,  935,  535,  865,  615,  178,  778,  600,  339,  220,  343,  857,  716,  795,  959,  120,   88,  753,  270,  757, 1005,  676,  230,  152,  337,  437,  486,  681,  651,  808,  272,  462,  357,  591,  306,  338,  262,  322,  489],
        [  782,    0,  778,  666,  323,  473, 1056,  205,  632,  372,  752,  538,  131,  425,  360,  836,  526,  387,  302,  431,  738,  578,  751,  285,  870,    0,  422,  213,  270,   45,  707,  291,  689,  730,  577, 1003,  839,  757,  203,  605, 1051,  155, 1082,  559,  883,  334,  745,  562,  490,  534,  600,  480,  500,  229,  732,  367,  517,  328,  734,   94,  367,  603,  832,  578,  232,  735,  745,  466,  758,  815,  142,  682,  239,  847,  446,  906,  729,  780,  462,  399,  272,  555,  610,  836, 1107,  589,  445,  858,  809,  736,  686, 1154],
        [  361,    0,  441,  309,  135,  173,  886,  554,  639,  637,  908,  741,  551,  636,  211,  657,  674,  211,  596,   35,  558,  709,  773,  214,  504,  422,    0,  275,  172,  403,  531,  528,  487,  582,  677,  772,  472,  746,  443,  330,  798,  543,  907,  277,  544,   89,  476,  354,   69,  352,  295,  209,  718,  264,  861,  276,  689,  113,  339,  342,   98,  187,  553,  169,  518,  739,  791,  718,  385,  475,  283,  423,  433,  968,  508,  620,  352,  563,   72,   79,  181,  572,  711,  580,  863,  172,  435,  437,  387,  320,  265,  905],
        [  616,    0,  568,  463,  144,  271,  860,  284,  479,  367,  681,  491,  321,  378,  149,  635,  441,  175,  322,  269,  534,  486,  611,   79,  665,  213,  275,    0,  204,  175,  503,  258,  481,  532,  467,  795,  633,  603,  169,  392,  841,  287,  885,  348,  672,  195,  532,  350,  340,  323,  390,  272,  462,   16,  645,  157,  447,  230,  541,  121,  268,  430,  619,  401,  244,  586,  615,  453,  557,  605,  149,  469,  163,  759,  305,  693,  529,  571,  289,  222,  219,  401,  502,  625,  899,  420,  269,  689,  648,  560,  519,  945],
        [  525,    0,  596,  468,  152,  296,  991,  437,  666,  559,  885,  693,  400,  579,  248,  760,  645,  266,  504,  193,  657,  689,  800,  195,  669,  270,  172,  204,    0,  263,  628,  452,  592,  669,  668,  897,  637,  786,  354,  456,  931,  411, 1014,  402,  701,  101,  607,  452,  235,  437,  432,  321,  663,  204,  847,  301,  651,   62,  509,  210,   98,  358,  690,  340,  423,  772,  809,  649,  550,  632,  129,  548,  361,  961,  502,  761,  518,  677,  232,  189,   18,  590,  703,  710,  994,  342,  451,  601,  548,  489,  432, 1038],
        [  761,    0,  742,  634,  295,  441, 1012,  185,  588,  341,  716,  504,  151,  389,  323,  792,  487,  350,  274,  409,  695,  539,  708,  250,  837,   45,  403,  175,  263,    0,  664,  254,  647,  686,  536,  960,  805,  713,  162,  567, 1008,  148, 1038,  522,  846,  314,  705,  521,  472,  492,  564,  445,  466,  191,  693,  326,  479,  317,  705,   63,  357,  580,  792,  554,  199,  692,  703,  436,  727,  779,  135,  642,  196,  809,  402,  866,  698,  737,  438,  373,  268,  510,  569,  795, 1064,  567,  400,  837,  790,  713,  664, 1111],
        [  603,    0,  296,  335,  476,  359,  364,  672,  278,  602,  606,  566,  785,  534,  384,  133,  469,  363,  622,  498,   32,  460,  361,  454,  397,  707,  531,  503,  628,  664,    0,  544,   55,   60,  409,  298,  384,  307,  550,  218,  353,  717,  387,  263,  340,  539,  158,  180,  537,  191,  266,  323,  576,  490,  541,  348,  505,  602,  432,  620,  613,  491,  204,  468,  595,  319,  398,  618,  378,  310,  643,  151,  509,  609,  346,  260,  381,   90,  467,  463,  645,  282,  425,  173,  404,  501,  287,  639,  641,  528,  548,  451],
        [  847,    0,  720,  646,  394,  476,  849,  141,  380,  110,  463,  252,  291,  137,  349,  655,  237,  368,   84,  517,  573,  290,  481,  316,  829,  291,  528,  258,  452,  254,  544,    0,  548,  546,  296,  836,  801,  499,  101,  536,  895,  204,  876,  511,  812,  452,  638,  461,  590,  426,  555,  460,  216,  266,  442,  305,  227,  486,  742,  267,  525,  662,  719,  631,   67,  473,  468,  198,  739,  753,  352,  581,   96,  557,  209,  788,  717,  631,  529,  465,  464,  312,  326,  705,  942,  655,  259,  917,  882,  783,  752,  989],
        [  549,    0,  248,  280,  441,  314,  402,  670,  317,  614,  647,  592,  775,  551,  352,  171,  495,  330,  628,  452,   74,  492,  409,  425,  352,  689,  487,  481,  592,  647,   55,  548,    0,  114,  441,  315,  336,  357,  544,  166,  362,  710,  424,  214,  301,  500,  114,  140,  488,  160,  213,  279,  599,  467,  583,  325,  530,  562,  379,  600,  571,  438,  177,  416,  594,  368,  445,  638,  326,  265,  616,   97,  503,  655,  358,  242,  328,   91,  420,  421,  608,  309,  460,  158,  418,  449,  290,  586,  587,  473,  494,  465],
        [  662,    0,  351,  394,  518,  410,  329,  678,  242,  593,  563,  541,  800,  521,  422,  110,  444,  403,  620,  548,   55,  430,  310,  489,  449,  730,  582,  532,  669,  686,   60,  546,  114,    0,  379,  292,  437,  254,  562,  275,  353,  727,  354,  318,  386,  584,  212,  229,  590,  234,  323,  373,  555,  520,  498,  381,  481,  647,  491,  646,  661,  549,  245,  525,  600,  269,  349,  600,  436,  363,  676,  210,  520,  559,  340,  290,  440,  121,  520,  511,  686,  261,  390,  205,  397,  558,  295,  698,  700,  587,  607,  444],
        [  911,    0,  676,  656,  554,  552,  615,  431,  140,  277,  235,  166,  586,  192,  466,  471,   79,  469,  334,  653,  426,   52,  192,  482,  786,  577,  677,  467,  668,  536,  409,  296,  441,  379,    0,  651,  766,  224,  375,  520,  718,  498,  641,  526,  741,  627,  553,  434,  721,  406,  560,  520,  189,  465,  185,  401,  115,  680,  764,  531,  712,  746,  612,  715,  362,  194,  173,  244,  733,  700,  602,  517,  342,  295,  170,  666,  723,  494,  646,  599,  683,  136,   36,  579,  749,  746,  246,  967,  949,  836,  829,  794],
        [  712,    0,  379,  494,  748,  606,  174,  967,  511,  883,  794,  816, 1083,  808,  665,  184,  723,  641,  911,  738,  268,  700,  526,  739,  413, 1003,  772,  795,  897,  960,  298,  836,  315,  292,  651,    0,  423,  467,  848,  444,   70, 1014,  179,  498,  329,  800,  296,  451,  757,  474,  478,  577,  835,  781,  730,  639,  760,  861,  549,  914,  864,  672,  229,  660,  890,  494,  569,  884,  477,  361,  930,  351,  806,  758,  632,  185,  499,  225,  701,  716,  913,  547,  655,  193,  106,  687,  583,  718,  744,  650,  695,  154],
        [  293,    0,   90,  173,  520,  366,  588,  893,  650,  889,  981,  905,  954,  843,  486,  425,  810,  460,  884,  445,  384,  816,  744,  556,   33,  839,  472,  633,  637,  805,  384,  801,  336,  437,  766,  423,    0,  690,  761,  266,  414,  913,  598,  293,   99,  538,  226,  347,  428,  382,  249,  362,  904,  618,  918,  505,  842,  583,  150,  746,  568,  309,  218,  312,  828,  702,  781,  934,   88,   76,  721,  250,  728,  991,  651,  239,  121,  329,  405,  454,  649,  631,  789,  270,  478,  327,  566,  295,  322,  239,  297,  508],
        [  897,    0,  602,  628,  647,  589,  400,  639,  126,  498,  328,  380,  788,  413,  548,  307,  302,  540,  550,  716,  308,  262,   61,  592,  702,  757,  746,  603,  786,  713,  307,  499,  357,  254,  224,  467,  690,    0,  559,  495,  536,  702,  426,  523,  639,  721,  464,  423,  773,  409,  543,  551,  409,  597,  264,  488,  336,  781,  731,  694,  806,  761,  495,  734,  565,   31,  104,  465,  682,  616,  750,  452,  520,  308,  312,  530,  682,  371,  697,  668,  803,  204,  212,  450,  555,  767,  336,  940,  936,  821,  831,  597],
        [  777,    0,  686,  598,  311,  415,  880,  133,  434,  205,  559,  351,  240,  235,  285,  671,  326,  308,  154,  436,  580,  378,  550,  237,  790,  203,  443,  169,  354,  162,  550,  101,  544,  562,  375,  848,  761,  559,    0,  501,  902,  167,  907,  468,  784,  362,  621,  437,  507,  404,  512,  406,  316,  179,  533,  256,  321,  391,  686,  167,  431,  591,  706,  561,   76,  536,  543,  297,  692,  721,  252,  561,   43,  649,  249,  778,  668,  632,  452,  387,  366,  359,  407,  700,  953,  582,  267,  849,  810,  717,  681, 1001],
        [  403,    0,  186,  138,  312,  163,  558,  634,  423,  623,  748,  648,  709,  579,  246,  332,  556,  219,  619,  296,  239,  567,  539,  322,  294,  605,  330,  392,  456,  567,  218,  536,  166,  275,  520,  444,  266,  495,  501,    0,  475,  660,  578,   55,  284,  358,  152,   87,  325,  119,   49,  136,  644,  377,  687,  248,  585,  418,  245,  511,  421,  274,  235,  251,  566,  499,  570,  670,  215,  220,  506,   94,  467,  775,  390,  308,  203,  234,  261,  273,  472,  387,  547,  254,  538,  284,  303,  452,  442,  327,  337,  582],
        [  706,    0,  383,  507,  784,  637,  220, 1024,  578,  945,  863,  883, 1136,  872,  706,  249,  790,  681,  971,  764,  324,  767,  595,  781,  399, 1051,  798,  841,  931, 1008,  353,  895,  362,  353,  718,   70,  414,  536,  902,  475,    0, 1069,  217,  529,  316,  833,  324,  493,  777,  518,  504,  610,  901,  827,  799,  685,  827,  891,  549,  961,  892,  684,  246,  674,  947,  563,  639,  950,  477,  360,  971,  383,  861,  827,  692,  185,  502,  272,  726,  747,  946,  611,  723,  222,   67,  700,  640,  704,  735,  648,  698,  108],
        [  897,    0,  843,  745,  425,  555, 1042,   70,  582,  249,  638,  422,   90,  320,  428,  837,  433,  454,  177,  545,  747,  487,  685,  365,  944,  155,  543,  287,  411,  148,  717,  204,  710,  727,  498, 1014,  913,  702,  167,  660, 1069,    0, 1069,  622,  943,  455,  785,  600,  611,  567,  666,  553,  381,  302,  628,  412,  415,  463,  826,  204,  504,  712,  870,  685,  138,  677,  671,  338,  840,  878,  283,  724,  209,  740,  403,  943,  813,  799,  570,  504,  416,  511,  526,  866, 1120,  701,  433,  972,  927,  844,  800, 1167],
        [  884,    0,  546,  651,  863,  735,   28, 1014,  511,  902,  734,  803, 1146,  821,  771,  255,  719,  750,  942,  872,  357,  685,  479,  840,  590, 1082,  907,  885, 1014, 1038,  387,  876,  424,  354,  641,  179,  598,  426,  907,  578,  217, 1069,    0,  631,  505,  923,  443,  563,  901,  578,  618,  702,  830,  873,  675,  733,  755,  985,  716,  999,  994,  828,  393,  812,  936,  457,  519,  884,  646,  533, 1028,  487,  864,  677,  668,  360,  665,  345,  838,  843, 1031,  567,  636,  348,  187,  842,  641,  893,  917,  819,  860,  209],
        [  386,    0,  221,  138,  259,  108,  610,  601,  441,  604,  758,  643,  667,  566,  200,  383,  554,  173,  594,  243,  287,  571,  564,  275,  323,  559,  277,  348,  402,  522,  263,  511,  214,  318,  526,  498,  293,  523,  468,   55,  529,  622,  631,    0,  324,  304,  206,  101,  275,  122,   45,   83,  636,  332,  699,  213,  581,  363,  242,  466,  367,  238,  289,  212,  536,  525,  591,  658,  228,  257,  456,  148,  436,  792,  384,  361,  209,  287,  208,  218,  418,  396,  555,  309,  593,  245,  295,  442,  425,  311,  310,  637],
        [  391,    0,  106,  235,  573,  415,  497,  916,  616,  893,  945,  890,  991,  839,  524,  354,  793,  497,  895,  514,  332,  792,  695,  598,   85,  883,  544,  672,  701,  846,  340,  812,  301,  386,  741,  329,   99,  639,  784,  284,  316,  943,  505,  324,    0,  601,  188,  352,  506,  387,  283,  403,  894,  656,  880,  531,  827,  651,  243,  789,  641,  395,  146,  393,  847,  655,  735,  928,  173,   70,  774,  235,  748,  945,  645,  146,  204,  269,  474,  514,  714,  608,  760,  196,  380,  412,  564,  390,  420,  336,  392,  409],
        [  449,    0,  496,  368,   75,  196,  900,  468,  606,  561,  854,  676,  462,  567,  173,  669,  615,  185,  516,  100,  568,  654,  741,  147,  570,  334,   89,  195,  101,  314,  539,  452,  500,  584,  627,  800,  538,  721,  362,  358,  833,  455,  923,  304,  601,    0,  509,  360,  158,  350,  332,  224,  650,  186,  810,  235,  627,   64,  414,  253,   87,  271,  591,  249,  436,  710,  755,  645,  452,  532,  196,  451,  356,  921,  458,  662,  420,  583,  136,   88,  115,  534,  662,  612,  896,  257,  394,  525,  476,  405,  353,  940],
        [  465,    0,  140,  210,  462,  313,  426,  751,  430,  712,  760,  702,  842,  655,  390,  219,  606,  364,  720,  443,  159,  604,  518,  466,  240,  745,  476,  532,  607,  705,  158,  638,  114,  212,  553,  296,  226,  464,  621,  152,  324,  785,  443,  206,  188,  509,    0,  186,  462,  218,  182,  287,  707,  517,  696,  380,  640,  568,  292,  653,  569,  386,   87,  370,  678,  477,  556,  743,  229,  153,  654,   64,  583,  766,  461,  161,  239,  114,  405,  423,  623,  420,  573,  104,  388,  399,  384,  493,  501,  392,  424,  431],
        [  484,    0,  262,  223,  301,  182,  540,  568,  342,  544,  663,  562,  657,  496,  214,  309,  469,  190,  544,  320,  208,  481,  463,  289,  373,  562,  354,  350,  452,  521,  180,  461,  140,  229,  434,  451,  347,  423,  437,   87,  493,  600,  563,  101,  352,  360,  186,    0,  364,   36,  127,  145,  559,  335,  603,  195,  499,  423,  330,  470,  434,  339,  272,  312,  497,  424,  491,  587,  301,  294,  479,  124,  399,  693,  305,  346,  289,  228,  292,  284,  468,  301,  462,  275,  552,  345,  219,  536,  523,  408,  411,  598],
        [  293,    0,  407,  275,  197,  186,  881,  621,  672,  698,  954,  795,  619,  692,  258,  656,  723,  253,  660,   73,  561,  755,  804,  274,  459,  490,   69,  340,  235,  472,  537,  590,  488,  590,  721,  757,  428,  773,  507,  325,  777,  611,  901,  275,  506,  158,  462,  364,    0,  368,  283,  223,  774,  328,  904,  321,  740,  174,  287,  411,  148,  127,  532,  116,  583,  769,  825,  777,  340,  440,  351,  414,  495, 1009,  554,  595,  307,  557,   77,  127,  242,  609,  754,  564,  843,  110,  476,  369,  319,  256,  198,  883],
        [  508,    0,  297,  252,  286,  184,  554,  534,  320,  509,  636,  530,  626,  462,  194,  324,  438,  172,  509,  319,  221,  452,  446,  266,  408,  534,  352,  323,  437,  492,  191,  426,  160,  234,  406,  474,  382,  409,  404,  119,  518,  567,  578,  122,  387,  350,  218,   36,  368,    0,  155,  146,  526,  309,  578,  167,  467,  413,  359,  443,  427,  355,  304,  327,  462,  407,  471,  553,  333,  328,  457,  158,  366,  671,  272,  377,  320,  250,  294,  278,  454,  274,  434,  303,  576,  360,  185,  562,  547,  432,  431,  623],
        [  357,    0,  179,   98,  294,  138,  599,  645,  468,  647,  789,  682,  710,  608,  242,  377,  591,  215,  637,  261,  286,  606,  586,  315,  279,  600,  295,  390,  432,  564,  266,  555,  213,  323,  560,  478,  249,  543,  512,   49,  504,  666,  618,   45,  283,  332,  182,  127,  283,  155,    0,  121,  675,  374,  730,  257,  620,  389,  205,  507,  389,  226,  260,  203,  580,  546,  616,  699,  185,  215,  493,  132,  480,  820,  423,  330,  168,  275,  224,  245,  447,  428,  588,  286,  569,  236,  334,  409,  396,  281,  289,  611],
        [  400,    0,  298,  193,  177,   38,  680,  537,  455,  559,  754,  619,  592,  531,  125,  450,  536,   99,  541,  176,  350,  560,  585,  196,  393,  480,  209,  272,  321,  445,  323,  460,  279,  373,  520,  577,  362,  551,  406,  136,  610,  553,  702,   83,  403,  224,  287,  145,  223,  146,  121,    0,  606,  256,  700,  155,  560,  285,  283,  387,  293,  227,  371,  196,  477,  548,  608,  622,  288,  335,  374,  227,  377,  800,  363,  443,  263,  360,  149,  142,  337,  398,  552,  389,  673,  227,  277,  464,  437,  330,  312,  717],
        [ 1005,    0,  817,  773,  585,  631,  803,  312,  326,  133,  258,   43,  469,   84,  519,  653,  113,  531,  205,  702,  597,  148,  368,  506,  928,  500,  718,  462,  663,  466,  576,  216,  599,  555,  189,  835,  904,  409,  316,  644,  901,  381,  830,  636,  894,  650,  707,  559,  774,  526,  675,  606,    0,  467,  253,  461,   76,  691,  877,  483,  729,  827,  775,  795,  268,  379,  339,   59,  858,  845,  567,  661,  303,  362,  254,  835,  843,  664,  706,  648,  676,  295,  198,  748,  935,  824,  342, 1070, 1043,  935,  915,  980],
        [  602,    0,  553,  447,  132,  255,  848,  298,  473,  376,  683,  495,  337,  383,  133,  622,  442,  160,  333,  257,  521,  486,  606,   64,  649,  229,  264,   16,  204,  191,  490,  266,  467,  520,  465,  781,  618,  597,  179,  377,  827,  302,  873,  332,  656,  186,  517,  335,  328,  309,  374,  256,  467,    0,  644,  143,  450,  225,  525,  136,  263,  416,  604,  387,  255,  580,  611,  460,  541,  589,  158,  454,  171,  758,  301,  678,  514,  557,  275,  209,  219,  396,  501,  610,  885,  406,  261,  676,  634,  545,  505,  931],
        [ 1085,    0,  828,  824,  738,  733,  651,  558,  268,  382,   66,  211,  717,  310,  650,  568,  208,  652,  452,  837,  551,  160,  205,  665,  935,  732,  861,  645,  847,  693,  541,  442,  583,  498,  185,  730,  918,  264,  533,  687,  799,  628,  675,  699,  880,  810,  696,  603,  904,  578,  730,  700,  253,  644,    0,  586,  216,  862,  932,  697,  895,  925,  742,  895,  503,  239,  162,  308,  894,  848,  774,  670,  507,  116,  353,  785,  888,  618,  829,  783,  863,  305,  150,  702,  817,  927,  428, 1138, 1124, 1010, 1006,  857],
        [  548,    0,  431,  344,  161,  173,  708,  388,  372,  406,  634,  478,  463,  383,   65,  481,  403,   71,  386,  252,  379,  435,  507,  110,  535,  367,  276,  157,  301,  326,  348,  305,  325,  381,  401,  639,  505,  488,  256,  248,  685,  412,  733,  213,  531,  235,  380,  195,  321,  167,  257,  155,  461,  143,  586,    0,  421,  294,  438,  277,  321,  367,  466,  336,  325,  476,  521,  472,  438,  467,  296,  317,  225,  693,  234,  540,  414,  415,  249,  198,  318,  300,  436,  469,  742,  363,  161,  616,  585,  481,  456,  789],
        [  958,    0,  754,  717,  558,  587,  729,  346,  250,  175,  239,   64,  505,   96,  483,  579,   38,  492,  241,  670,  525,   79,  299,  481,  865,  517,  689,  447,  651,  479,  505,  227,  530,  481,  115,  760,  842,  336,  321,  585,  827,  415,  755,  581,  827,  627,  640,  499,  740,  467,  620,  560,   76,  450,  216,  421,    0,  673,  823,  486,  709,  784,  705,  752,  288,  306,  273,  130,  800,  780,  567,  596,  298,  331,  198,  764,  786,  593,  669,  615,  665,  224,  127,  677,  860,  782,  287, 1020,  996,  886,  871,  905],
        [  464,    0,  546,  416,  135,  255,  963,  485,  665,  594,  904,  719,  458,  608,  235,  732,  664,  247,  544,  138,  630,  705,  800,  198,  615,  328,  113,  230,   62,  317,  602,  486,  562,  647,  680,  861,  583,  781,  391,  418,  891,  463,  985,  363,  651,   64,  568,  423,  174,  413,  389,  285,  691,  225,  862,  294,  673,    0,  452,  260,   41,  298,  648,  281,  463,  770,  812,  682,  495,  582,  186,  511,  392,  974,  512,  718,  463,  644,  178,  145,   69,  592,  715,  671,  955,  282,  452,  540,  487,  429,  371,  999],
        [  173,    0,  171,  108,  411,  273,  703,  816,  667,  840,  992,  885,  856,  807,  402,  510,  795,  379,  823,  316,  443,  810,  779,  462,  178,  734,  339,  541,  509,  705,  432,  742,  379,  491,  764,  549,  150,  731,  686,  245,  549,  826,  716,  242,  243,  414,  292,  330,  287,  359,  205,  283,  877,  525,  932,  438,  823,  452,    0,  644,  432,  163,  324,  172,  759,  738,  811,  898,   73,  190,  606,  282,  659, 1018,  625,  366,   53,  405,  279,  337,  519,  631,  791,  371,  615,  182,  537,  209,  210,  103,  150,  648],
        [  700,    0,  685,  574,  233,  381,  974,  229,  568,  365,  725,  518,  213,  402,  266,  751,  489,  293,  304,  347,  652,  539,  693,  192,  778,   94,  342,  121,  210,   63,  620,  267,  600,  646,  531,  914,  746,  694,  167,  511,  961,  204,  999,  466,  789,  253,  653,  470,  411,  443,  507,  387,  483,  136,  697,  277,  486,  260,  644,    0,  301,  518,  739,  492,  224,  674,  692,  459,  666,  721,   89,  590,  191,  813,  384,  813,  637,  691,  376,  311,  217,  490,  565,  745, 1018,  505,  369,  775,  728,  651,  603, 1065],
        [  432,    0,  538,  406,  161,  260,  972,  526,  692,  634,  938,  756,  497,  645,  258,  742,  699,  268,  584,  129,  641,  739,  827,  231,  600,  367,   98,  268,   98,  357,  613,  525,  571,  661,  712,  864,  568,  806,  431,  421,  892,  504,  994,  367,  641,   87,  569,  434,  148,  427,  389,  293,  729,  263,  895,  321,  709,   41,  432,  301,    0,  274,  647,  260,  503,  796,  841,  721,  481,  572,  225,  514,  431, 1007,  543,  716,  448,  651,  169,  151,  100,  620,  748,  673,  957,  257,  481,  508,  454,  402,  341,  999],
        [  187,    0,  303,  179,  288,  197,  811,  713,  675,  768,  980,  842,  730,  749,  314,  597,  761,  298,  738,  172,  510,  786,  800,  355,  339,  603,  187,  430,  358,  580,  491,  662,  438,  549,  746,  672,  309,  761,  591,  274,  684,  712,  828,  238,  395,  271,  386,  339,  127,  355,  226,  227,  827,  416,  925,  367,  784,  298,  163,  518,  274,    0,  444,   32,  666,  762,  826,  838,  223,  332,  467,  351,  571, 1023,  588,  500,  192,  492,  143,  209,  367,  622,  777,  483,  750,   19,  503,  260,  220,  134,   91,  788],
        [  493,    0,  154,  265,  547,  395,  379,  835,  481,  788,  807,  767,  928,  727,  477,  210,  670,  450,  800,  519,  191,  663,  552,  553,  220,  832,  553,  619,  690,  792,  204,  719,  177,  245,  612,  229,  218,  495,  706,  235,  246,  870,  393,  289,  146,  591,   87,  272,  532,  304,  260,  371,  775,  604,  742,  466,  705,  648,  324,  739,  647,  444,    0,  432,  761,  512,  593,  814,  254,  146,  740,  150,  667,  802,  534,   74,  273,  125,  481,  504,  705,  483,  628,   52,  311,  459,  462,  509,  527,  426,  468,  352],
        [  217,    0,  297,  168,  261,  166,  794,  684,  645,  737,  949,  811,  704,  718,  283,  577,  730,  267,  708,  150,  488,  755,  772,  326,  343,  578,  169,  401,  340,  554,  468,  631,  416,  525,  715,  660,  312,  734,  561,  251,  674,  685,  812,  212,  393,  249,  370,  312,  116,  327,  203,  196,  795,  387,  895,  336,  752,  281,  172,  492,  260,   32,  432,    0,  636,  733,  797,  806,  225,  329,  444,  331,  541,  993,  557,  491,  193,  474,  117,  182,  349,  592,  747,  469,  741,   34,  472,  289,  251,  160,  122,  779],
        [  852,    0,  751,  668,  386,  488,  909,   79,  445,  143,  521,  307,  225,  195,  359,  710,  301,  381,   82,  512,  624,  355,  548,  312,  857,  232,  518,  244,  423,  199,  595,   67,  594,  600,  362,  890,  828,  565,   76,  566,  947,  138,  936,  536,  847,  436,  678,  497,  583,  462,  580,  477,  268,  255,  503,  325,  288,  463,  759,  224,  503,  666,  761,  636,    0,  539,  535,  238,  762,  785,  311,  619,  101,  618,  268,  832,  738,  679,  528,  463,  433,  375,  392,  751,  995,  658,  308,  924,  886,  791,  756, 1043],
        [  902,    0,  614,  633,  637,  585,  430,  612,  108,  469,  303,  349,  763,  385,  538,  330,  272,  531,  522,  710,  323,  231,   42,  578,  716,  735,  739,  586,  772,  692,  319,  473,  368,  269,  194,  494,  702,   31,  536,  499,  563,  677,  457,  525,  655,  710,  477,  424,  769,  407,  546,  548,  379,  580,  239,  476,  306,  770,  738,  674,  796,  762,  512,  733,  539,    0,   81,  435,  691,  629,  733,  461,  497,  291,  291,  551,  689,  388,  693,  661,  789,  186,  182,  469,  583,  767,  322,  947,  941,  826,  834,  625],
        [  972,    0,  692,  705,  680,  644,  494,  603,  153,  445,  225,  304,  759,  362,  584,  410,  245,  580,  506,  763,  403,  195,   44,  617,  795,  745,  791,  615,  809,  703,  398,  468,  445,  349,  173,  569,  781,  104,  543,  570,  639,  671,  519,  591,  735,  755,  556,  491,  825,  471,  616,  608,  339,  611,  162,  521,  273,  812,  811,  692,  841,  826,  593,  797,  535,   81,    0,  397,  766,  708,  758,  537,  507,  211,  312,  631,  764,  468,  748,  712,  825,  221,  148,  550,  656,  830,  361, 1020, 1011,  896,  901,  697],
