{
    "name": "random-4-24766",
    "comment": "size=4 seed=24766",
    "nodes": ["+0", "-0", "+1", "-1", "+2", "-2", "+3", "-3", "+4", "-4"],
    "precedence": {
        "+0": "-0",
        "+1": "-1",
        "+2": "-2",
        "+3": "-3",
        "+4": "-4"
    },
    "edges": [
        [    0,    0,  714,  833,  393,  533,  151,  558,  534,  449],
        [    0,    0,  714,  833,  393,  533,  151,  558,  534,  449],
        [  714,  714,    0,  160,  326,  479,  604,  777,  236,  755],
        [  833,  833,  160,    0,  440,  494,  708,  936,  394,  794],
        [  393,  393,  326,  440,    0,  315,  279,  627,  216,  491],
        [  533,  533,  479,  494,  315,    0,  383,  926,  503,  307],
        [  151,  151,  604,  708,  279,  383,    0,  632,  460,  344],
        [  558,  558,  777,  936,  627,  926,  632,    0,  546,  975],
        [  534,  534,  236,  394,  216,  503,  460,  546,    0,  706],
        [  449,  449,  755,  794,  491,  307,  344,  975,  706,    0]
    ]
}
