{
    "name": "random-92-1393",
    "comment": "size=92 seed=1393",
    "nodes": ["+0", "-0", "+1", "-1", "+2", "-2", "+3", "-3", "+4", "-4", "+5", "-5", "+6", "-6", "+7", "-7", "+8", "-8", "+9", "-9", "+10", "-10", "+11", "-11", "+12", "-12", "+13", "-13", "+14", "-14", "+15", "-15", "+16", "-16", "+17", "-17", "+18", "-18", "+19", "-19", "+20", "-20", "+21", "-21", "+22", "-22", "+23", "-23", "+24", "-24", "+25", "-25", "+26", "-26", "+27", "-27", "+28", "-28", "+29", "-29", "+30", "-30", "+31", "-31", "+32", "-32", "+33", "-33", "+34", "-34", "+35", "-35", "+36", "-36", "+37", "-37", "+38", "-38", "+39", "-39", "+40", "-40", "+41", "-41", "+42", "-42", "+43", "-43", "+44", "-44", "+45", "-45", "+46", "-46", "+47", "-47", "+48", "-48", "+49", "-49", "+50", "-50", "+51", "-51", "+52", "-52", "+53", "-53", "+54", "-54", "+55", "-55", "+56", "-56", "+57", "-57", "+58", "-58", "+59", "-59", "+60", "-60", "+61", "-61", "+62", "-62", "+63", "-63", "+64", "-64", "+65", "-65", "+66", "-66", "+67", "-67", "+68", "-68", "+69", "-69", "+70", "-70", "+71", "-71", "+72", "-72", "+73", "-73", "+74", "-74", "+75", "-75", "+76", "-76", "+77", "-77", "+78", "-78", "+79", "-79", "+80", "-80", "+81", "-81", "+82", "-82", "+83", "-83", "+84", "-84", "+85", "-85", "+86", "-86", "+87", "-87", "+88", "-88", "+89", "-89", "+90", "-90", "+91", "-91", "+92", "-92"],
    "precedence": {
        "+0": "-0",
        "+1": "-1",
        "+2": "-2",
        "+3": "-3",
        "+4": "-4",
        "+5": "-5",
        "+6": "-6",
        "+7": "-7",
        "+8": "-8",
        "+9": "-9",
        "+10": "-10",
        "+11": "-11",
        "+12": "-12",
        "+13": "-13",
        "+14": "-14",
        "+15": "-15",
        "+16": "-16",
        "+17": "-17",
        "+18": "-18",
        "+19": "-19",
        "+20": "-20",
        "+21": "-21",
        "+22": "-22",
        "+23": "-23",
        "+24": "-24",
        "+25": "-25",
        "+26": "-26",
        "+27": "-27",
        "+28": "-28",
        "+29": "-29",
        "+30": "-30",
        "+31": "-31",
        "+32": "-32",
        "+33": "-33",
        "+34": "-34",
        "+35": "-35",
        "+36": "-36",
        "+37": "-37",
        "+38": "-38",
        "+39": "-39",
        "+40": "-40",
        "+41": "-41",
        "+42": "-42",
        "+43": "-43",
        "+44": "-44",
        "+45": "-45",
        "+46": "-46",
        "+47": "-47",
        "+48": "-48",
        "+49": "-49",
        "+50": "-50",
        "+51": "-51",
        "+52": "-52",
        "+53": "-53",
        "+54": "-54",
        "+55": "-55",
        "+56": "-56",
        "+57": "-57",
        "+58": "-58",
        "+59": "-59",
        "+60": "-60",
        "+61": "-61",
        "+62": "-62",
        "+63": "-63",
        "+64": "-64",
        "+65": "-65",
        "+66": "-66",
        "+67": "-67",
        "+68": "-68",
        "+69": "-69",
        "+70": "-70",
        "+71": "-71",
        "+72": "-72",
        "+73": "-73",
        "+74": "-74",
        "+75": "-75",
        "+76": "-76",
        "+77": "-77",
        "+78": "-78",
        "+79": "-79",
        "+80": "-80",
        "+81": "-81",
        "+82": "-82",
        "+83": "-83",
        "+84": "-84",
        "+85": "-85",
        "+86": "-86",
        "+87": "-87",
        "+88": "-88",
        "+89": "-89",
        "+90": "-90",
        "+91": "-91",
        "+92": "-92"
    },
    "edges": [
        [    0,    0,  286,  614,  568,  477,  627,  409,  434,  484,  430,  273,  826,   67,  284,  651,  245,  367,  619,  748,  553,  431,  626,  768,  169,  432,  388,  366,  590,   84,  386,  506,  757,  558,  468,   69,  453,  487,  453,  135,  107,  813,  904,  166,  567,  282,  616,  208,  331,  397,  798,  605,  324,  738,  204,  694,  155,  636,  163,  619,  585,  794,  305,  382,  889,  514,  406,  861,  727,  128,  400,  353,  233,  176,  412,  390,   61,  412,  681,  318,  442,  687,  210,  224,  296,  376,  693,  295,  471,  691,  744,  308,  407,  757,  553,  481,  826,  915,  162,  647,  393,  764,  148,  442,  608,  828,  299,  156,   59,  669,  308,  636,  933,  622,  299,  264,  386,  119,  782,  838,  453,  691,  742,  569,  813,  655,  576,  516,  472,  322,  487,  653,  678,  444,  300,  697,  543,  889,  571,  606,  768,  823,  591,  369,  163,  453,  280,  279,  335,  910,  901,  514,  590,  855,   42,  683,   90,  894,  558,  592,  394,  378,  252,  135,  693,  590,  733,  329,  302,  403,  672,  563,  488,  553,  550,  621,  457,  406,  532,  662,  880,  745,  848,  417,  431,  757],
        [    0,    0,    0,    0,    0,    0,    0,    0,    0,    0,    0,    0,    0,    0,    0,    0,    0,    0,    0,    0,    0,    0,    0,    0,    0,    0,    0,    0,    0,    0,    0,    0,    0,    0,    0,    0,    0,    0,    0,    0,    0,    0,    0,    0,    0,    0,    0,    0,    0,    0,    0,    0,    0,    0,    0,    0,    0,    0,    0,    0,    0,    0,    0,    0,    0,    0,    0,    0,    0,    0,    0,    0,    0,    0,    0,    0,    0,    0,    0,    0,    0,    0,    0,    0,    0,    0,    0,    0,    0,    0,    0,    0,    0,    0,    0,    0,    0,    0,    0,    0,    0,    0,    0,    0,    0,    0,    0,    0,    0,    0,    0,    0,    0,    0,    0,    0,    0,    0,    0,    0,    0,    0,    0,    0,    0,    0,    0,    0,    0,    0,    0,    0,    0,    0,    0,    0,    0,    0,    0,    0,    0,    0,    0,    0,    0,    0,    0,    0,    0,    0,    0,    0,    0,    0,    0,    0,    0,    0,    0,    0,    0,    0,    0,    0,    0,    0,    0,    0,    0,    0,    0,    0,    0,    0,    0,    0,    0,    0,    0,    0,    0,    0,    0,    0,    0,    0],
        [  286,    0,    0,  331,  412,  498,  378,  491,  572,  299,  406,  491,  541,  334,  510,  514,  487,  539,  439,  497,  563,  264,  381,  486,  388,  487,  431,  596,  411,  230,  112,  424,  616,  304,  187,  314,  439,  490,  601,  311,  290,  565,  621,  417,  295,  224,  331,  463,  573,  114,  573,  397,  126,  539,  391,  414,  133,  367,  361,  348,  306,  512,  392,  370,  720,  482,  495,  644,  557,  313,  619,  471,  245,  438,  217,  467,  312,  403,  410,  563,  446,  423,  277,  428,  140,  588,  440,  390,  291,  455,  461,  115,  340,  472,  369,  455,  603,  631,  308,  435,  393,  479,  156,  181,  395,  564,  414,  130,  282,  391,  425,  352,  652,  379,  205,  115,  378,  374,  629,  569,  294,  493,  615,  285,  546,  549,  344,  247,  466,  226,  506,  371,  411,  646,  469,  444,  444,  731,  304,  321,  580,  564,  328,  594,  402,  619,  515,  238,   54,  632,  627,  414,  319,  570,  325,  399,  363,  714,  316,  452,  349,   93,  302,  155,  428,  353,  622,  343,  340,  221,  571,  297,  482,  457,  505,  386,  504,  578,  247,  401,  696,  464,  663,  132,  311,  548],
        [  614,    0,  331,    0,  401,  656,  194,  752,  806,  316,  617,  783,  221,  665,  804,  489,  791,  801,  374,  342,  696,  340,  205,  156,  712,  732,  680,  887,  362,  560,  232,  506,  552,  248,  177,  634,  584,  700,  839,  614,  600,  315,  315,  730,  181,  488,   31,  775,  873,  229,  374,  388,  357,  401,  683,   95,  460,  205,  662,  188,  134,  220,  631,  544,  592,  664,  760,  447,  467,  637,  901,  709,  502,  755,  301,  728,  643,  626,  215,  865,  666,  163,  547,  721,  363,  868,  209,  634,  394,  358,  130,  365,  539,  145,  337,  649,  400,  317,  601,  399,  568,  169,  484,  243,  291,  349,  663,  460,  612,  165,  674,  101,  359,  209,  456,  376,  609,  703,  544,  336,  423,  371,  573,   47,  323,  554,  230,  197,  673,  462,  724,   45,  233,  915,  739,  304,  573,  619,  202,   47,  451,  286,  134,  882,  729,  868,  814,  465,  286,  353,  369,  480,   99,  242,  655,   70,  693,  569,  282,  447,  504,  238,  552,  485,  249,  305,  602,  551,  610,  375,  578,  123,  621,  585,  597,  324,  684,  836,   88,  253,  548,  138,  519,  204,  475,  389],
        [  568,    0,  412,  401,    0,  312,  230,  893,  512,  116,  817,  583,  579,  634,  605,  104,  617,  544,   68,  735,  324,  151,  219,  468,  727,  894,  838,  666,   51,  568,  337,  138,  204,  589,  447,  542,  248,  902,  543,  481,  489,  337,  681,  590,  536,  634,  429,  623,  673,  419,  273,  727,  529,  186,  504,  396,  453,  588,  508,  567,  505,  609,  385,  256,  322,  891,  896,  317,  159,  662,  664,  439,  343,  620,  196,  870,  623,  815,  609,  671,  857,  310,  382,  536,  295,  632,  273,  395,  666,  734,  467,  522,  749,  498,   65,  865,  294,  671,  452,  752,  269,  550,  520,  504,  129,  750,  422,  466,  602,  562,  427,  497,  734,  213,  616,  333,  789,  686,  221,  736,  681,  146,  205,  391,  724,  157,  174,  518,  877,  637,  917,  400,  625,  653,  508,  690,  841,  326,  557,  438,  204,  378,  271,  658,  728,  583,  623,  293,  420,  738,  763,  109,  304,  569,  605,  440,  656,  327,  619,   48,  216,  381,  355,  501,  642,  653,  219,  298,  745,  609,  181,  279,  268,  854,  214,  681,  353,  567,  397,  637,  313,  438,  282,  404,  711,  214],
        [  477,    0,  498,  656,  312,    0,  525,  878,  213,  345,  859,  349,  862,  535,  367,  316,  397,  269,  377,  951,   77,  317,  515,  758,  643,  894,  844,  402,  362,  523,  492,  174,  395,  773,  628,  420,   72,  932,  241,  346,  371,  648,  963,  409,  738,  674,  678,  422,  423,  569,  577,  888,  620,  482,  313,  680,  448,  804,  341,  782,  723,  876,  177,  129,  540,  942,  876,  608,  418,  602,  387,  175,  275,  435,  361,  857,  537,  847,  837,  426,  885,  608,  275,  328,  362,  360,  578,  189,  788,  929,  751,  606,  809,  779,  357,  911,  594,  958,  317,  923,  106,  821,  516,  659,  434,  991,  198,  465,  531,  798,  195,  737, 1012,  509,  671,  384,  820,  585,  432,  984,  789,  450,  362,  630,  967,  271,  460,  703,  912,  697,  939,  669,  847,  362,  263,  900,  931,  523,  755,  681,  480,  690,  544,  391,  631,  283,  388,  262,  535, 1008, 1024,  204,  570,  861,  499,  711,  546,  563,  795,  292,  158,  526,  232,  490,  865,  832,  332,  162,  749,  717,  274,  540,   45,  943,  125,  864,   47,  279,  619,  849,  559,  728,  535,  568,  798,  514],
        [  627,    0,  378,  194,  230,  525,    0,  858,  706,  188,  746,  729,  350,  687,  752,  304,  750,  719,  188,  535,  549,  235,   13,  239,  758,  847,  792,  825,  184,  595,  269,  357,  360,  426,  310,  626,  454,  831,  738,  584,  580,  189,  451,  703,  362,  586,  224,  744,  822,  321,  204,  569,  458,  210,  635,  167,  479,  397,  625,  378,  320,  383,  548,  435,  403,  806,  864,  279,  273,  685,  832,  618,  450,  731,  226,  834,  669,  750,  408,  816,  792,   83,  497,  672,  333,  799,   67,  554,  547,  550,  238,  459,  670,  269,  172,  786,  234,  442,  563,  585,  456,  324,  527,  380,  105,  535,  584,  485,  642,  358,  593,  294,  505,   18,  559,  364,  728,  734,  350,  517,  571,  178,  383,  203,  508,  373,   66,  362,  805,  573,  852,  180,  427,  833,  668,  497,  730,  428,  384,  238,  260,  198,   68,  819,  768,  773,  765,  402,  356,  511,  538,  328,  101,  340,  668,  217,  714,  384,  460,  272,  392,  302,  486,  518,  442,  487,  413,  459,  709,  509,  396,   97,  484,  743,  442,  510,  561,  749,  228,  445,  363,  209,  332,  297,  615,  202],
        [  409,    0,  491,  752,  893,  878,  858,    0,  838,  785,  166,  657,  904,  365,  660,  991,  613,  764,  927,  688,  953,  743,  863,  897,  269,   47,   75,  728,  898,  356,  593,  873, 1096,  559,  576,  474,  844,  137,  854,  543,  513, 1039,  946,  544,  610,  273,  737,  570,  684,  541, 1059,  502,  403, 1029,  608,  847,  450,  653,  568,  647,  652,  842,  711,  769, 1208,  197,   13, 1132, 1045,  282,  768,  761,  612,  538,  702,   25,  353,  144,  693,  669,  125,  887,  604,  621,  600,  751,  914,  702,  394,  611,  867,  400,  230,  864,  857,  176, 1089,  969,  568,  536,  785,  840,  379,  510,  885,  789,  707,  434,  351,  710,  716,  715,  951,  862,  301,  562,  151,  331, 1113,  813,  359,  983, 1091,  709,  787, 1014,  832,  570,  146,  291,  117,  796,  677,  821,  702,  653,  303, 1218,  599,  720, 1070, 1026,  800,  734,  296,  847,  649,  643,  504,  915,  884,  872,  781,  951,  399,  808,  369, 1204,  536,  929,  770,  556,  646,  402,  685,  546, 1091,  721,  151,  382, 1034,  767,  882,  303,  934,  562,  862,  800,  668,  648, 1186,  886, 1153,  566,  302, 1038],
        [  434,    0,  572,  806,  512,  213,  706,  838,    0,  519,  859,  200, 1023,  474,  209,  527,  253,   86,  579, 1062,  252,  476,  698,  927,  576,  864,  821,  208,  560,  505,  605,  377,  606,  872,  737,  366,  266,  920,   33,  307,  338,  847, 1120,  302,  852,  692,  823,  292,  242,  669,  783,  966,  677,  690,  231,  847,  477,  922,  272,  901,  847, 1024,  182,  271,  751,  944,  833,  817,  630,  558,  183,  102,  328,  317,  507,  821,  486,  843,  960,  250,  875,  787,  297,  218,  461,  163,  764,  183,  847, 1026,  916,  661,  826,  940,  548,  911,  802, 1120,  290, 1005,  251,  975,  530,  751,  626, 1117,  159,  492,  492,  929,  147,  874, 1165,  691,  699,  466,  816,  513,  644, 1116,  840,  655,  572,  772, 1095,  483,  640,  809,  904,  724,  920,  827,  966,  151,  136, 1009,  959,  732,  865,  823,  690,  884,  712,  197,  555,   71,  228,  349,  620, 1156, 1164,  405,  732, 1030,  439,  868,  473,  775,  887,  499,  314,  629,  271,  504,  984,  924,  540,  256,  734,  774,  484,  701,  256,  970,  337,  957,  167,   74,  753,  962,  771,  898,  747,  675,  834,  721],
        [  484,    0,  299,  316,  116,  345,  188,  785,  519,    0,  703,  548,  517,  549,  571,  220,  573,  533,  143,  636,  380,   56,  180,  414,  635,  784,  728,  642,  114,  473,  221,  191,  318,  480,  336,  469,  274,  788,  551,  418,  419,  350,  618,  534,  431,  522,  341,  572,  641,  303,  316,  615,  414,  255,  458,  335,  355,  487,  453,  466,  404,  534,  362,  248,  424,  776,  789,  377,  260,  567,  647,  431,  278,  563,   84,  761,  536,  702,  513,  636,  744,  269,  323,  493,  195,  614,  249,  369,  551,  629,  406,  408,  634,  434,   72,  751,  343,  613,  393,  642,  269,  478,  418,  390,  128,  661,  398,  366,  512,  469,  407,  406,  667,  174,  503,  232,  676,  600,  330,  650,  565,  208,  321,  297,  635,  268,  122,  408,  763,  523,  804,  325,  527,  647,  483,  589,  725,  433,  451,  347,  289,  376,  200,  635,  640,  586,  586,  227,  304,  666,  685,  165,  226,  517,  524,  367,  573,  422,  509,  161,  205,  265,  307,  402,  545,  543,  334,  273,  635,  494,  292,  196,  308,  738,  282,  573,  378,  562,  296,  536,  405,  384,  372,  289,  595,  273],
        [  430,    0,  406,  617,  817,  859,  746,  166,  859,  703,    0,  701,  751,  410,  709,  920,  666,  796,  841,  524,  932,  670,  752,  754,  345,  129,   98,  787,  814,  355,  492,  821, 1021,  404,  445,  498,  813,   86,  881,  553,  522,  918,  787,  589,  461,  188,  598,  625,  746,  426,  949,  337,  293,  932,  632,  711,  411,  497,  590,  493,  506,  685,  708,  739, 1119,   85,  177, 1024,  959,  319,  824,  771,  585,  591,  622,  150,  389,   26,  535,  732,   50,  763,  590,  653,  535,  802,  795,  701,  237,  446,  724,  297,   78,  718,  772,   53,  979,  811,  573,  371,  758,  688,  343,  375,  788,  624,  713,  395,  374,  557,  724,  568,  789,  752,  202,  501,   45,  395, 1032,  649,  202,  888, 1021,  577,  624,  953,  729,  426,   61,  181,  108,  660,  518,  871,  728,  490,  146, 1133,  448,  580,  977,  899,  683,  791,  375,  882,  702,  605,  403,  752,  720,  815,  659,  800,  437,  667,  424, 1110,  378,  858,  730,  451,  630,  369,  525,  386, 1027,  697,  133,  242,  975,  651,  855,  150,  894,  399,  851,  835,  538,  488, 1091,  746, 1058,  449,  146,  936],
        [  273,    0,  491,  783,  583,  349,  729,  657,  200,  548,  701,    0, 1004,  296,   23,  630,   54,  115,  648,  985,  412,  496,  724,  923,  389,  688,  650,  106,  623,  354,  557,  468,  725,  791,  675,  208,  369,  752,  206,  180,  206,  897, 1094,  114,  785,  552,  794,   94,   93,  601,  851,  861,  570,  769,  101,  843,  368,  857,  130,  837,  792,  989,  200,  331,  870,  783,  651,  899,  727,  386,  132,  174,  284,  122,  507,  643,  313,  681,  899,   89,  709,  805,  238,   63,  421,  104,  794,  190,  731,  937,  906,  554,  679,  925,  598,  750,  875, 1099,  185,  902,  323,  948,  401,  669,  672, 1054,  165,  379,  327,  877,  162,  831, 1131,  718,  566,  409,  656,  327,  759, 1058,  717,  727,  697,  742, 1036,  604,  666,  738,  739,  590,  749,  813,  901,  172,   86,  932,  815,  858,  794,  788,  782,  923,  716,  104,  366,  192,   41,  329,  543, 1115, 1115,  490,  728, 1021,  265,  850,  288,  887,  799,  586,  367,  568,  243,  379,  918,  834,  673,  285,  570,  660,  612,  697,  382,  825,  464,  866,  308,  146,  713,  890,  879,  896,  851,  614,  700,  796],
        [  826,    0,  541,  221,  579,  862,  350,  904, 1023,  517,  751, 1004,    0,  872, 1025,  649, 1011, 1020,  535,  307,  894,  550,  361,  115,  908,  877,  830, 1107,  533,  765,  450,  701,  686,  347,  363,  851,  790,  826, 1055,  834,  819,  355,  102,  949,  296,  661,  212,  994, 1093,  431,  448,  448,  539,  515,  903,  184,  673,  256,  882,  258,  258,   81,  850,  757,  681,  779,  914,  505,  597,  834, 1122,  927,  722,  972,  516,  882,  849,  767,  224, 1085,  800,  274,  768,  941,  583, 1089,  320,  853,  515,  366,  113,  550,  677,   84,  519,  772,  465,   97,  821,  438,  780,   66,  689,  411,  454,  248,  883,  671,  817,  195,  893,  197,  156,  367,  627,  596,  755,  907,  666,  218,  549,  504,  716,  263,  223,  720,  408,  340,  801,  627,  853,  196,  245, 1135,  959,  302,  670,  716,  305,  221,  562,  299,  318, 1103,  927, 1086, 1034,  685,  492,  169,  207,  673,  293,   56,  865,  155,  901,  650,  375,  621,  716,  450,  772,  694,  246,  375,  751,  768,  776,  525,  742,  324,  824,  680,  789,  374,  893, 1055,  296,  277,  628,  143,  607,  409,  606,  491],
        [   67,    0,  334,  665,  634,  535,  687,  365,  474,  549,  410,  296,  872,    0,  302,  717,  257,  400,  685,  774,  611,  496,  687,  819,  108,  393,  355,  378,  656,  108,  440,  572,  823,  588,  511,  116,  515,  457,  489,  190,  165,  875,  947,  183,  603,  286,  665,  216,  337,  442,  861,  621,  353,  804,  245,  747,  211,  671,  206,  655,  626,  836,  361,  446,  955,  491,  360,  926,  793,   91,  415,  401,  299,  182,  475,  349,   26,  389,  716,  323,  415,  745,  273,  257,  359,  394,  753,  350,  484,  713,  795,  338,  398,  806,  618,  458,  890,  959,  219,  663,  455,  809,  184,  477,  672,  858,  351,  207,   57,  708,  358,  679,  973,  683,  309,  326,  365,   53,  848,  871,  462,  756,  808,  619,  845,  721,  639,  553,  445,  329,  454,  705,  711,  464,  338,  724,  534,  955,  606,  653,  834,  883,  649,  382,   98,  484,  293,  345,  381,  948,  935,  579,  646,  904,   37,  733,   29,  960,  585,  658,  459,  427,  314,  180,  726,  615,  798,  392,  278,  421,  737,  621,  548,  543,  613,  644,  512,  437,  581,  692,  946,  798,  914,  464,  433,  822],
        [  284,    0,  510,  804,  605,  367,  752,  660,  209,  571,  709,   23, 1025,  302,    0,  651,   49,  123,  671, 1003,  429,  518,  746,  945,  392,  692,  656,   87,  646,  366,  578,  490,  746,  809,  694,  221,  390,  758,  212,  199,  223,  920, 1115,  120,  804,  564,  815,   92,   71,  621,  874,  877,  587,  791,  122,  865,  386,  876,  149,  857,  812, 1010,  222,  353,  891,  791,  654,  922,  749,  393,  117,  192,  306,  123,  529,  647,  320,  689,  919,   66,  716,  827,  260,   84,  443,   93,  817,  212,  746,  954,  927,  570,  690,  947,  621,  758,  897, 1120,  206,  918,  345,  969,  416,  687,  695, 1073,  187,  396,  337,  897,  183,  851, 1152,  741,  579,  430,  664,  330,  780, 1078,  731,  749,  718,  763, 1055,  625,  689,  756,  746,  603,  755,  835,  920,  163,  106,  950,  826,  879,  813,  809,  804,  946,  739,   87,  367,  193,   21,  351,  563, 1136, 1135,  512,  750, 1043,  273,  872,  293,  908,  817,  608,  390,  589,  266,  394,  937,  851,  693,  308,  578,  676,  632,  719,  401,  836,  484,  884,  326,  149,  734,  909,  900,  918,  873,  634,  713,  818],
        [  651,    0,  514,  489,  104,  316,  304,  991,  527,  220,  920,  630,  649,  717,  651,    0,  669,  574,  116,  827,  303,  251,  292,  535,  814,  994,  938,  703,  128,  658,  441,  162,  108,  689,  549,  618,  267, 1003,  556,  551,  563,  360,  750,  653,  633,  736,  518,  681,  716,  522,  274,  828,  632,  175,  561,  470,  546,  682,  572,  662,  600,  687,  431,  301,  244,  994,  994,  294,  103,  752,  694,  471,  419,  682,  299,  968,  708,  916,  701,  716,  958,  375,  453,  589,  392,  664,  330,  442,  770,  831,  538,  625,  852,  570,  162,  968,  286,  736,  521,  852,  307,  627,  615,  607,  200,  836,  465,  561,  689,  653,  469,  588,  805,  286,  718,  430,  890,  769,  134,  820,  785,  157,  102,  484,  809,   73,  260,  618,  979,  740, 1019,  482,  717,  675,  549,  784,  945,  239,  655,  529,  165,  411,  356,  693,  812,  598,  670,  372,  523,  813,  841,  143,  391,  631,  686,  520,  737,  258,  720,   63,  270,  485,  420,  595,  734,  753,  117,  352,  843,  713,   93,  370,  271,  958,  195,  780,  361,  590,  494,  731,  250,  506,  223,  507,  815,  208],
        [  245,    0,  487,  791,  617,  397,  750,  613,  253,  573,  666,   54, 1011,  257,   49,  669,    0,  168,  681,  976,  463,  520,  745,  935,  345,  646,  610,  122,  654,  328,  562,  508,  767,  783,  673,  185,  413,  713,  258,  178,  197,  923, 1099,   79,  781,  526,  800,   44,   89,  599,  882,  844,  556,  802,  116,  856,  359,  853,  130,  834,  791,  993,  239,  368,  911,  747,  607,  933,  764,  348,  158,  224,  301,   76,  525,  600,  277,  645,  896,   77,  671,  824,  254,   82,  432,  139,  816,  228,  712,  925,  916,  540,  649,  935,  627,  714,  906, 1105,  191,  886,  363,  954,  382,  662,  699, 1049,  207,  368,  295,  876,  206,  833, 1134,  740,  543,  415,  621,  283,  800, 1055,  695,  759,  740,  749, 1031,  647,  689,  732,  702,  566,  709,  823,  896,  209,  137,  923,  785,  900,  789,  794,  818,  946,  733,  125,  320,  241,   37,  349,  540, 1116, 1113,  527,  742, 1031,  230,  859,  247,  926,  788,  622,  403,  569,  267,  362,  913,  822,  717,  320,  534,  642,  656,  712,  429,  795,  510,  854,  358,  197,  718,  884,  917,  909,  889,  614,  675,  828],
        [  367,    0,  539,  801,  544,  269,  719,  764,   86,  533,  796,  115, 1020,  400,  123,  574,  168,    0,  611, 1035,  321,  485,  712,  931,  499,  792,  752,  134,  589,  443,  587,  416,  661,  842,  714,  298,  308,  852,   92,  249,  279,  873, 1115,  222,  828,  636,  815,  208,  160,  643,  817,  926,  635,  727,  166,  850,  431,  899,  206,  879,  828, 1015,  172,  291,  807,  880,  759,  857,  675,  487,  121,  106,  304,  235,  508,  748,  414,  778,  939,  167,  808,  799,  265,  144,  444,   92,  781,  168,  802,  993,  916,  619,  767,  939,  571,  847,  838, 1117,  239,  966,  276,  969,  476,  720,  649, 1096,  138,  444,  424,  911,  128,  860, 1157,  706,  646,  442,  752,  435,  697, 1097,  792,  689,  629,  763, 1076,  538,  654,  783,  838,  671,  851,  826,  943,  116,   72,  982,  902,  790,  840,  813,  734,  906,  718,  123,  477,   87,  143,  336,  590, 1145, 1149,  442,  734, 1032,  366,  865,  396,  827,  854,  538,  333,  606,  250,  452,  961,  890,  600,  260,  668,  729,  541,  703,  309,  913,  392,  924,  224,   41,  740,  937,  821,  902,  796,  652,  781,  757],
        [  619,    0,  439,  374,   68,  377,  188,  927,  579,  143,  841,  648,  535,  685,  671,  116,  681,  611,    0,  713,  385,  191,  176,  422,  775,  925,  869,  733,   30,  613,  351,  204,  189,  582,  446,  598,  314,  926,  610,  540,  545,  272,  636,  651,  524,  662,  403,  686,  739,  428,  206,  723,  549,  123,  567,  354,  496,  569,  569,  550,  488,  571,  451,  322,  282,  911,  930,  253,  119,  707,  730,  506,  400,  681,  225,  903,  673,  840,  587,  737,  882,  261,  442,  599,  336,  699,  219,  460,  674,  720,  424,  544,  770,  455,   71,  887,  228,  624,  512,  745,  336,  511,  559,  508,   84,  720,  488,  508,  650,  538,  494,  473,  691,  171,  641,  373,  815,  736,  194,  704,  692,   79,  203,  371,  693,  186,  145,  512,  901,  661,  943,  366,  604,  720,  574,  671,  853,  293,  545,  414,  149,  316,  241,  724,  777,  650,  687,  349,  439,  698,  725,  175,  276,  520,  658,  404,  708,  280,  613,   91,  282,  395,  417,  543,  620,  645,  229,  363,  777,  622,  208,  256,  333,  866,  273,  672,  419,  634,  384,  619,  263,  392,  231,  410,  727,  148],
        [  748,    0,  497,  342,  735,  951,  535,  688, 1062,  636,  524,  985,  307,  774, 1003,  827,  976, 1035,  713,    0, 1003,  644,  547,  378,  773,  652,  616, 1090,  700,  670,  462,  823,  894,  194,  327,  794,  882,  583, 1093,  805,  781,  622,  295,  902,  214,  504,  312,  947, 1064,  394,  700,  187,  424,  740,  887,  394,  618,  149,  855,  171,  232,  226,  881,  827,  927,  527,  699,  768,  808,  709, 1115,  961,  735,  919,  594,  670,  749,  545,  128, 1052,  569,  491,  771,  923,  603, 1084,  541,  880,  308,   79,  354,  440,  463,  328,  671,  529,  723,  324,  804,  158,  852,  267,  601,  317,  632,  102,  906,  609,  719,  178,  918,  242,  279,  551,  474,  597,  542,  793,  885,  130,  341,  713,  915,  345,  106,  891,  569,  254,  561,  461,  611,  361,  111, 1142,  965,   54,  409,  957,  198,  300,  790,  576,  474, 1088,  799, 1114, 1006,  715,  445,  239,  200,  800,  439,  362,  780,  333,  801,  902,  190,  782,  794,  434,  792,  617,   94,  160,  942,  817,  591,  357,  915,  458,  923,  415,  914,  134,  970, 1074,  341,  102,  880,  391,  853,  389,  393,  725],
        [  553,    0,  563,  696,  324,   77,  549,  953,  252,  380,  932,  412,  894,  611,  429,  303,  463,  321,  385, 1003,    0,  361,  539,  786,  719,  970,  919,  454,  374,  598,  548,  193,  365,  830,  683,  496,  126, 1006,  275,  422,  447,  653,  995,  480,  791,  747,  720,  491,  480,  628,  575,  949,  687,  476,  385,  710,  521,  855,  415,  833,  773,  913,  252,  196,  507, 1015,  952,  596,  403,  678,  434,  239,  348,  505,  410,  933,  613,  921,  885,  485,  959,  631,  350,  397,  426,  410,  596,  263,  853,  984,  782,  674,  881,  811,  378,  984,  588,  988,  393,  983,  175,  857,  590,  719,  452, 1037,  270,  538,  607,  844,  266,  782, 1046,  532,  742,  450,  893,  660,  403, 1028,  856,  451,  328,  673, 1012,  245,  487,  759,  986,  768, 1014,  705,  896,  401,  327,  953, 1001,  485,  809,  724,  466,  699,  577,  443,  706,  318,  450,  331,  599, 1046, 1064,  222,  606,  888,  575,  746,  621,  533,  853,  294,  216,  585,  308,  564,  915,  889,  292,  236,  824,  784,  241,  576,   82, 1013,  112,  922,  106,  324,  666,  901,  532,  756,  512,  625,  867,  509],
        [  431,    0,  264,  340,  151,  317,  235,  743,  476,   56,  670,  496,  550,  496,  518,  251,  520,  485,  191,  644,  361,    0,  229,  452,  584,  744,  689,  591,  161,  423,  204,  182,  354,  478,  331,  415,  245,  753,  509,  363,  364,  404,  650,  479,  434,  485,  362,  518,  588,  287,  371,  607,  384,  308,  404,  371,  306,  495,  399,  474,  413,  560,  314,  208,  469,  745,  746,  432,  305,  517,  597,  385,  223,  508,   54,  720,  483,  666,  525,  584,  708,  315,  269,  440,  146,  564,  299,  320,  531,  630,  441,  377,  603,  467,  123,  718,  398,  647,  338,  637,  230,  506,  371,  377,  183,  677,  349,  318,  460,  484,  358,  422,  697,  224,  468,  184,  640,  547,  370,  669,  543,  261,  352,  314,  652,  287,  171,  406,  729,  490,  768,  356,  537,  600,  433,  595,  700,  476,  453,  365,  339,  428,  236,  584,  588,  542,  533,  173,  278,  692,  708,  163,  258,  554,  470,  397,  520,  469,  504,  189,  166,  246,  254,  354,  555,  540,  359,  225,  595,  470,  310,  226,  283,  714,  272,  571,  344,  516,  306,  542,  454,  422,  421,  277,  569,  327],
        [  626,    0,  381,  205,  219,  515,   13,  863,  698,  180,  752,  724,  361,  687,  746,  292,  745,  712,  176,  547,  539,  229,    0,  250,  759,  853,  797,  820,  172,  596,  272,  347,  348,  436,  318,  624,  445,  838,  730,  581,  577,  188,  463,  700,  372,  591,  235,  740,  816,  327,  198,  579,  463,  199,  630,  179,  479,  408,  621,  390,  331,  395,  542,  427,  393,  813,  869,  272,  262,  686,  826,  611,  446,  728,  222,  839,  669,  756,  420,  811,  798,   93,  492,  667,  332,  793,   71,  548,  555,  561,  249,  464,  676,  280,  161,  793,  228,  453,  559,  596,  448,  336,  528,  388,   94,  547,  577,  486,  642,  369,  586,  306,  516,    7,  564,  363,  734,  734,  339,  529,  579,  167,  371,  213,  520,  361,   59,  372,  812,  578,  859,  192,  438,  826,  662,  508,  738,  418,  394,  249,  249,  202,   78,  813,  769,  766,  760,  397,  360,  522,  550,  318,  112,  351,  667,  229,  713,  375,  470,  260,  384,  307,  481,  519,  454,  497,  401,  453,  713,  516,  384,  106,  475,  751,  431,  520,  552,  742,  238,  457,  353,  220,  323,  303,  622,  193],
        [  768,    0,  486,  156,  468,  758,  239,  897,  927,  414,  754,  923,  115,  819,  945,  535,  935,  931,  422,  378,  786,  452,  250,    0,  867,  874,  824, 1025,  421,  715,  383,  594,  572,  360,  328,  785,  687,  834,  960,  760,  748,  250,  215,  877,  296,  638,  163,  922, 1014,  384,  339,  484,  509,  402,  824,   82,  613,  284,  806,  277,  250,  171,  759,  659,  572,  794,  905,  399,  483,  792, 1037,  834,  640,  903,  424,  874,  797,  766,  268, 1007,  804,  161,  686,  862,  504, 1004,  206,  764,  522,  423,   31,  518,  678,   51,  409,  782,  358,  204,  744,  484,  681,  115,  639,  389,  341,  341,  793,  614,  767,  223,  803,  189,  270,  256,  606,  522,  751,  858,  553,  316,  555,  389,  601,  202,  315,  606,  300,  329,  808,  610,  860,  115,  290, 1046,  873,  359,  693,  606,  313,  179,  449,  199,  216, 1020,  884,  992,  956,  598,  442,  282,  318,  565,  197,  103,  808,   91,  848,  542,  392,  508,  616,  393,  686,  640,  298,  403,  637,  674,  759,  516,  628,  229,  719,  704,  680,  412,  791,  964,  242,  320,  520,   31,  498,  360,  610,  379],
        [  169,    0,  388,  712,  727,  643,  758,  269,  576,  635,  345,  389,  908,  108,  392,  814,  345,  499,  775,  773,  719,  584,  759,  867,    0,  303,  273,  460,  745,  165,  498,  673,  921,  597,  545,  224,  621,  376,  590,  297,  272,  947,  974,  277,  624,  270,  707,  302,  416,  484,  942,  606,  371,  890,  350,  799,  283,  687,  312,  674,  653,  863,  468,  551, 1049,  419,  263, 1009,  886,   76,  500,  507,  400,  269,  557,  257,  108,  321,  732,  401,  339,  809,  378,  358,  442,  483,  822,  458,  470,  706,  840,  359,  352,  848,  706,  387,  971,  990,  327,  647,  561,  843,  233,  500,  754,  864,  458,  274,  125,  731,  465,  711,  994,  756,  300,  405,  301,   64,  944,  880,  442,  843,  907,  665,  854,  822,  715,  575,  369,  313,  369,  754,  723,  553,  440,  726,  482, 1051,  623,  694,  923,  949,  714,  466,   31,  580,  381,  443,  426,  966,  948,  679,  706,  944,  144,  778,  104, 1052,  588,  754,  562,  478,  420,  241,  737,  614,  899,  498,  216,  417,  839,  683,  655,  489,  718,  640,  620,  534,  625,  701, 1037,  848, 1005,  508,  401,  907],
        [  432,    0,  487,  732,  894,  894,  847,   47,  864,  784,  129,  688,  877,  393,  692,  994,  646,  792,  925,  652,  970,  744,  853,  874,  303,    0,   57,  762,  896,  373,  585,  881, 1098,  530,  557,  499,  857,   91,  882,  565,  535, 1026,  915,  574,  584,  264,  716,  603,  718,  528, 1049,  465,  390, 1024,  634,  827,  458,  623,  593,  619,  627,  812,  731,  783, 1206,  151,   58, 1123, 1043,  306,  802,  785,  625,  570,  701,   48,  379,  111,  662,  703,   84,  872,  620,  649,  602,  784,  901,  722,  363,  574,  844,  390,  200,  840,  855,  132, 1079,  938,  589,  498,  799,  813,  387,  489,  880,  753,  730,  442,  374,  682,  739,  690,  918,  852,  289,  566,  124,  364, 1113,  778,  328,  978, 1094,  691,  752, 1020,  825,  546,  101,  276,   72,  776,  646,  854,  729,  618,  260, 1217,  572,  698, 1066, 1010,  787,  768,  331,  876,  682,  653,  495,  881,  849,  878,  767,  925,  427,  786,  400, 1200,  505,  931,  781,  547,  663,  411,  653,  514, 1096,  736,  151,  359, 1040,  755,  897,  260,  945,  527,  881,  830,  650,  616, 1182,  865, 1149,  552,  271, 1031],
        [  388,    0,  431,  680,  838,  844,  792,   75,  821,  728,   98,  650,  830,  355,  656,  938,  610,  752,  869,  616,  919,  689,  797,  824,  273,   57,    0,  728,  840,  324,  529,  826, 1042,  485,  505,  456,  805,  104,  840,  519,  489,  971,  872,  537,  536,  208,  665,  567,  686,  473,  994,  431,  335,  968,  591,  775,  405,  579,  550,  573,  579,  768,  683,  731, 1150,  151,   85, 1067,  987,  265,  767,  739,  573,  534,  645,   54,  338,   74,  619,  671,   70,  818,  570,  608,  547,  748,  846,  675,  320,  540,  794,  334,  156,  791,  799,  123, 1024,  895,  542,  466,  747,  766,  334,  438,  824,  717,  683,  389,  330,  636,  693,  641,  877,  796,  234,  510,   77,  330, 1057,  740,  285,  922, 1038,  638,  714,  965,  769,  496,   99,  221,  100,  724,  603,  818,  686,  580,  241, 1161,  525,  647, 1010,  957,  732,  733,  302,  837,  646,  600,  439,  842,  811,  823,  712,  877,  386,  735,  364, 1144,  462,  876,  727,  491,  612,  358,  611,  473, 1041,  684,   97,  309,  986,  700,  845,  244,  892,  489,  831,  790,  598,  574, 1126,  814, 1093,  498,  228,  975],
        [  366,    0,  596,  887,  666,  402,  825,  728,  208,  642,  787,  106, 1107,  378,   87,  703,  122,  134,  733, 1090,  454,  591,  820, 1025,  460,  762,  728,    0,  709,  450,  662,  543,  792,  896,  780,  305,  437,  832,  198,  285,  309,  988, 1198,  201,  891,  648,  898,  162,   47,  706,  938,  963,  673,  851,  206,  944,  472,  962,  235,  943,  897, 1094,  283,  411,  938,  867,  721,  982,  802,  468,   42,  233,  386,  196,  606,  716,  398,  766, 1005,   61,  791,  903,  340,  169,  525,   46,  890,  275,  832, 1041, 1008,  657,  771, 1029,  687,  835,  960, 1203,  290, 1004,  399, 1052,  501,  774,  763, 1159,  246,  483,  417,  982,  240,  936, 1236,  814,  664,  514,  742,  399,  828, 1164,  816,  811,  761,  846, 1141,  669,  762,  843,  821,  687,  826,  916, 1006,  100,  160, 1037,  907,  922,  900,  893,  860, 1017,  816,   12,  433,  164,   87,  428,  649, 1221, 1220,  567,  830, 1124,  351,  954,  365,  958,  903,  664,  451,  674,  341,  480, 1023,  938,  732,  372,  655,  761,  673,  798,  441,  917,  524,  970,  357,  136,  818,  995,  951,  997,  925,  720,  796,  880],
        [  590,    0,  411,  362,   51,  362,  184,  898,  560,  114,  814,  623,  533,  656,  646,  128,  654,  589,   30,  700,  374,  161,  172,  421,  745,  896,  840,  709,    0,  583,  326,  188,  212,  563,  425,  569,  296,  899,  591,  511,  517,  288,  635,  624,  506,  634,  391,  659,  714,  404,  229,  703,  522,  151,  540,  351,  466,  555,  542,  534,  473,  565,  427,  299,  310,  885,  902,  280,  147,  678,  708,  484,  372,  653,  197,  874,  643,  813,  574,  711,  855,  262,  414,  573,  306,  676,  223,  436,  651,  703,  421,  517,  743,  452,   42,  860,  252,  624,  484,  726,  314,  506,  530,  485,   80,  710,  463,  478,  621,  526,  470,  461,  688,  166,  614,  344,  788,  707,  219,  695,  668,  106,  222,  356,  684,  193,  133,  492,  874,  633,  916,  358,  590,  699,  550,  657,  828,  321,  528,  402,  179,  329,  230,  701,  748,  630,  662,  321,  412,  694,  720,  159,  264,  521,  628,  397,  679,  309,  594,   88,  258,  369,  390,  514,  607,  626,  244,  339,  748,  597,  216,  243,  318,  842,  264,  654,  402,  613,  367,  604,  293,  391,  260,  387,  701,  175],
        [   84,    0,  230,  560,  568,  523,  595,  356,  505,  473,  355,  354,  765,  108,  366,  658,  328,  443,  613,  670,  598,  423,  596,  715,  165,  373,  324,  450,  583,    0,  339,  526,  765,  482,  403,  147,  489,  418,  527,  199,  168,  783,  839,  250,  496,  199,  559,  292,  415,  335,  778,  523,  247,  727,  278,  644,  119,  563,  237,  547,  518,  729,  360,  415,  889,  439,  355,  845,  726,   95,  483,  418,  258,  260,  394,  335,   84,  338,  609,  401,  372,  648,  249,  302,  279,  458,  659,  351,  388,  611,  690,  232,  326,  700,  544,  406,  807,  852,  220,  565,  430,  702,   77,  370,  590,  752,  361,  110,   53,  600,  371,  571,  865,  593,  216,  242,  312,  144,  787,  764,  369,  680,  754,  514,  739,  672,  551,  445,  401,  239,  421,  601,  604,  526,  374,  619,  462,  893,  498,  547,  761,  787,  552,  452,  174,  529,  363,  294,  275,  840,  828,  529,  547,  798,  111,  628,  137,  891,  480,  597,  419,  323,  291,   78,  619,  511,  750,  366,  232,  321,  690,  523,  527,  472,  581,  541,  509,  483,  475,  586,  876,  694,  843,  358,  347,  743],
        [  386,    0,  112,  232,  337,  492,  269,  593,  605,  221,  492,  557,  450,  440,  578,  441,  562,  587,  351,  462,  548,  204,  272,  383,  498,  585,  529,  662,  326,  339,    0,  382,  536,  282,  137,  403,  425,  578,  636,  385,  369,  455,  538,  499,  250,  321,  238,  544,  646,   84,  467,  405,  199,  441,  457,  308,  231,  318,  433,  297,  243,  432,  424,  366,  628,  561,  598,  540,  470,  424,  680,  504,  283,  523,  150,  569,  419,  493,  356,  637,  535,  311,  325,  495,  144,  648,  329,  425,  330,  437,  361,  197,  419,  376,  285,  537,  497,  544,  373,  437,  390,  392,  266,  175,  297,  513,  452,  233,  389,  325,  464,  275,  575,  270,  296,  149,  470,  482,  544,  512,  344,  396,  541,  188,  491,  487,  240,  212,  552,  313,  596,  268,  362,  699,  521,  411,  504,  643,  265,  232,  485,  452,  217,  659,  512,  661,  586,  256,   90,  560,  563,  365,  209,  474,  426,  301,  468,  619,  305,  382,  334,   44,  338,  262,  381,  342,  555,  356,  442,  273,  510,  186,  467,  518,  471,  374,  508,  624,  157,  361,  600,  360,  567,   77,  376,  447],
        [  506,    0,  424,  506,  138,  174,  357,  873,  377,  191,  821,  468,  701,  572,  490,  162,  508,  416,  204,  823,  193,  182,  347,  594,  673,  881,  826,  543,  188,  526,  382,    0,  261,  659,  512,  467,  112,  902,  408,  397,  412,  475,  803,  494,  614,  633,  531,  521,  555,  466,  406,  787,  549,  313,  401,  517,  423,  674,  414,  652,  591,  722,  270,  140,  404,  901,  874,  442,  260,  617,  536,  312,  274,  523,  235,  850,  566,  814,  702,  555,  855,  439,  301,  428,  287,  506,  407,  280,  705,  811,  589,  539,  760,  618,  187,  872,  425,  796,  367,  817,  146,  666,  494,  556,  262,  851,  304,  439,  550,  659,  308,  595,  854,  341,  622,  321,  787,  624,  293,  840,  714,  279,  240,  486,  825,  150,  295,  587,  879,  646,  914,  513,  715,  522,  388,  774,  868,  396,  633,  537,  318,  516,  385,  534,  669,  448,  508,  232,  448,  854,  874,   30,  414,  696,  539,  555,  589,  419,  685,  123,  114,  423,  265,  472,  732,  721,  227,  193,  730,  641,  166,  385,  131,  881,   92,  752,  216,  435,  483,  722,  411,  564,  384,  457,  734,  344],
