{
    "name": "random-44-1678",
    "comment": "size=44 seed=1678",
    "nodes": ["+0", "-0", "+1", "-1", "+2", "-2", "+3", "-3", "+4", "-4", "+5", "-5", "+6", "-6", "+7", "-7", "+8", "-8", "+9", "-9", "+10", "-10", "+11", "-11", "+12", "-12", "+13", "-13", "+14", "-14", "+15", "-15", "+16", "-16", "+17", "-17", "+18", "-18", "+19", "-19", "+20", "-20", "+21", "-21", "+22", "-22", "+23", "-23", "+24", "-24", "+25", "-25", "+26", "-26", "+27", "-27", "+28", "-28", "+29", "-29", "+30", "-30", "+31", "-31", "+32", "-32", "+33", "-33", "+34", "-34", "+35", "-35", "+36", "-36", "+37", "-37", "+38", "-38", "+39", "-39", "+40", "-40", "+41", "-41", "+42", "-42", "+43", "-43", "+44", "-44"],
    "precedence": {
        "+0": "-0",
        "+1": "-1",
        "+2": "-2",
        "+3": "-3",
        "+4": "-4",
        "+5": "-5",
        "+6": "-6",
        "+7": "-7",
        "+8": "-8",
        "+9": "-9",
        "+10": "-10",
        "+11": "-11",
        "+12": "-12",
        "+13": "-13",
        "+14": "-14",
        "+15": "-15",
        "+16": "-16",
        "+17": "-17",
        "+18": "-18",
        "+19": "-19",
        "+20": "-20",
        "+21": "-21",
        "+22": "-22",
        "+23": "-23",
        "+24": "-24",
        "+25": "-25",
        "+26": "-26",
        "+27": "-27",
        "+28": "-28",
        "+29": "-29",
        "+30": "-30",
        "+31": "-31",
        "+32": "-32",
        "+33": "-33",
        "+34": "-34",
        "+35": "-35",
        "+36": "-36",
        "+37": "-37",
        "+38": "-38",
        "+39": "-39",
        "+40": "-40",
        "+41": "-41",
        "+42": "-42",
        "+43": "-43",
        "+44": "-44"
    },
    "edges": [
        [    0,    0,  790,  257,  767,  214,  694,  458,   42,  354,  459,  321,  464,  417,  545,  726,  531,  159,  519,  467,  634,  504,  616,  274,  709,  491,  468,  347,   36,  659,  372,  852,  201,  727,  874,  420,  513,  883,  736,  805,  406,  502,  606,   32,  624,  492,  476,  561,  495,  193,  622,  486,  516,  100,  662,  634,  517,  329,  790,  449,  913,  448,  602,  774,  466,  812,  535,  479,  462,  500,  401,  638,  602,  468,  432,  505,  750,  537,  689,  761,  829,  580,  878,  473,  442,  771,  346,  119,  438,  291],
        [    0,    0,    0,    0,    0,    0,    0,    0,    0,    0,    0,    0,    0,    0,    0,    0,    0,    0,    0,    0,    0,    0,    0,    0,    0,    0,    0,    0,    0,    0,    0,    0,    0,    0,    0,    0,    0,    0,    0,    0,    0,    0,    0,    0,    0,    0,    0,    0,    0,    0,    0,    0,    0,    0,    0,    0,    0,    0,    0,    0,    0,    0,    0,    0,    0,    0,    0,    0,    0,    0,    0,    0,    0,    0,    0,    0,    0,    0,    0,    0,    0,    0,    0,    0,    0,    0,    0,    0,    0,    0],
        [  790,    0,    0,  737,  767,  790,  113,  498,  750,  564,  766,  575,  387,  374,  721,  806,  318,  903,  475, 1075,  608, 1080,  182,  550,  532,  499,  323,  444,  797,  132,  878,  854,  591,  692,   89,  557,  448,  188,  908,  349,  494,  589,  276,  772,  601,  311,  464,  325,  401,  670,  698,  440,  735,  735,  959,  335, 1006,  570,  785,  712,  956,  343,  252,  730, 1194,  359,  860,  947,  747,  550,  745,  780,  543,  366,  855,  502,  448,  373,  212,   48,  861,  536,  237,  753,  706,  302,  657,  770,  435,  573],
        [  257,    0,  737,    0,  516,   70,  667,  279,  234,  180,  203,  163,  353,  393,  292,  471,  570,  233,  633,  345,  403,  360,  556,  205,  496,  303,  442,  359,  291,  614,  166,  598,  277,  484,  807,  222,  614,  776,  481,  644,  518,  278,  640,  275,  394,  500,  582,  437,  572,  379,  374,  582,  261,  320,  418,  486,  321,  169,  539,  195,  657,  429,  500,  528,  466,  649,  286,  268,  670,  289,  145,  383,  387,  371,  195,  312,  559,  397,  578,  697,  574,  367,  754,  217,  641,  623,  114,  140,  309,  428],
        [  767,    0,  767,  516,    0,  577,  772,  390,  738,  450,  329,  481,  502,  642,  226,   78,  815,  736,  959,  639,  180,  608,  650,  567,  237,  360,  656,  675,  800,  709,  492,   99,  702,   76,  788,  385,  930,  677,  185,  458,  872,  290,  855,  780,  191,  733,  911,  485,  868,  837,  146,  899,  258,  810,  305,  439,  493,  475,   25,  322,  196,  663,  547,   46,  852,  453,  318,  460, 1105,  315,  378,  149,  248,  528,  414,  346,  333,  448,  557,  719,   96,  266,  623,  309, 1067,  485,  423,  655,  473,  834],
        [  214,    0,  790,   70,  577,    0,  714,  346,  202,  244,  254,  222,  411,  434,  352,  527,  601,  165,  647,  311,  470,  334,  609,  245,  565,  371,  485,  391,  249,  664,  164,  655,  286,  548,  863,  290,  631,  838,  526,  711,  530,  347,  674,  237,  462,  537,  597,  499,  594,  365,  437,  599,  319,  293,  449,  551,  318,  229,  599,  256,  708,  470,  559,  591,  406,  716,  322,  272,  655,  358,  200,  439,  456,  427,  218,  381,  629,  460,  640,  752,  629,  436,  818,  271,  629,  689,  184,   97,  369,  430],
        [  694,    0,  113,  667,  772,  714,    0,  456,  655,  504,  723,  509,  332,  285,  693,  801,  206,  816,  365, 1010,  601, 1019,  128,  471,  545,  464,  233,  348,  698,   64,  817,  864,  494,  696,  201,  509,  337,  285,  895,  400,  382,  558,  167,  674,  592,  206,  352,  296,  289,  564,  683,  328,  701,  633,  931,  334,  954,  505,  792,  669,  965,  250,  227,  740, 1114,  411,  822,  896,  635,  519,  694,  762,  533,  307,  803,  471,  476,  342,  229,  116,  867,  522,  324,  712,  594,  348,  599,  685,  380,  464],
        [  458,    0,  498,  279,  390,  346,  456,    0,  420,  108,  270,  139,  129,  257,  244,  388,  441,  500,  572,  590,  216,  589,  330,  199,  257,   35,  281,  285,  484,  394,  390,  488,  333,  325,  556,   62,  544,  505,  462,  365,  483,  112,  493,  459,  204,  358,  523,  175,  484,  470,  261,  512,  248,  467,  479,  208,  509,  131,  415,  215,  578,  282,  247,  377,  741,  371,  367,  451,  721,   78,  249,  328,  160,  157,  358,   51,  293,  129,  312,  453,  479,  137,  478,  257,  682,  344,  174,  375,   88,  450],
        [   42,    0,  750,  234,  738,  202,  655,  420,    0,  317,  437,  283,  423,  377,  518,  700,  497,  181,  494,  476,  601,  510,  576,  233,  672,  453,  428,  308,   65,  619,  364,  825,  163,  696,  834,  384,  486,  842,  715,  764,  379,  468,  572,   42,  590,  454,  449,  520,  464,  176,  593,  458,  490,   93,  647,  593,  514,  291,  762,  422,  888,  408,  560,  744,  492,  772,  517,  472,  458,  464,  378,  613,  566,  427,  418,  467,  711,  496,  648,  721,  803,  543,  836,  449,  435,  730,  315,  105,  397,  266],
        [  354,    0,  564,  180,  450,  244,  504,  108,  317,    0,  237,   34,  178,  254,  258,  431,  444,  393,  547,  511,  292,  517,  386,  118,  356,  138,  294,  252,  381,  447,  314,  545,  253,  395,  631,   69,  522,  596,  482,  471,  444,  162,  507,  357,  281,  365,  496,  257,  468,  389,  307,  489,  246,  372,  468,  308,  452,   27,  475,  190,  625,  288,  322,  446,  646,  477,  342,  393,  658,  150,  196,  355,  251,  199,  302,  152,  400,  217,  399,  523,  529,  228,  575,  233,  621,  446,   95,  268,  131,  389],
        [  459,    0,  766,  203,  329,  254,  723,  270,  437,  237,    0,  251,  392,  490,  110,  274,  680,  409,  779,  356,  264,  341,  599,  336,  379,  270,  528,  486,  494,  663,  173,  402,  450,  313,  821,  215,  756,  756,  279,  578,  672,  188,  742,  477,  260,  600,  728,  442,  704,  570,  200,  723,   75,  520,  235,  456,  246,  250,  350,   55,  455,  523,  515,  350,  548,  580,  105,  191,  858,  223,   59,  186,  282,  418,  106,  269,  468,  395,  573,  721,  376,  272,  720,   23,  825,  575,  154,  341,  345,  600],
        [  321,    0,  575,  163,  481,  222,  509,  139,  283,   34,  251,    0,  191,  247,  283,  459,  435,  366,  529,  502,  325,  511,  395,   90,  389,  171,  291,  235,  348,  454,  309,  575,  222,  428,  645,  103,  505,  616,  506,  499,  423,  195,  500,  323,  314,  358,  478,  277,  454,  357,  337,  472,  269,  338,  485,  333,  452,    9,  505,  208,  653,  282,  338,  478,  627,  505,  355,  395,  630,  184,  204,  381,  285,  209,  305,  185,  431,  240,  418,  535,  559,  262,  597,  250,  594,  472,  100,  238,  147,  362],
        [  464,    0,  387,  353,  502,  411,  332,  129,  423,  178,  392,  191,    0,  143,  373,  510,  316,  544,  459,  689,  322,  693,  210,  192,  324,  148,  156,  195,  483,  273,  491,  600,  295,  432,  454,  178,  429,  430,  589,  346,  382,  239,  365,  457,  311,  233,  413,   97,  367,  423,  384,  399,  376,  446,  607,  175,  623,  185,  526,  338,  695,  161,  148,  482,  817,  354,  493,  565,  639,  202,  363,  454,  256,   28,  472,  160,  319,   82,  232,  345,  594,  237,  417,  382,  598,  308,  270,  411,   49,  376],
        [  417,    0,  374,  393,  642,  434,  285,  257,  377,  254,  490,  247,  143,    0,  494,  645,  191,  532,  317,  737,  463,  751,  201,  190,  466,  283,   53,   77,  425,  243,  551,  741,  219,  573,  457,  287,  288,  476,  716,  452,  240,  367,  254,  400,  452,  112,  271,  208,  228,  322,  517,  257,  490,  370,  718,  292,  699,  246,  666,  441,  833,   37,  212,  624,  831,  462,  594,  641,  503,  334,  449,  582,  398,  121,  552,  296,  451,  217,  296,  345,  733,  378,  481,  485,  461,  406,  346,  400,  170,  251],
        [  545,    0,  721,  292,  226,  352,  693,  244,  518,  258,  110,  283,  373,  494,    0,  183,  681,  512,  801,  457,  163,  437,  566,  373,  280,  230,  522,  506,  578,  630,  282,  308,  502,  204,  765,  208,  775,  687,  225,  494,  701,  136,  736,  559,  160,  599,  750,  399,  718,  631,   90,  742,   36,  594,  240,  394,  332,  279,  248,   97,  375,  522,  472,  242,  656,  495,  153,  283,  911,  175,  154,   99,  197,  400,  211,  223,  376,  352,  517,  674,  286,  193,  645,   88,  876,  498,  207,  431,  330,  645],
        [  726,    0,  806,  471,   78,  527,  801,  388,  700,  431,  274,  459,  510,  645,  183,    0,  825,  682,  959,  566,  201,  533,  676,  548,  286,  363,  665,  669,  760,  737,  428,  128,  680,  128,  833,  371,  932,  730,  114,  514,  867,  280,  871,  741,  209,  742,  911,  507,  872,  812,  128,  900,  210,  776,  227,  473,  418,  454,   88,  278,  195,  669,  575,  121,  781,  511,  247,  388, 1088,  311,  328,   89,  269,  537,  349,  351,  388,  466,  595,  758,  104,  281,  678,  257, 1051,  536,  389,  611,  475,  819],
        [  531,    0,  318,  570,  815,  601,  206,  441,  497,  444,  680,  435,  316,  191,  681,  825,    0,  671,  175,  911,  635,  928,  223,  366,  616,  463,  161,  212,  528,  211,  733,  913,  338,  743,  406,  476,  144,  480,  902,  540,  177,  552,   76,  507,  625,   84,  150,  342,   86,  376,  699,  127,  680,  456,  908,  415,  883,  434,  839,  631, 1009,  160,  303,  792,  980,  550,  784,  826,  433,  517,  637,  768,  568,  289,  739,  475,  577,  371,  359,  314,  908,  550,  508,  675,  392,  487,  534,  549,  353,  270],
        [  159,    0,  903,  233,  736,  165,  816,  500,  181,  393,  409,  366,  544,  532,  512,  682,  671,    0,  675,  318,  635,  360,  724,  357,  728,  527,  585,  472,  183,  774,  273,  810,  334,  711,  983,  448,  666,  973,  668,  864,  560,  510,  747,  190,  626,  622,  629,  637,  643,  351,  599,  638,  478,  258,  573,  699,  395,  374,  757,  418,  855,  566,  690,  753,  312,  870,  458,  368,  614,  520,  359,  594,  619,  555,  348,  539,  788,  604,  775,  870,  783,  599,  959,  428,  597,  838,  346,  135,  507,  446],
        [  519,    0,  475,  633,  959,  647,  365,  572,  494,  547,  779,  529,  459,  317,  801,  959,  175,  675,    0,  954,  780,  980,  397,  445,  775,  599,  310,  296,  505,  382,  797, 1057,  362,  889,  560,  594,   32,  647, 1025,  713,  118,  681,  200,  490,  769,  240,   52,  503,   96,  332,  832,   60,  793,  426, 1013,  581,  953,  531,  983,  736, 1149,  299,  473,  940,  985,  724,  883,  900,  276,  649,  729,  893,  714,  434,  819,  613,  744,  525,  532,  478, 1049,  694,  679,  778,  239,  660,  626,  573,  486,  229],
        [  467,    0, 1075,  345,  639,  311, 1010,  590,  476,  511,  356,  502,  689,  737,  457,  566,  911,  318,  954,    0,  618,   50,  896,  548,  734,  602,  786,  700,  496,  956,  201,  680,  593,  648, 1141,  529,  939, 1094,  502,  930,  836,  537,  983,  497,  614,  844,  904,  762,  904,  652,  542,  908,  424,  564,  373,  794,  153,  507,  653,  402,  689,  774,  831,  672,  222,  933,  323,  180,  928,  566,  348,  493,  637,  710,  250,  606,  823,  718,  902, 1034,  648,  625, 1064,  378,  908,  922,  421,  383,  641,  732],
        [  634,    0,  608,  403,  180,  470,  601,  216,  601,  292,  264,  325,  322,  463,  163,  201,  635,  635,  780,  618,    0,  599,  476,  405,  119,  184,  476,  499,  665,  537,  435,  279,  541,  111,  639,  223,  751,  545,  301,  340,  696,  133,  677,  642,   12,  553,  733,  309,  689,  678,   97,  720,  195,  662,  371,  274,  493,  318,  204,  229,  374,  483,  375,  162,  811,  339,  312,  445,  936,  145,  291,  179,   69,  348,  369,  169,  217,  269,  397,  560,  274,   86,  498,  242,  897,  352,  293,  532,  295,  665],
        [  504,    0, 1080,  360,  608,  334, 1019,  589,  510,  517,  341,  511,  693,  751,  437,  533,  928,  360,  980,   50,  599,    0,  902,  564,  716,  598,  799,  718,  534,  964,  203,  643,  619,  621, 1142,  527,  964, 1090,  462,  919,  863,  527, 1000,  534,  596,  859,  930,  762,  926,  685,  518,  932,  405,  600,  331,  790,  115,  515,  620,  391,  647,  787,  833,  643,  265,  921,  295,  155,  965,  558,  342,  464,  623,  715,  237,  600,  808,  717,  900, 1037,  610,  613, 1057,  362,  944,  914,  424,  413,  645,  760],
        [  616,    0,  182,  556,  650,  609,  128,  330,  576,  386,  599,  395,  210,  201,  566,  676,  223,  724,  397,  896,  476,  902,    0,  369,  428,  337,  153,  275,  626,   65,  700,  744,  420,  574,  259,  385,  365,  281,  769,  319,  375,  431,  227,  601,  467,  173,  368,  170,  305,  515,  557,  346,  575,  570,  804,  216,  833,  390,  671,  544,  844,  175,  103,  619, 1013,  329,  697,  774,  644,  392,  572,  636,  408,  188,  682,  344,  370,  215,  137,  146,  745,  396,  297,  587,  602,  265,  480,  590,  259,  428],
        [  274,    0,  550,  205,  567,  245,  471,  199,  233,  118,  336,   90,  192,  190,  373,  548,  366,  357,  445,  548,  405,  564,  369,    0,  456,  234,  241,  158,  295,  423,  367,  662,  137,  511,  627,  183,  423,  618,  595,  532,  336,  278,  436,  269,  394,  296,  394,  288,  375,  274,  425,  390,  358,  269,  570,  360,  519,   95,  592,  296,  742,  227,  335,  562,  645,  539,  439,  463,  541,  261,  285,  470,  357,  199,  377,  250,  483,  263,  421,  515,  647,  334,  608,  337,  504,  498,  183,  223,  164,  272],
        [  709,    0,  532,  496,  237,  565,  545,  257,  672,  356,  379,  389,  324,  466,  280,  286,  616,  728,  775,  734,  119,  716,  428,  456,    0,  222,  466,  517,  736,  484,  547,  323,  588,  163,  552,  290,  744,  445,  397,  230,  705,  219,  646,  712,  121,  538,  732,  276,  681,  724,  211,  716,  312,  723,  483,  213,  611,  381,  254,  339,  425,  477,  326,  199,  923,  228,  430,  562,  961,  211,  399,  289,  110,  345,  485,  207,  104,  250,  323,  485,  329,  131,  393,  357,  920,  251,  383,  615,  314,  694],
        [  491,    0,  499,  303,  360,  371,  464,   35,  453,  138,  270,  171,  148,  283,  230,  363,  463,  527,  599,  602,  184,  598,  337,  234,  222,    0,  303,  316,  517,  402,  402,  459,  368,  294,  551,   81,  571,  493,  442,  341,  513,   95,  512,  492,  172,  380,  552,  174,  510,  505,  236,  539,  238,  501,  468,  193,  513,  163,  385,  215,  551,  306,  248,  346,  761,  346,  362,  456,  754,   56,  256,  307,  126,  175,  364,   16,  262,  126,  305,  453,  450,  103,  462,  255,  715,  324,  193,  405,  113,  484],
        [  468,    0,  323,  442,  656,  485,  233,  281,  428,  294,  528,  291,  156,   53,  522,  665,  161,  585,  310,  786,  476,  799,  153,  241,  466,  303,    0,  123,  475,  192,  598,  755,  269,  585,  407,  319,  279,  432,  742,  427,  251,  392,  215,  451,  466,   78,  268,  195,  216,  363,  538,  251,  522,  417,  752,  277,  743,  289,  680,  477,  850,   22,  182,  635,  883,  437,  631,  685,  520,  356,  489,  608,  409,  129,  595,  315,  439,  216,  261,  295,  749,  391,  441,  521,  478,  378,  388,  453,  193,  283],
        [  347,    0,  444,  359,  675,  391,  348,  285,  308,  252,  486,  235,  195,   77,  506,  669,  212,  472,  296,  700,  499,  718,  275,  158,  517,  316,  123,    0,  353,  313,  523,  773,  148,  609,  529,  300,  271,  552,  730,  524,  198,  390,  284,  329,  488,  151,  245,  274,  219,  246,  542,  238,  497,  295,  719,  359,  676,  236,  699,  441,  861,  102,  286,  661,  777,  533,  590,  620,  445,  361,  438,  600,  438,  180,  534,  331,  513,  276,  372,  417,  762,  416,  557,  484,  404,  479,  334,  344,  206,  182],
        [   36,    0,  797,  291,  800,  249,  698,  484,   65,  381,  494,  348,  483,  425,  578,  760,  528,  183,  505,  496,  665,  534,  626,  295,  736,  517,  475,  353,    0,  665,  407,  886,  207,  759,  881,  448,  500,  896,  771,  826,  394,  533,  603,   26,  654,  494,  463,  579,  486,  174,  655,  475,  550,   79,  698,  654,  551,  355,  824,  483,  947,  455,  617,  807,  484,  833,  570,  513,  432,  529,  436,  672,  631,  484,  467,  531,  774,  557,  704,  770,  863,  608,  893,  507,  414,  790,  378,  154,  459,  278],
        [  659,    0,  132,  614,  709,  664,   64,  394,  619,  447,  663,  454,  273,  243,  630,  737,  211,  774,  382,  956,  537,  964,   65,  423,  484,  402,  192,  313,  665,    0,  761,  802,  460,  633,  217,  449,  352,  270,  832,  351,  379,  495,  194,  641,  529,  186,  361,  233,  297,  543,  620,  337,  639,  605,  869,  272,  896,  450,  730,  608,  903,  212,  163,  678, 1067,  362,  761,  837,  643,  456,  635,  699,  469,  249,  745,  408,  418,  279,  174,  109,  804,  458,  298,  651,  601,  298,  542,  641,  321,  448],
        [  372,    0,  878,  166,  492,  164,  817,  390,  364,  314,  173,  309,  491,  551,  282,  428,  733,  273,  797,  201,  435,  203,  700,  367,  547,  402,  598,  523,  407,  761,    0,  554,  439,  484,  942,  328,  779,  894,  399,  734,  682,  341,  802,  397,  430,  661,  746,  562,  737,  528,  371,  747,  246,  456,  301,  594,  157,  312,  511,  209,  589,  587,  632,  517,  376,  737,  190,  109,  818,  368,  151,  344,  445,  513,   80,  406,  630,  517,  701,  835,  524,  431,  864,  195,  792,  723,  222,  259,  443,  588],
        [  852,    0,  854,  598,   99,  655,  864,  488,  825,  545,  402,  575,  600,  741,  308,  128,  913,  810, 1057,  680,  279,  643,  744,  662,  323,  459,  755,  773,  886,  802,  554,    0,  797,  171,  869,  481, 1028,  753,  185,  532,  971,  387,  952,  866,  290,  831, 1010,  581,  967,  931,  238,  997,  337,  900,  319,  531,  529,  569,   75,  404,  103,  761,  641,  125,  899,  526,  369,  505, 1202,  413,  456,  217,  346,  626,  474,  445,  411,  545,  645,  807,   34,  364,  695,  384, 1164,  564,  512,  738,  572,  931],
        [  201,    0,  591,  277,  702,  286,  494,  333,  163,  253,  450,  222,  295,  219,  502,  680,  338,  334,  362,  593,  541,  619,  420,  137,  588,  368,  269,  148,  207,  460,  439,  797,    0,  647,  675,  319,  347,  693,  720,  640,  245,  414,  413,  182,  530,  292,  312,  388,  314,  138,  559,  316,  483,  154,  682,  469,  596,  228,  727,  418,  875,  248,  417,  698,  644,  648,  549,  545,  410,  397,  394,  600,  492,  291,  470,  383,  606,  375,  505,  564,  780,  469,  693,  456,  376,  600,  301,  216,  282,  152],
        [  727,    0,  692,  484,   76,  548,  696,  325,  696,  395,  313,  428,  432,  573,  204,  128,  743,  711,  889,  648,  111,  621,  574,  511,  163,  294,  585,  609,  759,  633,  484,  171,  647,    0,  714,  328,  860,  606,  241,  388,  806,  234,  781,  737,  122,  661,  843,  410,  798,  783,  114,  829,  239,  762,  344,  363,  509,  421,   97,  294,  271,  592,  472,   52,  854,  385,  327,  469, 1045,  253,  355,  159,  176,  457,  409,  279,  262,  374,  481,  644,  172,  196,  553,  291, 1006,  413,  382,  619,  405,  774],
        [  874,    0,   89,  807,  788,  863,  201,  556,  834,  631,  821,  645,  454,  457,  765,  833,  406,  983,  560, 1141,  639, 1142,  259,  627,  552,  551,  407,  529,  881,  217,  942,  869,  675,  714,    0,  616,  533,  140,  940,  344,  582,  638,  361,  857,  634,  400,  551,  381,  489,  758,  733,  527,  783,  821, 1001,  372, 1063,  639,  804,  766,  971,  427,  310,  748, 1268,  352,  910, 1005,  833,  600,  804,  816,  579,  437,  913,  553,  458,  428,  249,  113,  879,  576,  200,  805,  793,  305,  721,  849,  501,  662],
        [  420,    0,  557,  222,  385,  290,  509,   62,  384,   69,  215,  103,  178,  287,  208,  371,  476,  448,  594,  529,  223,  527,  385,  183,  290,   81,  319,  300,  448,  449,  328,  481,  319,  328,  616,    0,  568,  567,  432,  422,  497,   96,  533,  424,  212,  394,  544,  236,  510,  456,  245,  535,  204,  440,  434,  269,  450,   95,  410,  161,  565,  317,  307,  379,  681,  427,  316,  391,  721,   82,  189,  300,  183,  204,  299,   92,  341,  190,  374,  512,  467,  160,  540,  205,  683,  404,  113,  328,  131,  450],
        [  513,    0,  448,  614,  930,  631,  337,  544,  486,  522,  756,  505,  429,  288,  775,  932,  144,  666,   32,  939,  751,  964,  365,  423,  744,  571,  279,  271,  500,  352,  779, 1028,  347,  860,  533,  568,    0,  618,  999,  682,  107,  653,  173,  484,  740,  209,   38,  472,   64,  329,  804,   34,  767,  422,  989,  550,  935,  507,  954,  711, 1121,  269,  442,  911,  977,  692,  860,  881,  301,  621,  707,  867,  685,  404,  799,  584,  713,  495,  501,  450, 1021,  665,  649,  754,  262,  629,  603,  561,  458,  223],
        [  883,    0,  188,  776,  677,  838,  285,  505,  842,  596,  756,  616,  430,  476,  687,  730,  480,  973,  647, 1094,  545, 1090,  281,  618,  445,  493,  432,  552,  896,  270,  894,  753,  693,  606,  140,  567,  618,    0,  840,  222,  648,  569,  452,  870,  542,  450,  629,  340,  565,  795,  641,  606,  709,  845,  915,  301, 1002,  609,  692,  703,  854,  454,  284,  636, 1241,  228,  837,  945,  912,  534,  749,  724,  492,  420,  855,  490,  345,  380,  199,  170,  766,  494,   62,  738,  870,  195,  678,  840,  470,  709],
        [  736,    0,  908,  481,  185,  526,  895,  462,  715,  482,  279,  506,  589,  716,  225,  114,  902,  668, 1025,  502,  301,  462,  769,  595,  397,  442,  742,  730,  771,  832,  399,  185,  720,  241,  940,  432,  999,  840,    0,  626,  926,  351,  953,  755,  308,  819,  975,  599,  941,  845,  212,  966,  238,  798,  135,  574,  350,  502,  186,  303,  192,  743,  670,  230,  722,  623,  210,  333, 1130,  387,  338,  135,  366,  617,  321,  432,  499,  555,  697,  860,  152,  374,  789,  269, 1096,  646,  420,  618,  549,  866],
        [  805,    0,  349,  644,  458,  711,  400,  365,  764,  471,  578,  499,  346,  452,  494,  514,  540,  864,  713,  930,  340,  919,  319,  532,  230,  341,  427,  524,  826,  351,  734,  532,  640,  388,  344,  422,  682,  222,  626,    0,  676,  394,  542,  800,  339,  479,  681,  253,  620,  765,  436,  660,  521,  791,  710,  172,  821,  491,  471,  529,  633,  446,  246,  415, 1100,   11,  646,  768,  947,  367,  583,  517,  299,  351,  683,  333,  127,  269,  182,  308,  545,  307,  165,  558,  904,   54,  534,  736,  368,  703],
        [  406,    0,  494,  518,  872,  530,  382,  483,  379,  444,  672,  423,  382,  240,  701,  867,  177,  560,  118,  836,  696,  863,  375,  336,  705,  513,  251,  198,  394,  379,  682,  971,  245,  806,  582,  497,  107,  648,  926,  676,    0,  588,  238,  377,  684,  202,   70,  444,  104,  224,  740,   82,  690,  316,  906,  527,  838,  426,  897,  630, 1059,  234,  430,  858,  870,  686,  774,  785,  271,  559,  620,  796,  634,  361,  706,  527,  688,  457,  503,  486,  960,  612,  670,  672,  229,  626,  518,  456,  401,  116],
        [  502,    0,  589,  278,  290,  347,  558,  112,  468,  162,  188,  195,  239,  367,  136,  280,  552,  510,  681,  537,  133,  527,  431,  278,  219,   95,  392,  390,  533,  495,  341,  387,  414,  234,  638,   96,  653,  569,  351,  394,  588,    0,  603,  510,  122,  469,  632,  265,  594,  550,  153,  621,  146,  531,  374,  269,  434,  188,  315,  137,  472,  393,  339,  285,  712,  397,  273,  378,  816,   40,  190,  216,  110,  267,  290,   88,  292,  218,  389,  542,  374,   93,  532,  170,  778,  387,  165,  402,  199,  545],
        [  606,    0,  276,  640,  855,  674,  167,  493,  572,  507,  742,  500,  365,  254,  736,  871,   76,  747,  200,  983,  677, 1000,  227,  436,  646,  512,  215,  284,  603,  194,  802,  952,  413,  781,  361,  533,  173,  452,  953,  542,  238,  603,    0,  582,  666,  143,  194,  373,  136,  448,  746,  170,  736,  530,  967,  437,  951,  499,  878,  691, 1050,  220,  322,  829, 1055,  553,  845,  894,  473,  566,  702,  818,  608,  337,  805,  522,  595,  408,  361,  282,  950,  592,  488,  735,  434,  489,  599,  624,  406,  340],
        [   32,    0,  772,  275,  780,  237,  674,  459,   42,  357,  477,  323,  457,  400,  559,  741,  507,  190,  490,  497,  642,  534,  601,  269,  712,  492,  451,  329,   26,  641,  397,  866,  182,  737,  857,  424,  484,  870,  755,  800,  377,  510,  582,    0,  632,  471,  447,  553,  468,  162,  635,  458,  532,   69,  685,  628,  545,  331,  803,  464,  929,  430,  591,  785,  496,  808,  556,  505,  432,  505,  418,  654,  607,  458,  455,  507,  749,  531,  679,  745,  844,  584,  867,  490,  411,  764,  357,  141,  433,  262],
        [  624,    0,  601,  394,  191,  462,  592,  204,  590,  281,  260,  314,  311,  452,  160,  209,  625,  626,  769,  614,   12,  596,  467,  394,  121,  172,  466,  488,  654,  529,  430,  290,  530,  122,  634,  212,  740,  542,  308,  339,  684,  122,  666,  632,    0,  543,  722,  299,  678,  667,  100,  709,  192,  652,  374,  267,  492,  307,  215,  222,  385,  472,  366,  174,  806,  338,  311,  442,  925,  133,  284,  183,   60,  337,  365,  158,  217,  259,  390,  553,  284,   76,  495,  238,  885,  348,  284,  522,  284,  654],
        [  492,    0,  311,  500,  733,  537,  206,  358,  454,  365,  600,  358,  233,  112,  599,  742,   84,  622,  240,  844,  553,  859,  173,  296,  538,  380,   78,  151,  494,  186,  661,  831,  292,  661,  400,  394,  209,  450,  819,  479,  202,  469,  143,  471,  543,    0,  203,  264,  145,  360,  616,  183,  598,  428,  827,  342,  809,  357,  757,  550,  927,   78,  235,  711,  927,  489,  705,  752,  472,  434,  560,  685,  486,  206,  663,  392,  505,  290,  302,  294,  826,  468,  469,  594,  430,  427,  457,  494,  270,  263],
        [  476,    0,  464,  582,  911,  597,  352,  523,  449,  496,  728,  478,  413,  271,  750,  911,  150,  629,   52,  904,  733,  930,  368,  394,  732,  552,  268,  245,  463,  361,  746, 1010,  312,  843,  551,  544,   38,  629,  975,  681,   70,  632,  194,  447,  722,  203,    0,  463,   65,  292,  783,   25,  742,  385,  962,  542,  902,  480,  936,  685, 1101,  255,  438,  894,  940,  691,  831,  849,  284,  600,  678,  844,  668,  389,  768,  566,  706,  482,  502,  463, 1001,  648,  657,  727,  243,  629,  575,  525,  439,  186],
        [  561,    0,  325,  437,  485,  499,  296,  175,  520,  257,  442,  277,   97,  208,  399,  507,  342,  637,  503,  762,  309,  762,  170,  288,  276,  174,  195,  274,  579,  233,  562,  581,  388,  410,  381,  236,  472,  340,  599,  253,  444,  265,  373,  553,  299,  264,  463,    0,  408,  513,  388,  445,  411,  541,  638,   85,  683,  270,  507,  387,  680,  210,   74,  458,  902,  262,  536,  625,  710,  226,  423,  467,  240,   99,  533,  178,  245,   48,  142,  279,  580,  227,  323,  428,  668,  212,  342,  505,  131,  455],
        [  495,    0,  401,  572,  868,  594,  289,  484,  464,  468,  704,  454,  367,  228,  718,  872,   86,  643,   96,  904,  689,  926,  305,  375,  681,  510,  216,  219,  486,  297,  737,  967,  314,  798,  489,  510,   64,  565,  941,  620,  104,  594,  136,  468,  678,  145,   65,  408,    0,  322,  744,   42,  712,  410,  936,  486,  891,  454,  892,  658, 1060,  207,  379,  849,  955,  630,  808,  836,  348,  561,  656,  808,  623,  342,  752,  523,  649,  431,  440,  399,  959,  603,  593,  701,  307,  567,  553,  530,  397,  213],
        [  193,    0,  670,  379,  837,  365,  564,  470,  176,  389,  570,  357,  423,  322,  631,  812,  376,  351,  332,  652,  678,  685,  515,  274,  724,  505,  363,  246,  174,  543,  528,  931,  138,  783,  758,  456,  329,  795,  845,  765,  224,  550,  448,  162,  667,  360,  292,  513,  322,    0,  693,  306,  610,   95,  795,  596,  683,  363,  862,  543, 1005,  342,  531,  834,  657,  774,  662,  637,  292,  534,  512,  729,  629,  415,  573,  521,  739,  505,  617,  651,  913,  606,  802,  577,  264,  722,  426,  274,  416,  110],
        [  622,    0,  698,  374,  146,  437,  683,  261,  593,  307,  200,  337,  384,  517,   90,  128,  699,  599,  832,  542,   97,  518,  557,  425,  211,  236,  538,  542,  655,  620,  371,  238,  559,  114,  733,  245,  804,  641,  212,  436,  740,  153,  746,  635,  100,  616,  783,  388,  744,  693,    0,  772,  126,  664,  275,  364,  409,  332,  170,  182,  320,  542,  458,  155,  744,  435,  225,  364,  965,  184,  242,   83,  155,  411,  298,  225,  312,  345,  488,  650,  223,  163,  594,  178,  928,  448,  278,  511,  348,  695],
        [  486,    0,  440,  582,  899,  599,  328,  512,  458,  489,  723,  472,  399,  257,  742,  900,  127,  638,   60,  908,  720,  932,  346,  390,  716,  539,  251,  238,  475,  337,  747,  997,  316,  829,  527,  535,   34,  606,  966,  660,   82,  621,  170,  458,  709,  183,   25,  445,   42,  306,  772,    0,  734,  397,  956,  524,  902,  474,  923,  678, 1089,  240,  418,  880,  950,  670,  827,  848,  308,  589,  674,  834,  654,  374,  766,  553,  687,  466,  481,  439,  989,  634,  634,  721,  267,  607,  570,  531,  426,  198],
        [  516,    0,  735,  261,  258,  319,  701,  248,  490,  246,   75,  269,  376,  490,   36,  210,  680,  478,  793,  424,  195,  405,  575,  358,  312,  238,  522,  497,  550,  639,  246,  337,  483,  239,  783,  204,  767,  709,  238,  521,  690,  146,  736,  532,  192,  598,  742,  411,  712,  610,  126,  734,    0,  569,  232,  412,  302,  265,  280,   69,  399,  520,  485,  277,  620,  522,  129,  251,  893,  185,  120,  123,  223,  403,  176,  234,  405,  363,  534,  688,  314,  216,  668,   53,  858,  522,  184,  401,  331,  629],
        [  100,    0,  735,  320,  810,  293,  633,  467,   93,  372,  520,  338,  446,  370,  594,  776,  456,  258,  426,  564,  662,  600,  570,  269,  723,  501,  417,  295,   79,  605,  456,  900,  154,  762,  821,  440,  422,  845,  798,  791,  316,  531,  530,   69,  652,  428,  385,  541,  410,   95,  664,  397,  569,    0,  736,  620,  606,  346,  834,  501,  968,  396,  571,  812,  562,  800,  605,  564,  367,  521,  461,  691,  621,  443,  508,  516,  751,  524,  658,  711,  879,  598,  846,  531,  345,  752,  389,  197,  429,  200],
        [  662,    0,  959,  418,  305,  449,  931,  479,  647,  468,  235,  485,  607,  718,  240,  227,  908,  573, 1013,  373,  371,  331,  804,  570,  483,  468,  752,  719,  698,  869,  301,  319,  682,  344, 1001,  434,  989,  915,  135,  710,  906,  374,  967,  685,  374,  827,  962,  638,  936,  795,  275,  956,  232,  736,    0,  630,  221,  483,  311,  279,  317,  750,  711,  347,  594,  709,  134,  215, 1086,  413,  289,  194,  424,  635,  231,  461,  585,  591,  753,  912,  286,  426,  869,  236, 1054,  722,  388,  545,  563,  832],
        [  634,    0,  335,  486,  439,  551,  334,  208,  593,  308,  456,  333,  175,  292,  394,  473,  415,  699,  581,  794,  274,  790,  216,  360,  213,  193,  277,  359,  654,  272,  594,  531,  469,  363,  372,  269,  550,  301,  574,  172,  527,  269,  437,  628,  267,  342,  542,   85,  486,  596,  364,  524,  412,  620,  630,    0,  702,  326,  459,  403,  632,  293,  115,  406,  949,  181,  541,  645,  794,  234,  448,  446,  209,  182,  555,  190,  164,   98,  125,  287,  534,  204,  271,  439,  752,  140,  382,  569,  197,  540],
        [  517,    0, 1006,  321,  493,  318,  954,  509,  514,  452,  246,  452,  623,  699,  332,  418,  883,  395,  953,  153,  493,  115,  833,  519,  611,  513,  743,  676,  551,  896,  157,  529,  596,  509, 1063,  450,  935, 1002,  350,  821,  838,  434,  951,  545,  492,  809,  902,  683,  891,  683,  409,  902,  302,  606,  221,  702,    0,  455,  506,  299,  537,  734,  756,  529,  374,  823,  184,   59,  971,  469,  262,  351,  523,  647,  152,  514,  706,  636,  817,  961,  496,  515,  965,  265,  946,  820,  357,  410,  575,  745],
        [  329,    0,  570,  169,  475,  229,  505,  131,  291,   27,  250,    9,  185,  246,  279,  454,  434,  374,  531,  507,  318,  515,  390,   95,  381,  163,  289,  236,  355,  450,  312,  569,  228,  421,  639,   95,  507,  609,  502,  491,  426,  188,  499,  331,  307,  357,  480,  270,  454,  363,  332,  474,  265,  346,  483,  326,  455,    0,  499,  206,  648,  280,  332,  472,  633,  497,  354,  397,  635,  176,  204,  376,  277,  204,  307,  176,  423,  233,  411,  529,  553,  254,  590,  248,  598,  465,  101,  246,  141,  366],
        [  790,    0,  785,  539,   25,  599,  792,  415,  762,  475,  350,  505,  526,  666,  248,   88,  839,  757,  983,  653,  204,  620,  671,  592,  254,  385,  680,  699,  824,  730,  511,   75,  727,   97,  804,  410,  954,  692,  186,  471,  897,  315,  878,  803,  215,  757,  936,  507,  892,  862,  170,  923,  280,  834,  311,  459,  506,  499,    0,  344,  174,  686,  568,   57,  868,  466,  333,  475, 1130,  339,  400,  168,  272,  552,  432,  371,  348,  471,  576,  738,   76,  290,  636,  330, 1092,  501,  447,  678,  497,  859],
        [  449,    0,  712,  195,  322,  256,  669,  215,  422,  190,   55,  208,  338,  441,   97,  278,  631,  418,  736,  402,  229,  391,  544,  296,  339,  215,  477,  441,  483,  608,  209,  404,  418,  294,  766,  161,  711,  703,  303,  529,  630,  137,  691,  464,  222,  550,  685,  387,  658,  543,  182,  678,   69,  501,  279,  403,  299,  206,  344,    0,  467,  473,  461,  335,  585,  532,  156,  243,  827,  170,   63,  191,  237,  365,  154,  215,  422,  340,  519,  666,  381,  224,  668,   45,  793,  524,  118,  334,  291,  565],
        [  913,    0,  956,  657,  196,  708,  965,  578,  888,  625,  455,  653,  695,  833,  375,  195, 1009,  855, 1149,  689,  374,  647,  844,  742,  425,  551,  850,  861,  947,  903,  589,  103,  875,  271,  971,  565, 1121,  854,  192,  633, 1059,  472, 1050,  929,  385,  927, 1101,  680, 1060, 1005,  320, 1089,  399,  968,  317,  632,  537,  648,  174,  467,    0,  855,  742,  227,  910,  627,  400,  523, 1283,  501,  512,  277,  443,  721,  510,  537,  513,  643,  747,  909,  101,  460,  796,  440, 1246,  666,  581,  796,  663, 1013],
        [  448,    0,  343,  429,  663,  470,  250,  282,  408,  288,  523,  282,  161,   37,  522,  669,  160,  566,  299,  774,  483,  787,  175,  227,  477,  306,   22,  102,  455,  212,  587,  761,  248,  592,  427,  317,  269,  454,  743,  446,  234,  393,  220,  430,  472,   78,  255,  210,  207,  342,  542,  240,  520,  396,  750,  293,  734,  280,  686,  473,  855,    0,  201,  643,  866,  456,  627,  676,  502,  359,  483,  609,  417,  136,  586,  319,  454,  227,  282,  316,  754,  397,  463,  517,  460,  398,  380,  435,  195,  262],
        [  602,    0,  252,  500,  547,  559,  227,  247,  560,  322,  515,  338,  148,  212,  472,  575,  303,  690,  473,  831,  375,  833,  103,  335,  326,  248,  182,  286,  617,  163,  632,  641,  417,  472,  310,  307,  442,  284,  670,  246,  430,  339,  322,  591,  366,  235,  438,   74,  379,  531,  458,  418,  485,  571,  711,  115,  756,  332,  568,  461,  742,  201,    0,  517,  964,  257,  610,  697,  701,  300,  495,  538,  307,  136,  605,  252,  275,  122,   88,  206,  643,  296,  277,  501,  658,  197,  411,  556,  192,  461],
        [  774,    0,  730,  528,   46,  591,  740,  377,  744,  446,  350,  478,  482,  624,  242,  121,  792,  753,  940,  672,  162,  643,  619,  562,  199,  346,  635,  661,  807,  678,  517,  125,  698,   52,  748,  379,  911,  636,  230,  415,  858,  285,  829,  785,  174,  711,  894,  458,  849,  834,  155,  880,  277,  812,  347,  406,  529,  472,   57,  335,  227,  643,  517,    0,  883,  410,  350,  493, 1097,  304,  395,  179,  227,  507,  440,  331,  292,  423,  521,  683,  132,  247,  580,  328, 1058,  445,  429,  665,  457,  826],
        [  466,    0, 1194,  466,  852,  406, 1114,  741,  492,  646,  548,  627,  817,  831,  656,  781,  980,  312,  985,  222,  811,  265, 1013,  645,  923,  761,  883,  777,  484, 1067,  376,  899,  644,  854, 1268,  681,  977, 1241,  722, 1100,  870,  712, 1055,  496,  806,  927,  940,  902,  955,  657,  744,  950,  620,  562,  594,  949,  374,  633,  868,  585,  910,  866,  964,  883,    0, 1104,  536,  394,  896,  735,  524,  704,  819,  833,  446,  768, 1003,  862, 1044, 1157,  866,  804, 1219,  570,  885, 1084,  569,  433,  773,  756],
        [  812,    0,  359,  649,  453,  716,  411,  371,  772,  477,  580,  505,  354,  462,  495,  511,  550,  870,  724,  933,  339,  921,  329,  539,  228,  346,  437,  533,  833,  362,  737,  526,  648,  385,  352,  427,  692,  228,  623,   11,  686,  397,  553,  808,  338,  489,  691,  262,  630,  774,  435,  670,  522,  800,  709,  181,  823,  497,  466,  532,  627,  456,  257,  410, 1104,    0,  647,  770,  957,  370,  586,  515,  300,  360,  685,  338,  125,  277,  193,  318,  540,  309,  170,  560,  914,   65,  538,  742,  375,  712],
        [  535,    0,  860,  286,  318,  322,  822,  367,  517,  342,  105,  355,  493,  594,  153,  247,  784,  458,  883,  323,  312,  295,  697,  439,  430,  362,  631,  590,  570,  761,  190,  369,  549,  327,  910,  316,  860,  837,  210,  646,  774,  273,  845,  556,  311,  705,  831,  536,  808,  662,  225,  827,  129,  605,  134,  541,  184,  354,  333,  156,  400,  627,  610,  350,  536,  647,    0,  143,  952,  311,  155,  171,  349,  519,  111,  359,  528,  488,  661,  814,  338,  344,  796,  112,  921,  649,  257,  416,  446,  699],
        [  479,    0,  947,  268,  460,  272,  896,  451,  472,  393,  191,  395,  565,  641,  283,  388,  826,  368,  900,  180,  445,  155,  774,  463,  562,  456,  685,  620,  513,  837,  109,  505,  545,  469, 1005,  391,  881,  945,  333,  768,  785,  378,  894,  505,  442,  752,  849,  625,  836,  637,  364,  848,  251,  564,  215,  645,   59,  397,  475,  243,  523,  676,  697,  493,  394,  770,  143,    0,  927,  412,  203,  314,  471,  589,   93,  457,  655,  578,  760,  903,  473,  462,  910,  210,  900,  765,  298,  368,  516,  695],
        [  462,    0,  747,  670, 1105,  655,  635,  721,  458,  658,  858,  630,  639,  503,  911, 1088,  433,  614,  276,  928,  936,  965,  644,  541,  961,  754,  520,  445,  432,  643,  818, 1202,  410, 1045,  833,  721,  301,  912, 1130,  947,  271,  816,  473,  432,  925,  472,  284,  710,  348,  292,  965,  308,  893,  367, 1086,  794,  971,  635, 1130,  827, 1283,  502,  701, 1097,  896,  957,  952,  927,    0,  793,  800, 1009,  879,  621,  864,  770,  953,  718,  774,  746, 1187,  856,  938,  864,   43,  896,  710,  561,  649,  272],
