{
    "name": "random-54-5431",
    "comment": "size=54 seed=5431",
    "nodes": ["+0", "-0", "+1", "-1", "+2", "-2", "+3", "-3", "+4", "-4", "+5", "-5", "+6", "-6", "+7", "-7", "+8", "-8", "+9", "-9", "+10", "-10", "+11", "-11", "+12", "-12", "+13", "-13", "+14", "-14", "+15", "-15", "+16", "-16", "+17", "-17", "+18", "-18", "+19", "-19", "+20", "-20", "+21", "-21", "+22", "-22", "+23", "-23", "+24", "-24", "+25", "-25", "+26", "-26", "+27", "-27", "+28", "-28", "+29", "-29", "+30", "-30", "+31", "-31", "+32", "-32", "+33", "-33", "+34", "-34", "+35", "-35", "+36", "-36", "+37", "-37", "+38", "-38", "+39", "-39", "+40", "-40", "+41", "-41", "+42", "-42", "+43", "-43", "+44", "-44", "+45", "-45", "+46", "-46", "+47", "-47", "+48", "-48", "+49", "-49", "+50", "-50", "+51", "-51", "+52", "-52", "+53", "-53", "+54", "-54"],
    "precedence": {
        "+0": "-0",
        "+1": "-1",
        "+2": "-2",
        "+3": "-3",
        "+4": "-4",
        "+5": "-5",
        "+6": "-6",
        "+7": "-7",
        "+8": "-8",
        "+9": "-9",
        "+10": "-10",
        "+11": "-11",
        "+12": "-12",
        "+13": "-13",
        "+14": "-14",
        "+15": "-15",
        "+16": "-16",
        "+17": "-17",
        "+18": "-18",
        "+19": "-19",
        "+20": "-20",
        "+21": "-21",
        "+22": "-22",
        "+23": "-23",
        "+24": "-24",
        "+25": "-25",
        "+26": "-26",
        "+27": "-27",
        "+28": "-28",
        "+29": "-29",
        "+30": "-30",
        "+31": "-31",
        "+32": "-32",
        "+33": "-33",
        "+34": "-34",
        "+35": "-35",
        "+36": "-36",
        "+37": "-37",
        "+38": "-38",
        "+39": "-39",
        "+40": "-40",
        "+41": "-41",
        "+42": "-42",
        "+43": "-43",
        "+44": "-44",
        "+45": "-45",
        "+46": "-46",
        "+47": "-47",
        "+48": "-48",
        "+49": "-49",
        "+50": "-50",
        "+51": "-51",
        "+52": "-52",
        "+53": "-53",
        "+54": "-54"
    },
    "edges": [
        [    0,    0,  960,  401,  789,  315,  250,  344,  368,  576,  187,  345,  521,   41,  737,  317,  454,  920,  314,  451,  678,  635,  227,  827,  427,  332,  535,  215,  748,  879,  359,  831,  214,  666,  660,  604,  280,  496,  369,  225,  552,  567,  839,  354,  464,  328,  685,  634,  229,   86,  277,  230,  509,  514,  717,  440,  550,  532,  650,  631,  377,  371,  514,  433,  609,  421,  430,  898,  351,  115,  541,  680,  368,  178,  319,  374,  475,  397,  567,  380,  670,  217,  458,  723,  300,   81,  383,  318,  750,  413,  175,  268,  250,  674,   97,  687,  411,  752,  311,  147,  241,  195,  798,  676,  532,  347,  116,  476,  933,  378],
        [    0,    0,    0,    0,    0,    0,    0,    0,    0,    0,    0,    0,    0,    0,    0,    0,    0,    0,    0,    0,    0,    0,    0,    0,    0,    0,    0,    0,    0,    0,    0,    0,    0,    0,    0,    0,    0,    0,    0,    0,    0,    0,    0,    0,    0,    0,    0,    0,    0,    0,    0,    0,    0,    0,    0,    0,    0,    0,    0,    0,    0,    0,    0,    0,    0,    0,    0,    0,    0,    0,    0,    0,    0,    0,    0,    0,    0,    0,    0,    0,    0,    0,    0,    0,    0,    0,    0,    0,    0,    0,    0,    0,    0,    0,    0,    0,    0,    0,    0,    0,    0,    0,    0,    0,    0,    0,    0,    0,    0,    0],
        [  960,    0,    0,  562,  543,  647, 1110, 1168,  628,  928, 1102,  707,  955,  984,  346, 1078,  656,   81,  752,  819,  715,  497, 1179,  917,  587,  646,  814,  851,  599,  135,  798,  210,  783,  440,  634,  802,  932,  914, 1302,  853,  463,  426,  164,  607,  497, 1248,  415,  370,  739,  957,  997,  768, 1017,  701,  757,  799,  922,  430,  329,  475,  678,  654,  998, 1029,  775,  746,  718,   63,  620, 1073,  489,  576,  921,  878, 1035,  593,  876,  732,  407,  754,  659,  929,  894,  310,  926,  882,  924,  683,  672,  784,  982, 1215,  755,  306, 1056,  336,  571,  766,  708, 1102, 1061, 1151,  165,  806,  433, 1268,  972,  492,   34,  844],
        [  401,    0,  562,    0,  480,  108,  557,  626,  173,  608,  542,  201,  527,  423,  358,  544,  312,  519,  235,  383,  471,  371,  617,  688,  123,  147,  505,  305,  467,  494,  311,  434,  226,  312,  408,  470,  405,  484,  742,  352,  181,  224,  456,   72,   89,  689,  378,  243,  177,  412,  507,  250,  567,  330,  524,  428,  588,  147,  251,  290,  190,  220,  556,  543,  455,  298,  279,  501,  119,  515,  185,  394,  428,  325,  508,   34,  443,  268,  200,  345,  431,  385,  514,  369,  457,  322,  495,  202,  505,  396,  458,  653,  246,  299,  496,  335,  139,  555,  233,  541,  512,  594,  398,  522,  131,  709,  433,  124,  537,  427],
        [  789,    0,  543,  480,    0,  581,  814,  832,  649, 1081,  847,  445,  507,  791,  223,  737,  774,  463,  479,  419,  206,  748,  948,  376,  384,  627,  972,  591,   69,  593,  463,  337,  576,  184,  154,  321,  608,  478, 1025,  820,  308,  579,  578,  551,  505,  964,  704,  307,  583,  835,  971,  718,  578,  301,  231,  904, 1063,  488,  356,  193,  413,  696,  555,  625,  294,  392,  373,  516,  599,  894,  297,  112,  550,  630,  687,  483,  454,  404,  534,  823,  164,  641,  993,  621,  931,  713,  974,  681,  136,  873,  904,  970,  719,  539,  865,  611,  603,  231,  713,  892,  758,  971,  444,  294,  421,  982,  864,  539,  545,  907],
        [  315,    0,  647,  108,  581,    0,  505,  583,  104,  523,  476,  229,  554,  343,  465,  512,  250,  611,  247,  419,  550,  366,  539,  757,  205,   59,  428,  275,  563,  564,  330,  535,  187,  418,  496,  531,  387,  512,  673,  245,  287,  258,  525,   41,  150,  624,  395,  349,  121,  313,  400,  143,  582,  396,  602,  342,  501,  217,  351,  394,  235,  145,  574,  542,  521,  341,  329,  584,   51,  427,  289,  489,  431,  283,  484,   99,  474,  308,  253,  257,  517,  351,  421,  415,  351,  242,  394,  107,  594,  309,  353,  578,  140,  360,  412,  379,  112,  634,  136,  460,  467,  505,  487,  590,  228,  644,  331,  162,  620,  330],
        [  250,    0, 1110,  557,  814,  505,    0,   95,  584,  823,   85,  411,  398,  210,  830,  110,  692, 1056,  366,  404,  651,  859,  174,  735,  527,  540,  785,  259,  757, 1051,  352,  948,  332,  741,  664,  546,  206,  393,  212,  474,  658,  761, 1013,  535,  638,  151,  898,  751,  388,  328,  507,  463,  355,  513,  674,  690,  797,  702,  783,  701,  444,  599,  370,  268,  562,  423,  445, 1050,  551,  234,  638,  703,  275,  233,  148,  524,  393,  417,  750,  627,  664,  185,  706,  916,  545,  282,  628,  543,  735,  661,  408,  175,  484,  854,  208,  881,  614,  705,  544,  179,   56,  260,  945,  615,  681,  170,  352,  662, 1088,  628],
        [  344,    0, 1168,  626,  832,  583,   95,    0,  667,  917,  174,  461,  374,  304,  873,   97,  781, 1110,  416,  415,  655,  943,  240,  710,  581,  623,  879,  322,  772, 1117,  385,  996,  403,  780,  679,  543,  240,  380,  217,  568,  709,  837, 1079,  611,  710,  162,  978,  803,  464,  423,  601,  553,  319,  535,  670,  783,  891,  772,  839,  739,  492,  686,  338,  236,  563,  452,  477, 1110,  631,  324,  686,  724,  283,  303,  146,  592,  389,  452,  823,  719,  676,  242,  800,  990,  639,  371,  722,  629,  741,  755,  501,  226,  573,  924,  300,  956,  695,  700,  632,  266,  117,  339, 1004,  607,  744,  173,  446,  736, 1147,  722],
        [  368,    0,  628,  173,  649,  104,  584,  667,    0,  436,  544,  332,  657,  402,  503,  603,  147,  605,  350,  522,  640,  276,  594,  853,  291,   48,  333,  371,  639,  529,  434,  549,  284,  474,  580,  629,  484,  616,  735,  226,  343,  208,  489,  110,  158,  691,  319,  383,  216,  341,  375,  146,  685,  492,  693,  256,  416,  211,  370,  457,  335,   48,  677,  643,  617,  443,  429,  566,   59,  470,  353,  566,  533,  374,  578,  182,  577,  410,  221,  175,  603,  444,  344,  360,  311,  306,  335,   56,  677,  225,  355,  635,  130,  325,  461,  324,   59,  725,   82,  513,  551,  543,  478,  686,  251,  710,  351,  143,  598,  261],
        [  576,    0,  928,  608, 1081,  523,  823,  917,  436,    0,  749,  742, 1040,  615,  915,  891,  311,  936,  745,  923, 1072,  432,  735, 1278,  724,  467,  117,  716, 1074,  798,  826,  924,  647,  902, 1015, 1049,  821, 1003,  880,  362,  774,  541,  766,  542,  578,  862,  515,  797,  590,  495,  332,  427, 1049,  917, 1124,  182,   27,  608,  768,  888,  754,  388, 1048,  986, 1041,  854,  845,  875,  491,  608,  786, 1002,  895,  698,  886,  615,  970,  821,  581,  267, 1037,  763,  119,  619,  279,  575,  196,  416, 1112,  215,  420,  776,  413,  644,  624,  596,  478, 1157,  388,  670,  816,  637,  820, 1111,  667,  876,  472,  547,  895,  209],
        [  187,    0, 1102,  542,  847,  476,   85,  174,  544,  749,    0,  422,  465,  148,  842,  189,  640, 1054,  379,  450,  697,  816,  106,  799,  531,  504,  718,  265,  794, 1034,  384,  952,  321,  757,  701,  600,  248,  455,  201,  410,  663,  733,  995,  510,  618,  149,  862,  753,  366,  257,  428,  413,  429,  549,  725,  625,  723,  684,  780,  719,  456,  553,  442,  342,  613,  456,  474, 1041,  518,  151,  645,  735,  330,  231,  218,  510,  449,  444,  727,  567,  704,  206,  634,  890,  471,  238,  553,  498,  779,  598,  331,  124,  433,  833,  127,  854,  581,  758,  495,   95,  115,  178,  938,  670,  670,  169,  278,  637, 1078,  559],
        [  345,    0,  707,  201,  445,  229,  411,  461,  332,  742,  422,    0,  330,  348,  421,  371,  478,  649,   46,  190,  351,  569,  516,  539,  121,  288,  653,  157,  404,  664,  111,  538,  133,  336,  319,  308,  225,  287,  616,  414,  249,  423,  629,  229,  288,  557,  578,  342,  160,  395,  552,  322,  367,  185,  397,  563,  718,  337,  379,  298,   35,  374,  356,  346,  303,  113,  105,  650,  274,  451,  227,  336,  231,  193,  328,  171,  247,   80,  396,  478,  332,  227,  633,  561,  528,  270,  590,  331,  413,  529,  472,  544,  332,  484,  422,  530,  323,  432,  356,  454,  359,  528,  544,  373,  293,  577,  426,  324,  688,  539],
        [  521,    0,  955,  527,  507,  554,  398,  374,  657, 1040,  465,  330,    0,  498,  617,  292,  802,  883,  308,  148,  307,  898,  568,  338,  422,  611,  963,  328,  439,  944,  224,  754,  394,  519,  357,  188,  242,   45,  589,  685,  507,  745,  913,  557,  612,  532,  901,  593,  456,  602,  790,  615,   71,  254,  309,  869, 1015,  652,  644,  481,  338,  696,   49,  139,  214,  233,  257,  906,  601,  581,  479,  413,  154,  353,  251,  499,   86,  260,  713,  786,  343,  305,  924,  872,  792,  483,  866,  647,  392,  835,  692,  572,  629,  789,  547,  844,  652,  334,  667,  547,  351,  635,  804,  241,  596,  545,  634,  649,  943,  831],
        [   41,    0,  984,  423,  791,  343,  210,  304,  402,  615,  148,  348,  498,    0,  751,  281,  492,  942,  313,  438,  671,  671,  197,  811,  438,  364,  575,  206,  747,  907,  350,  849,  222,  676,  658,  591,  256,  475,  334,  265,  567,  598,  867,  380,  491,  291,  720,  651,  247,  121,  310,  266,  482,  509,  708,  480,  588,  558,  670,  640,  381,  408,  488,  403,  598,  415,  427,  922,  381,  103,  554,  681,  346,  168,  286,  394,  457,  394,  596,  420,  666,  195,  497,  754,  338,  102,  420,  354,  746,  453,  208,  236,  287,  703,   76,  718,  443,  742,  348,  118,  204,  181,  821,  663,  554,  310,  149,  505,  958,  418],
        [  737,    0,  346,  358,  223,  465,  830,  873,  503,  915,  842,  421,  617,  751,    0,  778,  605,  270,  465,  489,  370,  544,  933,  580,  314,  495,  801,  577,  264,  375,  489,  139,  530,   99,  289,  457,  634,  578, 1036,  708,  186,  384,  358,  427,  347,  978,  491,  121,  511,  762,  863,  607,  682,  366,  415,  745,  899,  308,  151,  138,  387,  547,  662,  704,  430,  426,  400,  308,  465,  851,  198,  231,  605,  611,  731,  375,  543,  421,  340,  673,  314,  646,  840,  402,  809,  657,  838,  547,  335,  718,  815,  963,  602,  324,  827,  395,  449,  427,  579,  864,  777,  931,  225,  460,  253,  997,  786,  371,  341,  763],
        [  317,    0, 1078,  544,  737,  512,  110,   97,  603,  891,  189,  371,  292,  281,  778,    0,  726, 1019,  326,  319,  562,  876,  283,  630,  491,  557,  841,  241,  676, 1031,  289,  903,  327,  684,  584,  452,  147,  292,  300,  532,  617,  761,  994,  536,  631,  241,  906,  711,  392,  401,  589,  501,  246,  438,  579,  744,  864,  690,  749,  644,  401,  626,  261,  159,  470,  356,  381, 1020,  561,  330,  594,  628,  187,  230,   50,  511,  297,  357,  744,  674,  581,  162,  772,  912,  616,  323,  699,  570,  648,  714,  487,  283,  521,  842,  300,  878,  624,  610,  577,  281,   80,  366,  914,  518,  658,  256,  429,  659, 1058,  688],
        [  454,    0,  656,  312,  774,  250,  692,  781,  147,  311,  640,  478,  802,  492,  605,  726,    0,  650,  495,  668,  782,  201,  671,  997,  433,  191,  199,  504,  771,  537,  579,  622,  420,  593,  718,  775,  618,  761,  818,  252,  466,  240,  500,  255,  269,  781,  273,  486,  352,  403,  362,  229,  827,  637,  835,  147,  295,  298,  459,  581,  482,  106,  820,  780,  763,  589,  575,  597,  206,  539,  481,  699,  673,  501,  706,  326,  723,  557,  276,  105,  742,  572,  244,  354,  284,  410,  269,  159,  814,  128,  382,  713,  208,  354,  538,  323,  174,  866,  150,  591,  666,  600,  527,  831,  357,  799,  400,  237,  624,  190],
        [  920,    0,   81,  519,  463,  611, 1056, 1110,  605,  936, 1054,  649,  883,  942,  270, 1019,  650,    0,  695,  750,  637,  509, 1134,  837,  530,  617,  821,  797,  519,  177,  735,  132,  734,  366,  557,  727,  873,  843, 1253,  830,  402,  413,  191,  571,  463, 1198,  431,  308,  695,  924,  978,  740,  947,  630,  678,  796,  928,  398,  274,  403,  619,  635,  928,  962,  699,  680,  653,   78,  589, 1034,  426,  498,  857,  827,  974,  548,  807,  669,  386,  744,  581,  874,  892,  323,  910,  841,  915,  659,  592,  777,  955, 1169,  728,  297, 1015,  342,  546,  686,  686, 1059, 1006, 1112,  127,  728,  389, 1217,  941,  464,   90,  835],
        [  314,    0,  752,  235,  479,  247,  366,  416,  350,  745,  379,   46,  308,  313,  465,  326,  495,  695,    0,  178,  369,  599,  475,  544,  166,  304,  662,  115,  435,  708,   84,  583,  111,  379,  346,  313,  180,  266,  572,  407,  294,  458,  672,  253,  323,  513,  611,  388,  156,  371,  537,  321,  338,  203,  412,  570,  721,  375,  424,  340,   78,  389,  329,  309,  311,  116,  119,  695,  294,  416,  272,  368,  194,  153,  284,  203,  229,   87,  433,  485,  356,  182,  634,  600,  519,  243,  586,  342,  437,  535,  452,  502,  333,  525,  386,  568,  348,  447,  364,  415,  314,  492,  589,  381,  336,  532,  403,  357,  732,  540],
        [  451,    0,  819,  383,  419,  419,  404,  415,  522,  923,  450,  190,  148,  438,  489,  319,  668,  750,  178,    0,  248,  754,  555,  378,  275,  477,  839,  238,  358,  801,   99,  624,  281,  391,  265,  154,  203,  104,  613,  579,  364,  599,  769,  418,  466,  553,  755,  452,  333,  522,  701,  498,  201,  126,  276,  747,  898,  505,  502,  352,  193,  563,  184,  217,  164,   86,  110,  768,  464,  534,  336,  312,  133,  273,  270,  356,   63,  115,  566,  662,  262,  252,  810,  725,  691,  395,  760,  518,  332,  713,  609,  570,  510,  642,  501,  697,  512,  309,  541,  514,  349,  601,  664,  226,  449,  569,  555,  504,  805,  716],
        [  678,    0,  715,  471,  206,  550,  651,  655,  640, 1072,  697,  351,  307,  671,  370,  562,  782,  637,  369,  248,    0,  808,  802,  227,  350,  606,  973,  466,  137,  739,  323,  506,  479,  285,   84,  119,  450,  284,  859,  763,  348,  637,  716,  532,  528,  799,  783,  399,  509,  740,  902,  667,  378,  167,   55,  891, 1051,  537,  456,  262,  329,  687,  355,  434,   95,  258,  251,  678,  583,  771,  324,  140,  377,  504,  513,  459,  267,  283,  595,  807,   58,  496,  970,  721,  877,  611,  935,  657,   87,  858,  820,  818,  674,  635,  740,  702,  609,   85,  686,  758,  597,  842,  589,   92,  468,  815,  771,  567,  711,  878],
        [  635,    0,  497,  371,  748,  366,  859,  943,  276,  432,  816,  569,  898,  671,  544,  876,  201,  509,  599,  754,  808,    0,  858, 1034,  486,  321,  320,  640,  763,  366,  679,  517,  553,  565,  733,  831,  752,  854, 1003,  449,  462,  172,  334,  349,  291,  962,   84,  442,  486,  594,  561,  406,  936,  691,  862,  320,  427,  272,  396,  568,  561,  264,  925,  904,  813,  669,  649,  444,  316,  729,  486,  699,  790,  647,  849,  400,  814,  639,  217,  304,  759,  716,  409,  188,  482,  580,  456,  319,  819,  315,  581,  900,  386,  230,  725,  169,  255,  889,  325,  778,  826,  795,  400,  874,  342,  981,  595,  251,  464,  381],
        [  227,    0, 1179,  617,  948,  539,  174,  240,  594,  735,  106,  516,  568,  197,  933,  283,  671, 1134,  475,  555,  802,  858,    0,  903,  620,  558,  721,  361,  897, 1103,  487, 1038,  405,  851,  804,  705,  353,  559,  149,  426,  751,  793, 1063,  576,  686,  128,  911,  839,  440,  269,  405,  453,  528,  652,  830,  632,  710,  754,  862,  814,  550,  595,  542,  441,  718,  558,  576, 1117,  576,  134,  735,  836,  434,  324,  318,  587,  554,  544,  792,  587,  807,  309,  626,  949,  462,  298,  542,  543,  883,  610,  319,   43,  473,  899,  134,  913,  637,  863,  534,   81,  217,  107, 1015,  775,  747,  141,  278,  701, 1153,  562],
        [  827,    0,  917,  688,  376,  757,  735,  710,  853, 1278,  799,  539,  338,  811,  580,  630,  997,  837,  544,  378,  227, 1034,  903,    0,  565,  815, 1184,  615,  319,  954,  475,  708,  653,  505,  308,  232,  562,  345,  926,  950,  575,  863,  934,  744,  751,  869, 1010,  623,  697,  900, 1077,  860,  392,  362,  174, 1098, 1255,  763,  680,  485,  525,  899,  373,  475,  238,  430,  434,  885,  794,  903,  550,  356,  473,  650,  588,  672,  356,  461,  821, 1012,  280,  619, 1171,  947, 1063,  773, 1128,  863,  246, 1064,  986,  909,  870,  860,  870,  928,  826,  154,  890,  876,  687,  964,  803,  167,  694,  882,  932,  790,  916, 1077],
        [  427,    0,  587,  123,  384,  205,  527,  581,  291,  724,  531,  121,  422,  438,  314,  491,  433,  530,  166,  275,  350,  486,  620,  565,    0,  257,  624,  269,  360,  545,  221,  422,  217,  240,  292,  349,  346,  378,  728,  437,  132,  325,  510,  183,  195,  671,  481,  224,  204,  460,  588,  335,  469,  209,  403,  543,  703,  231,  259,  207,   94,  338,  455,  459,  333,  190,  166,  529,  234,  539,  116,  287,  345,  301,  449,  109,  337,  164,  292,  459,  313,  344,  625,  452,  549,  346,  597,  310,  390,  510,  523,  651,  338,  372,  514,  423,  262,  434,  340,  551,  476,  618,  423,  400,  178,  691,  486,  235,  567,  534],
        [  332,    0,  646,  147,  627,   59,  540,  623,   48,  467,  504,  288,  611,  364,  495,  557,  191,  617,  304,  477,  606,  321,  558,  815,  257,    0,  370,  324,  612,  553,  388,  552,  237,  457,  549,  589,  437,  570,  697,  217,  325,  236,  513,   77,  157,  652,  359,  376,  169,  314,  371,  124,  638,  453,  658,  286,  446,  219,  369,  436,  294,   86,  631,  596,  578,  400,  387,  583,   30,  438,  331,  539,  486,  327,  531,  149,  532,  367,  242,  202,  570,  397,  369,  392,  315,  266,  349,   55,  647,  253,  338,  598,  112,  348,  427,  356,   80,  690,   87,  478,  506,  513,  491,  648,  247,  671,  327,  154,  617,  281],
        [  535,    0,  814,  505,  972,  428,  785,  879,  333,  117,  718,  653,  963,  575,  801,  841,  199,  821,  662,  839,  973,  320,  721, 1184,  624,  370,    0,  646,  968,  686,  744,  808,  570,  791,  913,  958,  756,  925,  869,  311,  665,  425,  652,  442,  467,  843,  403,  683,  509,  462,  334,  352,  979,  823, 1026,   98,  108,  494,  653,  779,  662,  286,  976,  922,  948,  765,  755,  760,  391,  588,  678,  896,  824,  633,  831,  515,  889,  733,  466,  178,  935,  702,  115,  505,  262,  519,  194,  323, 1009,  130,  403,  763,  335,  528,  599,  481,  370, 1058,  298,  649,  771,  630,  704, 1017,  555,  859,  445,  435,  781,  160],
        [  215,    0,  851,  305,  591,  275,  259,  322,  371,  716,  265,  157,  328,  206,  577,  241,  504,  797,  115,  238,  466,  640,  361,  615,  269,  324,  646,    0,  544,  796,  145,  690,   88,  492,  453,  390,  114,  296,  460,  358,  401,  520,  758,  296,  390,  403,  666,  493,  156,  285,  467,  295,  334,  304,  503,  550,  690,  451,  524,  454,  191,  400,  333,  278,  395,  209,  222,  792,  324,  308,  382,  480,  180,   40,  210,  271,  268,  189,  503,  470,  461,   81,  599,  671,  464,  159,  539,  345,  540,  517,  372,  388,  312,  603,  277,  637,  386,  538,  359,  302,  210,  381,  686,  462,  423,  422,  318,  418,  829,  507],
        [  748,    0,  599,  467,   69,  563,  757,  772,  639, 1074,  794,  404,  439,  747,  264,  676,  771,  519,  435,  358,  137,  763,  897,  319,  360,  612,  968,  544,    0,  638,  410,  390,  537,  201,   94,  253,  552,  412,  968,  796,  307,  592,  620,  536,  504,  907,  725,  327,  551,  799,  944,  695,  510,  245,  164,  894, 1054,  496,  380,  196,  375,  687,  488,  560,  226,  339,  323,  567,  586,  850,  290,   74,  490,  583,  627,  465,  389,  355,  547,  812,   98,  588,  980,  649,  908,  674,  957,  666,   74,  863,  871,  917,  697,  565,  819,  636,  598,  168,  697,  844,  702,  925,  488,  226,  426,  924,  828,  540,  598,  892],
        [  879,    0,  135,  494,  593,  564, 1051, 1117,  529,  798, 1034,  664,  944,  907,  375, 1031,  537,  177,  708,  801,  739,  366, 1103,  954,  545,  553,  686,  796,  638,    0,  765,  263,  720,  454,  655,  810,  887,  901, 1234,  750,  437,  321,   40,  527,  417, 1182,  284,  353,  668,  866,  888,  673, 1001,  693,  786,  676,  793,  351,  300,  482,  639,  548,  984, 1001,  785,  721,  695,  100,  530,  989,  466,  601,  889,  818,  991,  527,  862,  703,  313,  639,  682,  875,  770,  184,  814,  805,  805,  584,  710,  664,  882, 1141,  658,  205,  975,  215,  475,  800,  606, 1024, 1005, 1065,  151,  826,  373, 1202,  878,  403,  104,  726],
        [  359,    0,  798,  311,  463,  330,  352,  385,  434,  826,  384,  111,  224,  350,  489,  289,  579,  735,   84,   99,  323,  679,  487,  475,  221,  388,  744,  145,  410,  765,    0,  616,  182,  395,  318,  246,  148,  183,  563,  481,  335,  533,  730,  335,  398,  503,  688,  429,  237,  427,  603,  400,  257,  166,  359,  651,  801,  445,  472,  355,  128,  473,  247,  238,  250,   72,   94,  743,  378,  449,  310,  352,  125,  183,  242,  280,  146,   68,  505,  567,  322,  178,  713,  669,  592,  299,  661,  425,  400,  617,  513,  507,  413,  591,  418,  639,  430,  393,  447,  437,  297,  521,  638,  318,  398,  522,  460,  434,  781,  619],
        [  831,    0,  210,  434,  337,  535,  948,  996,  549,  924,  952,  538,  754,  849,  139,  903,  622,  132,  583,  624,  506,  517, 1038,  708,  422,  552,  808,  690,  390,  263,  616,    0,  634,  236,  425,  595,  757,  715, 1150,  768,  290,  384,  257,  495,  395, 1092,  449,  199,  603,  845,  922,  672,  819,  502,  547,  768,  912,  338,  184,  274,  505,  586,  799,  838,  568,  557,  530,  180,  522,  946,  311,  366,  735,  722,  857,  458,  679,  549,  347,  706,  449,  764,  865,  346,  860,  751,  876,  600,  463,  745,  886, 1070,  663,  288,  924,  352,  491,  557,  629,  966,  896, 1025,  129,  596,  308, 1112,  865,  407,  209,  798],
        [  214,    0,  783,  226,  576,  187,  332,  403,  284,  647,  321,  133,  394,  222,  530,  327,  420,  734,  111,  281,  479,  553,  405,  653,  217,  237,  570,   88,  537,  720,  182,  634,    0,  454,  451,  422,  201,  357,  520,  299,  347,  435,  681,  210,  308,  466,  580,  435,   69,  263,  426,  221,  410,  312,  523,  475,  622,  371,  460,  418,  164,  315,  406,  361,  421,  226,  229,  722,  237,  324,  333,  468,  256,  100,  297,  193,  324,  197,  421,  393,  464,  165,  532,  588,  411,  138,  479,  261,  545,  442,  341,  437,  236,  523,  298,  554,  299,  558,  277,  335,  288,  403,  618,  491,  351,  486,  294,  334,  759,  439],
        [  666,    0,  440,  312,  184,  418,  741,  780,  474,  902,  757,  336,  519,  676,   99,  684,  593,  366,  379,  391,  285,  565,  851,  505,  240,  457,  791,  492,  201,  454,  395,  236,  454,    0,  202,  363,  542,  480,  949,  661,  132,  396,  431,  383,  325,  890,  525,  126,  444,  699,  815,  559,  584,  268,  334,  726,  884,  304,  180,   41,  302,  520,  564,  607,  336,  331,  305,  397,  428,  777,  131,  149,  509,  528,  637,  321,  445,  328,  351,  648,  228,  558,  817,  449,  768,  586,  805,  511,  266,  697,  758,  880,  557,  364,  751,  435,  425,  351,  543,  786,  687,  857,  305,  373,  237,  909,  724,  356,  432,  734],
        [  660,    0,  634,  408,  154,  496,  664,  679,  580, 1015,  701,  319,  357,  658,  289,  584,  718,  557,  346,  265,   84,  733,  804,  308,  292,  549,  913,  453,   94,  655,  318,  425,  451,  202,    0,  177,  459,  326,  874,  721,  271,  561,  633,  474,  458,  814,  704,  317,  471,  714,  866,  622,  427,  152,  134,  834,  994,  461,  374,  179,  291,  628,  405,  471,  149,  247,  232,  595,  524,  760,  248,   60,  397,  492,  535,  401,  300,  265,  518,  750,   28,  496,  917,  640,  834,  587,  887,  602,   98,  802,  789,  824,  626,  553,  729,  621,  544,  157,  632,  752,  609,  834,  506,  172,  392,  831,  744,  496,  629,  826],
        [  604,    0,  802,  470,  321,  531,  546,  543,  629, 1049,  600,  308,  188,  591,  457,  452,  775,  727,  313,  154,  119,  831,  705,  232,  349,  589,  958,  390,  253,  810,  246,  595,  422,  363,  177,    0,  353,  167,  751,  718,  389,  664,  784,  521,  541,  691,  817,  460,  465,  673,  847,  630,  259,  140,  128,  870, 1026,  564,  516,  330,  297,  674,  236,  317,   29,  198,  204,  759,  570,  688,  361,  236,  272,  426,  404,  450,  155,  230,  625,  784,  159,  405,  941,  768,  831,  545,  896,  636,  205,  836,  758,  717,  640,  682,  655,  745,  608,  159,  662,  667,  494,  754,  664,   73,  499,  707,  705,  581,  794,  847],
        [  280,    0,  932,  405,  608,  387,  206,  240,  484,  821,  248,  225,  242,  256,  634,  147,  618,  873,  180,  203,  450,  752,  353,  562,  346,  437,  756,  114,  552,  887,  148,  757,  201,  542,  459,  353,    0,  220,  417,  460,  471,  625,  851,  405,  493,  357,  774,  565,  269,  362,  551,  405,  233,  308,  478,  659,  795,  550,  603,  502,  254,  514,  236,  167,  366,  218,  241,  874,  437,  343,  448,  497,   90,  124,  105,  372,  206,  215,  605,  581,  459,   63,  703,  773,  560,  249,  638,  459,  533,  626,  452,  368,  423,  701,  309,  740,  498,  511,  472,  316,  151,  404,  768,  424,  514,  375,  394,  523,  912,  612],
        [  496,    0,  914,  484,  478,  512,  393,  380,  616, 1003,  455,  287,   45,  475,  578,  292,  761,  843,  266,  104,  284,  854,  559,  345,  378,  570,  925,  296,  412,  901,  183,  715,  357,  480,  326,  167,  220,    0,  591,  651,  465,  701,  870,  515,  568,  533,  857,  550,  417,  574,  760,  578,  105,  214,  292,  831,  979,  608,  602,  442,  294,  655,   85,  151,  190,  189,  213,  865,  559,  562,  436,  381,  130,  324,  247,  456,   42,  216,  669,  748,  315,  281,  889,  828,  759,  453,  832,  607,  370,  797,  664,  567,  592,  745,  529,  800,  609,  321,  628,  532,  343,  621,  762,  228,  552,  547,  607,  606,  901,  795],
        [  369,    0, 1302,  742, 1025,  673,  212,  217,  735,  880,  201,  616,  589,  334, 1036,  300,  818, 1253,  572,  613,  859, 1003,  149,  926,  728,  697,  869,  460,  968, 1234,  563, 1150,  520,  949,  874,  751,  417,  591,    0,  574,  860,  930, 1194,  708,  817,   61, 1053,  951,  566,  418,  549,  598,  535,  725,  879,  781,  855,  883,  979,  910,  649,  740,  554,  452,  769,  634,  656, 1242,  714,  283,  841,  914,  482,  428,  347,  711,  597,  627,  925,  735,  874,  392,  772, 1086,  609,  433,  687,  687,  944,  759,  467,  107,  617, 1032,  280, 1050,  776,  909,  679,  228,  267,  244, 1138,  817,  870,   45,  427,  835, 1278,  711],
        [  225,    0,  853,  352,  820,  245,  474,  568,  226,  362,  410,  414,  685,  265,  708,  532,  252,  830,  407,  579,  763,  449,  426,  950,  437,  217,  311,  358,  796,  750,  481,  768,  299,  661,  721,  718,  460,  651,  574,    0,  531,  430,  711,  282,  374,  542,  513,  590,  255,  157,  156,  103,  690,  598,  811,  216,  336,  434,  586,  636,  435,  203,  690,  625,  715,  521,  518,  791,  247,  292,  532,  723,  537,  338,  525,  341,  621,  489,  447,  162,  738,  402,  244,  575,  115,  214,  182,  171,  818,  189,  134,  468,  107,  549,  296,  540,  284,  845,  145,  348,  461,  350,  703,  786,  463,  559,  150,  367,  823,  156],
        [  552,    0,  463,  181,  308,  287,  658,  709,  343,  774,  663,  249,  507,  567,  186,  617,  466,  402,  294,  364,  348,  462,  751,  575,  132,  325,  665,  401,  307,  437,  335,  290,  347,  132,  271,  389,  471,  465,  860,  531,    0,  291,  406,  252,  198,  803,  435,   95,  325,  578,  686,  429,  565,  261,  402,  597,  755,  191,  139,  115,  217,  390,  547,  568,  367,  286,  259,  408,  296,  666,   30,  239,  459,  433,  573,  193,  425,  270,  247,  518,  298,  474,  687,  380,  637,  472,  674,  380,  358,  567,  632,  783,  426,  293,  642,  357,  296,  427,  412,  681,  607,  746,  303,  421,  121,  822,  602,  233,  446,  603],
        [  567,    0,  426,  224,  579,  258,  761,  837,  208,  541,  733,  423,  745,  598,  384,  761,  240,  413,  458,  599,  637,  172,  793,  863,  325,  236,  425,  520,  592,  321,  533,  384,  435,  396,  561,  664,  625,  701,  930,  430,  291,    0,  281,  227,  136,  882,  156,  275,  374,  548,  572,  353,  789,  526,  691,  387,  529,  101,  234,  396,  409,  229,  776,  766,  645,  513,  491,  365,  217,  674,  314,  527,  651,  535,  727,  256,  660,  486,   46,  332,  588,  600,  484,  157,  501,  497,  503,  264,  648,  366,  561,  833,  338,  120,  662,  121,  157,  717,  286,  713,  721,  748,  288,  705,  170,  901,  558,  103,  395,  423],
        [  839,    0,  164,  456,  578,  525, 1013, 1079,  489,  766,  995,  629,  913,  867,  358,  994,  500,  191,  672,  769,  716,  334, 1063,  934,  510,  513,  652,  758,  620,   40,  730,  257,  681,  431,  633,  784,  851,  870, 1194,  711,  406,  281,    0,  488,  378, 1143,  252,  325,  629,  827,  849,  633,  969,  664,  764,  640,  759,  312,  270,  457,  604,  509,  953,  968,  759,  689,  662,  116,  491,  949,  435,  580,  855,  780,  955,  489,  830,  669,  273,  601,  659,  838,  734,  149,  776,  765,  768,  544,  691,  627,  842, 1101,  618,  166,  935,  178,  435,  780,  566,  984,  967, 1025,  135,  802,  337, 1163,  838,  363,  131,  689],
        [  354,    0,  607,   72,  551,   41,  535,  611,  110,  542,  510,  229,  557,  380,  427,  536,  255,  571,  253,  418,  532,  349,  576,  744,  183,   77,  442,  296,  536,  527,  335,  495,  210,  383,  474,  521,  405,  515,  708,  282,  252,  227,  488,    0,  111,  658,  370,  310,  148,  353,  437,  181,  590,  383,  584,  361,  521,  178,  311,  361,  228,  156,  581,  556,  509,  337,  322,  545,   51,  466,  256,  463,  443,  309,  505,   74,  475,  305,  218,  277,  495,  375,  445,  382,  385,  278,  424,  131,  571,  329,  392,  614,  176,  324,  450,  347,   96,  616,  162,  498,  495,  544,  447,  577,  187,  678,  372,  128,  580,  356],
        [  464,    0,  497,   89,  505,  150,  638,  710,  158,  578,  618,  288,  612,  491,  347,  631,  269,  463,  323,  466,  528,  291,  686,  751,  195,  157,  467,  390,  504,  417,  398,  395,  308,  325,  458,  541,  493,  568,  817,  374,  198,  136,  378,  111,    0,  766,  291,  226,  252,  462,  527,  279,  654,  402,  582,  403,  560,   68,  214,  313,  274,  201,  641,  631,  524,  381,  359,  435,  128,  577,  214,  434,  516,  408,  595,  122,  527,  352,  114,  327,  483,  470,  495,  282,  467,  389,  492,  206,  551,  374,  494,  724,  269,  216,  560,  248,  103,  611,  236,  608,  595,  654,  338,  588,   94,  786,  478,   40,  470,  417],
        [  328,    0, 1248,  689,  964,  624,  151,  162,  691,  862,  149,  557,  532,  291,  978,  241,  781, 1198,  513,  553,  799,  962,  128,  869,  671,  652,  843,  403,  907, 1182,  503, 1092,  466,  890,  814,  691,  357,  533,   61,  542,  803,  882, 1143,  658,  766,    0, 1009,  895,  514,  386,  532,  557,  479,  664,  819,  753,  836,  832,  924,  851,  591,  698,  497,  395,  709,  574,  596, 1188,  666,  256,  784,  854,  422,  372,  288,  657,  537,  568,  876,  702,  813,  333,  751, 1038,  587,  386,  667,  644,  884,  729,  444,   92,  577,  981,  247, 1002,  729,  850,  639,  195,  207,  233, 1083,  758,  816,   20,  399,  785, 1225,  684],
        [  685,    0,  415,  378,  704,  395,  898,  978,  319,  515,  862,  578,  901,  720,  491,  906,  273,  431,  611,  755,  783,   84,  911, 1010,  481,  359,  403,  666,  725,  284,  688,  449,  580,  525,  704,  817,  774,  857, 1053,  513,  435,  156,  252,  370,  291, 1009,    0,  399,  515,  652,  634,  459,  944,  680,  837,  401,  510,  253,  348,  532,  564,  318,  931,  919,  797,  669,  647,  363,  348,  785,  461,  665,  805,  677,  875,  409,  816,  641,  192,  377,  731,  745,  491,  109,  556,  624,  535,  368,  786,  393,  647,  952,  440,  169,  778,   99,  284,  861,  380,  830,  861,  854,  327,  855,  319, 1028,  656,  255,  382,  458],
        [  634,    0,  370,  243,  307,  349,  751,  803,  383,  797,  753,  342,  593,  651,  121,  711,  486,  308,  388,  452,  399,  442,  839,  623,  224,  376,  683,  493,  327,  353,  429,  199,  435,  126,  317,  460,  565,  550,  951,  590,   95,  275,  325,  310,  226,  895,  399,    0,  406,  653,  745,  490,  652,  341,  450,  626,  780,  190,   58,  139,  311,  426,  634,  660,  435,  377,  349,  316,  346,  749,  120,  270,  551,  524,  667,  264,  512,  363,  229,  553,  344,  568,  720,  325,  690,  554,  717,  428,  390,  598,  700,  872,  484,  239,  726,  310,  328,  471,  459,  767,  700,  829,  213,  481,  133,  914,  675,  251,  354,  642],
        [  229,    0,  739,  177,  583,  121,  388,  464,  216,  590,  366,  160,  456,  247,  511,  392,  352,  695,  156,  333,  509,  486,  440,  697,  204,  169,  509,  156,  551,  668,  237,  603,   69,  444,  471,  465,  269,  417,  566,  255,  325,  374,  629,  148,  252,  514,  515,  406,    0,  256,  395,  165,  476,  344,  556,  415,  566,  318,  424,  411,  181,  247,  470,  429,  461,  268,  264,  678,  170,  343,  316,  479,  322,  163,  364,  148,  382,  236,  363,  331,  487,  231,  478,  529,  369,  148,  432,  195,  567,  381,  322,  476,  177,  468,  321,  494,  233,  590,  213,  365,  348,  423,  575,  532,  308,  534,  283,  274,  714,  384],
        [   86,    0,  957,  412,  835,  313,  328,  423,  341,  495,  257,  395,  602,  121,  762,  401,  403,  924,  371,  522,  740,  594,  269,  900,  460,  314,  462,  285,  799,  866,  427,  845,  263,  699,  714,  673,  362,  574,  418,  157,  578,  548,  827,  353,  462,  386,  652,  653,  256,    0,  192,  196,  592,  573,  781,  369,  469,  528,  661,  667,  425,  335,  597,  517,  676,  483,  489,  895,  338,  137,  570,  728,  448,  252,  404,  389,  551,  457,  555,  318,  726,  299,  378,  701,  217,  129,  300,  287,  807,  344,   91,  312,  213,  662,  139,  665,  392,  816,  273,  191,  324,  202,  799,  744,  539,  403,   33,  467,  929,  303],
        [  277,    0,  997,  507,  971,  400,  507,  601,  375,  332,  428,  552,  790,  310,  863,  589,  362,  978,  537,  701,  902,  561,  405, 1077,  588,  371,  334,  467,  944,  888,  603,  922,  426,  815,  866,  847,  551,  760,  549,  156,  686,  572,  849,  437,  527,  532,  634,  745,  395,  192,    0,  258,  783,  735,  947,  262,  307,  585,  740,  789,  576,  344,  787,  708,  847,  652,  653,  936,  401,  282,  686,  871,  637,  437,  595,  495,  734,  622,  593,  258,  881,  489,  227,  708,   80,  308,  142,  323,  962,  253,  102,  445,  262,  692,  302,  675,  433,  982,  294,  343,  511,  306,  851,  917,  618,  545,  161,  517,  966,  190],
        [  230,    0,  768,  250,  718,  143,  463,  553,  146,  427,  413,  322,  615,  266,  607,  501,  229,  740,  321,  498,  667,  406,  453,  860,  335,  124,  352,  295,  695,  673,  400,  672,  221,  559,  622,  630,  405,  578,  598,  103,  429,  353,  633,  181,  279,  557,  459,  490,  165,  196,  258,    0,  628,  504,  716,  256,  402,  342,  489,  533,  339,  143,  625,  571,  624,  432,  427,  706,  151,  327,  429,  621,  473,  283,  485,  238,  544,  400,  363,  176,  640,  353,  313,  506,  214,  182,  269,   92,  719,  222,  216,  495,   21,  469,  320,  470,  199,  750,   82,  372,  439,  397,  614,  695,  365,  576,  206,  277,  739,  219],
        [  509,    0, 1017,  567,  578,  582,  355,  319,  685, 1049,  429,  367,   71,  482,  682,  246,  827,  947,  338,  201,  378,  936,  528,  392,  469,  638,  979,  334,  510, 1001,  257,  819,  410,  584,  427,  259,  233,  105,  535,  690,  565,  789,  969,  590,  654,  479,  944,  652,  476,  592,  783,  628,    0,  318,  378,  883, 1024,  698,  702,  546,  381,  721,   24,   87,  285,  282,  308,  967,  631,  556,  536,  483,  156,  353,  211,  537,  141,  306,  759,  802,  414,  294,  932,  921,  792,  481,  870,  670,  463,  850,  683,  528,  644,  840,  523,  891,  685,  402,  687,  516,  314,  604,  864,  309,  646,  491,  624,  690, 1004,  841],
        [  514,    0,  701,  330,  301,  396,  513,  535,  492,  917,  549,  185,  254,  509,  366,  438,  637,  630,  203,  126,  167,  691,  652,  362,  209,  453,  823,  304,  245,  693,  166,  502,  312,  268,  152,  140,  308,  214,  725,  598,  261,  526,  664,  383,  402,  664,  680,  341,  344,  573,  735,  504,  318,    0,  213,  737,  895,  427,  394,  229,  165,  538,  298,  342,  126,   96,   84,  653,  433,  611,  232,  191,  253,  343,  389,  312,  178,  117,  488,  651,  158,  344,  811,  636,  712,  445,  772,  502,  237,  703,  653,  672,  512,  551,  580,  611,  468,  247,  529,  601,  458,  684,  552,  195,  363,  682,  605,  441,  689,  718],
        [  717,    0,  757,  524,  231,  602,  674,  670,  693, 1124,  725,  397,  309,  708,  415,  579,  835,  678,  412,  276,   55,  862,  830,  174,  403,  658, 1026,  503,  164,  786,  359,  547,  523,  334,  134,  128,  478,  292,  879,  811,  402,  691,  764,  584,  582,  819,  837,  450,  556,  781,  947,  716,  378,  213,    0,  943, 1102,  591,  507,  312,  377,  740,  355,  442,  113,  298,  295,  722,  635,  806,  377,  185,  399,  541,  532,  511,  283,  326,  649,  858,  107,  527, 1021,  773,  925,  653,  984,  708,   96,  910,  863,  844,  723,  687,  774,  755,  662,   35,  737,  789,  621,  875,  636,   70,  521,  835,  813,  621,  754,  928],
        [  440,    0,  799,  428,  904,  342,  690,  783,  256,  182,  625,  563,  869,  480,  745,  744,  147,  796,  570,  747,  891,  320,  632, 1098,  543,  286,   98,  550,  894,  676,  651,  768,  475,  726,  834,  870,  659,  831,  781,  216,  597,  387,  640,  361,  403,  753,  401,  626,  415,  369,  262,  256,  883,  737,  943,    0,  161,  439,  602,  711,  574,  208,  880,  825,  861,  676,  666,  741,  311,  499,  607,  822,  728,  536,  734,  434,  796,  643,  422,   86,  856,  605,   98,  492,  185,  422,  138,  236,  932,   35,  317,  675,  240,  499,  507,  463,  301,  976,  208,  558,  675,  546,  673,  931,  495,  770,  355,  375,  766,   74],
