{
    "name": "random-67-22657",
    "comment": "size=67 seed=22657",
    "nodes": ["+0", "-0", "+1", "-1", "+2", "-2", "+3", "-3", "+4", "-4", "+5", "-5", "+6", "-6", "+7", "-7", "+8", "-8", "+9", "-9", "+10", "-10", "+11", "-11", "+12", "-12", "+13", "-13", "+14", "-14", "+15", "-15", "+16", "-16", "+17", "-17", "+18", "-18", "+19", "-19", "+20", "-20", "+21", "-21", "+22", "-22", "+23", "-23", "+24", "-24", "+25", "-25", "+26", "-26", "+27", "-27", "+28", "-28", "+29", "-29", "+30", "-30", "+31", "-31", "+32", "-32", "+33", "-33", "+34", "-34", "+35", "-35", "+36", "-36", "+37", "-37", "+38", "-38", "+39", "-39", "+40", "-40", "+41", "-41", "+42", "-42", "+43", "-43", "+44", "-44", "+45", "-45", "+46", "-46", "+47", "-47", "+48", "-48", "+49", "-49", "+50", "-50", "+51", "-51", "+52", "-52", "+53", "-53", "+54", "-54", "+55", "-55", "+56", "-56", "+57", "-57", "+58", "-58", "+59", "-59", "+60", "-60", "+61", "-61", "+62", "-62", "+63", "-63", "+64", "-64", "+65", "-65", "+66", "-66", "+67", "-67"],
    "precedence": {
        "+0": "-0",
        "+1": "-1",
        "+2": "-2",
        "+3": "-3",
        "+4": "-4",
        "+5": "-5",
        "+6": "-6",
        "+7": "-7",
        "+8": "-8",
        "+9": "-9",
        "+10": "-10",
        "+11": "-11",
        "+12": "-12",
        "+13": "-13",
        "+14": "-14",
        "+15": "-15",
        "+16": "-16",
        "+17": "-17",
        "+18": "-18",
        "+19": "-19",
        "+20": "-20",
        "+21": "-21",
        "+22": "-22",
        "+23": "-23",
        "+24": "-24",
        "+25": "-25",
        "+26": "-26",
        "+27": "-27",
        "+28": "-28",
        "+29": "-29",
        "+30": "-30",
        "+31": "-31",
        "+32": "-32",
        "+33": "-33",
        "+34": "-34",
        "+35": "-35",
        "+36": "-36",
        "+37": "-37",
        "+38": "-38",
        "+39": "-39",
        "+40": "-40",
        "+41": "-41",
        "+42": "-42",
        "+43": "-43",
        "+44": "-44",
        "+45": "-45",
        "+46": "-46",
        "+47": "-47",
        "+48": "-48",
        "+49": "-49",
        "+50": "-50",
        "+51": "-51",
        "+52": "-52",
        "+53": "-53",
        "+54": "-54",
        "+55": "-55",
        "+56": "-56",
        "+57": "-57",
        "+58": "-58",
        "+59": "-59",
        "+60": "-60",
        "+61": "-61",
        "+62": "-62",
        "+63": "-63",
        "+64": "-64",
        "+65": "-65",
        "+66": "-66",
        "+67": "-67"
    },
    "edges": [
        [    0,    0,  524,  248,  267,  101,  461,  798,  392,  193,  575,  152,  446,  240,  326,  188,  382,  261,  620,  373,  174,  708,   85,  216,  158,  821,  590,  750,  592,  462,  304,  605,  337,  287,  568,  145,  914,  506,  803,  368,  286,  831,  537,  483,  466,  238,  643,  370,  250,  271,   58,  418,  379,  716,  471,  600,  786,  469,  607,  283,  456,  711,  394,  240,  338,  600,  509,  484,   86,  639,  530,  626,  746,  540,  474,  654,  377,  446,  841,   93,  733,  410,  863,  570,  237,  549,  438,  651,  474,  423,  274,  407,  852,  305,  648,  408,  606,  616,  315,  342,  467,  115,  774,  364,  601,  599,  431,  805,  570,  416,  326,  323,  617,  218,  329,  395,   78,  598,  400,  690,  678,  613,  200,  462,  685,  355,  707,   73,  709,  119,  432,  207,  609,  573,  161,  528],
        [    0,    0,    0,    0,    0,    0,    0,    0,    0,    0,    0,    0,    0,    0,    0,    0,    0,    0,    0,    0,    0,    0,    0,    0,    0,    0,    0,    0,    0,    0,    0,    0,    0,    0,    0,    0,    0,    0,    0,    0,    0,    0,    0,    0,    0,    0,    0,    0,    0,    0,    0,    0,    0,    0,    0,    0,    0,    0,    0,    0,    0,    0,    0,    0,    0,    0,    0,    0,    0,    0,    0,    0,    0,    0,    0,    0,    0,    0,    0,    0,    0,    0,    0,    0,    0,    0,    0,    0,    0,    0,    0,    0,    0,    0,    0,    0,    0,    0,    0,    0,    0,    0,    0,    0,    0,    0,    0,    0,    0,    0,    0,    0,    0,    0,    0,    0,    0,    0,    0,    0,    0,    0,    0,    0,    0,    0,    0,    0,    0,    0,    0,    0,    0,    0,    0,    0],
        [  524,    0,    0,  442,  702,  430,  682,  327,  266,  335,  132,  514,  656,  450,  643,  371,  505,  605,  332,  576,  663,  229,  450,  561,  435,  561,  118,  263,  516,   64,  363,  333,  634,  267,  104,  511,  590,  880,  307,  274,  719,  423,  416,  802,  218,  309,  142,  362,  711,  320,  505,  687,  652,  309,  152,   96,  342,  284,   84,  652,  527,  202,  673,  610,  197,  110,  769,  492,  446,  171,  753,  471,  440,  220,  464,  378,  588,  402,  364,  485,  233,  176,  475,  496,  482,  446,  263,  210,  746,  247,  408,  410,  482,  733,  272,  214,  194,  226,  235,  225,  136,  471,  318,  594,  400,  389,  790,  459,  434,  741,  573,  676,   94,  703,  585,  784,  597,  286,  707,  382,  169,  287,  688,  205,  216,  687,  471,  471,  420,  405,  732,  686,  135,   66,  408,  491],
        [  248,    0,  442,    0,  276,  179,  678,  763,  208,  191,  542,  120,  254,   12,  558,  301,  556,  494,  408,  167,  418,  665,  181,  129,  327,  585,  545,  600,  345,  393,   90,  391,  196,  183,  440,  364,  686,  439,  656,  187,  290,  634,  641,  723,  290,  299,  518,  482,  497,  359,  192,  261,  604,  716,  467,  484,  769,  264,  520,  523,  624,  583,  622,  478,  255,  545,  353,  236,  186,  600,  353,  384,  524,  557,  612,  709,  583,  205,  802,  302,  674,  274,  656,  323,   43,  306,  493,  491,  705,  240,  422,  164,  640,  553,  657,  248,  592,  614,  212,  367,  454,  134,  603,  574,  682,  675,  350,  589,  329,  304,  537,  234,  530,  307,  543,  343,  274,  630,  635,  475,  554,  641,  298,  293,  647,  593,  473,  267,  486,  213,  300,  452,  564,  506,  306,  280],
        [  267,    0,  702,  276,    0,  305,  706, 1012,  483,  388,  786,  190,  284,  266,  562,  440,  647,  500,  673,  259,  344,  915,  288,  148,  423,  815,  794,  876,  548,  647,  366,  655,  169,  436,  712,  406,  927,  241,  931,  462,   20,  901,  800,  692,  565,  475,  791,  632,  418,  522,  238,  225,  620,  946,  693,  755, 1009,  536,  784,  506,  722,  857,  631,  475,  507,  798,  292,  436,  295,  847,  330,  612,  777,  774,  741,  906,  632,  451, 1052,  359,  931,  545,  917,  532,  235,  536,  685,  766,  703,  516,  540,  410,  899,  485,  881,  523,  827,  844,  468,  572,  685,  243,  878,  617,  859,  856,  176,  845,  565,  184,  581,  111,  794,   89,  581,  132,  209,  840,  627,  734,  827,  854,   99,  569,  895,  580,  711,  337,  739,  347,  211,  372,  813,  763,  421,  486],
        [  101,    0,  430,  179,  305,    0,  500,  718,  293,   96,  493,  131,  415,  174,  380,  142,  386,  316,  522,  332,  270,  624,   20,  203,  152,  729,  505,  650,  513,  369,  214,  507,  322,  186,  469,  185,  818,  529,  704,  269,  324,  731,  504,  547,  365,  170,  545,  336,  341,  220,   76,  401,  425,  645,  394,  502,  711,  371,  513,  348,  457,  613,  443,  302,  240,  513,  496,  410,   17,  556,  508,  539,  649,  471,  458,  601,  405,  361,  760,  124,  646,  309,  763,  490,  184,  464,  381,  550,  526,  323,  257,  325,  754,  389,  578,  307,  529,  543,  214,  269,  388,   71,  673,  396,  558,  554,  446,  707,  482,  418,  359,  328,  523,  282,  364,  419,  168,  536,  457,  593,  580,  550,  266,  362,  603,  416,  615,   90,  613,   44,  426,  301,  524,  483,  135,  450],
        [  461,    0,  682,  678,  706,  500,    0,  786,  727,  515,  636,  609,  905,  674,  146,  397,  178,  206,  938,  827,  375,  735,  501,  676,  353, 1171,  665,  943,  997,  631,  695,  929,  798,  605,  775,  320, 1235,  944,  984,  708,  723, 1095,  360,  151,  768,  435,  823,  321,  326,  389,  514,  879,   87,  665,  541,  777,  746,  805,  738,  207,  181,  877,   80,  231,  599,  686,  969,  902,  495,  684,  991, 1005, 1068,  532,  261,  519,  102,  839,  824,  382,  779,  687, 1143,  972,  682,  938,  432,  883,   77,  746,  293,  810, 1143,  273,  604,  711,  620,  605,  611,  468,  553,  558,  999,  105,  438,  446,  879, 1109,  949,  873,  142,  781,  746,  630,  136,  837,  499,  534,  107, 1006,  846,  550,  614,  757,  710,  144, 1060,  415, 1037,  468,  891,  357,  674,  689,  379,  938],
        [  798,    0,  327,  763, 1012,  718,  786,    0,  592,  627,  227,  822,  983,  771,  806,  617,  624,  792,  601,  903,  902,  100,  738,  877,  671,  789,  220,  379,  819,  371,  688,  609,  958,  583,  378,  739,  772, 1202,  375,  601, 1029,  575,  431,  931,  536,  562,  329,  503,  930,  540,  794, 1013,  792,  124,  328,  329,   55,  601,  263,  838,  605,  312,  809,  807,  510,  220, 1096,  812,  732,  165, 1079,  759,  668,  275,  526,  285,  717,  723,   43,  735,  107,  503,  631,  802,  803,  752,  389,  426,  861,  572,  594,  735,  652,  931,  183,  541,  195,  193,  552,  458,  332,  772,  455,  731,  361,  351, 1113,  656,  735, 1065,  726,  996,  257, 1000,  738, 1103,  876,  252,  850,  626,  311,  236,  983,  524,  117,  847,  729,  733,  664,  684, 1058,  918,  200,  262,  651,  804],
        [  392,    0,  266,  208,  483,  293,  727,  592,    0,  225,  387,  313,  392,  218,  637,  334,  570,  580,  230,  315,  562,  494,  307,  336,  390,  449,  381,  393,  291,  235,  118,  216,  383,  124,  239,  454,  529,  629,  449,   25,  497,  441,  580,  808,   83,  293,  315,  454,  632,  345,  348,  427,  669,  568,  344,  287,  607,   81,  334,  620,  622,  379,  689,  573,  143,  375,  506,  236,  308,  435,  488,  281,  359,  437,  585,  602,  626,  147,  627,  402,  494,   92,  471,  267,  249,  223,  414,  284,  772,   34,  437,  146,  461,  675,  520,   52,  445,  474,  118,  298,  328,  295,  399,  624,  597,  588,  540,  414,  227,  487,  591,  433,  342,  509,  601,  542,  445,  512,  713,  301,  351,  519,  498,   86,  480,  678,  335,  372,  324,  296,  474,  593,  399,  331,  360,  247],
        [  193,    0,  335,  191,  388,   96,  515,  627,  225,    0,  401,  201,  445,  192,  415,  119,  375,  357,  453,  357,  350,  532,  116,  265,  167,  672,  412,  558,  482,  273,  182,  440,  372,  104,  376,  229,  753,  599,  612,  203,  406,  651,  451,  586,  287,  108,  451,  292,  413,  168,  171,  446,  450,  559,  306,  408,  622,  306,  418,  396,  438,  519,  470,  349,  146,  419,  540,  391,  112,  463,  543,  493,  583,  389,  422,  530,  415,  324,  668,  179,  552,  222,  687,  458,  215,  424,  310,  462,  554,  251,  238,  296,  679,  453,  494,  227,  440,  456,  126,  188,  298,  146,  586,  410,  496,  490,  512,  635,  437,  476,  375,  392,  428,  374,  384,  492,  263,  457,  492,  524,  486,  470,  358,  281,  511,  455,  558,  153,  548,   78,  478,  378,  431,  388,  138,  424],
        [  575,    0,  132,  542,  786,  493,  636,  227,  387,  401,    0,  596,  772,  549,  624,  398,  461,  599,  460,  689,  690,  133,  513,  652,  457,  682,   31,  333,  647,  154,  472,  462,  737,  360,  223,  529,  700,  980,  363,  392,  804,  519,  322,  769,  348,  341,  224,  321,  726,  327,  569,  797,  622,  181,  111,  192,  227,  414,  124,  646,  465,  258,  642,  610,  288,   54,  883,  619,  507,   64,  870,  602,  560,  114,  392,  254,  551,  529,  268,  517,  162,  296,  574,  627,  580,  577,  205,  316,  706,  373,  396,  533,  586,  735,  141,  337,   62,   95,  331,  238,  110,  546,  403,  561,  289,  277,  891,  571,  566,  846,  548,  773,  128,  774,  560,  879,  652,  164,  680,  505,  233,  161,  758,  334,  111,  668,  598,  512,  543,  459,  839,  708,   40,   82,  434,  620],
        [  152,    0,  514,  120,  190,  131,  609,  822,  313,  201,  596,    0,  297,  109,  477,  273,  511,  411,  525,  222,  310,  725,  119,   73,  276,  703,  604,  701,  457,  458,  201,  508,  194,  248,  530,  289,  805,  401,  756,  290,  208,  748,  634,  634,  395,  296,  609,  467,  390,  349,   95,  275,  528,  759,  506,  571,  820,  378,  596,  434,  584,  676,  544,  391,  318,  608,  368,  345,  127,  658,  385,  502,  643,  589,  588,  727,  520,  323,  863,  229,  742,  363,  772,  436,   93,  423,  506,  594,  625,  346,  387,  282,  758,  450,  695,  345,  639,  656,  280,  387,  497,   61,  711,  508,  687,  682,  316,  707,  448,  288,  470,  198,  606,  197,  474,  292,  158,  657,  551,  592,  645,  670,  186,  396,  705,  507,  591,  197,  605,  175,  296,  343,  623,  574,  264,  392],
        [  446,    0,  656,  254,  284,  415,  905,  983,  392,  445,  772,  297,    0,  253,  772,  549,  800,  707,  496,   88,  587,  885,  409,  232,  566,  575,  769,  748,  305,  619,  303,  478,  121,  425,  624,  585,  695,  274,  801,  383,  281,  715,  895,  925,  458,  553,  697,  735,  667,  612,  392,   69,  825,  951,  709,  674,  996,  402,  726,  727,  870,  754,  840,  686,  492,  765,  115,  216,  416,  824,  100,  384,  568,  802,  864,  959,  815,  280, 1019,  525,  886,  481,  717,  297,  233,  321,  745,  639,  920,  415,  669,  256,  693,  731,  896,  443,  827,  852,  449,  618,  695,  350,  727,  804,  934,  928,  203,  638,  353,  144,  766,  174,  734,  366,  770,  236,  431,  876,  846,  541,  731,  886,  370,  467,  870,  800,  487,  492,  533,  455,  115,  619,  788,  722,  549,  258],
        [  240,    0,  450,   12,  266,  174,  674,  771,  218,  192,  549,  109,  253,    0,  552,  299,  554,  488,  420,  166,  409,  672,  175,  119,  323,  595,  552,  611,  354,  400,  101,  402,  190,  189,  449,  358,  697,  432,  666,  197,  280,  645,  642,  716,  300,  300,  528,  483,  488,  359,  183,  257,  598,  722,  472,  494,  775,  275,  529,  516,  622,  593,  616,  471,  262,  552,  350,  244,  180,  607,  352,  394,  535,  562,  612,  713,  578,  215,  810,  296,  682,  283,  667,  332,   33,  316,  496,  501,  699,  251,  420,  174,  652,  544,  662,  258,  598,  620,  219,  370,  460,  126,  614,  570,  684,  678,  342,  600,  340,  298,  532,  226,  538,  296,  538,  335,  264,  634,  629,  486,  564,  645,  287,  304,  655,  586,  483,  261,  497,  209,  295,  443,  571,  513,  303,  289],
        [  326,    0,  643,  558,  562,  380,  146,  806,  637,  415,  624,  477,  772,  552,    0,  305,  190,   66,  859,  698,  230,  740,  378,  542,  248, 1085,  651,  903,  890,  585,  587,  848,  662,  513,  725,  195, 1160,  799,  949,  616,  579, 1036,  408,  172,  689,  356,  783,  306,  188,  326,  382,  742,   59,  693,  519,  737,  774,  717,  710,   63,  242,  844,   70,   89,  523,  670,  830,  789,  373,  681,  855,  907,  990,  535,  309,  567,  109,  734,  847,  257,  780,  612, 1079,  866,  556,  836,  424,  829,  148,  660,  235,  701, 1077,  148,  626,  630,  623,  615,  526,  418,  527,  431,  950,   90,  489,  494,  737, 1037,  850,  733,   81,  641,  719,  486,   69,  693,  357,  558,   78,  929,  811,  575,  470,  680,  715,   45,  971,  291,  957,  355,  751,  214,  664,  664,  278,  828],
        [  188,    0,  371,  301,  440,  142,  397,  617,  334,  119,  398,  273,  549,  299,  305,    0,  258,  253,  554,  463,  295,  530,  156,  345,   66,  781,  417,  620,  601,  308,  301,  543,  463,  210,  437,  141,  855,  670,  671,  313,  460,  737,  362,  477,  384,   62,  504,  195,  341,   84,  203,  541,  336,  530,  290,  458,  602,  413,  449,  296,  324,  569,  356,  251,  220,  430,  636,  510,  149,  462,  645,  609,  685,  353,  317,  468,  297,  443,  659,  120,  559,  309,  778,  576,  316,  542,  251,  536,  439,  355,  122,  415,  774,  367,  461,  325,  423,  431,  221,  161,  289,  212,  659,  293,  419,  416,  587,  733,  553,  560,  259,  470,  459,  403,  268,  559,  266,  410,  381,  625,  536,  426,  386,  376,  506,  348,  668,  118,  652,   99,  568,  316,  434,  410,   38,  543],
        [  382,    0,  505,  556,  647,  386,  178,  624,  570,  375,  461,  511,  800,  554,  190,  258,    0,  201,  772,  717,  368,  566,  394,  583,  236, 1007,  489,  766,  851,  455,  556,  763,  705,  452,  599,  242, 1066,  887,  807,  554,  666,  921,  219,  311,  603,  279,  646,  144,  356,  225,  424,  785,  168,  508,  364,  600,  589,  645,  561,  237,   75,  700,  186,  225,  435,  510,  879,  765,  387,  511,  893,  850,  900,  361,  121,  378,   94,  694,  664,  290,  609,  521,  969,  826,  569,  788,  256,  707,  246,  585,  138,  668,  971,  332,  442,  549,  449,  437,  453,  295,  376,  453,  822,  108,  300,  305,  812,  938,  796,  794,  112,  701,  569,  586,  122,  776,  441,  373,  226,  838,  668,  390,  569,  591,  541,  226,  898,  318,  870,  347,  806,  366,  500,  512,  253,  795],
        [  261,    0,  605,  494,  500,  316,  206,  792,  580,  357,  599,  411,  707,  488,   66,  253,  201,    0,  805,  632,  178,  720,  313,  476,  192, 1028,  624,  864,  828,  545,  526,  793,  596,  457,  683,  132, 1106,  739,  911,  559,  518,  989,  416,  232,  636,  308,  744,  290,  155,  286,  317,  677,  121,  684,  491,  698,  764,  661,  677,   48,  266,  807,  134,   28,  472,  642,  766,  726,  308,  658,  790,  847,  936,  519,  322,  569,  143,  673,  834,  193,  758,  561, 1030,  804,  491,  775,  405,  785,  214,  605,  204,  639, 1026,  139,  615,  576,  604,  600,  472,  381,  497,  366,  907,  125,  495,  498,  674,  985,  791,  669,   96,  577,  686,  426,   90,  631,  293,  549,  142,  876,  773,  566,  410,  628,  695,  100,  914,  227,  902,  293,  687,  169,  638,  632,  222,  766],
        [  620,    0,  332,  408,  673,  522,  938,  601,  230,  453,  460,  525,  496,  420,  859,  554,  772,  805,    0,  447,  791,  516,  536,  531,  614,  238,  439,  271,  236,  347,  326,   19,  537,  349,  238,  681,  301,  765,  318,  254,  683,  229,  734, 1030,  171,  506,  272,  641,  861,  550,  574,  552,  887,  624,  471,  279,  635,  152,  353,  846,  813,  304,  907,  799,  340,  422,  606,  281,  537,  481,  570,  162,  131,  550,  763,  710,  837,  227,  626,  631,  495,  252,  248,  226,  445,  183,  570,  180,  989,  202,  646,  265,  234,  904,  599,  230,  521,  554,  334,  480,  453,  518,  234,  837,  729,  718,  684,  185,  155,  625,  807,  598,  355,  714,  818,  700,  668,  617,  934,   72,  295,  618,  706,  181,  514,  902,  140,  602,   99,  526,  603,  822,  451,  381,  583,  248],
        [  373,    0,  576,  167,  259,  332,  827,  903,  315,  357,  689,  222,   88,  166,  698,  463,  717,  632,  447,    0,  524,  804,  327,  166,  483,  561,  687,  686,  290,  536,  218,  429,   95,  338,  551,  507,  676,  322,  740,  303,  262,  672,  807,  855,  386,  465,  626,  648,  605,  525,  316,  113,  748,  867,  623,  600,  914,  336,  648,  655,  786,  686,  764,  613,  406,  684,  195,  183,  334,  742,  188,  360,  535,  715,  778,  871,  735,  222,  940,  446,  807,  401,  681,  276,  149,  287,  657,  576,  846,  341,  584,  190,  660,  667,  811,  365,  743,  767,  363,  531,  609,  270,  672,  725,  846,  840,  238,  605,  318,  180,  687,  160,  657,  330,  692,  255,  368,  789,  773,  500,  661,  799,  330,  394,  789,  728,  462,  412,  499,  371,  162,  557,  706,  642,  465,  232],
        [  174,    0,  663,  418,  344,  270,  375,  902,  562,  350,  690,  310,  587,  409,  230,  295,  368,  178,  791,  524,    0,  819,  256,  359,  234,  995,  710,  904,  763,  600,  477,  777,  468,  451,  720,  163, 1087,  576,  956,  538,  360,  998,  569,  348,  633,  356,  792,  419,   81,  364,  228,  545,  289,  805,  580,  746,  881,  641,  742,  169,  438,  858,  296,  150,  492,  723,  627,  652,  255,  752,  658,  799,  918,  630,  483,  712,  320,  619,  944,  179,  851,  571, 1032,  741,  401,  722,  518,  811,  362,  592,  317,  580, 1023,  145,  735,  574,  708,  711,  476,  454,  581,  286,  934,  302,  645,  646,  519,  976,  743,  523,  272,  435,  752,  262,  267,  473,  157,  675,  286,  862,  825,  692,  248,  629,  795,  239,  880,  197,  882,  272,  546,   34,  727,  704,  258,  698],
        [  708,    0,  229,  665,  915,  624,  735,  100,  494,  532,  133,  725,  885,  672,  740,  530,  566,  720,  516,  804,  819,    0,  644,  779,  586,  717,  122,  319,  728,  272,  589,  523,  859,  484,  286,  657,  711, 1104,  329,  503,  932,  517,  392,  875,  440,  472,  247,  434,  852,  456,  700,  914,  732,  124,  240,  239,  119,  505,  168,  767,  557,  246,  750,  733,  412,  121,  998,  716,  639,   69,  981,  671,  594,  206,  479,  271,  658,  627,  138,  649,   49,  404,  575,  710,  704,  659,  317,  347,  808,  474,  519,  637,  592,  858,  145,  442,  118,  131,  454,  369,  241,  676,  396,  670,  335,  323, 1014,  589,  643,  967,  661,  898,  164,  905,  674, 1005,  785,  209,  790,  547,  236,  196,  889,  428,   26,  782,  648,  644,  586,  591,  959,  837,  102,  163,  565,  710],
        [   85,    0,  450,  181,  288,   20,  501,  738,  307,  116,  513,  119,  409,  175,  378,  156,  394,  313,  536,  327,  256,  644,    0,  192,  158,  740,  525,  668,  520,  389,  223,  521,  312,  204,  488,  184,  831,  514,  722,  283,  307,  746,  518,  543,  381,  188,  564,  350,  329,  236,   57,  392,  425,  664,  413,  521,  730,  385,  533,  343,  466,  632,  442,  298,  259,  533,  486,  414,    8,  576,  500,  548,  662,  490,  469,  619,  408,  369,  780,  122,  666,  327,  778,  496,  181,  473,  398,  568,  525,  338,  268,  332,  768,  380,  597,  324,  548,  562,  232,  287,  407,   60,  690,  399,  574,  570,  432,  721,  491,  406,  361,  315,  543,  262,  366,  404,  149,  554,  455,  606,  599,  568,  246,  378,  623,  412,  626,   87,  626,   60,  415,  288,  544,  503,  145,  456],
        [  216,    0,  561,  129,  148,  203,  676,  877,  336,  265,  652,   73,  232,  119,  542,  345,  583,  476,  531,  166,  359,  779,  192,    0,  348,  689,  658,  729,  430,  508,  219,  513,  123,  296,  566,  358,  796,  334,  784,  315,  162,  758,  705,  694,  418,  365,  645,  539,  440,  420,  164,  204,  595,  819,  566,  610,  878,  391,  642,  496,  656,  711,  610,  455,  368,  660,  296,  316,  199,  712,  315,  485,  640,  652,  660,  794,  590,  314,  917,  299,  792,  399,  776,  411,   88,  407,  573,  619,  689,  369,  459,  272,  760,  503,  756,  376,  698,  717,  327,  452,  556,  133,  731,  578,  756,  752,  247,  707,  434,  216,  540,  128,  651,  186,  543,  228,  203,  722,  615,  594,  681,  735,  181,  422,  760,  569,  580,  268,  602,  247,  224,  392,  677,  623,  336,  366],
        [  158,    0,  435,  327,  423,  152,  353,  671,  390,  167,  457,  276,  566,  323,  248,   66,  236,  192,  614,  483,  234,  586,  158,  348,    0,  838,  477,  686,  646,  373,  343,  602,  469,  266,  503,   76,  915,  659,  736,  368,  442,  801,  380,  420,  445,  127,  569,  213,  277,  131,  190,  550,  285,  578,  347,  523,  653,  470,  513,  234,  309,  635,  304,  187,  284,  491,  643,  549,  151,  519,  658,  660,  745,  402,  318,  502,  256,  489,  713,   70,  618,  371,  841,  622,  335,  590,  293,  601,  388,  414,  117,  458,  836,  302,  508,  386,  476,  482,  281,  221,  348,  218,  724,  249,  445,  444,  581,  795,  603,  560,  212,  468,  523,  374,  220,  548,  230,  453,  325,  685,  601,  469,  356,  437,  562,  289,  724,   86,  711,  115,  571,  254,  493,  472,   31,  586],
        [  821,    0,  561,  585,  815,  729, 1171,  789,  449,  672,  682,  703,  575,  595, 1085,  781, 1007, 1028,  238,  561,  995,  717,  740,  689,  838,    0,  658,  416,  272,  582,  518,  245,  656,  572,  460,  901,  122,  845,  439,  470,  821,  246,  970, 1257,  405,  737,  472,  878, 1069,  784,  769,  642, 1116,  834,  706,  493,  830,  369,  566, 1068, 1050,  478, 1137, 1020,  574,  639,  664,  380,  742,  693,  616,  205,  124,  780, 1001,  936, 1070,  381,  806,  846,  686,  487,  207,  285,  613,  282,  806,  372, 1219,  427,  879,  422,  177, 1118,  818,  460,  741,  775,  562,  717,  688,  711,  345, 1069,  961,  949,  778,  143,  256,  718, 1038,  721,  566,  874, 1048,  807,  858,  844, 1161,  179,  482,  843,  869,  416,  720, 1127,  115,  815,  142,  740,  689, 1027,  667,  602,  808,  330],
        [  590,    0,  118,  545,  794,  505,  665,  220,  381,  412,   31,  604,  769,  552,  651,  417,  489,  624,  439,  687,  710,  122,  525,  658,  477,  658,    0,  303,  633,  153,  471,  442,  739,  364,  202,  550,  673,  983,  332,  388,  811,  490,  352,  798,  336,  358,  196,  349,  748,  349,  581,  796,  650,  192,  134,  166,  227,  402,   96,  671,  495,  228,  669,  634,  291,   24,  881,  609,  519,   56,  866,  584,  535,  144,  422,  279,  579,  519,  260,  536,  143,  290,  546,  613,  584,  563,  233,  290,  734,  364,  421,  526,  558,  759,  161,  330,   84,  117,  333,  257,  130,  555,  373,  589,  318,  306,  894,  544,  550,  847,  575,  777,   99,  785,  587,  884,  667,  191,  707,  481,  203,  187,  769,  323,  103,  695,  577,  528,  520,  473,  840,  729,   20,   59,  453,  608],
        [  750,    0,  263,  600,  876,  650,  943,  379,  393,  558,  333,  701,  748,  611,  903,  620,  766,  864,  271,  686,  904,  319,  668,  729,  686,  416,  303,    0,  507,  319,  510,  286,  766,  465,  184,  761,  395, 1008,   56,  414,  890,  199,  654, 1064,  311,  560,  121,  623,  960,  579,  718,  797,  914,  442,  406,  168,  424,  351,  212,  910,  784,   77,  935,  866,  413,  280,  861,  541,  666,  317,  830,  431,  300,  446,  716,  573,  850,  468,  392,  727,  281,  343,  256,  497,  642,  451,  518,  111, 1008,  361,  670,  497,  275,  987,  445,  356,  379,  410,  436,  486,  392,  673,   77,  856,  619,  607,  922,  279,  425,  865,  835,  821,  206,  897,  847,  929,  815,  490,  969,  269,  101,  484,  885,  308,  328,  948,  374,  707,  303,  635,  847,  930,  303,  261,  656,  515],
        [  592,    0,  516,  345,  548,  513,  997,  819,  291,  482,  647,  457,  305,  354,  890,  601,  851,  828,  236,  290,  763,  728,  520,  430,  646,  272,  633,  507,    0,  506,  303,  222,  385,  400,  443,  696,  391,  577,  552,  302,  552,  427,  870, 1059,  301,  572,  496,  742,  841,  628,  536,  371,  930,  824,  626,  491,  847,  236,  560,  861,  907,  536,  949,  815,  434,  620,  400,  114,  523,  682,  357,   85,  271,  716,  875,  882,  897,  158,  848,  636,  714,  370,  420,   25,  365,   71,  703,  411, 1033,  289,  714,  190,  394,  897,  786,  330,  708,  740,  404,  588,  609,  478,  465,  892,  884,  874,  507,  340,   86,  447,  857,  450,  565,  612,  865,  535,  615,  790,  967,  257,  523,  794,  609,  315,  721,  928,  185,  603,  240,  536,  419,  796,  648,  576,  619,   66],
        [  462,    0,   64,  393,  647,  369,  631,  371,  235,  273,  154,  458,  619,  400,  585,  308,  455,  545,  347,  536,  600,  272,  389,  508,  373,  582,  153,  319,  506,    0,  319,  344,  587,  213,  145,  448,  623,  832,  367,  239,  664,  467,  388,  746,  206,  246,  200,  314,  649,  260,  444,  644,  597,  334,  125,  153,  379,  271,  145,  592,  483,  263,  617,  549,  141,  153,  730,  469,  384,  208,  716,  471,  465,  211,  425,  376,  535,  379,  410,  422,  285,  144,  516,  485,  432,  436,  226,  253,  692,  224,  351,  380,  520,  671,  286,  185,  211,  239,  182,  167,  107,  412,  369,  540,  385,  374,  742,  492,  428,  695,  517,  626,  155,  644,  529,  733,  535,  284,  651,  405,  229,  289,  629,  192,  255,  629,  485,  408,  441,  343,  688,  623,  172,  116,  345,  474],
        [  304,    0,  363,   90,  366,  214,  695,  688,  118,  182,  472,  201,  303,  101,  587,  301,  556,  526,  326,  218,  477,  589,  223,  219,  343,  518,  471,  510,  303,  319,    0,  309,  272,  125,  352,  394,  613,  519,  566,   98,  380,  548,  609,  757,  200,  281,  430,  462,  552,  340,  253,  326,  627,  650,  407,  398,  697,  177,  439,  560,  617,  495,  646,  513,  190,  469,  412,  210,  226,  526,  402,  325,  447,  500,  595,  659,  596,  148,  726,  336,  595,  190,  572,  279,  132,  251,  451,  401,  730,  150,  418,  115,  559,  602,  594,  160,  525,  550,  147,  325,  393,  195,  514,  590,  640,  633,  429,  509,  269,  379,  554,  318,  447,  394,  562,  428,  345,  575,  665,  394,  466,  584,  384,  203,  573,  625,  404,  302,  409,  233,  370,  510,  490,  428,  316,  243],
        [  605,    0,  333,  391,  655,  507,  929,  609,  216,  440,  462,  508,  478,  402,  848,  543,  763,  793,   19,  429,  777,  523,  521,  513,  602,  245,  442,  286,  222,  344,  309,    0,  518,  337,  242,  668,  314,  748,  333,  240,  665,  247,  731, 1019,  162,  496,  281,  634,  847,  541,  558,  534,  876,  629,  469,  285,  641,  137,  358,  834,  806,  316,  897,  787,  330,  425,  588,  264,  522,  485,  553,  152,  144,  549,  758,  711,  828,  208,  634,  617,  503,  243,  265,  211,  428,  167,  566,  190,  979,  189,  636,  247,  250,  891,  601,  219,  523,  556,  322,  473,  451,  502,  251,  828,  728,  717,  666,  201,  140,  607,  797,  580,  361,  697,  807,  682,  652,  618,  923,   86,  305,  619,  688,  172,  520,  890,  141,  588,  109,  512,  585,  808,  454,  384,  571,  232],
        [  337,    0,  634,  196,  169,  322,  798,  958,  383,  372,  737,  194,  121,  190,  662,  463,  705,  596,  537,   95,  468,  859,  312,  123,  469,  656,  739,  766,  385,  587,  272,  518,    0,  378,  621,  480,  771,  247,  821,  366,  170,  763,  820,  810,  459,  477,  697,  655,  548,  533,  286,   82,  715,  911,  661,  668,  964,  416,  710,  613,  777,  760,  730,  574,  450,  738,  175,  278,  320,  794,  194,  455,  628,  750,  779,  900,  712,  310,  996,  421,  866,  461,  774,  371,  160,  382,  680,  655,  808,  412,  579,  274,  753,  613,  851,  430,  787,  809,  407,  556,  649,  253,  757,  700,  867,  861,  158,  698,  412,  109,  662,   66,  719,  247,  665,  165,  313,  823,  734,  592,  733,  834,  251,  466,  842,  687,  556,  390,  592,  365,  107,  500,  758,  698,  456,  327],
        [  287,    0,  267,  183,  436,  186,  605,  583,  124,  104,  360,  248,  425,  189,  513,  210,  452,  457,  349,  338,  451,  484,  204,  296,  266,  572,  364,  465,  400,  213,  125,  337,  378,    0,  287,  332,  650,  621,  520,  104,  453,  548,  486,  685,  184,  173,  365,  345,  517,  229,  254,  441,  545,  534,  286,  325,  586,  204,  349,  498,  507,  433,  565,  451,   73,  365,  531,  323,  202,  418,  524,  401,  480,  378,  478,  535,  503,  244,  622,  283,  497,  124,  583,  376,  221,  337,  326,  364,  649,  148,  316,  225,  576,  556,  475,  124,  410,  432,   32,  201,  273,  210,  487,  501,  516,  508,  531,  532,  346,  486,  468,  414,  358,  441,  477,  521,  350,  452,  589,  420,  401,  462,  427,  178,  466,  555,  459,  256,  445,  180,  482,  481,  383,  328,  236,  348],
        [  568,    0,  104,  440,  712,  469,  775,  378,  239,  376,  223,  530,  624,  449,  725,  437,  599,  683,  238,  551,  720,  286,  488,  566,  503,  460,  202,  184,  443,  145,  352,  242,  621,  287,    0,  578,  487,  867,  236,  256,  727,  323,  519,  889,  167,  377,   79,  458,  776,  400,  540,  664,  740,  388,  255,   51,  404,  227,  118,  729,  626,  146,  761,  685,  231,  184,  739,  438,  485,  244,  716,  387,  338,  321,  565,  476,  679,  352,  408,  543,  273,  168,  374,  425,  482,  375,  364,  109,  836,  211,  493,  370,  379,  804,  362,  192,  284,  317,  257,  310,  238,  497,  226,  684,  502,  491,  778,  356,  358,  725,  660,  670,  123,  726,  672,  779,  636,  384,  794,  282,  115,  383,  713,  158,  280,  770,  376,  524,  321,  452,  712,  747,  213,  144,  473,  428],
        [  145,    0,  511,  364,  406,  185,  320,  739,  454,  229,  529,  289,  585,  358,  195,  141,  242,  132,  681,  507,  163,  657,  184,  358,   76,  901,  550,  761,  696,  448,  394,  668,  480,  332,  578,    0,  982,  647,  811,  431,  425,  873,  420,  363,  514,  203,  645,  261,  201,  202,  195,  560,  242,  642,  419,  599,  719,  534,  588,  168,  317,  710,  259,  120,  356,  565,  652,  594,  178,  591,  672,  717,  811,  467,  344,  554,  233,  541,  782,   62,  690,  443,  912,  673,  363,  645,  356,  675,  342,  480,  159,  507,  906,  228,  572,  454,  545,  548,  350,  295,  421,  238,  799,  221,  492,  491,  574,  863,  660,  561,  183,  468,  598,  345,  186,  536,  200,  514,  272,  752,  677,  530,  327,  507,  633,  232,  786,   97,  777,  162,  576,  180,  566,  547,  105,  634],
        [  914,    0,  590,  686,  927,  818, 1235,  772,  529,  753,  700,  805,  695,  697, 1160,  855, 1066, 1106,  301,  676, 1087,  711,  831,  796,  915,  122,  673,  395,  391,  623,  613,  314,  771,  650,  487,  982,    0,  966,  402,  552,  934,  199, 1005, 1331,  471,  806,  478,  930, 1159,  847,  865,  761, 1187,  834,  741,  509,  818,  449,  578, 1147, 1103,  466, 1207, 1100,  639,  651,  785,  494,  832,  699,  738,  317,  171,  805, 1047,  952, 1135,  484,  783,  930,  675,  550,  143,  401,  718,  392,  848,  384, 1288,  503,  943,  526,  121, 1204,  828,  530,  755,  788,  635,  772,  723,  807,  318, 1136,  986,  974,  897,  131,  364,  837, 1107,  836,  576,  982, 1117,  925,  956,  863, 1234,  231,  479,  859,  977,  481,  719, 1203,  217,  901,  206,  825,  809, 1119,  679,  619,  884,  445],
        [  506,    0,  880,  439,  241,  529,  944, 1202,  629,  599,  980,  401,  274,  432,  799,  670,  887,  739,  765,  322,  576, 1104,  514,  334,  659,  845,  983, 1008,  577,  832,  519,  748,  247,  621,  867,  647,  966,    0, 1062,  613,  222,  987, 1032,  920,  704,  697,  943,  864,  644,  749,  471,  214,  858, 1151,  899,  915, 1207,  657,  957,  741,  961, 1005,  868,  713,  693,  984,  186,  489,  522, 1038,  237,  658,  841,  986,  977, 1127,  872,  543, 1241,  598, 1113,  708,  990,  570,  400,  595,  906,  897,  937,  657,  776,  511,  967,  711, 1089,  677, 1028, 1048,  651,  786,  888,  461,  993,  857, 1087, 1082,   90,  912,  626,  143,  821,  208,  966,  315,  821,  112,  450, 1055,  861,  813,  979, 1068,  330,  712, 1086,  814,  760,  574,  807,  573,  163,  600, 1003,  944,  655,  531],
        [  803,    0,  307,  656,  931,  704,  984,  375,  449,  612,  363,  756,  801,  666,  949,  671,  807,  911,  318,  740,  956,  329,  722,  784,  736,  439,  332,   56,  552,  367,  566,  333,  821,  520,  236,  811,  402, 1062,    0,  470,  945,  204,  684, 1108,  367,  610,  168,  664, 1011,  626,  773,  851,  958,  452,  445,  214,  424,  405,  248,  958,  822,  108,  979,  915,  467,  309,  914,  591,  720,  338,  882,  474,  329,  476,  751,  592,  893,  521,  382,  779,  286,  398,  260,  543,  697,  499,  555,  166, 1050,  416,  715,  551,  283, 1036,  463,  411,  403,  432,  490,  532,  432,  728,   95,  900,  644,  632,  976,  297,  472,  919,  880,  876,  240,  953,  892,  984,  870,  514, 1014,  306,  140,  506,  941,  363,  342,  994,  409,  760,  338,  688,  901,  982,  329,  297,  707,  564],
        [  368,    0,  274,  187,  462,  269,  708,  601,   25,  203,  392,  290,  383,  197,  616,  313,  554,  559,  254,  303,  538,  503,  283,  315,  368,  470,  388,  414,  302,  239,   98,  240,  366,  104,  256,  431,  552,  613,  470,    0,  476,  466,  572,  787,  106,  276,  333,  441,  608,  329,  324,  414,  649,  572,  343,  302,  614,  104,  346,  598,  607,  398,  669,  551,  134,  383,  496,  238,  284,  442,  479,  297,  382,  436,  573,  600,  607,  152,  638,  379,  505,   99,  496,  278,  229,  236,  406,  306,  752,   57,  419,  144,  485,  652,  522,   64,  449,  476,  103,  287,  327,  270,  422,  605,  592,  583,  524,  438,  243,  472,  572,  415,  355,  486,  581,  524,  420,  511,  692,  325,  369,  519,  475,  107,  488,  657,  356,  349,  347,  273,  461,  569,  406,  340,  338,  255],
        [  286,    0,  719,  290,   20,  324,  723, 1029,  497,  406,  804,  208,  281,  280,  579,  460,  666,  518,  683,  262,  360,  932,  307,  162,  442,  821,  811,  890,  552,  664,  380,  665,  170,  453,  727,  425,  934,  222,  945,  476,    0,  911,  819,  707,  579,  494,  806,  651,  432,  541,  257,  220,  637,  965,  712,  771, 1027,  548,  800,  523,  741,  872,  648,  492,  524,  815,  281,  442,  314,  865,  322,  618,  785,  793,  760,  925,  650,  460, 1070,  378,  948,  560,  926,  537,  248,  542,  704,  780,  719,  529,  559,  420,  908,  500,  900,  537,  845,  862,  485,  591,  703,  261,  890,  635,  879,  875,  160,  853,  572,  173,  599,  108,  810,  101,  599,  114,  228,  859,  643,  743,  842,  873,  113,  583,  913,  596,  718,  356,  748,  366,  202,  387,  831,  780,  440,  492],
        [  831,    0,  423,  634,  901,  731, 1095,  575,  441,  651,  519,  748,  715,  645, 1036,  737,  921,  989,  229,  672,  998,  517,  746,  758,  801,  246,  490,  199,  427,  467,  548,  247,  763,  548,  323,  873,  199,  987,  204,  466,  911,    0,  834, 1204,  366,  681,  295,  780, 1063,  713,  789,  774, 1056,  641,  575,  333,  621,  371,  395, 1033,  948,  273, 1076,  987,  518,  468,  820,  499,  746,  511,  780,  342,  161,  629,  886,  766,  998,  454,  585,  829,  479,  431,   58,  426,  672,  394,  685,  214, 1154,  409,  809,  493,   79, 1100,  640,  425,  570,  602,  525,  628,  559,  735,  122, 1001,  807,  795,  908,  105,  363,  849,  975,  825,  392,  940,  987,  927,  885,  681, 1108,  175,  290,  675,  931,  370,  526, 1081,  251,  803,  187,  727,  825, 1028,  494,  441,  770,  459],
        [  537,    0,  416,  641,  800,  504,  360,  431,  580,  451,  322,  634,  895,  642,  408,  362,  219,  416,  734,  807,  569,  392,  518,  705,  380,  970,  352,  654,  870,  388,  609,  731,  820,  486,  519,  420, 1005, 1032,  684,  572,  819,  834,    0,  508,  582,  344,  541,  169,  569,  287,  563,  895,  380,  308,  265,  502,  388,  640,  443,  455,  180,  580,  395,  437,  439,  376,  990,  806,  511,  354,  993,  848,  852,  209,  102,  162,  306,  723,  467,  448,  440,  504,  888,  847,  666,  801,  168,  624,  436,  583,  265,  709,  896,  550,  252,  543,  286,  263,  473,  286,  283,  573,  722,  323,   82,   88,  949,  874,  800,  920,  330,  831,  448,  754,  340,  921,  609,  184,  436,  792,  554,  198,  736,  569,  369,  443,  871,  465,  829,  460,  926,  573,  355,  395,  379,  826],
        [  483,    0,  802,  723,  692,  547,  151,  931,  808,  586,  769,  634,  925,  716,  172,  477,  311,  232, 1030,  855,  348,  875,  543,  694,  420, 1257,  798, 1064, 1059,  746,  757, 1019,  810,  685,  889,  363, 1331,  920, 1108,  787,  707, 1204,  508,    0,  860,  526,  943,  449,  277,  491,  540,  889,  150,  812,  669,  897,  893,  889,  865,  201,  329, 1001,  130,  246,  693,  818,  973,  956,  538,  821, 1002, 1078, 1161,  671,  408,  669,  219,  904,  970,  423,  919,  782, 1248, 1035,  718, 1007,  565,  995,   76,  831,  396,  870, 1246,  210,  749,  801,  759,  747,  697,  580,  679,  593, 1114,  209,  588,  595,  866, 1207, 1021,  870,  230,  782,  873,  608,  218,  819,  498,  679,   97, 1100,  969,  696,  595,  851,  851,  132, 1143,  458, 1128,  524,  892,  321,  809,  817,  449,  997],
        [  466,    0,  218,  290,  565,  365,  768,  536,   83,  287,  348,  395,  458,  300,  689,  384,  603,  636,  171,  386,  633,  440,  381,  418,  445,  405,  336,  311,  301,  206,  200,  162,  459,  184,  167,  514,  471,  704,  367,  106,  579,  366,  582,  860,    0,  335,  240,  475,  700,  380,  425,  498,  716,  527,  329,  217,  557,   67,  275,  678,  647,  301,  736,  631,  170,  326,  573,  276,  381,  387,  549,  267,  302,  417,  602,  582,  667,  188,  569,  466,  434,   83,  400,  280,  331,  230,  415,  202,  818,   50,  475,  203,  393,  739,  486,   60,  409,  440,  165,  314,  311,  374,  317,  667,  588,  578,  616,  350,  223,  562,  637,  512,  281,  591,  647,  621,  522,  490,  763,  241,  275,  494,  580,   15,  430,  732,  297,  439,  270,  363,  547,  663,  352,  281,  414,  273],
