{
    "name": "random-60-9743",
    "comment": "size=60 seed=9743",
    "nodes": ["+0", "-0", "+1", "-1", "+2", "-2", "+3", "-3", "+4", "-4", "+5", "-5", "+6", "-6", "+7", "-7", "+8", "-8", "+9", "-9", "+10", "-10", "+11", "-11", "+12", "-12", "+13", "-13", "+14", "-14", "+15", "-15", "+16", "-16", "+17", "-17", "+18", "-18", "+19", "-19", "+20", "-20", "+21", "-21", "+22", "-22", "+23", "-23", "+24", "-24", "+25", "-25", "+26", "-26", "+27", "-27", "+28", "-28", "+29", "-29", "+30", "-30", "+31", "-31", "+32", "-32", "+33", "-33", "+34", "-34", "+35", "-35", "+36", "-36", "+37", "-37", "+38", "-38", "+39", "-39", "+40", "-40", "+41", "-41", "+42", "-42", "+43", "-43", "+44", "-44", "+45", "-45", "+46", "-46", "+47", "-47", "+48", "-48", "+49", "-49", "+50", "-50", "+51", "-51", "+52", "-52", "+53", "-53", "+54", "-54", "+55", "-55", "+56", "-56", "+57", "-57", "+58", "-58", "+59", "-59", "+60", "-60"],
    "precedence": {
        "+0": "-0",
        "+1": "-1",
        "+2": "-2",
        "+3": "-3",
        "+4": "-4",
        "+5": "-5",
        "+6": "-6",
        "+7": "-7",
        "+8": "-8",
        "+9": "-9",
        "+10": "-10",
        "+11": "-11",
        "+12": "-12",
        "+13": "-13",
        "+14": "-14",
        "+15": "-15",
        "+16": "-16",
        "+17": "-17",
        "+18": "-18",
        "+19": "-19",
        "+20": "-20",
        "+21": "-21",
        "+22": "-22",
        "+23": "-23",
        "+24": "-24",
        "+25": "-25",
        "+26": "-26",
        "+27": "-27",
        "+28": "-28",
        "+29": "-29",
        "+30": "-30",
        "+31": "-31",
        "+32": "-32",
        "+33": "-33",
        "+34": "-34",
        "+35": "-35",
        "+36": "-36",
        "+37": "-37",
        "+38": "-38",
        "+39": "-39",
        "+40": "-40",
        "+41": "-41",
        "+42": "-42",
        "+43": "-43",
        "+44": "-44",
        "+45": "-45",
        "+46": "-46",
        "+47": "-47",
        "+48": "-48",
        "+49": "-49",
        "+50": "-50",
        "+51": "-51",
        "+52": "-52",
        "+53": "-53",
        "+54": "-54",
        "+55": "-55",
        "+56": "-56",
        "+57": "-57",
        "+58": "-58",
        "+59": "-59",
        "+60": "-60"
    },
    "edges": [
        [    0,    0,  563,  285,  343,  589,  634,  301,  382,  321,  341,  497,  391,  401,  399,  250,  625,  776,  835,  230,  199,  496,  357,  184,  847,  342,  527,  490,  483,   64,  661,  764,  474,  362,  761,  660,  224,  104,  165,  784,  689,  624,  774,  810,  373,  550,  496,  767,  340,  457,  346,  297,  749,  537,  647,  437,  251,  153,  695,  493,  346,  453,   26,  619,  426,  737,  128,  169,  204,  281,  172,  603,  451,  606,  329,  900,  764,  588,  380,  509,   77,  416,  821,  436,  518,  594,  163,  549,  523,  461,  678,  687,  255,  221,  511,   42,  353,  293,  459,  280,  145,  224,  101,  556,  425,  590,  440,  712,  792,  434,  601,  538,  487,  421,  779,  771,  618,  595,  773,  390,  235,  422],
        [    0,    0,    0,    0,    0,    0,    0,    0,    0,    0,    0,    0,    0,    0,    0,    0,    0,    0,    0,    0,    0,    0,    0,    0,    0,    0,    0,    0,    0,    0,    0,    0,    0,    0,    0,    0,    0,    0,    0,    0,    0,    0,    0,    0,    0,    0,    0,    0,    0,    0,    0,    0,    0,    0,    0,    0,    0,    0,    0,    0,    0,    0,    0,    0,    0,    0,    0,    0,    0,    0,    0,    0,    0,    0,    0,    0,    0,    0,    0,    0,    0,    0,    0,    0,    0,    0,    0,    0,    0,    0,    0,    0,    0,    0,    0,    0,    0,    0,    0,    0,    0,    0,    0,    0,    0,    0,    0,    0,    0,    0,    0,    0,    0,    0,    0,    0,    0,    0,    0,    0,    0,    0],
        [  563,    0,    0,  808,  898,  990,  860,  857,  185,  700,  847,  602,  196,  916,  959,  770,  423,  826, 1270,  453,  758,  277,  889,  710,  810,  729,  865,  966,  639,  624, 1073, 1011,  389,  235,  631,  817,  618,  476,  710, 1123,  875, 1007,  796,  779,  349,  946,  288, 1100,  903,  613,  882,  850,  825, 1038,  916,  157,  799,  457, 1094,  395,  882,  799,  585,  753,  671,  769,  690,  462,  766,  773,  716, 1075,  680,   49,  882,  910, 1122,  542,  499,  462,  507,  929,  925,  272,  782,  382,  644,  722,  975,  532,  506,  614,  396,  755,  967,  567,  866,  853,  105,  371,  569,  639,  584,  905,  748,   28,  515,  919,  766,  142,  135,  952,  502,  821,  932, 1167,  806,  910,  931,  313,  793,  185],
        [  285,    0,  808,    0,  134,  693,  833,  119,  639,  514,  404,  755,  658,  422,  201,   38,  909, 1019,  871,  511,  134,  779,  364,  103, 1105,  522,  688,  542,  730,  227,  742,  936,  758,  634, 1036,  882,  450,  340,  124,  902,  896,  735, 1023, 1068,  658,  667,  779,  892,  200,  708,  350,  270,  986,  543,  824,  662,  273,  351,  783,  777,   78,  626,  277,  853,  654,  987,  214,  452,  197,  393,  117,  635,  680,  854,  290, 1144,  872,  863,  652,  789,  362,  131, 1044,  718,  719,  879,  165,  781,  594,  730,  960,  959,  540,  302,  580,  260,  400,  226,  704,  564,  242,  437,  347,  704,  619,  835,  711,  909, 1050,  668,  868,  643,  762,  567,  989,  850,  834,  756,  982,  674,  230,  692],
        [  343,    0,  898,  134,    0,  610,  788,   43,  720,  484,  329,  752,  732,  328,   70,  159,  944,  996,  760,  546,  145,  832,  272,  197, 1094,  485,  629,  448,  719,  280,  647,  874,  793,  704, 1048,  848,  446,  423,  189,  817,  854,  653, 1006, 1059,  702,  589,  830,  810,   82,  701,  260,  187,  961,  434,  767,  760,  215,  447,  690,  811,   80,  577,  326,  829,  634,  971,  230,  495,  170,  342,  183,  528,  659,  942,  194, 1121,  784,  875,  667,  812,  413,  162, 1008,  773,  680,  918,  274,  757,  503,  739,  986,  967,  586,  261,  489,  331,  318,  139,  793,  613,  348,  428,  371,  638,  580,  925,  724,  860, 1041,  762,  943,  562,  777,  509,  946,  751,  799,  694,  938,  724,  179,  764],
        [  589,    0,  990,  693,  610,    0,  287,  592,  823,  299,  290,  464,  797,  284,  592,  687,  757,  542,  282,  546,  568,  764,  338,  657,  670,  270,  145,  169,  410,  580,   84,  294,  657,  758,  730,  382,  399,  679,  617,  210,  348,   44,  574,  646,  647,   45,  755,  200,  531,  422,  351,  427,  502,  230,  225,  930,  422,  734,  109,  665,  683,  194,  567,  409,  337,  550,  526,  562,  502,  319,  620,  167,  340, 1014,  417,  645,  181,  609,  506,  616,  579,  771,  497,  735,  258,  761,  702,  369,  113,  512,  744,  650,  602,  406,  125,  625,  295,  475,  908,  623,  724,  385,  498,  109,  246, 1011,  517,  326,  632,  911,  949,   53,  561,  177,  419,  185,  340,  154,  411,  685,  465,  806],
        [  634,    0,  860,  833,  788,  287,    0,  759,  725,  323,  467,  261,  687,  500,  792,  815,  535,  256,  515,  486,  699,  596,  537,  766,  384,  312,  173,  420,  222,  654,  345,  152,  479,  651,  461,   97,  411,  693,  728,  290,   68,  266,  287,  361,  516,  267,  585,  266,  719,  249,  545,  604,  216,  501,   74,  844,  575,  745,  336,  480,  847,  211,  620,  140,  220,  266,  628,  531,  639,  448,  733,  452,  199,  872,  607,  363,  307,  375,  368,  417,  590,  938,  226,  589,  118,  552,  785,  140,  374,  330,  501,  388,  524,  535,  381,  676,  483,  650,  800,  534,  779,  414,  534,  187,  216,  876,  346,   78,  348,  818,  785,  298,  367,  283,  159,  383,   65,  134,  151,  550,  614,  683],
        [  301,    0,  857,  119,   43,  592,  759,    0,  679,  450,  306,  714,  691,  314,  104,  135,  902,  962,  756,  504,  103,  790,  256,  162, 1058,  453,  603,  434,  682,  238,  635,  850,  751,  662, 1009,  816,  407,  382,  150,  801,  824,  635,  971, 1023,  660,  569,  788,  792,   82,  664,  243,  166,  928,  429,  741,  721,  185,  409,  677,  770,   91,  548,  284,  795,  599,  936,  188,  453,  132,  312,  144,  522,  625,  902,  179, 1087,  769,  836,  627,  772,  371,  182,  977,  731,  649,  877,  240,  723,  488,  700,  945,  928,  544,  227,  474,  290,  298,  118,  752,  570,  312,  390,  329,  614,  549,  885,  684,  832, 1004,  722,  902,  543,  737,  482,  916,  741,  767,  670,  909,  682,  146,  722],
        [  382,    0,  185,  639,  720,  823,  725,  679,    0,  528,  664,  480,   49,  733,  780,  601,  395,  739, 1101,  278,  579,  222,  704,  539,  751,  557,  706,  788,  507,  443,  906,  877,  298,   75,  595,  698,  439,  301,  534,  970,  751,  843,  716,  716,  215,  779,  230,  948,  721,  478,  697,  665,  730,  857,  773,  121,  614,  293,  929,  311,  711,  636,  402,  636,  520,  684,  507,  279,  583,  590,  541,  898,  533,  225,  697,  840,  966,  464,  358,  371,  323,  764,  826,  178,  634,  352,  478,  592,  800,  411,  475,  554,  222,  570,  791,  389,  682,  670,   87,  202,  406,  459,  399,  746,  587,  212,  390,  792,  701,   94,  232,  782,  395,  650,  819, 1003,  678,  757,  817,  188,  609,   80],
        [  321,    0,  700,  514,  484,  299,  323,  450,  528,    0,  208,  285,  505,  271,  502,  493,  541,  513,  574,  250,  381,  500,  278,  443,  612,   30,  208,  276,  243,  333,  380,  444,  410,  466,  590,  369,  104,  395,  405,  473,  384,  325,  523,  578,  370,  255,  493,  454,  426,  232,  280,  313,  478,  358,  327,  632,  272,  450,  407,  423,  535,  134,  304,  345,  152,  488,  305,  264,  324,  152,  410,  378,  177,  729,  327,  637,  459,  428,  252,  394,  292,  625,  531,  461,  207,  532,  464,  274,  276,  297,  556,  506,  307,  224,  270,  361,  229,  353,  614,  330,  465,   98,  221,  241,  108,  723,  290,  401,  560,  614,  674,  255,  345,  123,  477,  482,  321,  276,  470,  407,  306,  518],
        [  341,    0,  847,  404,  329,  290,  467,  306,  664,  208,    0,  491,  653,   71,  326,  397,  744,  694,  500,  402,  279,  684,   73,  371,  805,  193,  302,  153,  446,  314,  344,  546,  606,  615,  796,  538,  240,  442,  332,  499,  535,  332,  711,  772,  549,  264,  679,  489,  255,  438,   80,  142,  657,  198,  441,  749,  132,  494,  384,  621,  397,  259,  316,  529,  353,  679,  248,  385,  214,   75,  334,  264,  374,  882,  141,  816,  470,  635,  452,  598,  360,  487,  691,  637,  368,  731,  424,  462,  196,  503,  763,  712,  459,  127,  182,  369,   22,  191,  750,  486,  458,  216,  273,  310,  275,  872,  495,  536,  755,  738,  844,  239,  550,  185,  625,  454,  487,  367,  617,  582,  175,  674],
        [  497,    0,  602,  755,  752,  464,  261,  714,  480,  285,  491,    0,  438,  550,  779,  727,  294,  286,  734,  289,  629,  335,  562,  666,  352,  299,  319,  525,   54,  538,  542,  410,  219,  405,  305,  219,  308,  522,  634,  541,  274,  463,  278,  315,  266,  425,  324,  517,  702,   54,  565,  593,  265,  613,  324,  600,  548,  566,  549,  219,  792,  284,  493,  157,  144,  242,  542,  348,  584,  435,  641,  603,  129,  612,  610,  406,  549,  150,  134,  159,  432,  878,  354,  331,  210,  302,  659,  122,  502,   71,  285,  221,  307,  495,  502,  537,  513,  630,  549,  308,  630,  325,  411,  358,  239,  617,   91,  318,  296,  572,  525,  445,  107,  347,  340,  612,  204,  339,  338,  297,  576,  429],
        [  391,    0,  196,  658,  732,  797,  687,  691,   49,  505,  653,  438,    0,  723,  790,  621,  347,  693, 1077,  258,  589,  174,  698,  557,  702,  534,  676,  771,  467,  454,  880,  838,  250,   40,  546,  656,  423,  319,  549,  938,  710,  816,  669,  668,  173,  753,  182,  915,  728,  439,  691,  665,  684,  843,  737,  166,  613,  319,  902,  263,  728,  608,  410,  593,  486,  637,  513,  270,  588,  579,  556,  880,  498,  229,  696,  792,  935,  416,  320,  324,  326,  785,  781,  129,  599,  304,  500,  552,  780,  368,  427,  506,  200,  567,  772,  404,  673,  673,  115,  176,  431,  444,  396,  716,  558,  220,  347,  752,  653,  136,  212,  758,  349,  626,  776,  976,  638,  725,  775,  142,  611,   37],
        [  401,    0,  916,  422,  328,  284,  500,  314,  733,  271,   71,  550,  723,    0,  309,  422,  810,  737,  457,  472,  309,  754,   59,  405,  852,  253,  329,  121,  503,  366,  322,  561,  674,  685,  854,  577,  310,  503,  368,  490,  567,  327,  757,  821,  619,  267,  748,  483,  248,  497,   72,  153,  699,  138,  464,  817,  167,  553,  364,  689,  402,  299,  375,  575,  409,  726,  296,  455,  247,  145,  369,  218,  429,  952,  135,  856,  457,  696,  519,  663,  425,  489,  725,  708,  409,  799,  466,  510,  176,  567,  826,  770,  529,  181,  162,  424,   51,  198,  819,  557,  508,  287,  340,  327,  324,  942,  560,  563,  804,  806,  915,  238,  615,  223,  655,  428,  527,  387,  647,  653,  205,  744],
        [  399,    0,  959,  201,   70,  592,  792,  104,  780,  502,  326,  779,  790,  309,    0,  228,  985, 1011,  719,  591,  202,  881,  260,  265, 1114,  499,  627,  425,  742,  337,  622,  867,  835,  759, 1079,  858,  477,  485,  254,  796,  859,  636, 1024, 1079,  749,  576,  879,  791,   77,  726,  249,  191,  975,  399,  765,  824,  232,  512,  664,  853,  136,  582,  381,  844,  653,  990,  280,  544,  211,  353,  248,  495,  678, 1003,  185, 1134,  761,  908,  703,  850,  467,  199, 1015,  824,  688,  962,  342,  773,  482,  772, 1023,  997,  634,  284,  468,  392,  311,  150,  854,  662,  416,  457,  416,  632,  591,  986,  757,  861, 1062,  825, 1000,  547,  812,  510,  950,  722,  808,  690,  942,  773,  205,  820],
        [  250,    0,  770,   38,  159,  687,  815,  135,  601,  493,  397,  727,  621,  422,  228,    0,  874,  994,  875,  478,  120,  743,  364,   67, 1077,  503,  673,  541,  703,  194,  739,  922,  724,  597, 1005,  860,  425,  302,   93,  895,  877,  728,  997, 1041,  622,  658,  743,  884,  215,  681,  350,  270,  962,  548,  808,  624,  266,  313,  779,  743,  115,  610,  244,  829,  630,  961,  190,  418,  186,  379,   87,  637,  657,  816,  293, 1119,  867,  831,  621,  756,  327,  167, 1023,  682,  700,  844,  127,  757,  590,  700,  927,  929,  505,  288,  576,  223,  395,  229,  666,  529,  204,  413,  317,  691,  599,  797,  681,  891, 1022,  631,  830,  636,  730,  553,  969,  848,  813,  743,  963,  638,  223,  655],
        [  625,    0,  423,  909,  944,  757,  535,  902,  395,  541,  744,  294,  347,  810,  985,  874,    0,  423, 1028,  400,  804,  173,  810,  808,  388,  562,  613,  805,  348,  682,  836,  672,  152,  339,  209,  463,  518,  598,  786,  824,  525,  757,  387,  360,  254,  718,  165,  800,  912,  337,  809,  817,  431,  892,  605,  496,  765,  621,  842,  133,  964,  573,  632,  401,  427,  366,  715,  457,  776,  677,  794,  891,  419,  412,  841,  492,  837,  161,  293,  148,  548, 1039,  531,  224,  503,   44,  774,  404,  789,  250,   84,  198,  370,  711,  787,  655,  766,  843,  422,  348,  719,  540,  574,  652,  524,  427,  253,  572,  349,  464,  304,  736,  201,  629,  556,  903,  472,  631,  558,  248,  782,  317],
        [  776,    0,  826, 1019,  996,  542,  256,  962,  739,  513,  694,  286,  693,  737, 1011,  994,  423,    0,  751,  574,  888,  551,  767,  936,  131,  513,  421,  670,  294,  812,  596,  319,  446,  666,  265,  164,  570,  806,  902,  504,  198,  519,   44,  116,  529,  521,  539,  482,  935,  320,  773,  821,   41,  753,  321,  858,  783,  851,  582,  436, 1046,  439,  770,  168,  366,   58,  805,  633,  834,  658,  908,  708,  339,  824,  830,  126,  532,  284,  418,  371,  715, 1135,  112,  570,  329,  457,  937,  240,  627,  342,  356,  228,  590,  736,  633,  817,  713,  864,  796,  587,  913,  582,  685,  441,  421,  835,  366,  232,  109,  828,  721,  552,  347,  515,  165,  617,  212,  389,  171,  553,  818,  676],
        [  835,    0, 1270,  871,  760,  282,  515,  756, 1101,  574,  500,  734, 1077,  457,  719,  875, 1028,  751,    0,  823,  765, 1044,  513,  861,  880,  544,  419,  347,  682,  812,  198,  440,  936, 1037,  975,  609,  668,  932,  825,  255,  557,  273,  789,  864,  928,  325, 1035,  274,  680,  697,  527,  606,  714,  328,  441, 1204,  622,  986,  186,  942,  839,  475,  811,  652,  616,  774,  747,  833,  703,  554,  825,  239,  616, 1295,  583,  828,  221,  874,  786,  890,  838,  916,  675, 1016,  525, 1035,  920,  628,  313,  788, 1006,  901,  879,  626,  325,  865,  493,  647, 1186,  901,  957,  652,  752,  379,  527, 1292,  795,  519,  854, 1187, 1230,  320,  836,  451,  597,  134,  578,  399,  589,  966,  661, 1086],
        [  230,    0,  453,  511,  546,  546,  486,  504,  278,  250,  402,  289,  258,  472,  591,  478,  400,  574,  823,    0,  405,  294,  453,  412,  630,  279,  435,  514,  290,  285,  629,  632,  249,  219,  532,  484,  166,  234,  388,  703,  526,  568,  565,  593,  159,  502,  291,  682,  520,  260,  449,  437,  552,  587,  520,  384,  384,  278,  653,  267,  565,  363,  235,  431,  267,  529,  317,   63,  381,  327,  395,  622,  287,  485,  465,  693,  696,  361,  159,  280,  155,  641,  635,  241,  380,  373,  388,  370,  523,  240,  450,  461,   59,  332,  515,  265,  422,  456,  364,   85,  348,  188,  176,  474,  317,  477,  218,  560,  575,  365,  443,  504,  260,  372,  608,  728,  451,  493,  604,  187,  393,  274],
        [  199,    0,  758,  134,  145,  568,  699,  103,  579,  381,  279,  629,  589,  309,  202,  120,  804,  888,  765,  405,    0,  688,  252,   98,  977,  388,  555,  425,  601,  136,  622,  803,  653,  560,  918,  749,  322,  285,   66,  776,  763,  609,  894,  941,  559,  539,  687,  765,  150,  581,  238,  161,  855,  440,  691,  625,  148,  316,  662,  672,  164,  492,  182,  722,  523,  858,   90,  352,   66,  260,   64,  526,  549,  802,  189, 1013,  748,  744,  534,  676,  269,  249,  911,  629,  585,  778,  169,  649,  474,  610,  849,  839,  443,  169,  460,  191,  279,  129,  653,  469,  231,  308,  232,  572,  485,  785,  592,  775,  923,  625,  800,  517,  645,  434,  855,  732,  701,  624,  848,  581,  106,  620],
        [  496,    0,  277,  779,  832,  764,  596,  790,  222,  500,  684,  335,  174,  754,  881,  743,  173,  551, 1044,  294,  688,    0,  742,  676,  542,  527,  627,  775,  379,  558,  847,  745,  117,  170,  376,  545,  446,  451,  660,  871,  605,  773,  521,  510,  137,  721,   12,  847,  812,  356,  738,  730,  548,  856,  657,  326,  677,  465,  861,  120,  841,  571,  509,  481,  429,  493,  603,  338,  672,  611,  667,  874,  432,  280,  758,  639,  876,  267,  259,  187,  421,  909,  648,   61,  531,  130,  632,  456,  771,  268,  255,  345,  247,  625,  766,  520,  706,  749,  254,  220,  571,  469,  467,  668,  519,  288,  255,  650,  496,  294,  191,  733,  231,  609,  657,  930,  538,  663,  657,  109,  686,  144],
        [  357,    0,  889,  364,  272,  338,  537,  256,  704,  278,   73,  562,  698,   59,  260,  364,  810,  767,  513,  453,  252,  742,    0,  349,  877,  266,  369,  179,  518,  318,  379,  608,  669,  661,  867,  609,  297,  460,  313,  546,  604,  381,  784,  845,  605,  318,  737,  538,  194,  509,   15,   95,  729,  190,  507,  782,  113,  508,  421,  684,  346,  330,  332,  602,  425,  751,  246,  429,  191,  134,  313,  275,  447,  926,   79,  888,  513,  705,  518,  664,  389,  433,  762,  692,  440,  795,  411,  534,  232,  572,  831,  783,  508,  138,  218,  378,   54,  140,  789,  537,  457,  274,  307,  372,  348,  915,  563,  604,  828,  773,  895,  290,  618,  255,  694,  486,  559,  431,  686,  637,  149,  721],
        [  184,    0,  710,  103,  197,  657,  766,  162,  539,  443,  371,  666,  557,  405,  265,   67,  808,  936,  861,  412,   98,  676,  349,    0, 1017,  455,  631,  520,  644,  130,  714,  879,  657,  532,  940,  806,  367,  239,   40,  864,  826,  697,  938,  980,  556,  625,  677,  851,  233,  621,  335,  259,  906,  538,  764,  568,  241,  255,  754,  677,  173,  564,  179,  773,  574,  902,  139,  352,  159,  342,   38,  623,  601,  756,  286, 1061,  837,  767,  557,  691,  260,  233,  969,  616,  649,  777,   79,  701,  566,  636,  861,  865,  438,  252,  552,  157,  372,  225,  606,  462,  152,  358,  255,  652,  550,  738,  617,  843,  962,  572,  767,  605,  666,  513,  918,  824,  761,  701,  912,  572,  201,  590],
        [  847,    0,  810, 1105, 1094,  670,  384, 1058,  751,  612,  805,  352,  702,  852, 1114, 1077,  388,  131,  880,  630,  977,  542,  877, 1017,    0,  617,  545,  792,  377,  889,  726,  446,  455,  682,  190,  289,  656,  863,  985,  632,  328,  648,   98,   38,  554,  647,  532,  610, 1038,  397,  883,  925,  170,  877,  451,  864,  883,  903,  712,  440, 1139,  555,  844,  277,  461,  127,  891,  692,  928,  762,  991,  835,  436,  800,  936,  110,  661,  290,  472,  384,  780, 1226,  220,  575,  445,  429, 1009,  344,  752,  391,  309,  198,  635,  834,  757,  886,  824,  965,  796,  627,  977,  670,  762,  567,  530,  814,  413,  362,   56,  833,  691,  677,  378,  630,  289,  747,  335,  517,  295,  570,  916,  680],
        [  342,    0,  729,  522,  485,  270,  312,  453,  557,   30,  193,  299,  534,  253,  499,  503,  562,  513,  544,  279,  388,  527,  266,  455,  617,    0,  186,  249,  253,  350,  351,  427,  434,  495,  603,  364,  130,  420,  417,  447,  375,  297,  526,  583,  398,  227,  519,  429,  423,  245,  269,  309,  477,  333,  310,  661,  271,  475,  378,  447,  540,  113,  323,  346,  160,  492,  317,  293,  329,  146,  422,  350,  183,  757,  320,  637,  432,  444,  276,  415,  317,  630,  525,  488,  198,  555,  480,  275,  248,  316,  575,  519,  336,  226,  242,  381,  215,  351,  643,  359,  485,  121,  243,  216,   97,  752,  310,  388,  566,  643,  702,  226,  364,   94,  468,  454,  315,  254,  461,  435,  308,  547],
        [  527,    0,  865,  688,  629,  145,  173,  603,  706,  208,  302,  319,  676,  329,  627,  673,  613,  421,  419,  435,  555,  627,  369,  631,  545,  186,    0,  249,  266,  532,  224,  249,  518,  637,  589,  258,  311,  603,  592,  269,  240,  147,  448,  518,  517,  110,  618,  249,  556,  279,  379,  442,  382,  333,  139,  818,  419,  658,  234,  524,  693,   76,  508,  274,  198,  421,  493,  463,  491,  295,  596,  297,  198,  886,  442,  534,  261,  464,  371,  473,  499,  784,  398,  603,  114,  618,  662,  226,  208,  370,  599,  508,  487,  386,  213,  566,  316,  490,  789,  505,  669,  305,  428,   42,  119,  885,  377,  235,  503,  796,  815,  136,  418,  122,  327,  304,  211,   70,  319,  555,  461,  681],
        [  490,    0,  966,  542,  448,  169,  420,  434,  788,  276,  153,  525,  771,  121,  425,  541,  805,  670,  347,  514,  425,  775,  179,  520,  792,  249,  249,    0,  473,  466,  201,  458,  682,  732,  819,  507,  349,  589,  482,  372,  487,  212,  695,  764,  645,  163,  768,  366,  367,  474,  193,  272,  630,   89,  372,  882,  279,  642,  243,  694,  523,  246,  466,  517,  383,  667,  401,  510,  361,  211,  483,  114,  397,  998,  256,  783,  337,  675,  524,  658,  500,  609,  643,  736,  350,  801,  575,  461,   57,  556,  809,  736,  572,  279,   45,  519,  148,  318,  874,  597,  611,  329,  414,  236,  287,  990,  554,  475,  748,  868,  948,  131,  606,  178,  568,  308,  459,  295,  560,  681,  320,  787],
        [  483,    0,  639,  730,  719,  410,  222,  682,  507,  243,  446,   54,  467,  503,  742,  703,  348,  294,  682,  290,  601,  379,  518,  644,  377,  253,  266,  473,    0,  519,  489,  373,  263,  432,  352,  197,  280,  517,  611,  493,  245,  410,  295,  341,  295,  371,  368,  469,  665,   31,  521,  554,  267,  561,  279,  627,  510,  565,  496,  266,  762,  231,  476,  142,   94,  258,  516,  345,  552,  394,  617,  549,   77,  653,  569,  418,  500,  203,  150,  210,  422,  850,  346,  368,  158,  354,  644,   86,  449,  112,  339,  267,  318,  459,  449,  523,  467,  593,  580,  323,  620,  294,  392,  305,  187,  655,  125,  285,  323,  600,  569,  391,  156,  296,  321,  560,  172,  288,  318,  329,  541,  462],
        [   64,    0,  624,  227,  280,  580,  654,  238,  443,  333,  314,  538,  454,  366,  337,  194,  682,  812,  812,  285,  136,  558,  318,  130,  889,  350,  532,  466,  519,    0,  647,  776,  531,  425,  811,  687,  246,  154,  104,  781,  711,  617,  812,  852,  432,  544,  557,  766,  280,  495,  306,  248,  783,  504,  659,  494,  207,  195,  683,  551,  284,  461,   51,  651,  454,  776,   75,  226,  148,  263,  112,  577,  480,  667,  280,  937,  758,  638,  428,  563,  137,  357,  850,  498,  537,  653,  131,  580,  504,  508,  733,  736,  315,  188,  491,   63,  323,  237,  519,  340,  146,  241,  128,  558,  440,  651,  488,  731,  834,  492,  664,  528,  537,  420,  803,  758,  643,  602,  797,  451,  184,  485],
        [  661,    0, 1073,  742,  647,   84,  345,  635,  906,  380,  344,  542,  880,  322,  622,  739,  836,  596,  198,  629,  622,  847,  379,  714,  726,  351,  224,  201,  489,  647,    0,  316,  739,  841,  799,  441,  478,  753,  675,  181,  399,   82,  631,  705,  731,  128,  838,  182,  567,  502,  393,  472,  557,  232,  276, 1011,  475,  808,   43,  746,  723,  277,  638,  476,  419,  610,  588,  643,  557,  384,  677,  144,  421, 1098,  456,  690,  142,  685,  589,  696,  655,  809,  539,  819,  334,  842,  764,  442,  149,  593,  819,  721,  684,  466,  163,  694,  344,  519,  991,  706,  792,  463,  572,  185,  329, 1095,  599,  370,  692,  993, 1032,  126,  641,  258,  460,  112,  403,  216,  451,  768,  517,  889],
        [  764,    0, 1011,  936,  874,  294,  152,  850,  877,  444,  546,  410,  838,  561,  867,  922,  672,  319,  440,  632,  803,  745,  608,  879,  446,  427,  249,  458,  373,  776,  316,    0,  628,  803,  567,  210,  541,  830,  840,  187,  148,  256,  361,  434,  667,  296,  734,  167,  799,  400,  619,  687,  286,  524,  118,  995,  667,  884,  290,  627,  940,  315,  747,  271,  365,  353,  740,  674,  740,  544,  844,  452,  347, 1022,  684,  389,  220,  512,  519,  562,  726, 1031,  236,  739,  254,  693,  906,  290,  403,  480,  628,  506,  674,  635,  414,  804,  557,  735,  952,  684,  908,  540,  663,  237,  339, 1026,  497,  100,  426,  970,  933,  328,  515,  370,  159,  308,  207,  181,  152,  702,  709,  834],
        [  474,    0,  389,  758,  793,  657,  479,  751,  298,  410,  606,  219,  250,  674,  835,  724,  152,  446,  936,  249,  653,  117,  669,  657,  455,  434,  518,  682,  263,  531,  739,  628,    0,  228,  311,  429,  374,  453,  635,  756,  488,  664,  420,  419,  110,  615,  106,  732,  763,  242,  667,  670,  440,  766,  541,  414,  618,  481,  751,   20,  813,  465,  481,  365,  321,  390,  564,  306,  626,  536,  643,  776,  321,  396,  695,  543,  762,  167,  159,   76,  398,  888,  539,  125,  418,  128,  626,  340,  673,  152,  208,  260,  221,  564,  669,  505,  628,  695,  351,  201,  574,  397,  423,  558,  414,  402,  142,  534,  404,  383,  307,  629,  114,  511,  543,  819,  422,  549,  543,  117,  633,  231],
        [  362,    0,  235,  634,  704,  758,  651,  662,   75,  466,  615,  405,   40,  685,  759,  597,  339,  666, 1037,  219,  560,  170,  661,  532,  682,  495,  637,  732,  432,  425,  841,  803,  228,    0,  532,  623,  383,  297,  522,  900,  676,  776,  644,  647,  140,  714,  176,  877,  696,  404,  655,  631,  656,  804,  700,  196,  578,  303,  863,  243,  702,  569,  379,  561,  449,  612,  482,  233,  555,  541,  529,  840,  461,  267,  661,  769,  896,  393,  284,  300,  294,  763,  752,  116,  562,  298,  479,  518,  740,  336,  416,  487,  161,  531,  733,  377,  635,  640,  152,  136,  412,  405,  361,  677,  519,  259,  315,  717,  631,  168,  241,  718,  321,  587,  744,  937,  603,  686,  742,  114,  577,   62],
        [  761,    0,  631, 1036, 1048,  730,  461, 1009,  595,  590,  796,  305,  546,  854, 1079, 1005,  209,  265,  975,  532,  918,  376,  867,  940,  190,  603,  589,  819,  352,  811,  799,  567,  311,  532,    0,  369,  603,  756,  913,  743,  425,  718,  222,  170,  420,  698,  366,  719, 1003,  359,  870,  896,  288,  907,  534,  701,  849,  788,  794,  293, 1081,  574,  763,  324,  445,  218,  829,  595,  878,  740,  920,  884,  426,  618,  914,  299,  764,  174,  385,  255,  687, 1163,  375,  418,  476,  252,  920,  363,  790,  309,  125,   85,  521,  796,  792,  796,  817,  931,  628,  506,  875,  622,  690,  621,  535,  633,  326,  470,  165,  670,  508,  723,  275,  644,  424,  843,  398,  583,  428,  426,  874,  519],
        [  660,    0,  817,  882,  848,  382,   97,  816,  698,  369,  538,  219,  656,  577,  858,  860,  463,  164,  609,  484,  749,  545,  609,  806,  289,  364,  258,  507,  197,  687,  441,  210,  429,  623,  369,    0,  442,  706,  770,  375,   63,  362,  192,  265,  484,  359,  534,  352,  784,  227,  617,  668,  124,  590,  168,  818,  634,  755,  431,  426,  903,  280,  649,   65,  235,  170,  671,  536,  692,  508,  776,  546,  209,  825,  675,  280,  396,  303,  345,  360,  607,  993,  163,  547,  171,  485,  817,  114,  464,  289,  419,  300,  514,  590,  470,  701,  555,  713,  767,  519,  802,  449,  563,  279,  268,  831,  309,  110,  252,  790,  731,  389,  316,  355,  125,  476,   51,  229,  122,  515,  671,  647],
        [  224,    0,  618,  450,  446,  399,  411,  407,  439,  104,  240,  308,  423,  310,  477,  425,  518,  570,  668,  166,  322,  446,  297,  367,  656,  130,  311,  349,  280,  246,  478,  541,  374,  383,  603,  442,    0,  292,  333,  576,  467,  426,  573,  619,  310,  356,  440,  558,  401,  259,  295,  300,  539,  422,  424,  538,  250,  347,  507,  390,  485,  236,  210,  406,  208,  537,  237,  166,  276,  166,  339,  459,  234,  650,  323,  695,  562,  432,  228,  376,  189,  571,  604,  398,  294,  501,  376,  335,  362,  295,  548,  522,  224,  196,  353,  265,  261,  330,  526,  250,  368,   24,  124,  344,  203,  642,  281,  489,  601,  521,  606,  352,  336,  222,  557,  583,  398,  377,  552,  343,  272,  439],
        [  104,    0,  476,  340,  423,  679,  693,  382,  301,  395,  442,  522,  319,  503,  485,  302,  598,  806,  932,  234,  285,  451,  460,  239,  863,  420,  603,  589,  517,  154,  753,  830,  453,  297,  756,  706,  292,    0,  235,  866,  741,  711,  798,  826,  345,  638,  453,  848,  432,  489,  450,  399,  783,  639,  714,  341,  353,   56,  786,  472,  411,  528,  129,  658,  476,  762,  227,  174,  302,  379,  241,  703,  500,  520,  431,  927,  850,  588,  393,  501,  105,  467,  863,  390,  578,  563,  183,  593,  619,  473,  661,  689,  235,  324,  607,   94,  455,  391,  371,  252,  122,  299,  182,  635,  494,  503,  451,  770,  808,  341,  529,  629,  490,  506,  828,  862,  668,  669,  823,  352,  336,  353],
        [  165,    0,  710,  124,  189,  617,  728,  150,  534,  405,  332,  634,  549,  368,  254,   93,  786,  902,  825,  388,   66,  660,  313,   40,  985,  417,  592,  482,  611,  104,  675,  840,  635,  522,  913,  770,  333,  235,    0,  824,  789,  657,  905,  948,  536,  586,  660,  811,  212,  588,  299,  224,  871,  502,  725,  571,  203,  259,  715,  654,  182,  526,  155,  738,  539,  869,  101,  330,  122,  302,    8,  586,  565,  755,  253, 1027,  798,  739,  529,  666,  241,  253,  933,  600,  612,  757,  103,  666,  528,  607,  837,  837,  419,  212,  514,  146,  334,  195,  605,  444,  167,  322,  225,  612,  512,  737,  589,  805,  930,  574,  760,  565,  639,  473,  881,  786,  724,  662,  875,  554,  165,  581],
        [  784,    0, 1123,  902,  817,  210,  290,  801,  970,  473,  499,  541,  938,  490,  796,  895,  824,  504,  255,  703,  776,  871,  546,  864,  632,  447,  269,  372,  493,  781,  181,  187,  756,  900,  743,  375,  576,  866,  824,    0,  318,  168,  544,  619,  774,  239,  861,   25,  737,  515,  559,  636,  468,  413,  219, 1084,  631,  922,  141,  759,  891,  343,  763,  428,  452,  533,  730,  732,  711,  523,  827,  324,  444, 1140,  624,  574,   42,  665,  624,  699,  764,  979,  422,  855,  342,  839,  906,  423,  315,  605,  790,  675,  753,  612,  329,  821,  504,  684, 1052,  770,  923,  568,  687,  233,  387, 1141,  617,  275,  609, 1062, 1061,  260,  647,  363,  346,  128,  355,  214,  338,  810,  674,  940],
        [  689,    0,  875,  896,  854,  348,   68,  824,  751,  384,  535,  274,  710,  567,  859,  877,  525,  198,  557,  526,  763,  605,  604,  826,  328,  375,  240,  487,  245,  711,  399,  148,  488,  676,  425,   63,  467,  741,  789,  318,    0,  322,  233,  308,  538,  331,  594,  294,  786,  275,  613,  671,  159,  566,  124,  871,  640,  793,  385,  486,  913,  278,  676,  126,  266,  218,  689,  575,  703,  513,  794,  514,  243,  884,  674,  298,  341,  365,  395,  420,  640, 1003,  158,  604,  178,  547,  842,  160,  440,  345,  481,  360,  560,  599,  447,  730,  551,  717,  822,  567,  832,  471,  590,  252,  278,  889,  364,   48,  297,  844,  792,  362,  375,  350,   93,  424,   76,  196,   86,  570,  679,  703],
        [  624,    0, 1007,  735,  653,   44,  266,  635,  843,  325,  332,  463,  816,  327,  636,  728,  757,  519,  273,  568,  609,  773,  381,  697,  648,  297,  147,  212,  410,  617,   82,  256,  664,  776,  718,  362,  426,  711,  657,  168,  322,    0,  552,  626,  661,   74,  764,  157,  574,  425,  394,  470,  479,  270,  198,  952,  463,  766,   88,  670,  726,  208,  602,  395,  344,  531,  565,  588,  543,  358,  660,  198,  344, 1030,  460,  616,  142,  605,  516,  618,  610,  814,  467,  748,  254,  764,  741,  361,  156,  516,  739,  640,  622,  446,  168,  660,  338,  518,  927,  642,  761,  415,  530,  106,  259, 1027,  523,  296,  613,  932,  960,   93,  564,  206,  388,  161,  322,  135,  380,  699,  506,  822],
        [  774,    0,  796, 1023, 1006,  574,  287,  971,  716,  523,  711,  278,  669,  757, 1024,  997,  387,   44,  789,  565,  894,  521,  784,  938,   98,  526,  448,  695,  295,  812,  631,  361,  420,  644,  222,  192,  573,  798,  905,  544,  233,  552,    0,   75,  509,  550,  510,  522,  948,  318,  790,  834,   76,  780,  356,  833,  794,  842,  618,  409, 1054,  459,  769,  183,  373,   37,  810,  626,  842,  671,  911,  738,  348,  792,  845,  129,  571,  256,  407,  345,  710, 1142,  154,  544,  349,  422,  936,  251,  655,  329,  317,  190,  577,  746,  660,  814,  731,  876,  770,  572,  908,  587,  685,  470,  437,  803,  352,  271,   66,  803,  687,  580,  327,  535,  208,  656,  238,  420,  213,  530,  828,  650],
        [  810,    0,  779, 1068, 1059,  646,  361, 1023,  716,  578,  772,  315,  668,  821, 1079, 1041,  360,  116,  864,  593,  941,  510,  845,  980,   38,  583,  518,  764,  341,  852,  705,  434,  419,  647,  170,  265,  619,  826,  948,  619,  308,  626,   75,    0,  517,  622,  499,  596, 1003,  361,  850,  890,  151,  849,  430,  830,  849,  866,  692,  405, 1103,  524,  807,  247,  427,   97,  855,  655,  892,  728,  954,  810,  402,  771,  903,  133,  646,  254,  434,  348,  742, 1190,  217,  540,  415,  399,  972,  311,  725,  353,  282,  166,  598,  799,  730,  849,  792,  931,  763,  590,  939,  634,  725,  542,  498,  784,  376,  346,   19,  799,  663,  651,  341,  600,  279,  730,  309,  493,  285,  534,  881,  646],
        [  373,    0,  349,  658,  702,  647,  516,  660,  215,  370,  549,  266,  173,  619,  749,  622,  254,  529,  928,  159,  559,  137,  605,  556,  554,  398,  517,  645,  295,  432,  731,  667,  110,  140,  420,  484,  310,  345,  536,  774,  538,  661,  509,  517,    0,  604,  133,  751,  678,  268,  602,  594,  517,  724,  568,  335,  541,  371,  749,  129,  716,  454,  383,  422,  323,  475,  472,  208,  539,  475,  544,  747,  331,  369,  622,  635,  774,  265,  151,  171,  296,  788,  613,   91,  433,  222,  520,  380,  645,  196,  318,  363,  118,  489,  639,  401,  570,  614,  285,   94,  466,  333,  333,  558,  403,  368,  175,  580,  501,  307,  305,  612,  183,  485,  605,  820,  466,  561,  603,   38,  551,  168],
        [  550,    0,  946,  667,  589,   45,  267,  569,  779,  255,  264,  425,  753,  267,  576,  658,  718,  521,  325,  502,  539,  721,  318,  625,  647,  227,  110,  163,  371,  544,  128,  296,  615,  714,  698,  359,  356,  638,  586,  239,  331,   74,  550,  622,  604,    0,  712,  227,  511,  382,  330,  404,  481,  237,  212,  886,  394,  693,  152,  623,  660,  151,  529,  381,  295,  525,  492,  519,  473,  285,  588,  189,  300,  971,  396,  628,  215,  572,  463,  575,  538,  749,  485,  692,  223,  721,  668,  335,  111,  472,  707,  617,  558,  374,  120,  587,  271,  452,  864,  579,  687,  343,  457,   81,  203,  967,  476,  315,  607,  867,  906,   33,  521,  134,  408,  228,  314,  135,  400,  641,  437,  762],
        [  496,    0,  288,  779,  830,  755,  585,  788,  230,  493,  679,  324,  182,  748,  879,  743,  165,  539, 1035,  291,  687,   12,  737,  677,  532,  519,  618,  768,  368,  557,  838,  734,  106,  176,  366,  534,  440,  453,  660,  861,  594,  764,  510,  499,  133,  712,    0,  837,  810,  346,  733,  727,  537,  850,  646,  336,  673,  469,  852,  109,  841,  562,  508,  469,  420,  482,  601,  336,  669,  606,  667,  867,  422,  292,  754,  628,  866,  255,  250,  175,  420,  909,  637,   64,  521,  123,  634,  446,  763,  257,  246,  334,  245,  621,  759,  520,  700,  746,  265,  218,  573,  464,  464,  659,  510,  299,  245,  639,  485,  304,  201,  724,  220,  601,  645,  920,  527,  653,  645,  107,  683,  153],
        [  767,    0, 1100,  892,  810,  200,  266,  792,  948,  454,  489,  517,  915,  483,  791,  884,  800,  482,  274,  682,  765,  847,  538,  851,  610,  429,  249,  366,  469,  766,  182,  167,  732,  877,  719,  352,  558,  848,  811,   25,  294,  157,  522,  596,  751,  227,  837,    0,  730,  492,  550,  627,  446,  412,  195, 1062,  620,  904,  144,  735,  882,  324,  747,  404,  430,  510,  717,  712,  699,  510,  814,  325,  420, 1117,  616,  555,   54,  640,  601,  675,  745,  971,  402,  832,  319,  815,  891,  398,  309,  581,  766,  651,  732,  600,  323,  805,  494,  675, 1029,  748,  907,  550,  670,  214,  367, 1118,  593,  252,  587, 1040, 1037,  250,  623,  347,  325,  143,  331,  191,  317,  787,  663,  917],
        [  340,    0,  903,  200,   82,  531,  719,   82,  721,  426,  255,  702,  728,  248,   77,  215,  912,  935,  680,  520,  150,  812,  194,  233, 1038,  423,  556,  367,  665,  280,  567,  799,  763,  696, 1003,  784,  401,  432,  212,  737,  786,  574,  948, 1003,  678,  511,  810,  730,    0,  650,  182,  116,  899,  353,  695,  773,  155,  466,  609,  780,  160,  508,  319,  768,  577,  913,  215,  476,  142,  277,  208,  447,  602,  946,  116, 1059,  704,  832,  628,  775,  403,  243,  941,  756,  614,  890,  310,  697,  423,  696,  948,  921,  566,  208,  409,  339,  242,   73,  798,  594,  378,  381,  346,  563,  516,  930,  682,  789,  985,  772,  937,  483,  737,  438,  877,  670,  734,  620,  869,  704,  130,  757],
        [  457,    0,  613,  708,  701,  422,  249,  664,  478,  232,  438,   54,  439,  497,  726,  681,  337,  320,  697,  260,  581,  356,  509,  621,  397,  245,  279,  474,   31,  495,  502,  400,  242,  404,  359,  227,  259,  489,  588,  515,  275,  425,  318,  361,  268,  382,  346,  492,  650,    0,  511,  540,  295,  562,  303,  598,  495,  536,  512,  247,  743,  237,  451,  172,   92,  282,  495,  316,  533,  382,  595,  555,   82,  628,  557,  444,  520,  202,  121,  194,  395,  830,  376,  342,  176,  340,  618,  115,  454,   92,  335,  275,  288,  443,  453,  497,  459,  577,  552,  293,  593,  275,  367,  319,  189,  630,  102,  314,  343,  571,  546,  400,  140,  297,  351,  578,  201,  308,  348,  302,  524,  434],
