{
    "name": "random-26-18985",
    "comment": "size=26 seed=18985",
    "nodes": ["+0", "-0", "+1", "-1", "+2", "-2", "+3", "-3", "+4", "-4", "+5", "-5", "+6", "-6", "+7", "-7", "+8", "-8", "+9", "-9", "+10", "-10", "+11", "-11", "+12", "-12", "+13", "-13", "+14", "-14", "+15", "-15", "+16", "-16", "+17", "-17", "+18", "-18", "+19", "-19", "+20", "-20", "+21", "-21", "+22", "-22", "+23", "-23", "+24", "-24", "+25", "-25", "+26", "-26"],
    "precedence": {
        "+0": "-0",
        "+1": "-1",
        "+2": "-2",
        "+3": "-3",
        "+4": "-4",
        "+5": "-5",
        "+6": "-6",
        "+7": "-7",
        "+8": "-8",
        "+9": "-9",
        "+10": "-10",
        "+11": "-11",
        "+12": "-12",
        "+13": "-13",
        "+14": "-14",
        "+15": "-15",
        "+16": "-16",
        "+17": "-17",
        "+18": "-18",
        "+19": "-19",
        "+20": "-20",
        "+21": "-21",
        "+22": "-22",
        "+23": "-23",
        "+24": "-24",
        "+25": "-25",
        "+26": "-26"
    },
    "edges": [
        [    0,    0,  666,  924,  576,  701,  738,  899,  250,  283,  193,  924,  953,  477,  774,  826,  662,  695,  148,  241,  876,  142,  129,  499,  560,  762,  564,  507,  482,  967,  729,  481,  870,  199,  933,  360,  643,  909,  936,  183,  873,  517,  168,  843,  937,  145,  314,  810,  261,  130,  933,  461,  337,  447],
        [    0,    0,  666,  924,  576,  701,  738,  899,  250,  283,  193,  924,  953,  477,  774,  826,  662,  695,  148,  241,  876,  142,  129,  499,  560,  762,  564,  507,  482,  967,  729,  481,  870,  199,  933,  360,  643,  909,  936,  183,  873,  517,  168,  843,  937,  145,  314,  810,  261,  130,  933,  461,  337,  447],
        [  666,  666,    0,  729,  656,  533,  110,  781,  539,  820,  697,  952,  930,  209,  884,  510, 1157, 1014,  572,  442,  604,  750,  786,  382,  789,  947,  995,  527,  187,  943,  991,  623,  438,  476,  805,  804,  342,  811,  721,  798,  373,  952,  499,  886,  740,  635,  787,  363,  709,  779,  773,  541,  929,  683],
        [  924,  924,  729,    0,  379,  237,  657,   99,  675,  829, 1083,  320,  261,  804,  380,  228,  931,  652,  952,  739,  136,  886,  967,  469,  504,  479,  768,  417,  703,  268,  580,  464,  348,  777,   98,  730,  401,  129,   28,  909,  439,  756,  831,  305,   14, 1010,  756,  397,  733,  948,   53,  464,  935,  532],
        [  576,  576,  656,  379,    0,  230,  639,  332,  339,  451,  754,  364,  381,  625,  243,  391,  604,  380,  638,  445,  387,  517,  600,  276,  163,  292,  430,  134,  537,  396,  341,   95,  506,  473,  365,  353,  354,  337,  399,  535,  567,  406,  524,  283,  392,  685,  378,  494,  358,  579,  374,  144,  558,  154],
        [  701,  701,  533,  237,  230,    0,  483,  257,  452,  648,  852,  422,  397,  577,  383,  162,  834,  596,  719,  504,  178,  681,  758,  232,  391,  468,  660,  202,  476,  410,  544,  283,  279,  544,  285,  564,  192,  284,  244,  710,  348,  636,  598,  362,  251,  778,  580,  279,  540,  740,  265,  253,  763,  364],
        [  738,  738,  110,  657,  639,  483,    0,  718,  580,  863,  788,  904,  875,  307,  853,  431, 1178, 1010,  657,  503,  526,  808,  852,  378,  785,  924, 1010,  517,  259,  887,  979,  621,  343,  542,  739,  833,  296,  749,  646,  855,  270,  970,  572,  843,  666,  722,  822,  271,  747,  843,  703,  542,  976,  690],
        [  899,  899,  781,   99,  332,  257,  718,    0,  653,  777, 1069,  222,  169,  833,  287,  301,  848,  563,  943,  734,  219,  848,  931,  481,  435,  387,  690,  400,  733,  178,  489,  424,  431,  770,   34,  673,  443,   34,  126,  866,  520,  682,  823,  208,  103,  997,  704,  470,  689,  910,   57,  441,  878,  482],
        [  250,  250,  539,  675,  339,  452,  580,  653,    0,  283,  417,  699,  720,  406,  560,  583,  630,  556,  300,  138,  628,  247,  315,  266,  367,  571,  482,  258,  359,  735,  565,  247,  642,  147,  687,  274,  416,  666,  687,  288,  658,  435,  191,  618,  688,  347,  251,  589,  171,  299,  685,  213,  396,  239],
        [  283,  283,  820,  829,  451,  648,  863,  777,  283,    0,  465,  739,  783,  671,  579,  802,  385,  434,  424,  391,  823,  145,  211,  524,  361,  539,  285,  451,  638,  797,  482,  370,  886,  372,  809,  112,  671,  777,  848,  123,  917,  240,  382,  664,  842,  427,   74,  845,  119,  192,  822,  401,  119,  297],
        [  193,  193,  697, 1083,  754,  852,  788, 1069,  417,  465,    0, 1110, 1134,  489,  962,  959,  832,  887,  140,  352, 1020,  321,  268,  632,  751,  954,  749,  670,  533, 1149,  921,  660,  982,  310, 1102,  551,  761, 1082, 1093,  350,  969,  703,  257, 1028, 1097,   75,  505,  914,  454,  282, 1098,  628,  494,  635],
        [  924,  924,  952,  320,  364,  422,  904,  222,  699,  739, 1110,    0,   72,  966,  162,  512,  709,  415,  999,  809,  437,  842,  925,  604,  379,  232,  575,  482,  871,   77,  335,  454,  645,  837,  225,  628,  613,  191,  346,  847,  732,  582,  887,   82,  321, 1043,  668,  676,  680,  904,  270,  505,  820,  478],
        [  953,  953,  930,  261,  381,  397,  875,  169,  720,  783, 1134,   72,    0,  959,  215,  468,  775,  481, 1019,  821,  387,  878,  962,  598,  423,  297,  636,  487,  861,   16,  401,  474,  598,  852,  164,  673,  589,  136,  286,  887,  688,  640,  903,  121,  261, 1066,  711,  635,  716,  941,  210,  517,  869,  509],
        [  477,  477,  209,  804,  625,  577,  307,  833,  406,  671,  489,  966,  959,    0,  867,  610, 1035,  940,  368,  281,  696,  579,  602,  363,  726,  911,  886,  493,  101,  974,  933,  565,  578,  303,  861,  679,  406,  858,  803,  628,  535,  840,  312,  891,  816,  429,  653,  501,  572,  598,  838,  488,  770,  604],
        [  774,  774,  884,  380,  243,  383,  853,  287,  560,  579,  962,  162,  215,  867,    0,  514,  569,  279,  858,  680,  463,  685,  768,  513,  220,  100,  423,  375,  777,  226,  203,  320,  647,  703,  307,  467,  558,  268,  407,  689,  726,  426,  751,   96,  387,  898,  508,  660,  524,  746,  343,  385,  659,  328],
        [  826,  826,  510,  228,  391,  162,  431,  301,  583,  802,  959,  512,  468,  610,  514,    0,  995,  749,  822,  608,   95,  823,  896,  329,  551,  607,  821,  351,  512,  477,  692,  442,  135,  651,  316,  722,  209,  334,  215,  856,  221,  797,  703,  470,  236,  884,  736,  171,  690,  879,  277,  402,  918,  524],
        [  662,  662, 1157,  931,  604,  834, 1178,  848,  630,  385,  832,  709,  775, 1035,  569,  995,    0,  294,  807,  758,  979,  521,  565,  805,  444,  479,  175,  683,  986,  784,  375,  575, 1109,  747,  872,  357,  931,  833,  956,  484, 1164,  209,  764,  663,  940,  804,  385, 1090,  465,  550,  903,  646,  340,  496],
        [  695,  695, 1014,  652,  380,  596, 1010,  563,  556,  434,  887,  415,  481,  940,  279,  749,  294,    0,  816,  693,  717,  571,  644,  635,  226,  185,  180,  494,  868,  490,   81,  392,  875,  699,  585,  337,  732,  546,  678,  556,  942,  208,  734,  371,  660,  837,  383,  870,  439,  624,  619,  474,  471,  338],
        [  148,  148,  572,  952,  638,  719,  657,  943,  300,  424,  140,  999, 1019,  368,  858,  822,  807,  816,    0,  216,  884,  287,  271,  495,  656,  861,  699,  544,  400, 1034,  841,  546,  843,  175,  976,  487,  622,  958,  961,  330,  831,  651,  122,  918,  966,   67,  444,  775,  378,  276,  969,  505,  485,  532],
        [  241,  241,  442,  739,  445,  504,  503,  734,  138,  391,  352,  809,  821,  281,  680,  608,  758,  693,  216,    0,  669,  309,  350,  280,  498,  699,  616,  337,  255,  836,  700,  360,  638,   45,  766,  404,  413,  751,  747,  357,  635,  569,   95,  728,  752,  277,  374,  574,  294,  341,  758,  305,  493,  370],
        [  876,  876,  604,  136,  387,  178,  526,  219,  628,  823, 1020,  437,  387,  696,  463,   95,  979,  717,  884,  669,    0,  859,  936,  390,  537,  561,  808,  379,  597,  396,  653,  454,  214,  711,  229,  734,  291,  252,  121,  887,  304,  789,  764,  406,  143,  945,  753,  262,  716,  917,  187,  430,  935,  532],
        [  142,  142,  750,  886,  517,  681,  808,  848,  247,  145,  321,  842,  878,  579,  685,  823,  521,  571,  287,  309,  859,    0,   84,  513,  465,  659,  429,  480,  564,  892,  613,  425,  888,  278,  881,  237,  663,  853,  903,   49,  905,  383,  271,  763,  900,  285,  190,  836,  163,   63,  888,  429,  200,  371],
        [  129,  129,  786,  967,  600,  758,  852,  931,  315,  211,  268,  925,  962,  602,  768,  896,  565,  644,  271,  350,  936,   84,    0,  580,  548,  740,  492,  558,  601,  976,  690,  507,  955,  312,  964,  314,  728,  937,  983,   89,  967,  449,  291,  847,  981,  249,  268,  900,  247,   22,  970,  508,  227,  455],
        [  499,  499,  382,  469,  276,  232,  378,  481,  266,  524,  632,  604,  598,  363,  513,  329,  805,  635,  495,  280,  390,  513,  580,    0,  410,  568,  635,  145,  267,  612,  610,  244,  376,  323,  512,  472,  151,  503,  475,  551,  395,  597,  375,  529,  483,  557,  470,  325,  405,  564,  495,  164,  642,  313],
        [  560,  560,  789,  504,  163,  391,  785,  435,  367,  361,  751,  379,  423,  726,  220,  551,  444,  226,  656,  498,  537,  465,  548,  410,    0,  206,  272,  268,  648,  436,  208,  167,  668,  513,  465,  250,  509,  430,  528,  469,  729,  254,  556,  304,  516,  690,  290,  655,  305,  527,  487,  249,  450,  129],
        [  762,  762,  947,  479,  292,  468,  924,  387,  571,  539,  954,  232,  297,  911,  100,  607,  479,  185,  861,  699,  561,  659,  740,  568,  206,    0,  345,  424,  825,  306,  106,  348,  738,  717,  406,  429,  632,  366,  506,  656,  814,  356,  761,  187,  487,  895,  474,  746,  504,  719,  443,  424,  606,  332],
        [  564,  564,  995,  768,  430,  660, 1010,  690,  482,  285,  749,  575,  636,  886,  423,  821,  175,  180,  699,  616,  808,  429,  492,  635,  272,  345,    0,  509,  829,  647,  253,  401,  935,  612,  716,  216,  758,  678,  792,  404,  990,   49,  636,  518,  778,  709,  256,  915,  329,  474,  744,  474,  298,  324],
        [  507,  507,  527,  417,  134,  202,  517,  400,  258,  451,  670,  482,  487,  493,  375,  351,  683,  494,  544,  337,  379,  480,  558,  145,  268,  424,  509,    0,  404,  502,  465,  109,  441,  371,  433,  376,  249,  415,  430,  509,  485,  476,  424,  403,  431,  598,  386,  411,  340,  539,  428,   52,  568,  188],
        [  482,  482,  187,  703,  537,  476,  259,  733,  359,  638,  533,  871,  861,  101,  777,  512,  986,  868,  400,  255,  597,  564,  601,  267,  648,  825,  829,  404,    0,  876,  855,  484,  488,  290,  761,  630,  306,  758,  702,  612,  453,  784,  316,  796,  716,  465,  609,  412,  530,  593,  738,  404,  745,  531],
        [  967,  967,  943,  268,  396,  410,  887,  178,  735,  797, 1149,   77,   16,  974,  226,  477,  784,  490, 1034,  836,  396,  892,  976,  612,  436,  306,  647,  502,  876,    0,  410,  489,  608,  867,  170,  686,  602,  144,  292,  901,  697,  651,  918,  134,  267, 1081,  725,  646,  730,  955,  216,  532,  882,  524],
        [  729,  729,  991,  580,  341,  544,  979,  489,  565,  482,  921,  335,  401,  933,  203,  692,  375,   81,  841,  700,  653,  613,  690,  610,  208,  106,  253,  465,  855,  410,    0,  372,  820,  711,  510,  377,  693,  470,  607,  603,  892,  272,  750,  293,  588,  867,  423,  821,  468,  669,  546,  453,  532,  333],
        [  481,  481,  623,  464,   95,  283,  621,  424,  247,  370,  660,  454,  474,  565,  320,  442,  575,  392,  546,  360,  454,  425,  507,  244,  167,  348,  401,  109,  484,  489,  372,    0,  542,  385,  457,  281,  357,  431,  482,  446,  591,  368,  434,  372,  477,  592,  300,  516,  269,  487,  464,   82,  482,   83],
        [  870,  870,  438,  348,  506,  279,  343,  431,  642,  886,  982,  645,  598,  578,  647,  135, 1109,  875,  843,  638,  214,  888,  955,  376,  668,  738,  935,  441,  488,  608,  820,  542,    0,  682,  442,  816,  228,  464,  330,  925,   92,  907,  730,  604,  354,  908,  824,   78,  770,  939,  400,  488, 1004,  625],
        [  199,  199,  476,  777,  473,  544,  542,  770,  147,  372,  310,  837,  852,  303,  703,  651,  747,  699,  175,   45,  711,  278,  312,  323,  513,  717,  612,  371,  290,  867,  711,  385,  682,    0,  802,  397,  457,  785,  787,  326,  679,  564,   54,  755,  791,  235,  364,  618,  284,  304,  795,  335,  468,  386],
        [  933,  933,  805,   98,  365,  285,  739,   34,  687,  809, 1102,  225,  164,  861,  307,  316,  872,  585,  976,  766,  229,  881,  964,  512,  465,  406,  716,  433,  761,  170,  510,  457,  442,  802,    0,  704,  468,   40,  122,  899,  532,  710,  856,  222,   98, 1030,  735,  486,  722,  943,   46,  474,  909,  515],
        [  360,  360,  804,  730,  353,  564,  833,  673,  274,  112,  551,  628,  673,  679,  467,  722,  357,  337,  487,  404,  734,  237,  314,  472,  250,  429,  216,  376,  630,  686,  377,  281,  816,  397,  704,    0,  612,  671,  750,  228,  856,  168,  421,  553,  742,  503,   47,  782,  114,  293,  720,  329,  206,  202],
        [  643,  643,  342,  401,  354,  192,  296,  443,  416,  671,  761,  613,  589,  406,  558,  209,  931,  732,  622,  413,  291,  663,  728,  151,  509,  632,  758,  249,  306,  602,  693,  357,  228,  457,  468,  612,    0,  471,  398,  702,  246,  724,  506,  549,  413,  687,  614,  174,  553,  713,  440,  288,  790,  436],
        [  909,  909,  811,  129,  337,  284,  749,   34,  666,  777, 1082,  191,  136,  858,  268,  334,  833,  546,  958,  751,  252,  853,  937,  503,  430,  366,  678,  415,  758,  144,  470,  431,  464,  785,   40,  671,  471,    0,  155,  870,  553,  673,  838,  183,  131, 1010,  704,  503,  693,  916,   81,  454,  876,  485],
        [  936,  936,  721,   28,  399,  244,  646,  126,  687,  848, 1093,  346,  286,  803,  407,  215,  956,  678,  961,  747,  121,  903,  983,  475,  528,  506,  792,  430,  702,  292,  607,  482,  330,  787,  122,  750,  398,  155,    0,  926,  421,  780,  840,  332,   26, 1019,  776,  382,  750,  964,   77,  478,  956,  551],
        [  183,  183,  798,  909,  535,  710,  855,  866,  288,  123,  350,  847,  887,  628,  689,  856,  484,  556,  330,  357,  887,   49,   89,  551,  469,  656,  404,  509,  612,  901,  603,  446,  925,  326,  899,  228,  702,  870,  926,    0,  945,  360,  320,  770,  922,  321,  183,  875,  177,   70,  908,  458,  155,  385],
        [  873,  873,  373,  439,  567,  348,  270,  520,  658,  917,  969,  732,  688,  535,  726,  221, 1164,  942,  831,  635,  304,  905,  967,  395,  729,  814,  990,  485,  453,  697,  892,  591,   92,  679,  532,  856,  246,  553,  421,  945,    0,  959,  723,  688,  445,  897,  860,   75,  799,  953,  490,  529, 1035,  672],
        [  517,  517,  952,  756,  406,  636,  970,  682,  435,  240,  703,  582,  640,  840,  426,  797,  209,  208,  651,  569,  789,  383,  449,  597,  254,  356,   49,  476,  784,  651,  272,  368,  907,  564,  710,  168,  724,  673,  780,  360,  959,    0,  588,  521,  767,  662,  208,  884,  281,  430,  735,  438,  264,  288],
        [  168,  168,  499,  831,  524,  598,  572,  823,  191,  382,  257,  887,  903,  312,  751,  703,  764,  734,  122,   95,  764,  271,  291,  375,  556,  761,  636,  424,  316,  918,  750,  434,  730,   54,  856,  421,  506,  838,  840,  320,  723,  588,    0,  805,  845,  182,  384,  664,  308,  286,  849,  388,  468,  430],
        [  843,  843,  886,  305,  283,  362,  843,  208,  618,  664, 1028,   82,  121,  891,   96,  470,  663,  371,  918,  728,  406,  763,  847,  529,  304,  187,  518,  403,  796,  134,  293,  372,  604,  755,  222,  553,  549,  183,  332,  770,  688,  521,  805,    0,  310,  962,  593,  627,  601,  826,  263,  425,  749,  397],
        [  937,  937,  740,   14,  392,  251,  666,  103,  688,  842, 1097,  321,  261,  816,  387,  236,  940,  660,  966,  752,  143,  900,  981,  483,  516,  487,  778,  431,  716,  267,  588,  477,  354,  791,   98,  742,  413,  131,   26,  922,  445,  767,  845,  310,    0, 1023,  769,  405,  746,  961,   52,  478,  948,  545],
        [  145,  145,  635, 1010,  685,  778,  722,  997,  347,  427,   75, 1043, 1066,  429,  898,  884,  804,  837,   67,  277,  945,  285,  249,  557,  690,  895,  709,  598,  465, 1081,  867,  592,  908,  235, 1030,  503,  687, 1010, 1019,  321,  897,  662,  182,  962, 1023,    0,  458,  841,  400,  258, 1025,  557,  473,  571],
        [  314,  314,  787,  756,  378,  580,  822,  704,  251,   74,  505,  668,  711,  653,  508,  736,  385,  383,  444,  374,  753,  190,  268,  470,  290,  474,  256,  386,  609,  725,  423,  300,  824,  364,  735,   47,  614,  704,  776,  183,  860,  208,  384,  593,  769,  458,    0,  786,   81,  247,  749,  337,  183,  225],
        [  810,  810,  363,  397,  494,  279,  271,  470,  589,  845,  914,  676,  635,  501,  660,  171, 1090,  870,  775,  574,  262,  836,  900,  325,  655,  746,  915,  411,  412,  646,  821,  516,   78,  618,  486,  782,  174,  503,  382,  875,   75,  884,  664,  627,  405,  841,  786,    0,  727,  885,  447,  454,  963,  598],
        [  261,  261,  709,  733,  358,  540,  747,  689,  171,  119,  454,  680,  716,  572,  524,  690,  465,  439,  378,  294,  716,  163,  247,  405,  305,  504,  329,  340,  530,  730,  468,  269,  770,  284,  722,  114,  553,  693,  750,  177,  799,  281,  308,  601,  746,  400,   81,  727,    0,  225,  731,  289,  237,  209],
        [  130,  130,  779,  948,  579,  740,  843,  910,  299,  192,  282,  904,  941,  598,  746,  879,  550,  624,  276,  341,  917,   63,   22,  564,  527,  719,  474,  539,  593,  955,  669,  487,  939,  304,  943,  293,  713,  916,  964,   70,  953,  430,  286,  826,  961,  258,  247,  885,  225,    0,  950,  489,  215,  434],
        [  933,  933,  773,   53,  374,  265,  703,   57,  685,  822, 1098,  270,  210,  838,  343,  277,  903,  619,  969,  758,  187,  888,  970,  495,  487,  443,  744,  428,  738,  216,  546,  464,  400,  795,   46,  720,  440,   81,   77,  908,  490,  735,  849,  263,   52, 1025,  749,  447,  731,  950,    0,  473,  925,  526],
        [  461,  461,  541,  464,  144,  253,  542,  441,  213,  401,  628,  505,  517,  488,  385,  402,  646,  474,  505,  305,  430,  429,  508,  164,  249,  424,  474,   52,  404,  532,  453,   82,  488,  335,  474,  329,  288,  454,  478,  458,  529,  438,  388,  425,  478,  557,  337,  454,  289,  489,  473,    0,  518,  150],
        [  337,  337,  929,  935,  558,  763,  976,  878,  396,  119,  494,  820,  869,  770,  659,  918,  340,  471,  485,  493,  935,  200,  227,  642,  450,  606,  298,  568,  745,  882,  532,  482, 1004,  468,  909,  206,  790,  876,  956,  155, 1035,  264,  468,  749,  948,  473,  183,  963,  237,  215,  925,  518,    0,  406],
        [  447,  447,  683,  532,  154,  364,  690,  482,  239,  297,  635,  478,  509,  604,  328,  524,  496,  338,  532,  370,  532,  371,  455,  313,  129,  332,  324,  188,  531,  524,  333,   83,  625,  386,  515,  202,  436,  485,  551,  385,  672,  288,  430,  397,  545,  571,  225,  598,  209,  434,  526,  150,  406,    0]
    ]
}
