{
    "name": "random-60-30699",
    "comment": "size=60 seed=30699",
    "nodes": ["+0", "-0", "+1", "-1", "+2", "-2", "+3", "-3", "+4", "-4", "+5", "-5", "+6", "-6", "+7", "-7", "+8", "-8", "+9", "-9", "+10", "-10", "+11", "-11", "+12", "-12", "+13", "-13", "+14", "-14", "+15", "-15", "+16", "-16", "+17", "-17", "+18", "-18", "+19", "-19", "+20", "-20", "+21", "-21", "+22", "-22", "+23", "-23", "+24", "-24", "+25", "-25", "+26", "-26", "+27", "-27", "+28", "-28", "+29", "-29", "+30", "-30", "+31", "-31", "+32", "-32", "+33", "-33", "+34", "-34", "+35", "-35", "+36", "-36", "+37", "-37", "+38", "-38", "+39", "-39", "+40", "-40", "+41", "-41", "+42", "-42", "+43", "-43", "+44", "-44", "+45", "-45", "+46", "-46", "+47", "-47", "+48", "-48", "+49", "-49", "+50", "-50", "+51", "-51", "+52", "-52", "+53", "-53", "+54", "-54", "+55", "-55", "+56", "-56", "+57", "-57", "+58", "-58", "+59", "-59", "+60", "-60"],
    "precedence": {
        "+0": "-0",
        "+1": "-1",
        "+2": "-2",
        "+3": "-3",
        "+4": "-4",
        "+5": "-5",
        "+6": "-6",
        "+7": "-7",
        "+8": "-8",
        "+9": "-9",
        "+10": "-10",
        "+11": "-11",
        "+12": "-12",
        "+13": "-13",
        "+14": "-14",
        "+15": "-15",
        "+16": "-16",
        "+17": "-17",
        "+18": "-18",
        "+19": "-19",
        "+20": "-20",
        "+21": "-21",
        "+22": "-22",
        "+23": "-23",
        "+24": "-24",
        "+25": "-25",
        "+26": "-26",
        "+27": "-27",
        "+28": "-28",
        "+29": "-29",
        "+30": "-30",
        "+31": "-31",
        "+32": "-32",
        "+33": "-33",
        "+34": "-34",
        "+35": "-35",
        "+36": "-36",
        "+37": "-37",
        "+38": "-38",
        "+39": "-39",
        "+40": "-40",
        "+41": "-41",
        "+42": "-42",
        "+43": "-43",
        "+44": "-44",
        "+45": "-45",
        "+46": "-46",
        "+47": "-47",
        "+48": "-48",
        "+49": "-49",
        "+50": "-50",
        "+51": "-51",
        "+52": "-52",
        "+53": "-53",
        "+54": "-54",
        "+55": "-55",
        "+56": "-56",
        "+57": "-57",
        "+58": "-58",
        "+59": "-59",
        "+60": "-60"
    },
    "edges": [
        [    0,    0,  341,  923,  222,  566,  651,  281,  536,  936,  753,  739,  892,  628,  105,  500,  497,  514,  894,  314,  669,  611,  185,  276,  524,  733,  498,  241,  658,   58,  819,  429,  572,  857,  821,  242,  512,  406,  247,  502,  423,  491,  173,  469,  903,  248,  484,  432,  854,  477,  489,  396,  640,   82,   92,  448,  568,  535,  303,  552,  657,  723,  240,  494,  311,  387,  537,  183,   94,  521,  138,  567,  241, 1024,  431,  822,  132,  725,  737,  810,  529,  907,  785,  561,  214,  513,  282,  773,  633,  425,  806,  457,   84, 1001,  735,  416,  864,  460,  106,  541,  847,  115,  603,  447,  457,  238,  935,  458,  839,  405,  706,  339,  119,  275,   30,  639,  281,  949,  899,  145,  808,  917],
        [    0,    0,    0,    0,    0,    0,    0,    0,    0,    0,    0,    0,    0,    0,    0,    0,    0,    0,    0,    0,    0,    0,    0,    0,    0,    0,    0,    0,    0,    0,    0,    0,    0,    0,    0,    0,    0,    0,    0,    0,    0,    0,    0,    0,    0,    0,    0,    0,    0,    0,    0,    0,    0,    0,    0,    0,    0,    0,    0,    0,    0,    0,    0,    0,    0,    0,    0,    0,    0,    0,    0,    0,    0,    0,    0,    0,    0,    0,    0,    0,    0,    0,    0,    0,    0,    0,    0,    0,    0,    0,    0,    0,    0,    0,    0,    0,    0,    0,    0,    0,    0,    0,    0,    0,    0,    0,    0,    0,    0,    0,    0,    0,    0,    0,    0,    0,    0,    0,    0,    0,    0,    0],
        [  341,    0,    0,  724,  121,  283,  321,  218,  243,  604,  507,  474,  678,  389,  244,  228,  490,  397,  728,  370,  511,  280,  505,  356,  189,  408,  190,  223,  347,  397,  483,   90,  533,  648,  594,  367,  184,  639,  479,  396,  628,  242,  294,  331,  644,  452,  316,  630,  550,  530,  245,  569,  630,  290,  251,  419,  227,  451,  298,  598,  317,  666,  150,  372,  161,  513,  257,  479,  300,  377,  474,  432,  144,  683,  142,  575,  233,  387,  497,  513,  388,  607,  453,  228,  194,  177,  193,  573,  633,  210,  695,  344,  410,  867,  539,  246,  698,  340,  417,  514,  509,  411,  275,  119,  509,  525,  617,  185,  510,   93,  382,  211,  320,  160,  316,  585,  538,  614,  569,  212,  649,  798],
        [  923,    0,  724,    0,  777,  879,  764,  939,  846,  550,  237,  287,   57,  336,  832,  868, 1211,  414,   95, 1088,  258,  560,  975, 1068,  610,  493,  800,  935,  462,  953,  576,  712,  438,   78,  143,  725,  750,  886,  841, 1101,  837,  482,  757,  454,  195,  803,  443,  827,  374,  590,  480,  773,  465,  841,  852,  514,  658, 1159,  627,  571,  626,  364,  708,  432,  633,  702,  871,  925,  831, 1070,  990,  360,  853,  753,  810,  188,  892,  589,  237,  354,  395,  356,  530,  582,  897,  716,  648,  153,  483,  906,  240, 1054,  935,  222,  190,  516,  102,  464,  920,  466,  599,  901,  548,  630,  593,  930,  455,  539,  509,  770,  492,  933,  816,  667,  895,  392,  890,  586,  522,  873,  144,  227],
        [  222,    0,  121,  777,    0,  376,  437,  187,  340,  718,  578,  553,  737,  453,  124,  313,  472,  404,  767,  318,  541,  393,  387,  294,  304,  517,  294,  168,  449,  277,  599,  209,  515,  704,  657,  279,  298,  539,  375,  412,  535,  305,  195,  343,  723,  352,  341,  539,  650,  479,  306,  483,  605,  172,  131,  390,  347,  461,  244,  552,  436,  660,   84,  379,  149,  438,  348,  364,  184,  408,  354,  449,   93,  803,  232,  647,  125,  504,  565,  609,  405,  705,  567,  342,  125,  295,  153,  624,  604,  262,  711,  358,  290,  895,  587,  265,  737,  344,  299,  491,  627,  294,  386,  229,  457,  412,  724,  259,  622,  195,  491,  214,  208,  122,  196,  575,  431,  730,  682,  104,  684,  819],
        [  566,    0,  283,  879,  376,    0,  159,  309,   42,  557,  643,  595,  826,  558,  491,   67,  422,  643,  910,  416,  720,  322,  748,  429,  275,  427,   98,  346,  423,  623,  430,  216,  793,  802,  738,  647,  136,  914,  750,  277,  907,  447,  568,  580,  745,  726,  553,  910,  592,  809,  452,  850,  893,  541,  489,  690,  223,  328,  580,  874,  278,  910,  430,  620,  439,  796,   29,  732,  556,  229,  704,  665,  326,  546,  145,  701,  435,  348,  643,  575,  626,  648,  433,  298,  357,  169,  475,  745,  897,  153,  914,  253,  647, 1060,  719,  499,  883,  594,  662,  778,  441,  661,  333,  287,  788,  783,  613,  391,  491,  190,  413,  250,  583,  442,  549,  837,  806,  549,  537,  422,  843, 1005],
        [  651,    0,  321,  764,  437,  159,    0,  431,  154,  398,  530,  478,  709,  467,  561,  199,  580,  597,  807,  558,  642,  210,  823,  565,  208,  285,  162,  461,  304,  708,  273,  232,  753,  689,  622,  677,  140,  952,  797,  436,  937,  391,  612,  540,  613,  767,  506,  937,  447,  798,  397,  873,  853,  608,  564,  669,  135,  487,  588,  855,  140,  851,  466,  577,  448,  809,  173,  799,  619,  387,  788,  606,  417,  398,  228,  579,  527,  197,  534,  437,  573,  501,  281,  210,  459,  146,  490,  643,  860,  288,  833,  409,  725,  960,  623,  470,  782,  558,  735,  744,  282,  730,  225,  262,  779,  845,  458,  348,  336,  247,  278,  379,  640,  463,  629,  786,  857,  391,  379,  510,  749,  915],
        [  281,    0,  218,  939,  187,  309,  431,    0,  288,  787,  725,  692,  895,  606,  241,  245,  286,  586,  939,  153,  716,  475,  465,  145,  386,  605,  270,   41,  556,  334,  659,  264,  702,  864,  811,  443,  305,  674,  507,  235,  681,  458,  352,  523,  861,  494,  516,  686,  758,  659,  460,  638,  791,  286,  229,  576,  395,  280,  428,  733,  486,  845,  270,  561,  330,  604,  282,  462,  306,  244,  413,  628,   95,  827,  206,  793,  155,  563,  715,  724,  585,  815,  640,  426,   77,  322,  339,  788,  790,  157,  892,  185,  365, 1072,  753,  441,  909,  526,  386,  677,  680,  391,  474,  329,  637,  516,  814,  402,  700,  211,  582,   61,  340,  307,  272,  761,  552,  790,  756,  153,  857,  999],
        [  536,    0,  243,  846,  340,   42,  154,  288,    0,  546,  611,  563,  793,  522,  457,   46,  430,  602,  874,  406,  682,  293,  716,  416,  239,  404,   57,  323,  393,  593,  417,  175,  752,  768,  705,  608,   98,  877,  714,  289,  869,  407,  531,  539,  717,  689,  512,  871,  569,  768,  412,  811,  852,  506,  456,  649,  192,  343,  539,  833,  257,  870,  391,  580,  399,  756,   26,  699,  521,  244,  673,  625,  295,  550,  108,  670,  406,  330,  610,  549,  585,  626,  415,  265,  329,  132,  434,  710,  856,  137,  875,  258,  615, 1024,  683,  458,  847,  553,  629,  737,  431,  627,  302,  247,  747,  749,  596,  352,  474,  151,  388,  232,  547,  402,  517,  796,  770,  541,  523,  391,  806,  968],
        [  936,    0,  604,  550,  718,  557,  398,  787,  546,    0,  383,  339,  497,  428,  833,  588,  975,  633,  629,  931,  576,  326, 1075,  930,  416,  207,  532,  807,  291,  988,  130,  530,  769,  496,  437,  862,  488, 1121,  999,  832, 1088,  485,  832,  609,  356,  961,  570, 1083,  183,  879,  489, 1017,  852,  870,  845,  747,  392,  884,  749,  907,  302,  799,  703,  627,  646,  941,  567, 1037,  873,  785, 1058,  608,  741,  204,  586,  382,  836,  225,  401,  222,  600,  196,  152,  377,  790,  466,  688,  501,  866,  669,  723,  803,  992,  771,  506,  589,  616,  631,  993,  778,  117,  981,  333,  490,  867, 1070,  100,  493,  100,  577,  234,  747,  881,  678,  909,  769, 1061,   36,   42,  816,  611,  762],
        [  753,    0,  507,  237,  578,  643,  530,  725,  611,  383,    0,   54,  183,  126,  654,  634,  987,  300,  281,  876,  199,  324,  841,  860,  376,  268,  566,  726,  226,  793,  369,  483,  406,  160,   95,  596,  515,  814,  727,  872,  772,  273,  602,  307,  151,  687,  279,  764,  203,  537,  272,  701,  479,  674,  672,  420,  421,  929,  483,  549,  392,  418,  521,  305,  446,  624,  636,  794,  668,  838,  843,  258,  644,  578,  580,   70,  699,  362,   23,  161,  269,  222,  317,  346,  691,  481,  472,  126,  494,  677,  345,  825,  782,  434,  124,  339,  259,  325,  773,  421,  397,  756,  312,  403,  531,  812,  308,  324,  313,  542,  263,  712,  661,  481,  724,  394,  785,  417,  345,  679,  239,  401],
        [  739,    0,  474,  287,  553,  595,  478,  692,  563,  339,   54,    0,  232,  118,  638,  588,  948,  315,  335,  844,  237,  274,  837,  829,  331,  215,  520,  695,  175,  781,  317,  444,  436,  212,  145,  597,  469,  826,  730,  829,  787,  250,  595,  312,  171,  691,  279,  780,  166,  559,  251,  716,  515,  661,  655,  436,  373,  887,  482,  577,  340,  461,  502,  316,  428,  638,  589,  791,  656,  795,  836,  280,  614,  531,  538,  107,  676,  308,   67,  120,  282,  197,  265,  300,  662,  435,  459,  178,  529,  635,  395,  784,  772,  488,  173,  329,  313,  331,  765,  448,  346,  749,  263,  366,  550,  813,  273,  296,  264,  503,  209,  675,  652,  465,  710,  431,  790,  372,  300,  656,  291,  455],
        [  892,    0,  678,   57,  737,  826,  709,  895,  793,  497,  183,  232,    0,  290,  799,  816, 1164,  390,  136, 1045,  238,  506,  954, 1026,  558,  436,  748,  893,  407,  925,  519,  663,  435,   36,   89,  704,  698,  879,  823, 1052,  831,  438,  729,  424,  144,  785,  409,  822,  319,  585,  436,  765,  474,  811,  818,  498,  604, 1110,  601,  573,  570,  380,  671,  406,  596,  692,  819,  904,  801, 1020,  966,  338,  810,  700,  760,  132,  854,  532,  186,  298,  368,  303,  474,  529,  856,  664,  614,  120,  491,  857,  264, 1005,  908,  275,  158,  480,  131,  436,  895,  460,  543,  876,  494,  581,  585,  912,  403,  494,  453,  721,  436,  887,  788,  630,  864,  396,  875,  533,  467,  835,  155,  271],
        [  628,    0,  389,  336,  453,  558,  467,  606,  522,  428,  126,  118,  290,    0,  529,  539,  875,  206,  353,  756,  178,  259,  720,  739,  284,  258,  472,  605,  182,  668,  375,  377,  344,  259,  206,  479,  425,  712,  613,  767,  674,  150,  479,  195,  276,  574,  161,  668,  273,  453,  149,  603,  432,  549,  547,  324,  343,  824,  365,  479,  340,  400,  395,  204,  320,  525,  547,  675,  543,  737,  721,  181,  523,  604,  476,  196,  574,  336,  112,  223,  173,  311,  320,  264,  569,  391,  347,  190,  445,  571,  367,  719,  658,  502,  162,  214,  325,  216,  650,  350,  407,  633,  243,  295,  442,  695,  376,  205,  339,  435,  241,  598,  537,  356,  599,  353,  672,  458,  387,  554,  285,  450],
        [  105,    0,  244,  832,  124,  491,  561,  241,  457,  833,  654,  638,  799,  529,    0,  425,  500,  431,  809,  324,  583,  509,  263,  290,  423,  629,  414,  205,  554,  156,  717,  333,  510,  764,  725,  208,  421,  437,  269,  475,  441,  389,  119,  380,  803,  255,  391,  447,  750,  437,  388,  398,  588,   51,   21,  382,  470,  516,  229,  513,  557,  660,  137,  409,  210,  369,  462,  243,   67,  484,  230,  482,  171,  925,  349,  724,   93,  623,  639,  707,  442,  804,  681,  458,  165,  419,  185,  681,  583,  361,  732,  425,  166,  924,  643,  320,  779,  374,  175,  481,  746,  172,  500,  345,  416,  293,  831,  354,  735,  316,  602,  289,  100,  174,   76,  575,  320,  847,  795,   89,  724,  842],
        [  500,    0,  228,  868,  313,   67,  199,  245,   46,  588,  634,  588,  816,  539,  425,    0,  389,  604,  891,  361,  693,  322,  682,  371,  259,  438,   69,  281,  421,  557,  459,  174,  750,  790,  727,  587,  120,  851,  687,  251,  846,  416,  506,  540,  746,  664,  516,  849,  604,  757,  420,  790,  849,  475,  423,  642,  222,  307,  525,  824,  295,  873,  371,  581,  387,  738,   38,  667,  491,  210,  638,  630,  260,  595,   87,  695,  369,  370,  631,  581,  589,  661,  454,  289,  291,  153,  420,  728,  853,   92,  885,  216,  581, 1040,  700,  456,  864,  552,  596,  734,  473,  595,  330,  253,  736,  718,  635,  358,  514,  136,  422,  188,  519,  386,  483,  797,  742,  584,  564,  356,  821,  980],
        [  497,    0,  490, 1211,  472,  422,  580,  286,  430,  975,  987,  948, 1164,  875,  500,  389,    0,  871, 1217,  183,  998,  700,  657,  221,  622,  823,  450,  307,  794,  532,  847,  505,  986, 1134, 1078,  707,  500,  901,  743,  148,  919,  731,  618,  808, 1114,  740,  799,  928,  987,  934,  734,  888, 1074,  535,  483,  860,  605,  112,  709, 1010,  683, 1131,  555,  846,  615,  867,  409,  672,  556,  199,  596,  913,  380,  961,  414, 1054,  407,  758,  980,  960,  869, 1044,  843,  659,  352,  530,  624, 1062, 1072,  318, 1177,  173,  571, 1354, 1028,  725, 1187,  811,  597,  960,  860,  609,  705,  584,  912,  726, 1024,  673,  902,  446,  805,  279,  591,  592,  501, 1046,  775,  970,  952,  415, 1138, 1283],
        [  514,    0,  397,  414,  404,  643,  597,  586,  602,  633,  300,  315,  390,  206,  431,  604,  871,    0,  380,  721,  157,  409,  564,  695,  390,  450,  546,  571,  364,  541,  568,  431,  157,  356,  336,  314,  510,  514,  436,  791,  473,  207,  345,   66,  441,  397,   92,  466,  477,  247,  201,  402,  257,  433,  452,  121,  463,  845,  214,  279,  494,  270,  324,   26,  257,  325,  624,  514,  421,  773,  577,   54,  492,  801,  524,  356,  503,  512,  278,  428,   34,  511,  515,  390,  528,  481,  256,  272,  265,  606,  308,  738,  522,  495,  234,  151,  350,   61,  507,  154,  601,  488,  392,  356,  237,  524,  582,  254,  541,  475,  429,  599,  404,  283,  488,  194,  491,  661,  591,  486,  294,  416],
        [  894,    0,  728,   95,  767,  910,  807,  939,  874,  629,  281,  335,  136,  353,  809,  891, 1217,  380,    0, 1083,  227,  598,  929, 1060,  636,  548,  825,  931,  504,  919,  641,  728,  372,  134,  197,  682,  777,  820,  789, 1116,  769,  488,  723,  430,  279,  752,  427,  758,  448,  524,  484,  708,  385,  813,  830,  465,  691, 1173,  593,  496,  671,  279,  693,  401,  619,  640,  899,  878,  800, 1088,  950,  328,  848,  831,  827,  251,  876,  643,  274,  421,  368,  437,  593,  613,  890,  743,  629,  165,  403,  921,  150, 1066,  897,  154,  192,  503,   31,  436,  881,  403,  667,  861,  584,  645,  529,  878,  536,  547,  579,  784,  543,  939,  782,  651,  867,  319,  835,  664,  598,  858,   86,  136],
        [  314,    0,  370, 1088,  318,  416,  558,  153,  406,  931,  876,  844, 1045,  756,  324,  361,  183,  721, 1083,    0,  858,  625,  477,   39,  537,  754,  402,  153,  707,  351,  802,  414,  823, 1013,  962,  530,  444,  719,  560,  222,  737,  607,  442,  660, 1014,  558,  657,  745,  909,  760,  609,  707,  907,  355,  305,  695,  541,  236,  543,  836,  630,  971,  398,  696,  466,  688,  393,  490,  376,  260,  417,  766,  235,  955,  346,  945,  232,  707,  866,  876,  723,  967,  786,  577,  194,  466,  467,  936,  903,  270, 1028,  196,  389, 1213,  900,  582, 1053,  661,  415,  796,  821,  427,  625,  482,  739,  545,  963,  553,  846,  359,  732,  185,  410,  438,  319,  886,  593,  932,  902,  243, 1000, 1136],
        [  669,    0,  511,  258,  541,  720,  642,  716,  682,  576,  199,  237,  238,  178,  583,  693,  998,  157,  227,  858,    0,  435,  718,  835,  448,  429,  629,  707,  359,  697,  543,  523,  213,  204,  198,  468,  585,  646,  586,  904,  599,  278,  501,  204,  313,  547,  202,  590,  400,  355,  274,  531,  280,  588,  603,  260,  514,  960,  371,  357,  517,  227,  466,  176,  394,  457,  706,  668,  577,  880,  733,  103,  625,  765,  621,  234,  649,  512,  178,  356,  141,  419,  488,  434,  665,  552,  402,  124,  295,  712,  194,  853,  678,  357,   91,  277,  197,  210,  663,  233,  574,  644,  418,  441,  353,  675,  506,  337,  498,  575,  415,  720,  560,  425,  642,  196,  638,  609,  537,  631,  143,  289],
        [  611,    0,  280,  560,  393,  322,  210,  475,  293,  326,  324,  274,  506,  259,  509,  322,  700,  409,  598,  625,  435,    0,  757,  619,   91,  131,  255,  491,  101,  664,  210,  212,  565,  484,  418,  562,  203,  833,  695,  570,  808,  209,  519,  360,  425,  660,  322,  805,  288,  633,  215,  739,  663,  548,  520,  499,  101,  627,  455,  681,   86,  650,  382,  392,  334,  668,  318,  722,  552,  531,  736,  409,  420,  431,  288,  379,  511,  121,  327,  261,  381,  346,  174,   52,  469,  172,  377,  434,  672,  383,  625,  530,  670,  751,  413,  308,  573,  381,  672,  561,  240,  662,   18,  165,  617,  760,  341,  189,  231,  266,  108,  443,  563,  361,  584,  591,  757,  338,  290,  491,  540,  705],
        [  185,    0,  505,  975,  387,  748,  823,  465,  716, 1075,  841,  837,  954,  720,  263,  682,  657,  564,  929,  477,  718,  757,    0,  439,  676,  869,  675,  424,  788,  132,  966,  595,  571,  919,  895,  251,  684,  261,  152,  680,  295,  603,  246,  536,  990,  182,  562,  307,  972,  440,  600,  297,  613,  216,  261,  465,  728,  708,  358,  504,  813,  714,  376,  549,  430,  324,  719,   52,  207,  702,   62,  617,  423, 1181,  610,  906,  316,  875,  822,  925,  587, 1020,  926,  708,  398,  681,  390,  835,  602,  609,  818,  637,  102, 1014,  797,  509,  901,  521,   88,  539,  996,   96,  747,  598,  425,   81, 1062,  584,  976,  579,  842,  523,  195,  398,  200,  636,  142, 1092, 1036,  327,  845,  925],
        [  276,    0,  356, 1068,  294,  429,  565,  145,  416,  930,  860,  829, 1026,  739,  290,  371,  221,  695, 1060,   39,  835,  619,  439,    0,  530,  749,  407,  135,  698,  313,  802,  408,  793,  994,  944,  495,  446,  681,  522,  255,  699,  589,  408,  635, 1000,  521,  634,  707,  901,  726,  591,  669,  875,  319,  271,  665,  539,  272,  512,  802,  629,  942,  372,  670,  442,  652,  405,  452,  340,  289,  379,  741,  217,  963,  347,  929,  200,  706,  849,  866,  698,  959,  784,  570,  171,  465,  439,  915,  871,  279, 1002,  224,  351, 1188,  879,  558, 1030,  635,  377,  765,  822,  389,  618,  471,  705,  507,  958,  536,  844,  355,  726,  187,  374,  412,  282,  856,  555,  933,  900,  212,  977, 1110],
        [  524,    0,  189,  610,  304,  275,  208,  386,  239,  416,  376,  331,  558,  284,  423,  259,  622,  390,  636,  537,  448,   91,  676,  530,    0,  221,  191,  401,  173,  578,  295,  123,  546,  532,  469,  494,  142,  769,  623,  499,  747,  184,  443,  332,  493,  590,  299,  746,  373,  593,  190,  681,  646,  464,  433,  462,   74,  556,  394,  648,  139,  648,  301,  370,  262,  613,  264,  643,  470,  464,  651,  402,  329,  507,  209,  438,  421,  201,  373,  341,  367,  430,  264,   41,  379,  108,  306,  472,  653,  306,  642,  455,  586,  786,  445,  264,  609,  350,  590,  537,  323,  581,   89,   78,  575,  683,  431,  141,  321,  180,  197,  358,  483,  285,  498,  581,  685,  426,  380,  401,  569,  731],
        [  733,    0,  408,  493,  517,  427,  285,  605,  404,  207,  268,  215,  436,  258,  629,  438,  823,  450,  548,  754,  429,  131,  869,  749,  221,    0,  374,  621,   89,  784,  119,  342,  598,  421,  354,  658,  324,  920,  794,  689,  890,  282,  626,  416,  329,  757,  377,  886,  166,  692,  287,  819,  689,  665,  641,  557,  219,  745,  545,  728,  149,  655,  497,  440,  440,  744,  428,  831,  667,  647,  852,  435,  549,  352,  414,  305,  638,   97,  279,  152,  418,  223,   65,  181,  599,  295,  481,  392,  701,  507,  605,  652,  787,  701,  382,  387,  527,  438,  787,  601,  152,  775,  133,  291,  678,  864,  211,  287,  108,  396,   27,  572,  674,  471,  705,  610,  856,  226,  167,  617,  505,  669],
        [  498,    0,  190,  800,  294,   98,  162,  270,   57,  532,  566,  520,  748,  472,  414,   69,  450,  546,  825,  402,  629,  255,  675,  407,  191,  374,    0,  300,  353,  556,  403,  119,  696,  722,  660,  556,   52,  827,  666,  316,  818,  353,  481,  483,  678,  640,  457,  820,  539,  712,  358,  759,  795,  463,  415,  593,  156,  373,  484,  777,  234,  815,  340,  523,  343,  702,   78,  656,  476,  277,  636,  570,  260,  557,   68,  627,  371,  311,  564,  515,  530,  596,  394,  221,  300,   85,  380,  661,  800,  137,  822,  278,  576,  974,  633,  401,  797,  497,  588,  681,  421,  585,  262,  192,  691,  705,  575,  296,  454,  100,  356,  220,  501,  348,  478,  740,  723,  532,  506,  355,  755,  916],
        [  241,    0,  223,  935,  168,  346,  461,   41,  323,  807,  726,  695,  893,  605,  205,  281,  307,  571,  931,  153,  707,  491,  424,  135,  401,  621,  300,    0,  567,  293,  681,  280,  680,  861,  811,  410,  331,  635,  469,  271,  644,  456,  320,  510,  866,  458,  506,  650,  770,  631,  458,  603,  768,  249,  192,  554,  416,  312,  403,  706,  508,  826,  250,  547,  316,  572,  318,  422,  269,  283,  373,  616,   83,  855,  234,  795,  117,  584,  715,  734,  572,  827,  659,  441,   46,  345,  319,  783,  765,  195,  878,  222,  325, 1061,  748,  430,  901,  511,  345,  654,  703,  351,  489,  338,  609,  476,  831,  402,  718,  231,  597,  101,  303,  289,  232,  741,  513,  813,  775,  116,  848,  986],
        [  658,    0,  347,  462,  449,  423,  304,  556,  393,  291,  226,  175,  407,  182,  554,  421,  794,  364,  504,  707,  359,  101,  788,  698,  173,   89,  353,  567,    0,  708,  206,  295,  515,  386,  319,  572,  302,  832,  708,  667,  801,  194,  543,  328,  325,  670,  289,  797,  204,  604,  199,  731,  608,  588,  568,  470,  201,  725,  458,  642,  167,  582,  420,  353,  358,  656,  418,  748,  589,  630,  774,  353,  490,  440,  380,  279,  572,  154,  231,  169,  333,  261,  154,  136,  540,  269,  399,  342,  619,  477,  543,  625,  708,  658,  325,  299,  480,  350,  707,  516,  239,  694,   92,  229,  590,  780,  278,  204,  193,  352,   65,  530,  594,  391,  630,  531,  770,  313,  251,  551,  450,  616],
        [   58,    0,  397,  953,  277,  623,  708,  334,  593,  988,  793,  781,  925,  668,  156,  557,  532,  541,  919,  351,  697,  664,  132,  313,  578,  784,  556,  293,  708,    0,  873,  485,  585,  890,  857,  249,  569,  371,  221,  549,  394,  535,  197,  501,  943,  231,  519,  403,  901,  477,  533,  375,  645,  121,  147,  464,  624,  578,  327,  549,  712,  734,  288,  522,  355,  377,  594,  140,  126,  571,   81,  595,  298, 1079,  489,  861,  188,  779,  776,  856,  558,  953,  837,  614,  269,  570,  322,  805,  637,  481,  824,  506,   40, 1020,  767,  455,  890,  489,   68,  553,  901,   84,  656,  501,  458,  195,  985,  505,  890,  462,  757,  393,  138,  320,   81,  651,  244, 1002,  950,  202,  833,  934],
        [  819,    0,  483,  576,  599,  430,  273,  659,  417,  130,  369,  317,  519,  375,  717,  459,  847,  568,  641,  802,  543,  210,  966,  802,  295,  119,  403,  681,  206,  873,    0,  404,  716,  510,  444,  765,  359, 1032,  900,  705, 1003,  395,  727,  533,  394,  864,  494,  999,  208,  809,  400,  933,  806,  757,  727,  675,  265,  758,  655,  846,  173,  769,  591,  558,  541,  859,  440,  931,  761,  658,  945,  553,  617,  235,  457,  391,  715,   98,  383,  222,  536,  251,   55,  259,  665,  338,  584,  494,  819,  540,  711,  675,  879,  792,  488,  499,  623,  555,  882,  719,   34,  871,  220,  372,  795,  967,  189,  391,   73,  450,  141,  618,  772,  570,  792,  727,  962,  133,  107,  694,  607,  768],
        [  429,    0,   90,  712,  209,  216,  232,  264,  175,  530,  483,  444,  663,  377,  333,  174,  505,  431,  728,  414,  523,  212,  595,  408,  123,  342,  119,  280,  295,  485,  404,    0,  578,  634,  575,  449,   98,  724,  567,  390,  711,  245,  381,  366,  610,  538,  342,  712,  495,  595,  249,  649,  678,  380,  339,  474,  142,  448,  370,  659,  234,  700,  235,  407,  228,  590,  195,  569,  389,  361,  563,  457,  213,  596,  100,  549,  314,  307,  478,  463,  416,  553,  380,  163,  262,   87,  267,  567,  682,  195,  713,  343,  499,  873,  536,  284,  699,  379,  507,  563,  429,  501,  211,   83,  574,  614,  552,  186,  439,   60,  318,  236,  409,  237,  405,  624,  626,  537,  497,  294,  654,  811],
        [  572,    0,  533,  438,  515,  793,  753,  702,  752,  769,  406,  436,  435,  344,  510,  750,  986,  157,  372,  823,  213,  565,  571,  793,  546,  598,  696,  680,  515,  585,  716,  578,    0,  403,  409,  337,  662,  450,  424,  920,  400,  363,  401,  215,  525,  390,  248,  389,  602,  153,  357,  337,  101,  497,  530,  129,  619,  972,  282,  145,  650,  152,  432,  176,  379,  269,  772,  519,  480,  907,  600,  163,  607,  947,  668,  446,  594,  665,  384,  554,  184,  627,  662,  546,  635,  634,  364,  331,  108,  743,  248,  866,  556,  444,  302,  295,  348,  200,  536,   33,  749,  515,  548,  508,  158,  513,  708,  408,  682,  618,  578,  723,  454,  396,  550,   67,  466,  800,  728,  581,  295,  355],
        [  857,    0,  648,   78,  704,  802,  689,  864,  768,  496,  160,  212,   36,  259,  764,  790, 1134,  356,  134, 1013,  204,  484,  919,  994,  532,  421,  722,  861,  386,  890,  510,  634,  403,    0,   68,  669,  672,  846,  789, 1024,  799,  406,  694,  390,  153,  750,  374,  789,  316,  552,  404,  732,  446,  776,  784,  463,  580, 1081,  565,  543,  551,  355,  637,  371,  562,  659,  794,  869,  766,  992,  931,  303,  778,  698,  732,  119,  821,  517,  159,  289,  333,  306,  462,  504,  823,  638,  580,   85,  463,  828,  246,  976,  873,  282,  123,  446,  121,  401,  860,  428,  535,  841,  471,  552,  552,  877,  405,  463,  446,  692,  419,  857,  753,  596,  829,  366,  841,  532,  465,  801,  133,  266],
        [  821,    0,  594,  143,  657,  738,  622,  811,  705,  437,   95,  145,   89,  206,  725,  727, 1078,  336,  197,  962,  198,  418,  895,  944,  469,  354,  660,  811,  319,  857,  444,  575,  409,   68,    0,  646,  609,  841,  771,  964,  796,  355,  663,  360,  117,  732,  339,  787,  255,  553,  354,  728,  465,  741,  744,  451,  516, 1022,  538,  552,  484,  386,  595,  347,  519,  652,  730,  846,  732,  932,  902,  286,  728,  639,  672,   56,  777,  449,   98,  225,  309,  253,  396,  441,  774,  575,  541,   80,  482,  769,  290,  918,  843,  349,  108,  406,  181,  374,  832,  430,  470,  814,  406,  494,  550,  858,  350,  410,  382,  634,  352,  801,  722,  555,  793,  382,  826,  473,  404,  757,  176,  327],
        [  242,    0,  367,  725,  279,  647,  677,  443,  608,  862,  596,  597,  704,  479,  208,  587,  707,  314,  682,  530,  468,  562,  251,  495,  494,  658,  556,  410,  572,  249,  765,  449,  337,  669,  646,    0,  547,  276,  137,  677,  262,  379,   91,  289,  744,   99,  319,  264,  741,  236,  374,  205,  399,  177,  225,  220,  560,  721,  116,  311,  632,  486,  217,  299,  233,  162,  619,  201,  157,  681,  268,  367,  360,  993,  502,  659,  301,  682,  576,  692,  337,  786,  720,  519,  367,  533,  189,  585,  391,  541,  579,  626,  220,  776,  547,  277,  654,  273,  201,  305,  797,  180,  549,  422,  215,  217,  837,  375,  764,  458,  632,  484,  125,  214,  223,  404,  199,  884,  822,  295,  597,  688],
        [  512,    0,  184,  750,  298,  136,  140,  305,   98,  488,  515,  469,  698,  425,  421,  120,  500,  510,  777,  444,  585,  203,  684,  446,  142,  324,   52,  331,  302,  569,  359,   98,  662,  672,  609,  547,    0,  821,  663,  368,  808,  312,  477,  448,  626,  634,  420,  809,  488,  688,  317,  747,  762,  469,  425,  565,  105,  424,  466,  750,  187,  776,  332,  488,  325,  687,  123,  661,  481,  328,  648,  531,  280,  525,   99,  576,  389,  264,  514,  463,  492,  545,  346,  170,  324,   35,  364,  613,  768,  184,  778,  328,  586,  927,  586,  369,  750,  463,  596,  649,  378,  592,  211,  155,  668,  708,  526,  258,  406,  108,  305,  260,  503,  334,  490,  704,  722,  488,  460,  371,  709,  870],
        [  406,    0,  639,  886,  539,  914,  952,  674,  877, 1121,  814,  826,  879,  712,  437,  851,  901,  514,  820,  719,  646,  833,  261,  681,  769,  920,  827,  635,  832,  371, 1032,  724,  450,  846,  841,  276,  821,    0,  168,  904,   54,  638,  346,  518,  952,  188,  555,   67,  983,  297,  634,  115,  450,  389,  446,  394,  835,  940,  378,  332,  905,  562,  489,  511,  508,  190,  886,  232,  370,  918,  321,  559,  607, 1262,  769,  868,  519,  952,  792,  934,  546, 1022,  983,  792,  599,  808,  465,  769,  434,  796,  685,  856,  331,  870,  735,  534,  796,  497,  305,  421, 1064,  293,  819,  698,  295,  181, 1085,  644, 1023,  728,  894,  725,  338,  490,  407,  503,  127, 1145, 1079,  522,  744,  781],
        [  247,    0,  479,  841,  375,  750,  797,  507,  714,  999,  727,  730,  823,  613,  269,  687,  743,  436,  789,  560,  586,  695,  152,  522,  623,  794,  666,  469,  708,  221,  900,  567,  424,  789,  771,  137,  663,  168,    0,  739,  177,  515,  186,  420,  873,   40,  452,  185,  877,  289,  511,  155,  462,  222,  279,  328,  686,  775,  252,  353,  762,  564,  332,  425,  363,  172,  722,  103,  203,  751,  196,  487,  440, 1125,  606,  789,  353,  815,  707,  828,  463,  921,  855,  650,  432,  652,  319,  706,  450,  629,  672,  690,  182,  867,  669,  413,  762,  402,  154,  392,  931,  138,  682,  549,  274,   90,  973,  509,  900,  566,  767,  558,  171,  339,  243,  488,   63, 1019,  958,  355,  706,  778],
        [  502,    0,  396, 1101,  412,  277,  436,  235,  289,  832,  872,  829, 1052,  767,  475,  251,  148,  791, 1116,  222,  904,  570,  680,  255,  499,  689,  316,  271,  667,  549,  705,  390,  920, 1024,  964,  677,  368,  904,  739,    0,  914,  629,  587,  726,  991,  728,  711,  920,  854,  889,  633,  873, 1013,  519,  462,  798,  472,   58,  655,  963,  545, 1058,  493,  766,  541,  839,  266,  685,  539,   52,  623,  827,  321,  814,  292,  936,  387,  619,  867,  831,  783,  911,  704,  533,  312,  399,  559,  956, 1013,  196, 1090,   54,  585, 1259,  925,  640, 1087,  733,  608,  897,  717,  616,  577,  473,  867,  740,  885,  569,  763,  333,  672,  199,  573,  525,  499,  976,  781,  826,  811,  386, 1040, 1192],
        [  423,    0,  628,  837,  535,  907,  937,  681,  869, 1088,  772,  787,  831,  674,  441,  846,  919,  473,  769,  737,  599,  808,  295,  699,  747,  890,  818,  644,  801,  394, 1003,  711,  400,  799,  796,  262,  808,   54,  177,  914,    0,  609,  341,  482,  908,  187,  520,   14,  946,  247,  604,   72,  397,  396,  453,  352,  816,  952,  354,  279,  883,  509,  479,  471,  489,  149,  880,  260,  376,  924,  353,  515,  608, 1235,  762,  824,  528,  926,  750,  896,  505,  983,  954,  769,  605,  793,  447,  722,  381,  795,  633,  865,  354,  817,  689,  504,  746,  460,  327,  372, 1036,  312,  793,  679,  247,  214, 1048,  619,  991,  719,  864,  729,  342,  475,  420,  451,  154, 1113, 1046,  529,  694,  728],
        [  491,    0,  242,  482,  305,  447,  391,  458,  407,  485,  273,  250,  438,  150,  389,  416,  731,  207,  488,  607,  278,  209,  603,  589,  184,  282,  353,  456,  194,  535,  395,  245,  363,  406,  355,  379,  312,  638,  515,  629,  609,    0,  358,  152,  419,  477,  116,  605,  370,  425,    7,  539,  463,  414,  406,  290,  257,  686,  264,  473,  293,  466,  253,  187,  181,  465,  430,  561,  412,  603,  595,  220,  373,  627,  344,  343,  427,  322,  261,  323,  183,  420,  346,  184,  419,  280,  215,  332,  470,  435,  470,  579,  530,  630,  298,  105,  459,  172,  526,  356,  428,  511,  193,  163,  408,  590,  461,   60,  386,  298,  256,  453,  411,  216,  462,  397,  577,  507,  444,  407,  412,  567],
        [  173,    0,  294,  757,  195,  568,  612,  352,  531,  832,  602,  595,  729,  479,  119,  506,  618,  345,  723,  442,  501,  519,  246,  408,  443,  626,  481,  320,  543,  197,  727,  381,  401,  694,  663,   91,  477,  346,  186,  587,  341,  358,    0,  305,  752,  159,  326,  345,  727,  319,  355,  290,  474,   96,  138,  276,  503,  631,  131,  395,  581,  552,  147,  326,  187,  253,  540,  205,   80,  592,  242,  398,  272,  948,  423,  669,  212,  638,  584,  680,  362,  776,  685,  472,  277,  467,  145,  610,  468,  455,  633,  536,  181,  829,  571,  266,  694,  293,  171,  371,  758,  155,  507,  367,  298,  241,  817,  340,  733,  382,  599,  395,   60,  158,  149,  468,  246,  851,  793,  205,  638,  744],
        [  469,    0,  331,  454,  343,  580,  540,  523,  539,  609,  307,  312,  424,  195,  380,  540,  808,   66,  430,  660,  204,  360,  536,  635,  332,  416,  483,  510,  328,  501,  533,  366,  215,  390,  360,  289,  448,  518,  420,  726,  482,  152,  305,    0,  455,  381,   40,  476,  465,  277,  146,  411,  315,  388,  400,  142,  406,  780,  179,  321,  444,  335,  265,   41,  195,  334,  560,  488,  377,  708,  544,  107,  430,  767,  459,  371,  447,  469,  288,  416,   63,  505,  481,  336,  467,  420,  199,  305,  322,  540,  370,  673,  485,  553,  267,   86,  400,   23,  473,  205,  567,  455,  343,  294,  262,  505,  567,  194,  514,  410,  393,  534,  364,  223,  441,  258,  479,  635,  567,  429,  345,  477],
        [  903,    0,  644,  195,  723,  745,  613,  861,  717,  356,  151,  171,  144,  276,  803,  746, 1114,  441,  279, 1014,  313,  425,  990, 1000,  493,  329,  678,  866,  325,  943,  394,  610,  525,  153,  117,  744,  626,  952,  873,  991,  908,  419,  752,  455,    0,  834,  428,  899,  187,  667,  419,  838,  582,  824,  821,  559,  525, 1049,  632,  668,  474,  501,  669,  449,  594,  762,  742,  943,  818,  954,  993,  394,  784,  559,  702,   85,  845,  424,  169,  179,  412,  162,  354,  459,  833,  594,  622,  197,  599,  799,  397,  948,  932,  416,  223,  489,  272,  472,  923,  545,  414,  906,  416,  534,  663,  959,  261,  466,  324,  669,  336,  844,  811,  630,  874,  499,  930,  392,  330,  825,  283,  414],
        [  248,    0,  452,  803,  352,  726,  767,  494,  689,  961,  687,  691,  785,  574,  255,  664,  740,  397,  752,  558,  547,  660,  182,  521,  590,  757,  640,  458,  670,  231,  864,  538,  390,  750,  732,   99,  634,  188,   40,  728,  187,  477,  159,  381,  834,    0,  413,  192,  838,  259,  473,  149,  432,  210,  267,  290,  654,  767,  214,  327,  728,  532,  303,  386,  329,  148,  698,  131,  190,  738,  219,  448,  422, 1090,  582,  749,  342,  780,  667,  789,  424,  882,  818,  616,  419,  623,  285,  667,  421,  610,  637,  679,  193,  833,  630,  375,  725,  363,  167,  357,  896,  148,  646,  516,  243,  128,  935,  473,  862,  540,  730,  543,  156,  307,  239,  455,  100,  982,  920,  343,  669,  744],
        [  484,    0,  316,  443,  341,  553,  506,  516,  512,  570,  279,  279,  409,  161,  391,  516,  799,   92,  427,  657,  202,  322,  562,  634,  299,  377,  457,  506,  289,  519,  494,  342,  248,  374,  339,  319,  420,  555,  452,  711,  520,  116,  326,   40,  428,  413,    0,  515,  429,  316,  110,  449,  348,  403,  410,  181,  372,  766,  205,  359,  407,  358,  267,   72,  193,  372,  534,  516,  394,  691,  566,  117,  424,  728,  438,  345,  451,  430,  260,  380,   74,  471,  442,  300,  464,  390,  206,  291,  355,  522,  380,  659,  506,  557,  253,   76,  397,   62,  495,  241,  527,  478,  305,  266,  302,  535,  530,  163,  474,  389,  353,  523,  385,  225,  456,  285,  512,  596,  528,  433,  344,  484],
        [  432,    0,  630,  827,  539,  910,  937,  686,  871, 1083,  764,  780,  822,  668,  447,  849,  928,  466,  758,  745,  590,  805,  307,  707,  746,  886,  820,  650,  797,  403,  999,  712,  389,  789,  787,  264,  809,   67,  185,  920,   14,  605,  345,  476,  899,  192,  515,    0,  940,  237,  600,   67,  385,  402,  459,  345,  815,  958,  352,  267,  881,  497,  481,  465,  489,  143,  882,  270,  382,  930,  364,  508,  613, 1232,  765,  816,  534,  924,  742,  890,  498,  976,  950,  767,  611,  793,  447,  713,  369,  799,  621,  871,  363,  805,  680,  501,  735,  455,  336,  362, 1032,  321,  790,  678,  238,  226, 1043,  616,  987,  721,  861,  734,  348,  475,  427,  440,  166, 1109, 1042,  535,  684,  716],
        [  854,    0,  550,  374,  650,  592,  447,  758,  569,  183,  203,  166,  319,  273,  750,  604,  987,  477,  448,  909,  400,  288,  972,  901,  373,  166,  539,  770,  204,  901,  208,  495,  602,  316,  255,  741,  488,  983,  877,  854,  946,  370,  727,  465,  187,  838,  429,  940,    0,  723,  372,  875,  679,  781,  765,  596,  383,  910,  625,  743,  314,  620,  614,  476,  547,  797,  594,  929,  779,  812,  963,  445,  694,  384,  575,  200,  773,  251,  223,   50,  444,   58,  173,  333,  744,  458,  584,  319,  694,  669,  540,  816,  898,  594,  326,  465,  434,  486,  894,  614,  227,  880,  285,  433,  713,  955,  107,  397,  138,  552,  183,  729,  780,  582,  826,  595,  937,  218,  150,  752,  428,  580],
        [  477,    0,  530,  590,  479,  809,  798,  659,  768,  879,  537,  559,  585,  453,  437,  757,  934,  247,  524,  760,  355,  633,  440,  726,  593,  692,  712,  631,  604,  477,  809,  595,  153,  552,  553,  236,  688,  297,  289,  889,  247,  425,  319,  277,  667,  259,  316,  237,  723,    0,  419,  184,  174,  412,  456,  136,  667,  938,  236,   76,  716,  277,  399,  253,  371,  121,  784,  389,  392,  886,  477,  280,  569, 1043,  671,  585,  529,  745,  515,  674,  280,  754,  757,  604,  586,  665,  340,  477,  163,  731,  393,  837,  443,  585,  445,  330,  500,  255,  420,  125,  842,  399,  617,  539,   23,  374,  828,  454,  786,  622,  669,  692,  360,  374,  459,  209,  322,  907,  837,  520,  448,  495],
