{
    "name": "random-38-11259",
    "comment": "size=38 seed=11259",
    "nodes": ["+0", "-0", "+1", "-1", "+2", "-2", "+3", "-3", "+4", "-4", "+5", "-5", "+6", "-6", "+7", "-7", "+8", "-8", "+9", "-9", "+10", "-10", "+11", "-11", "+12", "-12", "+13", "-13", "+14", "-14", "+15", "-15", "+16", "-16", "+17", "-17", "+18", "-18", "+19", "-19", "+20", "-20", "+21", "-21", "+22", "-22", "+23", "-23", "+24", "-24", "+25", "-25", "+26", "-26", "+27", "-27", "+28", "-28", "+29", "-29", "+30", "-30", "+31", "-31", "+32", "-32", "+33", "-33", "+34", "-34", "+35", "-35", "+36", "-36", "+37", "-37", "+38", "-38"],
    "precedence": {
        "+0": "-0",
        "+1": "-1",
        "+2": "-2",
        "+3": "-3",
        "+4": "-4",
        "+5": "-5",
        "+6": "-6",
        "+7": "-7",
        "+8": "-8",
        "+9": "-9",
        "+10": "-10",
        "+11": "-11",
        "+12": "-12",
        "+13": "-13",
        "+14": "-14",
        "+15": "-15",
        "+16": "-16",
        "+17": "-17",
        "+18": "-18",
        "+19": "-19",
        "+20": "-20",
        "+21": "-21",
        "+22": "-22",
        "+23": "-23",
        "+24": "-24",
        "+25": "-25",
        "+26": "-26",
        "+27": "-27",
        "+28": "-28",
        "+29": "-29",
        "+30": "-30",
        "+31": "-31",
        "+32": "-32",
        "+33": "-33",
        "+34": "-34",
        "+35": "-35",
        "+36": "-36",
        "+37": "-37",
        "+38": "-38"
    },
    "edges": [
        [    0,    0,  371,  829, 1042, 1203, 1037, 1053, 1217,  101,  950,  695,  762,  994,  726,  905,  452,  655,  644,  827,  134, 1092,  886,  531,  960,  915,  963,  729,  892,  870,  492,  820,  571, 1048,  623,  131, 1011,  413, 1053,  864,  888,  736,  590,  398,  825,  979, 1201, 1037,  327,  726,   44,  826,  341, 1149,  771,  592,  726,  865,  485,  938,  968,  672,  982,  618,  836,   33,  642,  847,  989,  460,  844,  449, 1009,  136, 1044,  812,  439,  581],
        [    0,    0,  371,  829, 1042, 1203, 1037, 1053, 1217,  101,  950,  695,  762,  994,  726,  905,  452,  655,  644,  827,  134, 1092,  886,  531,  960,  915,  963,  729,  892,  870,  492,  820,  571, 1048,  623,  131, 1011,  413, 1053,  864,  888,  736,  590,  398,  825,  979, 1201, 1037,  327,  726,   44,  826,  341, 1149,  771,  592,  726,  865,  485,  938,  968,  672,  982,  618,  836,   33,  642,  847,  989,  460,  844,  449, 1009,  136, 1044,  812,  439,  581],
        [  371,  371,    0,  515,  724,  867,  703,  728,  903,  376,  594,  331,  557,  855,  372,  585,  216,  318,  486,  575,  342,  760,  716,  161,  808,  549,  593,  413,  529,  526,  152,  708,  558,  691,  401,  244,  641,  178,  836,  494,  604,  641,  315,   49,  602,  612,  863,  820,  154,  663,  352,  751,   39,  819,  422,  508,  392,  657,  359,  849,  681,  356,  750,  450,  471,  341,  356,  579,  833,  449,  497,  115,  651,  349,  681,  702,   76,  212],
        [  829,  829,  515,    0,  214,  379,  217,  226,  391,  785,  222,  263,  276,  546,  194,  708,  380,  542,  359,  179,  737,  267,  405,  404,  492,  465,  449,  103,  242,  124,  364,  498,  582,  297,  266,  726,  386,  417,  409,  381,  122,  494,  244,  469,  251,  495,  379,  396,  662,  554,  795,  580,  524,  322,  530,  475,  573,  306,  427,  619,  180,  162,  318,  345,  447,  797,  192,  143,  503,  562,  568,  404,  267,  741,  332,  498,  494,  367],
        [ 1042, 1042,  724,  214,    0,  182,   80,   38,  180,  996,  239,  436,  402,  573,  371,  813,  592,  701,  520,  286,  948,   81,  465,  600,  526,  540,  499,  315,  312,  224,  574,  590,  743,  237,  455,  939,  396,  629,  371,  472,  188,  615,  454,  679,  346,  545,  185,  365,  867,  677, 1007,  675,  735,  120,  659,  637,  716,  373,  621,  679,  137,  374,  306,  517,  552, 1010,  402,  244,  524,  746,  677,  615,  236,  951,  297,  593,  696,  557],
        [ 1203, 1203,  867,  379,  182,    0,  166,  157,  135, 1162,  298,  552,  582,  722,  497,  843,  757,  787,  701,  467, 1115,  113,  631,  728,  680,  566,  511,  475,  379,  342,  720,  761,  924,  231,  634, 1094,  392,  792,  504,  520,  369,  792,  622,  825,  524,  550,   13,  503, 1000,  854, 1170,  845,  882,   63,  721,  819,  785,  545,  799,  838,  311,  532,  459,  698,  602, 1170,  570,  426,  674,  926,  720,  763,  257, 1119,  284,  765,  828,  679],
        [ 1037, 1037,  703,  217,   80,  166,    0,   48,  220,  998,  169,  396,  449,  645,  337,  743,  593,  648,  557,  334,  951,   58,  530,  568,  597,  467,  424,  310,  247,  182,  556,  650,  782,  157,  478,  928,  317,  627,  449,  404,  235,  668,  459,  661,  400,  469,  164,  442,  840,  730, 1004,  735,  718,  117,  597,  675,  657,  434,  642,  747,  204,  366,  380,  549,  485, 1005,  407,  290,  597,  774,  609,  598,  158,  955,  217,  652,  668,  521],
        [ 1053, 1053,  728,  226,   38,  157,   48,    0,  182, 1010,  215,  430,  433,  610,  368,  789,  605,  689,  547,  317,  962,   47,  501,  599,  563,  514,  471,  325,  291,  215,  579,  625,  772,  203,  477,  948,  365,  641,  408,  450,  217,  648,  469,  684,  379,  516,  158,  402,  868,  710, 1020,  709,  740,   98,  641,  665,  700,  408,  643,  716,  172,  383,  343,  543,  531, 1021,  417,  274,  561,  770,  655,  620,  206,  966,  263,  627,  696,  553],
        [ 1217, 1217,  903,  391,  180,  135,  220,  182,    0, 1167,  385,  611,  533,  620,  548,  952,  766,  868,  661,  425, 1118,  167,  548,  779,  584,  674,  624,  494,  465,  397,  753,  684,  877,  341,  616, 1117,  509,  804,  396,  618,  339,  726,  628,  858,  469,  666,  147,  398, 1046,  788, 1181,  764,  913,  120,  815,  775,  875,  475,  780,  744,  264,  552,  370,  665,  700, 1184,  576,  390,  573,  896,  823,  794,  358, 1122,  399,  688,  875,  734],
        [  101,  101,  376,  785,  996, 1162,  998, 1010, 1167,    0,  925,  681,  690,  906,  703,  942,  406,  683,  566,  764,   49, 1050,  804,  531,  875,  923,  965,  688,  874,  839,  473,  730,  476, 1023,  560,  173, 1002,  373,  978,  863,  832,  646,  542,  392,  755,  986, 1161,  962,  372,  632,   64,  732,  341, 1107,  793,  504,  756,  790,  410,  844,  911,  633,  911,  543,  846,   92,  594,  788,  903,  367,  868,  431,  984,   47, 1025,  723,  449,  578],
        [  950,  950,  594,  222,  239,  298,  169,  215,  385,  925,    0,  266,  497,  750,  225,  575,  531,  490,  575,  395,  880,  219,  617,  444,  698,  301,  263,  268,   82,  104,  459,  717,  794,   99,  471,  832,  172,  556,  579,  236,  312,  716,  415,  557,  467,  309,  291,  570,  716,  774,  922,  800,  615,  270,  431,  688,  492,  516,  618,  834,  322,  309,  497,  557,  317,  918,  370,  353,  704,  760,  441,  502,   60,  885,  114,  718,  546,  393],
        [  695,  695,  331,  263,  436,  552,  396,  430,  611,  681,  266,    0,  460,  768,   70,  472,  318,  279,  475,  408,  639,  454,  620,  178,  715,  288,  308,  195,  199,  216,  209,  676,  657,  361,  354,  572,  323,  329,  665,  207,  382,  643,  254,  298,  468,  342,  547,  651,  451,  690,  670,  747,  355,  512,  282,  563,  315,  529,  449,  814,  441,  175,  572,  444,  234,  663,  239,  387,  731,  590,  335,  250,  322,  644,  351,  674,  281,  128],
        [  762,  762,  557,  276,  402,  582,  449,  433,  533,  690,  497,  460,    0,  314,  405,  931,  349,  715,  133,  117,  642,  480,  166,  521,  262,  719,  713,  274,  512,  399,  430,  225,  345,  565,  157,  694,  660,  392,  293,  632,  216,  221,  252,  510,   68,  757,  587,  276,  709,  282,  721,  305,  546,  520,  741,  243,  766,  105,  280,  356,  274,  286,  222,  148,  685,  732,  233,  160,  283,  370,  794,  450,  539,  644,  606,  224,  573,  508],
        [  994,  994,  855,  546,  573,  722,  645,  610,  620,  906,  750,  768,  314,    0,  708, 1238,  640, 1029,  373,  369,  863,  650,  149,  834,   54, 1010,  994,  576,  786,  666,  739,  177,  448,  793,  460,  954,  921,  681,  226,  924,  439,  262,  563,  810,  302, 1040,  731,  223, 1002,  292,  951,  208,  839,  667, 1049,  403, 1078,  242,  525,  133,  443,  597,  267,  408,  984,  968,  547,  403,   49,  541, 1099,  755,  777,  862,  845,  185,  880,  821],
        [  726,  726,  372,  194,  371,  497,  337,  368,  548,  703,  225,   70,  405,  708,    0,  531,  317,  349,  434,  344,  658,  394,  560,  232,  654,  322,  329,  133,  174,  156,  234,  625,  629,  323,  314,  608,  318,  337,  597,  235,  313,  598,  225,  334,  406,  369,  493,  583,  504,  649,  698,  699,  392,  453,  344,  531,  382,  467,  430,  760,  372,  129,  505,  406,  281,  694,  198,  320,  669,  573,  392,  277,  284,  664,  324,  623,  332,  186],
        [  905,  905,  585,  708,  813,  843,  743,  789,  952,  942,  575,  472,  931, 1238,  531,    0,  719,  268,  936,  874,  916,  789, 1090,  474, 1184,  279,  334,  663,  502,  609,  581, 1145, 1090,  614,  817,  778,  453,  707, 1117,  342,  829, 1106,  710,  592,  937,  299,  833, 1104,  579, 1149,  901, 1214,  623,  833,  193, 1010,  194,  998,  875, 1284,  870,  646, 1026,  903,  265,  882,  706,  847, 1199, 1000,  141,  598,  594,  923,  560, 1143,  511,  456],
        [  452,  452,  216,  380,  592,  757,  593,  605,  766,  406,  531,  318,  349,  640,  317,  719,    0,  460,  271,  387,  358,  645,  503,  247,  594,  599,  625,  283,  490,  438,  139,  493,  373,  627,  193,  360,  633,   44,  636,  522,  438,  429,  139,  173,  400,  657,  756,  620,  363,  456,  416,  540,  199,  702,  532,  304,  529,  452,  159,  635,  518,  229,  555,  235,  534,  420,  191,  401,  620,  284,  603,  130,  589,  363,  637,  488,  252,  267],
        [  655,  655,  318,  542,  701,  787,  648,  689,  868,  683,  490,  279,  715, 1029,  349,  268,  460,    0,  697,  681,  654,  703,  880,  215,  976,  295,  356,  468,  409,  478,  323,  916,  832,  566,  582,  526,  448,  443,  941,  285,  661,  867,  474,  325,  734,  355,  779,  927,  336,  905,  647,  977,  356,  758,  120,  759,   75,  796,  618, 1058,  719,  435,  849,  662,  220,  630,  483,  663,  995,  738,  190,  334,  533,  661,  530,  912,  244,  210],
        [  644,  644,  486,  359,  520,  701,  557,  547,  661,  566,  575,  475,  133,  373,  434,  936,  271,  697,    0,  238,  520,  594,  245,  488,  330,  755,  760,  319,  572,  472,  384,  224,  226,  655,  121,  588,  725,  310,  412,  668,  332,  171,  227,  442,  201,  801,  704,  396,  631,  216,  602,  280,  467,  639,  743,  119,  757,  226,  160,  367,  399,  306,  350,   37,  708,  615,  237,  276,  357,  238,  805,  392,  624,  520,  687,  219,  518,  488],
        [  827,  827,  575,  179,  286,  467,  334,  317,  425,  764,  395,  408,  117,  369,  344,  874,  387,  681,  238,    0,  716,  363,  226,  507,  315,  641,  627,  214,  420,  303,  433,  325,  458,  456,  205,  746,  563,  430,  267,  556,  100,  335,  261,  527,   73,  673,  471,  251,  729,  397,  788,  409,  572,  405,  688,  354,  723,  127,  362,  441,  162,  249,  177,  241,  617,  796,  222,   45,  327,  472,  734,  462,  432,  718,  500,  326,  577,  482],
        [  134,  134,  342,  737,  948, 1115,  951,  962, 1118,   49,  880,  639,  642,  863,  658,  916,  358,  654,  520,  716,    0, 1003,  759,  494,  831,  886,  927,  641,  830,  793,  430,  688,  438,  978,  512,  166,  961,  326,  931,  825,  784,  604,  494,  354,  707,  949, 1114,  915,  356,  593,   91,  693,  306, 1059,  763,  461,  728,  743,  363,  805,  863,  586,  863,  496,  810,  114,  546,  739,  859,  327,  838,  390,  939,    8,  981,  681,  417,  539],
        [ 1092, 1092,  760,  267,   81,  113,   58,   47,  167, 1050,  219,  454,  480,  650,  394,  789,  645,  703,  594,  363, 1003,    0,  545,  626,  604,  511,  464,  363,  299,  239,  613,  670,  818,  185,  522,  984,  352,  680,  443,  453,  264,  694,  510,  717,  426,  507,  113,  439,  897,  757, 1058,  755,  774,   59,  649,  712,  710,  453,  687,  759,  217,  421,  383,  589,  535, 1059,  458,  321,  602,  816,  658,  655,  196, 1007,  246,  673,  725,  579],
        [  886,  886,  716,  405,  465,  631,  530,  501,  548,  804,  617,  620,  166,  149,  560, 1090,  503,  880,  245,  226,  759,  545,    0,  687,   97,  866,  853,  428,  646,  528,  594,  137,  382,  669,  317,  833,  787,  545,  195,  780,  307,  198,  417,  670,  156,  899,  638,  183,  866,  253,  843,  217,  702,  571,  901,  308,  930,  101,  404,  219,  329,  448,  179,  277,  838,  858,  399,  264,  118,  451,  952,  612,  649,  759,  717,  143,  737,  673],
        [  531,  531,  161,  404,  600,  728,  568,  599,  779,  531,  444,  178,  521,  834,  232,  474,  247,  215,  488,  507,  494,  626,  687,    0,  783,  393,  435,  310,  375,  387,  109,  709,  619,  538,  378,  404,  481,  233,  773,  334,  511,  657,  272,  140,  550,  456,  723,  758,  273,  692,  511,  767,  192,  685,  291,  545,  282,  611,  404,  852,  581,  261,  682,  452,  318,  501,  291,  499,  803,  527,  365,  125,  500,  500,  524,  705,  103,   52],
        [  960,  960,  808,  492,  526,  680,  597,  563,  584,  875,  698,  715,  262,   54,  654, 1184,  594,  976,  330,  315,  831,  604,   97,  783,    0,  956,  940,  522,  732,  613,  689,  156,  428,  742,  411,  915,  869,  636,  194,  870,  386,  238,  512,  763,  248,  987,  689,  188,  957,  278,  917,  208,  793,  623,  996,  372, 1025,  189,  485,  161,  394,  544,  222,  364,  930,  934,  495,  350,   30,  513, 1045,  706,  726,  830,  794,  164,  831,  769],
        [  915,  915,  549,  465,  540,  566,  467,  514,  674,  923,  301,  288,  719, 1010,  322,  279,  599,  295,  755,  641,  886,  511,  866,  393,  956,    0,   65,  447,  235,  352,  474,  942,  944,  336,  635,  785,  179,  603,  864,   88,  581,  919,  540,  533,  710,   64,  556,  853,  615,  970,  899, 1019,  583,  555,  186,  849,  257,  768,  737, 1074,  610,  450,  777,  726,   80,  887,  519,  608,  967,  876,  159,  507,  316,  893,  284,  941,  478,  350],
        [  963,  963,  593,  449,  499,  511,  424,  471,  624,  965,  263,  308,  713,  994,  329,  334,  625,  356,  760,  627,  927,  464,  853,  435,  940,   65,    0,  445,  209,  329,  506,  937,  958,  284,  642,  833,  120,  633,  837,  104,  559,  919,  553,  574,  698,   47,  500,  827,  669,  973,  944, 1016,  626,  504,  250,  859,  321,  754,  755, 1065,  581,  456,  752,  733,  137,  933,  526,  591,  950,  896,  222,  542,  268,  933,  228,  936,  525,  388],
        [  729,  729,  413,  103,  315,  475,  310,  325,  494,  688,  268,  195,  274,  576,  133,  663,  283,  468,  319,  214,  641,  363,  428,  310,  522,  447,  445,    0,  255,  166,  262,  496,  530,  358,  206,  625,  408,  317,  474,  359,  202,  475,  153,  367,  275,  488,  474,  459,  561,  529,  696,  573,  421,  421,  475,  426,  509,  336,  352,  629,  272,   59,  382,  296,  412,  697,  104,  196,  537,  493,  524,  301,  323,  645,  380,  495,  395,  277],
        [  892,  892,  529,  242,  312,  379,  247,  291,  465,  874,   82,  199,  512,  786,  174,  502,  490,  409,  572,  420,  830,  299,  646,  375,  732,  235,  209,  255,    0,  120,  402,  736,  783,  166,  460,  771,  154,  511,  631,  161,  351,  724,  388,  496,  492,  256,  371,  620,  645,  781,  866,  816,  553,  351,  351,  680,  411,  546,  595,  860,  376,  283,  545,  550,  241,  860,  350,  383,  741,  738,  366,  445,  129,  836,  153,  735,  477,  323],
        [  870,  870,  526,  124,  224,  342,  182,  215,  397,  839,  104,  216,  399,  666,  156,  609,  438,  478,  472,  303,  793,  239,  528,  387,  613,  352,  329,  166,  120,    0,  382,  622,  691,  193,  368,  756,  262,  467,  513,  271,  231,  616,  316,  485,  375,  375,  338,  502,  659,  674,  840,  703,  542,  298,  443,  585,  495,  428,  517,  742,  262,  212,  426,  454,  345,  838,  269,  264,  622,  658,  470,  425,  157,  797,  217,  622,  487,  340],
        [  492,  492,  152,  364,  574,  720,  556,  579,  753,  473,  459,  209,  430,  739,  234,  581,  139,  323,  384,  433,  430,  613,  594,  109,  689,  474,  506,  262,  402,  382,    0,  607,  510,  557,  279,  375,  531,  132,  697,  403,  455,  551,  179,  106,  466,  534,  717,  681,  301,  585,  465,  662,  162,  671,  395,  436,  391,  525,  296,  750,  531,  205,  609,  347,  404,  460,  212,  432,  711,  421,  466,   44,  517,  436,  554,  602,  145,  130],
        [  820,  820,  708,  498,  590,  761,  650,  625,  684,  730,  717,  676,  225,  177,  625, 1145,  493,  916,  224,  325,  688,  670,  137,  709,  156,  942,  937,  496,  736,  622,  607,    0,  273,  780,  334,  785,  883,  531,  326,  855,  419,   86,  442,  665,  253,  981,  768,  315,  849,  124,  777,   85,  687,  701,  953,  229,  972,  218,  361,  144,  454,  501,  316,  261,  905,  795,  440,  368,  185,  364, 1010,  616,  756,  687,  824,    8,  742,  706],
        [  571,  571,  558,  582,  743,  924,  782,  772,  877,  476,  794,  657,  345,  448,  629, 1090,  373,  832,  226,  458,  438,  818,  382,  619,  428,  944,  958,  530,  783,  691,  510,  273,    0,  877,  324,  563,  936,  393,  576,  860,  556,  190,  405,  527,  409,  996,  928,  562,  674,  160,  529,  258,  527,  862,  901,  108,  901,  413,  215,  371,  618,  504,  537,  238,  888,  550,  435,  499,  457,  119,  970,  500,  845,  436,  907,  265,  613,  635],
        [ 1048, 1048,  691,  297,  237,  231,  157,  203,  341, 1023,   99,  361,  565,  793,  323,  614,  627,  566,  655,  456,  978,  185,  669,  538,  742,  336,  284,  358,  166,  193,  557,  780,  877,    0,  557,  929,  168,  654,  604,  292,  363,  786,  508,  654,  527,  326,  221,  597,  810,  846, 1020,  864,  712,  221,  492,  770,  558,  570,  710,  887,  352,  403,  530,  640,  373, 1016,  462,  412,  745,  850,  490,  600,   40,  983,   61,  781,  641,  487],
        [  623,  623,  401,  266,  455,  634,  478,  477,  616,  560,  471,  354,  157,  460,  314,  817,  193,  582,  121,  205,  512,  522,  317,  378,  411,  635,  642,  206,  460,  368,  279,  334,  324,  557,    0,  546,  613,  237,  444,  549,  278,  291,  109,  354,  208,  682,  635,  427,  552,  337,  584,  398,  390,  573,  624,  221,  640,  259,  166,  476,  355,  186,  364,   92,  587,  592,  117,  229,  434,  297,  685,  296,  523,  514,  584,  330,  421,  373],
        [  131,  131,  244,  726,  939, 1094,  928,  948, 1117,  173,  832,  572,  694,  954,  608,  778,  360,  526,  588,  746,  166,  984,  833,  404,  915,  785,  833,  625,  771,  756,  375,  785,  563,  929,  546,    0,  885,  318,  986,  735,  796,  705,  495,  276,  752,  849, 1091,  970,  202,  706,  124,  804,  218, 1042,  641,  559,  597,  799,  430,  914,  876,  566,  909,  557,  706,  105,  545,  760,  943,  445,  714,  332,  890,  173,  922,  778,  309,  455],
        [ 1011, 1011,  641,  386,  396,  392,  317,  365,  509, 1002,  172,  323,  660,  921,  318,  453,  633,  448,  725,  563,  961,  352,  787,  481,  869,  179,  120,  408,  154,  262,  531,  883,  936,  168,  613,  885,    0,  649,  749,  165,  483,  875,  539,  614,  635,  158,  382,  740,  737,  932,  988,  965,  670,  389,  355,  833,  425,  686,  746, 1003,  492,  434,  669,  703,  234,  980,  502,  523,  875,  888,  337,  572,  160,  966,  110,  883,  579,  430],
        [  413,  413,  178,  417,  629,  792,  627,  641,  804,  373,  556,  329,  392,  681,  337,  707,   44,  443,  310,  430,  326,  680,  545,  233,  636,  603,  633,  317,  511,  467,  132,  531,  393,  654,  237,  318,  649,    0,  680,  530,  480,  463,  178,  138,  444,  663,  790,  664,  322,  487,  379,  574,  158,  737,  523,  333,  514,  495,  184,  671,  559,  261,  598,  274,  534,  381,  229,  443,  661,  295,  596,  110,  615,  331,  660,  525,  222,  261],
        [ 1053, 1053,  836,  409,  371,  504,  449,  408,  396,  978,  579,  665,  293,  226,  597, 1117,  636,  941,  412,  267,  931,  443,  195,  773,  194,  864,  837,  474,  631,  513,  697,  326,  576,  604,  444,  986,  749,  680,    0,  783,  288,  393,  522,  788,  237,  884,  513,   17,  989,  446, 1011,  395,  829,  452,  938,  495,  979,  189,  569,  353,  258,  514,   93,  436,  854, 1023,  487,  279,  179,  636,  976,  725,  595,  932,  660,  332,  842,  748],
        [  864,  864,  494,  381,  472,  520,  404,  450,  618,  863,  236,  207,  632,  924,  235,  342,  522,  285,  668,  556,  825,  453,  780,  334,  870,   88,  104,  359,  161,  271,  403,  855,  860,  292,  549,  735,  165,  530,  783,    0,  498,  832,  456,  472,  624,  136,  511,  772,  577,  883,  844,  931,  525,  502,  201,  764,  268,  682,  655,  987,  532,  363,  695,  640,   83,  834,  432,  523,  882,  796,  206,  439,  264,  831,  249,  854,  427,  286],
        [  888,  888,  604,  122,  188,  369,  235,  217,  339,  832,  312,  382,  216,  439,  313,  829,  438,  661,  332,  100,  784,  264,  307,  511,  386,  581,  559,  202,  351,  231,  455,  419,  556,  363,  278,  796,  483,  480,  288,  498,    0,  434,  302,  556,  167,  606,  373,  275,  755,  496,  851,  503,  607,  307,  651,  450,  694,  208,  442,  525,   80,  253,  197,  331,  567,  856,  253,   57,  393,  561,  689,  490,  343,  787,  411,  420,  593,  478],
        [  736,  736,  641,  494,  615,  792,  668,  648,  726,  646,  716,  643,  221,  262,  598, 1106,  429,  867,  171,  335,  604,  694,  198,  657,  238,  919,  919,  475,  724,  616,  551,   86,  190,  786,  291,  705,  875,  463,  393,  832,  434,    0,  397,  600,  269,  962,  798,  380,  778,   63,  693,  112,  618,  730,  914,  147,  928,  252,  287,  212,  481,  471,  367,  206,  875,  711,  404,  379,  267,  279,  975,  555,  759,  603,  825,   78,  680,  658],
        [  590,  590,  315,  244,  454,  622,  459,  469,  628,  542,  415,  254,  252,  563,  225,  710,  139,  474,  227,  261,  494,  510,  417,  272,  512,  540,  553,  153,  388,  316,  179,  442,  405,  508,  109,  495,  539,  178,  522,  456,  302,  397,    0,  267,  289,  591,  622,  506,  469,  441,  554,  505,  312,  566,  517,  310,  532,  347,  208,  584,  381,  107,  435,  193,  487,  558,   53,  268,  534,  351,  580,  204,  472,  498,  525,  438,  324,  265],
        [  398,  398,   49,  469,  679,  825,  661,  684,  858,  392,  557,  298,  510,  810,  334,  592,  173,  325,  442,  527,  354,  717,  670,  140,  763,  533,  574,  367,  496,  485,  106,  665,  527,  654,  354,  276,  614,  138,  788,  472,  556,  600,  267,    0,  554,  596,  821,  772,  202,  625,  375,  711,   59,  776,  421,  471,  399,  610,  322,  807,  633,  309,  701,  406,  457,  367,  308,  531,  787,  422,  495,   67,  615,  360,  648,  660,   88,  187],
        [  825,  825,  602,  251,  346,  524,  400,  379,  469,  755,  467,  468,   68,  302,  406,  937,  400,  734,  201,   73,  707,  426,  156,  550,  248,  710,  698,  275,  492,  375,  466,  253,  409,  527,  208,  752,  635,  444,  237,  624,  167,  269,  289,  554,    0,  744,  530,  220,  755,  332,  784,  338,  594,  462,  749,  309,  780,   62,  345,  368,  214,  300,  158,  215,  683,  794,  259,  115,  263,  438,  797,  491,  504,  708,  572,  255,  611,  531],
        [  979,  979,  612,  495,  545,  550,  469,  516,  666,  986,  309,  342,  757, 1040,  369,  299,  657,  355,  801,  673,  949,  507,  899,  456,  987,   64,   47,  488,  256,  375,  534,  981,  996,  326,  682,  849,  158,  663,  884,  136,  606,  962,  591,  596,  744,    0,  539,  874,  678, 1015,  963, 1060,  646,  546,  242,  899,  311,  800,  791, 1110,  628,  497,  799,  774,  144,  950,  566,  637,  996,  931,  200,  568,  312,  956,  268,  980,  541,  411],
        [ 1201, 1201,  863,  379,  185,   13,  164,  158,  147, 1161,  291,  547,  587,  731,  493,  833,  756,  779,  704,  471, 1114,  113,  638,  723,  689,  556,  500,  474,  371,  338,  717,  768,  928,  221,  635, 1091,  382,  790,  513,  511,  373,  798,  622,  821,  530,  539,    0,  512,  995,  860, 1168,  852,  879,   68,  712,  822,  777,  551,  800,  846,  317,  530,  467,  700,  593, 1168,  570,  429,  682,  928,  710,  760,  248, 1118,  273,  771,  824,  674],
        [ 1037, 1037,  820,  396,  365,  503,  442,  402,  398,  962,  570,  651,  276,  223,  583, 1104,  620,  927,  396,  251,  915,  439,  183,  758,  188,  853,  827,  459,  620,  502,  681,  315,  562,  597,  427,  970,  740,  664,   17,  772,  275,  380,  506,  772,  220,  874,  512,    0,  973,  434,  995,  386,  813,  449,  925,  480,  965,  173,  553,  348,  249,  499,   79,  420,  842, 1007,  471,  265,  176,  622,  963,  709,  587,  916,  653,  321,  826,  733],
        [  327,  327,  154,  662,  867, 1000,  840,  868, 1046,  372,  716,  451,  709, 1002,  504,  579,  363,  336,  631,  729,  356,  897,  866,  273,  957,  615,  669,  561,  645,  659,  301,  849,  674,  810,  552,  202,  737,  322,  989,  577,  755,  778,  469,  202,  755,  678,  995,  973,    0,  794,  326,  887,  164,  956,  454,  639,  404,  810,  492,  988,  831,  505,  903,  595,  535,  305,  509,  732,  982,  558,  525,  267,  771,  363,  792,  844,  172,  324],
        [  726,  726,  663,  554,  677,  854,  730,  710,  788,  632,  774,  690,  282,  292,  649, 1149,  456,  905,  216,  397,  593,  757,  253,  692,  278,  970,  973,  529,  781,  674,  585,  124,  160,  846,  337,  706,  932,  487,  446,  883,  496,   63,  441,  625,  332, 1015,  860,  434,  794,    0,  683,  101,  637,  793,  957,  156,  967,  313,  305,  213,  544,  521,  426,  248,  924,  703,  453,  441,  306,  267, 1020,  585,  819,  591,  885,  116,  708,  698],
        [   44,   44,  352,  795, 1007, 1170, 1004, 1020, 1181,   64,  922,  670,  721,  951,  698,  901,  416,  647,  602,  788,   91, 1058,  843,  511,  917,  899,  944,  696,  866,  840,  465,  777,  529, 1020,  584,  124,  988,  379, 1011,  844,  851,  693,  554,  375,  784,  963, 1168,  995,  326,  683,    0,  783,  320, 1116,  761,  548,  719,  823,  443,  895,  930,  639,  941,  576,  821,   28,  606,  809,  946,  417,  835,  422,  981,   94, 1018,  769,  422,  560],
        [  826,  826,  751,  580,  675,  845,  735,  709,  764,  732,  800,  747,  305,  208,  699, 1214,  540,  977,  280,  409,  693,  755,  217,  767,  208, 1019, 1016,  573,  816,  703,  662,   85,  258,  864,  398,  804,  965,  574,  395,  931,  503,  112,  505,  711,  338, 1060,  852,  386,  887,  101,  783,    0,  727,  785, 1021,  249, 1037,  302,  395,  113,  538,  574,  395,  316,  978,  803,  509,  452,  233,  367, 1081,  667,  840,  691,  907,   83,  791,  768],
        [  341,  341,   39,  524,  735,  882,  718,  740,  913,  341,  615,  355,  546,  839,  392,  623,  199,  356,  467,  572,  306,  774,  702,  192,  793,  583,  626,  421,  553,  542,  162,  687,  527,  712,  390,  218,  670,  158,  829,  525,  607,  618,  312,   59,  594,  646,  879,  813,  164,  637,  320,  727,    0,  833,  459,  482,  430,  648,  333,  827,  685,  363,  745,  432,  505,  310,  356,  578,  818,  416,  534,  120,  673,  313,  705,  681,  113,  241],
        [ 1149, 1149,  819,  322,  120,   63,  117,   98,  120, 1107,  270,  512,  520,  667,  453,  833,  702,  758,  639,  405, 1059,   59,  571,  685,  623,  555,  504,  421,  351,  298,  671,  701,  862,  221,  573, 1042,  389,  737,  452,  502,  307,  730,  566,  776,  462,  546,   68,  449,  956,  793, 1116,  785,  833,    0,  699,  757,  762,  484,  739,  781,  250,  478,  402,  636,  584, 1117,  514,  364,  618,  865,  705,  713,  240, 1063,  280,  704,  784,  638],
        [  771,  771,  422,  530,  659,  721,  597,  641,  815,  793,  431,  282,  741, 1049,  344,  193,  532,  120,  743,  688,  763,  649,  901,  291,  996,  186,  250,  475,  351,  443,  395,  953,  901,  492,  624,  641,  355,  523,  938,  201,  651,  914,  517,  421,  749,  242,  712,  925,  454,  957,  761, 1021,  459,  699,    0,  819,   71,  810,  686, 1092,  699,  455,  846,  710,  122,  745,  514,  664, 1012,  815,   76,  416,  464,  770,  448,  950,  347,  267],
        [  592,  592,  508,  475,  637,  819,  675,  665,  775,  504,  688,  563,  243,  403,  531, 1010,  304,  759,  119,  354,  461,  712,  308,  545,  372,  849,  859,  426,  680,  585,  436,  229,  108,  770,  221,  559,  833,  333,  495,  764,  450,  147,  310,  471,  309,  899,  822,  480,  639,  156,  548,  249,  482,  757,  819,    0,  824,  321,  150,  356,  515,  404,  447,  132,  796,  566,  334,  394,  401,  143,  885,  433,  739,  460,  801,  222,  554,  555],
        [  726,  726,  392,  573,  716,  785,  657,  700,  875,  756,  492,  315,  766, 1078,  382,  194,  529,   75,  757,  723,  728,  710,  930,  282, 1025,  257,  321,  509,  411,  495,  391,  972,  901,  558,  640,  597,  425,  514,  979,  268,  694,  928,  532,  399,  780,  311,  777,  965,  404,  967,  719, 1037,  430,  762,   71,  824,    0,  842,  686, 1114,  747,  482,  887,  722,  191,  701,  535,  702, 1043,  808,  125,  405,  529,  735,  516,  969,  318,  270],
        [  865,  865,  657,  306,  373,  545,  434,  408,  475,  790,  516,  529,  105,  242,  467,  998,  452,  796,  226,  127,  743,  453,  101,  611,  189,  768,  754,  336,  546,  428,  525,  218,  413,  570,  259,  799,  686,  495,  189,  682,  208,  252,  347,  610,   62,  800,  551,  173,  810,  313,  823,  302,  648,  484,  810,  321,  842,    0,  381,  318,  237,  362,  126,  248,  742,  835,  320,  164,  202,  458,  858,  548,  550,  744,  618,  220,  670,  592],
        [  485,  485,  359,  427,  621,  799,  642,  643,  780,  410,  618,  449,  280,  525,  430,  875,  159,  618,  160,  362,  363,  687,  404,  404,  485,  737,  755,  352,  595,  517,  296,  361,  215,  710,  166,  430,  746,  184,  569,  655,  442,  287,  208,  322,  345,  791,  800,  553,  492,  305,  443,  395,  333,  739,  686,  150,  686,  381,    0,  497,  518,  313,  501,  134,  677,  456,  249,  391,  513,  144,  755,  288,  674,  364,  730,  355,  406,  420],
        [  938,  938,  849,  619,  679,  838,  747,  716,  744,  844,  834,  814,  356,  133,  760, 1284,  635, 1058,  367,  441,  805,  759,  219,  852,  161, 1074, 1065,  629,  860,  742,  750,  144,  371,  887,  476,  914, 1003,  671,  353,  987,  525,  212,  584,  807,  368, 1110,  846,  348,  988,  213,  895,  113,  827,  781, 1092,  356, 1114,  318,  497,    0,  544,  639,  380,  404, 1040,  915,  580,  481,  175,  479, 1148,  759,  867,  803,  935,  148,  884,  848],
        [  968,  968,  681,  180,  137,  311,  204,  172,  264,  911,  322,  441,  274,  443,  372,  870,  518,  719,  399,  162,  863,  217,  329,  581,  394,  610,  581,  272,  376,  262,  531,  454,  618,  352,  355,  876,  492,  559,  258,  532,   80,  481,  381,  633,  214,  628,  317,  249,  831,  544,  930,  538,  685,  250,  699,  515,  747,  237,  518,  544,    0,  327,  179,  402,  606,  936,  332,  127,  395,  633,  730,  567,  340,  866,  406,  457,  667,  545],
        [  672,  672,  356,  162,  374,  532,  366,  383,  552,  633,  309,  175,  286,  597,  129,  646,  229,  435,  306,  249,  586,  421,  448,  261,  544,  450,  456,   59,  283,  212,  205,  501,  504,  403,  186,  566,  434,  261,  514,  363,  253,  471,  107,  309,  300,  497,  530,  499,  505,  521,  639,  574,  363,  478,  455,  404,  482,  362,  313,  639,  327,    0,  423,  278,  405,  639,   70,  238,  562,  456,  510,  243,  366,  590,  419,  499,  341,  234],
        [  982,  982,  750,  318,  306,  459,  380,  343,  370,  911,  497,  572,  222,  267,  505, 1026,  555,  849,  350,  177,  863,  383,  179,  682,  222,  777,  752,  382,  545,  426,  609,  316,  537,  530,  364,  909,  669,  598,   93,  695,  197,  367,  435,  701,  158,  799,  467,   79,  903,  426,  941,  395,  745,  402,  846,  447,  887,  126,  501,  380,  179,  423,    0,  369,  764,  952,  398,  187,  219,  584,  885,  637,  518,  865,  585,  321,  753,  656],
        [  618,  618,  450,  345,  517,  698,  549,  543,  665,  543,  557,  444,  148,  408,  406,  903,  235,  662,   37,  241,  496,  589,  277,  452,  364,  726,  733,  296,  550,  454,  347,  261,  238,  640,   92,  557,  703,  274,  436,  640,  331,  206,  193,  406,  215,  774,  700,  420,  595,  248,  576,  316,  432,  636,  710,  132,  722,  248,  134,  404,  402,  278,  369,    0,  677,  588,  208,  276,  390,  231,  773,  356,  608,  497,  670,  256,  481,  453],
        [  836,  836,  471,  447,  552,  602,  485,  531,  700,  846,  317,  234,  685,  984,  281,  265,  534,  220,  708,  617,  810,  535,  838,  318,  930,   80,  137,  412,  241,  345,  404,  905,  888,  373,  587,  706,  234,  534,  854,   83,  567,  875,  487,  457,  683,  144,  593,  842,  535,  924,  821,  978,  505,  584,  122,  796,  191,  742,  677, 1040,  606,  405,  764,  677,    0,  808,  472,  587,  944,  814,  126,  435,  346,  817,  327,  903,  399,  277],
        [   33,   33,  341,  797, 1010, 1170, 1005, 1021, 1184,   92,  918,  663,  732,  968,  694,  882,  420,  630,  615,  796,  114, 1059,  858,  501,  934,  887,  933,  697,  860,  838,  460,  795,  550, 1016,  592,  105,  980,  381, 1023,  834,  856,  711,  558,  367,  794,  950, 1168, 1007,  305,  703,   28,  803,  310, 1117,  745,  566,  701,  835,  456,  915,  936,  639,  952,  588,  808,    0,  609,  815,  962,  437,  818,  417,  977,  117, 1013,  787,  409,  551],
        [  642,  642,  356,  192,  402,  570,  407,  417,  576,  594,  370,  239,  233,  547,  198,  706,  191,  483,  237,  222,  546,  458,  399,  291,  495,  519,  526,  104,  350,  269,  212,  440,  435,  462,  117,  545,  502,  229,  487,  432,  253,  404,   53,  308,  259,  566,  570,  471,  509,  453,  606,  509,  356,  514,  514,  334,  535,  320,  249,  580,  332,   70,  398,  208,  472,  609,    0,  224,  514,  391,  572,  242,  426,  550,  482,  437,  356,  275],
        [  847,  847,  579,  143,  244,  426,  290,  274,  390,  788,  353,  387,  160,  403,  320,  847,  401,  663,  276,   45,  739,  321,  264,  499,  350,  608,  591,  196,  383,  264,  432,  368,  499,  412,  229,  760,  523,  443,  279,  523,   57,  379,  268,  531,  115,  637,  429,  265,  732,  441,  809,  452,  578,  364,  664,  394,  702,  164,  391,  481,  127,  238,  187,  276,  587,  815,  224,    0,  360,  507,  706,  465,  389,  742,  457,  369,  575,  471],
        [  989,  989,  833,  503,  524,  674,  597,  561,  573,  903,  704,  731,  283,   49,  669, 1199,  620,  995,  357,  327,  859,  602,  118,  803,   30,  967,  950,  537,  741,  622,  711,  185,  457,  745,  434,  943,  875,  661,  179,  882,  393,  267,  534,  787,  263,  996,  682,  176,  982,  306,  946,  233,  818,  618, 1012,  401, 1043,  202,  513,  175,  395,  562,  219,  390,  944,  962,  514,  360,    0,  542, 1060,  730,  730,  859,  797,  192,  854,  789],
        [  460,  460,  449,  562,  746,  926,  774,  770,  896,  367,  760,  590,  370,  541,  573, 1000,  284,  738,  238,  472,  327,  816,  451,  527,  513,  876,  896,  493,  738,  658,  421,  364,  119,  850,  297,  445,  888,  295,  636,  796,  561,  279,  351,  422,  438,  931,  928,  622,  558,  267,  417,  367,  416,  865,  815,  143,  808,  458,  144,  479,  633,  456,  584,  231,  814,  437,  391,  507,  542,    0,  886,  404,  815,  325,  872,  357,  509,  550],
        [  844,  844,  497,  568,  677,  720,  609,  655,  823,  868,  441,  335,  794, 1099,  392,  141,  603,  190,  805,  734,  838,  658,  952,  365, 1045,  159,  222,  524,  366,  470,  466, 1010,  970,  490,  685,  714,  337,  596,  976,  206,  689,  975,  580,  495,  797,  200,  710,  963,  525, 1020,  835, 1081,  534,  705,   76,  885,  125,  858,  755, 1148,  730,  510,  885,  773,  126,  818,  572,  706, 1060,  886,    0,  489,  466,  845,  440, 1008,  422,  337],
        [  449,  449,  115,  404,  615,  763,  598,  620,  794,  431,  502,  250,  450,  755,  277,  598,  130,  334,  392,  462,  390,  655,  612,  125,  706,  507,  542,  301,  445,  425,   44,  616,  500,  600,  296,  332,  572,  110,  725,  439,  490,  555,  204,   67,  491,  568,  760,  709,  267,  585,  422,  667,  120,  713,  416,  433,  405,  548,  288,  759,  567,  243,  637,  356,  435,  417,  242,  465,  730,  404,  489,    0,  561,  395,  597,  611,  126,  159],
        [ 1009, 1009,  651,  267,  236,  257,  158,  206,  358,  984,   60,  322,  539,  777,  284,  594,  589,  533,  624,  432,  939,  196,  649,  500,  726,  316,  268,  323,  129,  157,  517,  756,  845,   40,  523,  890,  160,  615,  595,  264,  343,  759,  472,  615,  504,  312,  248,  587,  771,  819,  981,  840,  673,  240,  464,  739,  529,  550,  674,  867,  340,  366,  518,  608,  346,  977,  426,  389,  730,  815,  466,  561,    0,  945,   69,  757,  602,  449],
        [  136,  136,  349,  741,  951, 1119,  955,  966, 1122,   47,  885,  644,  644,  862,  664,  923,  363,  661,  520,  718,    8, 1007,  759,  500,  830,  893,  933,  645,  836,  797,  436,  687,  436,  983,  514,  173,  966,  331,  932,  831,  787,  603,  498,  360,  708,  956, 1118,  916,  363,  591,   94,  691,  313, 1063,  770,  460,  735,  744,  364,  803,  866,  590,  865,  497,  817,  117,  550,  742,  859,  325,  845,  395,  945,    0,  987,  680,  424,  546],
        [ 1044, 1044,  681,  332,  297,  284,  217,  263,  399, 1025,  114,  351,  606,  845,  324,  560,  637,  530,  687,  500,  981,  246,  717,  524,  794,  284,  228,  380,  153,  217,  554,  824,  907,   61,  584,  922,  110,  660,  660,  249,  411,  825,  525,  648,  572,  268,  273,  653,  792,  885, 1018,  907,  705,  280,  448,  801,  516,  618,  730,  935,  406,  419,  585,  670,  327, 1013,  482,  457,  797,  872,  440,  597,   69,  987,    0,  825,  626,  472],
        [  812,  812,  702,  498,  593,  765,  652,  627,  688,  723,  718,  674,  224,  185,  623, 1143,  488,  912,  219,  326,  681,  673,  143,  705,  164,  941,  936,  495,  735,  622,  602,    8,  265,  781,  330,  778,  883,  525,  332,  854,  420,   78,  438,  660,  255,  980,  771,  321,  844,  116,  769,   83,  681,  704,  950,  222,  969,  220,  355,  148,  457,  499,  321,  256,  903,  787,  437,  369,  192,  357, 1008,  611,  757,  680,  825,    0,  737,  702],
        [  439,  439,   76,  494,  696,  828,  668,  696,  875,  449,  546,  281,  573,  880,  332,  511,  252,  244,  518,  577,  417,  725,  737,  103,  831,  478,  525,  395,  477,  487,  145,  742,  613,  641,  421,  309,  579,  222,  842,  427,  593,  680,  324,   88,  611,  541,  824,  826,  172,  708,  422,  791,  113,  784,  347,  554,  318,  670,  406,  884,  667,  341,  753,  481,  399,  409,  356,  575,  854,  509,  422,  126,  602,  424,  626,  737,    0,  155],
        [  581,  581,  212,  367,  557,  679,  521,  553,  734,  578,  393,  128,  508,  821,  186,  456,  267,  210,  488,  482,  539,  579,  673,   52,  769,  350,  388,  277,  323,  340,  130,  706,  635,  487,  373,  455,  430,  261,  748,  286,  478,  658,  265,  187,  531,  411,  674,  733,  324,  698,  560,  768,  241,  638,  267,  555,  270,  592,  420,  848,  545,  234,  656,  453,  277,  551,  275,  471,  789,  550,  337,  159,  449,  546,  472,  702,  155,    0]
    ]
}
