{
    "name": "random-19-23342",
    "comment": "size=19 seed=23342",
    "nodes": ["+0", "-0", "+1", "-1", "+2", "-2", "+3", "-3", "+4", "-4", "+5", "-5", "+6", "-6", "+7", "-7", "+8", "-8", "+9", "-9", "+10", "-10", "+11", "-11", "+12", "-12", "+13", "-13", "+14", "-14", "+15", "-15", "+16", "-16", "+17", "-17", "+18", "-18", "+19", "-19"],
    "precedence": {
        "+0": "-0",
        "+1": "-1",
        "+2": "-2",
        "+3": "-3",
        "+4": "-4",
        "+5": "-5",
        "+6": "-6",
        "+7": "-7",
        "+8": "-8",
        "+9": "-9",
        "+10": "-10",
        "+11": "-11",
        "+12": "-12",
        "+13": "-13",
        "+14": "-14",
        "+15": "-15",
        "+16": "-16",
        "+17": "-17",
        "+18": "-18",
        "+19": "-19"
    },
    "edges": [
        [    0,    0,  380,  355,  161, 1050,  943,  430,  552,  727,  879, 1096,  440,  600,  803,  316,  885,   95,  546,  384,  946,  825,  394,  797,  810,  272,  729,  826, 1013,  447,  208,  322,  465,   40,  990,  676,  976,  686,  186,  839],
        [    0,    0,  380,  355,  161, 1050,  943,  430,  552,  727,  879, 1096,  440,  600,  803,  316,  885,   95,  546,  384,  946,  825,  394,  797,  810,  272,  729,  826, 1013,  447,  208,  322,  465,   40,  990,  676,  976,  686,  186,  839],
        [  380,  380,    0,   66,  221,  783,  564,  361,  351,  363,  588,  836,  222,  228,  739,  174,  770,  301,  332,   42,  601,  814,  498,  458,  435,  337,  365,  576,  680,  240,  300,  255,   92,  356,  628,  401,  600,  597,  251,  879],
        [  355,  355,   66,    0,  196,  848,  591,  410,  414,  372,  652,  901,  282,  247,  796,  214,  832,  288,  395,  105,  657,  867,  529,  517,  478,  362,  418,  641,  738,  300,  315,  294,  148,  337,  678,  467,  622,  654,  204,  927],
        [  161,  161,  221,  196,    0,  940,  783,  372,  453,  567,  757,  989,  325,  440,  770,  201,  834,  100,  442,  230,  804,  816,  416,  656,  654,  252,  578,  719,  876,  337,  183,  245,  309,  143,  841,  557,  815,  639,   91,  852],
        [ 1050, 1050,  783,  848,  940,    0,  693,  645,  499,  788,  201,   56,  616,  745,  526,  742,  416,  956,  504,  748,  332,  643,  807,  377,  551,  805,  505,  225,  262,  606,  851,  729,  707, 1012,  422,  386,  752,  496, 1009,  762],
        [  943,  943,  564,  591,  783,  693,    0,  783,  648,  248,  536,  744,  623,  346, 1001,  687,  958,  864,  628,  567,  362, 1116,  977,  371,  192,  852,  299,  626,  442,  634,  840,  748,  485,  920,  284,  536,   63,  880,  791, 1219],
        [  430,  430,  361,  410,  372,  645,  783,    0,  167,  661,  505,  685,  168,  529,  400,  199,  463,  345,  177,  323,  634,  459,  201,  493,  600,  164,  493,  425,  674,  154,  222,  129,  367,  391,  708,  319,  837,  267,  461,  519],
        [  552,  552,  351,  414,  453,  499,  648,  167,    0,  567,  342,  544,  136,  449,  404,  252,  421,  459,   24,  310,  468,  498,  364,  331,  459,  312,  350,  275,  508,  120,  352,  231,  315,  513,  546,  153,  706,  263,  532,  587],
        [  727,  727,  363,  372,  567,  788,  248,  661,  567,    0,  597,  843,  493,  138,  962,  517,  950,  658,  544,  378,  487, 1064,  835,  413,  247,  687,  289,  652,  580,  508,  660,  591,  306,  709,  452,  507,  261,  826,  562, 1152],
        [  879,  879,  588,  652,  757,  201,  536,  505,  342,  597,    0,  256,  440,  545,  519,  565,  444,  785,  341,  555,  201,  641,  689,  185,  370,  654,  310,  115,  190,  433,  689,  566,  509,  842,  302,  203,  598,  436,  821,  757],
        [ 1096, 1096,  836,  901,  989,   56,  744,  685,  544,  843,  256,    0,  665,  800,  534,  790,  418, 1002,  551,  801,  383,  647,  840,  433,  605,  847,  561,  271,  308,  654,  894,  774,  761, 1057,  469,  437,  802,  519, 1060,  765],
        [  440,  440,  222,  282,  325,  616,  623,  168,  136,  493,  440,  665,    0,  363,  519,  126,  550,  345,  120,  181,  523,  599,  354,  374,  447,  243,  343,  395,  580,   19,  258,  139,  205,  403,  582,  237,  674,  376,  399,  673],
        [  600,  600,  228,  247,  440,  745,  346,  529,  449,  138,  545,  800,  363,    0,  851,  380,  851,  526,  426,  241,  482,  947,  699,  371,  261,  550,  246,  579,  572,  379,  523,  454,  169,  580,  475,  417,  376,  712,  446, 1030],
        [  803,  803,  739,  796,  770,  526, 1001,  400,  404,  962,  519,  534,  519,  851,    0,  595,  126,  730,  427,  698,  716,  123,  430,  635,  811,  534,  710,  405,  704,  500,  604,  529,  716,  765,  815,  469, 1063,  143,  859,  241],
        [  316,  316,  174,  214,  201,  742,  687,  199,  252,  517,  565,  790,  126,  380,  595,    0,  645,  222,  241,  143,  635,  658,  326,  485,  527,  171,  433,  520,  699,  136,  155,   82,  212,  280,  686,  362,  732,  457,  281,  714],
        [  885,  885,  770,  832,  834,  416,  958,  463,  421,  950,  444,  418,  550,  851,  126,  645,    0,  806,  442,  729,  645,  229,  533,  587,  773,  614,  679,  336,  619,  532,  680,  589,  733,  847,  746,  444, 1020,  200,  921,  348],
        [   95,   95,  301,  288,  100,  956,  864,  345,  459,  658,  785, 1002,  345,  526,  730,  222,  806,    0,  452,  300,  853,  762,  343,  703,  724,  196,  639,  733,  919,  353,  126,  231,  382,   60,  899,  582,  900,  607,  168,  788],
        [  546,  546,  332,  395,  442,  504,  628,  177,   24,  544,  341,  551,  120,  426,  427,  241,  442,  452,    0,  291,  458,  522,  376,  318,  439,  314,  331,  281,  501,  106,  350,  227,  293,  508,  533,  145,  685,  286,  519,  609],
        [  384,  384,   42,  105,  230,  748,  567,  323,  310,  378,  555,  801,  181,  241,  698,  143,  729,  300,  291,    0,  579,  775,  469,  433,  426,  312,  349,  539,  655,  199,  282,  223,   83,  357,  611,  365,  606,  556,  273,  841],
        [  946,  946,  601,  657,  804,  332,  362,  634,  468,  487,  201,  383,  523,  482,  716,  635,  645,  853,  458,  579,    0,  838,  831,  151,  241,  761,  244,  313,   93,  522,  780,  661,  511,  913,  102,  317,  420,  623,  851,  952],
        [  825,  825,  814,  867,  816,  643, 1116,  459,  498, 1064,  641,  647,  599,  947,  123,  658,  229,  762,  522,  775,  838,    0,  435,  753,  925,  568,  821,  527,  826,  581,  640,  585,  802,  790,  936,  581, 1176,  239,  906,  120],
        [  394,  394,  498,  529,  416,  807,  977,  201,  364,  835,  689,  840,  354,  699,  430,  326,  533,  343,  376,  469,  831,  435,    0,  693,  797,  170,  691,  597,  866,  344,  233,  247,  531,  361,  908,  515, 1028,  344,  502,  447],
        [  797,  797,  458,  517,  656,  377,  371,  493,  331,  413,  185,  433,  374,  371,  635,  485,  587,  703,  318,  433,  151,  753,  693,    0,  191,  613,  128,  257,  222,  374,  631,  512,  370,  763,  215,  187,  433,  523,  706,  861],
        [  810,  810,  435,  478,  654,  551,  192,  600,  459,  247,  370,  605,  447,  261,  811,  527,  773,  724,  439,  426,  241,  925,  797,  191,    0,  684,  109,  447,  333,  455,  681,  578,  345,  782,  215,  344,  252,  689,  681, 1027],
        [  272,  272,  337,  362,  252,  805,  852,  164,  312,  687,  654,  847,  243,  550,  534,  171,  614,  196,  314,  312,  761,  568,  170,  613,  684,    0,  583,  582,  812,  240,   72,  106,  382,  234,  824,  457,  899,  415,  342,  601],
        [  729,  729,  365,  418,  578,  505,  299,  493,  350,  289,  310,  561,  343,  246,  710,  433,  679,  639,  331,  349,  244,  821,  691,  128,  109,  583,    0,  366,  331,  350,  587,  478,  274,  699,  263,  242,  358,  584,  616,  922],
        [  826,  826,  576,  641,  719,  225,  626,  425,  275,  652,  115,  271,  395,  579,  405,  520,  336,  733,  281,  539,  313,  527,  597,  257,  447,  582,  366,    0,  304,  384,  627,  505,  508,  788,  413,  175,  688,  324,  792,  642],
        [ 1013, 1013,  680,  738,  876,  262,  442,  674,  508,  580,  190,  308,  580,  572,  704,  699,  619,  919,  501,  655,   93,  826,  866,  222,  333,  812,  331,  304,    0,  577,  838,  716,  591,  978,  162,  356,  499,  626,  928,  943],
        [  447,  447,  240,  300,  337,  606,  634,  154,  120,  508,  433,  654,   19,  379,  500,  136,  532,  353,  106,  199,  522,  581,  344,  374,  455,  240,  350,  384,  577,    0,  261,  139,  222,  410,  585,  230,  685,  358,  413,  656],
        [  208,  208,  300,  315,  183,  851,  840,  222,  352,  660,  689,  894,  258,  523,  604,  155,  680,  126,  350,  282,  780,  640,  233,  631,  681,   72,  587,  627,  838,  261,    0,  124,  360,  169,  837,  488,  884,  482,  272,  671],
        [  322,  322,  255,  294,  245,  729,  748,  129,  231,  591,  566,  774,  139,  454,  529,   82,  589,  231,  227,  223,  661,  585,  247,  512,  578,  106,  478,  505,  716,  139,  124,    0,  286,  284,  721,  365,  795,  395,  333,  636],
        [  465,  465,   92,  148,  309,  707,  485,  367,  315,  306,  509,  761,  205,  169,  716,  212,  733,  382,  293,   83,  511,  802,  531,  370,  345,  382,  274,  508,  591,  222,  360,  286,    0,  439,  536,  333,  525,  574,  343,  877],
        [   40,   40,  356,  337,  143, 1012,  920,  391,  513,  709,  842, 1057,  403,  580,  765,  280,  847,   60,  508,  357,  913,  790,  361,  763,  782,  234,  699,  788,  978,  410,  169,  284,  439,    0,  959,  640,  955,  648,  187,  807],
        [  990,  990,  628,  678,  841,  422,  284,  708,  546,  452,  302,  469,  582,  475,  815,  686,  746,  899,  533,  611,  102,  936,  908,  215,  215,  824,  263,  413,  162,  585,  837,  721,  536,  959,    0,  398,  338,  718,  878, 1050],
        [  676,  676,  401,  467,  557,  386,  536,  319,  153,  507,  203,  437,  237,  417,  469,  362,  444,  582,  145,  365,  317,  581,  515,  187,  344,  457,  242,  175,  356,  230,  488,  365,  333,  640,  398,    0,  596,  345,  624,  684],
        [  976,  976,  600,  622,  815,  752,   63,  837,  706,  261,  598,  802,  674,  376, 1063,  732, 1020,  900,  685,  606,  420, 1176, 1028,  433,  252,  899,  358,  688,  499,  685,  884,  795,  525,  955,  338,  596,    0,  940,  818, 1279],
        [  686,  686,  597,  654,  639,  496,  880,  267,  263,  826,  436,  519,  376,  712,  143,  457,  200,  607,  286,  556,  623,  239,  344,  523,  689,  415,  584,  324,  626,  358,  482,  395,  574,  648,  718,  345,  940,    0,  727,  340],
        [  186,  186,  251,  204,   91, 1009,  791,  461,  532,  562,  821, 1060,  399,  446,  859,  281,  921,  168,  519,  273,  851,  906,  502,  706,  681,  342,  616,  792,  928,  413,  272,  333,  343,  187,  878,  624,  818,  727,    0,  942],
        [  839,  839,  879,  927,  852,  762, 1219,  519,  587, 1152,  757,  765,  673, 1030,  241,  714,  348,  788,  609,  841,  952,  120,  447,  861, 1027,  601,  922,  642,  943,  656,  671,  636,  877,  807, 1050,  684, 1279,  340,  942,    0]
    ]
}
