{
    "name": "random-97-1161",
    "comment": "size=97 seed=1161",
    "nodes": ["+0", "-0", "+1", "-1", "+2", "-2", "+3", "-3", "+4", "-4", "+5", "-5", "+6", "-6", "+7", "-7", "+8", "-8", "+9", "-9", "+10", "-10", "+11", "-11", "+12", "-12", "+13", "-13", "+14", "-14", "+15", "-15", "+16", "-16", "+17", "-17", "+18", "-18", "+19", "-19", "+20", "-20", "+21", "-21", "+22", "-22", "+23", "-23", "+24", "-24", "+25", "-25", "+26", "-26", "+27", "-27", "+28", "-28", "+29", "-29", "+30", "-30", "+31", "-31", "+32", "-32", "+33", "-33", "+34", "-34", "+35", "-35", "+36", "-36", "+37", "-37", "+38", "-38", "+39", "-39", "+40", "-40", "+41", "-41", "+42", "-42", "+43", "-43", "+44", "-44", "+45", "-45", "+46", "-46", "+47", "-47", "+48", "-48", "+49", "-49", "+50", "-50", "+51", "-51", "+52", "-52", "+53", "-53", "+54", "-54", "+55", "-55", "+56", "-56", "+57", "-57", "+58", "-58", "+59", "-59", "+60", "-60", "+61", "-61", "+62", "-62", "+63", "-63", "+64", "-64", "+65", "-65", "+66", "-66", "+67", "-67", "+68", "-68", "+69", "-69", "+70", "-70", "+71", "-71", "+72", "-72", "+73", "-73", "+74", "-74", "+75", "-75", "+76", "-76", "+77", "-77", "+78", "-78", "+79", "-79", "+80", "-80", "+81", "-81", "+82", "-82", "+83", "-83", "+84", "-84", "+85", "-85", "+86", "-86", "+87", "-87", "+88", "-88", "+89", "-89", "+90", "-90", "+91", "-91", "+92", "-92", "+93", "-93", "+94", "-94", "+95", "-95", "+96", "-96", "+97", "-97"],
    "precedence": {
        "+0": "-0",
        "+1": "-1",
        "+2": "-2",
        "+3": "-3",
        "+4": "-4",
        "+5": "-5",
        "+6": "-6",
        "+7": "-7",
        "+8": "-8",
        "+9": "-9",
        "+10": "-10",
        "+11": "-11",
        "+12": "-12",
        "+13": "-13",
        "+14": "-14",
        "+15": "-15",
        "+16": "-16",
        "+17": "-17",
        "+18": "-18",
        "+19": "-19",
        "+20": "-20",
        "+21": "-21",
        "+22": "-22",
        "+23": "-23",
        "+24": "-24",
        "+25": "-25",
        "+26": "-26",
        "+27": "-27",
        "+28": "-28",
        "+29": "-29",
        "+30": "-30",
        "+31": "-31",
        "+32": "-32",
        "+33": "-33",
        "+34": "-34",
        "+35": "-35",
        "+36": "-36",
        "+37": "-37",
        "+38": "-38",
        "+39": "-39",
        "+40": "-40",
        "+41": "-41",
        "+42": "-42",
        "+43": "-43",
        "+44": "-44",
        "+45": "-45",
        "+46": "-46",
        "+47": "-47",
        "+48": "-48",
        "+49": "-49",
        "+50": "-50",
        "+51": "-51",
        "+52": "-52",
        "+53": "-53",
        "+54": "-54",
        "+55": "-55",
        "+56": "-56",
        "+57": "-57",
        "+58": "-58",
        "+59": "-59",
        "+60": "-60",
        "+61": "-61",
        "+62": "-62",
        "+63": "-63",
        "+64": "-64",
        "+65": "-65",
        "+66": "-66",
        "+67": "-67",
        "+68": "-68",
        "+69": "-69",
        "+70": "-70",
        "+71": "-71",
        "+72": "-72",
        "+73": "-73",
        "+74": "-74",
        "+75": "-75",
        "+76": "-76",
        "+77": "-77",
        "+78": "-78",
        "+79": "-79",
        "+80": "-80",
        "+81": "-81",
        "+82": "-82",
        "+83": "-83",
        "+84": "-84",
        "+85": "-85",
        "+86": "-86",
        "+87": "-87",
        "+88": "-88",
        "+89": "-89",
        "+90": "-90",
        "+91": "-91",
        "+92": "-92",
        "+93": "-93",
        "+94": "-94",
        "+95": "-95",
        "+96": "-96",
        "+97": "-97"
    },
    "edges": [
        [    0,    0,  295,  359,  613,  322,  445,  136,  625,  603,  352,  717,  194,  574,  619,  891,  389,  344,  273,  766,  312,  504,  151,  734,  666,  553,  534,  748,  944,  677,   38,  286,  794,  907, 1060, 1118,  606,  709,  310,  640,  463,  307, 1089,  735,  855,  718,  710,  698,  918,  497,  736,  395,   77,  890,  752,  429,  569,  776,  823,  456,  187,  235,  390,  727,  833,  243,  463,  965,  385,  638,  495,  450,  235,  212, 1111,  641,  183,  270,  725,  847,  817,  851,  487,  773, 1022,  983,  909,  128,   94,  755,  484,  766,  323,  576,  542,  947,  701,  915,  471,  734,  815,  705,  800,  829,  942, 1001,   92,  274, 1077,  591,  110,  376,  178,  679, 1111,  773,  491,  484,  228,  685,  565,  140,  715,  525,  798,  676,  357,  546,  693,  842,  388,  584,  291,  978,  222,  829,  429,  826,  573,  439,  407,  751, 1129,  751,  162,  380,  415,  470,  818,  601,  233,  424,  646,  576,  733,  568,  378,  443,  892, 1023,  838,  397,  894,  290,  973,  316,  764,  819,  781,  526,  670,  960,  801,  685,  678,  644,  628,  749,  733,  967,  769,  122,  676,  585,  530,  743,  858,  509,  847,  929,  212,  286,  165,  892,  321,  562],
        [    0,    0,    0,    0,    0,    0,    0,    0,    0,    0,    0,    0,    0,    0,    0,    0,    0,    0,    0,    0,    0,    0,    0,    0,    0,    0,    0,    0,    0,    0,    0,    0,    0,    0,    0,    0,    0,    0,    0,    0,    0,    0,    0,    0,    0,    0,    0,    0,    0,    0,    0,    0,    0,    0,    0,    0,    0,    0,    0,    0,    0,    0,    0,    0,    0,    0,    0,    0,    0,    0,    0,    0,    0,    0,    0,    0,    0,    0,    0,    0,    0,    0,    0,    0,    0,    0,    0,    0,    0,    0,    0,    0,    0,    0,    0,    0,    0,    0,    0,    0,    0,    0,    0,    0,    0,    0,    0,    0,    0,    0,    0,    0,    0,    0,    0,    0,    0,    0,    0,    0,    0,    0,    0,    0,    0,    0,    0,    0,    0,    0,    0,    0,    0,    0,    0,    0,    0,    0,    0,    0,    0,    0,    0,    0,    0,    0,    0,    0,    0,    0,    0,    0,    0,    0,    0,    0,    0,    0,    0,    0,    0,    0,    0,    0,    0,    0,    0,    0,    0,    0,    0,    0,    0,    0,    0,    0,    0,    0,    0,    0,    0,    0,    0,    0,    0,    0,    0,    0,    0,    0,    0,    0,    0,    0,    0,    0],
        [  295,    0,    0,  248,  323,   51,  573,  286,  362,  617,  267,  640,  449,  576,  403,  650,  150,   50,  497,  819,  287,  474,  159,  507,  374,  276,  488,  456,  832,  387,  278,   52,  753,  914,  908,  919,  382,  541,  413,  439,  192,  365,  902,  549,  921,  455,  428,  728,  935,  262,  470,  129,  224,  755,  702,  385,  280,  830,  718,  439,  479,  335,  437,  628,  856,  533,  267,  740,  596,  471,  207,  582,   88,   94,  936,  485,  451,  228,  517,  688,  802,  919,  283,  797,  799,  853,  724,  215,  234,  809,  204,  631,  496,  679,  282,  726,  528,  731,  587,  559,  613,  776,  709,  576,  821,  795,  349,  523,  909,  435,  279,  136,  393,  599,  918,  810,  198,  192,  475,  621,  332,  432,  543,  246,  787,  384,  156,  472,  635,  579,  133,  296,  247,  762,  497,  866,  164,  653,  518,  386,  568,  488,  936,  689,  451,   87,  593,  265,  794,  656,  184,  188,  540,  477,  685,  599,  230,  567,  810,  845,  829,  117,  665,  110,  794,  558,  798,  562,  631,  244,  644,  787,  603,  454,  581,  366,  347,  754,  441,  840,  656,  408,  648,  635,  342,  582,  887,  304,  713,  707,  506,  550,  155,  695,  340,  292],
        [  359,    0,  248,    0,  388,  296,  387,  251,  330,  374,   31,  399,  407,  332,  275,  550,  155,  255,  408,  581,   91,  228,  317,  390,  449,  466,  241,  514,  607,  441,  323,  196,  507,  667,  707,  760,  268,  350,  250,  287,  228,  188,  731,  376,  684,  410,  587,  486,  689,  193,  432,  196,  290,  541,  456,  141,  444,  592,  488,  197,  496,  212,  226,  394,  611,  529,  129,  614,  474,  279,  295,  398,  304,  287,  754,  283,  424,   92,  371,  491,  554,  682,  154,  553,  669,  638,  550,  232,  364,  571,  401,  416,  361,  467,  257,  594,  343,  557,  391,  376,  458,  545,  473,  500,  601,  644,  349,  454,  721,  233,  267,  157,  333,  358,  752,  568,  352,  305,  416,  377,  242,  486,  357,  437,  540,  510,  111,  226,  389,  525,  369,  457,   79,  624,  468,  623,  203,  468,  271,  140,  408,  441,  770,  445,  459,  282,  442,  142,  547,  423,  129,  156,  307,  239,  439,  362,   42,  380,  573,  665,  582,  336,  545,  352,  615,  476,  555,  496,  426,  293,  396,  603,  444,  345,  345,  543,  518,  508,  503,  623,  429,  419,  401,  402,  179,  386,  643,  171,  499,  576,  532,  495,  214,  534,  145,  290],
        [  613,    0,  323,  388,    0,  313,  775,  572,  139,  713,  418,  634,  744,  671,  275,  400,  250,  274,  771,  920,  474,  568,  481,  312,   61,  215,  561,  137,  747,   65,  591,  328,  766,  957,  762,  708,  250,  440,  634,  321,  167,  573,  710,  417, 1023,  193,  240,  819,  986,  210,  196,  226,  538,  652,  713,  503,  159,  931,  661,  558,  793,  579,  611,  597,  922,  843,  281,  505,  852,  398,  118,  785,  402,  415,  757,  423,  751,  444,  355,  564,  836, 1023,  267,  873,  562,  744,  554,  512,  556,  912,  213,  553,  740,  844,  147,  502,  422,  562,  777,  441,  438,  900,  671,  314,  727,  584,  653,  808,  743,  393,  574,  258,  677,  599,  716,  896,  151,  131,  763,  635,  214,  752,  433,  208,  829,  144,  298,  520,  651,  296,  296,  160,  448,  539,  798,  945,  199,  514,  571,  494,  795,  217,  733,  691,  762,  243,  827,  266,  820,  783,  433,  234,  525,  495,  704,  716,  347,  767,  766,  671,  866,  257,  435,  383,  624,  837,  882,  293,  532,   97,  694,  626,  436,  271,  566,  232,  207,  817,  123,  737,  602,  718,  697,  762,  305,  479,  956,  267,  620,  483,  823,  842,  456,  513,  532,  113],
        [  322,    0,   51,  296,  313,    0,  623,  329,  372,  666,  317,  684,  487,  626,  429,  664,  183,   56,  540,  870,  338,  523,  176,  527,  359,  236,  536,  442,  871,  377,  309,  103,  800,  963,  940,  943,  407,  575,  462,  468,  206,  415,  929,  579,  971,  463,  391,  778,  984,  287,  477,  152,  256,  791,  748,  435,  248,  881,  759,  488,  508,  383,  488,  670,  905,  563,  303,  758,  641,  506,  204,  631,   92,  111,  965,  522,  487,  279,  542,  722,  849,  969,  316,  847,  817,  890,  752,  257,  249,  859,  164,  669,  543,  729,  297,  746,  561,  759,  637,  591,  639,  827,  751,  587,  859,  817,  384,  563,  939,  473,  320,  170,  435,  643,  943,  860,  174,  184,  514,  667,  355,  454,  576,  206,  836,  356,  198,  518,  680,  585,   83,  263,  298,  782,  532,  916,  184,  684,  565,  435,  617,  495,  961,  735,  481,   71,  640,  299,  841,  706,  234,  219,  582,  521,  732,  649,  276,  617,  852,  873,  877,   76,  683,   79,  822,  599,  848,  571,  666,  247,  692,  816,  629,  475,  624,  327,  309,  803,  427,  877,  697,  439,  696,  686,  376,  616,  937,  336,  750,  727,  531,  587,  197,  721,  391,  301],
        [  445,    0,  573,  387,  775,  623,    0,  329,  702,  247,  357,  446,  303,  246,  606,  853,  537,  602,  221,  337,  305,  272,  532,  702,  835,  835,  305,  898,  672,  825,  417,  527,  455,  500,  829,  960,  611,  580,  161,  592,  614,  211,  912,  628,  415,  768,  968,  296,  504,  573,  790,  574,  438,  661,  435,  288,  821,  345,  564,  248,  424,  244,  166,  486,  420,  409,  502,  881,  174,  535,  680,   12,  579,  552,  911,  519,  330,  352,  660,  665,  442,  411,  522,  365,  923,  730,  758,  394,  522,  326,  764,  566,  132,  133,  638,  855,  585,  761,   32,  610,  714,  269,  527,  829,  682,  873,  361,  267,  869,  494,  352,  535,  273,  427,  941,  355,  728,  687,  276,  406,  605,  478,  593,  804,  421,  896,  488,  351,  404,  866,  705,  835,  339,  873,  342,  407,  587,  673,  332,  302,   70,  794,  957,  449,  396,  639,  101,  517,  453,  193,  390,  543,  446,  399,  416,  201,  428,    8,  587,  840,  454,  685,  828,  644,  800,  250,  350,  833,  602,  680,  343,  780,  697,  674,  450,  919,  895,  364,  888,  711,  536,  388,  349,  187,  515,  592,  438,  532,  626,  842,  458,  307,  440,  765,  246,  673],
        [  136,    0,  286,  251,  572,  329,  329,    0,  556,  469,  236,  584,  172,  438,  524,  800,  327,  329,  211,  637,  187,  369,  205,  639,  631,  562,  401,  708,  813,  634,  100,  255,  659,  773,  935, 1005,  515,  593,  180,  537,  409,  171,  973,  624,  729,  644,  712,  565,  786,  419,  665,  347,  110,  763,  617,  297,  564,  648,  693,  321,  245,  101,  256,  597,  700,  282,  371,  865,  313,  524,  458,  336,  265,  237,  991,  524,  182,  160,  622,  726,  681,  726,  396,  641,  919,  855,  794,   74,  195,  626,  489,  641,  223,  456,  474,  844,  587,  800,  352,  620,  707,  579,  668,  745,  813,  892,   99,  239,  956,  476,   26,  317,  108,  547,  996,  642,  476,  453,  192,  551,  481,  240,  601,  531,  663,  661,  284,  416,  559,  765,  409,  579,  174,  874,  228,  699,  375,  710,  439,  309,  304,  677, 1014,  617,  209,  368,  322,  381,  683,  471,  144,  354,  518,  448,  598,  434,  279,  326,  759,  905,  703,  402,  795,  330,  856,  273,  633,  739,  659,  478,  534,  842,  693,  593,  548,  652,  632,  615,  694,  838,  640,  168,  541,  454,  429,  625,  726,  416,  721,  827,  282,  271,  133,  781,  187,  500],
        [  625,    0,  362,  330,  139,  372,  702,  556,    0,  605,  358,  504,  724,  565,  140,  294,  237,  320,  736,  808,  420,  468,  515,  178,  178,  345,  454,  209,  609,  150,  597,  347,  637,  831,  627,  588,  118,  303,  578,  186,  170,  516,  584,  278,  909,   94,  376,  707,  861,  139,  112,  237,  549,  513,  585,  417,  291,  818,  524,  467,  794,  539,  536,  465,  801,  837,  203,  392,  803,  265,  178,  713,  449,  453,  628,  291,  737,  407,  217,  426,  710,  909,  181,  755,  451,  606,  421,  509,  587,  800,  324,  416,  690,  754,   84,  384,  285,  429,  699,  303,  304,  794,  536,  215,  589,  462,  647,  779,  611,  268,  564,  250,  652,  472,  592,  780,  252,  204,  738,  510,   99,  765,  295,  331,  704,  279,  274,  409,  526,  219,  383,  294,  403,  421,  783,  827,  201,  376,  458,  405,  732,  127,  610,  562,  759,  304,  767,  189,  692,  682,  412,  204,  398,  377,  577,  615,  290,  694,  630,  539,  740,  339,  318,  450,  491,  803,  766,  201,  393,  131,  575,  492,  300,  133,  437,  370,  346,  697,  204,  598,  466,  716,  577,  662,  195,  341,  835,  171,  481,  365,  827,  817,  461,  381,  472,   71],
        [  603,    0,  617,  374,  713,  666,  247,  469,  605,    0,  351,  211,  515,   43,  479,  678,  522,  628,  449,  210,  336,  150,  639,  548,  769,  834,  153,  814,  427,  749,  568,  565,  211,  307,  588,  733,  494,  394,  300,  449,  579,  299,  682,  445,  314,  647,  939,  112,  324,  505,  668,  565,  568,  425,  189,  234,  804,  221,  325,  178,  639,  369,  214,  259,  241,  636,  437,  684,  420,  373,  648,  254,  656,  633,  674,  350,  543,  398,  495,  445,  215,  313,  447,  182,  718,  486,  543,  508,  656,  201,  771,  348,  354,  194,  566,  656,  405,  545,  219,  421,  524,  190,  286,  675,  439,  659,  538,  500,  632,  347,  495,  527,  462,  203,  712,  194,  716,  664,  496,  172,  509,  676,  408,  806,  195,  852,  483,  197,  166,  719,  742,  816,  375,  668,  566,  250,  563,  464,  150,  236,  315,  666,  727,  204,  605,  656,  347,  451,  220,   90,  451,  510,  248,  234,  170,   47,  404,  241,  341,  610,  235,  710,  643,  714,  575,  490,  182,  685,  388,  631,   98,  553,  508,  535,  235,  904,  878,  147,  808,  468,  306,  586,  104,   77,  412,  394,  271,  446,  394,  646,  676,  543,  531,  559,  297,  601],
        [  352,    0,  267,   31,  418,  317,  357,  236,  358,  351,    0,  389,  386,  310,  296,  570,  184,  278,  383,  556,   63,  207,  322,  409,  479,  494,  223,  544,  603,  471,  315,  215,  492,  647,  710,  770,  291,  358,  221,  304,  258,  159,  739,  388,  659,  436,  616,  462,  668,  221,  458,  225,  286,  542,  442,  118,  472,  567,  484,  173,  479,  188,  196,  388,  589,  510,  156,  630,  446,  288,  325,  368,  317,  298,  760,  290,  404,   82,  388,  496,  536,  657,  180,  531,  684,  637,  560,  225,  364,  546,  427,  417,  332,  438,  286,  609,  352,  566,  361,  385,  472,  518,  466,  523,  599,  657,  334,  430,  726,  241,  254,  185,  312,  348,  761,  544,  381,  334,  393,  364,  268,  475,  366,  464,  522,  540,  138,  215,  377,  549,  392,  486,   63,  638,  448,  600,  233,  476,  256,  120,  379,  467,  779,  434,  442,  307,  413,  170,  530,  397,  128,  186,  302,  233,  425,  336,   72,  350,  565,  672,  563,  361,  563,  369,  623,  450,  532,  520,  430,  323,  378,  610,  457,  367,  339,  572,  547,  487,  533,  622,  426,  403,  383,  376,  198,  392,  621,  195,  499,  592,  517,  471,  216,  546,  116,  319],
        [  717,    0,  640,  399,  634,  684,  446,  584,  504,  211,  389,    0,  675,  201,  365,  499,  510,  634,  624,  346,  409,  217,  710,  395,  681,  798,  184,  707,  235,  654,  679,  590,  133,  328,  384,  522,  387,  226,  450,  322,  538,  421,  471,  275,  434,  518,  872,  256,  359,  447,  537,  550,  663,  216,   82,  289,  757,  354,  119,  265,  794,  493,  354,   54,  309,  803,  396,  487,  616,  240,  602,  455,  702,  685,  465,  214,  701,  463,  337,  237,  208,  436,  394,  276,  516,  287,  337,  600,  747,  341,  747,  146,  532,  403,  494,  459,  242,  338,  422,  246,  338,  364,   86,  514,  241,  453,  671,  677,  424,  242,  608,  519,  610,   42,  502,  306,  681,  623,  663,   41,  421,  816,  239,  774,  205,  777,  486,  175,   46,  563,  747,  766,  439,  467,  732,  341,  535,  264,  145,  280,  512,  529,  516,   58,  758,  652,  546,  406,  189,  297,  514,  483,  110,  163,   78,  253,  410,  440,  177,  399,  238,  707,  456,  747,  365,  675,  294,  528,  188,  571,  120,  343,  323,  400,   68,  852,  826,  215,  704,  269,   96,  730,  116,  287,  339,  210,  342,  383,  183,  452,  833,  722,  603,  359,  398,  524],
        [  194,    0,  449,  407,  744,  487,  303,  172,  724,  515,  386,  675,    0,  497,  682,  956,  498,  495,   90,  639,  327,  460,  334,  795,  802,  722,  496,  879,  910,  806,  187,  424,  723,  798, 1048, 1139,  675,  728,  226,  689,  580,  263, 1102,  765,  716,  811,  876,  590,  804,  587,  832,  518,  235,  874,  690,  412,  729,  648,  791,  414,  125,  203,  321,  699,  719,  130,  534, 1014,  198,  664,  629,  304,  410,  384, 1114,  659,   28,  320,  772,  851,  727,  711,  559,  662, 1066,  959,  928,  236,  288,  628,  651,  758,  172,  434,  643,  992,  726,  933,  333,  757,  851,  571,  761,  907,  914, 1033,  107,   81, 1076,  616,  172,  488,   75,  643, 1127,  655,  643,  624,   36,  638,  646,  177,  738,  693,  706,  829,  454,  524,  642,  930,  562,  744,  329, 1019,   62,  708,  547,  841,  534,  426,  247,  843, 1144,  696,   94,  534,  243,  545,  734,  487,  314,  524,  631,  565,  671,  472,  441,  303,  841, 1031,  743,  562,  948,  472,  984,  122,  649,  902,  783,  650,  599,  968,  836,  752,  653,  813,  795,  652,  866,  941,  747,   92,  606,  475,  584,  755,  740,  577,  833,  975,  161,  101,  296,  921,  300,  671],
        [  574,    0,  576,  332,  671,  626,  246,  438,  565,   43,  310,  201,  497,    0,  441,  648,  480,  586,  435,  253,  298,  107,  603,  513,  728,  792,  111,  773,  428,  708,  537,  524,  227,  343,  584,  719,  455,  365,  276,  412,  536,  267,  670,  416,  356,  609,  897,  154,  362,  463,  630,  523,  535,  416,  195,  192,  762,  263,  319,  138,  619,  339,  185,  243,  280,  620,  395,  659,  417,  338,  605,  255,  617,  595,  666,  316,  524,  359,  462,  427,  244,  355,  405,  222,  696,  484,  523,  474,  623,  243,  729,  328,  341,  216,  525,  632,  374,  526,  222,  393,  496,  230,  282,  642,  437,  640,  512,  488,  624,  310,  464,  485,  439,  185,  699,  236,  674,  621,  480,  161,  468,  652,  379,  763,  226,  810,  441,  158,  159,  685,  701,  773,  336,  646,  550,  291,  520,  442,  114,  194,  312,  629,  714,  205,  585,  614,  347,  409,  245,  121,  413,  467,  220,  197,  176,   59,  362,  240,  348,  597,  267,  668,  615,  674,  560,  482,  223,  650,  367,  589,  103,  539,  480,  498,  213,  861,  836,  182,  767,  466,  292,  563,  110,  103,  372,  368,  312,  405,  382,  621,  657,  532,  494,  536,  261,  560],
        [  619,    0,  403,  275,  275,  429,  606,  524,  140,  479,  296,  365,  682,  441,    0,  276,  255,  374,  676,  676,  357,  351,  537,  116,  318,  464,  332,  344,  478,  290,  586,  371,  497,  692,  518,  517,   27,  168,  503,   48,  230,  443,  500,  156,  775,  169,  514,  575,  722,  143,  191,  278,  545,  386,  446,  319,  415,  686,  387,  360,  769,  483,  444,  325,  664,  804,  156,  347,  727,  125,  274,  617,  488,  484,  536,  151,  699,  365,  114,  305,  570,  776,  133,  620,  405,  482,  323,  494,  601,  669,  429,  280,  616,  641,  152,  330,  151,  330,  598,  174,  210,  668,  397,  229,  461,  393,  621,  724,  512,  133,  538,  270,  607,  333,  515,  646,  356,  300,  689,  371,   78,  754,  163,  445,  566,  417,  270,  283,  388,  261,  464,  421,  354,  363,  743,  691,  246,  261,  329,  305,  646,  191,  533,  422,  732,  372,  682,  150,  553,  560,  389,  216,  259,  246,  438,  494,  245,  598,  492,  445,  601,  419,  275,  507,  394,  743,  632,  229,  262,  232,  440,  389,  201,   71,  298,  502,  476,  561,  341,  473,  328,  691,  441,  541,   99,  209,  698,  111,  351,  311,  805,  767,  459,  292,  399,  173],
        [  891,    0,  650,  550,  400,  664,  853,  800,  294,  678,  570,  499,  956,  648,  276,    0,  512,  611,  947,  844,  631,  583,  797,  161,  402,  614,  554,  365,  477,  365,  859,  628,  613,  803,  418,  315,  286,  285,  769,  270,  460,  712,  328,  233,  931,  209,  592,  751,  836,  398,  204,  522,  816,  382,  573,  575,  557,  852,  449,  606, 1044,  756,  699,  445,  802, 1079,  430,  108,  990,  319,  471,  864,  737,  739,  383,  336,  974,  641,  194,  296,  693,  933,  405,  774,  164,  443,  224,  767,  866,  839,  608,  357,  881,  863,  368,  112,  275,  230,  840,  258,  162,  856,  480,   87,  450,  198,  897,  996,  380,  360,  813,  527,  882,  486,  327,  805,  539,  496,  962,  525,  327, 1027,  270,  607,  696,  501,  536,  505,  538,  122,  676,  556,  629,  148, 1017,  837,  487,  249,  537,  560,  901,  183,  343,  545, 1008,  597,  938,  422,  669,  767,  663,  474,  430,  458,  575,  706,  521,  845,  542,  309,  720,  631,   56,  742,  274, 1013,  792,  110,  316,  424,  609,  287,  176,  208,  449,  612,  592,  713,  374,  445,  416,  967,  607,  751,  373,  290,  834,  385,  373,   98, 1080, 1039,  728,  178,  668,  364],
        [  389,    0,  150,  155,  250,  183,  537,  327,  237,  522,  184,  510,  498,  480,  255,  512,    0,  129,  522,  731,  233,  373,  286,  362,  310,  313,  379,  384,  689,  310,  361,  117,  631,  804,  759,  771,  235,  393,  389,  290,   84,  330,  753,  400,  835,  329,  433,  634,  828,  116,  348,   43,  312,  609,  578,  292,  289,  742,  578,  349,  560,  330,  379,  491,  754,  605,  121,  596,  603,  324,  144,  547,  233,  230,  787,  340,  508,  196,  368,  540,  687,  833,  134,  698,  655,  708,  574,  274,  355,  721,  250,  486,  493,  622,  153,  582,  379,  582,  543,  410,  465,  698,  573,  443,  677,  647,  415,  560,  760,  291,  332,   16,  429,  469,  769,  715,  197,  151,  516,  496,  187,  529,  394,  284,  675,  360,   50,  352,  511,  454,  238,  302,  202,  616,  555,  769,   52,  504,  402,  287,  551,  363,  788,  563,  526,  143,  582,  116,  677,  577,  185,   40,  405,  348,  563,  514,  119,  530,  674,  696,  716,  198,  522,  257,  645,  589,  702,  432,  484,  154,  531,  637,  454,  310,  447,  388,  363,  649,  371,  695,  516,  482,  535,  556,  194,  434,  787,  155,  568,  563,  592,  595,  225,  547,  292,  175],
        [  344,    0,   50,  255,  274,   56,  602,  329,  320,  628,  278,  634,  495,  586,  374,  611,  129,    0,  539,  834,  307,  482,  208,  472,  324,  237,  493,  407,  817,  338,  326,   77,  752,  920,  885,  887,  351,  520,  444,  412,  152,  392,  873,  523,  936,  412,  384,  739,  942,  231,  426,   96,  272,  736,  700,  395,  235,  844,  706,  450,  528,  369,  459,  618,  865,  581,  249,  703,  635,  452,  159,  612,  132,  142,  909,  468,  498,  252,  486,  666,  805,  934,  261,  807,  762,  835,  696,  260,  283,  823,  164,  614,  532,  703,  243,  691,  505,  703,  614,  536,  583,  794,  699,  535,  805,  762,  396,  567,  883,  419,  324,  117,  436,  593,  887,  821,  150,  143,  519,  619,  299,  481,  520,  206,  792,  336,  150,  471,  633,  535,  116,  250,  269,  727,  544,  877,  128,  628,  519,  394,  602,  445,  905,  686,  499,   40,  628,  244,  796,  673,  214,  163,  531,  472,  685,  613,  229,  596,  801,  817,  833,   85,  628,  134,  766,  602,  809,  520,  611,  198,  647,  761,  574,  420,  573,  325,  304,  761,  391,  823,  644,  456,  652,  652,  322,  561,  897,  280,  696,  672,  555,  595,  199,  665,  363,  250],
        [  273,    0,  497,  408,  771,  540,  221,  211,  736,  449,  383,  624,   90,  435,  676,  947,  522,  539,    0,  557,  321,  415,  401,  787,  831,  773,  451,  905,  858,  831,  258,  464,  659,  721, 1003, 1108,  673,  702,  184,  678,  605,  237, 1067,  743,  631,  818,  922,  514,  725,  597,  839,  548,  300,  830,  630,  382,  774,  565,  742,  373,  205,  198,  274,  653,  640,  189,  537,  996,  113,  642,  660,  221,  471,  443, 1075,  634,  114,  331,  758,  815,  656,  626,  562,  585, 1046,  910,  898,  283,  364,  546,  700,  720,   96,  349,  658,  973,  702,  903,  253,  732,  831,  487,  709,  905,  864, 1007,  182,   54, 1035,  596,  221,  514,  106,  595, 1094,  576,  685,  658,   57,  585,  650,  265,  713,  742,  635,  868,  475,  486,  587,  932,  618,  789,  333,  997,  121,  627,  573,  811,  488,  397,  161,  849, 1111,  639,  180,  578,  154,  550,  665,  411,  339,  543,  592,  530,  611,  404,  446,  223,  783,  995,  670,  613,  933,  535,  951,   68,  570,  903,  748,  675,  538,  933,  815,  747,  610,  863,  842,  579,  892,  892,  702,  181,  545,  401,  578,  726,  659,  578,  791,  957,  238,  100,  343,  895,  280,  688],
        [  766,    0,  819,  581,  920,  870,  337,  637,  808,  210,  556,  346,  639,  253,  676,  844,  731,  834,  557,    0,  534,  359,  825,  731,  975, 1043,  361, 1016,  485,  954,  734,  768,  253,  179,  656,  833,  693,  566,  458,  641,  788,  477,  776,  616,  104,  842, 1148,  102,  173,  714,  862,  774,  744,  523,  277,  441, 1014,   11,  424,  384,  761,  539,  393,  399,  100,  743,  646,  830,  488,  561,  857,  337,  852,  828,  753,  536,  666,  595,  674,  574,  187,  103,  656,   79,  853,  550,  673,  689,  832,   12,  980,  490,  467,  210,  773,  802,  580,  673,  306,  589,  683,   73,  384,  854,  506,  786,  688,  600,  711,  543,  663,  735,  603,  360,  808,   46,  926,  873,  612,  320,  713,  813,  580, 1015,  172, 1060,  691,  402,  306,  901,  947, 1025,  574,  805,  677,   73,  772,  607,  351,  445,  398,  858,  819,  304,  732,  863,  416,  660,  211,  168,  646,  719,  426,  432,  271,  221,  613,  336,  383,  709,  177,  917,  801,  912,  686,  577,   56,  867,  532,  840,  240,  663,  668,  726,  398, 1113, 1088,  134, 1011,  533,  435,  723,  240,  188,  618,  554,  107,  653,  506,  795,  794,  637,  720,  700,  487,  808],
        [  312,    0,  287,   91,  474,  338,  305,  187,  420,  336,   63,  409,  327,  298,  357,  631,  233,  307,  321,  534,    0,  206,  309,  470,  535,  534,  230,  603,  633,  529,  275,  236,  500,  640,  750,  821,  353,  408,  161,  363,  311,   99,  787,  441,  635,  499,  664,  445,  659,  283,  521,  270,  255,  578,  453,  121,  517,  545,  512,  162,  425,  126,  153,  416,  576,  453,  219,  688,  384,  340,  376,  315,  321,  298,  805,  338,  346,   62,  446,  540,  535,  632,  242,  517,  741,  671,  609,  192,  339,  523,  465,  455,  271,  397,  347,  666,  403,  615,  313,  436,  527,  489,  491,  585,  630,  710,  283,  368,  770,  293,  208,  230,  252,  370,  810,  527,  425,  382,  332,  380,  331,  427,  417,  504,  519,  592,  184,  235,  390,  612,  418,  531,   40,  694,  388,  584,  283,  524,  267,  129,  321,  529,  828,  448,  388,  341,  353,  232,  532,  369,  115,  241,  334,  264,  434,  314,  131,  298,  585,  719,  561,  391,  621,  379,  670,  388,  515,  582,  473,  379,  379,  656,  511,  428,  367,  615,  592,  479,  591,  655,  457,  351,  385,  349,  259,  439,  607,  258,  536,  649,  463,  410,  200,  598,   60,  379],
        [  504,    0,  474,  228,  568,  523,  272,  369,  468,  150,  207,  217,  460,  107,  351,  583,  373,  482,  415,  359,  206,    0,  514,  437,  625,  685,   37,  675,  451,  608,  466,  422,  295,  441,  589,  698,  362,  308,  235,  330,  430,  204,  655,  356,  463,  519,  791,  261,  462,  359,  541,  416,  455,  416,  250,   90,  655,  370,  332,   49,  578,  276,  142,  240,  383,  589,  290,  609,  425,  265,  499,  283,  520,  500,  660,  248,  485,  266,  391,  403,  331,  462,  302,  326,  653,  499,  492,  393,  542,  350,  622,  306,  329,  290,  422,  583,  313,  495,  258,  338,  442,  333,  303,  565,  454,  605,  454,  469,  621,  228,  394,  378,  394,  184,  682,  342,  567,  514,  450,  183,  370,  599,  321,  657,  316,  705,  335,   80,  190,  605,  597,  667,  242,  602,  518,  397,  414,  405,   74,   89,  327,  542,  698,  248,  541,  508,  364,  304,  327,  215,  319,  361,  180,  127,  231,  149,  256,  264,  390,  582,  358,  563,  556,  575,  539,  472,  329,  571,  337,  484,  174,  521,  426,  414,  195,  755,  729,  281,  667,  481,  288,  513,  180,  195,  273,  323,  416,  303,  376,  570,  616,  514,  405,  495,  183,  457],
        [  151,    0,  159,  317,  481,  176,  532,  205,  515,  639,  322,  710,  334,  603,  537,  797,  286,  208,  401,  825,  309,  514,    0,  647,  531,  403,  538,  613,  923,  546,  148,  170,  808,  945, 1019, 1051,  519,  655,  377,  566,  346,  349, 1029,  672,  921,  609,  561,  744,  962,  401,  625,  279,  102,  856,  760,  428,  422,  836,  804,  470,  336,  292,  433,  709,  878,  393,  387,  881,  510,  583,  365,  539,   86,   67, 1058,  592,  328,  250,  649,  800,  843,  918,  407,  818,  940,  953,  848,  140,   75,  814,  336,  730,  428,  655,  433,  866,  644,  855,  553,  677,  744,  771,  788,  727,  916,  929,  227,  413, 1028,  540,  186,  271,  296,  670, 1047,  824,  349,  350,  365,  684,  472,  279,  659,  376,  826,  531,  269,  535,  695,  733,  238,  436,  274,  900,  370,  882,  315,  771,  573,  434,  509,  642, 1065,  753,  312,  240,  525,  389,  840,  657,  197,  325,  622,  554,  742,  611,  319,  528,  886,  967,  868,  249,  807,  140,  916,  453,  814,  715,  738,  402,  688,  907,  732,  595,  660,  494,  479,  784,  598,  938,  745,  272,  693,  638,  460,  693,  907,  430,  814,  847,  358,  431,  110,  825,  343,  447],
        [  734,    0,  507,  390,  312,  527,  702,  639,  178,  548,  409,  395,  795,  513,  116,  161,  362,  472,  787,  731,  470,  437,  647,    0,  337,  522,  412,  335,  449,  302,  701,  479,  523,  719,  451,  417,  129,  170,  610,  111,  322,  552,  408,  126,  825,  137,  539,  633,  751,  247,  151,  379,  659,  351,  476,  419,  468,  740,  382,  454,  884,  595,  545,  346,  704,  918,  271,  235,  833,  176,  349,  713,  593,  592,  451,  198,  813,  480,   60,  260,  601,  827,  247,  667,  293,  437,  244,  608,  713,  725,  500,  275,  723,  723,  233,  220,  154,  252,  692,  155,  127,  733,  403,  129,  426,  291,  736,  836,  433,  210,  653,  377,  721,  373,  419,  696,  427,  376,  801,  413,  176,  869,  158,  508,  600,  442,  382,  361,  428,  172,  551,  470,  468,  256,  856,  735,  344,  207,  400,  404,  747,  139,  437,  449,  847,  464,  784,  264,  580,  634,  504,  323,  306,  317,  473,  570,  361,  694,  486,  362,  631,  506,  161,  606,  314,  853,  682,  138,  242,  303,  492,  315,  125,   53,  335,  542,  518,  606,  337,  432,  332,  806,  491,  616,  212,  196,  737,  226,  324,  201,  920,  879,  572,  204,  508,  240],
        [  666,    0,  374,  449,   61,  359,  835,  631,  178,  769,  479,  681,  802,  728,  318,  402,  310,  324,  831,  975,  535,  625,  531,  337,    0,  221,  617,   83,  781,   38,  646,  383,  814, 1007,  784,  715,  295,  479,  695,  363,  227,  634,  722,  451, 1077,  206,  203,  874, 1036,  268,  203,  285,  593,  685,  761,  562,  164,  986,  701,  617,  849,  640,  671,  642,  974,  899,  340,  509,  912,  442,  174,  846,  450,  464,  772,  468,  809,  505,  386,  595,  885, 1077,  324,  926,  564,  773,  575,  570,  605,  967,  237,  592,  801,  903,  204,  509,  461,  583,  837,  477,  461,  957,  713,  315,  760,  593,  710,  867,  760,  442,  632,  318,  736,  648,  725,  949,  188,  183,  822,  685,  264,  805,  471,  222,  879,  105,  358,  574,  701,  288,  331,  159,  509,  546,  855,  998,  259,  543,  625,  553,  856,  223,  741,  738,  818,  291,  888,  324,  868,  840,  492,  295,  574,  547,  753,  774,  407,  828,  806,  688,  916,  297,  442,  425,  643,  897,  936,  292,  567,  157,  747,  647,  461,  303,  614,  212,  191,  869,   68,  767,  643,  774,  749,  819,  358,  516, 1008,  323,  654,  491,  877,  901,  512,  531,  593,  169],
        [  553,    0,  276,  466,  215,  236,  835,  562,  345,  834,  494,  798,  722,  792,  464,  614,  313,  237,  773, 1043,  534,  685,  403,  522,  221,    0,  688,  289,  941,  255,  543,  314,  927, 1108,  971,  923,  438,  631,  678,  511,  262,  624,  924,  616, 1147,  408,  159,  945, 1134,  352,  411,  271,  490,  849,  873,  604,   57, 1054,  845,  661,  738,  605,  686,  770, 1062,  795,  407,  719,  871,  577,  198,  845,  319,  343,  971,  600,  722,  484,  559,  765,  989, 1145,  405, 1008,  777,  945,  765,  490,  473, 1034,   73,  741,  768,  930,  314,  717,  614,  773,  845,  637,  648, 1010,  848,  528,  924,  799,  619,  797,  954,  560,  554,  310,  668,  760,  930, 1026,  119,  176,  749,  792,  390,  680,  627,   31,  979,  156,  356,  656,  807,  506,  166,   62,  498,  754,  766, 1080,  272,  718,  708,  599,  838,  431,  948,  854,  714,  198,  864,  395,  976,  889,  450,  326,  689,  644,  861,  826,  432,  829,  948,  883, 1019,  161,  649,  269,  835,  834, 1013,  506,  725,  233,  837,  836,  644,  477,  732,   92,   77,  957,  274,  936,  783,  672,  840,  868,  460,  672, 1096,  416,  814,  698,  760,  823,  430,  724,  592,  291],
        [  534,    0,  488,  241,  561,  536,  305,  401,  454,  153,  223,  184,  496,  111,  332,  554,  379,  493,  451,  361,  230,   37,  538,  412,  617,  688,    0,  662,  417,  597,  497,  436,  271,  427,  553,  663,  345,  276,  271,  307,  430,  238,  619,  325,  464,  500,  788,  260,  450,  354,  522,  422,  483,  380,  223,  111,  656,  371,  297,   82,  613,  310,  178,  204,  375,  624,  286,  577,  460,  238,  498,  315,  539,  520,  624,  219,  521,  289,  364,  367,  314,  463,  296,  320,  619,  464,  457,  421,  569,  352,  628,  270,  365,  312,  414,  551,  282,  460,  288,  306,  410,  341,  269,  540,  419,  570,  487,  505,  585,  204,  425,  385,  428,  149,  646,  339,  570,  515,  486,  151,  357,  632,  290,  660,  300,  700,  344,   51,  160,  581,  608,  667,  265,  569,  554,  392,  416,  371,   39,  105,  361,  522,  663,  218,  576,  517,  398,  300,  307,  229,  342,  363,  144,   97,  205,  162,  264,  297,  358,  546,  342,  572,  526,  592,  503,  508,  326,  547,  302,  480,  156,  485,  394,  392,  159,  755,  729,  270,  656,  446,  252,  547,  161,  209,  261,  289,  408,  294,  340,  538,  651,  550,  429,  462,  214,  449],
        [  748,    0,  456,  514,  137,  442,  898,  708,  209,  814,  544,  707,  879,  773,  344,  365,  384,  407,  905, 1016,  603,  675,  613,  335,   83,  289,  662,    0,  783,   75,  727,  464,  839, 1034,  768,  679,  324,  493,  763,  385,  301,  701,  692,  458, 1117,  198,  228,  915, 1065,  326,  186,  362,  674,  685,  788,  618,  236, 1026,  713,  671,  929,  712,  733,  664, 1008,  979,  397,  472,  983,  467,  254,  908,  533,  547,  745,  493,  887,  576,  390,  593,  913, 1117,  378,  963,  524,  768,  560,  649,  688, 1008,  316,  604,  871,  958,  260,  476,  475,  567,  898,  485,  452, 1003,  730,  282,  760,  562,  790,  943,  738,  475,  710,  393,  812,  676,  691,  988,  271,  265,  898,  715,  306,  886,  483,  295,  909,  145,  431,  617,  731,  245,  412,  228,  579,  513,  934, 1034,  334,  540,  666,  607,  922,  202,  707,  764,  898,  374,  955,  382,  895,  889,  568,  364,  603,  585,  781,  822,  473,  890,  818,  665,  944,  379,  412,  507,  624,  972,  974,  257,  575,  231,  783,  630,  455,  312,  641,  259,  244,  904,   16,  764,  659,  854,  784,  869,  403,  526, 1042,  373,  659,  460,  958,  977,  592,  514,  659,  225],
        [  944,    0,  832,  607,  747,  871,  672,  813,  609,  427,  603,  235,  910,  428,  478,  477,  689,  817,  858,  485,  633,  451,  923,  449,  781,  941,  417,  783,    0,  748,  906,  786,  238,  373,  171,  357,  504,  311,  684,  431,  695,  655,  298,  331,  541,  585,  983,  428,  406,  601,  597,  725,  886,   99,  240,  517,  892,  489,  121,  499, 1028,  725,  589,  218,  406, 1038,  569,  416,  844,  370,  748,  679,  903,  890,  269,  351,  935,  682,  396,  191,  299,  545,  559,  407,  417,   66,  255,  824,  966,  486,  903,  204,  766,  608,  628,  391,  328,  250,  645,  307,  336,  530,  149,  529,   29,  342,  903,  911,  228,  399,  837,  701,  844,  268,  330,  439,  831,  773,  898,  273,  552, 1048,  316,  922,  314,  885,  677,  399,  271,  579,  923,  898,  659,  378,  967,  446,  701,  244,  378,  505,  739,  583,  339,  224,  992,  827,  772,  575,  275,  501,  731,  656,  301,  371,  257,  472,  609,  666,  102,  238,  315,  879,  422,  941,  232,  907,  431,  550,  217,  709,  330,  210,  330,  479,  267,  978,  953,  360,  785,   50,  178,  963,  324,  497,  498,  270,  429,  541,  128,  393, 1067,  956,  819,  299,  628,  651],
        [  677,    0,  387,  441,   65,  377,  825,  634,  150,  749,  471,  654,  806,  708,  290,  365,  310,  338,  831,  954,  529,  608,  546,  302,   38,  255,  597,   75,  748,    0,  655,  392,  787,  980,  748,  678,  267,  448,  689,  334,  227,  627,  685,  418, 1056,  169,  238,  853, 1010,  254,  166,  289,  602,  651,  735,  548,  198,  964,  670,  602,  858,  638,  661,  614,  950,  907,  326,  472,  909,  414,  183,  836,  467,  480,  735,  440,  814,  502,  352,  560,  859, 1056,  309,  903,  527,  739,  539,  576,  620,  946,  266,  561,  797,  889,  189,  472,  430,  547,  826,  444,  426,  938,  683,  278,  726,  556,  717,  869,  723,  417,  637,  319,  738,  621,  688,  927,  211,  196,  824,  659,  242,  816,  439,  254,  853,  141,  357,  553,  675,  252,  356,  194,  505,  509,  861,  975,  260,  509,  604,  538,  849,  186,  704,  711,  826,  308,  882,  311,  841,  823,  494,  290,  547,  524,  727,  756,  400,  818,  775,  651,  889,  319,  405,  446,  606,  898,  913,  255,  535,  157,  723,  610,  426,  270,  587,  249,  228,  845,   63,  733,  613,  782,  725,  802,  338,  484,  984,  305,  621,  454,  887,  904,  520,  495,  586,  154],
