{
    "name": "random-59-11134",
    "comment": "size=59 seed=11134",
    "nodes": ["+0", "-0", "+1", "-1", "+2", "-2", "+3", "-3", "+4", "-4", "+5", "-5", "+6", "-6", "+7", "-7", "+8", "-8", "+9", "-9", "+10", "-10", "+11", "-11", "+12", "-12", "+13", "-13", "+14", "-14", "+15", "-15", "+16", "-16", "+17", "-17", "+18", "-18", "+19", "-19", "+20", "-20", "+21", "-21", "+22", "-22", "+23", "-23", "+24", "-24", "+25", "-25", "+26", "-26", "+27", "-27", "+28", "-28", "+29", "-29", "+30", "-30", "+31", "-31", "+32", "-32", "+33", "-33", "+34", "-34", "+35", "-35", "+36", "-36", "+37", "-37", "+38", "-38", "+39", "-39", "+40", "-40", "+41", "-41", "+42", "-42", "+43", "-43", "+44", "-44", "+45", "-45", "+46", "-46", "+47", "-47", "+48", "-48", "+49", "-49", "+50", "-50", "+51", "-51", "+52", "-52", "+53", "-53", "+54", "-54", "+55", "-55", "+56", "-56", "+57", "-57", "+58", "-58", "+59", "-59"],
    "precedence": {
        "+0": "-0",
        "+1": "-1",
        "+2": "-2",
        "+3": "-3",
        "+4": "-4",
        "+5": "-5",
        "+6": "-6",
        "+7": "-7",
        "+8": "-8",
        "+9": "-9",
        "+10": "-10",
        "+11": "-11",
        "+12": "-12",
        "+13": "-13",
        "+14": "-14",
        "+15": "-15",
        "+16": "-16",
        "+17": "-17",
        "+18": "-18",
        "+19": "-19",
        "+20": "-20",
        "+21": "-21",
        "+22": "-22",
        "+23": "-23",
        "+24": "-24",
        "+25": "-25",
        "+26": "-26",
        "+27": "-27",
        "+28": "-28",
        "+29": "-29",
        "+30": "-30",
        "+31": "-31",
        "+32": "-32",
        "+33": "-33",
        "+34": "-34",
        "+35": "-35",
        "+36": "-36",
        "+37": "-37",
        "+38": "-38",
        "+39": "-39",
        "+40": "-40",
        "+41": "-41",
        "+42": "-42",
        "+43": "-43",
        "+44": "-44",
        "+45": "-45",
        "+46": "-46",
        "+47": "-47",
        "+48": "-48",
        "+49": "-49",
        "+50": "-50",
        "+51": "-51",
        "+52": "-52",
        "+53": "-53",
        "+54": "-54",
        "+55": "-55",
        "+56": "-56",
        "+57": "-57",
        "+58": "-58",
        "+59": "-59"
    },
    "edges": [
        [    0,    0,  566,  601,  329,  855,  394,  194,  610,  483,  566,  780,  763,  256,  606,  522,   65,  577,  479,  678,  405,  899,  572,  716,  574,  501,  533,  717,  327,  824,  116,  480,  308,  721,  729,  424,   44,  816,  439,  716,  536,  773,  610,  935,  128,  446,   92,  936,  451, 1141, 1040,  513,  368,   91,  622,  640,  115,  788,  566,  724,  668,  119,  462,  726,  858,  534,  440,  874,  150,  794,  144,  784,  212,  156,  875,  712, 1077,  305,  428,  266,  275,  870,  212,  388,  710,  570,  690,  582,   71,  180,  277,  853,  222,  457,  291,  350,  926,  125,  491,  588,  440,  129,  331,  664,  812,  581,  767,  477,  142,  438,  450,  752,  522,  980,  661,  987,  545,  140,  289,  777],
        [    0,    0,    0,    0,    0,    0,    0,    0,    0,    0,    0,    0,    0,    0,    0,    0,    0,    0,    0,    0,    0,    0,    0,    0,    0,    0,    0,    0,    0,    0,    0,    0,    0,    0,    0,    0,    0,    0,    0,    0,    0,    0,    0,    0,    0,    0,    0,    0,    0,    0,    0,    0,    0,    0,    0,    0,    0,    0,    0,    0,    0,    0,    0,    0,    0,    0,    0,    0,    0,    0,    0,    0,    0,    0,    0,    0,    0,    0,    0,    0,    0,    0,    0,    0,    0,    0,    0,    0,    0,    0,    0,    0,    0,    0,    0,    0,    0,    0,    0,    0,    0,    0,    0,    0,    0,    0,    0,    0,    0,    0,    0,    0,    0,    0,    0,    0,    0,    0,    0,    0],
        [  566,    0,    0,  266,  417,  684,  594,  667,  172,  121,   87,  369,  391,  629,  184,  609,  579,  115,  166,  328,  205,  642,  493,  748,  781,  707,   34,  257,  598,  278,  672,  726,  344,  781,  193,  557,  571,  696,  336,  431,  785,  228,  616,  432,  549,  590,  484,  600,  383,  754,  582,   53,  258,  638,  643,  174,  559,  763,  524,  276,  174,  602,  321,  199,  487,  162,  744,  667,  677,  270,  495,  406,  355,  716,  502,  754,  735,  722,  329,  663,  611,  583,  389,  582,  870,  522,  858,   57,  518,  455,  315,  356,  364,  113,  279,  593,  686,  616,  782,  264,  518,  692,  526,  844,  870,  663,  775,  237,  494,  248,  116,  256,  640,  703,  255,  547,  116,  705,  712,  395],
        [  601,    0,  266,    0,  317,  419,  447,  624,  104,  352,  179,  179,  167,  550,  449,  409,  641,  152,  158,   83,  218,  386,  259,  507,  592,  531,  257,  144,  483,  308,  679,  563,  508,  545,  235,  393,  625,  432,  187,  170,  612,  273,  385,  352,  528,  420,  510,  368,  212,  556,  439,  262,  238,  690,  412,  436,  543,  509,  296,  140,  159,  585,  160,  432,  269,  417,  602,  404,  661,  254,  479,  188,  420,  724,  286,  515,  512,  637,  193,  585,  521,  332,  503,  438,  654,  292,  646,  214,  582,  435,  446,  274,  473,  255,  342,  466,  428,  597,  627,   14,  345,  728,  407,  637,  626,  449,  526,  474,  480,  469,  282,  500,  445,  454,   74,  386,  154,  727,  632,  180],
        [  329,    0,  417,  317,    0,  530,  182,  309,  368,  408,  368,  487,  459,  235,  551,  247,  383,  363,  262,  380,  213,  572,  246,  435,  384,  305,  386,  455,  184,  601,  380,  316,  402,  453,  512,  161,  364,  497,  131,  397,  377,  556,  309,  668,  226,  195,  246,  614,  126,  822,  744,  373,  162,  418,  328,  564,  242,  491,  246,  455,  436,  279,  158,  614,  547,  485,  328,  547,  352,  555,  187,  480,  237,  423,  562,  435,  753,  325,  125,  270,  209,  544,  337,  170,  497,  249,  481,  401,  338,  149,  327,  590,  313,  316,  216,  176,  598,  290,  367,  304,  144,  441,  110,  461,  549,  311,  480,  484,  189,  456,  331,  666,  265,  652,  388,  688,  334,  433,  319,  475],
        [  855,    0,  684,  419,  530,    0,  508,  779,  517,  765,  598,  387,  338,  676,  868,  376,  912,  570,  557,  365,  590,  128,  284,  274,  493,  489,  675,  482,  581,  634,  885,  535,  881,  313,  605,  455,  892,   72,  452,  259,  544,  625,  276,  549,  740,  450,  775,  249,  420,  418,  486,  679,  578,  943,  282,  854,  756,  203,  291,  461,  549,  783,  442,  838,  307,  834,  603,   54,  842,  575,  711,  337,  744,  922,  305,  286,  318,  727,  466,  700,  643,  174,  843,  507,  456,  286,  463,  632,  867,  678,  808,  522,  815,  661,  688,  554,  110,  790,  593,  422,  423,  957,  538,  473,  336,  349,  245,  883,  713,  873,  688,  907,  401,  181,  443,  435,  572,  942,  731,  346],
        [  394,    0,  594,  447,  182,  508,    0,  275,  521,  589,  537,  593,  554,  171,  732,  137,  458,  528,  433,  489,  392,  586,  258,  324,  208,  127,  564,  590,   76,  750,  392,  134,  561,  327,  667,   60,  437,  455,  272,  467,  196,  709,  236,  789,  267,   59,  341,  660,  237,  870,  834,  552,  342,  471,  240,  745,  281,  401,  231,  585,  588,  295,  296,  792,  622,  666,  157,  541,  342,  699,  264,  572,  389,  423,  635,  320,  786,  224,  274,  193,  138,  579,  481,   12,  333,  237,  315,  572,  432,  254,  489,  716,  463,  497,  390,   48,  600,  299,  189,  435,  108,  470,   82,  292,  419,  190,  376,  662,  267,  631,  512,  845,  129,  665,  520,  775,  502,  449,  226,  571],
        [  194,    0,  667,  624,  309,  779,  275,    0,  664,  611,  644,  796,  767,  105,  747,  412,  250,  647,  541,  689,  474,  848,  512,  591,  412,  350,  634,  759,  200,  894,  130,  319,  479,  586,  801,  325,  233,  729,  440,  698,  366,  845,  510,  975,  122,  334,  212,  908,  430, 1119, 1052,  616,  424,  234,  515,  775,  116,  673,  494,  760,  729,   81,  466,  850,  851,  675,  265,  809,   72,  853,  174,  788,  337,  152,  866,  585, 1042,  114,  432,   92,  138,  832,  381,  274,  549,  499,  528,  669,  260,  213,  430,  895,  381,  555,  394,  228,  866,   71,  314,  611,  359,  212,  247,  501,  670,  460,  644,  634,  175,  596,  558,  887,  399,  928,  694,  995,  615,  183,   99,  783],
        [  610,    0,  172,  104,  368,  517,  521,  664,    0,  275,   89,  207,  221,  602,  354,  500,  640,   60,  132,  157,  206,  470,  359,  610,  682,  617,  172,  111,  546,  234,  701,  644,  464,  647,  147,  472,  627,  534,  249,  260,  697,  190,  485,  326,  557,  501,  520,  432,  286,  598,  448,  183,  246,  694,  512,  338,  570,  613,  394,  124,   69,  613,  225,  329,  321,  332,  677,  497,  691,  190,  504,  239,  410,  746,  337,  617,  570,  692,  249,  637,  576,  411,  478,  511,  751,  391,  743,  117,  579,  460,  412,  243,  449,  197,  328,  533,  514,  627,  706,  108,  426,  739,  469,  733,  730,  545,  630,  398,  504,  401,  221,  396,  535,  532,   84,  404,   80,  744,  685,  228],
        [  483,    0,  121,  352,  408,  765,  589,  611,  275,    0,  188,  480,  496,  591,  144,  631,  487,  216,  211,  425,  207,  737,  541,  791,  789,  711,  106,  372,  578,  396,  596,  723,  229,  820,  313,  563,  481,  767,  363,  521,  785,  346,  656,  553,  490,  597,  412,  706,  412,  869,  702,   93,  250,  547,  682,  165,  497,  818,  567,  390,  291,  539,  356,  244,  595,   79,  730,  754,  609,  391,  439,  513,  279,  638,  612,  795,  844,  682,  353,  623,  579,  681,  288,  578,  892,  566,  878,  171,  427,  405,  214,  477,  267,  108,  220,  578,  779,  552,  772,  346,  532,  604,  513,  861,  913,  690,  824,  123,  437,  128,   84,  276,  658,  803,  358,  665,  201,  622,  670,  503],
        [  566,    0,   87,  179,  368,  598,  537,  644,   89,  188,    0,  293,  310,  594,  271,  539,  589,   30,  107,  243,  170,  557,  413,  668,  716,  644,   84,  187,  551,  258,  665,  667,  387,  703,  164,  495,  578,  610,  270,  344,  724,  207,  538,  386,  530,  527,  479,  520,  315,  683,  523,   95,  221,  646,  565,  259,  542,  680,  446,  204,  112,  585,  251,  267,  408,  244,  692,  580,  662,  232,  476,  327,  358,  710,  425,  675,  657,  686,  265,  629,  572,  499,  413,  527,  797,  443,  787,   39,  527,  433,  343,  305,  385,  121,  276,  542,  600,  599,  726,  178,  454,  695,  476,  774,  790,  589,  693,  310,  475,  314,  142,  331,  572,  620,  172,  483,   36,  704,  678,  316],
        [  780,    0,  369,  179,  487,  387,  593,  796,  207,  480,  293,    0,   52,  716,  541,  524,  819,  265,  322,  108,  390,  303,  359,  566,  705,  657,  375,  116,  641,  247,  857,  694,  668,  609,  230,  536,  803,  428,  357,  155,  735,  242,  470,  200,  705,  555,  689,  235,  370,  392,  260,  388,  416,  868,  494,  514,  720,  539,  397,   95,  199,  760,  331,  474,  120,  530,  743,  351,  836,  189,  656,   51,  596,  901,  135,  577,  366,  799,  365,  749,  685,  239,  674,  586,  737,  391,  734,  313,  759,  612,  612,  144,  644,  402,  516,  621,  349,  773,  760,  192,  486,  906,  567,  732,  673,  548,  569,  602,  657,  607,  427,  543,  561,  348,  129,  208,  286,  905,  795,   42],
        [  763,    0,  391,  167,  459,  338,  554,  767,  221,  496,  310,   52,    0,  683,  568,  478,  805,  281,  321,   86,  385,  262,  314,  515,  657,  612,  393,  150,  605,  296,  834,  650,  672,  557,  271,  496,  788,  377,  331,  104,  690,  288,  420,  248,  681,  514,  672,  211,  338,  389,  285,  403,  404,  852,  444,  545,  697,  487,  351,  128,  228,  736,  305,  512,  103,  551,  701,  305,  811,  237,  634,   22,  587,  878,  120,  525,  350,  764,  340,  716,  652,  199,  670,  547,  687,  345,  684,  335,  747,  591,  612,  196,  640,  410,  509,  584,  308,  748,  716,  179,  447,  887,  533,  682,  621,  499,  517,  619,  635,  620,  436,  581,  516,  315,  138,  229,  297,  884,  761,   17],
        [  256,    0,  629,  550,  235,  676,  171,  105,  602,  591,  594,  716,  683,    0,  733,  308,  319,  593,  488,  608,  427,  749,  413,  488,  321,  252,  597,  689,   96,  834,  226,  226,  498,  485,  744,  222,  299,  625,  364,  608,  280,  788,  406,  901,  139,  229,  236,  813,  346, 1024,  968,  580,  375,  319,  410,  756,  146,  569,  393,  689,  669,  141,  391,  821,  762,  662,  185,  707,  174,  790,  169,  703,  336,  255,  777,  482,  945,   93,  359,   36,   34,  735,  403,  170,  458,  399,  437,  623,  311,  190,  437,  824,  395,  520,  373,  124,  765,  141,  236,  537,  260,  308,  152,  410,  571,  356,  541,  634,  172,  599,  527,  864,  295,  829,  622,  910,  562,  283,   84,  700],
        [  606,    0,  184,  449,  551,  868,  732,  747,  354,  144,  271,  541,  568,  733,    0,  768,  600,  299,  333,  511,  345,  823,  667,  921,  931,  853,  196,  426,  722,  388,  721,  866,  316,  952,  330,  704,  598,  879,  497,  614,  927,  348,  787,  562,  626,  738,  542,  775,  545,  914,  726,  198,  391,  660,  813,   46,  632,  941,  696,  447,  343,  672,  487,  147,  660,   73,  873,  850,  740,  405,  576,  582,  411,  761,  675,  926,  904,  823,  488,  764,  721,  763,  398,  720, 1030,  694, 1017,  238,  544,  545,  330,  498,  384,  240,  361,  722,  868,  686,  916,  447,  672,  720,  656, 1000, 1043,  826,  950,  144,  574,  180,  221,  149,  797,  882,  435,  699,  298,  741,  810,  571],
        [  522,    0,  609,  409,  247,  376,  137,  412,  500,  631,  539,  524,  478,  308,  768,    0,  585,  523,  444,  428,  425,  465,  166,  196,  185,  135,  584,  546,  212,  715,  528,  176,  648,  208,  642,  100,  564,  320,  274,  381,  212,  681,  101,  724,  397,   79,  460,  550,  226,  757,  744,  576,  383,  603,  103,  774,  412,  267,  129,  536,  564,  430,  289,  804,  530,  710,  237,  413,  479,  659,  384,  494,  481,  560,  540,  194,  667,  352,  282,  328,  275,  466,  579,  140,  262,  135,  250,  576,  553,  365,  573,  659,  557,  529,  461,  185,  473,  435,  242,  399,  103,  606,  192,  236,  304,   65,  246,  722,  387,  696,  549,  864,   38,  541,  477,  685,  503,  585,  356,  495],
        [   65,    0,  579,  641,  383,  912,  458,  250,  640,  487,  589,  819,  805,  319,  600,  585,    0,  603,  509,  720,  435,  952,  628,  779,  638,  565,  548,  749,  391,  845,  148,  544,  290,  785,  752,  486,   22,  876,  487,  764,  599,  794,  671,  966,  192,  509,  138,  984,  503, 1187, 1077,  528,  404,   61,  684,  637,  179,  850,  624,  758,  695,  180,  508,  728,  902,  529,  502,  930,  196,  819,  204,  826,  232,  175,  919,  776, 1126,  363,  475,  327,  339,  921,  202,  451,  774,  628,  754,  602,   63,  235,  274,  883,  220,  474,  314,  414,  980,  185,  553,  628,  501,  121,  393,  728,  876,  645,  830,  465,  201,  425,  464,  748,  585, 1033,  697, 1026,  571,  147,  348,  819],
        [  577,    0,  115,  152,  363,  570,  528,  647,   60,  216,   30,  265,  281,  593,  299,  523,  603,    0,  106,  214,  176,  528,  392,  647,  702,  632,  113,  162,  546,  249,  673,  656,  411,  682,  155,  484,  591,  583,  258,  316,  712,  199,  518,  367,  535,  515,  489,  491,  301,  656,  499,  124,  223,  659,  545,  285,  548,  656,  426,  178,   93,  591,  237,  288,  380,  273,  683,  552,  668,  217,  481,  298,  372,  719,  396,  653,  629,  685,  255,  628,  570,  470,  432,  517,  779,  423,  769,   63,  541,  438,  363,  285,  403,  143,  289,  535,  572,  605,  716,  152,  441,  706,  470,  757,  768,  572,  670,  339,  481,  342,  165,  353,  556,  591,  143,  457,   33,  714,  677,  287],
        [  479,    0,  166,  158,  262,  557,  433,  541,  132,  211,  107,  322,  321,  488,  333,  444,  509,  106,    0,  240,   74,  538,  335,  588,  616,  543,  141,  241,  445,  353,  571,  564,  351,  620,  260,  393,  496,  557,  171,  322,  622,  304,  455,  457,  430,  426,  389,  525,  218,  709,  574,  135,  118,  563,  481,  333,  443,  610,  364,  250,  192,  487,  156,  363,  424,  285,  586,  549,  564,  317,  377,  341,  280,  616,  441,  594,  669,  580,  164,  523,  466,  487,  353,  422,  705,  362,  693,  140,  448,  333,  292,  375,  323,  105,  197,  436,  579,  500,  621,  149,  354,  608,  369,  679,  711,  498,  618,  327,  376,  318,  132,  421,  475,  609,  194,  526,   75,  613,  572,  332],
        [  678,    0,  328,   83,  380,  365,  489,  689,  157,  425,  243,  108,   86,  608,  511,  428,  720,  214,  240,    0,  301,  314,  266,  495,  612,  559,  326,  129,  534,  299,  752,  594,  590,  536,  248,  432,  703,  389,  250,  106,  638,  276,  385,  300,  599,  454,  587,  287,  263,  474,  365,  334,  319,  768,  411,  493,  615,  483,  305,  114,  185,  655,  224,  474,  186,  486,  640,  341,  730,  240,  552,  107,  502,  796,  203,  505,  430,  692,  259,  642,  578,  257,  585,  481,  656,  299,  651,  273,  662,  508,  529,  232,  555,  334,  424,  515,  358,  667,  660,   95,  383,  803,  460,  646,  609,  458,  506,  548,  552,  546,  360,  543,  466,  378,   79,  310,  225,  801,  688,  100],
        [  405,    0,  205,  218,  213,  590,  392,  474,  206,  207,  170,  390,  385,  427,  345,  425,  435,  176,   74,  301,    0,  585,  342,  587,  587,  510,  174,  314,  394,  424,  498,  526,  297,  615,  330,  360,  422,  581,  159,  372,  586,  375,  452,  531,  360,  395,  315,  583,  206,  774,  645,  160,   53,  489,  477,  355,  372,  619,  365,  323,  265,  416,  156,  402,  487,  286,  540,  587,  493,  390,  306,  405,  207,  544,  504,  591,  728,  520,  147,  462,  408,  538,  285,  381,  686,  364,  673,  197,  374,  263,  231,  449,  255,  106,  126,  389,  623,  430,  580,  207,  327,  534,  322,  656,  708,  484,  622,  307,  306,  289,  124,  454,  453,  659,  264,  596,  143,  540,  511,  397],
        [  899,    0,  642,  386,  572,  128,  586,  848,  470,  737,  557,  303,  262,  749,  823,  465,  952,  528,  538,  314,  585,    0,  337,  395,  603,  589,  639,  411,  656,  545,  944,  634,  881,  436,  532,  529,  933,  197,  471,  217,  651,  544,  370,  438,  793,  531,  814,  123,  450,  299,  361,  646,  585,  989,  382,  803,  809,  329,  357,  390,  488,  841,  454,  773,  201,  799,  699,   75,  907,  489,  758,  253,  763,  984,  195,  407,  204,  810,  484,  776,  715,   65,  858,  584,  579,  351,  584,  586,  902,  720,  813,  424,  828,  640,  697,  629,   47,  850,  696,  392,  490, 1011,  602,  592,  463,  450,  371,  859,  760,  854,  667,  842,  494,   81,  389,  312,  537,  999,  812,  264],
        [  572,    0,  493,  259,  246,  284,  258,  512,  359,  541,  413,  359,  314,  413,  667,  166,  628,  392,  335,  266,  342,  337,    0,  255,  346,  299,  473,  389,  322,  560,  608,  338,  615,  290,  493,  198,  608,  255,  186,  217,  377,  529,  127,  559,  459,  208,  492,  403,  145,  613,  583,  470,  317,  660,  154,  665,  475,  278,   39,  377,  417,  506,  187,  679,  369,  618,  393,  304,  570,  502,  428,  329,  467,  647,  380,  262,  532,  480,  200,  442,  380,  323,  567,  253,  396,   34,  389,  451,  583,  394,  540,  496,  540,  434,  419,  297,  358,  514,  404,  252,  155,  677,  265,  382,  377,  193,  284,  648,  430,  630,  459,  744,  203,  418,  322,  524,  379,  664,  481,  330],
        [  716,    0,  748,  507,  435,  274,  324,  591,  610,  791,  668,  566,  515,  488,  921,  196,  779,  647,  588,  495,  587,  395,  255,    0,  230,  252,  728,  624,  397,  794,  713,  294,  835,   43,  737,  295,  758,  203,  429,  412,  286,  770,  135,  759,  589,  270,  655,  508,  381,  691,  735,  723,  553,  794,  111,  920,  604,   90,  225,  608,  664,  619,  435,  934,  529,  869,  364,  325,  661,  734,  579,  523,  671,  742,  535,   13,  592,  512,  440,  502,  458,  423,  771,  329,  185,  227,  190,  706,  748,  560,  759,  710,  748,  685,  643,  371,  384,  622,  341,  502,  292,  793,  387,  199,  123,  135,   54,  892,  582,  871,  708,  998,  195,  455,  563,  678,  634,  770,  520,  528],
        [  574,    0,  781,  592,  384,  493,  208,  412,  682,  789,  716,  705,  657,  321,  931,  185,  638,  702,  616,  612,  587,  603,  346,  230,    0,   81,  754,  730,  254,  899,  541,   95,  768,  206,  825,  227,  617,  425,  447,  557,   58,  865,  244,  904,  450,  193,  537,  704,  402,  902,  914,  744,  540,  639,  225,  941,  461,  319,  308,  720,  747,  462,  466,  978,  700,  868,  153,  540,  483,  843,  460,  671,  596,  561,  709,  220,  806,  313,  453,  322,  300,  618,  686,  219,  138,  314,  117,  753,  623,  457,  697,  842,  669,  692,  597,  238,  601,  460,  117,  583,  263,  623,  290,   90,  269,  161,  278,  868,  463,  838,  710, 1036,  148,  671,  662,  855,  680,  594,  325,  673],
        [  501,    0,  707,  531,  305,  489,  127,  350,  617,  711,  644,  657,  612,  252,  853,  135,  565,  632,  543,  559,  510,  589,  299,  252,   81,    0,  679,  672,  176,  839,  477,   46,  688,  240,  761,  151,  544,  426,  375,  515,   82,  802,  219,  856,  375,  118,  459,  681,  332,  885,  878,  668,  462,  570,  209,  864,  387,  339,  263,  664,  683,  392,  396,  905,  664,  789,  115,  531,  421,  784,  382,  627,  515,  501,  674,  244,  793,  262,  380,  259,  228,  595,  605,  138,  211,  269,  192,  681,  546,  377,  616,  790,  589,  615,  516,  158,  593,  392,  108,  521,  192,  559,  209,  167,  320,  141,  305,  787,  385,  758,  632,  961,   99,  662,  602,  819,  609,  532,  271,  628],
        [  533,    0,   34,  257,  386,  675,  564,  634,  172,  106,   84,  375,  393,  597,  196,  584,  548,  113,  141,  326,  174,  639,  473,  728,  754,  679,    0,  266,  567,  305,  639,  697,  319,  760,  216,  529,  539,  684,  311,  425,  757,  254,  595,  452,  516,  562,  452,  603,  358,  764,  598,   21,  226,  607,  621,  192,  526,  746,  503,  284,  186,  569,  297,  228,  491,  161,  714,  660,  644,  292,  462,  410,  322,  683,  507,  733,  740,  690,  303,  631,  579,  582,  360,  553,  845,  501,  833,   67,  486,  422,  286,  374,  334,   80,  246,  562,  682,  583,  752,  254,  492,  660,  495,  818,  850,  639,  756,  227,  461,  234,   84,  283,  615,  703,  256,  560,  104,  673,  680,  399],
        [  717,    0,  257,  144,  455,  482,  590,  759,  111,  372,  187,  116,  150,  689,  426,  546,  749,  162,  241,  129,  314,  411,  389,  624,  730,  672,  266,    0,  625,  172,  804,  704,  572,  664,  124,  536,  735,  513,  327,  227,  753,  148,  511,  219,  657,  562,  626,  350,  355,  498,  339,  281,  350,  802,  537,  399,  671,  611,  427,   22,   84,  713,  301,  363,  235,  417,  745,  452,  791,  114,  605,  160,  520,  849,  250,  633,  480,  778,  331,  724,  662,  348,  588,  581,  782,  422,  776,  202,  688,  561,  522,  138,  559,  304,  437,  609,  457,  726,  769,  156,  488,  845,  549,  770,  738,  581,  635,  492,  605,  499,  327,  432,  583,  462,   71,  296,  189,  849,  772,  149],
        [  327,    0,  598,  483,  184,  581,   76,  200,  546,  578,  551,  641,  605,   96,  722,  212,  391,  546,  445,  534,  394,  656,  322,  397,  254,  176,  567,  625,    0,  779,  317,  164,  522,  397,  692,  127,  370,  529,  300,  524,  226,  735,  311,  832,  200,  134,  283,  724,  273,  935,  888,  553,  341,  400,  315,  740,  213,  476,  299,  622,  614,  223,  326,  795,  679,  653,  152,  613,  267,  731,  206,  624,  352,  348,  692,  392,  853,  161,  298,  121,   63,  645,  435,   74,  387,  305,  367,  584,  371,  207,  454,  756,  421,  495,  368,   28,  671,  226,  198,  471,  168,  396,   78,  342,  486,  264,  450,  639,  210,  606,  506,  844,  202,  735,  556,  829,  517,  374,  160,  621],
        [  824,    0,  278,  308,  601,  634,  750,  894,  234,  396,  258,  247,  296,  834,  388,  715,  845,  249,  353,  299,  424,  545,  560,  794,  899,  839,  305,  172,  779,    0,  922,  869,  621,  835,   95,  699,  835,  672,  481,  390,  920,   52,  682,  177,  783,  726,  736,  457,  514,  548,  345,  325,  471,  903,  709,  349,  796,  777,  598,  186,  166,  839,  455,  275,  347,  410,  906,  597,  917,   60,  729,  297,  615,  967,  357,  803,  561,  925,  482,  869,  809,  481,  663,  740,  953,  593,  948,  245,  783,  686,  590,  131,  636,  372,  534,  765,  590,  853,  933,  318,  652,  952,  702,  941,  907,  752,  803,  498,  729,  517,  386,  336,  752,  579,  239,  330,  282,  961,  918,  288],
        [  116,    0,  672,  679,  380,  885,  392,  130,  701,  596,  665,  857,  834,  226,  721,  528,  148,  673,  571,  752,  498,  944,  608,  713,  541,  477,  639,  804,  317,  922,    0,  447,  423,  711,  827,  434,  138,  839,  504,  776,  495,  871,  623, 1022,  154,  449,  188,  993,  506, 1202, 1116,  619,  455,  113,  630,  754,  138,  792,  595,  809,  762,  103,  529,  839,  925,  648,  394,  911,   60,  888,  201,  855,  319,   46,  940,  708, 1131,  239,  494,  220,  256,  921,  328,  388,  678,  600,  657,  684,  185,  245,  392,  941,  337,  561,  394,  344,  966,   95,  442,  666,  462,   83,  348,  630,  796,  580,  766,  593,  200,  554,  557,  867,  519, 1025,  744, 1061,  641,   58,  225,  849],
        [  480,    0,  726,  563,  316,  535,  134,  319,  644,  723,  667,  694,  650,  226,  866,  176,  544,  656,  564,  594,  526,  634,  338,  294,   95,   46,  697,  704,  164,  869,  447,    0,  685,  280,  790,  173,  524,  471,  399,  554,   64,  831,  264,  893,  357,  144,  445,  724,  358,  929,  919,  685,  476,  544,  254,  879,  367,  382,  303,  697,  711,  367,  421,  924,  705,  800,   71,  577,  390,  816,  369,  666,  513,  469,  716,  286,  837,  224,  402,  228,  206,  639,  599,  146,  232,  309,  211,  703,  530,  370,  615,  825,  584,  630,  521,  152,  638,  366,   67,  552,  219,  529,  212,  184,  355,  186,  346,  793,  373,  762,  646,  979,  142,  707,  634,  860,  631,  501,  234,  666],
        [  308,    0,  344,  508,  402,  881,  561,  479,  464,  229,  387,  668,  672,  498,  316,  648,  290,  411,  351,  590,  297,  881,  615,  835,  768,  688,  319,  572,  522,  621,  423,  685,    0,  855,  535,  558,  291,  866,  432,  668,  747,  571,  705,  770,  367,  591,  269,  876,  471, 1059,  909,  300,  303,  349,  726,  356,  367,  884,  628,  586,  499,  399,  439,  453,  774,  250,  669,  882,  454,  611,  329,  691,  173,  459,  791,  836, 1020,  575,  418,  522,  498,  834,   99,  551,  892,  630,  874,  384,  240,  317,   76,  691,  103,  268,  196,  533,  919,  411,  718,  499,  546,  410,  480,  852,  951,  713,  878,  177,  326,  138,  246,  465,  665,  956,  540,  867,  384,  435,  561,  682],
        [  721,    0,  781,  545,  453,  313,  327,  586,  647,  820,  703,  609,  557,  485,  952,  208,  785,  682,  620,  536,  615,  436,  290,   43,  206,  240,  760,  664,  397,  835,  711,  280,  855,    0,  777,  305,  763,  242,  457,  454,  263,  810,  166,  801,  594,  278,  664,  550,  409,  731,  777,  755,  579,  797,  140,  952,  608,  119,  258,  649,  703,  620,  466,  969,  572,  899,  348,  365,  657,  775,  588,  566,  689,  738,  578,   32,  630,  502,  468,  496,  457,  465,  787,  334,  143,  260,  150,  741,  757,  571,  780,  752,  765,  715,  665,  373,  423,  622,  321,  540,  310,  792,  396,  163,   96,  144,   75,  919,  591,  896,  737, 1033,  201,  493,  603,  721,  669,  767,  511,  571],
        [  729,    0,  193,  235,  512,  605,  667,  801,  147,  313,  164,  230,  271,  744,  330,  642,  752,  155,  260,  248,  330,  532,  493,  737,  825,  761,  216,  124,  692,   95,  827,  790,  535,  777,    0,  618,  741,  635,  395,  350,  842,   45,  618,  241,  690,  647,  642,  461,  432,  585,  398,  235,  378,  809,  645,  297,  702,  730,  530,  144,   79,  746,  371,  245,  346,  338,  823,  575,  823,   79,  636,  279,  521,  872,  359,  746,  582,  836,  395,  779,  720,  468,  571,  657,  888,  526,  881,  153,  690,  593,  499,  170,  544,  280,  439,  679,  578,  759,  852,  243,  572,  858,  615,  872,  854,  683,  752,  422,  635,  438,  295,  313,  678,  578,  175,  370,  188,  867,  828,  268],
        [  424,    0,  557,  393,  161,  455,   60,  325,  472,  563,  495,  536,  496,  222,  704,  100,  486,  484,  393,  432,  360,  529,  198,  295,  227,  151,  529,  536,  127,  699,  434,  173,  558,  305,  618,    0,  465,  406,  227,  408,  229,  660,  190,  732,  299,   35,  361,  601,  186,  811,  774,  518,  313,  505,  199,  714,  314,  365,  173,  530,  539,  335,  249,  755,  562,  641,  210,  486,  389,  646,  285,  513,  388,  469,  575,  293,  728,  283,  230,  247,  188,  520,  485,   55,  337,  179,  321,  531,  454,  266,  484,  661,  464,  466,  376,  100,  544,  340,  235,  382,   50,  510,   93,  301,  400,  162,  345,  644,  288,  616,  483,  811,  108,  608,  466,  715,  460,  492,  284,  512],
        [   44,    0,  571,  625,  364,  892,  437,  233,  627,  481,  578,  803,  788,  299,  598,  564,   22,  591,  496,  703,  422,  933,  608,  758,  617,  544,  539,  735,  370,  835,  138,  524,  291,  763,  741,  465,    0,  855,  469,  746,  579,  783,  650,  952,  171,  488,  119,  966,  484, 1170, 1062,  519,  388,   69,  663,  634,  158,  829,  604,  743,  683,  161,  491,  723,  885,  527,  483,  910,  182,  808,  183,  809,  220,  170,  902,  755, 1108,  345,  457,  308,  318,  902,  200,  430,  754,  608,  733,  592,   55,  215,  270,  870,  215,  465,  302,  393,  961,  166,  533,  612,  480,  123,  372,  707,  855,  623,  809,  465,  180,  425,  456,  746,  564, 1014,  682, 1010,  559,  145,  330,  802],
        [  816,    0,  696,  432,  497,   72,  455,  729,  534,  767,  610,  428,  377,  625,  879,  320,  876,  583,  557,  389,  581,  197,  255,  203,  425,  426,  684,  513,  529,  672,  839,  471,  866,  242,  635,  406,  855,    0,  435,  286,  477,  659,  220,  602,  697,  396,  741,  315,  397,  489,  551,  685,  564,  903,  220,  868,  713,  133,  252,  494,  573,  738,  429,  860,  361,  840,  540,  124,  794,  613,  673,  379,  721,  874,  362,  215,  389,  670,  449,  647,  592,  235,  821,  455,  385,  249,  392,  646,  833,  642,  792,  568,  794,  662,  671,  502,  182,  744,  527,  433,  379,  913,  492,  402,  268,  286,  175,  882,  675,  869,  688,  928,  341,  252,  467,  497,  581,  896,  675,  387],
        [  439,    0,  336,  187,  131,  452,  272,  440,  249,  363,  270,  357,  331,  364,  497,  274,  487,  258,  171,  250,  159,  471,  186,  429,  447,  375,  311,  327,  300,  481,  504,  399,  432,  457,  395,  227,  469,  435,    0,  278,  455,  438,  294,  538,  351,  258,  350,  497,   49,  703,  615,  302,  131,  530,  319,  501,  367,  463,  207,  326,  317,  406,   27,  533,  422,  442,  428,  459,  481,  432,  305,  352,  294,  548,  437,  433,  640,  451,   15,  398,  335,  435,  392,  262,  535,  206,  523,  306,  434,  263,  358,  461,  364,  258,  237,  285,  503,  417,  459,  174,  184,  560,  223,  508,  550,  330,  464,  465,  307,  445,  280,  591,  305,  550,  259,  559,  234,  555,  446,  346],
        [  716,    0,  431,  170,  397,  259,  467,  698,  260,  521,  344,  155,  104,  608,  614,  381,  764,  316,  322,  106,  372,  217,  217,  412,  557,  515,  425,  227,  524,  390,  776,  554,  668,  454,  350,  408,  746,  286,  278,    0,  591,  374,  318,  351,  623,  423,  627,  220,  271,  426,  367,  431,  378,  807,  341,  597,  639,  388,  252,  208,  290,  676,  256,  579,  155,  586,  609,  237,  748,  330,  580,  116,  560,  819,  169,  422,  364,  684,  290,  640,  576,  167,  651,  461,  583,  246,  581,  376,  709,  539,  602,  299,  621,  423,  489,  501,  259,  686,  621,  176,  360,  836,  456,  579,  519,  398,  415,  643,  582,  637,  450,  648,  417,  288,  185,  308,  322,  829,  683,  119],
        [  536,    0,  785,  612,  377,  544,  196,  366,  697,  785,  724,  735,  690,  280,  927,  212,  599,  712,  622,  638,  586,  651,  377,  286,   58,   82,  757,  753,  226,  920,  495,   64,  747,  263,  842,  229,  579,  477,  455,  591,    0,  883,  285,  935,  414,  198,  505,  749,  413,  949,  952,  745,  537,  596,  270,  940,  424,  375,  340,  744,  764,  421,  476,  983,  738,  862,  102,  590,  437,  865,  430,  705,  576,  512,  748,  276,  854,  262,  459,  277,  264,  662,  661,  208,  186,  346,  165,  760,  588,  432,  678,  869,  647,  691,  584,  215,  651,  418,   60,  602,  272,  577,  275,  137,  325,  203,  335,  856,  433,  825,  707, 1039,  175,  721,  683,  893,  688,  547,  274,  706],
        [  773,    0,  228,  273,  556,  625,  709,  845,  190,  346,  207,  242,  288,  788,  348,  681,  794,  199,  304,  276,  375,  544,  529,  770,  865,  802,  254,  148,  735,   52,  871,  831,  571,  810,   45,  660,  783,  659,  438,  374,  883,    0,  654,  215,  734,  688,  686,  465,  474,  574,  379,  274,  422,  851,  680,  312,  746,  758,  567,  166,  121,  790,  413,  247,  352,  364,  865,  592,  867,   62,  680,  292,  564,  916,  364,  778,  579,  880,  439,  823,  764,  480,  611,  699,  924,  562,  917,  194,  732,  637,  539,  153,  585,  321,  482,  722,  590,  803,  894,  282,  613,  901,  658,  909,  885,  720,  782,  451,  680,  469,  335,  312,  717,  585,  208,  357,  232,  910,  872,  282],
        [  610,    0,  616,  385,  309,  276,  236,  510,  485,  656,  538,  470,  420,  406,  787,  101,  671,  518,  455,  385,  452,  370,  127,  135,  244,  219,  595,  511,  311,  682,  623,  264,  705,  166,  618,  190,  650,  220,  294,  318,  285,  654,    0,  668,  487,  177,  541,  464,  246,  666,  670,  590,  419,  694,   28,  787,  502,  182,   92,  498,  543,  524,  301,  805,  457,  734,  330,  315,  576,  624,  469,  433,  544,  657,  466,  139,  574,  452,  306,  427,  373,  377,  645,  237,  272,   95,  267,  576,  635,  444,  629,  611,  621,  550,  511,  283,  376,  529,  326,  378,  172,  700,  280,  262,  257,   84,  174,  758,  471,  736,  573,  868,  125,  444,  446,  612,  503,  681,  456,  436],
        [  935,    0,  432,  352,  668,  549,  789,  975,  326,  553,  386,  200,  248,  901,  562,  724,  966,  367,  457,  300,  531,  438,  559,  759,  904,  856,  452,  219,  832,  177, 1022,  893,  770,  801,  241,  732,  952,  602,  538,  351,  935,  215,  668,    0,  875,  753,  845,  329,  559,  378,  170,  471,  569, 1020,  692,  525,  889,  723,  597,  215,  275,  931,  511,  451,  243,  578,  940,  503, 1009,  162,  823,  236,  735, 1068,  245,  769,  406,  988,  544,  936,  872,  379,  798,  780,  933,  591,  931,  387,  904,  779,  728,   83,  770,  507,  653,  813,  481,  944,  959,  365,  682, 1063,  756,  930,  859,  747,  756,  663,  824,  679,  526,  510,  761,  452,  282,  164,  398, 1067,  983,  233],
        [  128,    0,  549,  528,  226,  740,  267,  122,  557,  490,  530,  705,  681,  139,  626,  397,  192,  535,  430,  599,  360,  793,  459,  589,  450,  375,  516,  657,  200,  783,  154,  357,  367,  594,  690,  299,  171,  697,  351,  623,  414,  734,  487,  875,    0,  320,  100,  839,  352, 1048,  964,  497,  313,  207,  497,  654,   17,  663,  449,  660,  621,   57,  376,  729,  771,  554,  322,  763,  135,  746,   55,  702,  217,  198,  787,  586,  978,  209,  341,  158,  151,  769,  270,  261,  585,  454,  565,  553,  174,   98,  312,  794,  265,  437,  273,  222,  816,   70,  373,  515,  319,  219,  207,  539,  685,  455,  641,  515,   56,  478,  438,  766,  395,  874,  595,  909,  502,  208,  195,  696],
        [  446,    0,  590,  420,  195,  450,   59,  334,  501,  597,  527,  555,  514,  229,  738,   79,  509,  515,  426,  454,  395,  531,  208,  270,  193,  118,  562,  562,  134,  726,  449,  144,  591,  278,  647,   35,  488,  396,  258,  423,  198,  688,  177,  753,  320,    0,  387,  608,  216,  818,  789,  552,  348,  525,  182,  748,  334,  345,  179,  554,  568,  351,  279,  788,  576,  676,  188,  484,  400,  673,  311,  531,  421,  481,  588,  267,  732,  280,  263,  251,  197,  526,  516,   61,  303,  185,  286,  564,  480,  295,  517,  684,  496,  500,  411,  107,  543,  356,  208,  409,   76,  527,  119,  266,  371,  136,  322,  679,  314,  651,  517,  845,   78,  609,  492,  730,  492,  506,  283,  530],
        [   92,    0,  484,  510,  246,  775,  341,  212,  520,  412,  479,  689,  672,  236,  542,  460,  138,  489,  389,  587,  315,  814,  492,  655,  537,  459,  452,  626,  283,  736,  188,  445,  269,  664,  642,  361,  119,  741,  350,  627,  505,  686,  541,  845,  100,  387,    0,  847,  365, 1052,  948,  432,  277,  181,  555,  573,   99,  722,  489,  633,  579,  133,  372,  654,  768,  469,  417,  792,  198,  705,   78,  693,  134,  232,  784,  653,  989,  308,  338,  257,  244,  783,  171,  333,  669,  493,  650,  497,   94,   99,  219,  762,  169,  374,  206,  302,  842,  146,  468,  497,  369,  219,  269,  625,  758,  522,  704,  424,   75,  385,  370,  685,  464,  895,  570,  896,  456,  225,  293,  686],
        [  936,    0,  600,  368,  614,  249,  660,  908,  432,  706,  520,  235,  211,  813,  775,  550,  984,  491,  525,  287,  583,  123,  403,  508,  704,  681,  603,  350,  724,  457,  993,  724,  876,  550,  461,  601,  966,  315,  497,  220,  749,  465,  464,  329,  839,  608,  847,    0,  488,  212,  239,  614,  594, 1026,  480,  749,  855,  447,  430,  329,  433,  891,  476,  706,  116,  761,  787,  197,  961,  406,  798,  194,  777, 1035,  102,  520,  145,  883,  509,  843,  780,   87,  866,  656,  692,  424,  696,  544,  929,  758,  813,  329,  836,  619,  704,  699,  158,  901,  789,  378,  557, 1054,  662,  702,  583,  546,  488,  829,  800,  830,  645,  774,  583,  125,  348,  191,  507, 1046,  883,  205],
        [  451,    0,  383,  212,  126,  420,  237,  430,  286,  412,  315,  370,  338,  346,  545,  226,  503,  301,  218,  263,  206,  450,  145,  381,  402,  332,  358,  355,  273,  514,  506,  358,  471,  409,  432,  186,  484,  397,   49,  271,  413,  474,  246,  559,  352,  216,  365,  488,    0,  697,  623,  351,  175,  541,  271,  549,  368,  418,  161,  350,  353,  405,   65,  579,  422,  490,  393,  431,  477,  463,  311,  358,  325,  548,  437,  385,  628,  430,   60,  380,  315,  420,  425,  227,  487,  161,  475,  352,  453,  272,  396,  484,  397,  307,  275,  255,  479,  415,  421,  200,  141,  567,  198,  461,  503,  281,  417,  512,  313,  491,  329,  639,  258,  530,  285,  566,  279,  559,  426,  354],
        [ 1141,    0,  754,  556,  822,  418,  870, 1119,  598,  869,  683,  392,  389, 1024,  914,  757, 1187,  656,  709,  474,  774,  299,  613,  691,  902,  885,  764,  498,  935,  548, 1202,  929, 1059,  731,  585,  811, 1170,  489,  703,  426,  949,  574,  666,  378, 1048,  818, 1052,  212,  697,    0,  213,  778,  791, 1231,  679,  881, 1064,  619,  640,  480,  581, 1101,  680,  819,  288,  913,  993,  367, 1171,  513, 1006,  369,  974, 1244,  271,  704,  104, 1093,  714, 1054,  991,  292, 1059,  866,  874,  634,  880,  700, 1131,  965, 1001,  421, 1029,  794,  898,  910,  309, 1111,  992,  568,  767, 1261,  873,  890,  747,  747,  663,  990, 1007,  997,  818,  883,  788,  239,  519,  219,  678, 1255, 1094,  378],
        [ 1040,    0,  582,  439,  744,  486,  834, 1052,  448,  702,  523,  260,  285,  968,  726,  744, 1077,  499,  574,  365,  645,  361,  583,  735,  914,  878,  598,  339,  888,  345, 1116,  919,  909,  777,  398,  774, 1062,  551,  615,  367,  952,  379,  670,  170,  964,  789,  948,  239,  623,  213,    0,  614,  674, 1128,  690,  690,  979,  681,  617,  325,  413, 1019,  589,  619,  215,  735,  975,  434, 1095,  321,  916,  265,  852, 1160,  205,  746,  262, 1048,  623, 1001,  936,  316,  925,  827,  918,  611,  919,  532, 1017,  872,  860,  229,  896,  642,  771,  866,  394, 1031,  985,  452,  726, 1166,  817,  923,  818,  753,  720,  817,  917,  829,  664,  680,  780,  346,  382,   60,  527, 1165, 1045,  269],
