{
    "name": "random-15-25029",
    "comment": "size=15 seed=25029",
    "nodes": ["+0", "-0", "+1", "-1", "+2", "-2", "+3", "-3", "+4", "-4", "+5", "-5", "+6", "-6", "+7", "-7", "+8", "-8", "+9", "-9", "+10", "-10", "+11", "-11", "+12", "-12", "+13", "-13", "+14", "-14", "+15", "-15"],
    "precedence": {
        "+0": "-0",
        "+1": "-1",
        "+2": "-2",
        "+3": "-3",
        "+4": "-4",
        "+5": "-5",
        "+6": "-6",
        "+7": "-7",
        "+8": "-8",
        "+9": "-9",
        "+10": "-10",
        "+11": "-11",
        "+12": "-12",
        "+13": "-13",
        "+14": "-14",
        "+15": "-15"
    },
    "edges": [
        [    0,    0,  471,  147,  354,  665,  620,  535,  660,  751,  343,  628,  352,  282,  644,  230,  460,  409,  391,  398,  292,  395,  525,  279,  688,  580,  328,  199,  404,  705,  384,  106],
        [    0,    0,  471,  147,  354,  665,  620,  535,  660,  751,  343,  628,  352,  282,  644,  230,  460,  409,  391,  398,  292,  395,  525,  279,  688,  580,  328,  199,  404,  705,  384,  106],
        [  471,  471,    0,  617,  509,  458,  252,   69,  912,  648,  656,  913,  804,  752,  941,  363,  673,   99,   80,  413,  268,  799,  878,  715,  492,  130,  710,  365,  822,  911,  442,  491],
        [  147,  147,  617,    0,  419,  779,  758,  681,  638,  838,  335,  592,  229,  136,  601,  343,  479,  553,  537,  497,  425,  312,  462,  181,  799,  725,  270,  317,  309,  698,  474,  175],
        [  354,  354,  509,  419,    0,  407,  496,  573,  404,  423,  191,  405,  457,  519,  435,  517,  165,  516,  457,  131,  247,  375,  397,  597,  417,  638,  671,  488,  411,  413,   92,  257],
        [  665,  665,  458,  779,  407,    0,  247,  485,  690,  209,  594,  725,  861,  900,  759,  712,  503,  535,  472,  290,  385,  780,  775,  942,   35,  543,  988,  695,  817,  647,  323,  605],
        [  620,  620,  252,  758,  496,  247,    0,  257,  862,  455,  681,  882,  900,  892,  914,  584,  640,  347,  299,  368,  335,  855,  892,  892,  280,  306,  910,  578,  886,  837,  407,  598],
        [  535,  535,   69,  681,  573,  485,  257,    0,  974,  683,  723,  977,  871,  815, 1006,  411,  736,  140,  145,  472,  334,  867,  945,  772,  519,   67,  761,  416,  890,  972,  503,  558],
        [  660,  660,  912,  638,  404,  690,  862,  974,    0,  573,  318,   69,  507,  660,   93,  873,  240,  918,  860,  508,  650,  365,  226,  800,  682, 1040,  903,  843,  395,   90,  474,  558],
        [  751,  751,  648,  838,  423,  209,  455,  683,  573,    0,  579,  623,  866,  941,  656,  849,  449,  715,  649,  355,  512,  758,  712, 1015,  178,  744, 1078,  828,  797,  511,  369,  669],
        [  343,  343,  656,  335,  191,  594,  681,  723,  318,  579,    0,  289,  288,  393,  309,  559,  153,  640,  592,  320,  390,  186,  222,  509,  602,  785,  604,  528,  224,  367,  282,  241],
        [  628,  628,  913,  592,  405,  725,  882,  977,   69,  623,  289,    0,  448,  605,   35,  847,  245,  912,  857,  520,  647,  307,  161,  749,  719, 1042,  854,  816,  334,  158,  483,  528],
        [  352,  352,  804,  229,  457,  861,  900,  871,  507,  866,  288,  448,    0,  169,  445,  569,  434,  755,  727,  573,  570,  143,  292,  325,  874,  922,  436,  541,  115,  585,  539,  314],
        [  282,  282,  752,  136,  519,  900,  892,  815,  660,  941,  393,  605,  169,    0,  606,  459,  545,  686,  672,  613,  557,  300,  454,  157,  918,  858,  269,  436,  279,  731,  585,  299],
        [  644,  644,  941,  601,  435,  759,  914, 1006,   93,  656,  309,   35,  445,  606,    0,  866,  276,  938,  884,  551,  675,  307,  154,  753,  753, 1070,  860,  835,  331,  181,  514,  546],
        [  230,  230,  363,  343,  517,  712,  584,  411,  873,  849,  559,  847,  569,  459,  866,    0,  655,  271,  292,  508,  338,  624,  752,  377,  742,  434,  351,   32,  631,  908,  511,  321],
        [  460,  460,  673,  479,  165,  503,  640,  736,  240,  449,  153,  245,  434,  545,  276,  655,    0,  679,  621,  276,  411,  313,  273,  657,  504,  802,  748,  625,  352,  255,  239,  355],
        [  409,  409,   99,  553,  516,  535,  347,  140,  918,  715,  640,  912,  755,  686,  938,  271,  679,    0,   67,  441,  270,  766,  860,  635,  569,  173,  621,  277,  785,  927,  464,  448],
        [  391,  391,   80,  537,  457,  472,  299,  145,  860,  649,  592,  857,  727,  672,  884,  292,  621,   67,    0,  376,  211,  727,  813,  636,  506,  198,  635,  291,  749,  867,  401,  415],
        [  398,  398,  413,  497,  131,  290,  368,  472,  508,  355,  320,  520,  573,  613,  551,  508,  276,  441,  376,    0,  182,  502,  525,  668,  306,  539,  726,  484,  537,  500,   40,  323],
        [  292,  292,  268,  425,  247,  385,  335,  334,  650,  512,  390,  647,  570,  557,  675,  338,  411,  270,  211,  182,    0,  543,  612,  571,  412,  397,  606,  318,  570,  657,  198,  263],
        [  395,  395,  799,  312,  375,  780,  855,  867,  365,  758,  186,  307,  143,  300,  307,  624,  313,  766,  727,  502,  543,    0,  156,  449,  788,  924,  558,  594,   40,  443,  465,  321],
        [  525,  525,  878,  462,  397,  775,  892,  945,  226,  712,  222,  161,  292,  454,  154,  752,  273,  860,  813,  525,  612,  156,    0,  604,  776, 1007,  713,  721,  178,  312,  486,  435],
        [  279,  279,  715,  181,  597,  942,  892,  772,  800, 1015,  509,  749,  325,  157,  753,  377,  657,  635,  636,  668,  571,  449,  604,    0,  965,  805,  112,  362,  432,  866,  647,  346],
        [  688,  688,  492,  799,  417,   35,  280,  519,  682,  178,  602,  719,  874,  918,  753,  742,  504,  569,  506,  306,  412,  788,  776,  965,    0,  576, 1013,  725,  825,  635,  336,  625],
        [  580,  580,  130,  725,  638,  543,  306,   67, 1040,  744,  785, 1042,  922,  858, 1070,  434,  802,  173,  198,  539,  397,  924, 1007,  805,  576,    0,  785,  444,  946, 1038,  569,  611],
        [  328,  328,  710,  270,  671,  988,  910,  761,  903, 1078,  604,  854,  436,  269,  860,  351,  748,  621,  635,  726,  606,  558,  713,  112, 1013,  785,    0,  345,  543,  967,  710,  414],
        [  199,  199,  365,  317,  488,  695,  578,  416,  843,  828,  528,  816,  541,  436,  835,   32,  625,  277,  291,  484,  318,  594,  721,  362,  725,  444,  345,    0,  602,  878,  485,  290],
        [  404,  404,  822,  309,  411,  817,  886,  890,  395,  797,  224,  334,  115,  279,  331,  631,  352,  785,  749,  537,  570,   40,  178,  432,  825,  946,  543,  602,    0,  476,  500,  338],
        [  705,  705,  911,  698,  413,  647,  837,  972,   90,  511,  367,  158,  585,  731,  181,  908,  255,  927,  867,  500,  657,  443,  312,  866,  635, 1038,  967,  878,  476,    0,  469,  600],
        [  384,  384,  442,  474,   92,  323,  407,  503,  474,  369,  282,  483,  539,  585,  514,  511,  239,  464,  401,   40,  198,  465,  486,  647,  336,  569,  710,  485,  500,  469,    0,  302],
        [  106,  106,  491,  175,  257,  605,  598,  558,  558,  669,  241,  528,  314,  299,  546,  321,  355,  448,  415,  323,  263,  321,  435,  346,  625,  611,  414,  290,  338,  600,  302,    0]
    ]
}
