{
    "name": "random-48-26085",
    "comment": "size=48 seed=26085",
    "nodes": ["+0", "-0", "+1", "-1", "+2", "-2", "+3", "-3", "+4", "-4", "+5", "-5", "+6", "-6", "+7", "-7", "+8", "-8", "+9", "-9", "+10", "-10", "+11", "-11", "+12", "-12", "+13", "-13", "+14", "-14", "+15", "-15", "+16", "-16", "+17", "-17", "+18", "-18", "+19", "-19", "+20", "-20", "+21", "-21", "+22", "-22", "+23", "-23", "+24", "-24", "+25", "-25", "+26", "-26", "+27", "-27", "+28", "-28", "+29", "-29", "+30", "-30", "+31", "-31", "+32", "-32", "+33", "-33", "+34", "-34", "+35", "-35", "+36", "-36", "+37", "-37", "+38", "-38", "+39", "-39", "+40", "-40", "+41", "-41", "+42", "-42", "+43", "-43", "+44", "-44", "+45", "-45", "+46", "-46", "+47", "-47", "+48", "-48"],
    "precedence": {
        "+0": "-0",
        "+1": "-1",
        "+2": "-2",
        "+3": "-3",
        "+4": "-4",
        "+5": "-5",
        "+6": "-6",
        "+7": "-7",
        "+8": "-8",
        "+9": "-9",
        "+10": "-10",
        "+11": "-11",
        "+12": "-12",
        "+13": "-13",
        "+14": "-14",
        "+15": "-15",
        "+16": "-16",
        "+17": "-17",
        "+18": "-18",
        "+19": "-19",
        "+20": "-20",
        "+21": "-21",
        "+22": "-22",
        "+23": "-23",
        "+24": "-24",
        "+25": "-25",
        "+26": "-26",
        "+27": "-27",
        "+28": "-28",
        "+29": "-29",
        "+30": "-30",
        "+31": "-31",
        "+32": "-32",
        "+33": "-33",
        "+34": "-34",
        "+35": "-35",
        "+36": "-36",
        "+37": "-37",
        "+38": "-38",
        "+39": "-39",
        "+40": "-40",
        "+41": "-41",
        "+42": "-42",
        "+43": "-43",
        "+44": "-44",
        "+45": "-45",
        "+46": "-46",
        "+47": "-47",
        "+48": "-48"
    },
    "edges": [
        [    0,    0,  227,  333,  560,  211,  591,  412,  315,  159,  447,  397,  855,  543,  563,  380,  594,  550,  181,  216,  365,  151,  576,  637,  320,  569,  124,  447,  509,  263,  531,   91,  672,  571,  395,  162,  499,  573,  307,  580,  492,  566,  153,  605,  569,  701,  742,  509,  766,  874,  416,  268,  373,  380,  494,  539,  284,  323,  702,  704,  283,  582,  614,  241,  517,  566,  811,  400,  580,   47,  446,  540,  546,  469,  245,  376,  219,  612,  471,  230,  556,  455,  283,  237,  258,  460,  626,  633,  357,  694,  594,  211,  345,  276,  333,  584,  586,  345],
        [    0,    0,    0,    0,    0,    0,    0,    0,    0,    0,    0,    0,    0,    0,    0,    0,    0,    0,    0,    0,    0,    0,    0,    0,    0,    0,    0,    0,    0,    0,    0,    0,    0,    0,    0,    0,    0,    0,    0,    0,    0,    0,    0,    0,    0,    0,    0,    0,    0,    0,    0,    0,    0,    0,    0,    0,    0,    0,    0,    0,    0,    0,    0,    0,    0,    0,    0,    0,    0,    0,    0,    0,    0,    0,    0,    0,    0,    0,    0,    0,    0,    0,    0,    0,    0,    0,    0,    0,    0,    0,    0,    0,    0,    0,    0,    0,    0,    0],
        [  227,    0,    0,  553,  783,  434,  791,  291,  540,  206,  253,  623, 1073,  684,  746,  472,  808,  774,  370,  426,  243,  352,  776,  861,  541,  693,  253,  629,  584,  114,  581,  306,  832,  785,  446,  387,  596,  797,  478,  783,  620,  789,   86,  745,  649,  855,  885,  672,  992, 1096,  542,  343,  159,  364,  690,  758,  397,  546,  906,  930,  436,  674,  664,   63,  629,  791, 1032,  627,  805,  273,  666,  735,  770,  549,  352,  365,  337,  671,  471,  283,  778,  614,  508,  201,  484,  648,  848,  800,  439,  900,  666,  329,  543,  412,  318,  811,  760,  447],
        [  333,    0,  553,    0,  232,  123,  285,  726,   44,  460,  779,  107,  523,  573,  489,  379,  264,  295,  206,  250,  684,  209,  271,  364,   13,  624,  326,  412,  477,  594,  532,  248,  632,  381,  448,  177,  432,  249,  370,  267,  369,  237,  485,  620,  509,  668,  729,  501,  456,  543,  513,  372,  705,  525,  209,  327,  459,  166,  385,  389,  399,  498,  590,  574,  605,  302,  479,  136,  316,  293,  249,  435,  295,  445,  448,  516,  310,  576,  562,  492,  225,  474,   80,  546,  135,  204,  379,  583,  537,  373,  540,  424,  120,  424,  606,  273,  530,  504],
        [  560,    0,  783,  232,    0,  350,  215,  935,  246,  673, 1002,  176,  305,  648,  509,  556,  115,  205,  434,  428,  897,  440,  213,  216,  244,  706,  556,  482,  622,  817,  685,  479,  650,  332,  635,  400,  567,   32,  511,  191,  485,    9,  713,  677,  633,  685,  752,  566,  238,  315,  636,  583,  933,  731,  234,  277,  628,  294,  246,  169,  556,  609,  722,  801,  708,  192,  253,  192,  199,  517,  265,  447,  211,  600,  630,  722,  528,  704,  748,  689,   23,  561,  281,  757,  321,  276,  262,  602,  696,  226,  663,  613,  293,  588,  800,   83,  555,  660],
        [  211,    0,  434,  123,  350,    0,  396,  606,  107,  340,  657,  194,  645,  532,  484,  351,  385,  370,  121,  168,  563,  107,  381,  450,  110,  575,  221,  386,  470,  472,  515,  130,  619,  425,  406,   57,  437,  364,  302,  381,  394,  356,  364,  585,  515,  653,  709,  470,  564,  664,  444,  304,  583,  456,  306,  379,  365,  166,  501,  499,  317,  513,  584,  452,  544,  382,  600,  207,  397,  170,  287,  441,  368,  433,  346,  448,  236,  575,  513,  379,  345,  431,   82,  426,   93,  285,  452,  572,  445,  491,  545,  318,  171,  334,  493,  380,  519,  417],
        [  591,    0,  791,  285,  215,  396,    0,  999,  324,  734, 1034,  311,  324,  825,  704,  442,  107,  416,  423,  533,  954,  445,   16,  429,  295,  880,  541,  657,  469,  852,  534,  501,  849,  541,  522,  452,  411,  246,  647,   26,  324,  210,  737,  862,  462,  885,  951,  745,  406,  375,  786,  513,  950,  639,  103,  483,  743,  428,  116,  345,  681,  431,  553,  824,  871,  405,  314,  343,  413,  558,  449,  643,  421,  456,  733,  630,  478,  532,  627,  774,  193,  730,  363,  819,  417,  151,  477,  799,  820,  115,  489,  708,  249,  707,  888,  297,  750,  787],
        [  412,    0,  291,  726,  935,  606,  999,    0,  697,  266,  158,  760, 1239,  599,  722,  749,  989,  862,  591,  513,   51,  562,  983,  950,  713,  583,  500,  619,  868,  180,  869,  502,  759,  829,  732,  550,  873,  940,  484,  985,  885,  942,  290,  652,  933,  771,  779,  624, 1106, 1247,  465,  620,  211,  655,  903,  822,  357,  652, 1106, 1053,  429,  954,  953,  230,  514,  883, 1187,  751,  895,  441,  745,  735,  857,  831,  330,  656,  598,  958,  761,  253,  936,  570,  659,  180,  615,  871,  919,  743,  340, 1097,  952,  335,  756,  393,  167,  938,  718,  370],
        [  315,    0,  540,   44,  246,  107,  324,  697,    0,  432,  758,   91,  545,  530,  449,  406,  293,  276,  211,  210,  657,  207,  310,  352,   40,  581,  324,  369,  510,  572,  563,  236,  592,  351,  472,  155,  468,  258,  328,  305,  408,  251,  468,  577,  545,  627,  688,  459,  458,  560,  470,  386,  688,  540,  251,  299,  420,  124,  419,  393,  358,  535,  624,  556,  561,  285,  497,  112,  300,  272,  216,  397,  275,  477,  411,  532,  322,  611,  584,  459,  242,  430,   40,  518,   94,  247,  360,  543,  497,  407,  576,  388,  159,  384,  572,  274,  489,  464],
        [  159,    0,  206,  460,  673,  340,  734,  266,  432,    0,  339,  499,  975,  479,  547,  532,  723,  619,  337,  261,  225,  305,  719,  707,  448,  489,  272,  431,  659,  164,  676,  244,  627,  607,  537,  284,  653,  679,  280,  720,  650,  679,  129,  540,  721,  650,  679,  468,  855,  986,  336,  412,  295,  497,  640,  589,  192,  398,  841,  799,  233,  736,  759,  176,  426,  638,  925,  493,  651,  179,  504,  541,  614,  620,  146,  495,  371,  760,  598,   87,  672,  410,  394,   86,  353,  610,  684,  596,  241,  831,  745,  124,  494,  207,  175,  681,  557,  244],
        [  447,    0,  253,  779, 1002,  657, 1034,  158,  758,  339,    0,  832, 1301,  745,  854,  723, 1040,  958,  613,  600,  151,  590, 1019, 1046,  766,  733,  502,  745,  829,  186,  819,  536,  904,  941,  690,  604,  845, 1012,  601, 1024,  872, 1008,  298,  800,  894,  919,  930,  761, 1193, 1317,  605,  594,  104,  591,  934,  926,  481,  736, 1147, 1135,  547,  922,  900,  211,  664,  977, 1254,  829,  990,  487,  842,  860,  952,  795,  447,  594,  590,  909,  696,  363, 1000,  704,  722,  265,  686,  895, 1022,  884,  481, 1140,  909,  442,  785,  513,  309, 1017,  855,  507],
        [  397,    0,  623,  107,  176,  194,  311,  760,   91,  499,  832,    0,  480,  515,  407,  485,  252,  189,  301,  252,  723,  297,  300,  262,  114,  570,  414,  347,  581,  647,  637,  323,  552,  279,  555,  236,  534,  181,  345,  288,  465,  183,  548,  554,  609,  588,  652,  437,  371,  488,  479,  475,  767,  628,  265,  223,  456,  123,  388,  308,  386,  595,  692,  634,  561,  196,  427,   36,  211,  352,  154,  349,  189,  549,  456,  620,  411,  677,  668,  514,  180,  419,  115,  583,  147,  278,  273,  502,  527,  372,  640,  437,  221,  417,  624,  188,  450,  491],
        [  855,    0, 1073,  523,  305,  645,  324, 1239,  545,  975, 1301,  480,    0,  913,  753,  765,  269,  446,  710,  732, 1200,  723,  337,  393,  535,  972,  833,  757,  788, 1116,  853,  769,  878,  559,  845,  698,  730,  304,  809,  319,  644,  298, 1007,  931,  774,  911,  978,  830,  248,   70,  924,  828, 1227,  961,  418,  518,  929,  597,  226,  244,  856,  740,  863, 1096,  986,  425,   68,  494,  421,  814,  544,  693,  453,  779,  933,  952,  785,  841,  951,  994,  303,  838,  582, 1061,  625,  470,  452,  835,  995,  216,  799,  917,  544,  889, 1104,  322,  797,  958],
        [  543,    0,  684,  573,  648,  532,  825,  599,  530,  479,  745,  515,  913,    0,  174,  873,  753,  468,  629,  371,  595,  598,  814,  528,  569,   60,  656,  168,  997,  620, 1037,  560,  160,  362,  913,  503,  967,  631,  242,  801,  923,  656,  605,   62, 1045,  175,  202,   83,  697,  889,  144,  792,  744,  921,  774,  395,  288,  408,  889,  674,  261, 1044, 1111,  647,   99,  488,  847,  482,  493,  515,  384,  226,  460,  959,  333,  916,  728, 1103, 1005,  407,  663,  102,  502,  507,  452,  777,  474,  149,  265,  871, 1075,  357,  682,  276,  437,  598,  144,  243],
        [  563,    0,  746,  489,  509,  484,  704,  722,  449,  547,  854,  407,  753,  174,    0,  835,  621,  314,  598,  355,  708,  573,  696,  363,  488,  231,  657,  118,  951,  704,  998,  551,  146,  195,  888,  474,  912,  488,  268,  680,  856,  517,  662,  179,  990,  182,  247,  106,  528,  724,  263,  777,  835,  920,  671,  239,  373,  329,  754,  511,  315,  983, 1065,  722,  268,  333,  687,  371,  334,  524,  257,   63,  307,  914,  411,  914,  709, 1054,  990,  495,  527,  154,  431,  597,  393,  683,  306,   96,  385,  735, 1021,  425,  607,  345,  555,  448,   46,  352],
        [  380,    0,  472,  379,  556,  351,  442,  749,  406,  532,  723,  485,  765,  873,  835,    0,  512,  673,  245,  503,  699,  277,  429,  735,  373,  911,  261,  735,  130,  572,  165,  323,  970,  757,   81,  371,  125,  585,  634,  447,  160,  557,  460,  930,  190, 1003, 1057,  818,  793,  812,  767,  130,  622,  202,  350,  704,  654,  511,  551,  724,  631,  207,  240,  526,  870,  677,  748,  514,  691,  384,  621,  790,  673,   90,  619,  193,  162,  235,  192,  610,  539,  774,  411,  598,  442,  298,  756,  923,  731,  554,  214,  586,  271,  636,  706,  624,  870,  713],
        [  594,    0,  808,  264,  115,  385,  107,  989,  293,  723, 1040,  252,  269,  753,  621,  512,    0,  320,  442,  497,  947,  456,  109,  325,  276,  810,  565,  586,  557,  856,  621,  505,  762,  447,  592,  440,  499,  143,  597,   85,  413,  109,  744,  786,  557,  798,  865,  672,  303,  304,  729,  563,  962,  701,  164,  391,  705,  375,  138,  240,  637,  529,  648,  833,  807,  307,  240,  279,  314,  555,  371,  558,  325,  540,  701,  692,  517,  628,  702,  752,   95,  663,  333,  809,  383,  214,  375,  714,  778,  120,  586,  680,  276,  666,  865,  194,  666,  742],
        [  550,    0,  774,  295,  205,  370,  416,  862,  276,  619,  958,  189,  446,  468,  314,  673,  320,    0,  484,  358,  832,  476,  411,   89,  303,  527,  590,  313,  763,  779,  822,  490,  449,  128,  743,  398,  714,  180,  390,  390,  640,  212,  693,  489,  787,  484,  552,  385,  249,  426,  487,  662,  905,  816,  410,   76,  520,  228,  448,  211,  443,  769,  872,  775,  542,   22,  380,  165,   33,  503,  118,  252,    8,  734,  535,  807,  597,  857,  856,  610,  225,  394,  288,  696,  295,  439,   84,  402,  574,  427,  818,  528,  405,  479,  708,  136,  359,  535],
        [  181,    0,  370,  206,  434,  121,  423,  591,  211,  337,  613,  301,  710,  629,  598,  245,  442,  484,    0,  259,  544,   35,  407,  562,  194,  667,  124,  494,  370,  434,  408,   96,  729,  545,  290,  127,  346,  453,  390,  414,  322,  438,  316,  686,  422,  762,  814,  575,  661,  738,  526,  184,  528,  336,  322,  498,  421,  286,  537,  594,  390,  427,  483,  402,  628,  495,  673,  320,  510,  163,  407,  558,  483,  331,  391,  328,  116,  476,  394,  400,  424,  530,  198,  417,  212,  283,  567,  683,  500,  531,  451,  359,  174,  399,  508,  478,  631,  479],
        [  216,    0,  426,  250,  428,  168,  533,  513,  210,  261,  600,  252,  732,  371,  355,  503,  497,  358,  259,    0,  479,  228,  520,  447,  241,  411,  303,  242,  627,  421,  667,  198,  476,  360,  545,  133,  599,  430,  135,  514,  560,  435,  342,  428,  676,  508,  558,  318,  596,  736,  277,  428,  549,  567,  456,  334,  210,  139,  627,  541,  152,  677,  741,  420,  376,  377,  677,  239,  391,  173,  245,  326,  353,  589,  205,  561,  362,  733,  642,  263,  431,  272,  171,  341,  117,  443,  426,  432,  288,  613,  706,  186,  334,  175,  372,  425,  382,  256],
        [  365,    0,  243,  684,  897,  563,  954,   51,  657,  225,  151,  723, 1200,  595,  708,  699,  947,  832,  544,  479,    0,  515,  939,  920,  671,  583,  451,  601,  818,  130,  819,  456,  754,  805,  682,  507,  823,  903,  461,  941,  836,  903,  241,  650,  883,  769,  780,  613, 1073, 1210,  456,  570,  179,  606,  858,  795,  337,  617, 1063, 1019,  407,  904,  903,  181,  514,  852, 1149,  715,  865,  396,  715,  717,  826,  781,  306,  607,  549,  908,  713,  225,  897,  557,  619,  140,  576,  824,  891,  735,  331, 1054,  902,  306,  710,  371,  158,  903,  707,  359],
        [  151,    0,  352,  209,  440,  107,  445,  562,  207,  305,  590,  297,  723,  598,  573,  277,  456,  476,   35,  228,  515,    0,  429,  555,  197,  635,  118,  466,  403,  409,  440,   62,  701,  528,  318,   99,  380,  458,  358,  434,  357,  445,  293,  655,  456,  734,  785,  545,  663,  748,  492,  205,  508,  354,  345,  485,  386,  268,  557,  597,  357,  462,  516,  380,  594,  487,  684,  312,  502,  129,  392,  535,  474,  364,  356,  346,  137,  510,  418,  366,  432,  499,  188,  387,  193,  310,  558,  656,  465,  551,  484,  324,  196,  364,  475,  479,  604,  444],
        [  576,    0,  776,  271,  213,  381,   16,  983,  310,  719, 1019,  300,  337,  814,  696,  429,  109,  411,  407,  520,  939,  429,    0,  428,  281,  870,  525,  647,  459,  837,  524,  485,  841,  535,  509,  437,  401,  244,  634,   25,  314,  208,  721,  853,  454,  877,  943,  736,  411,  386,  774,  498,  934,  626,   88,  477,  729,  416,  132,  348,  668,  424,  544,  808,  859,  401,  324,  333,  410,  543,  441,  635,  416,  445,  719,  616,  462,  524,  615,  759,  190,  719,  349,  804,  404,  136,  474,  791,  806,  130,  481,  694,  234,  693,  873,  295,  741,  773],
        [  637,    0,  861,  364,  216,  450,  429,  950,  352,  707, 1046,  262,  393,  528,  363,  735,  325,   89,  562,  447,  920,  555,  428,    0,  374,  587,  671,  384,  818,  867,  878,  574,  486,  168,  809,  482,  766,  184,  474,  405,  687,  220,  781,  541,  836,  519,  586,  447,  171,  362,  563,  735,  994,  889,  444,  139,  605,  316,  438,  150,  528,  815,  923,  863,  609,   71,  326,  244,   57,  590,  206,  304,   94,  791,  622,  880,  672,  906,  923,  697,  238,  464,  369,  785,  380,  480,   60,  442,  656,  417,  866,  616,  465,  564,  795,  133,  405,  617],
        [  320,    0,  541,   13,  244,  110,  295,  713,   40,  448,  766,  114,  535,  569,  488,  373,  276,  303,  194,  241,  671,  197,  281,  374,    0,  620,  313,  409,  473,  581,  528,  236,  631,  386,  441,  165,  430,  261,  363,  278,  368,  249,  473,  617,  506,  667,  728,  498,  468,  556,  506,  362,  692,  515,  217,  332,  450,  163,  396,  401,  391,  496,  586,  561,  599,  310,  492,  142,  325,  280,  252,  436,  303,  441,  438,  507,  300,  573,  554,  481,  238,  469,   72,  534,  127,  209,  387,  582,  528,  385,  538,  413,  119,  415,  594,  285,  529,  496],
        [  569,    0,  693,  624,  706,  575,  880,  583,  581,  489,  733,  570,  972,   60,  231,  911,  810,  527,  667,  411,  583,  635,  870,  587,  620,    0,  686,  225, 1037,  620, 1074,  593,  188,  421,  948,  543, 1009,  690,  278,  857,  968,  714,  617,   75, 1087,  192,  198,  142,  756,  948,  155,  824,  740,  949,  827,  455,  299,  460,  947,  733,  287, 1087, 1150,  652,   70,  548,  906,  537,  552,  544,  442,  284,  520,  998,  344,  944,  762, 1143, 1036,  412,  721,  152,  551,  507,  500,  828,  533,  191,  260,  929, 1116,  372,  731,  295,  425,  657,  197,  246],
        [  124,    0,  253,  326,  556,  221,  541,  500,  324,  272,  502,  414,  833,  656,  657,  261,  565,  590,  124,  303,  451,  118,  525,  671,  313,  686,    0,  544,  388,  331,  408,  108,  776,  634,  272,  197,  382,  574,  415,  534,  386,  560,  213,  716,  450,  806,  852,  615,  780,  861,  534,  145,  412,  267,  439,  594,  407,  374,  656,  714,  399,  465,  491,  293,  636,  602,  796,  428,  617,  142,  500,  626,  587,  349,  368,  261,  101,  490,  351,  350,  547,  563,  303,  340,  300,  396,  671,  734,  480,  651,  474,  335,  294,  396,  446,  596,  684,  467],
        [  447,    0,  629,  412,  482,  386,  657,  619,  369,  431,  745,  347,  757,  168,  118,  735,  586,  313,  494,  242,  601,  466,  647,  384,  409,  225,  544,    0,  855,  590,  899,  440,  236,  228,  783,  368,  820,  468,  152,  634,  770,  490,  544,  209,  899,  269,  324,   90,  555,  738,  182,  669,  721,  809,  609,  246,  265,  246,  723,  523,  200,  894,  969,  606,  230,  335,  692,  314,  341,  409,  218,  116,  306,  818,  300,  803,  602,  960,  883,  383,  497,   82,  344,  484,  299,  614,  336,  191,  291,  705,  929,  310,  525,  233,  454,  437,  141,  254],
        [  509,    0,  584,  477,  622,  470,  469,  868,  510,  659,  829,  581,  788,  997,  951,  130,  557,  763,  370,  627,  818,  403,  459,  818,  473, 1037,  388,  855,    0,  689,   66,  452, 1088,  858,  140,  495,   59,  653,  759,  481,  146,  621,  580, 1053,   66, 1122, 1178,  939,  853,  842,  895,  250,  727,  257,  395,  803,  783,  623,  565,  786,  759,   97,  115,  641,  997,  765,  782,  612,  778,  513,  725,  903,  765,   40,  748,  251,  291,  107,  188,  738,  602,  897,  522,  722,  558,  348,  845, 1041,  860,  573,   86,  715,  360,  765,  833,  698,  988,  842],
        [  263,    0,  114,  594,  817,  472,  852,  180,  572,  164,  186,  647, 1116,  620,  704,  572,  856,  779,  434,  421,  130,  409,  837,  867,  581,  620,  331,  590,  689,    0,  689,  353,  774,  771,  553,  419,  696,  827,  440,  841,  712,  823,  119,  679,  754,  794,  816,  620, 1011, 1132,  476,  442,  132,  477,  753,  752,  336,  554,  964,  952,  391,  777,  773,   52,  553,  797, 1069,  645,  811,  302,  665,  702,  774,  652,  295,  478,  425,  779,  583,  214,  814,  562,  537,  114,  502,  716,  846,  747,  361,  956,  773,  281,  604,  361,  216,  833,  712,  377],
        [  531,    0,  581,  532,  685,  515,  534,  869,  563,  676,  819,  637,  853, 1037,  998,  165,  621,  822,  408,  667,  819,  440,  524,  878,  528, 1074,  408,  899,   66,  689,    0,  483, 1134,  913,  140,  535,  124,  716,  797,  546,  211,  685,  587, 1094,  100, 1167, 1221,  982,  917,  907,  929,  264,  716,  232,  459,  859,  811,  673,  629,  849,  793,  139,   85,  640, 1031,  824,  847,  668,  838,  541,  778,  952,  823,   88,  774,  227,  316,   91,  143,  757,  666,  938,  572,  733,  605,  412,  904, 1087,  886,  638,   99,  741,  417,  796,  847,  760, 1034,  871],
        [   91,    0,  306,  248,  479,  130,  501,  502,  236,  244,  536,  323,  769,  560,  551,  323,  505,  490,   96,  198,  456,   62,  485,  574,  236,  593,  108,  440,  452,  353,  483,    0,  673,  528,  355,   93,  434,  493,  318,  489,  416,  484,  240,  619,  508,  704,  752,  514,  693,  791,  446,  233,  458,  370,  403,  490,  332,  270,  612,  628,  310,  516,  562,  328,  549,  504,  727,  332,  519,   68,  396,  519,  487,  412,  299,  364,  170,  558,  446,  305,  473,  464,  208,  326,  197,  369,  570,  630,  410,  604,  535,  266,  255,  313,  413,  509,  580,  391],
        [  672,    0,  832,  632,  650,  619,  849,  759,  592,  627,  904,  552,  878,  160,  146,  970,  762,  449,  729,  476,  754,  701,  841,  486,  631,  188,  776,  236, 1088,  774, 1134,  673,    0,  324, 1019,  603, 1052,  627,  366,  824,  998,  657,  751,  113, 1130,   37,  103,  163,  642,  843,  301,  903,  900, 1042,  816,  375,  439,  470,  895,  635,  399, 1124, 1203,  799,  252,  467,  811,  517,  466,  638,  402,  206,  443, 1051,  483, 1036,  837, 1193, 1118,  561,  668,  220,  571,  662,  530,  828,  427,   50,  424,  875, 1161,  504,  750,  421,  596,  584,  103,  400],
        [  571,    0,  785,  381,  332,  425,  541,  829,  351,  607,  941,  279,  559,  362,  195,  757,  447,  128,  545,  360,  805,  528,  535,  168,  386,  421,  634,  228,  858,  771,  913,  528,  324,    0,  822,  438,  812,  307,  345,  515,  744,  339,  701,  374,  887,  359,  426,  282,  336,  530,  410,  727,  901,  880,  527,   59,  474,  261,  575,  316,  400,  873,  970,  775,  446,  143,  492,  246,  142,  526,  138,  137,  122,  826,  500,  872,  660,  956,  932,  581,  352,  305,  350,  676,  336,  550,  113,  279,  513,  555,  919,  500,  499,  436,  667,  262,  239,  476],
        [  395,    0,  446,  448,  635,  406,  522,  732,  472,  537,  690,  555,  845,  913,  888,   81,  592,  743,  290,  545,  682,  318,  509,  809,  441,  948,  272,  783,  140,  553,  140,  355, 1019,  822,    0,  416,  166,  662,  671,  528,  227,  636,  448,  971,  205, 1051, 1102,  863,  872,  892,  799,  127,  587,  129,  431,  771,  677,  570,  630,  803,  663,  235,  224,  504,  902,  749,  829,  582,  763,  408,  684,  846,  743,  110,  639,  121,  186,  227,  115,  619,  618,  816,  473,  593,  498,  379,  827,  973,  751,  634,  221,  605,  346,  664,  708,  701,  921,  737],
        [  162,    0,  387,  177,  400,   57,  452,  550,  155,  284,  604,  236,  698,  503,  474,  371,  440,  398,  127,  133,  507,   99,  437,  482,  165,  543,  197,  368,  495,  419,  535,   93,  603,  438,  416,    0,  466,  412,  266,  437,  432,  406,  314,  560,  544,  636,  688,  448,  606,  714,  406,  303,  533,  450,  362,  398,  315,  178,  558,  543,  273,  546,  608,  401,  507,  412,  651,  242,  427,  118,  304,  437,  395,  456,  294,  443,  236,  601,  517,  324,  396,  404,  121,  370,  105,  338,  477,  558,  396,  547,  573,  265,  223,  287,  437,  424,  506,  369],
        [  499,    0,  596,  432,  567,  437,  411,  873,  468,  653,  845,  534,  730,  967,  912,  125,  499,  714,  346,  599,  823,  380,  401,  766,  430, 1009,  382,  820,   59,  696,  124,  434, 1052,  812,  166,  466,    0,  598,  732,  423,   88,  566,  584, 1021,   79, 1086, 1144,  906,  797,  784,  870,  254,  744,  293,  338,  756,  765,  584,  507,  730,  736,   84,  159,  651,  972,  715,  724,  566,  728,  498,  681,  863,  716,   60,  732,  285,  282,  144,  238,  728,  547,  866,  482,  721,  522,  292,  794, 1004,  843,  515,  109,  699,  314,  744,  828,  644,  950,  823],
        [  573,    0,  797,  249,   32,  364,  246,  940,  258,  679, 1012,  181,  304,  631,  488,  585,  143,  180,  453,  430,  903,  458,  244,  184,  261,  690,  574,  468,  653,  827,  716,  493,  627,  307,  662,  412,  598,    0,  506,  221,  516,   37,  725,  659,  664,  662,  730,  549,  212,  308,  626,  608,  944,  757,  266,  253,  626,  293,  269,  143,  552,  640,  754,  812,  695,  165,  248,  191,  171,  529,  250,  426,  186,  630,  630,  747,  551,  735,  776,  692,   55,  548,  291,  764,  327,  307,  232,  580,  692,  248,  694,  614,  319,  586,  801,   52,  534,  655],
        [  307,    0,  478,  370,  511,  302,  647,  484,  328,  280,  601,  345,  809,  242,  268,  634,  597,  390,  390,  135,  461,  358,  634,  474,  363,  278,  415,  152,  759,  440,  797,  318,  366,  345,  671,  266,  732,  506,    0,  626,  695,  519,  394,  302,  809,  394,  437,  203,  639,  802,  144,  550,  571,  681,  578,  341,  131,  223,  732,  594,   56,  811,  872,  455,  242,  412,  749,  321,  422,  275,  274,  262,  383,  720,  156,  676,  487,  866,  763,  238,  520,  149,  292,  337,  237,  570,  438,  328,  187,  716,  839,  161,  465,   92,  323,  489,  284,  149],
        [  580,    0,  783,  267,  191,  381,   26,  985,  305,  720, 1024,  288,  319,  801,  680,  447,   85,  390,  414,  514,  941,  434,   25,  405,  278,  857,  534,  634,  481,  841,  546,  489,  824,  515,  528,  437,  423,  221,  626,    0,  336,  185,  726,  838,  477,  860,  926,  722,  387,  366,  764,  513,  941,  643,  101,  458,  724,  406,  124,  324,  661,  447,  568,  814,  848,  380,  303,  320,  388,  545,  425,  618,  395,  466,  715,  633,  474,  547,  635,  758,  168,  707,  344,  805,  398,  152,  452,  775,  800,  118,  505,  691,  241,  687,  871,  273,  725,  767],
        [  492,    0,  620,  369,  485,  394,  324,  885,  408,  650,  872,  465,  644,  923,  856,  160,  413,  640,  322,  560,  836,  357,  314,  687,  368,  968,  386,  770,  146,  712,  211,  416,  998,  744,  227,  432,   88,  516,  695,  336,    0,  483,  596,  975,  149, 1033, 1092,  858,  712,  697,  836,  280,  774,  355,  253,  687,  741,  528,  421,  645,  704,  130,  238,  670,  936,  640,  637,  499,  652,  482,  616,  803,  642,  137,  713,  346,  288,  220,  316,  719,  464,  822,  427,  723,  473,  209,  719,  949,  821,  428,  179,  680,  250,  717,  824,  563,  896,  798],
        [  566,    0,  789,  237,    9,  356,  210,  942,  251,  679, 1008,  183,  298,  656,  517,  557,  109,  212,  438,  435,  903,  445,  208,  220,  249,  714,  560,  490,  621,  823,  685,  484,  657,  339,  636,  406,  566,   37,  519,  185,  483,    0,  718,  685,  631,  693,  760,  574,  237,  309,  644,  586,  938,  733,  232,  284,  636,  301,  238,  168,  564,  607,  721,  806,  716,  199,  247,  200,  205,  523,  273,  454,  218,  599,  637,  724,  531,  702,  749,  696,   20,  569,  287,  764,  328,  275,  268,  609,  704,  218,  661,  620,  295,  596,  807,   88,  562,  667],
        [  153,    0,   86,  485,  713,  364,  737,  290,  468,  129,  298,  548, 1007,  605,  662,  460,  744,  693,  316,  342,  241,  293,  721,  781,  473,  617,  213,  544,  580,  119,  587,  240,  751,  701,  448,  314,  584,  725,  394,  726,  596,  718,    0,  666,  645,  775,  806,  590,  916, 1027,  464,  332,  220,  388,  637,  675,  319,  466,  849,  855,  353,  666,  671,   89,  555,  710,  963,  549,  724,  197,  584,  650,  689,  543,  273,  387,  309,  675,  492,  212,  708,  532,  434,  151,  406,  599,  765,  718,  368,  842,  665,  248,  488,  331,  270,  735,  676,  372],
        [  605,    0,  745,  620,  677,  585,  862,  652,  577,  540,  800,  554,  931,   62,  179,  930,  786,  489,  686,  428,  650,  655,  853,  541,  617,   75,  716,  209, 1053,  679, 1094,  619,  113,  374,  971,  560, 1021,  659,  302,  838,  975,  685,  666,    0, 1100,  120,  140,  119,  706,  903,  205,  851,  802,  982,  817,  414,  349,  454,  921,  689,  323, 1097, 1167,  708,  140,  508,  864,  521,  511,  575,  416,  239,  481, 1015,  394,  977,  787, 1159, 1064,  467,  694,  156,  551,  566,  503,  822,  484,  120,  321,  902, 1130,  419,  732,  338,  492,  622,  138,  302],
        [  569,    0,  649,  509,  633,  515,  462,  933,  545,  721,  894,  609,  774, 1045,  990,  190,  557,  787,  422,  676,  883,  456,  454,  836,  506, 1087,  450,  899,   66,  754,  100,  508, 1130,  887,  205,  544,   79,  664,  809,  477,  149,  631,  645, 1100,    0, 1165, 1222,  984,  858,  832,  947,  314,  792,  320,  400,  831,  839,  662,  549,  792,  812,   40,   91,  707, 1049,  787,  773,  642,  799,  571,  757,  940,  789,  103,  806,  313,  351,   72,  241,  798,  612,  945,  560,  785,  600,  357,  866, 1082,  917,  560,   32,  773,  390,  819,  895,  711, 1029,  898],
        [  701,    0,  855,  668,  685,  653,  885,  771,  627,  650,  919,  588,  911,  175,  182, 1003,  798,  484,  762,  508,  769,  734,  877,  519,  667,  192,  806,  269, 1122,  794, 1167,  704,   37,  359, 1051,  636, 1086,  662,  394,  860, 1033,  693,  775,  120, 1165,    0,   68,  192,  673,  874,  319,  935,  918, 1072,  852,  410,  460,  506,  930,  668,  425, 1159, 1237,  821,  259,  501,  844,  553,  500,  667,  438,  242,  478, 1085,  505, 1066,  869, 1227, 1149,  581,  704,  247,  606,  681,  565,  865,  460,   86,  439,  910, 1195,  527,  785,  445,  611,  619,  139,  418],
        [  742,    0,  885,  729,  752,  709,  951,  779,  688,  679,  930,  652,  978,  202,  247, 1057,  865,  552,  814,  558,  780,  785,  943,  586,  728,  198,  852,  324, 1178,  816, 1221,  752,  103,  426, 1102,  688, 1144,  730,  437,  926, 1092,  760,  806,  140, 1222,   68,    0,  240,  739,  940,  344,  984,  937, 1118,  917,  477,  488,  565,  998,  735,  462, 1217, 1292,  846,  267,  569,  911,  617,  568,  712,  503,  308,  545, 1140,  534, 1112,  919, 1283, 1198,  606,  771,  289,  666,  703,  622,  928,  527,  152,  456,  978, 1252,  559,  845,  477,  623,  687,  202,  440],
        [  509,    0,  672,  501,  566,  470,  745,  624,  459,  468,  761,  437,  830,   83,  106,  818,  672,  385,  575,  318,  613,  545,  736,  447,  498,  142,  615,   90,  939,  620,  982,  514,  163,  282,  863,  448,  906,  549,  203,  722,  858,  574,  590,  119,  984,  192,  240,    0,  617,  807,  161,  745,  749,  881,  698,  313,  285,  336,  808,  592,  238,  981, 1054,  642,  166,  406,  765,  403,  411,  476,  302,  148,  378,  901,  326,  875,  679, 1045,  959,  408,  581,   59,  433,  510,  386,  703,  394,  128,  285,  789, 1015,  345,  614,  262,  458,  515,   94,  255],
        [  766,    0,  992,  456,  238,  564,  406, 1106,  458,  855, 1193,  371,  248,  697,  528,  793,  303,  249,  661,  596, 1073,  663,  411,  171,  468,  756,  780,  555,  853, 1011,  917,  693,  642,  336,  872,  606,  797,  212,  639,  387,  712,  237,  916,  706,  858,  673,  739,  617,    0,  202,  733,  819, 1133,  968,  459,  309,  768,  458,  369,   70,  691,  831,  949, 1001,  779,  228,  184,  367,  218,  721,  366,  472,  256,  833,  782,  958,  762,  929,  985,  854,  255,  635,  486,  936,  511,  506,  223,  602,  822,  349,  887,  772,  529,  727,  955,  184,  570,  784],
        [  874,    0, 1096,  543,  315,  664,  375, 1247,  560,  986, 1317,  488,   70,  889,  724,  812,  304,  426,  738,  736, 1210,  748,  386,  362,  556,  948,  861,  738,  842, 1132,  907,  791,  843,  530,  892,  714,  784,  308,  802,  366,  697,  309, 1027,  903,  832,  874,  940,  807,  202,    0,  911,  867, 1247, 1004,  462,  495,  927,  598,  286,  216,  852,  798,  921, 1115,  966,  404,   66,  497,  398,  832,  532,  666,  433,  831,  934,  995,  820,  899, 1000,  999,  319,  819,  596, 1071,  634,  514,  419,  802,  989,  273,  857,  920,  578,  886, 1106,  314,  767,  951],
        [  416,    0,  542,  513,  636,  444,  786,  465,  470,  336,  605,  479,  924,  144,  263,  767,  729,  487,  526,  277,  456,  492,  774,  563,  506,  155,  534,  182,  895,  476,  929,  446,  301,  410,  799,  406,  870,  626,  144,  764,  836,  644,  464,  205,  947,  319,  344,  161,  733,  911,    0,  675,  600,  796,  720,  425,  145,  359,  866,  697,  137,  950, 1007,  504,  103,  509,  862,  451,  517,  393,  380,  290,  480,  855,  191,  791,  615, 1001,  884,  263,  647,  111,  435,  363,  380,  714,  517,  279,  126,  849,  976,  218,  609,  140,  299,  603,  254,  100],
        [  268,    0,  343,  372,  583,  304,  513,  620,  386,  412,  594,  475,  828,  792,  777,  130,  563,  662,  184,  428,  570,  205,  498,  735,  362,  824,  145,  669,  250,  442,  264,  233,  903,  727,  127,  303,  254,  608,  550,  513,  280,  586,  332,  851,  314,  935,  984,  745,  819,  867,  675,    0,  495,  154,  413,  680,  551,  469,  628,  750,  539,  335,  348,  397,  777,  670,  802,  497,  685,  283,  590,  739,  661,  212,  512,  146,   69,  348,  215,  493,  569,  696,  379,  473,  395,  363,  746,  859,  625,  628,  335,  479,  293,  538,  585,  640,  808,  611],
        [  373,    0,  159,  705,  933,  583,  950,  211,  688,  295,  104,  767, 1227,  744,  835,  622,  962,  905,  528,  549,  179,  508,  934,  994,  692,  740,  412,  721,  727,  132,  716,  458,  900,  901,  587,  533,  744,  944,  571,  941,  774,  938,  220,  802,  792,  918,  937,  749, 1133, 1247,  600,  495,    0,  488,  848,  881,  465,  679, 1064, 1073,  521,  820,  797,  133,  672,  923, 1183,  767,  937,  416,  793,  833,  901,  694,  424,  491,  494,  806,  593,  342,  928,  691,  654,  240,  623,  807,  974,  875,  481, 1057,  806,  411,  701,  490,  320,  954,  841,  501],
        [  380,    0,  364,  525,  731,  456,  639,  655,  540,  497,  591,  628,  961,  921,  920,  202,  701,  816,  336,  567,  606,  354,  626,  889,  515,  949,  267,  809,  257,  477,  232,  370, 1042,  880,  129,  450,  293,  757,  681,  643,  355,  733,  388,  982,  320, 1072, 1118,  881,  968, 1004,  796,  154,  488,    0,  543,  833,  662,  620,  750,  899,  663,  354,  311,  426,  896,  824,  940,  651,  839,  407,  743,  886,  815,  234,  619,   10,  220,  321,  107,  583,  716,  829,  532,  538,  546,  492,  899,  999,  729,  753,  328,  587,  439,  656,  657,  791,  949,  722],
        [  494,    0,  690,  209,  234,  306,  103,  903,  251,  640,  934,  265,  418,  774,  671,  350,  164,  410,  322,  456,  858,  345,   88,  444,  217,  827,  439,  609,  395,  753,  459,  403,  816,  527,  431,  362,  338,  266,  578,  101,  253,  232,  637,  817,  400,  852,  917,  698,  459,  462,  720,  413,  848,  543,    0,  468,  664,  367,  219,  392,  607,  375,  490,  723,  811,  405,  399,  300,  416,  463,  416,  612,  413,  377,  650,  534,  375,  471,  540,  685,  213,  676,  288,  725,  343,   52,  482,  767,  743,  217,  430,  623,  149,  630,  799,  315,  715,  711],
        [  539,    0,  758,  327,  277,  379,  483,  822,  299,  589,  926,  223,  518,  395,  239,  704,  391,   76,  498,  334,  795,  485,  477,  139,  332,  455,  594,  246,  803,  752,  859,  490,  375,   59,  771,  398,  756,  253,  341,  458,  687,  284,  675,  414,  831,  410,  477,  313,  309,  495,  425,  680,  881,  833,  468,    0,  472,  221,  521,  279,  396,  816,  914,  753,  472,   95,  452,  192,   98,  493,   95,  177,   69,  772,  493,  825,  613,  900,  882,  571,  296,  327,  302,  662,  294,  492,   98,  328,  519,  501,  863,  489,  444,  432,  663,  211,  284,  481],
        [  284,    0,  397,  459,  628,  365,  743,  357,  420,  192,  481,  456,  929,  288,  373,  654,  705,  520,  421,  210,  337,  386,  729,  605,  450,  299,  407,  265,  783,  336,  811,  332,  439,  474,  677,  315,  765,  626,  131,  724,  741,  636,  319,  349,  839,  460,  488,  285,  768,  927,  145,  551,  465,  662,  664,  472,    0,  335,  836,  721,   77,  847,  891,  361,  239,  541,  871,  437,  552,  271,  403,  381,  513,  743,   46,  658,  495,  888,  755,  124,  634,  227,  381,  226,  327,  648,  569,  411,   81,  822,  866,   76,  535,   41,  193,  613,  377,   61],
        [  323,    0,  546,  166,  294,  166,  428,  652,  124,  398,  736,  123,  597,  408,  329,  511,  375,  228,  286,  139,  617,  268,  416,  316,  163,  460,  374,  246,  623,  554,  673,  270,  470,  261,  570,  178,  584,  293,  223,  406,  528,  301,  466,  454,  662,  506,  565,  336,  458,  598,  359,  469,  679,  620,  367,  221,  335,    0,  510,  402,  264,  655,  738,  548,  445,  245,  540,  103,  259,  276,  127,  280,  224,  588,  337,  613,  401,  726,  678,  401,  300,  309,  102,  479,   75,  369,  304,  421,  405,  494,  693,  322,  280,  295,  509,  287,  368,  369],
        [  702,    0,  906,  385,  246,  501,  116, 1106,  419,  841, 1147,  388,  226,  889,  754,  551,  138,  448,  537,  627, 1063,  557,  132,  438,  396,  947,  656,  723,  565,  964,  629,  612,  895,  575,  630,  558,  507,  269,  732,  124,  421,  238,  849,  921,  549,  930,  998,  808,  369,  286,  866,  628, 1064,  750,  219,  521,  836,  510,    0,  321,  770,  515,  638,  937,  944,  433,  233,  415,  437,  667,  507,  692,  454,  557,  830,  741,  593,  616,  732,  876,  228,  800,  459,  927,  511,  266,  493,  847,  911,   22,  574,  807,  364,  799,  990,  315,  800,  876],
        [  704,    0,  930,  389,  169,  499,  345, 1053,  393,  799, 1135,  308,  244,  674,  511,  724,  240,  211,  594,  541, 1019,  597,  348,  150,  401,  733,  714,  523,  786,  952,  849,  628,  635,  316,  803,  543,  730,  143,  594,  324,  645,  168,  855,  689,  792,  668,  735,  592,   70,  216,  697,  750, 1073,  899,  392,  279,  721,  402,  321,    0,  646,  765,  882,  941,  751,  189,  177,  307,  182,  659,  321,  451,  218,  765,  733,  890,  693,  863,  916,  802,  186,  604,  422,  881,  451,  438,  209,  592,  780,  300,  821,  721,  460,  681,  906,  120,  554,  742],
        [  283,    0,  436,  399,  556,  317,  681,  429,  358,  233,  547,  386,  856,  261,  315,  631,  637,  443,  390,  152,  407,  357,  668,  528,  391,  287,  399,  200,  759,  391,  793,  310,  399,  400,  663,  273,  736,  552,   56,  661,  704,  564,  353,  323,  812,  425,  462,  238,  691,  852,  137,  539,  521,  663,  607,  396,   77,  264,  770,  646,    0,  817,  871,  408,  239,  465,  797,  365,  476,  258,  326,  314,  437,  720,  101,  658,  479,  865,  749,  185,  563,  180,  320,  285,  265,  595,  493,  365,  142,  755,  841,  111,  485,   37,  268,  538,  325,  106],
        [  582,    0,  674,  498,  609,  513,  431,  954,  535,  736,  922,  595,  740, 1044,  983,  207,  529,  769,  427,  677,  904,  462,  424,  815,  496, 1087,  465,  894,   97,  777,  139,  516, 1124,  873,  235,  546,   84,  640,  811,  447,  130,  607,  666, 1097,   40, 1159, 1217,  981,  831,  798,  950,  335,  820,  354,  375,  816,  847,  655,  515,  765,  817,    0,  124,  730, 1052,  768,  741,  629,  780,  581,  745,  931,  772,  127,  815,  347,  366,  102,  279,  812,  588,  943,  553,  803,  596,  335,  848, 1075,  926,  526,   60,  782,  378,  826,  911,  689, 1022,  905],
        [  614,    0,  664,  590,  722,  584,  553,  953,  624,  759,  900,  692,  863, 1111, 1065,  240,  648,  872,  483,  741,  903,  516,  544,  923,  586, 1150,  491,  969,  115,  773,   85,  562, 1203,  970,  224,  608,  159,  754,  872,  568,  238,  721,  671, 1167,   91, 1237, 1292, 1054,  949,  921, 1007,  348,  797,  311,  490,  914,  891,  738,  638,  882,  871,  124,    0,  724, 1109,  873,  863,  724,  886,  621,  838, 1017,  874,  153,  855,  307,  397,   24,  212,  840,  702, 1011,  636,  817,  673,  447,  953, 1155,  968,  649,   65,  822,  471,  875,  931,  800, 1102,  951],
