{
    "name": "random-64-32342",
    "comment": "size=64 seed=32342",
    "nodes": ["+0", "-0", "+1", "-1", "+2", "-2", "+3", "-3", "+4", "-4", "+5", "-5", "+6", "-6", "+7", "-7", "+8", "-8", "+9", "-9", "+10", "-10", "+11", "-11", "+12", "-12", "+13", "-13", "+14", "-14", "+15", "-15", "+16", "-16", "+17", "-17", "+18", "-18", "+19", "-19", "+20", "-20", "+21", "-21", "+22", "-22", "+23", "-23", "+24", "-24", "+25", "-25", "+26", "-26", "+27", "-27", "+28", "-28", "+29", "-29", "+30", "-30", "+31", "-31", "+32", "-32", "+33", "-33", "+34", "-34", "+35", "-35", "+36", "-36", "+37", "-37", "+38", "-38", "+39", "-39", "+40", "-40", "+41", "-41", "+42", "-42", "+43", "-43", "+44", "-44", "+45", "-45", "+46", "-46", "+47", "-47", "+48", "-48", "+49", "-49", "+50", "-50", "+51", "-51", "+52", "-52", "+53", "-53", "+54", "-54", "+55", "-55", "+56", "-56", "+57", "-57", "+58", "-58", "+59", "-59", "+60", "-60", "+61", "-61", "+62", "-62", "+63", "-63", "+64", "-64"],
    "precedence": {
        "+0": "-0",
        "+1": "-1",
        "+2": "-2",
        "+3": "-3",
        "+4": "-4",
        "+5": "-5",
        "+6": "-6",
        "+7": "-7",
        "+8": "-8",
        "+9": "-9",
        "+10": "-10",
        "+11": "-11",
        "+12": "-12",
        "+13": "-13",
        "+14": "-14",
        "+15": "-15",
        "+16": "-16",
        "+17": "-17",
        "+18": "-18",
        "+19": "-19",
        "+20": "-20",
        "+21": "-21",
        "+22": "-22",
        "+23": "-23",
        "+24": "-24",
        "+25": "-25",
        "+26": "-26",
        "+27": "-27",
        "+28": "-28",
        "+29": "-29",
        "+30": "-30",
        "+31": "-31",
        "+32": "-32",
        "+33": "-33",
        "+34": "-34",
        "+35": "-35",
        "+36": "-36",
        "+37": "-37",
        "+38": "-38",
        "+39": "-39",
        "+40": "-40",
        "+41": "-41",
        "+42": "-42",
        "+43": "-43",
        "+44": "-44",
        "+45": "-45",
        "+46": "-46",
        "+47": "-47",
        "+48": "-48",
        "+49": "-49",
        "+50": "-50",
        "+51": "-51",
        "+52": "-52",
        "+53": "-53",
        "+54": "-54",
        "+55": "-55",
        "+56": "-56",
        "+57": "-57",
        "+58": "-58",
        "+59": "-59",
        "+60": "-60",
        "+61": "-61",
        "+62": "-62",
        "+63": "-63",
        "+64": "-64"
    },
    "edges": [
        [    0,    0,  772,  431,  574,  742, 1173,  561,  943,  855,  563,  866,  380,  347,  713,  546,  904,  515,  902,  709,  734,  280,  484,  984,  725,  658,  534,  337,  509, 1125,  148,  408,  593,  829,  879,  950, 1005,  216,  600,  971, 1003,  978,  942,  175,  545,  931,  378,  537,  761,  678,  580,  144,  396, 1024,  844,  735, 1091,  768,  867,  346,  879,  650,  331, 1020,  904,  328,  986, 1221,  194,  192,  343,  550,  217,  694,  724,  100,  758,  652,  563,  986,  977,  388,  912,  840,  852,  292,  559,  378,  960,  146,   79,  793,   95,  856,  597,  919,  476,  252,  318,  713,  714,  494,  890,  888,  558,  900,  338,  846,  405, 1005,  936,  466, 1145,  429,  953,  655,  975,  342,  771,  524,  783,  739,  621,  619,  818,  978,  808,  811,  850,  181],
        [    0,    0,    0,    0,    0,    0,    0,    0,    0,    0,    0,    0,    0,    0,    0,    0,    0,    0,    0,    0,    0,    0,    0,    0,    0,    0,    0,    0,    0,    0,    0,    0,    0,    0,    0,    0,    0,    0,    0,    0,    0,    0,    0,    0,    0,    0,    0,    0,    0,    0,    0,    0,    0,    0,    0,    0,    0,    0,    0,    0,    0,    0,    0,    0,    0,    0,    0,    0,    0,    0,    0,    0,    0,    0,    0,    0,    0,    0,    0,    0,    0,    0,    0,    0,    0,    0,    0,    0,    0,    0,    0,    0,    0,    0,    0,    0,    0,    0,    0,    0,    0,    0,    0,    0,    0,    0,    0,    0,    0,    0,    0,    0,    0,    0,    0,    0,    0,    0,    0,    0,    0,    0,    0,    0,    0,    0,    0,    0,    0,    0],
        [  772,    0,    0,  747,  562,  695,  610,  730,  316,  533,  673,  479,  472,  434,  107,  679,  464,  291,  227,  188,  775,  493,  738,  218,  348,  752,  519,  726,  443,  618,  751,  571,  675,  410,  393,  290,  628,  561,  249,  224,  411,  380,  249,  655,  410,  381,  737,  238,  127,  243,  203,  720,  377,  487,  282,  339,  546,  569,  583,  468,  522,  144,  605,  434,  375,  508,  532,  603,  628,  703,  540,  228,  574,  659,  857,  675,  155,  868,  263,  410,  553,  420,  395,  370,  336,  481,  325,  609,  199,  627,  785,  320,  756,  162,  256,  428,  322,  586,  575,  573,  138,  407,  196,  499,  376,  348,  569,  274,  524,  234,  207,  405,  518,  346,  190,  518,  268,  437,  583,  248,   15,  723,  790,  543,  296,  548,   40,  237,  102,  593],
        [  431,    0,  747,    0,  250,  348,  903,  141, 1024,  544,  170,  583,  296,  399,  648,  150,  634,  464,  764,  594,  315,  438,   59,  909,  509,  238,  256,   95,  738,  834,  285,  177,  198,  577, 1024, 1012,  677,  449,  710,  970,  784,  769,  984,  525,  350,  709,   54,  543,  668,  539,  633,  540,  463,  770,  945,  891,  827,  432,  534,  561,  576,  604,  176,  793, 1031,  579,  699,  975,  289,  243,  237,  603,  485,  311,  294,  430,  649,  225,  673,  762,  678,  365, 1047,  986,  978,  415,  716,  146,  942,  423,  508,  927,  513,  746,  494,  670,  444,  266,  215,  372,  628,  340,  927,  599,  382,  690,  641,  670,  683,  949,  825,  343,  917,  468,  931,  347,  838,  495,  428,  556,  761,  335,  191,  299,  934,  682,  770,  654,  779,  426],
        [  574,    0,  562,  250,    0,  192,  656,  175,  866,  302,  115,  335,  245,  361,  455,  126,  384,  325,  532,  385,  237,  443,  212,  692,  269,  195,   59,  295,  694,  590,  452,  166,  114,  328,  898,  847,  444,  490,  602,  778,  535,  522,  810,  598,  159,  461,  276,  413,  460,  327,  507,  637,  400,  520,  804,  783,  578,  198,  301,  548,  331,  429,  244,  544,  897,  581,  452,  726,  384,  392,  243,  484,  528,  141,  301,  529,  437,  307,  571,  513,  434,  299,  915,  864,  846,  413,  634,  200,  744,  501,  638,  804,  630,  524,  312,  420,  326,  330,  259,  141,  429,  191,  755,  351,  191,  444,  659,  432,  677,  736,  599,  217,  668,  385,  732,   98,  603,  469,  200,  437,  576,  205,  229,   51,  801,  437,  576,  422,  571,  486],
        [  742,    0,  695,  348,  192,    0,  610,  211, 1009,  260,  183,  321,  436,  553,  589,  203,  374,  500,  606,  508,   94,  634,  291,  782,  355,  131,  250,  425,  882,  529,  608,  344,  153,  353, 1059,  984,  356,  679,  776,  895,  547,  545,  942,  784,  331,  484,  393,  586,  578,  452,  678,  819,  589,  503,  958,  954,  544,  151,  226,  740,  294,  578,  415,  548, 1052,  773,  411,  696,  561,  552,  428,  658,  718,   52,  195,  709,  551,  258,  748,  524,  382,  491, 1071, 1026, 1005,  604,  815,  366,  857,  685,  812,  968,  807,  619,  466,  424,  508,  511,  438,  124,  558,  375,  891,  325,  356,  481,  851,  499,  868,  832,  681,  404,  657,  572,  845,  181,  667,  661,  139,  613,  708,   33,  201,  174,  960,  387,  701,  506,  680,  672],
        [ 1173,    0,  610,  903,  656,  610,    0,  793,  849,  362,  742,  322,  793,  850,  568,  761,  275,  691,  384,  516,  698,  942,  857,  500,  449,  738,  668,  948, 1027,   88, 1081,  796,  720,  346,  974,  809,  265, 1012,  841,  666,  202,  233,  757, 1128,  629,  255,  931,  723,  512,  519,  761, 1185,  833,  150,  864,  947,   82,  479,  385,  984,  329,  618,  871,  179,  944, 1027,  205,   97,  983, 1020,  837,  767, 1042,  620,  798, 1099,  494,  868,  841,  208,  230,  794,  964,  960,  921,  916,  914,  839,  624, 1057, 1219,  919, 1200,  448,  603,  254,  728,  924,  868,  535,  544,  680,  734,  305,  616,  291, 1105,  364, 1081,  545,  426,  708,  123,  798,  614,  559,  364,  920,  485,  752,  613,  639,  806,  606,  887,  225,  581,  407,  518, 1028],
        [  561,    0,  730,  141,  175,  211,  793,    0, 1028,  432,   61,  480,  338,  456,  625,   52,  533,  472,  705,  558,  175,  517,   83,  866,  442,   99,  212,  228,  803,  719,  418,  214,   74,  487, 1048, 1011,  554,  544,  741,  949,  695,  685,  976,  635,  321,  623,  191,  559,  633,  499,  653,  659,  511,  669,  959,  924,  720,  315,  414,  637,  466,  593,  259,  701, 1050,  662,  589,  872,  399,  370,  300,  626,  583,  180,  175,  547,  610,  143,  707,  672,  565,  407, 1067, 1012,  998,  490,  761,  212,  916,  532,  636,  952,  637,  699,  476,  575,  463,  361,  294,  259,  600,  335,  921,  492,  355,  610,  732,  604,  764,  910,  773,  351,  821,  507,  904,  256,  776,  562,  309,  578,  744,  196,   73,  211,  953,  569,  747,  596,  745,  528],
        [  943,    0,  316, 1024,  866, 1009,  849, 1028,    0,  842,  973,  785,  732,  656,  420,  977,  762,  562,  488,  502, 1087,  679, 1025,  352,  663, 1060,  818,  986,  472,  880,  965,  848,  979,  717,  152,   42,  924,  730,  346,  188,  669,  642,   93,  789,  709,  662, 1006,  482,  439,  557,  397,  850,  588,  755,  103,  239,  802,  883,  894,  600,  828,  438,  864,  690,  111,  624,  819,  814,  847,  929,  798,  428,  727,  971, 1165,  845,  468, 1169,  385,  676,  845,  667,  128,  165,  125,  680,  388,  880,  228,  801,  931,  174,  898,  438,  555,  720,  581,  819,  829,  887,  452,  695,  124,  802,  676,  635,  651,  569,  585,  313,  428,  684,  736,  570,  236,  831,  487,  609,  897,  473,  303, 1036, 1092,  853,  136,  839,  317,  539,  360,  768],
        [  855,    0,  533,  544,  302,  260,  362,  432,  842,    0,  381,   67,  485,  573,  439,  400,  117,  448,  384,  357,  353,  666,  497,  563,  201,  382,  326,  596,  839,  290,  746,  456,  359,  126,  923,  811,  151,  729,  688,  699,  291,  292,  763,  845,  323,  234,  575,  516,  406,  318,  589,  895,  580,  244,  813,  845,  289,  118,   53,  742,   35,  456,  534,  290,  907,  782,  157,  441,  662,  685,  513,  581,  764,  261,  454,  795,  378,  514,  671,  268,  134,  509,  927,  896,  866,  637,  746,  496,  657,  759,  912,  842,  899,  414,  377,  170,  475,  604,  539,  174,  406,  379,  719,   66,  324,  240,  863,  282,  860,  615,  459,  413,  398,  551,  645,  207,  432,  666,  126,  547,  544,  291,  449,  251,  824,  138,  526,  305,  488,  736],
        [  563,    0,  673,  170,  115,  183,  742,   61,  973,  381,    0,  425,  301,  421,  567,   21,  478,  421,  645,  499,  177,  489,  117,  806,  381,  109,  155,  243,  766,  669,  426,  184,   30,  430,  998,  955,  509,  523,  694,  890,  637,  627,  919,  621,  265,  565,  212,  508,  574,  440,  603,  650,  471,  614,  907,  877,  667,  265,  367,  605,  414,  537,  244,  644,  998,  633,  537,  818,  389,  372,  273,  578,  562,  142,  208,  538,  551,  197,  661,  615,  514,  367, 1016,  962,  947,  461,  718,  195,  857,  519,  635,  902,  633,  639,  420,  519,  415,  345,  274,  207,  541,  283,  865,  439,  298,  551,  706,  544,  734,  851,  713,  303,  765,  464,  846,  197,  716,  529,  261,  529,  687,  177,  120,  152,  902,  518,  688,  535,  685,  511],
        [  866,    0,  479,  583,  335,  321,  322,  480,  785,   67,  425,    0,  489,  566,  392,  444,   55,  428,  319,  311,  415,  660,  539,  498,  170,  438,  348,  627,  810,  261,  765,  477,  406,   71,  871,  753,  164,  725,  650,  637,  227,  227,  704,  843,  324,  168,  610,  487,  353,  281,  554,  895,  565,  190,  761,  800,  244,  173,  118,  726,   44,  415,  554,  228,  854,  767,  121,  394,  674,  704,  525,  548,  759,  317,  515,  800,  326,  572,  637,  204,  113,  504,  874,  846,  815,  631,  712,  520,  595,  761,  919,  793,  903,  353,  349,  105,  458,  615,  554,  223,  358,  379,  661,   25,  318,  173,  848,  220,  839,  550,  394,  411,  342,  534,  583,  238,  366,  653,  183,  518,  490,  353,  503,  285,  773,  113,  470,  247,  428,  736],
        [  380,    0,  472,  296,  245,  436,  793,  338,  732,  485,  301,  489,    0,  121,  385,  294,  525,  182,  545,  354,  468,  199,  307,  660,  345,  409,  189,  256,  466,  746,  303,  127,  322,  449,  729,  723,  635,  250,  415,  694,  626,  603,  697,  364,  166,  553,  274,  251,  419,  312,  338,  411,  174,  644,  651,  597,  712,  414,  504,  307,  505,  330,  134,  642,  736,  338,  608,  843,  192,  246,   68,  308,  288,  385,  508,  312,  409,  478,  378,  608,  601,   71,  751,  691,  683,  168,  427,  150,  671,  274,  430,  632,  415,  510,  240,  539,  154,  135,  104,  367,  374,  114,  641,  512,  178,  523,  415,  475,  436,  693,  592,   88,  769,  174,  661,  299,  621,  229,  420,  261,  486,  447,  410,  275,  639,  602,  501,  445,  524,  252],
        [  347,    0,  434,  399,  361,  553,  850,  456,  656,  573,  421,  566,  121,    0,  367,  414,  593,  170,  556,  364,  588,   94,  419,  641,  406,  529,  304,  340,  347,  813,  318,  243,  442,  515,  634,  653,  721,  162,  321,  647,  668,  642,  634,  279,  252,  600,  367,  197,  414,  339,  262,  336,   69,  701,  567,  496,  769,  516,  599,  188,  588,  305,  224,  687,  646,  222,  679,  889,  197,  275,  163,  231,  194,  502,  627,  258,  412,  594,  282,  653,  677,   65,  660,  595,  592,   67,  319,  256,  630,  212,  377,  538,  354,  509,  254,  598,  130,  163,  185,  475,  367,  196,  579,  589,  249,  566,  301,  507,  317,  666,  589,  162,  810,   91,  621,  404,  629,  109,  524,  192,  446,  565,  529,  387,  550,  677,  468,  469,  506,  181],
        [  713,    0,  107,  648,  455,  589,  568,  625,  420,  439,  567,  392,  385,  367,    0,  574,  384,  207,  206,   85,  668,  440,  636,  277,  247,  646,  414,  633,  460,  562,  676,  474,  569,  321,  485,  396,  548,  511,  275,  325,  367,  336,  356,  616,  306,  321,  641,  182,   58,  137,  194,  679,  320,  432,  377,  409,  497,  466,  488,  442,  432,   64,  514,  390,  472,  484,  460,  578,  555,  624,  452,  205,  530,  552,  750,  621,   75,  762,  274,  361,  476,  340,  491,  457,  429,  423,  347,  514,  295,  573,  736,  403,  709,  148,  154,  357,  243,  507,  488,  467,   34,  308,  303,  413,  272,  285,  555,  209,  522,  308,  224,  310,  493,  285,  284,  412,  271,  394,  480,  204,  121,  616,  684,  437,  385,  472,  123,  166,  141,  539],
        [  546,    0,  679,  150,  126,  203,  761,   52,  977,  400,   21,  444,  294,  414,  574,    0,  496,  422,  657,  507,  191,  479,   98,  817,  395,  120,  161,  223,  759,  689,  408,  174,   50,  446,  998,  960,  529,  511,  693,  898,  654,  643,  925,  607,  270,  581,  191,  509,  583,  449,  603,  635,  466,  632,  909,  876,  686,  285,  387,  597,  433,  542,  230,  661, 1000,  624,  556,  837,  374,  354,  262,  577,  550,  163,  214,  523,  560,  193,  659,  632,  534,  361, 1017,  962,  948,  451,  715,  181,  865,  505,  618,  903,  617,  649,  425,  536,  414,  331,  261,  226,  549,  285,  870,  457,  304,  566,  696,  557,  725,  860,  725,  302,  783,  460,  854,  213,  729,  521,  281,  528,  693,  195,  119,  167,  903,  537,  696,  547,  694,  497],
        [  904,    0,  464,  634,  384,  374,  275,  533,  762,  117,  478,   55,  525,  593,  384,  496,    0,  446,  285,  309,  468,  687,  591,  461,  189,  492,  394,  674,  819,  222,  807,  522,  459,   79,  856,  728,  165,  754,  651,  607,  174,  176,  679,  871,  359,  121,  659,  497,  340,  287,  557,  926,  587,  137,  744,  792,  195,  227,  164,  745,   86,  415,  597,  174,  836,  788,   86,  342,  712,  746,  565,  555,  787,  371,  569,  834,  314,  626,  641,  152,   94,  534,  857,  833,  800,  659,  716,  565,  564,  794,  954,  782,  937,  326,  363,   54,  480,  653,  595,  276,  352,  412,  638,   52,  350,  134,  868,  194,  855,  513,  358,  443,  289,  554,  552,  288,  324,  675,  237,  529,  473,  406,  557,  335,  759,   90,  450,  228,  403,  767],
        [  515,    0,  291,  464,  325,  500,  691,  472,  562,  448,  421,  428,  182,  170,  207,  422,  446,    0,  387,  195,  559,  255,  463,  484,  259,  517,  269,  436,  395,  660,  470,  287,  432,  368,  578,  549,  589,  327,  278,  513,  503,  476,  520,  441,  170,  437,  450,   89,  248,  173,  183,  501,  143,  542,  489,  459,  611,  420,  484,  300,  457,  150,  315,  523,  579,  342,  532,  724,  349,  418,  250,  160,  354,  453,  623,  427,  243,  614,  249,  489,  536,  134,  596,  542,  527,  232,  316,  322,  489,  381,  546,  482,  523,  342,   88,  443,   40,  301,  285,  395,  201,  138,  464,  452,  145,  403,  422,  339,  413,  513,  424,  123,  643,  109,  480,  325,  460,  230,  432,  114,  304,  520,  539,  327,  482,  534,  320,  301,  347,  349],
        [  902,    0,  227,  764,  532,  606,  384,  705,  488,  384,  645,  319,  545,  556,  206,  657,  285,  387,    0,  194,  698,  636,  738,  179,  265,  697,  509,  771,  657,  398,  847,  605,  638,  262,  598,  451,  440,  708,  466,  323,  188,  158,  400,  817,  418,  176,  770,  384,  149,  235,  397,  879,  518,  269,  487,  563,  324,  459,  436,  647,  362,  267,  662,  211,  573,  689,  333,  379,  730,  791,  607,  410,  730,  584,  793,  813,  145,  828,  472,  191,  361,  517,  593,  581,  544,  616,  541,  649,  280,  766,  931,  538,  906,   65,  308,  237,  427,  677,  643,  486,  194,  445,  366,  332,  388,  152,  760,  108,  726,  231,   76,  460,  294,  482,  268,  456,   76,  596,  473,  409,  230,  638,  751,  496,  508,  354,  198,  111,  136,  733],
        [  709,    0,  188,  594,  385,  508,  516,  558,  502,  357,  499,  311,  354,  364,   85,  507,  309,  195,  194,    0,  590,  447,  576,  316,  163,  571,  349,  590,  517,  500,  655,  426,  498,  242,  569,  477,  470,  519,  343,  394,  320,  290,  434,  631,  245,  262,  593,  208,   76,   59,  251,  692,  330,  373,  461,  489,  440,  382,  405,  472,  351,  108,  476,  341,  556,  515,  388,  539,  537,  599,  418,  253,  544,  473,  674,  622,   57,  692,  335,  309,  402,  324,  576,  541,  513,  426,  410,  469,  359,  575,  740,  486,  716,  157,  115,  287,  234,  485,  454,  386,   51,  261,  383,  333,  212,  226,  590,  154,  566,  356,  239,  271,  456,  294,  348,  333,  268,  413,  396,  236,  201,  536,  614,  362,  469,  398,  194,  111,  188,  543],
        [  734,    0,  775,  315,  237,   94,  698,  175, 1087,  353,  177,  415,  468,  588,  668,  191,  468,  559,  698,  590,    0,  662,  257,  872,  442,   77,  294,  403,  928,  616,  593,  359,  150,  447, 1129, 1064,  439,  698,  837,  980,  641,  639, 1023,  797,  391,  578,  365,  648,  661,  533,  741,  825,  633,  595, 1031, 1018,  634,  245,  317,  775,  387,  652,  420,  642, 1125,  805,  502,  786,  564,  542,  447,  719,  737,  117,  102,  713,  635,  175,  807,  618,  471,  530, 1143, 1095, 1076,  633,  870,  371,  943,  695,  808, 1036,  807,  707,  537,  518,  562,  521,  450,  212,  638,  427,  971,  419,  421,  574,  879,  590,  904,  921,  772,  453,  749,  620,  931,  257,  759,  697,  233,  672,  789,   62,  136,  236, 1031,  477,  783,  595,  767,  687],
        [  280,    0,  493,  438,  443,  634,  942,  517,  679,  666,  489,  660,  199,   94,  440,  479,  687,  255,  636,  447,  662,    0,  468,  707,  499,  597,  387,  364,  305,  906,  289,  305,  513,  609,  635,  681,  815,   73,  333,  693,  757,  730,  669,  187,  345,  690,  397,  260,  491,  427,  301,  246,  120,  792,  583,  492,  861,  606,  691,  124,  682,  376,  265,  777,  653,  145,  772,  978,  179,  262,  218,  271,  101,  583,  691,  183,  491,  648,  295,  743,  771,  158,  664,  596,  600,   31,  309,  307,  682,  135,  296,  542,  270,  586,  342,  691,  216,  174,  226,  563,  444,  288,  616,  683,  343,  656,  218,  594,  248,  726,  664,  254,  898,  155,  674,  493,  707,   71,  614,  245,  504,  643,  589,  472,  561,  771,  530,  555,  574,  100],
        [  484,    0,  738,   59,  212,  291,  857,   83, 1025,  497,  117,  539,  307,  419,  636,   98,  591,  463,  738,  576,  257,  468,    0,  890,  479,  180,  230,  149,  763,  786,  340,  182,  143,  538, 1033, 1010,  626,  487,  721,  960,  746,  733,  979,  569,  332,  672,  110,  546,  651,  519,  638,  588,  480,  727,  950,  903,  782,  382,  483,  590,  529,  596,  204,  754, 1038,  612,  653,  932,  332,  294,  257,  610,  524,  256,  242,  477,  631,  182,  685,  724,  630,  377, 1054,  995,  985,  443,  733,  163,  930,  467,  561,  936,  564,  724,  483,  629,  448,  302,  242,  323,  614,  332,  923,  553,  366,  655,  677,  641,  715,  932,  802,  341,  877,  481,  919,  305,  811,  520,  378,  562,  752,  278,  137,  258,  940,  634,  758,  627,  763,  466],
        [  984,    0,  218,  909,  692,  782,  500,  866,  352,  563,  806,  498,  660,  641,  277,  817,  461,  484,  179,  316,  872,  707,  890,    0,  433,  867,  661,  904,  647,  537,  952,  741,  802,  440,  486,  311,  609,  776,  456,  167,  332,  309,  260,  873,  560,  345,  909,  448,  244,  372,  421,  937,  589,  420,  382,  493,  459,  637,  615,  686,  540,  337,  788,  352,  452,  725,  499,  463,  831,  901,  726,  445,  790,  757,  965,  889,  261,  994,  475,  344,  529,  617,  472,  479,  437,  693,  530,  783,  125,  841, 1000,  449,  972,  168,  424,  410,  520,  784,  763,  660,  288,  575,  245,  509,  528,  327,  784,  285,  737,   53,  104,  583,  385,  556,  117,  624,  145,  653,  651,  463,  210,  813,  916,  661,  412,  523,  179,  277,  137,  807],
        [  725,    0,  348,  509,  269,  355,  449,  442,  663,  201,  381,  170,  345,  406,  247,  395,  189,  259,  265,  163,  442,  499,  479,  433,    0,  435,  254,  530,  642,  408,  640,  367,  374,  111,  731,  636,  333,  567,  487,  541,  286,  266,  591,  684,  185,  211,  523,  318,  226,  118,  389,  740,  399,  300,  624,  646,  368,  221,  246,  558,  203,  256,  435,  300,  718,  600,  275,  499,  536,  579,  393,  382,  599,  326,  533,  651,  198,  564,  471,  266,  277,  347,  738,  702,  675,  472,  546,  412,  502,  609,  771,  647,  753,  266,  180,  195,  292,  478,  427,  232,  214,  232,  542,  194,  168,  185,  681,  163,  670,  480,  335,  260,  427,  366,  490,  192,  335,  487,  235,  349,  361,  385,  487,  232,  631,  275,  349,  156,  326,  581],
        [  658,    0,  752,  238,  195,  131,  738,   99, 1060,  382,  109,  438,  409,  529,  646,  120,  492,  517,  697,  571,   77,  597,  180,  867,  435,    0,  248,  327,  872,  658,  517,  293,   88,  459, 1093, 1039,  486,  631,  793,  965,  661,  656, 1001,  726,  353,  594,  289,  606,  645,  513,  700,  753,  578,  624,  998,  976,  669,  266,  353,  714,  416,  622,  349,  665, 1091,  742,  536,  821,  492,  467,  381,  676,  669,  122,  107,  641,  620,  135,  762,  638,  508,  473, 1109, 1058, 1041,  569,  821,  300,  929,  624,  733,  998,  733,  700,  505,  539,  516,  450,  380,  219,  617,  381,  947,  445,  385,  585,  815,  592,  842,  914,  769,  404,  778,  568,  917,  243,  764,  637,  256,  628,  766,  108,   70,  210,  995,  514,  764,  591,  754,  617],
        [  534,    0,  519,  256,   59,  250,  668,  212,  818,  326,  155,  348,  189,  304,  414,  161,  394,  269,  509,  349,  294,  387,  230,  661,  254,  248,    0,  282,  636,  608,  421,  131,  163,  330,  845,  800,  473,  437,  546,  738,  532,  516,  765,  547,  110,  458,  271,  358,  424,  291,  452,  589,  341,  527,  753,  728,  589,  235,  334,  491,  352,  382,  209,  544,  845,  524,  469,  733,  342,  360,  195,  429,  475,  199,  354,  483,  403,  351,  515,  511,  454,  241,  862,  810,  794,  357,  576,  172,  706,  452,  595,  751,  585,  495,  265,  424,  269,  285,  217,  183,  389,  134,  710,  368,  144,  436,  603,  414,  619,  704,  573,  159,  670,  327,  694,  122,  583,  412,  239,  381,  533,  263,  274,   88,  749,  456,  536,  399,  536,  435],
        [  337,    0,  726,   95,  295,  425,  948,  228,  986,  596,  243,  627,  256,  340,  633,  223,  674,  436,  771,  590,  403,  364,  149,  904,  530,  327,  282,    0,  668,  884,  192,  166,  273,  611,  973,  978,  736,  366,  659,  949,  812,  795,  953,  434,  354,  737,   42,  507,  661,  539,  591,  447,  408,  808,  902,  836,  869,  489,  593,  487,  625,  583,  123,  824,  984,  501,  746, 1014,  202,  149,  190,  560,  401,  384,  388,  337,  646,  318,  621,  792,  728,  320,  998,  935,  930,  345,  657,  122,  924,  334,  414,  877,  419,  745,  481,  705,  410,  190,  158,  430,  617,  330,  897,  644,  383,  714,  558,  685,  604,  940,  827,  323,  951,  420,  914,  391,  846,  426,  488,  514,  739,  417,  284,  345,  888,  731,  752,  663,  770,  340],
        [  509,    0,  443,  738,  694,  882, 1027,  803,  472,  839,  766,  810,  466,  347,  460,  759,  819,  395,  657,  517,  928,  305,  763,  647,  642,  872,  636,  668,    0, 1016,  574,  589,  785,  745,  379,  490,  973,  321,  194,  563,  826,  796,  500,  339,  555,  777,  700,  324,  517,  532,  267,  392,  296,  888,  370,  239,  954,  815,  878,  184,  844,  411,  564,  849,  409,  184,  902, 1035,  479,  559,  508,  265,  301,  832,  973,  417,  533,  940,  187,  820,  912,  400,  414,  342,  361,  324,  118,  601,  571,  383,  479,  303,  445,  594,  463,  803,  377,  478,  524,  787,  484,  508,  462,  834,  536,  740,  184,  665,  115,  644,  650,  478,  950,  310,  569,  715,  709,  244,  826,  293,  446,  898,  875,  709,  337,  909,  481,  621,  544,  358],
        [ 1125,    0,  618,  834,  590,  529,   88,  719,  880,  290,  669,  261,  746,  813,  562,  689,  222,  660,  398,  500,  616,  906,  786,  537,  408,  658,  608,  884, 1016,    0, 1025,  737,  647,  299,  996,  841,  179,  974,  837,  702,  212,  241,  789, 1091,  580,  242,  864,  702,  509,  493,  750, 1147,  803,  132,  884,  957,   79,  405,  307,  958,  259,  606,  814,  190,  969, 1001,  140,  184,  933,  964,  785,  753, 1006,  543,  714, 1056,  487,  787,  833,  209,  156,  754,  990,  979,  941,  879,  907,  779,  659, 1015, 1175,  935, 1158,  459,  575,  218,  696,  874,  814,  463,  535,  633,  761,  241,  571,  277, 1080,  354, 1062,  586,  452,  664,  191,  769,  649,  493,  395,  890,  410,  733,  624,  558,  728,  539,  906,  153,  594,  397,  533,  988],
        [  148,    0,  751,  285,  452,  608, 1081,  418,  965,  746,  426,  765,  303,  318,  676,  408,  807,  470,  847,  655,  593,  289,  340,  952,  640,  517,  421,  192,  574, 1025,    0,  291,  456,  736,  923,  965,  893,  254,  621,  965,  924,  902,  949,  278,  455,  850,  232,  514,  716,  614,  578,  273,  382,  935,  871,  779, 1000,  650,  751,  394,  772,  616,  213,  939,  942,  392,  886, 1137,  123,   61,  247,  546,  277,  562,  578,  176,  708,  505,  582,  905,  874,  336,  953,  883,  888,  286,  597,  253,  947,  195,  226,  831,  236,  809,  540,  829,  433,  170,  214,  593,  669,  411,  895,  786,  474,  822,  428,  777,  487,  980,  891,  390, 1066,  409,  939,  541,  922,  360,  651,  510,  763,  602,  475,  500,  850,  875,  784,  747,  816,  217],
        [  408,    0,  571,  177,  166,  344,  796,  214,  848,  456,  184,  477,  127,  243,  474,  174,  522,  287,  605,  426,  359,  305,  182,  741,  367,  293,  131,  166,  589,  737,  291,    0,  209,  454,  852,  836,  603,  340,  540,  795,  651,  633,  807,  441,  188,  576,  168,  368,  498,  374,  458,  476,  300,  653,  770,  722,  716,  361,  462,  423,  482,  428,   79,  664,  858,  450,  598,  858,  219,  230,   89,  430,  379,  294,  387,  366,  482,  352,  504,  631,  584,  197,  874,  814,  805,  278,  553,   45,  767,  341,  473,  755,  466,  581,  321,  548,  269,  167,   95,  306,  456,  167,  750,  497,  217,  552,  522,  519,  551,  779,  662,  167,  791,  300,  757,  251,  680,  349,  364,  381,  585,  348,  287,  212,  760,  586,  595,  497,  609,  330],
        [  593,    0,  675,  198,  114,  153,  720,   74,  979,  359,   30,  406,  322,  442,  569,   50,  459,  432,  638,  498,  150,  513,  143,  802,  374,   88,  163,  273,  785,  647,  456,  209,    0,  415, 1008,  960,  484,  549,  707,  891,  622,  613,  923,  648,  271,  551,  241,  520,  573,  440,  614,  678,  490,  595,  915,  890,  647,  242,  342,  627,  392,  542,  272,  628, 1007,  656,  516,  798,  417,  402,  297,  590,  588,  114,  192,  567,  549,  194,  675,  599,  492,  386, 1025,  973,  957,  484,  734,  223,  857,  546,  665,  913,  662,  634,  425,  502,  429,  372,  301,  186,  542,  295,  869,  418,  303,  538,  730,  535,  756,  847,  707,  317,  747,  481,  845,  184,  707,  551,  237,  542,  690,  147,  116,  142,  911,  496,  690,  529,  684,  538],
        [  829,    0,  410,  577,  328,  353,  346,  487,  717,  126,  430,   71,  449,  515,  321,  446,   79,  368,  262,  242,  447,  609,  538,  440,  111,  459,  330,  611,  745,  299,  736,  454,  415,    0,  801,  686,  231,  676,  582,  574,  208,  199,  638,  793,  284,  137,  598,  422,  284,  214,  486,  848,  509,  200,  691,  730,  265,  203,  179,  668,  112,  346,  527,  217,  784,  710,  165,  404,  638,  675,  492,  482,  709,  339,  546,  757,  256,  593,  569,  186,  168,  456,  805,  776,  745,  581,  644,  498,  532,  717,  877,  723,  860,  289,  286,   95,  401,  579,  523,  241,  288,  336,  594,   92,  273,  128,  790,  157,  778,  492,  337,  366,  341,  476,  520,  234,  316,  596,  216,  453,  421,  385,  520,  281,  703,  166,  401,  179,  362,  690],
        [  879,    0,  393, 1024,  898, 1059,  974, 1048,  152,  923,  998,  871,  729,  634,  485,  998,  856,  578,  598,  569, 1129,  635, 1033,  486,  731, 1093,  845,  973,  379,  996,  923,  852, 1008,  801,    0,  191, 1020,  675,  315,  331,  784,  755,  235,  714,  740,  767,  998,  490,  519,  616,  396,  770,  566,  867,  112,  145,  920,  947,  972,  536,  913,  483,  854,  807,   43,  552,  921,  946,  812,  895,  789,  423,  664, 1017, 1199,  784,  546, 1191,  353,  789,  944,  660,   37,   40,   57,  643,  327,  878,  365,  744,  856,   97,  822,  541,  594,  819,  586,  793,  816,  942,  518,  715,  242,  891,  709,  736,  562,  664,  493,  453,  549,  697,  866,  556,  371,  879,  611,  565,  961,  472,  383, 1083, 1116,  893,  100,  938,  408,  629,  464,  713],
        [  950,    0,  290, 1012,  847,  984,  809, 1011,   42,  811,  955,  753,  723,  653,  396,  960,  728,  549,  451,  477, 1064,  681, 1010,  311,  636, 1039,  800,  978,  490,  841,  965,  836,  960,  686,  191,    0,  889,  735,  351,  147,  631,  604,   52,  800,  691,  626,  996,  472,  411,  532,  391,  861,  585,  717,  124,  264,  763,  856,  863,  608,  796,  419,  856,  652,  152,  635,  783,  773,  846,  927,  789,  423,  734,  948, 1144,  851,  439, 1151,  388,  639,  810,  660,  169,  200,  158,  680,  399,  869,  187,  806,  941,  200,  908,  403,  536,  685,  570,  814,  821,  862,  427,  680,   94,  769,  657,  599,  666,  535,  602,  271,  390,  671,  696,  564,  195,  807,  448,  612,  870,  465,  276, 1012, 1074,  831,  160,  804,  287,  507,  326,  772],
        [ 1005,    0,  628,  677,  444,  356,  265,  554,  924,  151,  509,  164,  635,  721,  548,  529,  165,  589,  440,  470,  439,  815,  626,  609,  333,  486,  473,  736,  973,  179,  893,  603,  484,  231, 1020,  889,    0,  878,  812,  763,  288,  304,  839,  995,  472,  266,  713,  650,  505,  443,  716, 1045,  725,  207,  909,  957,  216,  248,  144,  886,  134,  576,  681,  275, 1000,  927,  112,  358,  812,  832,  663,  711,  913,  375,  537,  946,  478,  612,  799,  270,   80,  658, 1020,  997,  964,  785,  874,  641,  719,  909, 1062,  946, 1049,  487,  512,  205,  619,  754,  688,  307,  516,  529,  800,  140,  472,  290, 1008,  357, 1001,  662,  510,  562,  342,  694,  708,  353,  466,  812,  250,  681,  638,  383,  556,  394,  924,   87,  614,  392,  564,  886],
        [  216,    0,  561,  449,  490,  679, 1012,  544,  730,  729,  523,  725,  250,  162,  511,  511,  754,  327,  708,  519,  698,   73,  487,  776,  567,  631,  437,  366,  321,  974,  254,  340,  549,  676,  675,  735,  878,    0,  385,  756,  829,  802,  726,  118,  407,  761,  404,  330,  563,  498,  365,  174,  191,  862,  632,  530,  931,  663,  751,  141,  746,  447,  286,  848,  696,  140,  840, 1049,  166,  242,  253,  336,   40,  628,  719,  117,  563,  668,  348,  814,  837,  222,  706,  635,  643,   96,  350,  333,  746,   72,  225,  585,  199,  657,  413,  760,  288,  185,  251,  617,  516,  350,  674,  749,  408,  727,  193,  666,  240,  794,  735,  317,  969,  227,  739,  548,  779,  126,  670,  314,  571,  686,  615,  524,  607,  837,  598,  627,  643,   39],
        [  600,    0,  249,  710,  602,  776,  841,  741,  346,  688,  694,  650,  415,  321,  275,  693,  651,  278,  466,  343,  837,  333,  721,  456,  487,  793,  546,  659,  194,  837,  621,  540,  707,  582,  315,  351,  812,  385,    0,  389,  640,  609,  345,  453,  447,  596,  684,  190,  331,  371,  100,  516,  252,  706,  250,  184,  771,  684,  731,  259,  687,  237,  540,  663,  326,  290,  730,  845,  505,  588,  475,  118,  384,  730,  899,  501,  350,  884,   40,  636,  744,  346,  340,  276,  272,  336,   77,  565,  390,  456,  593,  218,  561,  402,  319,  629,  279,  481,  502,  667,  303,  413,  296,  673,  420,  560,  336,  483,  283,  457,  456,  391,  760,  242,  386,  598,  516,  264,  697,  166,  252,  797,  811,  605,  231,  741,  287,  440,  350,  422],
        [  971,    0,  224,  970,  778,  895,  666,  949,  188,  699,  890,  637,  694,  647,  325,  898,  607,  513,  323,  394,  980,  693,  960,  167,  541,  965,  738,  949,  563,  702,  965,  795,  891,  574,  331,  147,  763,  756,  389,    0,  494,  469,   98,  838,  630,  498,  961,  452,  320,  452,  392,  901,  584,  581,  238,  368,  623,  758,  752,  644,  681,  367,  827,  514,  294,  678,  654,  627,  843,  919,  762,  423,  763,  864, 1067,  873,  346, 1085,  420,  504,  683,  639,  313,  331,  288,  686,  455,  833,   44,  826,  974,  314,  943,  286,  478,  560,  542,  803,  797,  772,  350,  630,  106,  652,  596,  475,  724,  418,  667,  125,  255,  629,  551,  557,   56,  725,  308,  630,  772,  456,  210,  925, 1007,  755,  273,  677,  203,  397,  216,  791],
        [ 1003,    0,  411,  784,  535,  547,  202,  695,  669,  291,  637,  227,  626,  668,  367,  654,  174,  503,  188,  320,  641,  757,  746,  332,  286,  661,  532,  812,  826,  212,  924,  651,  622,  208,  784,  631,  288,  829,  640,  494,    0,   32,  579,  943,  470,   76,  802,  527,  310,  331,  560, 1003,  645,   88,  673,  749,  137,  398,  336,  791,  259,  419,  721,   24,  758,  834,  177,  221,  817,  864,  677,  568,  856,  541,  742,  923,  294,  796,  640,   24,  211,  617,  778,  768,  730,  733,  713,  696,  450,  878, 1043,  725, 1022,  249,  416,  123,  542,  760,  711,  444,  344,  514,  549,  226,  450,  104,  909,  167,  884,  383,  241,  539,  143,  609,  440,  442,  187,  730,  409,  555,  415,  579,  725,  489,  695,  204,  384,  209,  323,  848],
        [  978,    0,  380,  769,  522,  545,  233,  685,  642,  292,  627,  227,  603,  642,  336,  643,  176,  476,  158,  290,  639,  730,  733,  309,  266,  656,  516,  795,  796,  241,  902,  633,  613,  199,  755,  604,  304,  802,  609,  469,   32,    0,  552,  916,  450,   63,  786,  498,  280,  304,  530,  976,  617,  114,  644,  718,  167,  395,  340,  761,  262,  389,  701,   55,  729,  805,  193,  249,  794,  843,  656,  538,  829,  535,  739,  897,  263,  790,  610,   36,  225,  592,  750,  738,  701,  706,  682,  678,  425,  853, 1017,  695,  996,  219,  389,  123,  515,  737,  690,  437,  314,  492,  521,  228,  428,   82,  880,  138,  853,  360,  215,  516,  168,  581,  414,  431,  164,  701,  406,  526,  385,  577,  717,  477,  665,  218,  354,  180,  293,  822],
        [  942,    0,  249,  984,  810,  942,  757,  976,   93,  763,  919,  704,  697,  634,  356,  925,  679,  520,  400,  434, 1023,  669,  979,  260,  591, 1001,  765,  953,  500,  789,  949,  807,  923,  638,  235,   52,  839,  726,  345,   98,  579,  552,    0,  797,  656,  575,  969,  447,  366,  491,  372,  860,  568,  665,  149,  286,  711,  811,  815,  604,  748,  384,  831,  600,  197,  634,  733,  722,  829,  909,  764,  404,  728,  907, 1106,  843,  394, 1115,  380,  587,  759,  636,  216,  237,  194,  666,  401,  842,  136,  797,  937,  227,  905,  353,  501,  634,  544,  795,  797,  819,  386,  648,   57,  721,  622,  549,  671,  486,  609,  221,  338,  641,  644,  545,  144,  766,  396,  602,  826,  444,  235,  970, 1038,  792,  185,  753,  242,  459,  277,  763],
        [  175,    0,  655,  525,  598,  784, 1128,  635,  789,  845,  621,  843,  364,  279,  616,  607,  871,  441,  817,  631,  797,  187,  569,  873,  684,  726,  547,  434,  339, 1091,  278,  441,  648,  793,  714,  800,  995,  118,  453,  838,  943,  916,  797,    0,  523,  876,  475,  434,  670,  613,  454,   65,  301,  979,  688,  571, 1047,  777,  867,  194,  863,  552,  378,  963,  741,  166,  957, 1164,  237,  291,  357,  428,   87,  734,  808,  103,  672,  748,  419,  929,  954,  339,  748,  676,  690,  213,  402,  427,  832,  103,  143,  631,  110,  763,  528,  877,  402,  277,  348,  729,  624,  467,  749,  866,  525,  842,  164,  779,  232,  887,  839,  433, 1083,  337,  826,  662,  885,  222,  783,  414,  664,  789,  702,  635,  660,  954,  694,  740,  744,  113],
        [  545,    0,  410,  350,  159,  331,  629,  321,  709,  323,  265,  324,  166,  252,  306,  270,  359,  170,  418,  245,  391,  345,  332,  560,  185,  353,  110,  354,  555,  580,  455,  188,  271,  284,  740,  691,  472,  407,  447,  630,  470,  450,  656,  523,    0,  396,  353,  257,  320,  190,  350,  573,  271,  482,  645,  627,  548,  266,  347,  430,  341,  273,  252,  485,  738,  468,  442,  683,  354,  395,  209,  329,  442,  284,  460,  477,  300,  461,  418,  451,  436,  188,  756,  706,  688,  315,  484,  233,  599,  439,  596,  646,  580,  396,  156,  376,  179,  295,  242,  232,  282,   57,  601,  346,   35,  369,  549,  332,  555,  601,  477,   91,  612,  248,  588,  160,  493,  352,  276,  283,  424,  351,  383,  158,  643,  436,  428,  309,  432,  414],
        [  931,    0,  381,  709,  461,  484,  255,  623,  662,  234,  565,  168,  553,  600,  321,  581,  121,  437,  176,  262,  578,  690,  672,  345,  211,  594,  458,  737,  777,  242,  850,  576,  551,  137,  767,  626,  266,  761,  596,  498,   76,   63,  575,  876,  396,    0,  728,  468,  268,  265,  510,  935,  580,  111,  655,  719,  178,  333,  283,  730,  205,  367,  646,   90,  744,  773,  158,  291,  744,  790,  603,  515,  790,  474,  678,  853,  246,  728,  592,   56,  186,  547,  764,  747,  711,  665,  667,  621,  454,  809,  973,  700,  952,  227,  350,   67,  475,  687,  637,  375,  294,  441,  539,  172,  377,   37,  850,  113,  828,  398,  245,  466,  217,  544,  442,  369,  205,  666,  345,  498,  388,  516,  655,  416,  673,  180,  360,  156,  305,  779],
        [  378,    0,  737,   54,  276,  393,  931,  191, 1006,  575,  212,  610,  274,  367,  641,  191,  659,  450,  770,  593,  365,  397,  110,  909,  523,  289,  271,   42,  700,  864,  232,  168,  241,  598,  998,  996,  713,  404,  684,  961,  802,  786,  969,  475,  353,  728,    0,  525,  666,  541,  611,  488,  433,  794,  924,  862,  853,  466,  569,  521,  606,  594,  144,  813, 1007,  536,  727, 1000,  241,  190,  210,  581,  439,  353,  347,  378,  649,  277,  646,  781,  709,  340, 1022,  959,  954,  377,  685,  128,  934,  374,  455,  901,  460,  748,  488,  692,  426,  224,  183,  406,  624,  335,  913,  626,  384,  706,  596,  680,  640,  947,  829,  332,  939,  442,  924,  373,  845,  458,  464,  534,  751,  383,  244,  326,  910,  712,  762,  661,  777,  379],
