{
    "name": "random-37-14367",
    "comment": "size=37 seed=14367",
    "nodes": ["+0", "-0", "+1", "-1", "+2", "-2", "+3", "-3", "+4", "-4", "+5", "-5", "+6", "-6", "+7", "-7", "+8", "-8", "+9", "-9", "+10", "-10", "+11", "-11", "+12", "-12", "+13", "-13", "+14", "-14", "+15", "-15", "+16", "-16", "+17", "-17", "+18", "-18", "+19", "-19", "+20", "-20", "+21", "-21", "+22", "-22", "+23", "-23", "+24", "-24", "+25", "-25", "+26", "-26", "+27", "-27", "+28", "-28", "+29", "-29", "+30", "-30", "+31", "-31", "+32", "-32", "+33", "-33", "+34", "-34", "+35", "-35", "+36", "-36", "+37", "-37"],
    "precedence": {
        "+0": "-0",
        "+1": "-1",
        "+2": "-2",
        "+3": "-3",
        "+4": "-4",
        "+5": "-5",
        "+6": "-6",
        "+7": "-7",
        "+8": "-8",
        "+9": "-9",
        "+10": "-10",
        "+11": "-11",
        "+12": "-12",
        "+13": "-13",
        "+14": "-14",
        "+15": "-15",
        "+16": "-16",
        "+17": "-17",
        "+18": "-18",
        "+19": "-19",
        "+20": "-20",
        "+21": "-21",
        "+22": "-22",
        "+23": "-23",
        "+24": "-24",
        "+25": "-25",
        "+26": "-26",
        "+27": "-27",
        "+28": "-28",
        "+29": "-29",
        "+30": "-30",
        "+31": "-31",
        "+32": "-32",
        "+33": "-33",
        "+34": "-34",
        "+35": "-35",
        "+36": "-36",
        "+37": "-37"
    },
    "edges": [
        [    0,    0,  192,  772,  507,  442,  592,  750,  498,  520,  615,  768,  594,  486,  216,  295,  575,  512,  761,  734,  637,  638,  753,  653,  781,  733,  571,  821,  457,  386, 1070,  657,  936,  504,   59,  756, 1112,  974,  357,  681,  270,  828,  150,  683,  569,  403,  621,  505,  378,  335,  523,   71,  535,  250,  406,  418,  701,  860,   81,  713,  653,  793,  600,  975,  272, 1056,  651,  720,  139,  712,  110,  177,  915,  971,  494,  654],
        [    0,    0,  192,  772,  507,  442,  592,  750,  498,  520,  615,  768,  594,  486,  216,  295,  575,  512,  761,  734,  637,  638,  753,  653,  781,  733,  571,  821,  457,  386, 1070,  657,  936,  504,   59,  756, 1112,  974,  357,  681,  270,  828,  150,  683,  569,  403,  621,  505,  378,  335,  523,   71,  535,  250,  406,  418,  701,  860,   81,  713,  653,  793,  600,  975,  272, 1056,  651,  720,  139,  712,  110,  177,  915,  971,  494,  654],
        [  192,  192,    0,  752,  569,  633,  707,  936,  589,  643,  782,  781,  740,  485,  182,  485,  658,  701,  903,  907,  763,  828,  944,  627,  971,  893,  673,  841,  500,  550, 1212,  788, 1091,  693,  234,  930, 1248, 1127,  534,  774,  357,  888,  142,  874,  759,  501,  786,  494,  371,  382,  506,  256,  573,  172,  596,  578,  815,  963,  207,  779,  620,  984,  790, 1126,  449, 1182,  841,  820,  313,  903,  263,  172, 1039, 1095,  644,  675],
        [  772,  772,  752,    0,  359,  977,  528, 1073,  445,  551,  809,  136,  675,  287,  924,  913,  406,  954,  731,  916,  587, 1162, 1246,  126, 1156,  821,  475,  184,  351,  711,  932,  620,  922, 1073,  825,  949,  923,  930,  767,  452,  535,  359,  865, 1103,  997,  486,  795,  268,  396,  451,  251,  821,  289,  581,  894,  698,  554,  573,  695,  344,  136, 1214, 1035,  923,  747,  827, 1075,  494,  726, 1159,  695,  611,  712,  754,  665,  186],
        [  507,  507,  569,  359,    0,  622,  216,  726,   93,  208,  468,  293,  344,  181,  704,  573,  106,  596,  449,  587,  286,  804,  888,  291,  805,  508,  159,  332,   80,  353,  723,  321,  657,  718,  547,  619,  740,  678,  412,  222,  237,  323,  637,  747,  639,  134,  456,  204,  235,  188,  223,  534,   74,  420,  538,  340,  296,  412,  428,  211,  309,  860,  677,  673,  403,  658,  718,  273,  417,  802,  406,  398,  516,  571,  312,  183],
        [  442,  442,  633,  977,  622,    0,  540,  340,  549,  474,  348,  911,  432,  724,  596,  151,  615,  110,  561,  409,  534,  207,  317,  888,  349,  471,  563,  939,  630,  273,  825,  529,  657,   96,  405,  415,  886,  702,  211,  662,  479,  855,  553,  248,  151,  492,  365,  751,  662,  562,  774,  380,  689,  648,   86,  295,  614,  770,  450,  753,  899,  352,  170,  707,  245,  864,  217,  670,  344,  271,  401,  562,  754,  798,  365,  804],
        [  592,  592,  707,  528,  216,  540,    0,  551,  136,   77,  286,  421,  150,  396,  806,  546,  126,  479,  235,  389,   71,  686,  750,  490,  638,  298,   58,  430,  287,  283,  522,  106,  442,  631,  614,  421,  548,  465,  351,  122,  351,  317,  739,  598,  507,  209,  270,  419,  432,  350,  438,  594,  282,  587,  457,  252,  109,  270,  525,  224,  511,  701,  543,  461,  387,  477,  574,  138,  467,  657,  483,  539,  332,  389,  176,  344],
        [  750,  750,  936, 1073,  726,  340,  551,    0,  635,  523,  266,  971,  402,  881,  926,  483,  669,  242,  426,  192,  504,  275,  259, 1017,   93,  305,  600,  978,  769,  425,  584,  478,  410,  348,  724,  170,  653,  453,  413,  655,  688,  839,  878,  128,  190,  628,  282,  908,  859,  752,  931,  698,  800,  911,  346,  416,  567,  676,  735,  768, 1034,  168,  174,  461,  493,  664,  140,  636,  626,  170,  680,  829,  600,  625,  416,  888],
        [  498,  498,  589,  445,   93,  549,  136,  635,    0,  116,  376,  364,  253,  266,  705,  516,   80,  513,  369,  495,  206,  722,  802,  383,  715,  419,   88,  392,  154,  276,  656,  240,  577,  644,  529,  527,  680,  601,  340,  187,  236,  340,  637,  659,  553,   95,  364,  291,  296,  219,  311,  513,  166,  458,  464,  259,  234,  374,  423,  226,  401,  771,  592,  597,  346,  604,  631,  231,  388,  715,  390,  418,  460,  516,  222,  262],
        [  520,  520,  643,  551,  208,  474,   77,  523,  116,    0,  261,  457,  138,  379,  734,  472,  151,  423,  272,  380,  121,  631,  704,  497,  605,  307,   90,  475,  265,  210,  574,  147,  476,  567,  540,  412,  606,  504,  279,  192,  289,  382,  667,  556,  457,  155,  249,  404,  395,  303,  425,  519,  281,  532,  390,  182,  182,  345,  454,  280,  516,  664,  494,  502,  312,  541,  529,  214,  393,  613,  410,  478,  398,  454,  118,  367],
        [  615,  615,  782,  809,  468,  348,  286,  266,  376,  261,    0,  706,  137,  632,  821,  429,  404,  251,  216,  131,  243,  433,  477,  758,  353,  129,  335,  714,  518,  233,  487,  221,  330,  418,  610,  160,  544,  373,  263,  393,  474,  583,  761,  322,  255,  384,   20,  659,  627,  523,  680,  584,  541,  717,  290,  206,  313,  446,  576,  505,  776,  418,  283,  375,  345,  517,  303,  380,  477,  381,  521,  644,  409,  452,  166,  624],
        [  768,  768,  781,  136,  293,  911,  421,  971,  364,  457,  706,    0,  570,  297,  942,  866,  307,  875,  608,  805,  474, 1084, 1160,  199, 1058,  704,  374,   65,  315,  639,  797,  505,  794, 1006,  815,  837,  787,  799,  702,  330,  509,  224,  879, 1012,  912,  426,  691,  290,  411,  434,  283,  807,  239,  612,  826,  621,  431,  438,  688,  217,  221, 1119,  950,  792,  695,  692,  986,  368,  699, 1070,  678,  624,  577,  619,  575,  116],
        [  594,  594,  740,  675,  344,  432,  150,  402,  253,  138,  137,  570,    0,  517,  808,  473,  271,  354,  167,  244,  110,  553,  608,  631,  489,  170,  201,  578,  403,  222,  476,   98,  354,  516,  602,  277,  519,  387,  280,  258,  401,  450,  744,  454,  373,  284,  121,  542,  528,  431,  563,  579,  416,  649,  357,  186,  187,  339,  540,  369,  650,  554,  406,  386,  344,  470,  432,  250,  458,  513,  489,  586,  339,  391,  101,  491],
        [  486,  486,  485,  287,  181,  724,  396,  881,  266,  379,  632,  297,  517,    0,  648,  641,  283,  721,  630,  756,  466,  921, 1015,  173,  954,  684,  340,  357,  114,  475,  900,  501,  837,  817,  538,  788,  913,  858,  520,  390,  256,  433,  586,  885,  770,  254,  623,   28,  115,  170,   52,  534,  128,  316,  644,  473,  474,  573,  408,  341,  179, 1001,  809,  853,  483,  828,  854,  443,  444,  937,  410,  331,  688,  742,  468,  195],
        [  216,  216,  182,  924,  704,  596,  806,  926,  705,  734,  821,  942,  808,  648,    0,  446,  781,  685,  975,  934,  852,  768,  884,  800,  944,  942,  782,  999,  644,  595, 1283,  872, 1145,  633,  212,  953, 1327, 1185,  559,  891,  472, 1027,   68,  843,  739,  611,  828,  661,  533,  521,  675,  238,  720,  347,  583,  629,  915, 1072,  283,  913,  794,  942,  764, 1186,  477, 1271,  812,  931,  351,  860,  325,  319, 1130, 1186,  708,  832],
        [  295,  295,  485,  913,  573,  151,  546,  483,  516,  472,  429,  866,  473,  641,  446,    0,  592,  242,  626,  519,  559,  344,  459,  812,  499,  557,  554,  903,  563,  264,  915,  563,  756,  211,  255,  532,  970,  800,  197,  663,  386,  848,  402,  398,  294,  440,  442,  667,  563,  472,  690,  231,  631,  516,  148,  298,  638,  802,  314,  737,  820,  502,  319,  803,  172,  936,  367,  683,  217,  421,  271,  430,  811,  861,  384,  753],
        [  575,  575,  658,  406,  106,  615,  126,  669,   80,  151,  404,  307,  271,  283,  781,  592,    0,  571,  353,  513,  193,  780,  853,  365,  753,  423,   70,  327,  185,  344,  618,  227,  558,  709,  608,  545,  634,  577,  410,  119,  310,  261,  713,  705,  606,  173,  390,  303,  339,  280,  320,  592,  161,  518,  530,  321,  192,  310,  499,  147,  386,  813,  643,  572,  423,  553,  679,  169,  468,  763,  468,  487,  411,  466,  268,  221],
        [  512,  512,  701,  954,  596,  110,  479,  242,  513,  423,  251,  875,  354,  721,  685,  242,  571,    0,  466,  300,  461,  210,  295,  876,  271,  368,  511,  897,  617,  247,  719,  451,  549,  168,  484,  306,  781,  595,  205,  600,  493,  795,  637,  178,   59,  474,  270,  748,  675,  569,  772,  458,  667,  692,  106,  256,  540,  689,  506,  700,  890,  294,   94,  600,  271,  764,  145,  601,  396,  221,  452,  608,  660,  701,  306,  775],
        [  761,  761,  903,  731,  449,  561,  235,  426,  369,  272,  216,  608,  167,  630,  975,  626,  353,  466,    0,  235,  164,  641,  670,  713,  519,  121,  291,  598,  521,  386,  310,  130,  208,  634,  768,  261,  353,  233,  439,  280,  557,  434,  910,  516,  467,  426,  197,  652,  663,  574,  670,  744,  513,  802,  497,  350,  178,  251,  705,  391,  735,  593,  492,  230,  508,  310,  503,  242,  624,  574,  655,  744,  194,  238,  267,  556],
        [  734,  734,  907,  916,  587,  409,  389,  192,  495,  380,  131,  805,  244,  756,  934,  519,  513,  300,  235,    0,  332,  431,  443,  874,  284,  114,  443,  806,  642,  358,  424,  302,  251,  457,  723,   33,  490,  297,  378,  480,  605,  657,  877,  293,  278,  512,  136,  783,  756,  653,  804,  697,  659,  847,  372,  334,  386,  485,  700,  595,  894,  359,  290,  303,  462,  487,  287,  455,  598,  348,  644,  773,  410,  439,  296,  733],
        [  637,  637,  763,  587,  286,  534,   71,  504,  206,  121,  243,  474,  110,  466,  852,  559,  193,  461,  164,  332,    0,  662,  717,  557,  593,  234,  128,  476,  358,  297,  456,   36,  372,  621,  654,  364,  486,  395,  362,  151,  409,  341,  786,  563,  482,  271,  225,  489,  501,  416,  508,  633,  351,  650,  455,  262,   81,  243,  574,  265,  578,  660,  515,  391,  412,  421,  541,  141,  507,  622,  528,  598,  279,  335,  176,  406],
        [  638,  638,  828, 1162,  804,  207,  686,  275,  722,  631,  433, 1084,  553,  921,  768,  344,  780,  210,  641,  431,  662,    0,  117, 1080,  228,  528,  720, 1106,  821,  452,  849,  648,  674,  137,  595,  421,  917,  719,  401,  805,  682, 1000,  735,  148,  180,  679,  452,  948,  865,  763,  972,  572,  874,  853,  278,  465,  739,  879,  654,  908, 1093,  190,  150,  726,  449,  917,  146,  803,  549,  119,  606,  767,  831,  866,  514,  983],
        [  753,  753,  944, 1246,  888,  317,  750,  259,  802,  704,  477, 1160,  608, 1015,  884,  459,  853,  295,  670,  443,  717,  117,    0, 1171,  180,  551,  790, 1177,  912,  542,  841,  698,  668,  253,  711,  426,  911,  711,  498,  865,  784, 1058,  851,  156,  250,  768,  497, 1043,  966,  862, 1067,  688,  960,  965,  380,  549,  790,  917,  767,  973, 1185,  112,  211,  719,  554,  923,  177,  856,  661,   97,  718,  878,  853,  881,  586, 1064],
        [  653,  653,  627,  126,  291,  888,  490, 1017,  383,  497,  758,  199,  631,  173,  800,  812,  365,  876,  713,  874,  557, 1080, 1171,    0, 1095,  788,  434,  262,  260,  630,  947,  592,  914,  983,  707,  907,  947,  928,  681,  442,  428,  404,  741, 1034,  923,  403,  746,  150,  275,  342,  130,  704,  217,  456,  807,  623,  540,  594,  576,  352,   25, 1148,  962,  922,  651,  855, 1004,  491,  616, 1088,  581,  488,  727,  775,  602,  165],
        [  781,  781,  971, 1156,  805,  349,  638,   93,  715,  605,  353, 1058,  489,  954,  944,  499,  753,  271,  519,  284,  593,  228,  180, 1095,    0,  398,  685, 1066,  844,  487,  664,  569,  492,  331,  750,  261,  734,  534,  464,  744,  748,  930,  900,  102,  213,  700,  370,  981,  924,  817, 1004,  724,  879,  960,  376,  483,  658,  769,  776,  857, 1112,   77,  182,  542,  538,  751,  132,  727,  666,  109,  722,  876,  691,  715,  494,  971],
        [  733,  733,  893,  821,  508,  471,  298,  305,  419,  307,  129,  704,  170,  684,  942,  557,  423,  368,  121,  114,  234,  528,  551,  788,  398,    0,  355,  701,  571,  348,  359,  201,  204,  534,  731,  142,  417,  245,  387,  375,  565,  546,  880,  398,  360,  453,  116,  709,  698,  600,  729,  706,  577,  812,  417,  316,  278,  372,  688,  490,  809,  472,  381,  248,  466,  397,  387,  346,  594,  455,  634,  745,  304,  339,  252,  639],
        [  571,  571,  673,  475,  159,  563,   58,  600,   88,   90,  335,  374,  201,  340,  782,  554,   70,  511,  291,  443,  128,  720,  790,  434,  685,  355,    0,  388,  233,  296,  570,  162,  498,  656,  598,  476,  593,  519,  364,  114,  317,  296,  714,  640,  544,  173,  320,  362,  381,  306,  381,  579,  224,  545,  479,  269,  147,  292,  499,  191,  454,  746,  581,  515,  389,  517,  614,  150,  453,  698,  461,  503,  373,  429,  206,  290],
        [  821,  821,  841,  184,  332,  939,  430,  978,  392,  475,  714,   65,  578,  357,  999,  903,  327,  897,  598,  806,  476, 1106, 1177,  262, 1066,  701,  388,    0,  365,  667,  764,  504,  774, 1034,  866,  837,  750,  776,  732,  327,  557,  185,  935, 1027,  931,  464,  697,  351,  471,  487,  346,  856,  287,  672,  854,  647,  424,  406,  741,  212,  283, 1131,  968,  768,  732,  654, 1001,  357,  745, 1085,  727,  681,  547,  584,  593,  168],
        [  457,  457,  500,  351,   80,  630,  287,  769,  154,  265,  518,  315,  403,  114,  644,  563,  185,  617,  521,  642,  358,  821,  912,  260,  844,  571,  233,  365,    0,  371,  801,  392,  729,  725,  502,  674,  819,  752,  422,  301,  194,  389,  578,  778,  665,  145,  509,  141,  156,  124,  163,  492,   79,  346,  548,  365,  374,  491,  377,  281,  273,  893,  704,  748,  396,  738,  747,  353,  384,  831,  363,  331,  595,  650,  355,  200],
        [  386,  386,  550,  711,  353,  273,  283,  425,  276,  210,  233,  639,  222,  475,  595,  264,  344,  247,  386,  358,  297,  452,  542,  630,  487,  348,  296,  667,  371,    0,  691,  304,  551,  368,  386,  384,  738,  590,   69,  402,  263,  591,  533,  412,  296,  227,  237,  503,  437,  330,  526,  361,  422,  493,  188,   36,  375,  539,  344,  485,  643,  529,  335,  591,  123,  692,  380,  420,  247,  462,  289,  416,  559,  612,  124,  534],
        [ 1070, 1070, 1212,  932,  723,  825,  522,  584,  656,  574,  487,  797,  476,  900, 1283,  915,  618,  719,  310,  424,  456,  849,  841,  947,  664,  359,  570,  764,  801,  691,    0,  427,  176,  880, 1076,  429,   71,  131,  738,  513,  862,  580, 1219,  705,  701,  726,  473,  919,  951,  871,  933, 1051,  774, 1105,  775,  656,  427,  360, 1015,  596,  970,  739,  713,  124,  813,  133,  704,  461,  932,  753,  965, 1051,  221,  180,  576,  782],
        [  657,  657,  788,  620,  321,  529,  106,  478,  240,  147,  221,  505,   98,  501,  872,  563,  227,  451,  130,  302,   36,  648,  698,  592,  569,  201,  162,  504,  392,  304,  427,    0,  338,  613,  671,  333,  461,  362,  367,  178,  436,  363,  806,  543,  468,  300,  202,  524,  534,  447,  543,  649,  386,  678,  453,  269,   92,  242,  596,  293,  613,  637,  499,  358,  423,  399,  522,  159,  524,  602,  548,  625,  260,  315,  181,  440],
        [  936,  936, 1091,  922,  657,  657,  442,  410,  577,  476,  330,  794,  354,  837, 1145,  756,  558,  549,  208,  251,  372,  674,  668,  914,  492,  204,  498,  774,  729,  551,  176,  338,    0,  708,  935,  254,  244,   46,  590,  474,  754,  597, 1083,  530,  528,  630,  319,  859,  869,  778,  877,  910,  719, 1001,  612,  519,  374,  380,  888,  579,  937,  568,  539,   52,  670,  264,  529,  429,  797,  578,  835,  939,  252,  250,  448,  754],
        [  504,  504,  693, 1073,  718,   96,  631,  348,  644,  567,  418, 1006,  516,  817,  633,  211,  709,  168,  634,  457,  621,  137,  253,  983,  331,  534,  656, 1034,  725,  368,  880,  613,  708,    0,  460,  457,  944,  753,  306,  753,  570,  947,  599,  232,  180,  587,  437,  844,  752,  654,  868,  437,  784,  725,  181,  389,  700,  853,  523,  846,  993,  314,  178,  759,  336,  930,  210,  759,  422,  233,  478,  639,  827,  868,  455,  900],
        [   59,   59,  234,  825,  547,  405,  614,  724,  529,  540,  610,  815,  602,  538,  212,  255,  608,  484,  768,  723,  654,  595,  711,  707,  750,  731,  598,  866,  502,  386, 1076,  671,  935,  460,    0,  743, 1121,  975,  348,  710,  311,  864,  155,  650,  540,  435,  617,  558,  433,  382,  577,   27,  580,  309,  379,  420,  721,  883,  131,  749,  707,  756,  568,  976,  266, 1069,  618,  746,  148,  675,  142,  235,  931,  985,  501,  700],
        [  756,  756,  930,  949,  619,  415,  421,  170,  527,  412,  160,  837,  277,  788,  953,  532,  545,  306,  261,   33,  364,  421,  426,  907,  261,  142,  476,  837,  674,  384,  429,  333,  254,  457,  743,    0,  496,  300,  399,  511,  633,  686,  897,  280,  277,  543,  167,  814,  786,  683,  836,  717,  692,  874,  385,  361,  416,  511,  724,  626,  926,  337,  285,  306,  484,  499,  276,  485,  620,  332,  668,  799,  430,  456,  326,  765],
        [ 1112, 1112, 1248,  923,  740,  886,  548,  653,  680,  606,  544,  787,  519,  913, 1327,  970,  634,  781,  353,  490,  486,  917,  911,  947,  734,  417,  593,  750,  819,  738,   71,  461,  244,  944, 1121,  496,    0,  201,  789,  523,  894,  566, 1261,  773,  766,  755,  529,  930,  972,  897,  943, 1097,  786, 1134,  833,  703,  447,  353, 1054,  596,  971,  809,  779,  193,  861,   97,  772,  470,  976,  822, 1005, 1084,  225,  173,  620,  783],
        [  974,  974, 1127,  930,  678,  702,  465,  453,  601,  504,  373,  799,  387,  858, 1185,  800,  577,  595,  233,  297,  395,  719,  711,  928,  534,  245,  519,  776,  752,  590,  131,  362,   46,  753,  975,  300,  201,    0,  631,  487,  786,  595, 1122,  574,  574,  658,  361,  879,  895,  806,  896,  950,  737, 1033,  657,  557,  389,  375,  925,  586,  951,  610,  584,   10,  710,  229,  574,  439,  836,  622,  872,  972,  240,  228,  484,  765],
        [  357,  357,  534,  767,  412,  211,  351,  413,  340,  279,  263,  702,  280,  520,  559,  197,  410,  205,  439,  378,  362,  401,  498,  681,  464,  387,  364,  732,  422,   69,  738,  367,  590,  306,  348,  399,  789,  631,    0,  470,  289,  659,  500,  379,  260,  282,  271,  548,  470,  365,  571,  322,  479,  499,  127,  101,  441,  605,  328,  552,  693,  497,  298,  633,   86,  747,  346,  488,  222,  425,  272,  417,  619,  670,  187,  594],
        [  681,  681,  774,  452,  222,  662,  122,  655,  187,  192,  393,  330,  258,  390,  891,  663,  119,  600,  280,  480,  151,  805,  865,  442,  744,  375,  114,  327,  301,  402,  513,  178,  474,  753,  710,  511,  523,  487,  470,    0,  422,  196,  823,  712,  626,  280,  375,  408,  456,  398,  421,  692,  263,  636,  579,  372,  103,  192,  608,  116,  465,  811,  660,  481,  500,  439,  689,   53,  566,  771,  573,  603,  299,  352,  298,  280],
        [  270,  270,  357,  535,  237,  479,  351,  688,  236,  289,  474,  509,  401,  256,  472,  386,  310,  493,  557,  605,  409,  682,  784,  428,  748,  565,  317,  557,  194,  263,  862,  436,  754,  570,  311,  633,  894,  786,  289,  422,    0,  558,  404,  667,  548,  144,  472,  282,  184,   87,  304,  300,  271,  248,  405,  277,  458,  608,  192,  444,  435,  785,  586,  785,  235,  826,  634,  465,  192,  713,  171,  190,  682,  739,  315,  393],
        [  828,  828,  888,  359,  323,  855,  317,  839,  340,  382,  583,  224,  450,  433, 1027,  848,  261,  795,  434,  657,  341, 1000, 1058,  404,  930,  546,  296,  185,  389,  591,  580,  363,  597,  947,  864,  686,  566,  595,  659,  196,  558,    0,  959,  904,  821,  431,  564,  439,  531,  509,  443,  849,  319,  731,  772,  563,  273,  223,  750,  116,  428,  999,  855,  587,  680,  470,  882,  204,  727,  963,  723,  718,  364,  400,  492,  252],
        [  150,  150,  142,  865,  637,  553,  739,  878,  637,  667,  761,  879,  744,  586,   68,  402,  713,  637,  910,  877,  786,  735,  851,  741,  900,  880,  714,  935,  578,  533, 1219,  806, 1083,  599,  155,  897, 1261, 1122,  500,  823,  404,  959,    0,  800,  692,  543,  768,  600,  472,  454,  614,  181,  655,  293,  533,  566,  847, 1005,  215,  846,  736,  903,  719, 1123,  416, 1204,  768,  864,  287,  821,  258,  256, 1064, 1119,  643,  767],
        [  683,  683,  874, 1103,  747,  248,  598,  128,  659,  556,  322, 1012,  454,  885,  843,  398,  705,  178,  516,  293,  563,  148,  156, 1034,  102,  398,  640, 1027,  778,  412,  705,  543,  530,  232,  650,  280,  773,  574,  379,  712,  667,  904,  800,    0,  121,  633,  341,  913,  847,  740,  936,  625,  820,  870,  281,  413,  634,  762,  681,  821, 1049,  118,   85,  581,  449,  778,   34,  701,  572,   60,  628,  785,  701,  731,  439,  920],
        [  569,  569,  759,  997,  639,  151,  507,  190,  553,  457,  255,  912,  373,  770,  739,  294,  606,   59,  467,  278,  482,  180,  250,  923,  213,  360,  544,  931,  665,  296,  701,  468,  528,  180,  540,  277,  766,  574,  260,  626,  548,  821,  692,  121,    0,  520,  275,  798,  728,  622,  821,  514,  711,  750,  164,  301,  559,  700,  564,  730,  937,  238,   40,  580,  329,  756,   88,  623,  454,  167,  510,  665,  660,  698,  339,  815],
        [  403,  403,  501,  486,  134,  492,  209,  628,   95,  155,  384,  426,  284,  254,  611,  440,  173,  474,  426,  512,  271,  679,  768,  403,  700,  453,  173,  464,  145,  227,  726,  300,  630,  587,  435,  543,  755,  658,  282,  280,  144,  431,  543,  633,  520,    0,  377,  282,  246,  149,  305,  419,  198,  379,  408,  221,  315,  464,  329,  316,  417,  749,  559,  656,  269,  685,  603,  322,  296,  686,  295,  331,  540,  597,  218,  315],
        [  621,  621,  786,  795,  456,  365,  270,  282,  364,  249,   20,  691,  121,  623,  828,  442,  390,  270,  197,  136,  225,  452,  497,  746,  370,  116,  320,  697,  509,  237,  473,  202,  319,  437,  617,  167,  529,  361,  271,  375,  472,  564,  768,  341,  275,  377,    0,  649,  621,  518,  671,  592,  529,  716,  305,  208,  294,  427,  580,  488,  764,  436,  303,  363,  352,  500,  322,  361,  483,  400,  525,  645,  391,  434,  161,  610],
        [  505,  505,  494,  268,  204,  751,  419,  908,  291,  404,  659,  290,  542,   28,  661,  667,  303,  748,  652,  783,  489,  948, 1043,  150,  981,  709,  362,  351,  141,  503,  919,  524,  859,  844,  558,  814,  930,  879,  548,  408,  282,  439,  600,  913,  798,  282,  649,    0,  129,  195,   24,  555,  145,  324,  672,  501,  494,  587,  428,  352,  154, 1029,  837,  875,  510,  844,  882,  460,  467,  964,  432,  345,  706,  759,  495,  194],
        [  378,  378,  371,  396,  235,  662,  432,  859,  296,  395,  627,  411,  528,  115,  533,  563,  339,  675,  663,  756,  501,  865,  966,  275,  924,  698,  381,  471,  156,  437,  951,  534,  869,  752,  433,  786,  972,  895,  470,  456,  184,  531,  472,  847,  728,  246,  621,  129,    0,  108,  146,  431,  213,  204,  588,  444,  526,  646,  302,  430,  275,  964,  767,  892,  418,  892,  814,  508,  354,  894,  312,  217,  749,  804,  461,  305],
        [  335,  335,  382,  451,  188,  562,  350,  752,  219,  303,  523,  434,  431,  170,  521,  472,  280,  569,  574,  653,  416,  763,  862,  342,  817,  600,  306,  487,  124,  330,  871,  447,  778,  654,  382,  683,  897,  806,  365,  398,   87,  509,  454,  740,  622,  149,  518,  195,  108,    0,  218,  374,  202,  240,  485,  337,  452,  588,  255,  398,  348,  858,  661,  804,  318,  823,  708,  446,  275,  789,  246,  211,  678,  735,  358,  320],
        [  523,  523,  506,  251,  223,  774,  438,  931,  311,  425,  680,  283,  563,   52,  675,  690,  320,  772,  670,  804,  508,  972, 1067,  130, 1004,  729,  381,  346,  163,  526,  933,  543,  877,  868,  577,  836,  943,  896,  571,  421,  304,  443,  614,  936,  821,  305,  671,   24,  146,  218,    0,  574,  160,  334,  695,  524,  510,  598,  447,  360,  132, 1052,  860,  891,  533,  856,  905,  474,  489,  988,  452,  361,  719,  771,  518,  194],
        [   71,   71,  256,  821,  534,  380,  594,  698,  513,  519,  584,  807,  579,  534,  238,  231,  592,  458,  744,  697,  633,  572,  688,  704,  724,  706,  579,  856,  492,  361, 1051,  649,  910,  437,   27,  717, 1097,  950,  322,  692,  300,  849,  181,  625,  514,  419,  592,  555,  431,  374,  574,    0,  570,  319,  353,  396,  701,  863,  130,  734,  705,  732,  543,  951,  241, 1046,  593,  727,  127,  650,  130,  241,  908,  963,  478,  691],
        [  535,  535,  573,  289,   74,  689,  282,  800,  166,  281,  541,  239,  416,  128,  720,  631,  161,  667,  513,  659,  351,  874,  960,  217,  879,  577,  224,  287,   79,  422,  774,  386,  719,  784,  580,  692,  786,  737,  479,  263,  271,  319,  655,  820,  711,  198,  529,  145,  213,  202,  160,  570,    0,  413,  605,  411,  350,  445,  455,  218,  236,  933,  750,  732,  462,  700,  791,  316,  460,  875,  441,  405,  561,  615,  386,  124],
        [  250,  250,  172,  581,  420,  648,  587,  911,  458,  532,  717,  612,  649,  316,  347,  516,  518,  692,  802,  847,  650,  853,  965,  456,  960,  812,  545,  672,  346,  493, 1105,  678, 1001,  725,  309,  874, 1134, 1033,  499,  636,  248,  731,  293,  870,  750,  379,  716,  324,  204,  240,  334,  319,  413,    0,  591,  514,  690,  827,  204,  626,  449,  986,  786, 1031,  422, 1061,  836,  685,  304,  908,  247,   87,  917,  973,  561,  508],
        [  406,  406,  596,  894,  538,   86,  457,  346,  464,  390,  290,  826,  357,  644,  583,  148,  530,  106,  497,  372,  455,  278,  380,  807,  376,  417,  479,  854,  548,  188,  775,  453,  612,  181,  379,  385,  833,  657,  127,  579,  405,  772,  533,  281,  164,  408,  305,  672,  588,  485,  695,  353,  605,  591,    0,  210,  536,  695,  401,  669,  818,  395,  197,  660,  174,  804,  248,  590,  291,  318,  348,  506,  687,  734,  283,  720],
        [  418,  418,  578,  698,  340,  295,  252,  416,  259,  182,  206,  621,  186,  473,  629,  298,  321,  256,  350,  334,  262,  465,  549,  623,  483,  316,  269,  647,  365,   36,  656,  269,  519,  389,  420,  361,  703,  557,  101,  372,  277,  563,  566,  413,  301,  221,  208,  501,  444,  337,  524,  396,  411,  514,  210,    0,  341,  505,  372,  459,  637,  529,  340,  558,  159,  656,  382,  388,  279,  466,  318,  439,  524,  576,   88,  519],
        [  701,  701,  815,  554,  296,  614,  109,  567,  234,  182,  313,  431,  187,  474,  915,  638,  192,  540,  178,  386,   81,  739,  790,  540,  658,  278,  147,  424,  374,  375,  427,   92,  374,  700,  721,  416,  447,  389,  441,  103,  458,  273,  847,  634,  559,  315,  294,  494,  526,  452,  510,  701,  350,  690,  536,  341,    0,  166,  633,  215,  563,  727,  591,  383,  487,  371,  614,   70,  574,  693,  591,  646,  227,  283,  256,  381],
        [  860,  860,  963,  573,  412,  770,  270,  676,  374,  345,  446,  438,  339,  573, 1072,  802,  310,  689,  251,  485,  243,  879,  917,  594,  769,  372,  292,  406,  491,  539,  360,  242,  380,  853,  883,  511,  353,  375,  605,  192,  608,  223, 1005,  762,  700,  464,  427,  587,  646,  588,  598,  863,  445,  827,  695,  505,  166,    0,  790,  244,  618,  843,  729,  367,  652,  261,  746,  143,  737,  820,  750,  792,  141,  182,  419,  430],
        [   81,   81,  207,  695,  428,  450,  525,  735,  423,  454,  576,  688,  540,  408,  283,  314,  499,  506,  705,  700,  574,  654,  767,  576,  776,  688,  499,  741,  377,  344, 1015,  596,  888,  523,  131,  724, 1054,  925,  328,  608,  192,  750,  215,  681,  564,  329,  580,  428,  302,  255,  447,  130,  455,  204,  401,  372,  633,  790,    0,  635,  577,  795,  597,  925,  244,  994,  648,  649,  111,  715,   57,  119,  852,  908,  442,  574],
        [  713,  713,  779,  344,  211,  753,  224,  768,  226,  280,  505,  217,  369,  341,  913,  737,  147,  700,  391,  595,  265,  908,  973,  352,  857,  490,  191,  212,  281,  485,  596,  293,  579,  846,  749,  626,  596,  586,  552,  116,  444,  116,  846,  821,  730,  316,  488,  352,  430,  398,  360,  734,  218,  626,  669,  459,  215,  244,  635,    0,  376,  922,  766,  579,  568,  504,  797,  151,  612,  879,  608,  608,  376,  423,  395,  187],
        [  653,  653,  620,  136,  309,  899,  511, 1034,  401,  516,  776,  221,  650,  179,  794,  820,  386,  890,  735,  894,  578, 1093, 1185,   25, 1112,  809,  454,  283,  273,  643,  970,  613,  937,  993,  707,  926,  971,  951,  693,  465,  435,  428,  736, 1049,  937,  417,  764,  154,  275,  348,  132,  705,  236,  449,  818,  637,  563,  618,  577,  376,    0, 1164,  976,  945,  660,  879, 1019,  514,  621, 1103,  584,  486,  751,  799,  619,  189],
        [  793,  793,  984, 1214,  860,  352,  701,  168,  771,  664,  418, 1119,  554, 1001,  942,  502,  813,  294,  593,  359,  660,  190,  112, 1148,   77,  472,  746, 1131,  893,  529,  739,  637,  568,  314,  756,  337,  809,  610,  497,  811,  785,  999,  903,  118,  238,  749,  436, 1029,  964,  858, 1052,  732,  933,  986,  395,  529,  727,  843,  795,  922, 1164,    0,  201,  618,  565,  827,  151,  796,  686,   82,  743,  900,  767,  791,  550, 1030],
        [  600,  600,  790, 1035,  677,  170,  543,  174,  592,  494,  283,  950,  406,  809,  764,  319,  643,   94,  492,  290,  515,  150,  211,  962,  182,  381,  581,  968,  704,  335,  713,  499,  539,  178,  568,  285,  779,  584,  298,  660,  586,  855,  719,   85,   40,  559,  303,  837,  767,  661,  860,  543,  750,  786,  197,  340,  591,  729,  597,  766,  976,  201,    0,  590,  365,  773,   52,  655,  487,  128,  544,  701,  682,  719,  376,  853],
        [  975,  975, 1126,  923,  673,  707,  461,  461,  597,  502,  375,  792,  386,  853, 1186,  803,  572,  600,  230,  303,  391,  726,  719,  922,  542,  248,  515,  768,  748,  591,  124,  358,   52,  759,  976,  306,  193,   10,  633,  481,  785,  587, 1123,  581,  580,  656,  363,  875,  892,  804,  891,  951,  732, 1031,  660,  558,  383,  367,  925,  579,  945,  618,  590,    0,  711,  219,  581,  432,  836,  630,  872,  971,  231,  218,  483,  759],
        [  272,  272,  449,  747,  403,  245,  387,  493,  346,  312,  345,  695,  344,  483,  477,  172,  423,  271,  508,  462,  412,  449,  554,  651,  538,  466,  389,  732,  396,  123,  813,  423,  670,  336,  266,  484,  861,  710,   86,  500,  235,  680,  416,  449,  329,  269,  352,  510,  418,  318,  533,  241,  462,  422,  174,  159,  487,  652,  244,  568,  660,  565,  365,  711,    0,  814,  415,  525,  137,  489,  188,  338,  680,  733,  245,  583],
        [ 1056, 1056, 1182,  827,  658,  864,  477,  664,  604,  541,  517,  692,  470,  828, 1271,  936,  553,  764,  310,  487,  421,  917,  923,  855,  751,  397,  517,  654,  738,  692,  133,  399,  264,  930, 1069,  499,   97,  229,  747,  439,  826,  470, 1204,  778,  756,  685,  500,  844,  892,  823,  856, 1046,  700, 1061,  804,  656,  371,  261,  994,  504,  879,  827,  773,  219,  814,    0,  773,  386,  922,  830,  947, 1015,  145,   89,  570,  691],
        [  651,  651,  841, 1075,  718,  217,  574,  140,  631,  529,  303,  986,  432,  854,  812,  367,  679,  145,  503,  287,  541,  146,  177, 1004,  132,  387,  614, 1001,  747,  380,  704,  522,  529,  210,  618,  276,  772,  574,  346,  689,  634,  882,  768,   34,   88,  603,  322,  882,  814,  708,  905,  593,  791,  836,  248,  382,  614,  746,  648,  797, 1019,  151,   52,  581,  415,  773,    0,  680,  538,   85,  595,  752,  690,  723,  412,  892],
        [  720,  720,  820,  494,  273,  670,  138,  636,  231,  214,  380,  368,  250,  443,  931,  683,  169,  601,  242,  455,  141,  803,  856,  491,  727,  346,  150,  357,  353,  420,  461,  159,  429,  759,  746,  485,  470,  439,  488,   53,  465,  204,  864,  701,  623,  322,  361,  460,  508,  446,  474,  727,  316,  685,  590,  388,   70,  143,  649,  151,  514,  796,  655,  432,  525,  386,  680,    0,  600,  761,  611,  649,  246,  299,  307,  328],
        [  139,  139,  313,  726,  417,  344,  467,  626,  388,  393,  477,  699,  458,  444,  351,  217,  468,  396,  624,  598,  507,  549,  661,  616,  666,  594,  453,  745,  384,  247,  932,  524,  797,  422,  148,  620,  976,  836,  222,  566,  192,  727,  287,  572,  454,  296,  483,  467,  354,  275,  489,  127,  460,  304,  291,  279,  574,  737,  111,  612,  621,  686,  487,  836,  137,  922,  538,  600,    0,  607,   58,  218,  783,  839,  357,  583],
        [  712,  712,  903, 1159,  802,  271,  657,  170,  715,  613,  381, 1070,  513,  937,  860,  421,  763,  221,  574,  348,  622,  119,   97, 1088,  109,  455,  698, 1085,  831,  462,  753,  602,  578,  233,  675,  332,  822,  622,  425,  771,  713,  963,  821,   60,  167,  686,  400,  964,  894,  789,  988,  650,  875,  908,  318,  466,  693,  820,  715,  879, 1103,   82,  128,  630,  489,  830,   85,  761,  607,    0,  664,  822,  757,  786,  496,  976],
        [  110,  110,  263,  695,  406,  401,  483,  680,  390,  410,  521,  678,  489,  410,  325,  271,  468,  452,  655,  644,  528,  606,  718,  581,  722,  634,  461,  727,  363,  289,  965,  548,  835,  478,  142,  668, 1005,  872,  272,  573,  171,  723,  258,  628,  510,  295,  525,  432,  312,  246,  452,  130,  441,  247,  348,  318,  591,  750,   57,  608,  584,  743,  544,  872,  188,  947,  595,  611,   58,  664,    0,  161,  806,  862,  390,  562],
        [  177,  177,  172,  611,  398,  562,  539,  829,  418,  478,  644,  624,  586,  331,  319,  430,  487,  608,  744,  773,  598,  767,  878,  488,  876,  745,  503,  681,  331,  416, 1051,  625,  939,  639,  235,  799, 1084,  972,  417,  603,  190,  718,  256,  785,  665,  331,  645,  345,  217,  211,  361,  241,  405,   87,  506,  439,  646,  792,  119,  608,  486,  900,  701,  971,  338, 1015,  752,  649,  218,  822,  161,    0,  871,  928,  494,  514],
        [  915,  915, 1039,  712,  516,  754,  332,  600,  460,  398,  409,  577,  339,  688, 1130,  811,  411,  660,  194,  410,  279,  831,  853,  727,  691,  304,  373,  547,  595,  559,  221,  260,  252,  827,  931,  430,  225,  240,  619,  299,  682,  364, 1064,  701,  660,  540,  391,  706,  749,  678,  719,  908,  561,  917,  687,  524,  227,  141,  852,  376,  751,  767,  682,  231,  680,  145,  690,  246,  783,  757,  806,  871,    0,   57,  436,  562],
        [  971,  971, 1095,  754,  571,  798,  389,  625,  516,  454,  452,  619,  391,  742, 1186,  861,  466,  701,  238,  439,  335,  866,  881,  775,  715,  339,  429,  584,  650,  612,  180,  315,  250,  868,  985,  456,  173,  228,  670,  352,  739,  400, 1119,  731,  698,  597,  434,  759,  804,  735,  771,  963,  615,  973,  734,  576,  283,  182,  908,  423,  799,  791,  719,  218,  733,   89,  723,  299,  839,  786,  862,  928,   57,    0,  489,  610],
        [  494,  494,  644,  665,  312,  365,  176,  416,  222,  118,  166,  575,  101,  468,  708,  384,  268,  306,  267,  296,  176,  514,  586,  602,  494,  252,  206,  593,  355,  124,  576,  181,  448,  455,  501,  326,  620,  484,  187,  298,  315,  492,  643,  439,  339,  218,  161,  495,  461,  358,  518,  478,  386,  561,  283,   88,  256,  419,  442,  395,  619,  550,  376,  483,  245,  570,  412,  307,  357,  496,  390,  494,  436,  489,    0,  481],
        [  654,  654,  675,  186,  183,  804,  344,  888,  262,  367,  624,  116,  491,  195,  832,  753,  221,  775,  556,  733,  406,  983, 1064,  165,  971,  639,  290,  168,  200,  534,  782,  440,  754,  900,  700,  765,  783,  765,  594,  280,  393,  252,  767,  920,  815,  315,  610,  194,  305,  320,  194,  691,  124,  508,  720,  519,  381,  430,  574,  187,  189, 1030,  853,  759,  583,  691,  892,  328,  583,  976,  562,  514,  562,  610,  481,    0]
    ]
}
