{
    "name": "random-7-11173",
    "comment": "size=7 seed=11173",
    "nodes": ["+0", "-0", "+1", "-1", "+2", "-2", "+3", "-3", "+4", "-4", "+5", "-5", "+6", "-6", "+7", "-7"],
    "precedence": {
        "+0": "-0",
        "+1": "-1",
        "+2": "-2",
        "+3": "-3",
        "+4": "-4",
        "+5": "-5",
        "+6": "-6",
        "+7": "-7"
    },
    "edges": [
        [    0,    0,  364,  614,  599,  674,  267,  574,  293,  575,  264,  218,  483,  525,  282,  751],
        [    0,    0,  364,  614,  599,  674,  267,  574,  293,  575,  264,  218,  483,  525,  282,  751],
        [  364,  364,    0,  679,  577,  755,  579,  620,  582,  780,  340,  559,  805,  479,  411,  919],
        [  614,  614,  679,    0,  160,   78,  483,   62,  436,  276,  848,  552,  559,  231,  335,  294],
        [  599,  599,  577,  160,    0,  227,  539,  111,  497,  417,  800,  595,  664,   99,  324,  453],
        [  674,  674,  755,   78,  227,    0,  521,  139,  472,  260,  915,  593,  565,  306,  400,  232],
        [  267,  267,  579,  483,  539,  521,    0,  468,   50,  344,  526,   78,  227,  504,  254,  528],
        [  574,  574,  620,   62,  111,  139,  468,    0,  422,  308,  800,  532,  568,  171,  292,  350],
        [  293,  293,  582,  436,  497,  472,   50,  422,    0,  300,  556,  126,  228,  467,  228,  483],
        [  575,  575,  780,  276,  417,  260,  344,  308,  300,    0,  838,  422,  316,  451,  369,  184],
        [  264,  264,  340,  848,  800,  915,  526,  800,  556,  838,    0,  465,  728,  711,  515, 1012],
        [  218,  218,  559,  552,  595,  593,   78,  532,  126,  422,  465,    0,  267,  550,  289,  606],
        [  483,  483,  805,  559,  664,  565,  227,  568,  228,  316,  728,  267,    0,  658,  448,  475],
        [  525,  525,  479,  231,   99,  306,  504,  171,  467,  451,  711,  550,  658,    0,  265,  519],
        [  282,  282,  411,  335,  324,  400,  254,  292,  228,  369,  515,  289,  448,  265,    0,  519],
        [  751,  751,  919,  294,  453,  232,  528,  350,  483,  184, 1012,  606,  475,  519,  519,    0]
    ]
}
