{
    "name": "random-15-16716",
    "comment": "size=15 seed=16716",
    "nodes": ["+0", "-0", "+1", "-1", "+2", "-2", "+3", "-3", "+4", "-4", "+5", "-5", "+6", "-6", "+7", "-7", "+8", "-8", "+9", "-9", "+10", "-10", "+11", "-11", "+12", "-12", "+13", "-13", "+14", "-14", "+15", "-15"],
    "precedence": {
        "+0": "-0",
        "+1": "-1",
        "+2": "-2",
        "+3": "-3",
        "+4": "-4",
        "+5": "-5",
        "+6": "-6",
        "+7": "-7",
        "+8": "-8",
        "+9": "-9",
        "+10": "-10",
        "+11": "-11",
        "+12": "-12",
        "+13": "-13",
        "+14": "-14",
        "+15": "-15"
    },
    "edges": [
        [    0,    0,  725,  155,  970,  710,  684,  446,  727,  316,  684,  459,   77,  401,  245,  472,  614,  814,  206,  622,  654,  904,  406,  607,  573,  467,  764,  762,  439,  748,  953,  394],
        [    0,    0,  725,  155,  970,  710,  684,  446,  727,  316,  684,  459,   77,  401,  245,  472,  614,  814,  206,  622,  654,  904,  406,  607,  573,  467,  764,  762,  439,  748,  953,  394],
        [  725,  725,    0,  856,  246,  453,  100,  589,  639,  530,  331,  595,  656,  407,  481,  368,  647,   91,  931,  127,  572,  187,  426,  430,  534,  480,  455,  573,  632,   60,  329,  375],
        [  155,  155,  856,    0, 1101,  772,  805,  473,  877,  383,  838,  484,  205,  554,  379,  562,  760,  946,  126,  761,  688, 1029,  561,  762,  614,  621,  828,  915,  584,  873, 1101,  545],
        [  970,  970,  246, 1101,    0,  588,  307,  799,  775,  763,  473,  803,  901,  635,  727,  588,  816,  158, 1176,  358,  732,   93,  650,  598,  716,  685,  568,  690,  839,  233,  268,  610],
        [  710,  710,  453,  772,  588,    0,  354,  315, 1007,  396,  736,  310,  635,  638,  524,  260,  969,  508,  887,  495,  153,  496,  665,  788,  177,  759,   57,  966,  877,  409,  774,  587],
        [  684,  684,  100,  805,  307,  354,    0,  500,  702,  457,  404,  505,  612,  416,  441,  284,  695,  174,  889,  167,  473,  226,  439,  486,  437,  509,  360,  645,  655,   75,  427,  375],
        [  446,  446,  589,  473,  799,  315,  500,    0,  955,  157,  758,   14,  381,  549,  349,  223,  881,  673,  595,  560,  215,  711,  573,  757,  144,  672,  371,  944,  743,  575,  908,  503],
        [  727,  727,  639,  877,  775, 1007,  702,  955,    0,  809,  312,  967,  714,  407,  622,  785,  127,  665,  864,  536, 1066,  781,  383,  220,  994,  286, 1033,   97,  298,  699,  562,  453],
        [  316,  316,  530,  383,  763,  396,  457,  157,  809,    0,  637,  171,  243,  404,  194,  185,  729,  619,  493,  470,  344,  681,  426,  620,  262,  524,  452,  806,  588,  531,  827,  362],
        [  684,  684,  331,  838,  473,  736,  404,  758,  312,  637,    0,  768,  640,  284,  489,  553,  344,  354,  870,  243,  821,  471,  280,  131,  760,  256,  754,  243,  397,  391,  309,  299],
        [  459,  459,  595,  484,  803,  310,  505,   14,  967,  171,  768,    0,  394,  561,  363,  230,  894,  678,  606,  568,  204,  714,  586,  769,  136,  685,  365,  956,  757,  579,  915,  515],
        [   77,   77,  656,  205,  901,  635,  612,  381,  714,  243,  640,  394,    0,  358,  176,  395,  609,  746,  279,  558,  584,  833,  368,  575,  503,  441,  689,  740,  439,  677,  897,  343],
        [  401,  401,  407,  554,  635,  638,  416,  549,  407,  404,  284,  561,  358,    0,  223,  393,  339,  481,  590,  282,  672,  592,   28,  224,  596,  126,  674,  405,  246,  452,  564,   52],
        [  245,  245,  481,  379,  727,  524,  441,  349,  622,  194,  489,  363,  176,  223,    0,  266,  537,  571,  451,  383,  513,  660,  243,  447,  431,  336,  573,  627,  394,  504,  728,  192],
        [  472,  472,  368,  562,  588,  260,  284,  223,  785,  185,  553,  230,  395,  393,  266,    0,  731,  454,  665,  340,  282,  503,  420,  574,  210,  518,  308,  760,  624,  359,  686,  342],
        [  614,  614,  647,  760,  816,  969,  695,  881,  127,  729,  344,  894,  609,  339,  537,  731,    0,  689,  741,  531, 1011,  808,  312,  220,  935,  213, 1001,  204,  178,  705,  632,  389],
        [  814,  814,   91,  946,  158,  508,  174,  673,  665,  619,  354,  678,  746,  481,  571,  454,  689,    0, 1019,  201,  639,  120,  497,  469,  608,  539,  502,  590,  694,  103,  267,  454],
        [  206,  206,  931,  126, 1176,  887,  889,  595,  864,  493,  870,  606,  279,  590,  451,  665,  741, 1019,    0,  826,  809, 1110,  591,  779,  734,  634,  943,  914,  566,  954, 1151,  591],
        [  622,  622,  127,  761,  358,  495,  167,  560,  536,  470,  243,  568,  558,  282,  383,  340,  531,  201,  826,    0,  589,  311,  300,  320,  535,  355,  511,  481,  507,  178,  358,  254],
        [  654,  654,  572,  688,  732,  153,  473,  215, 1066,  344,  821,  204,  584,  672,  513,  282, 1011,  639,  809,  589,    0,  640,  699,  853,   84,  798,  197, 1037,  896,  537,  899,  622],
        [  904,  904,  187, 1029,   93,  496,  226,  711,  781,  681,  471,  714,  833,  592,  660,  503,  808,  120, 1110,  311,  640,    0,  611,  588,  624,  657,  477,  703,  811,  157,  326,  562],
        [  406,  406,  426,  561,  650,  665,  439,  573,  383,  426,  280,  586,  368,   28,  243,  420,  312,  497,  591,  300,  699,  611,    0,  209,  623,  100,  702,  385,  220,  473,  568,   79],
        [  607,  607,  430,  762,  598,  788,  486,  757,  220,  620,  131,  769,  575,  224,  447,  574,  220,  469,  779,  320,  853,  588,  209,    0,  783,  147,  814,  188,  271,  489,  436,  260],
        [  573,  573,  534,  614,  716,  177,  437,  144,  994,  262,  760,  136,  503,  596,  431,  210,  935,  608,  734,  535,   84,  624,  623,  783,    0,  722,  231,  969,  816,  506,  862,  546],
        [  467,  467,  480,  621,  685,  759,  509,  672,  286,  524,  256,  685,  441,  126,  336,  518,  213,  539,  634,  355,  798,  657,  100,  147,  722,    0,  794,  300,  155,  532,  563,  177],
        [  764,  764,  455,  828,  568,   57,  360,  371, 1033,  452,  754,  365,  689,  674,  573,  308, 1001,  502,  943,  511,  197,  477,  702,  814,  231,  794,    0,  988,  917,  407,  769,  624],
        [  762,  762,  573,  915,  690,  966,  645,  944,   97,  806,  243,  956,  740,  405,  627,  760,  204,  590,  914,  481, 1037,  703,  385,  188,  969,  300,  988,    0,  355,  633,  468,  444],
        [  439,  439,  632,  584,  839,  877,  655,  743,  298,  588,  397,  757,  439,  246,  394,  624,  178,  694,  566,  507,  896,  811,  220,  271,  816,  155,  917,  355,    0,  684,  705,  295],
        [  748,  748,   60,  873,  233,  409,   75,  575,  699,  531,  391,  579,  677,  452,  504,  359,  705,  103,  954,  178,  537,  157,  473,  489,  506,  532,  407,  633,  684,    0,  365,  417],
        [  953,  953,  329, 1101,  268,  774,  427,  908,  562,  827,  309,  915,  897,  564,  728,  686,  632,  267, 1151,  358,  899,  326,  568,  436,  862,  563,  769,  468,  705,  365,    0,  560],
        [  394,  394,  375,  545,  610,  587,  375,  503,  453,  362,  299,  515,  343,   52,  192,  342,  389,  454,  591,  254,  622,  562,   79,  260,  546,  177,  624,  444,  295,  417,  560,    0]
    ]
}
