{
    "name": "random-40-9229",
    "comment": "size=40 seed=9229",
    "nodes": ["+0", "-0", "+1", "-1", "+2", "-2", "+3", "-3", "+4", "-4", "+5", "-5", "+6", "-6", "+7", "-7", "+8", "-8", "+9", "-9", "+10", "-10", "+11", "-11", "+12", "-12", "+13", "-13", "+14", "-14", "+15", "-15", "+16", "-16", "+17", "-17", "+18", "-18", "+19", "-19", "+20", "-20", "+21", "-21", "+22", "-22", "+23", "-23", "+24", "-24", "+25", "-25", "+26", "-26", "+27", "-27", "+28", "-28", "+29", "-29", "+30", "-30", "+31", "-31", "+32", "-32", "+33", "-33", "+34", "-34", "+35", "-35", "+36", "-36", "+37", "-37", "+38", "-38", "+39", "-39", "+40", "-40"],
    "precedence": {
        "+0": "-0",
        "+1": "-1",
        "+2": "-2",
        "+3": "-3",
        "+4": "-4",
        "+5": "-5",
        "+6": "-6",
        "+7": "-7",
        "+8": "-8",
        "+9": "-9",
        "+10": "-10",
        "+11": "-11",
        "+12": "-12",
        "+13": "-13",
        "+14": "-14",
        "+15": "-15",
        "+16": "-16",
        "+17": "-17",
        "+18": "-18",
        "+19": "-19",
        "+20": "-20",
        "+21": "-21",
        "+22": "-22",
        "+23": "-23",
        "+24": "-24",
        "+25": "-25",
        "+26": "-26",
        "+27": "-27",
        "+28": "-28",
        "+29": "-29",
        "+30": "-30",
        "+31": "-31",
        "+32": "-32",
        "+33": "-33",
        "+34": "-34",
        "+35": "-35",
        "+36": "-36",
        "+37": "-37",
        "+38": "-38",
        "+39": "-39",
        "+40": "-40"
    },
    "edges": [
        [    0,    0,  505,  398,  497,  926,  332,  871,  485,  655,  689,  612,   88,  812, 1089,   66,  804,  385,  812, 1018,  353,  683,  511,  524,  241,  246,  560,  670,  444,  687,  297,  649,  326,  691,  549,  390,  984,  184,  625,  606,  397,  258,  416,  557,  662,  147,  795,  276,  525,  350,  468,  138,  197,  478,  774,  165,  757,  196,  107,  771,  183,  284,  643, 1000,  466,  569,  699,  509,  670,  625,  553,  445,  654,  701,  489,  670,  660,  735,  362,  829,  557,  651],
        [    0,    0,  505,  398,  497,  926,  332,  871,  485,  655,  689,  612,   88,  812, 1089,   66,  804,  385,  812, 1018,  353,  683,  511,  524,  241,  246,  560,  670,  444,  687,  297,  649,  326,  691,  549,  390,  984,  184,  625,  606,  397,  258,  416,  557,  662,  147,  795,  276,  525,  350,  468,  138,  197,  478,  774,  165,  757,  196,  107,  771,  183,  284,  643, 1000,  466,  569,  699,  509,  670,  625,  553,  445,  654,  701,  489,  670,  660,  735,  362,  829,  557,  651],
        [  505,  505,    0,  528,   11,  468,  198,  404,  348,  252,  377,  757,  502,  449,  693,  488,  423,  185,  425,  652,  642,  385,  234,  655,  264,  739,  489,  167,  218,  420,  344,  392,  180,  667,  420,  343,  555,  585,  740,  112,  634,  262,  706,  151,  841,  464,  371,  524,  247,  375,  667,  594,  675,  293,  469,  545,  392,  499,  524,  428,  488,  240,  830,  608,  321,  245,  430,  306,  184,  506,  421,  380,  154,  334,  591,  237,  284,  832,  566,  596,  353,  219],
        [  398,  398,  528,    0,  528,  759,  490,  728,  731,  505,  869,  247,  314,  965,  835,  452,  584,  548,  947,  745,  167,  871,  686,  143,  383,  589,  210,  640,  626,  415,  579,  385,  411,  297,  246,  658,  774,  273,  245,  636,  125,  335,  206,  464,  322,  514,  898,  131,  357,  643,  139,  337,  570,  282,  502,  258,  535,  206,  304,  936,  557,  339,  309,  751,  248,  403,  423,  725,  601,  279,  249,  181,  620,  500,   93,  763,  485,  355,   71,  498,  306,  744],
        [  497,  497,   11,  528,    0,  479,  187,  414,  338,  262,  372,  758,  495,  447,  703,  479,  433,  174,  424,  663,  639,  380,  226,  656,  256,  730,  493,  176,  208,  428,  333,  400,  173,  671,  424,  332,  566,  579,  742,  116,  632,  256,  703,  160,  842,  454,  371,  520,  253,  364,  666,  587,  666,  296,  478,  539,  402,  494,  517,  425,  477,  234,  831,  619,  324,  253,  438,  297,  195,  511,  425,  382,  164,  344,  591,  237,  293,  834,  564,  604,  358,  218],
        [  926,  926,  468,  759,  479,    0,  662,   68,  787,  274,  709,  895,  894,  698,  265,  927,  192,  652,  654,  278,  920,  726,  659,  823,  696, 1171,  588,  328,  671,  370,  811,  387,  617,  698,  524,  804,  113,  943,  860,  430,  884,  668,  964,  370,  980,  919,  576,  829,  422,  840,  878,  976, 1115,  491,  313,  906,  233,  845,  908,  708,  947,  643,  978,  209,  520,  372,  367,  734,  285,  545,  522,  582,  329,  260,  767,  526,  280,  906,  824,  440,  454,  525],
        [  332,  332,  198,  490,  187,  662,    0,  599,  246,  421,  391,  736,  353,  503,  873,  302,  592,   62,  495,  822,  556,  390,  204,  632,  118,  551,  532,  361,  139,  542,  157,  507,   89,  707,  479,  192,  743,  452,  730,  282,  567,  156,  625,  310,  811,  269,  468,  437,  350,  204,  618,  443,  486,  354,  610,  415,  553,  386,  378,  467,  291,  152,  797,  786,  368,  374,  554,  236,  381,  571,  482,  400,  350,  493,  572,  339,  443,  834,  503,  716,  438,  320],
        [  871,  871,  404,  728,  414,   68,  599,    0,  719,  229,  643,  879,  844,  636,  328,  869,  194,  587,  592,  331,  886,  659,  592,  802,  639, 1115,  569,  260,  604,  359,  747,  370,  558,  693,  501,  737,  176,  898,  847,  362,  852,  613,  933,  315,  966,  858,  514,  789,  380,  774,  852,  928, 1058,  452,  317,  860,  224,  800,  859,  645,  886,  588,  963,  265,  484,  331,  359,  666,  220,  532,  499,  549,  262,  234,  743,  460,  243,  900,  791,  456,  427,  458],
        [  485,  485,  348,  731,  338,  787,  246,  719,    0,  599,  223,  978,  539,  351, 1030,  429,  768,  198,  365,  997,  779,  212,  129,  874,  350,  636,  775,  459,  133,  758,  188,  726,  334,  951,  718,   95,  886,  647,  973,  357,  798,  397,  848,  496, 1051,  356,  378,  665,  570,  144,  854,  618,  565,  590,  814,  614,  739,  602,  566,  306,  346,  397, 1035,  949,  608,  583,  769,   58,  508,  810,  720,  644,  459,  681,  816,  303,  631, 1079,  738,  934,  668,  293],
        [  655,  655,  252,  505,  262,  274,  421,  229,  599,    0,  596,  678,  621,  635,  453,  661,  172,  428,  599,  403,  659,  608,  482,  591,  433,  901,  369,  208,  470,  204,  577,  192,  361,  521,  294,  591,  331,  670,  649,  279,  629,  400,  709,  112,  765,  661,  527,  561,  152,  617,  633,  702,  847,  225,  226,  633,  140,  572,  635,  627,  693,  375,  760,  365,  258,  103,  211,  556,  142,  350,  294,  325,  192,   85,  529,  421,   40,  717,  565,  366,  215,  410],
        [  689,  689,  377,  869,  372,  709,  391,  643,  223,  596,    0, 1110,  731,  129,  970,  639,  746,  329,  146,  958,  946,   19,  187, 1006,  509,  857,  863,  404,  254,  787,  398,  763,  460, 1041,  795,  313,  819,  836, 1099,  317,  955,  543, 1015,  517, 1190,  572,  181,  827,  623,  365, 1002,  817,  786,  666,  821,  800,  730,  776,  757,   84,  566,  534, 1177,  899,  693,  617,  796,  183,  469,  882,  796,  745,  414,  680,  943,  185,  634, 1197,  890,  959,  729,  191],
        [  612,  612,  757,  247,  758,  895,  736,  879,  978,  678, 1110,    0,  525, 1201,  901,  672,  705,  793, 1181,  804,  273, 1113,  929,  105,  629,  755,  311,  846,  871,  526,  823,  510,  655,  231,  384,  904,  881,  448,   42,  858,  218,  581,  236,  668,   88,  743, 1127,  340,  549,  887,  145,  515,  755,  479,  595,  451,  662,  419,  507, 1175,  785,  584,   84,  831,  445,  586,  529,  971,  797,  351,  385,  380,  826,  646,  168,  994,  648,  128,  254,  526,  463,  975],
        [   88,   88,  502,  314,  495,  894,  353,  844,  539,  621,  731,  525,    0,  850, 1041,  150,  760,  411,  846,  965,  268,  727,  547,  437,  244,  297,  486,  662,  479,  630,  355,  592,  324,  609,  482,  447,  944,  109,  538,  609,  310,  242,  333,  531,  576,  227,  821,  190,  481,  412,  381,   93,  264,  426,  718,   82,  710,  110,   27,  811,  265,  266,  557,  952,  409,  528,  641,  556,  653,  553,  486,  378,  645,  657,  403,  690,  621,  648,  275,  762,  499,  671],
        [  812,  812,  449,  965,  447,  698,  503,  636,  351,  635,  129, 1201,  850,    0,  962,  764,  767,  442,   46,  962, 1054,  141,  303, 1098,  620,  984,  937,  429,  371,  835,  525,  815,  563, 1113,  866,  441,  810,  953, 1187,  365, 1059,  649, 1122,  574, 1284,  698,  123,  934,  689,  493, 1101,  937,  913,  741,  856,  916,  759,  888,  876,   47,  694,  637, 1272,  899,  770,  674,  843,  310,  497,  948,  867,  828,  444,  716, 1034,  218,  674, 1281,  992, 1000,  794,  234],
        [ 1089, 1089,  693,  835,  703,  265,  873,  328, 1030,  453,  970,  901, 1041,  962,    0, 1103,  287,  875,  918,   99, 1001,  986,  905,  855,  882, 1333,  631,  577,  907,  423, 1029,  457,  812,  676,  591, 1035,  153, 1066,  861,  677,  952,  843, 1030,  564,  977, 1111,  840,  933,  566, 1066,  926, 1112, 1285,  615,  334, 1034,  334,  970, 1050,  972, 1145,  819,  981,   90,  635,  523,  414,  980,  523,  568,  588,  680,  574,  391,  812,  786,  437,  874,  905,  378,  548,  783],
        [   66,   66,  488,  452,  479,  927,  302,  869,  429,  661,  639,  672,  150,  764, 1103,    0,  817,  350,  767, 1036,  417,  632,  467,  581,  231,  251,  601,  654,  401,  711,  243,  673,  314,  740,  583,  335,  991,  249,  684,  583,  459,  261,  481,  557,  725,   83,  755,  334,  539,  291,  530,  201,  190,  500,  796,  230,  770,  254,  171,  722,  117,  286,  706, 1013,  492,  581,  723,  458,  661,  663,  587,  479,  640,  712,  543,  634,  669,  795,  421,  860,  583,  615],
        [  804,  804,  423,  584,  433,  192,  592,  194,  768,  172,  746,  705,  760,  767,  287,  817,    0,  600,  727,  232,  749,  760,  648,  636,  595, 1049,  401,  343,  640,  180,  748,  202,  527,  506,  342,  763,  191,  793,  669,  433,  708,  556,  788,  283,  789,  824,  651,  667,  280,  789,  695,  834, 1000,  336,  124,  758,   51,  695,  770,  766,  858,  532,  788,  198,  360,  236,  176,  723,  277,  354,  339,  414,  333,  105,  582,  564,  151,  714,  652,  264,  281,  556],
        [  385,  385,  185,  548,  174,  652,   62,  587,  198,  428,  329,  793,  411,  442,  875,  350,  600,    0,  435,  831,  617,  329,  143,  688,  180,  595,  577,  338,   79,  568,  162,  535,  139,  754,  520,  164,  739,  513,  785,  248,  628,  216,  686,  318,  869,  305,  411,  498,  378,  191,  677,  501,  527,  393,  630,  475,  565,  447,  437,  405,  320,  210,  855,  789,  410,  395,  579,  179,  367,  612,  523,  448,  329,  505,  628,  286,  454,  889,  563,  744,  472,  267],
        [  812,  812,  425,  947,  424,  654,  495,  592,  365,  599,  146, 1181,  846,   46,  918,  767,  727,  435,    0,  920, 1042,  162,  301, 1078,  612,  994,  910,  393,  369,  801,  531,  782,  550, 1085,  838,  451,  766,  947, 1165,  334, 1044,  638, 1109,  543, 1264,  704,   79,  922,  660,  504, 1084,  935,  923,  715,  819,  909,  721,  879,  872,   78,  703,  624, 1252,  856,  745,  643,  809,  319,  460,  919,  839,  805,  408,  679, 1014,  189,  639, 1256,  977,  964,  765,  207],
        [ 1018, 1018,  652,  745,  663,  278,  822,  331,  997,  403,  958,  804,  965,  962,   99, 1036,  232,  831,  920,    0,  911,  973,  875,  760,  820, 1260,  539,  556,  869,  338,  979,  375,  756,  578,  503,  994,  174,  984,  764,  652,  861,  778,  937,  514,  879, 1049,  842,  848,  498, 1020,  832, 1032, 1215,  540,  249,  953,  271,  889,  972,  968, 1084,  755,  883,   71,  556,  459,  329,  950,  495,  475,  500,  597,  549,  331,  719,  774,  380,  776,  816,  280,  467,  768],
        [  353,  353,  642,  167,  639,  920,  556,  886,  779,  659,  946,  273,  268, 1054, 1001,  417,  749,  617, 1042,  911,    0,  945,  759,  209,  438,  483,  373,  773,  694,  582,  605,  551,  493,  422,  412,  694,  939,  178,  296,  753,   62,  405,   70,  605,  311,  494, 1002,  120,  509,  666,  131,  243,  483,  434,  669,  188,  700,  178,  247, 1020,  533,  418,  292,  918,  402,  556,  590,  784,  742,  442,  415,  339,  753,  662,  210,  866,  643,  400,   98,  659,  469,  846],
        [  683,  683,  385,  871,  380,  726,  390,  659,  212,  608,   19, 1113,  727,  141,  986,  632,  760,  329,  162,  973,  945,    0,  187, 1009,  508,  847,  869,  419,  252,  798,  390,  773,  461, 1048,  802,  303,  835,  832, 1103,  330,  956,  544, 1014,  528, 1193,  563,  199,  827,  632,  354, 1003,  812,  776,  673,  834,  797,  743,  774,  753,   95,  556,  535, 1179,  915,  699,  627,  807,  175,  483,  890,  804,  750,  428,  693,  947,  201,  646, 1201,  891,  971,  738,  206],
        [  511,  511,  234,  686,  226,  659,  204,  592,  129,  482,  187,  929,  547,  303,  905,  467,  648,  143,  301,  875,  759,  187,    0,  825,  322,  700,  697,  332,   69,  653,  237,  624,  276,  875,  634,  175,  759,  651,  920,  230,  769,  357,  828,  384, 1008,  408,  290,  640,  473,  225,  817,  635,  629,  504,  702,  614,  622,  589,  574,  265,  411,  349,  994,  824,  526,  477,  663,   76,  383,  724,  636,  573,  332,  566,  763,  187,  516, 1021,  704,  829,  575,  174],
        [  524,  524,  655,  143,  656,  823,  632,  802,  874,  591, 1006,  105,  437, 1098,  855,  581,  636,  688, 1078,  760,  209, 1009,  825,    0,  525,  687,  236,  751,  767,  457,  721,  437,  550,  220,  301,  801,  819,  371,  104,  758,  147,  477,  198,  572,  186,  649, 1026,  248,  456,  785,   84,  439,  679,  383,  534,  368,  591,  328,  422, 1071,  691,  480,  176,  779,  349,  495,  462,  867,  704,  289,  303,  282,  730,  568,   66,  892,  565,  215,  162,  489,  378,  873],
        [  241,  241,  264,  383,  256,  696,  118,  639,  350,  433,  509,  629,  244,  620,  882,  231,  595,  180,  612,  820,  438,  508,  322,  525,    0,  480,  455,  429,  256,  511,  206,  473,   85,  623,  414,  277,  764,  338,  626,  368,  452,   55,  508,  327,  701,  230,  581,  321,  325,  268,  505,  336,  420,  304,  589,  299,  551,  268,  268,  584,  265,   70,  686,  792,  308,  362,  522,  348,  431,  505,  417,  321,  414,  491,  469,  449,  446,  733,  390,  675,  390,  429],
        [  246,  246,  739,  589,  730, 1171,  551, 1115,  636,  901,  857,  755,  297,  984, 1333,  251, 1049,  595,  994, 1260,  483,  847,  700,  687,  480,    0,  778,  905,  637,  926,  464,  888,  563,  884,  778,  544, 1230,  318,  779,  832,  542,  503,  525,  801,  782,  293,  990,  459,  769,  493,  614,  253,   72,  720, 1014,  333, 1001,  391,  295,  940,  292,  528,  762, 1243,  705,  814,  937,  676,  910,  846,  782,  675,  891,  945,  670,  875,  906,  883,  534, 1058,  795,  858],
        [  560,  560,  489,  210,  493,  588,  532,  569,  775,  369,  863,  311,  486,  937,  631,  601,  401,  577,  910,  539,  373,  869,  697,  236,  455,  778,    0,  550,  651,  223,  660,  202,  443,  179,   76,  721,  585,  472,  281,  578,  322,  401,  399,  374,  399,  646,  849,  328,  254,  720,  298,  530,  749,  197,  303,  448,  356,  388,  484,  917,  689,  391,  395,  551,  171,  282,  228,  753,  495,   71,   76,  134,  530,  335,  184,  722,  338,  353,  280,  289,  156,  704],
        [  670,  670,  167,  640,  176,  328,  361,  260,  459,  208,  404,  846,  662,  429,  577,  654,  343,  338,  393,  556,  773,  419,  332,  751,  429,  905,  550,    0,  346,  411,  499,  396,  345,  715,  474,  480,  429,  737,  823,  103,  756,  420,  832,  179,  933,  629,  320,  660,  299,  520,  777,  752,  842,  368,  428,  698,  331,  647,  682,  425,  651,  396,  925,  500,  402,  269,  418,  407,   68,  545,  475,  470,   21,  287,  686,  222,  248,  902,  689,  572,  396,  214],
        [  444,  444,  218,  626,  208,  671,  139,  604,  133,  470,  254,  871,  479,  371,  907,  401,  640,   79,  369,  869,  694,  252,   69,  767,  256,  637,  651,  346,    0,  626,  178,  594,  217,  828,  591,  136,  765,  583,  864,  246,  706,  294,  763,  365,  948,  345,  355,  576,  439,  180,  756,  567,  567,  462,  682,  546,  609,  522,  505,  333,  351,  288,  934,  823,  482,  451,  637,  103,  387,  682,  593,  523,  342,  551,  706,  241,  500,  966,  642,  802,  538,  224],
        [  687,  687,  420,  415,  428,  370,  542,  359,  758,  204,  787,  526,  630,  835,  423,  711,  180,  568,  801,  338,  582,  798,  653,  457,  511,  926,  223,  411,  626,    0,  694,   39,  462,  336,  170,  730,  363,  646,  491,  474,  536,  463,  615,  272,  611,  735,  730,  511,  193,  745,  519,  694,  884,  211,   90,  615,  137,  551,  635,  825,  773,  442,  610,  337,  222,  176,   12,  722,  346,  176,  167,  259,  394,  136,  405,  619,  165,  541,  485,  177,  131,  606],
        [  297,  297,  344,  579,  333,  811,  157,  747,  188,  577,  398,  823,  355,  525, 1029,  243,  748,  162,  531,  979,  605,  390,  237,  721,  206,  464,  660,  499,  178,  694,    0,  658,  233,  828,  616,   94,  896,  463,  824,  407,  630,  260,  673,  466,  890,  174,  527,  496,  502,   64,  692,  432,  393,  498,  765,  432,  709,  427,  381,  481,  175,  270,  874,  941,  507,  529,  706,  216,  527,  707,  619,  526,  491,  649,  668,  418,  599,  933,  575,  865,  583,  402],
        [  649,  649,  392,  385,  400,  387,  507,  370,  726,  192,  763,  510,  592,  815,  457,  673,  202,  535,  782,  375,  551,  773,  624,  437,  473,  888,  202,  396,  594,   39,  658,    0,  425,  332,  141,  696,  390,  610,  478,  452,  508,  424,  587,  246,  597,  696,  713,  477,  158,  710,  494,  658,  846,  173,  127,  579,  155,  515,  598,  803,  735,  404,  594,  370,  184,  147,   51,  691,  333,  165,  138,  223,  378,  138,  382,  599,  155,  535,  454,  210,   93,  585],
        [  326,  326,  180,  411,  173,  617,   89,  558,  334,  361,  460,  655,  324,  563,  812,  314,  527,  139,  550,  756,  493,  461,  276,  550,   85,  563,  443,  345,  217,  462,  233,  425,    0,  618,  391,  280,  690,  412,  647,  286,  497,   90,  560,  251,  733,  302,  512,  373,  270,  287,  543,  416,  503,  268,  534,  372,  485,  333,  347,  530,  334,   75,  719,  724,  280,  300,  473,  318,  348,  483,  393,  311,  329,  425,  490,  378,  377,  750,  431,  633,  352,  358],
        [  691,  691,  667,  297,  671,  698,  707,  693,  951,  521, 1041,  231,  609, 1113,  676,  740,  506,  754, 1085,  578,  422, 1048,  875,  220,  623,  884,  179,  715,  828,  336,  828,  332,  618,    0,  248,  894,  669,  566,  189,  752,  361,  569,  417,  544,  302,  796, 1022,  426,  426,  890,  304,  632,  867,  375,  387,  553,  470,  501,  600, 1094,  839,  561,  307,  610,  350,  448,  335,  931,  656,  172,  247,  307,  696,  469,  216,  897,  485,  208,  351,  299,  322,  880],
        [  549,  549,  420,  246,  424,  524,  479,  501,  718,  294,  795,  384,  482,  866,  591,  583,  342,  520,  838,  503,  412,  802,  634,  301,  414,  778,   76,  474,  591,  170,  616,  141,  391,  248,    0,  670,  530,  485,  355,  505,  367,  361,  447,  299,  471,  620,  776,  346,  179,  674,  355,  538,  743,  130,  258,  457,  294,  393,  484,  847,  661,  347,  467,  506,  111,  207,  178,  693,  419,   93,    4,  105,  454,  267,  244,  649,  265,  429,  315,  280,   81,  633],
        [  390,  390,  343,  658,  332,  804,  192,  737,   95,  591,  313,  904,  447,  441, 1035,  335,  763,  164,  451,  994,  694,  303,  175,  801,  277,  544,  721,  480,  136,  730,   94,  696,  280,  894,  670,    0,  897,  556,  902,  382,  717,  329,  763,  482,  974,  261,  456,  583,  538,   53,  776,  525,  473,  546,  794,  524,  728,  516,  474,  396,  253,  334,  958,  951,  560,  558,  741,  133,  520,  763,  673,  588,  476,  669,  746,  361,  618, 1010,  659,  905,  629,  348],
        [  984,  984,  555,  774,  566,  113,  743,  176,  886,  331,  819,  881,  944,  810,  153,  991,  191,  739,  766,  174,  939,  835,  759,  819,  764, 1230,  585,  429,  765,  363,  896,  390,  690,  669,  530,  897,    0,  982,  844,  531,  897,  731,  977,  439,  963,  991,  688,  858,  464,  930,  882, 1021, 1177,  525,  287,  947,  241,  884,  956,  820, 1023,  706,  964,  103,  550,  417,  358,  834,  379,  532,  528,  605,  428,  288,  768,  635,  325,  876,  842,  387,  472,  632],
        [  184,  184,  585,  273,  579,  943,  452,  898,  647,  670,  836,  448,  109,  953, 1066,  249,  793,  513,  947,  984,  178,  832,  651,  371,  338,  318,  472,  737,  583,  646,  463,  610,  412,  566,  485,  556,  982,    0,  467,  695,  230,  325,  236,  591,  488,  330,  919,  145,  522,  521,  304,   68,  309,  458,  736,   40,  743,   98,   83,  915,  366,  346,  469,  978,  434,  571,  656,  663,  721,  541,  489,  388,  719,  695,  352,  786,  664,  575,  216,  758,  519,  766],
        [  625,  625,  740,  245,  742,  860,  730,  847,  973,  649, 1099,   42,  538, 1187,  861,  684,  669,  785, 1165,  764,  296, 1103,  920,  104,  626,  779,  281,  823,  864,  491,  824,  478,  647,  189,  355,  902,  844,  467,    0,  840,  238,  577,  266,  645,  120,  752, 1109,  350,  525,  887,  165,  534,  775,  457,  558,  467,  628,  431,  522, 1162,  794,  578,  121,  792,  424,  560,  494,  964,  772,  316,  356,  361,  803,  614,  158,  977,  619,  111,  264,  485,  435,  958],
        [  606,  606,  112,  636,  116,  430,  282,  362,  357,  279,  317,  858,  609,  365,  677,  583,  433,  248,  334,  652,  753,  330,  230,  758,  368,  832,  578,  103,  246,  474,  407,  452,  286,  752,  505,  382,  531,  695,  840,    0,  744,  371,  816,  210,  944,  549,  271,  635,  327,  423,  774,  701,  767,  385,  504,  655,  414,  610,  632,  352,  567,  349,  934,  599,  416,  310,  482,  305,  158,  585,  506,  479,  104,  363,  693,  147,  317,  927,  676,  643,  432,  133],
        [  397,  397,  634,  125,  632,  884,  567,  852,  798,  629,  955,  218,  310, 1059,  952,  459,  708,  628, 1044,  861,   62,  956,  769,  147,  452,  542,  322,  756,  706,  536,  630,  508,  497,  361,  367,  717,  897,  230,  238,  744,    0,  413,   81,  583,  266,  533, 1000,  135,  480,  693,   74,  298,  538,  405,  622,  234,  659,  209,  291, 1027,  574,  422,  248,  871,  372,  527,  544,  800,  720,  388,  370,  305,  736,  624,  151,  864,  610,  345,   69,  604,  430,  844],
        [  258,  258,  262,  335,  256,  668,  156,  613,  397,  400,  543,  581,  242,  649,  843,  261,  556,  216,  638,  778,  405,  544,  357,  477,   55,  503,  401,  420,  294,  463,  260,  424,   90,  569,  361,  329,  731,  325,  577,  371,  413,    0,  473,  299,  656,  273,  601,  285,  281,  322,  462,  333,  448,  254,  543,  285,  510,  244,  263,  616,  311,   26,  641,  753,  255,  321,  474,  391,  414,  451,  364,  267,  403,  452,  419,  467,  409,  683,  348,  624,  340,  447],
        [  416,  416,  706,  206,  703,  964,  625,  933,  848,  709, 1015,  236,  333, 1122, 1030,  481,  788,  686, 1109,  937,   70, 1014,  828,  198,  508,  525,  399,  832,  763,  615,  673,  587,  560,  417,  447,  763,  977,  236,  266,  816,   81,  473,    0,  661,  258,  559, 1068,  188,  560,  735,  114,  298,  531,  485,  700,  252,  739,  247,  310, 1089,  598,  486,  238,  949,  452,  607,  622,  854,  798,  463,  449,  385,  812,  705,  221,  932,  690,  362,  145,  676,  510,  912],
        [  557,  557,  151,  464,  160,  370,  310,  315,  496,  112,  517,  668,  531,  574,  564,  557,  283,  318,  543,  514,  605,  528,  384,  572,  327,  801,  374,  179,  365,  272,  466,  246,  251,  544,  299,  482,  439,  591,  645,  210,  583,  299,  661,    0,  755,  553,  478,  497,  121,  507,  601,  616,  745,  189,  319,  552,  247,  495,  547,  559,  584,  273,  747,  477,  223,  101,  281,  456,  138,  376,  300,  291,  159,  188,  508,  356,  137,  726,  517,  447,  223,  341],
        [  662,  662,  841,  322,  842,  980,  811,  966, 1051,  765, 1190,   88,  576, 1284,  977,  725,  789,  869, 1264,  879,  311, 1193, 1008,  186,  701,  782,  399,  933,  948,  611,  890,  597,  733,  302,  471,  974,  963,  488,  120,  944,  266,  656,  258,  755,    0,  799, 1211,  398,  636,  954,  200,  553,  789,  566,  677,  497,  747,  475,  555, 1256,  840,  660,   21,  909,  532,  673,  614, 1046,  885,  436,  472,  466,  913,  733,  251, 1078,  736,  135,  316,  600,  551, 1059],
        [  147,  147,  464,  514,  454,  919,  269,  858,  356,  661,  572,  743,  227,  698, 1111,   83,  824,  305,  704, 1049,  494,  563,  408,  649,  230,  293,  646,  629,  345,  735,  174,  696,  302,  796,  620,  261,  991,  330,  752,  549,  533,  273,  559,  553,  799,    0,  698,  404,  553,  214,  602,  283,  223,  524,  816,  308,  780,  325,  250,  655,   44,  295,  781, 1021,  521,  591,  746,  389,  644,  705,  623,  518,  617,  721,  606,  583,  675,  863,  490,  892,  610,  566],
        [  795,  795,  371,  898,  371,  576,  468,  514,  378,  527,  181, 1127,  821,  123,  840,  755,  651,  411,   79,  842, 1002,  199,  290, 1026,  581,  990,  849,  320,  355,  730,  527,  713,  512, 1022,  776,  456,  688,  919, 1109,  271, 1000,  601, 1068,  478, 1211,  698,    0,  882,  597,  508, 1036,  911,  919,  655,  745,  880,  646,  845,  846,  141,  701,  585, 1201,  778,  687,  577,  737,  326,  387,  854,  776,  749,  336,  606,  961,  136,  567, 1198,  932,  890,  701,  156],
        [  276,  276,  524,  131,  520,  829,  437,  789,  665,  561,  827,  340,  190,  934,  933,  334,  667,  498,  922,  848,  120,  827,  640,  248,  321,  459,  328,  660,  576,  511,  496,  477,  373,  426,  346,  583,  858,  145,  350,  635,  135,  285,  188,  497,  398,  404,  882,    0,  410,  559,  199,  207,  441,  339,  601,  128,  617,   81,  176,  901,  446,  298,  381,  847,  310,  459,  521,  668,  633,  398,  350,  255,  640,  574,  216,  747,  549,  461,   87,  615,  388,  727],
        [  525,  525,  247,  357,  253,  422,  350,  380,  570,  152,  623,  549,  481,  689,  566,  539,  280,  378,  660,  498,  509,  632,  473,  456,  325,  769,  254,  299,  439,  193,  502,  158,  270,  426,  179,  538,  464,  522,  525,  327,  480,  281,  560,  121,  636,  553,  597,  410,    0,  553,  490,  558,  720,   76,  266,  486,  232,  424,  492,  671,  589,  258,  629,  476,  110,   50,  204,  538,  249,  260,  180,  179,  278,  177,  392,  472,  142,  606,  416,  367,  107,  455],
        [  350,  350,  375,  643,  364,  840,  204,  774,  144,  617,  365,  887,  412,  493, 1066,  291,  789,  191,  504, 1020,  666,  354,  225,  785,  268,  493,  720,  520,  180,  745,   64,  710,  287,  890,  674,   53,  930,  521,  887,  423,  693,  322,  735,  507,  954,  214,  508,  559,  553,    0,  755,  486,  422,  554,  813,  491,  753,  488,  439,  448,  203,  330,  937,  980,  564,  577,  757,  185,  555,  766,  677,  587,  514,  692,  732,  412,  642,  996,  638,  918,  638,  398],
        [  468,  468,  667,  139,  666,  878,  618,  852,  854,  633, 1002,  145,  381, 1101,  926,  530,  695,  677, 1084,  832,  131, 1003,  817,   84,  505,  614,  298,  777,  756,  519,  692,  494,  543,  304,  355,  776,  882,  304,  165,  774,   74,  462,  114,  601,  200,  602, 1036,  199,  490,  755,    0,  371,  611,  415,  600,  306,  648,  278,  363, 1071,  643,  469,  183,  848,  381,  534,  525,  852,  736,  359,  357,  312,  757,  620,  115,  901,  611,  272,  117,  566,  426,  881],
        [  138,  138,  594,  337,  587,  976,  443,  928,  618,  702,  817,  515,   93,  937, 1112,  201,  834,  501,  935, 1032,  243,  812,  635,  439,  336,  253,  530,  752,  567,  694,  432,  658,  416,  632,  538,  525, 1021,   68,  534,  701,  298,  333,  298,  616,  553,  283,  911,  207,  558,  486,  371,    0,  241,  498,  784,   82,  784,  145,   71,  898,  316,  357,  533, 1023,  478,  607,  705,  639,  742,  599,  542,  438,  735,  734,  418,  782,  700,  642,  283,  815,  565,  762],
        [  197,  197,  675,  570,  666, 1115,  486, 1058,  565,  847,  786,  755,  264,  913, 1285,  190, 1000,  527,  923, 1215,  483,  776,  629,  679,  420,   72,  749,  842,  567,  884,  393,  846,  503,  867,  743,  473, 1177,  309,  775,  767,  538,  448,  531,  745,  789,  223,  919,  441,  720,  422,  611,  241,    0,  675,  971,  314,  952,  367,  268,  869,  221,  473,  769, 1196,  663,  764,  895,  605,  850,  816,  747,  639,  828,  896,  655,  806,  854,  882,  521, 1023,  754,  789],
        [  478,  478,  293,  282,  296,  491,  354,  452,  590,  225,  666,  479,  426,  741,  615,  500,  336,  393,  715,  540,  434,  673,  504,  383,  304,  720,  197,  368,  462,  211,  498,  173,  268,  375,  130,  546,  525,  458,  457,  385,  405,  254,  485,  189,  566,  524,  655,  339,   76,  554,  415,  498,  675,    0,  297,  423,  286,  360,  435,  720,  564,  235,  558,  526,   35,  123,  223,  563,  322,  221,  132,  104,  348,  238,  319,  526,  211,  543,  341,  371,   87,  509],
        [  774,  774,  469,  502,  478,  313,  610,  317,  814,  226,  821,  595,  718,  856,  334,  796,  124,  630,  819,  249,  669,  834,  702,  534,  589, 1014,  303,  428,  682,   90,  765,  127,  534,  387,  258,  794,  287,  736,  558,  504,  622,  543,  700,  319,  677,  816,  745,  601,  266,  813,  600,  784,  971,  297,    0,  705,  103,  641,  725,  851,  853,  522,  678,  250,  310,  237,   81,  774,  360,  246,  255,  349,  414,  142,  486,  646,  189,  595,  572,  148,  220,  634],
        [  165,  165,  545,  258,  539,  906,  415,  860,  614,  633,  800,  451,   82,  916, 1034,  230,  758,  475,  909,  953,  188,  797,  614,  368,  299,  333,  448,  698,  546,  615,  432,  579,  372,  553,  457,  524,  947,   40,  467,  655,  234,  285,  252,  552,  497,  308,  880,  128,  486,  491,  306,   82,  314,  423,  705,    0,  708,   64,   59,  878,  346,  306,  479,  946,  400,  535,  625,  628,  682,  518,  460,  357,  679,  659,  342,  747,  628,  576,  208,  733,  487,  727],
        [  757,  757,  392,  535,  402,  233,  553,  224,  739,  140,  730,  662,  710,  759,  334,  770,   51,  565,  721,  271,  700,  743,  622,  591,  551, 1001,  356,  331,  609,  137,  709,  155,  485,  470,  294,  728,  241,  743,  628,  414,  659,  510,  739,  247,  747,  780,  646,  617,  232,  753,  648,  784,  952,  286,  103,  708,    0,  645,  720,  755,  815,  487,  746,  244,  310,  190,  136,  695,  263,  312,  292,  364,  318,   61,  536,  551,  111,  677,  603,  250,  231,  541],
        [  196,  196,  499,  206,  494,  845,  386,  800,  602,  572,  776,  419,  110,  888,  970,  254,  695,  447,  879,  889,  178,  774,  589,  328,  268,  391,  388,  647,  522,  551,  427,  515,  333,  501,  393,  516,  884,   98,  431,  610,  209,  244,  247,  495,  475,  325,  845,   81,  424,  488,  278,  145,  367,  360,  641,   64,  645,    0,   99,  852,  366,  262,  457,  882,  337,  474,  561,  610,  627,  456,  397,  293,  628,  597,  294,  710,  566,  541,  167,  670,  423,  690],
        [  107,  107,  524,  304,  517,  908,  378,  859,  566,  635,  757,  507,   27,  876, 1050,  171,  770,  437,  872,  972,  247,  753,  574,  422,  268,  295,  484,  682,  505,  635,  381,  598,  347,  600,  484,  474,  956,   83,  522,  632,  291,  263,  310,  547,  555,  250,  846,  176,  492,  439,  363,   71,  268,  435,  725,   59,  720,   99,    0,  837,  288,  286,  537,  961,  416,  540,  646,  582,  672,  551,  488,  381,  665,  668,  391,  715,  633,  632,  261,  763,  505,  695],
        [  771,  771,  428,  936,  425,  708,  467,  645,  306,  627,   84, 1175,  811,   47,  972,  722,  766,  405,   78,  968, 1020,   95,  265, 1071,  584,  940,  917,  425,  333,  825,  481,  803,  530, 1094,  847,  396,  820,  915, 1162,  352, 1027,  616, 1089,  559, 1256,  655,  141,  901,  671,  448, 1071,  898,  869,  720,  851,  878,  755,  852,  837,    0,  649,  605, 1244,  906,  748,  660,  833,  266,  492,  931,  848,  804,  438,  710, 1008,  206,  666, 1257,  961,  993,  778,  219],
        [  183,  183,  488,  557,  477,  947,  291,  886,  346,  693,  566,  785,  265,  694, 1145,  117,  858,  320,  703, 1084,  533,  556,  411,  691,  265,  292,  689,  651,  351,  773,  175,  735,  334,  839,  661,  253, 1023,  366,  794,  567,  574,  311,  598,  584,  840,   44,  701,  446,  589,  203,  643,  316,  221,  564,  853,  346,  815,  366,  288,  649,    0,  332,  821, 1055,  562,  626,  785,  385,  670,  747,  665,  560,  640,  755,  649,  591,  708,  905,  532,  932,  649,  574],
        [  284,  284,  240,  339,  234,  643,  152,  588,  397,  375,  534,  584,  266,  637,  819,  286,  532,  210,  624,  755,  418,  535,  349,  480,   70,  528,  391,  396,  288,  442,  270,  404,   75,  561,  347,  334,  706,  346,  578,  349,  422,   26,  486,  273,  660,  295,  585,  298,  258,  330,  469,  357,  473,  235,  522,  306,  487,  262,  286,  605,  332,    0,  646,  729,  239,  297,  454,  387,  389,  438,  350,  257,  379,  428,  420,  450,  384,  682,  357,  606,  321,  430],
        [  643,  643,  830,  309,  831,  978,  797,  963, 1035,  760, 1177,   84,  557, 1272,  981,  706,  788,  855, 1252,  883,  292, 1179,  994,  176,  686,  762,  395,  925,  934,  610,  874,  594,  719,  307,  467,  958,  964,  469,  121,  934,  248,  641,  238,  747,   21,  781, 1201,  381,  629,  937,  183,  533,  769,  558,  678,  479,  746,  457,  537, 1244,  821,  646,    0,  912,  524,  667,  613, 1032,  878,  435,  468,  457,  905,  729,  241, 1066,  731,  150,  300,  605,  546, 1048],
        [ 1000, 1000,  608,  751,  619,  209,  786,  265,  949,  365,  899,  831,  952,  899,   90, 1013,  198,  789,  856,   71,  918,  915,  824,  779,  792, 1243,  551,  500,  823,  337,  941,  370,  724,  610,  506,  951,  103,  978,  792,  599,  871,  753,  949,  477,  909, 1021,  778,  847,  476,  980,  848, 1023, 1196,  526,  250,  946,  244,  882,  961,  906, 1055,  729,  912,    0,  546,  433,  329,  900,  443,  490,  503,  593,  496,  302,  733,  715,  347,  813,  821,  315,  460,  710],
        [  466,  466,  321,  248,  324,  520,  368,  484,  608,  258,  693,  445,  409,  770,  635,  492,  360,  410,  745,  556,  402,  699,  526,  349,  308,  705,  171,  402,  482,  222,  507,  184,  280,  350,  111,  560,  550,  434,  424,  416,  372,  255,  452,  223,  532,  521,  687,  310,  110,  564,  381,  478,  663,   35,  310,  400,  310,  337,  416,  748,  562,  239,  524,  546,    0,  156,  233,  584,  357,  204,  114,   69,  382,  264,  285,  556,  241,  512,  308,  371,   92,  539],
        [  569,  569,  245,  403,  253,  372,  374,  331,  583,  103,  617,  586,  528,  674,  523,  581,  236,  395,  643,  459,  556,  627,  477,  495,  362,  814,  282,  269,  451,  176,  529,  147,  300,  448,  207,  558,  417,  571,  560,  310,  527,  321,  607,  101,  673,  591,  577,  459,   50,  577,  534,  607,  764,  123,  237,  535,  190,  474,  540,  660,  626,  297,  667,  433,  156,    0,  187,  546,  213,  278,  207,  223,  249,  132,  432,  457,   94,  635,  463,  353,  128,  442],
        [  699,  699,  430,  423,  438,  367,  554,  359,  769,  211,  796,  529,  641,  843,  414,  723,  176,  579,  809,  329,  590,  807,  663,  462,  522,  937,  228,  418,  637,   12,  706,   51,  473,  335,  178,  741,  358,  656,  494,  482,  544,  474,  622,  281,  614,  746,  737,  521,  204,  757,  525,  705,  895,  223,   81,  625,  136,  561,  646,  833,  785,  454,  613,  329,  233,  187,    0,  732,  352,  178,  175,  269,  402,  140,  411,  628,  171,  542,  493,  166,  142,  615],
        [  509,  509,  306,  725,  297,  734,  236,  666,   58,  556,  183,  971,  556,  310,  980,  458,  723,  179,  319,  950,  784,  175,   76,  867,  348,  676,  753,  407,  103,  722,  216,  691,  318,  931,  693,  133,  834,  663,  964,  305,  800,  391,  854,  456, 1046,  389,  326,  668,  538,  185,  852,  639,  605,  563,  774,  628,  695,  610,  582,  266,  385,  387, 1032,  900,  584,  546,  732,    0,  458,  784,  695,  625,  407,  639,  807,  246,  588, 1068,  737,  898,  639,  235],
        [  670,  670,  184,  601,  195,  285,  381,  220,  508,  142,  469,  797,  653,  497,  523,  661,  277,  367,  460,  495,  742,  483,  383,  704,  431,  910,  495,   68,  387,  346,  527,  333,  348,  656,  419,  520,  379,  721,  772,  158,  720,  414,  798,  138,  885,  644,  387,  633,  249,  555,  736,  742,  850,  322,  360,  682,  263,  627,  672,  492,  670,  389,  878,  443,  357,  213,  352,  458,    0,  485,  419,  426,   56,  220,  640,  288,  182,  847,  654,  505,  340,  279],
        [  625,  625,  506,  279,  511,  545,  571,  532,  810,  350,  882,  351,  553,  948,  568,  663,  354,  612,  919,  475,  442,  890,  724,  289,  505,  846,   71,  545,  682,  176,  707,  165,  483,  172,   93,  763,  532,  541,  316,  585,  388,  451,  463,  376,  436,  705,  854,  398,  260,  766,  359,  599,  816,  221,  246,  518,  312,  456,  551,  931,  747,  438,  435,  490,  204,  278,  178,  784,  485,    0,   90,  187,  525,  302,  245,  731,  315,  370,  349,  219,  154,  715],
        [  553,  553,  421,  249,  425,  522,  482,  499,  720,  294,  796,  385,  486,  867,  588,  587,  339,  523,  839,  500,  415,  804,  636,  303,  417,  782,   76,  475,  593,  167,  619,  138,  393,  247,    4,  673,  528,  489,  356,  506,  370,  364,  449,  300,  472,  623,  776,  350,  180,  677,  357,  542,  747,  132,  255,  460,  292,  397,  488,  848,  665,  350,  468,  503,  114,  207,  175,  695,  419,   90,    0,  109,  455,  265,  246,  650,  264,  429,  318,  277,   80,  634],
        [  445,  445,  380,  181,  382,  582,  400,  549,  644,  325,  745,  380,  378,  828,  680,  479,  414,  448,  805,  597,  339,  750,  573,  282,  321,  675,  134,  470,  523,  259,  526,  223,  311,  307,  105,  588,  605,  388,  361,  479,  305,  267,  385,  291,  466,  518,  749,  255,  179,  587,  312,  438,  639,  104,  349,  357,  364,  293,  381,  804,  560,  257,  457,  593,   69,  223,  269,  625,  426,  187,  109,    0,  449,  324,  217,  616,  306,  453,  243,  385,  134,  598],
        [  654,  654,  154,  620,  164,  329,  350,  262,  459,  192,  414,  826,  645,  444,  574,  640,  333,  329,  408,  549,  753,  428,  332,  730,  414,  891,  530,   21,  342,  394,  491,  378,  329,  696,  454,  476,  428,  719,  803,  104,  736,  403,  812,  159,  913,  617,  336,  640,  278,  514,  757,  735,  828,  348,  414,  679,  318,  628,  665,  438,  640,  379,  905,  496,  382,  249,  402,  407,   56,  525,  455,  449,    0,  273,  666,  233,  231,  882,  668,  557,  376,  224],
        [  701,  701,  334,  500,  344,  260,  493,  234,  681,   85,  680,  646,  657,  716,  391,  712,  105,  505,  679,  331,  662,  693,  566,  568,  491,  945,  335,  287,  551,  136,  649,  138,  425,  469,  267,  669,  288,  695,  614,  363,  624,  452,  705,  188,  733,  721,  606,  574,  177,  692,  620,  734,  896,  238,  142,  659,   61,  597,  668,  710,  755,  428,  729,  302,  264,  132,  140,  639,  220,  302,  265,  324,  273,    0,  510,  504,   51,  672,  565,  285,  195,  493],
        [  489,  489,  591,   93,  591,  767,  572,  743,  816,  529,  943,  168,  403, 1034,  812,  543,  582,  628, 1014,  719,  210,  947,  763,   66,  469,  670,  184,  686,  706,  405,  668,  382,  490,  216,  244,  746,  768,  352,  158,  693,  151,  419,  221,  508,  251,  606,  961,  216,  392,  732,  115,  418,  655,  319,  486,  342,  536,  294,  391, 1008,  649,  420,  241,  733,  285,  432,  411,  807,  640,  245,  246,  217,  666,  510,    0,  827,  504,  265,  136,  455,  318,  808],
        [  670,  670,  237,  763,  237,  526,  339,  460,  303,  421,  185,  994,  690,  218,  786,  634,  564,  286,  189,  774,  866,  201,  187,  892,  449,  875,  722,  222,  241,  619,  418,  599,  378,  897,  649,  361,  635,  786,  977,  147,  864,  467,  932,  356, 1078,  583,  136,  747,  472,  412,  901,  782,  806,  526,  646,  747,  551,  710,  715,  206,  591,  450, 1066,  715,  556,  457,  628,  246,  288,  731,  650,  616,  233,  504,  827,    0,  460, 1068,  796,  787,  577,   20],
