{
    "name": "random-58-26214",
    "comment": "size=58 seed=26214",
    "nodes": ["+0", "-0", "+1", "-1", "+2", "-2", "+3", "-3", "+4", "-4", "+5", "-5", "+6", "-6", "+7", "-7", "+8", "-8", "+9", "-9", "+10", "-10", "+11", "-11", "+12", "-12", "+13", "-13", "+14", "-14", "+15", "-15", "+16", "-16", "+17", "-17", "+18", "-18", "+19", "-19", "+20", "-20", "+21", "-21", "+22", "-22", "+23", "-23", "+24", "-24", "+25", "-25", "+26", "-26", "+27", "-27", "+28", "-28", "+29", "-29", "+30", "-30", "+31", "-31", "+32", "-32", "+33", "-33", "+34", "-34", "+35", "-35", "+36", "-36", "+37", "-37", "+38", "-38", "+39", "-39", "+40", "-40", "+41", "-41", "+42", "-42", "+43", "-43", "+44", "-44", "+45", "-45", "+46", "-46", "+47", "-47", "+48", "-48", "+49", "-49", "+50", "-50", "+51", "-51", "+52", "-52", "+53", "-53", "+54", "-54", "+55", "-55", "+56", "-56", "+57", "-57", "+58", "-58"],
    "precedence": {
        "+0": "-0",
        "+1": "-1",
        "+2": "-2",
        "+3": "-3",
        "+4": "-4",
        "+5": "-5",
        "+6": "-6",
        "+7": "-7",
        "+8": "-8",
        "+9": "-9",
        "+10": "-10",
        "+11": "-11",
        "+12": "-12",
        "+13": "-13",
        "+14": "-14",
        "+15": "-15",
        "+16": "-16",
        "+17": "-17",
        "+18": "-18",
        "+19": "-19",
        "+20": "-20",
        "+21": "-21",
        "+22": "-22",
        "+23": "-23",
        "+24": "-24",
        "+25": "-25",
        "+26": "-26",
        "+27": "-27",
        "+28": "-28",
        "+29": "-29",
        "+30": "-30",
        "+31": "-31",
        "+32": "-32",
        "+33": "-33",
        "+34": "-34",
        "+35": "-35",
        "+36": "-36",
        "+37": "-37",
        "+38": "-38",
        "+39": "-39",
        "+40": "-40",
        "+41": "-41",
        "+42": "-42",
        "+43": "-43",
        "+44": "-44",
        "+45": "-45",
        "+46": "-46",
        "+47": "-47",
        "+48": "-48",
        "+49": "-49",
        "+50": "-50",
        "+51": "-51",
        "+52": "-52",
        "+53": "-53",
        "+54": "-54",
        "+55": "-55",
        "+56": "-56",
        "+57": "-57",
        "+58": "-58"
    },
    "edges": [
        [    0,    0,  357,  103,  588,  173,  524,  390,  658,  289,  207,  163,  137,  274,  658,  408,  225,  331,  472,  457,  261,  591,  597,  548,  295,   70,  311,  551,  356,  231,  540,  329,  655,  330,  420,  243,  119,  254,  427,  253,  357,  706,  552,  753,  238,  147,  796,  182,  633,  247,  184,  326,  183,  291,  410,  217,  365,  113,  367,  367,  372,  147,  657,  659,  669,  719,  581,  700,  669,  461,  313,  539,   60,  645,   37,  204,  434,  639,  605,  548,  553,  376,  525,   94,  372,  311,  199,  259,  791,  699,  215,  172,  428,  579,  271,  624,  534,  153,  327,  351,  479,   69,  436,  584,  659,  329,  297,  671,  355,  499,  385,  808,  136,  551,  217,  704,  191,  473],
        [    0,    0,    0,    0,    0,    0,    0,    0,    0,    0,    0,    0,    0,    0,    0,    0,    0,    0,    0,    0,    0,    0,    0,    0,    0,    0,    0,    0,    0,    0,    0,    0,    0,    0,    0,    0,    0,    0,    0,    0,    0,    0,    0,    0,    0,    0,    0,    0,    0,    0,    0,    0,    0,    0,    0,    0,    0,    0,    0,    0,    0,    0,    0,    0,    0,    0,    0,    0,    0,    0,    0,    0,    0,    0,    0,    0,    0,    0,    0,    0,    0,    0,    0,    0,    0,    0,    0,    0,    0,    0,    0,    0,    0,    0,    0,    0,    0,    0,    0,    0,    0,    0,    0,    0,    0,    0,    0,    0,    0,    0,    0,    0,    0,    0,    0,    0,    0,    0],
        [  357,    0,    0,  452,  900,  388,  803,  110,  954,  433,  161,  196,  234,  315,  587,  684,  273,  629,  373,  180,  604,  929,  889,  860,  650,  288,  666,  583,  447,  426,  882,  380,  769,  674,   88,  317,  474,  580,  770,  207,   46,  923,  898,  937,  159,  495,  646,  178,  933,  568,  473,  120,  266,  620,  222,  482,  659,  467,   88,   58,  122,  218,  714,  723,  931,  986,  885,  658,  723,  306,  662,  876,  390,  757,  375,  446,  625,  716,  807,  903,  865,  584,  713,  410,  726,  581,  480,  566, 1059,  880,  539,  255,  152,  911,  608,  947,  889,  508,  251,  643,  775,  378,  619,  561,  517,  396,  479,  540,  589,  467,  692, 1066,  282,  426,  263,  711,  274,  829],
        [  103,    0,  452,    0,  488,  238,  433,  492,  562,  276,  308,  261,  239,  363,  671,  322,  320,  241,  508,  534,  158,  527,  502,  448,  214,  168,  229,  542,  350,  210,  438,  410,  613,  227,  520,  331,   67,  223,  325,  319,  456,  629,  481,  686,  340,  108,  825,  276,  536,  150,  203,  429,  238,  251,  474,  161,  348,   19,  469,  456,  452,  236,  632,  632,  581,  629,  484,  703,  645,  559,  245,  477,  113,  605,   79,  247,  379,  610,  536,  462,  453,  321,  465,   64,  290,  316,  136,  245,  700,  634,  120,  234,  530,  476,  169,  523,  449,   90,  379,  262,  384,   83,  384,  588,  692,  406,  265,  700,  291,  514,  289,  718,  195,  587,  268,  692,  241,  381],
        [  588,    0,  900,  488,    0,  711,  140,  963,   91,  509,  780,  729,  720,  848,  809,  229,  808,  271,  768,  916,  338,  589,   79,   41,  425,  644,  418,  628,  548,  485,  158,  887,  520,  283,  979,  816,  514,  570,  209,  711,  915,  319,  526,  418,  819,  529,  994,  732,   65,  342,  639,  905,  636,  560,  827,  419,  663,  484,  937,  884,  854,  690,  619,  608,  189,  203,   35,  790,  629, 1047,  475,  575,  598,  522,  556,  697,  373,  581,  328,  414,   36,  371,  358,  505,  417,  692,  420,  615,  254,  400,  374,  646, 1004,  100,  322,   68,  412,  496,  723,  258,  132,  538,  387,  713,  899,  880,  456,  892,  342,  701,  208,  284,  618,  825,  649,  718,  631,  344],
        [  173,    0,  388,  238,  711,    0,  669,  372,  790,  460,  234,  224,  174,  148,  811,  559,  136,  478,  612,  537,  373,  555,  733,  671,  332,  185,  347,  718,  525,  403,  631,  177,  827,  431,  420,  118,  198,  214,  523,  374,  368,  866,  534,  920,  231,  185,  934,  257,  763,  385,   99,  305,  327,  252,  518,  385,  272,  236,  358,  422,  451,  247,  828,  830,  817,  864,  710,  860,  840,  361,  319,  502,  128,  818,  207,   58,  605,  811,  771,  566,  676,  546,  694,  261,  396,  193,  364,  186,  934,  867,  356,  311,  395,  681,  391,  736,  552,  216,  457,  499,  617,  241,  607,  744,  796,  170,  470,  811,  522,  655,  522,  954,  284,  689,  359,  871,  337,  514],
        [  524,    0,  803,  433,  140,  669,    0,  876,  156,  390,  699,  647,  646,  795,  670,  120,  748,  194,  637,  800,  308,  663,   90,  121,  435,  570,  434,  489,  420,  378,  260,  843,  388,  279,  886,  764,  474,  567,  249,  605,  823,  234,  599,  322,  741,  500,  855,  645,  140,  284,  613,  823,  537,  567,  708,  326,  676,  434,  850,  781,  745,  604,  482,  472,  149,  196,  108,  651,  493,  982,  491,  639,  546,  389,  489,  667,  237,  444,  204,  498,  122,  243,  220,  433,  452,  688,  335,  609,  268,  291,  314,  549,  920,  223,  287,  207,  493,  466,  607,  173,   63,  465,  250,  574,  762,  839,  337,  755,  221,  566,  151,  285,  527,  692,  544,  581,  530,  413],
        [  390,    0,  110,  492,  963,  372,  876,    0, 1024,  522,  185,  235,  254,  262,  696,  756,  239,  694,  482,  280,  649,  926,  959,  923,  672,  325,  688,  690,  546,  507,  929,  315,  871,  719,   60,  275,  499,  580,  816,  302,   67, 1012,  902, 1032,  155,  513,  749,  232, 1001,  624,  466,   68,  346,  619,  331,  551,  640,  503,   28,  167,  231,  274,  821,  829, 1011, 1064,  951,  767,  830,  200,  674,  873,  409,  859,  416,  427,  715,  821,  898,  921,  928,  669,  805,  461,  745,  557,  545,  557, 1138,  975,  593,  331,   46,  965,  657, 1006,  907,  531,  357,  710,  843,  427,  710,  671,  623,  333,  565,  646,  669,  576,  755, 1148,  350,  535,  351,  820,  356,  855],
        [  658,    0,  954,  562,   91,  790,  156, 1024,    0,  545,  843,  792,  787,  924,  807,  271,  881,  331,  790,  956,  417,  675,   67,  123,  514,  711,  507,  627,  574,  532,  244,  966,  491,  368, 1036,  892,  592,  657,  298,  759,  973,  258,  612,  357,  884,  611,  991,  792,   27,  413,  722,  968,  689,  649,  864,  474,  752,  559,  997,  934,  900,  751,  598,  587,  121,  118,   80,  779,  607, 1118,  564,  662,  673,  495,  625,  779,  386,  560,  296,  499,  119,  398,  349,  571,  507,  779,  480,  702,  163,  350,  444,  700, 1066,  180,  399,  123,  498,  577,  762,  314,  182,  604,  398,  713,  906,  959,  492,  897,  376,  713,  274,  195,  675,  841,  697,  700,  682,  432],
        [  289,    0,  433,  276,  509,  460,  390,  522,  545,    0,  370,  324,  347,  531,  402,  281,  471,  259,  275,  411,  324,  775,  479,  474,  458,  288,  469,  267,   75,   66,  544,  597,  376,  377,  519,  505,  341,  498,  450,  227,  461,  491,  722,  512,  416,  383,  567,  306,  528,  257,  463,  482,  181,  525,  320,  142,  623,  292,  495,  401,  359,  274,  369,  371,  505,  560,  486,  428,  381,  669,  503,  730,  344,  365,  259,  491,  193,  352,  376,  672,  478,  154,  283,  218,  525,  585,  164,  519,  632,  455,  247,  198,  568,  550,  312,  568,  660,  363,  217,  262,  378,  225,  188,  315,  443,  601,   54,  446,  170,  249,  320,  637,  197,  347,  172,  419,  169,  578],
        [  207,    0,  161,  308,  780,  234,  699,  185,  843,  370,    0,   52,   74,  200,  634,  579,  142,  512,  420,  306,  464,  769,  779,  740,  495,  140,  511,  583,  410,  340,  744,  272,  739,  534,  215,  188,  320,  420,  631,  186,  152,  849,  738,  879,   47,  338,  731,   64,  820,  439,  314,  125,  190,  460,  300,  373,  501,  320,  162,  189,  221,   98,  708,  714,  837,  890,  769,  695,  718,  300,  504,  716,  233,  728,  231,  291,  556,  701,  738,  747,  745,  505,  648,  277,  570,  426,  365,  406,  963,  823,  408,  172,  225,  780,  472,  822,  733,  353,  267,  530,  662,  243,  553,  585,  594,  284,  405,  613,  499,  489,  572,  975,  179,  491,  208,  727,  202,  677],
        [  163,    0,  196,  261,  729,  224,  647,  235,  792,  324,   52,    0,   50,  224,  610,  527,  163,  461,  401,  318,  416,  739,  728,  689,  455,   94,  471,  547,  368,  291,  696,  296,  696,  486,  259,  206,  279,  392,  584,  161,  195,  800,  705,  831,   96,  301,  718,   34,  769,  389,  292,  176,  147,  431,  295,  322,  483,  274,  210,  212,  230,   50,  670,  675,  786,  839,  718,  667,  680,  348,  468,  686,  197,  685,  183,  279,  507,  661,  689,  708,  694,  456,  600,  227,  532,  411,  313,  383,  912,  775,  358,  128,  276,  730,  423,  772,  694,  313,  245,  479,  611,  193,  505,  556,  580,  304,  356,  598,  449,  461,  522,  924,  130,  475,  169,  694,  159,  635],
        [  137,    0,  234,  239,  720,  174,  646,  254,  787,  347,   74,   50,    0,  186,  655,  528,  126,  457,  447,  366,  397,  696,  724,  680,  421,   77,  437,  583,  399,  307,  677,  257,  722,  466,  288,  165,  247,  348,  564,  207,  226,  811,  665,  848,  101,  264,  767,   84,  763,  378,  245,  190,  180,  388,  345,  325,  435,  250,  232,  257,  279,   84,  703,  707,  788,  840,  711,  709,  714,  337,  430,  643,  159,  711,  165,  229,  523,  692,  703,  673,  685,  469,  616,  216,  496,  362,  313,  336,  913,  792,  346,  161,  291,  715,  407,  759,  659,  280,  291,  475,  606,  183,  522,  596,  629,  264,  374,  645,  458,  503,  514,  927,  151,  522,  206,  732,  192,  604],
        [  274,    0,  315,  363,  848,  148,  795,  262,  924,  531,  200,  224,  186,    0,  832,  680,   62,  602,  619,  488,  511,  687,  865,  808,  480,  246,  494,  768,  584,  485,  776,   73,  906,  573,  319,   33,  336,  357,  666,  382,  281,  978,  672, 1022,  168,  330,  929,  254,  898,  513,  244,  205,  365,  393,  496,  489,  390,  366,  258,  363,  410,  268,  889,  893,  941,  990,  845,  890,  900,  213,  465,  634,  251,  896,  310,  190,  700,  878,  875,  711,  813,  643,  792,  368,  543,  306,  472,  324, 1062,  968,  482,  347,  274,  825,  527,  877,  698,  359,  465,  623,  747,  339,  700,  779,  793,   85,  554,  812,  626,  684,  652, 1080,  336,  690,  391,  917,  378,  662],
        [  658,    0,  587,  671,  809,  811,  670,  696,  807,  402,  634,  610,  655,  832,    0,  606,  771,  625,  217,  435,  720, 1176,  750,  785,  859,  627,  870,  181,  328,  467,  895,  904,  358,  765,  658,  816,  735,  893,  821,  451,  631,  623, 1120,  573,  673,  777,  186,  579,  800,  651,  841,  693,  485,  922,  366,  542, 1015,  689,  674,  530,  465,  572,  245,  259,  715,  763,  777,   80,  244,  890,  905, 1131,  717,  349,  637,  856,  440,  276,  525, 1062,  787,  461,  458,  610,  925,  968,  565,  909,  819,  531,  646,  501,  735,  880,  705,  876, 1051,  761,  368,  619,  691,  607,  426,   98,  131,  914,  432,  109,  503,  159,  673,  806,  529,  166,  453,  171,  475,  966],
        [  408,    0,  684,  322,  229,  559,  120,  756,  271,  281,  579,  527,  528,  680,  606,    0,  631,   84,  542,  689,  218,  633,  205,  194,  364,  452,  366,  429,  322,  262,  289,  731,  382,  214,  767,  649,  369,  479,  229,  489,  704,  313,  571,  383,  621,  399,  789,  525,  251,  177,  511,  703,  419,  486,  600,  206,  597,  324,  730,  664,  630,  484,  453,  446,  262,  313,  207,  599,  465,  863,  421,  601,  434,  379,  372,  562,  170,  418,  239,  486,  198,  149,  203,  315,  398,  598,  216,  519,  386,  339,  205,  430,  800,  279,  195,  289,  478,  365,  496,   62,   98,  346,  183,  508,  684,  728,  228,  680,  114,  483,   79,  401,  407,  604,  427,  544,  411,  392],
        [  225,    0,  273,  320,  808,  136,  748,  239,  881,  471,  142,  163,  126,   62,  771,  631,    0,  555,  560,  439,  473,  690,  821,  768,  458,  189,  474,  707,  524,  428,  745,  134,  846,  538,  291,   47,  302,  349,  633,  321,  244,  925,  669,  967,  117,  302,  872,  193,  856,  469,  234,  174,  304,  387,  441,  436,  401,  325,  228,  316,  358,  207,  828,  832,  893,  943,  803,  829,  839,  241,  451,  637,  212,  836,  260,  190,  643,  817,  820,  699,  773,  587,  735,  317,  526,  319,  420,  322, 1015,  911,  437,  286,  260,  790,  487,  840,  685,  329,  405,  575,  702,  287,  643,  718,  735,  143,  496,  754,  572,  623,  608, 1032,  276,  631,  330,  856,  316,  643],
        [  331,    0,  629,  241,  271,  478,  194,  694,  331,  259,  512,  461,  457,  602,  625,   84,  555,    0,  532,  653,  139,  576,  268,  232,  289,  380,  293,  456,  316,  222,  286,  650,  444,  150,  709,  570,  286,  397,  197,  443,  645,  397,  515,  465,  553,  315,  804,  462,  308,   94,  427,  637,  366,  406,  568,  149,  517,  242,  668,  614,  587,  421,  501,  496,  340,  389,  258,  629,  513,  790,  345,  540,  354,  439,  296,  479,  212,  469,  318,  442,  237,  169,  269,  241,  332,  515,  150,  436,  461,  418,  122,  376,  736,  295,  116,  321,  432,  282,  463,   23,  150,  274,  223,  529,  690,  647,  210,  689,  125,  489,   65,  478,  347,  601,  380,  585,  361,  346],
        [  472,    0,  373,  508,  768,  612,  637,  482,  790,  275,  420,  401,  447,  619,  217,  542,  560,  532,    0,  240,  593, 1031,  726,  735,  713,  430,  726,  238,  221,  328,  817,  692,  447,  650,  449,  605,  566,  720,  725,  241,  417,  667,  982,  649,  458,  605,  325,  368,  776,  529,  653,  477,  291,  753,  155,  411,  836,  526,  459,  317,  253,  366,  365,  377,  724,  778,  741,  286,  371,  675,  751,  983,  531,  435,  458,  660,  405,  378,  553,  941,  739,  397,  464,  444,  785,  780,  429,  729,  844,  597,  514,  304,  523,  819,  583,  830,  929,  595,  156,  534,  638,  432,  393,  194,  187,  702,  323,  200,  428,  108,  591,  840,  337,   80,  257,  343,  282,  849],
        [  457,    0,  180,  534,  916,  537,  800,  280,  956,  411,  306,  318,  366,  488,  435,  689,  439,  653,  240,    0,  665, 1047,  890,  879,  746,  393,  761,  474,  394,  432,  929,  556,  679,  733,  232,  486,  573,  705,  823,  219,  224,  876, 1008,  871,  323,  604,  471,  287,  938,  615,  609,  300,  302,  743,   98,  508,  800,  551,  263,  126,   88,  313,  604,  615,  911,  966,  895,  512,  610,  479,  769,  995,  505,  667,  462,  594,  589,  614,  759,  996,  883,  562,  665,  478,  823,  728,  515,  699, 1036,  816,  590,  301,  312,  947,  664,  972,  982,  608,  194,  662,  786,  452,  580,  432,  347,  571,  464,  372,  580,  346,  717, 1038,  340,  270,  279,  580,  303,  912],
        [  261,    0,  604,  158,  338,  373,  308,  649,  417,  324,  464,  416,  397,  511,  720,  218,  473,  139,  593,  665,    0,  458,  363,  299,  153,  325,  159,  563,  395,  266,  281,  550,  577,   71,  675,  479,  176,  262,  168,  447,  610,  529,  401,  601,  498,  195,  890,  427,  391,   70,  307,  586,  364,  268,  594,  183,  380,  150,  625,  602,  588,  386,  625,  621,  455,  498,  338,  735,  638,  713,  209,  417,  262,  571,  234,  363,  340,  595,  455,  349,  304,  289,  406,  195,  207,  382,  164,  303,  566,  556,   80,  367,  688,  319,   24,  367,  337,  161,  491,  160,  251,  226,  350,  627,  766,  543,  288,  769,  247,  571,  158,  588,  330,  668,  388,  703,  363,  256],
        [  591,    0,  929,  527,  589,  555,  663,  926,  675,  775,  769,  739,  696,  687, 1176,  633,  690,  576, 1031, 1047,  458,    0,  660,  571,  319,  656,  307, 1021,  849,  713,  432,  674, 1015,  426,  972,  663,  477,  349,  416,  840,  916,  892,   65,  984,  779,  444, 1341,  766,  652,  527,  460,  859,  762,  309,  997,  635,  302,  509,  911,  950,  961,  735, 1076, 1071,  774,  791,  615, 1193, 1089,  890,  282,   54,  544, 1011,  590,  501,  787, 1044,  858,  178,  573,  742,  836,  590,  252,  385,  612,  369,  834,  952,  531,  756,  949,  496,  476,  558,  178,  443,  905,  591,  604,  607,  798, 1084, 1212,  657,  745, 1218,  698, 1024,  555,  867,  717, 1110,  793, 1158,  766,  251],
        [  597,    0,  889,  502,   79,  733,   90,  959,   67,  479,  779,  728,  724,  865,  750,  205,  821,  268,  726,  890,  363,  660,    0,   90,  471,  648,  466,  570,  509,  466,  233,  909,  448,  319,  971,  833,  536,  611,  262,  693,  908,  241,  596,  340,  821,  557,  935,  727,   51,  352,  669,  904,  623,  606,  798,  409,  712,  500,  933,  868,  833,  686,  550,  539,  115,  141,   46,  726,  560, 1057,  524,  643,  614,  450,  563,  726,  323,  512,  254,  487,   87,  332,  294,  509,  473,  733,  415,  655,  204,  322,  384,  634, 1002,  178,  344,  140,  484,  523,  696,  250,  119,  541,  336,  655,  847,  903,  426,  838,  310,  652,  214,  229,  610,  779,  631,  651,  616,  412],
        [  548,    0,  860,  448,   41,  671,  121,  923,  123,  474,  740,  689,  680,  808,  785,  194,  768,  232,  735,  879,  299,  571,   90,    0,  391,  604,  385,  604,  515,  448,  147,  848,  508,  246,  939,  776,  474,  534,  177,  673,  875,  326,  507,  423,  779,  491,  969,  692,   96,  302,  601,  864,  598,  526,  791,  380,  630,  444,  897,  845,  816,  650,  602,  593,  204,  226,   47,  769,  613, 1007,  442,  554,  558,  509,  515,  659,  346,  565,  320,  399,    6,  340,  340,  464,  387,  656,  381,  579,  284,  399,  334,  607,  964,  102,  282,   95,  395,  457,  687,  219,   98,  498,  360,  688,  871,  841,  421,  866,  308,  672,  169,  312,  579,  795,  610,  701,  592,  323],
        [  295,    0,  650,  214,  425,  332,  435,  672,  514,  458,  495,  455,  421,  480,  859,  364,  458,  289,  713,  746,  153,  319,  471,  391,    0,  364,   17,  709,  531,  394,  313,  499,  730,  157,  708,  449,  177,  148,  218,  532,  646,  665,  270,  744,  518,  160, 1022,  476,  487,  219,  240,  605,  451,  136,  687,  318,  242,  196,  652,  661,  662,  440,  777,  773,  576,  611,  436,  879,  789,  692,   58,  273,  264,  724,  285,  299,  493,  748,  602,  254,  395,  441,  557,  275,   78,  267,  294,  193,  673,  702,  216,  447,  704,  371,  175,  433,  240,  143,  591,  309,  374,  296,  502,  769,  893,  488,  430,  899,  399,  705,  293,  700,  408,  791,  481,  852,  454,  185],
        [   70,    0,  288,  168,  644,  185,  570,  325,  711,  288,  140,   94,   77,  246,  627,  452,  189,  380,  430,  393,  325,  656,  648,  604,  364,    0,  380,  538,  346,  240,  605,  311,  662,  395,  352,  219,  188,  313,  492,  199,  288,  738,  619,  778,  176,  213,  754,  113,  687,  302,  227,  263,  142,  351,  353,  250,  416,  181,  301,  298,  306,   80,  651,  655,  713,  764,  635,  676,  663,  412,  380,  603,  113,  652,   91,  230,  455,  638,  632,  617,  609,  399,  547,  140,  441,  353,  237,  311,  837,  723,  271,  127,  364,  641,  333,  684,  603,  222,  279,  399,  530,  107,  454,  560,  616,  314,  308,  630,  385,  471,  438,  851,  100,  509,  175,  689,  153,  542],
        [  311,    0,  666,  229,  418,  347,  434,  688,  507,  469,  511,  471,  437,  494,  870,  366,  474,  293,  726,  761,  159,  307,  466,  385,   17,  380,    0,  719,  542,  406,  302,  513,  735,  156,  724,  464,  193,  158,  210,  547,  662,  664,  256,  745,  534,  176, 1034,  492,  480,  226,  254,  621,  466,  143,  702,  328,  246,  211,  668,  677,  678,  456,  784,  780,  572,  606,  430,  889,  796,  707,   58,  262,  280,  730,  301,  313,  499,  754,  603,  238,  389,  448,  561,  289,   62,  276,  305,  203,  667,  703,  225,  462,  720,  362,  180,  424,  224,  159,  606,  312,  372,  311,  509,  779,  906,  501,  440,  911,  406,  717,  294,  695,  423,  804,  495,  860,  468,  170],
        [  551,    0,  583,  542,  628,  718,  489,  690,  627,  267,  583,  547,  583,  768,  181,  429,  707,  456,  238,  474,  563, 1021,  570,  604,  709,  538,  719,    0,  196,  332,  717,  839,  213,  601,  666,  747,  608,  763,  649,  401,  623,  456,  963,  422,  627,  649,  366,  520,  619,  494,  729,  669,  404,  789,  382,  394,  889,  558,  664,  532,  471,  501,  132,  142,  539,  589,  597,  174,  141,  868,  759,  979,  608,  201,  524,  754,  261,  141,  352,  897,  607,  288,  279,  485,  770,  852,  420,  786,  648,  374,  494,  422,  733,  701,  546,  695,  887,  628,  333,  447,  511,  491,  247,   87,  286,  846,  282,  273,  332,  130,  499,  638,  439,  248,  378,  153,  392,  801],
        [  356,    0,  447,  350,  548,  525,  420,  546,  574,   75,  410,  368,  399,  584,  328,  322,  524,  316,  221,  394,  395,  849,  509,  515,  531,  346,  542,  196,    0,  141,  599,  653,  330,  444,  534,  561,  415,  572,  511,  244,  481,  485,  794,  490,  456,  457,  496,  346,  559,  327,  534,  512,  222,  599,  298,  214,  697,  366,  518,  408,  357,  320,  306,  310,  518,  574,  522,  354,  317,  706,  578,  804,  413,  318,  328,  560,  196,  294,  367,  741,  519,  178,  273,  291,  598,  658,  237,  593,  643,  434,  319,  241,  591,  598,  381,  610,  729,  438,  207,  315,  418,  296,  186,  240,  376,  658,  109,  377,  208,  177,  372,  644,  250,  286,  203,  348,  210,  646],
        [  231,    0,  426,  210,  485,  403,  378,  507,  532,   66,  340,  291,  307,  485,  467,  262,  428,  222,  328,  432,  266,  713,  466,  448,  394,  240,  406,  332,  141,    0,  503,  549,  425,  324,  511,  458,  276,  432,  403,  228,  450,  510,  660,  542,  386,  318,  629,  280,  512,  202,  401,  459,  161,  459,  347,   85,  557,  226,  479,  403,  369,  243,  429,  430,  506,  560,  467,  494,  441,  638,  439,  667,  284,  416,  199,  432,  217,  410,  399,  615,  452,  165,  310,  154,  463,  521,  103,  454,  633,  486,  187,  176,  551,  516,  256,  540,  602,  298,  242,  230,  356,  165,  216,  380,  502,  552,   69,  506,  164,  312,  286,  642,  162,  403,  166,  483,  153,  522],
        [  540,    0,  882,  438,  158,  631,  260,  929,  244,  544,  744,  696,  677,  776,  895,  289,  745,  286,  817,  929,  281,  432,  233,  147,  313,  605,  302,  717,  599,  503,    0,  804,  645,  211,  955,  744,  443,  460,  114,  714,  890,  472,  369,  569,  778,  447, 1077,  707,  221,  317,  547,  866,  633,  442,  849,  423,  535,  428,  905,  876,  858,  665,  732,  723,  346,  360,  187,  887,  743,  985,  353,  420,  534,  644,  514,  607,  457,  695,  462,  256,  148,  436,  470,  473,  284,  576,  415,  505,  405,  545,  344,  638,  967,   67,  274,  132,  255,  418,  744,  284,  214,  505,  471,  797,  969,  795,  494,  967,  396,  768,  227,  437,  604,  884,  652,  827,  630,  192],
        [  329,    0,  380,  410,  887,  177,  843,  315,  966,  597,  272,  296,  257,   73,  904,  731,  134,  650,  692,  556,  550,  674,  909,  848,  499,  311,  513,  839,  653,  549,  804,    0,  972,  607,  374,   93,  374,  364,  697,  454,  344, 1034,  665, 1082,  239,  360, 1001,  326,  940,  559,  259,  265,  436,  397,  568,  546,  373,  410,  315,  431,  480,  339,  958,  962,  990, 1038,  887,  962,  969,  217,  476,  623,  297,  962,  366,  200,  761,  946,  933,  716,  853,  704,  852,  423,  555,  290,  527,  325, 1109, 1028,  529,  417,  318,  856,  567,  911,  703,  392,  537,  672,  792,  397,  762,  851,  865,   19,  618,  884,  684,  756,  697, 1128,  404,  762,  462,  988,  448,  676],
        [  655,    0,  769,  613,  520,  827,  388,  871,  491,  376,  739,  696,  722,  906,  358,  382,  846,  444,  447,  679,  577, 1015,  448,  508,  730,  662,  735,  213,  330,  425,  645,  972,    0,  591,  854,  880,  677,  819,  607,  571,  805,  271,  952,  216,  785,  716,  530,  675,  492,  515,  814,  841,  549,  836,  585,  453,  945,  625,  844,  723,  665,  647,  117,  103,  382,  424,  486,  308,  123, 1036,  785,  981,  705,   13,  621,  852,  239,   83,  196,  866,  509,  296,  180,  570,  775,  926,  478,  851,  470,  175,  528,  568,  916,  610,  555,  586,  858,  688,  519,  426,  432,  587,  232,  285,  482,  975,  358,  464,  334,  341,  461,  454,  572,  459,  532,  216,  537,  773],
        [  330,    0,  674,  227,  283,  431,  279,  719,  368,  377,  534,  486,  466,  573,  765,  214,  538,  150,  650,  733,   71,  426,  319,  246,  157,  395,  156,  601,  444,  324,  211,  607,  591,    0,  745,  541,  237,  292,   98,  515,  680,  509,  366,  590,  567,  248,  939,  498,  341,  123,  356,  655,  433,  289,  659,  240,  398,  217,  695,  672,  657,  457,  650,  645,  421,  458,  288,  774,  663,  778,  213,  391,  326,  587,  304,  415,  361,  618,  450,  298,  250,  317,  414,  265,  185,  415,  225,  336,  523,  548,  144,  436,  757,  253,   70,  305,  287,  216,  555,  165,  218,  297,  372,  670,  819,  599,  336,  821,  273,  621,  139,  548,  400,  724,  455,  734,  431,  202],
        [  420,    0,   88,  520,  979,  420,  886,   60, 1036,  519,  215,  259,  288,  319,  658,  767,  291,  709,  449,  232,  675,  972,  971,  939,  708,  352,  724,  666,  534,  511,  955,  374,  854,  745,    0,  330,  534,  624,  842,  294,   65, 1010,  946, 1024,  194,  550,  702,  249, 1014,  644,  513,  117,  350,  664,  295,  563,  690,  533,   63,  134,  197,  291,  797,  806, 1016, 1071,  966,  732,  806,  251,  715,  919,  445,  842,  442,  477,  712,  800,  894,  960,  944,  670,  800,  483,  783,  609,  559,  604, 1144,  967,  614,  337,   81,  987,  681, 1025,  946,  567,  336,  724,  856,  450,  706,  640,  578,  392,  565,  603,  674,  547,  771, 1152,  362,  495,  349,  790,  359,  891],
        [  243,    0,  317,  331,  816,  118,  764,  275,  892,  505,  188,  206,  165,   33,  816,  649,   47,  570,  605,  486,  479,  663,  833,  776,  449,  219,  464,  747,  561,  458,  744,   93,  880,  541,  330,    0,  304,  329,  634,  366,  287,  948,  646,  993,  164,  298,  919,  238,  866,  481,  215,  214,  343,  366,  488,  459,  369,  334,  267,  362,  405,  248,  866,  870,  910,  959,  813,  872,  877,  244,  436,  610,  219,  870,  280,  164,  671,  854,  846,  683,  781,  615,  763,  337,  513,  285,  441,  298, 1030,  939,  450,  325,  291,  792,  494,  845,  669,  327,  450,  591,  715,  309,  672,  760,  781,  100,  526,  800,  597,  666,  620, 1048,  312,  677,  371,  896,  356,  632],
        [  119,    0,  474,   67,  514,  198,  474,  499,  592,  341,  320,  279,  247,  336,  735,  369,  302,  286,  566,  573,  176,  477,  536,  474,  177,  188,  193,  608,  415,  276,  443,  374,  677,  237,  534,  304,    0,  158,  332,  364,  471,  681,  436,  742,  345,   42,  886,  300,  566,  192,  144,  433,  287,  189,  521,  225,  282,   53,  478,  485,  489,  265,  698,  698,  623,  668,  513,  768,  711,  542,  196,  426,   92,  669,  114,  194,  442,  675,  592,  430,  479,  383,  525,  126,  254,  250,  200,  179,  738,  691,  166,  280,  534,  489,  194,  541,  416,   35,  431,  308,  421,  134,  447,  653,  751,  368,  331,  761,  351,  577,  326,  758,  241,  646,  319,  758,  292,  358],
        [  254,    0,  580,  223,  570,  214,  567,  580,  657,  498,  420,  392,  348,  357,  893,  479,  349,  397,  720,  705,  262,  349,  611,  534,  148,  313,  158,  763,  572,  432,  460,  364,  819,  292,  624,  329,  158,    0,  364,  507,  567,  790,  322,  862,  431,  117, 1042,  420,  630,  310,  116,  512,  435,   40,  663,  374,  127,  206,  564,  603,  618,  393,  849,  848,  711,  750,  579,  925,  862,  569,  114,  296,  201,  812,  263,  168,  581,  824,  715,  355,  539,  524,  658,  283,  192,  123,  349,   46,  814,  815,  293,  426,  606,  519,  285,  580,  342,  136,  580,  419,  507,  289,  588,  811,  906,  351,  484,  916,  487,  734,  418,  839,  388,  800,  468,  913,  441,  313],
        [  427,    0,  770,  325,  209,  523,  249,  816,  298,  450,  631,  584,  564,  666,  821,  229,  633,  197,  725,  823,  168,  416,  262,  177,  218,  492,  210,  649,  511,  403,  114,  697,  607,   98,  842,  634,  332,  364,    0,  606,  777,  481,  352,  570,  665,  339, 1000,  594,  272,  209,  443,  753,  524,  352,  746,  320,  455,  315,  792,  766,  749,  553,  681,  674,  373,  402,  223,  822,  693,  873,  267,  391,  422,  605,  401,  502,  395,  646,  443,  259,  181,  362,  428,  361,  211,  485,  310,  409,  460,  537,  235,  529,  854,  159,  163,  217,  251,  308,  641,  203,  189,  393,  407,  724,  886,  689,  403,  885,  319,  685,  152,  488,  494,  795,  545,  771,  522,  167],
        [  253,    0,  207,  319,  711,  374,  605,  302,  759,  227,  186,  161,  207,  382,  451,  489,  321,  443,  241,  219,  447,  840,  693,  673,  532,  199,  547,  401,  244,  228,  714,  454,  571,  515,  294,  366,  364,  507,  606,    0,  238,  717,  798,  732,  228,  398,  561,  129,  739,  398,  425,  272,   84,  543,  158,  295,  614,  337,  275,  176,  145,  128,  529,  536,  729,  784,  693,  510,  539,  469,  559,  789,  308,  559,  251,  425,  419,  525,  601,  779,  677,  379,  507,  260,  609,  551,  300,  508,  856,  675,  373,   85,  347,  734,  446,  764,  766,  397,   85,  454,  583,  236,  413,  400,  423,  464,  275,  439,  387,  304,  507,  862,  124,  316,   63,  543,   85,  695],
        [  357,    0,   46,  456,  915,  368,  823,   67,  973,  461,  152,  195,  226,  281,  631,  704,  244,  645,  417,  224,  610,  916,  908,  875,  646,  288,  662,  623,  481,  450,  890,  344,  805,  680,   65,  287,  471,  567,  777,  238,    0,  952,  887,  969,  137,  489,  690,  185,  951,  580,  457,   79,  289,  607,  267,  500,  639,  469,   43,  104,  166,  227,  754,  763,  955, 1009,  902,  702,  763,  261,  654,  862,  384,  794,  378,  425,  654,  755,  837,  899,  880,  610,  743,  418,  721,  559,  495,  549, 1082,  913,  549,  275,  111,  922,  616,  961,  885,  504,  290,  660,  792,  385,  649,  604,  562,  360,  506,  585,  613,  509,  707, 1091,  298,  471,  290,  753,  298,  828],
        [  706,    0,  923,  629,  319,  866,  234, 1012,  258,  491,  849,  800,  811,  978,  623,  313,  925,  397,  667,  876,  529,  892,  241,  326,  665,  738,  664,  456,  485,  510,  472, 1034,  271,  509, 1010,  948,  681,  790,  481,  717,  952,    0,  828,  100,  895,  711,  799,  789,  269,  490,  823,  968,  667,  794,  779,  490,  904,  634,  985,  889,  840,  752,  387,  374,  137,  162,  287,  577,  393, 1146,  722,  870,  740,  278,  669,  873,  298,  351,  118,  723,  324,  345,  212,  612,  685,  910,  507,  830,  200,  102,  516,  683, 1057,  419,  506,  374,  719,  678,  691,  374,  296,  640,  304,  540,  740, 1032,  448,  725,  354,  571,  374,  184,  671,  699,  663,  486,  657,  642],
        [  552,    0,  898,  481,  526,  534,  599,  902,  612,  722,  738,  705,  665,  672, 1120,  571,  669,  515,  982, 1008,  401,   65,  596,  507,  270,  619,  256,  963,  794,  660,  369,  665,  952,  366,  946,  646,  436,  322,  352,  798,  887,  828,    0,  920,  752,  406, 1288,  730,  589,  470,  437,  834,  718,  283,  954,  580,  299,  463,  885,  916,  923,  698, 1016, 1010,  710,  728,  551, 1135, 1028,  879,  240,   62,  509,  949,  548,  483,  726,  983,  794,  118,  510,  682,  773,  544,  197,  377,  558,  349,  772,  888,  476,  714,  928,  434,  418,  497,  116,  402,  860,  529,  540,  563,  737, 1028, 1161,  649,  689, 1166,  638,  970,  492,  805,  674, 1059,  749, 1099,  722,  187],
        [  753,    0,  937,  686,  418,  920,  322, 1032,  357,  512,  879,  831,  848, 1022,  573,  383,  967,  465,  649,  871,  601,  984,  340,  423,  744,  778,  745,  422,  490,  542,  569, 1082,  216,  590, 1024,  993,  742,  862,  570,  732,  969,  100,  920,    0,  926,  776,  742,  817,  369,  555,  885,  993,  692,  869,  774,  537,  980,  693, 1005,  898,  845,  782,  329,  315,  237,  257,  385,  519,  333, 1178,  801,  961,  793,  226,  717,  932,  325,  298,  150,  818,  421,  380,  232,  661,  770,  980,  557,  900,  281,   57,  578,  709, 1077,  517,  578,  474,  813,  743,  695,  443,  383,  686,  327,  499,  697, 1082,  475,  679,  399,  546,  452,  257,  702,  669,  683,  422,  681,  734],
        [  238,    0,  159,  340,  819,  231,  741,  155,  884,  416,   47,   96,  101,  168,  673,  621,  117,  553,  458,  323,  498,  779,  821,  779,  518,  176,  534,  627,  456,  386,  778,  239,  785,  567,  194,  164,  345,  431,  665,  228,  137,  895,  752,  926,    0,  359,  763,  111,  860,  477,  320,   89,  237,  471,  329,  417,  502,  351,  135,  199,  242,  144,  753,  759,  880,  933,  809,  735,  763,  253,  522,  726,  255,  774,  266,  289,  602,  747,  784,  768,  784,  551,  694,  315,  591,  423,  407,  412, 1006,  869,  446,  219,  190,  815,  507,  859,  754,  377,  307,  571,  703,  281,  600,  627,  627,  253,  451,  647,  544,  531,  612, 1019,  225,  526,  254,  770,  249,  701],
        [  147,    0,  495,  108,  529,  185,  500,  513,  611,  383,  338,  301,  264,  330,  777,  399,  302,  315,  605,  604,  195,  444,  557,  491,  160,  213,  176,  649,  457,  318,  447,  360,  716,  248,  550,  298,   42,  117,  339,  398,  489,  711,  406,  776,  359,    0,  926,  325,  584,  222,  113,  446,  323,  149,  555,  265,  240,   93,  493,  511,  518,  292,  739,  739,  648,  691,  531,  810,  752,  540,  168,  392,  106,  708,  150,  169,  480,  716,  626,  410,  496,  422,  561,  167,  233,  211,  240,  138,  760,  726,  198,  315,  545,  497,  215,  552,  396,   35,  468,  338,  444,  173,  486,  695,  791,  352,  373,  801,  388,  618,  350,  782,  277,  685,  356,  800,  329,  344],
        [  796,    0,  646,  825,  994,  934,  855,  749,  991,  567,  731,  718,  767,  929,  186,  789,  872,  804,  325,  471,  890, 1341,  935,  969, 1022,  754, 1034,  366,  496,  629, 1077, 1001,  530,  939,  702,  919,  886, 1042, 1000,  561,  690,  799, 1288,  742,  763,  926,    0,  685,  985,  822,  977,  763,  615, 1074,  434,  709, 1159,  843,  732,  588,  529,  688,  414,  428,  897,  945,  962,  224,  410,  949, 1065, 1295,  855,  522,  780,  983,  624,  449,  707, 1236,  972,  642,  643,  762, 1092, 1105,  730, 1053,  997,  704,  814,  628,  782, 1065,  877, 1061, 1225,  914,  477,  799,  875,  753,  611,  282,  139, 1014,  604,  126,  683,  319,  854,  983,  661,  246,  581,  321,  606, 1141],
        [  182,    0,  178,  276,  732,  257,  645,  232,  792,  306,   64,   34,   84,  254,  579,  525,  193,  462,  368,  287,  427,  766,  727,  692,  476,  113,  492,  520,  346,  280,  707,  326,  675,  498,  249,  238,  300,  420,  594,  129,  185,  789,  730,  817,  111,  325,  685,    0,  769,  395,  323,  180,  127,  459,  261,  319,  514,  290,  206,  186,  199,   43,  645,  650,  781,  834,  720,  637,  655,  363,  492,  713,  222,  664,  198,  312,  494,  637,  677,  729,  697,  445,  586,  234,  553,  444,  313,  413,  907,  760,  365,  109,  275,  738,  433,  777,  716,  334,  212,  479,  611,  202,  491,  526,  547,  336,  343,  564,  441,  431,  524,  918,  120,  441,  144,  666,  138,  653],
        [  633,    0,  933,  536,   65,  763,  140, 1001,   27,  528,  820,  769,  763,  898,  800,  251,  856,  308,  776,  938,  391,  652,   51,   96,  487,  687,  480,  619,  559,  512,  221,  940,  492,  341, 1014,  866,  566,  630,  272,  739,  951,  269,  589,  369,  860,  584,  985,  769,    0,  388,  695,  945,  668,  622,  846,  452,  726,  533,  975,  914,  880,  728,  597,  585,  134,  140,   54,  774,  606, 1093,  537,  638,  647,  495,  600,  753,  374,  558,  297,  476,   92,  382,  343,  547,  481,  752,  457,  675,  189,  357,  419,  679, 1043,  158,  373,  106,  475,  551,  744,  291,  159,  580,  386,  705,  897,  933,  474,  888,  358,  702,  249,  220,  653,  829,  677,  698,  661,  408],
        [  247,    0,  568,  150,  342,  385,  284,  624,  413,  257,  439,  389,  378,  513,  651,  177,  469,   94,  529,  615,   70,  527,  352,  302,  219,  302,  226,  494,  327,  202,  317,  559,  515,  123,  644,  481,  192,  310,  209,  398,  580,  490,  470,  555,  477,  222,  822,  395,  388,    0,  334,  564,  317,  322,  539,  118,  433,  150,  599,  561,  542,  353,  559,  555,  432,  479,  335,  666,  571,  706,  272,  486,  263,  509,  214,  386,  277,  530,  407,  415,  307,  223,  349,  163,  276,  425,  103,  346,  550,  507,   32,  322,  664,  343,   55,  383,  404,  189,  434,  116,  235,  197,  285,  558,  699,  555,  220,  702,  182,  503,  139,  569,  288,  603,  337,  635,  314,  321],
        [  184,    0,  473,  203,  639,   99,  613,  466,  722,  463,  314,  292,  245,  244,  841,  511,  234,  427,  653,  609,  307,  460,  669,  601,  240,  227,  254,  729,  534,  401,  547,  259,  814,  356,  513,  215,  144,  116,  443,  425,  457,  823,  437,  885,  320,  113,  977,  323,  695,  334,    0,  399,  363,  154,  578,  362,  191,  193,  451,  501,  522,  302,  828,  829,  761,  804,  642,  882,  841,  457,  222,  407,  124,  806,  207,   60,  582,  808,  735,  468,  606,  523,  667,  247,  300,  128,  338,   93,  872,  834,  308,  350,  491,  601,  327,  658,  455,  147,  504,  450,  557,  239,  586,  766,  840,  248,  462,  852,  492,  682,  463,  894,  317,  732,  397,  882,  372,  420],
        [  326,    0,  120,  429,  905,  305,  823,   68,  968,  482,  125,  176,  190,  205,  693,  703,  174,  637,  477,  300,  586,  859,  904,  864,  605,  263,  621,  669,  512,  459,  866,  265,  841,  655,  117,  214,  433,  512,  753,  272,   79,  968,  834,  993,   89,  446,  763,  180,  945,  564,  399,    0,  302,  552,  333,  497,  574,  439,   54,  176,  235,  220,  799,  806,  960, 1013,  894,  761,  808,  200,  607,  806,  342,  829,  353,  362,  672,  796,  855,  854,  869,  624,  763,  401,  678,  493,  489,  490, 1086,  936,  532,  286,  102,  903,  595,  946,  840,  465,  338,  654,  787,  367,  668,  659,  631,  282,  521,  653,  620,  562,  697, 1098,  299,  537,  312,  806,  313,  789],
