{
    "name": "random-14-15148",
    "comment": "size=14 seed=15148",
    "nodes": ["+0", "-0", "+1", "-1", "+2", "-2", "+3", "-3", "+4", "-4", "+5", "-5", "+6", "-6", "+7", "-7", "+8", "-8", "+9", "-9", "+10", "-10", "+11", "-11", "+12", "-12", "+13", "-13", "+14", "-14"],
    "precedence": {
        "+0": "-0",
        "+1": "-1",
        "+2": "-2",
        "+3": "-3",
        "+4": "-4",
        "+5": "-5",
        "+6": "-6",
        "+7": "-7",
        "+8": "-8",
        "+9": "-9",
        "+10": "-10",
        "+11": "-11",
        "+12": "-12",
        "+13": "-13",
        "+14": "-14"
    },
    "edges": [
        [    0,    0,  781,  914,  703,  838,  905,  578,  986,  822,  328,  553,  382,  584,  871,  747, 1074,  867,  744,  493,  414,  852,  891,  189,  538,  925,  764,  884,  742,  610],
        [    0,    0,  781,  914,  703,  838,  905,  578,  986,  822,  328,  553,  382,  584,  871,  747, 1074,  867,  744,  493,  414,  852,  891,  189,  538,  925,  764,  884,  742,  610],
        [  781,  781,    0,  500,  289,  348,  325,  388,  646,  160,  550,  492,  433,  198,  330,  551,  624,  481,  350,  983,  719,  249,  217,  790,  880,  196,  621,  541,  265,  761],
        [  914,  914,  500,    0,  266,  153,  822,  342,  147,  658,  853,  909,  734,  523,  829,  212,  164,   47,  196,  837, 1060,  747,  319, 1018,  686,  386,  256,   71,  257,  510],
        [  703,  703,  289,  266,    0,  141,  608,  147,  397,  443,  595,  644,  474,  259,  607,  263,  423,  230,   73,  761,  800,  530,  224,  780,  635,  285,  333,  281,   45,  493],
        [  838,  838,  348,  153,  141,    0,  671,  265,  298,  507,  733,  769,  611,  383,  677,  260,  293,  136,   99,  847,  937,  596,  184,  921,  707,  254,  326,  197,  116,  545],
        [  905,  905,  325,  822,  608,  671,    0,  683,  968,  166,  595,  418,  524,  420,   43,  870,  934,  804,  673, 1222,  681,   79,  516,  844, 1145,  466,  939,  865,  589, 1051],
        [  578,  578,  388,  342,  147,  265,  683,    0,  440,  525,  526,  626,  416,  276,  673,  231,  505,  296,  168,  618,  735,  605,  369,  677,  499,  427,  287,  326,  192,  374],
        [  986,  986,  646,  147,  397,  298,  968,  440,    0,  804,  964, 1039,  851,  656,  975,  240,  137,  169,  324,  833, 1173,  893,  463, 1108,  676,  529,  243,  118,  396,  497],
        [  822,  822,  160,  658,  443,  507,  166,  525,  804,    0,  542,  421,  445,  279,  172,  706,  777,  640,  508, 1090,  674,   90,  361,  794, 1001,  320,  775,  700,  423,  897],
        [  328,  328,  550,  853,  595,  733,  595,  526,  964,  542,    0,  226,  125,  377,  558,  751, 1015,  811,  658,  759,  210,  552,  718,  253,  747,  730,  795,  849,  619,  744],
        [  553,  553,  492,  909,  644,  769,  418,  626, 1039,  421,  226,    0,  240,  387,  376,  856, 1061,  874,  716,  973,  264,  398,  698,  446,  945,  688,  912,  922,  654,  914],
        [  382,  382,  433,  734,  474,  611,  524,  416,  851,  445,  125,  240,    0,  253,  491,  645,  895,  694,  539,  744,  327,  470,  594,  358,  707,  608,  695,  734,  496,  676],
        [  584,  584,  198,  523,  259,  383,  420,  276,  656,  279,  377,  387,  253,    0,  405,  493,  675,  488,  332,  812,  567,  345,  342,  603,  726,  357,  557,  539,  268,  633],
        [  871,  871,  330,  829,  607,  677,   43,  673,  975,  172,  558,  376,  491,  405,    0,  867,  947,  810,  674, 1199,  639,   83,  530,  805, 1125,  484,  936,  870,  590, 1037],
        [  747,  747,  551,  212,  263,  260,  870,  231,  240,  706,  751,  856,  645,  493,  867,    0,  346,  173,  205,  626,  959,  792,  438,  875,  475,  508,   71,  154,  289,  300],
        [ 1074, 1074,  624,  164,  423,  293,  934,  505,  137,  777, 1015, 1061,  895,  675,  947,  346,    0,  209,  357,  961, 1221,  864,  418, 1182,  805,  474,  367,  194,  408,  626],
        [  867,  867,  481,   47,  230,  136,  804,  296,  169,  640,  811,  874,  694,  488,  810,  173,  209,    0,  158,  797, 1019,  729,  315,  973,  647,  384,  224,   62,  227,  473],
        [  744,  744,  350,  196,   73,   99,  673,  168,  324,  508,  658,  716,  539,  332,  674,  205,  357,  158,    0,  755,  865,  596,  243,  833,  620,  311,  275,  208,   86,  465],
        [  493,  493,  983,  837,  761,  847, 1222,  618,  833, 1090,  759,  973,  744,  812, 1199,  626,  961,  797,  755,    0,  898, 1151,  985,  681,  159, 1044,  595,  777,  805,  337],
        [  414,  414,  719, 1060,  800,  937,  681,  735, 1173,  674,  210,  264,  327,  567,  639,  959, 1221, 1019,  865,  898,    0,  659,  906,  246,  914,  909, 1002, 1058,  822,  934],
        [  852,  852,  249,  747,  530,  596,   79,  605,  893,   90,  552,  398,  470,  345,   83,  792,  864,  729,  596, 1151,  659,    0,  447,  804, 1070,  402,  861,  789,  511,  973],
        [  891,  891,  217,  319,  224,  184,  516,  369,  463,  361,  718,  698,  594,  342,  530,  438,  418,  315,  243,  985,  906,  447,    0,  938,  856,   71,  506,  376,  180,  706],
        [  189,  189,  790, 1018,  780,  921,  844,  677, 1108,  794,  253,  446,  358,  603,  805,  875, 1182,  973,  833,  681,  246,  804,  938,    0,  722,  959,  903,  999,  813,  779],
        [  538,  538,  880,  686,  635,  707, 1145,  499,  676, 1001,  747,  945,  707,  726, 1125,  475,  805,  647,  620,  159,  914, 1070,  856,  722,    0,  920,  439,  624,  678,  180],
        [  925,  925,  196,  386,  285,  254,  466,  427,  529,  320,  730,  688,  608,  357,  484,  508,  474,  384,  311, 1044,  909,  402,   71,  959,  920,    0,  577,  445,  242,  773],
        [  764,  764,  621,  256,  333,  326,  939,  287,  243,  775,  795,  912,  695,  557,  936,   71,  367,  224,  275,  595, 1002,  861,  506,  903,  439,  577,    0,  188,  359,  260],
        [  884,  884,  541,   71,  281,  197,  865,  326,  118,  700,  849,  922,  734,  539,  870,  154,  194,   62,  208,  777, 1058,  789,  376,  999,  624,  445,  188,    0,  284,  446],
        [  742,  742,  265,  257,   45,  116,  589,  192,  396,  423,  619,  654,  496,  268,  590,  289,  408,  227,   86,  805,  822,  511,  180,  813,  678,  242,  359,  284,    0,  533],
        [  610,  610,  761,  510,  493,  545, 1051,  374,  497,  897,  744,  914,  676,  633, 1037,  300,  626,  473,  465,  337,  934,  973,  706,  779,  180,  773,  260,  446,  533,    0]
    ]
}
