{
    "name": "random-16-580",
    "comment": "size=16 seed=580",
    "nodes": ["+0", "-0", "+1", "-1", "+2", "-2", "+3", "-3", "+4", "-4", "+5", "-5", "+6", "-6", "+7", "-7", "+8", "-8", "+9", "-9", "+10", "-10", "+11", "-11", "+12", "-12", "+13", "-13", "+14", "-14", "+15", "-15", "+16", "-16"],
    "precedence": {
        "+0": "-0",
        "+1": "-1",
        "+2": "-2",
        "+3": "-3",
        "+4": "-4",
        "+5": "-5",
        "+6": "-6",
        "+7": "-7",
        "+8": "-8",
        "+9": "-9",
        "+10": "-10",
        "+11": "-11",
        "+12": "-12",
        "+13": "-13",
        "+14": "-14",
        "+15": "-15",
        "+16": "-16"
    },
    "edges": [
        [    0,    0,  418,  722,  299,  868,  196,  370,  918,  522,  287,  539,  903,  232,  472,  272,  575,  124,  219,  565,  463,  955,  751,  727,  264,  372,  404,  820,  407,  402,  681,  908,  627,  749],
        [    0,    0,  418,  722,  299,  868,  196,  370,  918,  522,  287,  539,  903,  232,  472,  272,  575,  124,  219,  565,  463,  955,  751,  727,  264,  372,  404,  820,  407,  402,  681,  908,  627,  749],
        [  418,  418,    0,  847,  512,  721,  372,  147,  501,  163,  416,  147,  639,  407,  400,  229,  207,  301,  503,  427,  404,  663,  695,  633,  226,  328,  628,  416,   12,  151,  281,  491,  461,  885],
        [  722,  722,  847,    0,  424,  516,  559,  928, 1184,  787,  470,  841,  738,  946,  464,  896,  809,  770,  936,  497,  455,  817,  333,  400,  648,  519,  326, 1199,  839,  954,  917, 1181,  522,   40],
        [  299,  299,  512,  424,    0,  643,  152,  549,  961,  526,  103,  568,  748,  523,  293,  493,  569,  354,  515,  391,  280,  815,  492,  491,  287,  245,  122,  918,  502,  579,  690,  954,  454,  453],
        [  868,  868,  721,  516,  643,    0,  675,  858,  830,  580,  594,  627,  253, 1024,  397,  891,  565,  839, 1070,  316,  406,  326,  187,  154,  645,  502,  643,  915,  720,  869,  620,  832,  265,  546],
        [  196,  196,  372,  559,  152,  675,    0,  398,  846,  416,   95,  450,  728,  394,  282,  343,  464,  212,  409,  378,  271,  786,  555,  532,  150,  189,  274,  785,  362,  428,  583,  838,  442,  591],
        [  370,  370,  147,  928,  549,  858,  398,    0,  587,  310,  468,  288,  786,  287,  510,  113,  352,  246,  393,  554,  511,  810,  816,  759,  281,  420,  670,  462,  144,   33,  411,  576,  595,  964],
        [  918,  918,  501, 1184,  961,  830,  846,  587,    0,  435,  859,  396,  610,  873,  734,  698,  395,  800,  980,  688,  746,  571,  915,  835,  697,  726, 1061,  184,  512,  563,  275,   13,  670, 1223],
        [  522,  522,  163,  787,  526,  580,  416,  310,  435,    0,  424,   55,  477,  559,  324,  384,   53,  422,  645,  315,  333,  501,  583,  512,  273,  294,  628,  414,  168,  310,  167,  428,  332,  827],
        [  287,  287,  416,  470,  103,  594,   95,  468,  859,  424,    0,  467,  671,  489,  214,  427,  467,  305,  503,  314,  202,  735,  465,  448,  194,  147,  212,  818,  407,  496,  588,  852,  378,  504],
        [  539,  539,  147,  841,  568,  627,  450,  288,  396,   55,  467,    0,  510,  553,  378,  375,   69,  432,  646,  369,  386,  527,  636,  564,  302,  342,  673,  362,  154,  283,  142,  388,  384,  880],
        [  903,  903,  639,  738,  748,  253,  728,  786,  610,  477,  671,  510,    0, 1009,  458,  848,  442,  840, 1078,  358,  471,   79,  408,  339,  646,  539,  786,  724,  642,  787,  451,  613,  295,  773],
        [  232,  232,  407,  946,  523, 1024,  394,  287,  873,  559,  489,  553, 1009,    0,  633,  181,  609,  190,  112,  709,  627, 1047,  934,  897,  380,  527,  634,  738,  399,  310,  687,  862,  765,  975],
        [  472,  472,  400,  464,  293,  397,  282,  510,  734,  324,  214,  378,  458,  633,    0,  516,  348,  444,  674,  100,   15,  523,  310,  266,  256,  106,  354,  737,  395,  529,  461,  730,  164,  503],
        [  272,  272,  229,  896,  493,  891,  343,  113,  698,  384,  427,  375,  848,  181,  516,    0,  433,  154,  283,  578,  514,  880,  825,  778,  264,  416,  614,  574,  221,  141,  507,  687,  627,  930],
        [  575,  575,  207,  809,  569,  565,  464,  352,  395,   53,  467,   69,  442,  609,  348,  433,    0,  474,  697,  323,  358,  460,  585,  511,  323,  331,  667,  392,  213,  350,  122,  389,  330,  848],
        [  124,  124,  301,  770,  354,  839,  212,  246,  800,  422,  305,  432,  840,  190,  444,  154,  474,    0,  238,  525,  438,  885,  745,  709,  197,  339,  472,  697,  290,  278,  573,  790,  583,  802],
        [  219,  219,  503,  936,  515, 1070,  409,  393,  980,  645,  503,  646, 1078,  112,  674,  283,  697,  238,    0,  759,  666, 1121,  964,  935,  435,  569,  614,  848,  494,  418,  784,  969,  819,  963],
        [  565,  565,  427,  497,  391,  316,  378,  554,  688,  315,  314,  369,  358,  709,  100,  578,  323,  525,  759,    0,  113,  424,  270,  207,  330,  193,  442,  714,  424,  569,  423,  684,   65,  536],
        [  463,  463,  404,  455,  280,  406,  271,  511,  746,  333,  202,  386,  471,  627,   15,  514,  358,  438,  666,  113,    0,  537,  312,  271,  253,  100,  340,  746,  398,  531,  472,  741,  177,  495],
        [  955,  955,  663,  817,  815,  326,  786,  810,  571,  501,  735,  527,   79, 1047,  523,  880,  460,  885, 1121,  424,  537,    0,  487,  417,  694,  598,  858,  701,  668,  809,  448,  576,  363,  851],
        [  751,  751,  695,  333,  492,  187,  555,  816,  915,  583,  465,  636,  408,  934,  310,  825,  585,  745,  964,  270,  312,  487,    0,   81,  564,  411,  472,  968,  692,  833,  670,  914,  256,  366],
        [  727,  727,  633,  400,  491,  154,  532,  759,  835,  512,  448,  564,  339,  897,  266,  778,  511,  709,  935,  207,  271,  417,   81,    0,  521,  371,  491,  890,  630,  775,  592,  834,  181,  435],
        [  264,  264,  226,  648,  287,  645,  150,  281,  697,  273,  194,  302,  646,  380,  256,  264,  323,  197,  435,  330,  253,  694,  564,  521,    0,  154,  404,  636,  216,  307,  439,  689,  387,  684],
        [  372,  372,  328,  519,  245,  502,  189,  420,  726,  294,  147,  342,  539,  527,  106,  416,  331,  339,  569,  193,  100,  598,  411,  371,  154,    0,  336,  702,  321,  443,  452,  719,  256,  557],
        [  404,  404,  628,  326,  122,  643,  274,  670, 1061,  628,  212,  673,  786,  634,  354,  614,  667,  472,  614,  442,  340,  858,  472,  491,  404,  336,    0, 1029,  618,  700,  787, 1055,  498,  350],
        [  820,  820,  416, 1199,  918,  915,  785,  462,  184,  414,  818,  362,  724,  738,  737,  574,  392,  697,  848,  714,  746,  701,  968,  890,  636,  702, 1029,    0,  427,  434,  299,  172,  713, 1239],
        [  407,  407,   12,  839,  502,  720,  362,  144,  512,  168,  407,  154,  642,  399,  395,  221,  213,  290,  494,  424,  398,  668,  692,  630,  216,  321,  618,  427,    0,  150,  291,  502,  459,  877],
        [  402,  402,  151,  954,  579,  869,  428,   33,  563,  310,  496,  283,  787,  310,  529,  141,  350,  278,  418,  569,  531,  809,  833,  775,  307,  443,  700,  434,  150,    0,  399,  552,  607,  990],
        [  681,  681,  281,  917,  690,  620,  583,  411,  275,  167,  588,  142,  451,  687,  461,  507,  122,  573,  784,  423,  472,  448,  670,  592,  439,  452,  787,  299,  291,  399,    0,  270,  416,  956],
        [  908,  908,  491, 1181,  954,  832,  838,  576,   13,  428,  852,  388,  613,  862,  730,  687,  389,  790,  969,  684,  741,  576,  914,  834,  689,  719, 1055,  172,  502,  552,  270,    0,  668, 1220],
        [  627,  627,  461,  522,  454,  265,  442,  595,  670,  332,  378,  384,  295,  765,  164,  627,  330,  583,  819,   65,  177,  363,  256,  181,  387,  256,  498,  713,  459,  607,  416,  668,    0,  560],
        [  749,  749,  885,   40,  453,  546,  591,  964, 1223,  827,  504,  880,  773,  975,  503,  930,  848,  802,  963,  536,  495,  851,  366,  435,  684,  557,  350, 1239,  877,  990,  956, 1220,  560,    0]
    ]
}
