{
    "name": "random-19-6514",
    "comment": "size=19 seed=6514",
    "nodes": ["+0", "-0", "+1", "-1", "+2", "-2", "+3", "-3", "+4", "-4", "+5", "-5", "+6", "-6", "+7", "-7", "+8", "-8", "+9", "-9", "+10", "-10", "+11", "-11", "+12", "-12", "+13", "-13", "+14", "-14", "+15", "-15", "+16", "-16", "+17", "-17", "+18", "-18", "+19", "-19"],
    "precedence": {
        "+0": "-0",
        "+1": "-1",
        "+2": "-2",
        "+3": "-3",
        "+4": "-4",
        "+5": "-5",
        "+6": "-6",
        "+7": "-7",
        "+8": "-8",
        "+9": "-9",
        "+10": "-10",
        "+11": "-11",
        "+12": "-12",
        "+13": "-13",
        "+14": "-14",
        "+15": "-15",
        "+16": "-16",
        "+17": "-17",
        "+18": "-18",
        "+19": "-19"
    },
    "edges": [
        [    0,    0,  136,  195,  781,  213,  495,  680,  784,  598,  726,  771,  583,  494,  211,  703,  388,  193,  674,  853,  906,  756, 1043,  707,  591,  680,  448,  557,  709,  113,  226,  859,  715,  223,  559,  570,  835,  345,  445,  853],
        [    0,    0,  136,  195,  781,  213,  495,  680,  784,  598,  726,  771,  583,  494,  211,  703,  388,  193,  674,  853,  906,  756, 1043,  707,  591,  680,  448,  557,  709,  113,  226,  859,  715,  223,  559,  570,  835,  345,  445,  853],
        [  136,  136,    0,  305,  890,  179,  631,  796,  906,  732,  753,  798,  719,  612,  277,  684,  502,  328,  632,  926, 1008,  776, 1118,  759,  610,  683,  583,  647,  768,   59,  111,  914,  851,  150,  694,  675,  914,  472,  397,  908],
        [  195,  195,  305,    0,  588,  406,  396,  491,  602,  454,  584,  629,  458,  308,  107,  620,  198,  183,  628,  667,  712,  621,  855,  541,  467,  570,  327,  365,  535,  255,  351,  686,  584,  303,  453,  376,  646,  178,  432,  681],
        [  781,  781,  890,  588,    0,  986,  530,  120,  145,  383,  572,  587,  451,  294,  626,  791,  393,  671,  888,  318,  143,  615,  410,  435,  598,  684,  482,  279,  387,  836,  914,  445,  448,  848,  516,  217,  271,  455,  831,  445],
        [  213,  213,  179,  406,  986,    0,  631,  880,  977,  762,  920,  966,  733,  695,  418,  862,  594,  339,  809, 1065, 1114,  947, 1256,  914,  780,  858,  603,  770,  918,  226,  275, 1067,  863,  328,  694,  780, 1048,  538,  575, 1061],
        [  495,  495,  631,  396,  530,  631,    0,  413,  445,  166,  853,  891,  111,  307,  500,  966,  326,  305, 1001,  775,  671,  898,  922,  756,  780,  891,   80,  502,  726,  601,  713,  858,  234,  684,   64,  428,  736,  249,  824,  855],
        [  680,  680,  796,  491,  120,  880,  413,    0,  127,  272,  589,  613,  340,  186,  542,  785,  294,  559,  869,  394,  262,  635,  516,  458,  586,  683,  363,  242,  414,  744,  830,  506,  356,  768,  403,  151,  349,  344,  781,  504],
        [  784,  784,  906,  602,  145,  977,  445,  127,    0,  283,  699,  719,  350,  295,  661,  905,  407,  645,  992,  462,  254,  744,  544,  564,  707,  801,  415,  366,  518,  856,  946,  588,  318,  887,  417,  278,  415,  441,  907,  588],
        [  598,  598,  732,  454,  383,  762,  166,  272,  283,    0,  793,  826,   69,  237,  546,  944,  311,  424,  999,  659,  520,  839,  788,  679,  747,  856,  160,  425,  642,  693,  799,  758,  136,  757,  136,  334,  616,  277,  853,  756],
        [  726,  726,  753,  584,  572,  920,  853,  589,  699,  793,    0,   46,  843,  560,  517,  247,  531,  763,  371,  333,  581,   47,  485,  138,  147,  142,  774,  369,  186,  698,  704,  227,  915,  627,  882,  465,  361,  621,  449,  222],
        [  771,  771,  798,  629,  587,  966,  891,  613,  719,  826,   46,    0,  877,  595,  563,  262,  570,  807,  390,  328,  586,   40,  466,  155,  190,  165,  812,  401,  201,  743,  747,  210,  945,  671,  918,  495,  361,  662,  486,  205],
        [  583,  583,  719,  458,  451,  733,  111,  340,  350,   69,  843,  877,    0,  284,  556,  982,  340,  400, 1030,  724,  589,  889,  855,  734,  788,  898,  136,  478,  699,  684,  794,  819,  132,  757,   68,  391,  681,  288,  872,  817],
        [  494,  494,  612,  308,  294,  695,  307,  186,  295,  237,  560,  595,  284,    0,  369,  709,  113,  378,  770,  476,  430,  606,  638,  453,  511,  620,  235,  197,  421,  562,  653,  552,  367,  595,  326,  125,  440,  161,  643,  549],
        [  211,  211,  277,  107,  626,  418,  500,  542,  661,  546,  517,  563,  556,  369,    0,  524,  258,  277,  524,  652,  737,  550,  844,  497,  388,  485,  430,  371,  501,  219,  290,  650,  679,  227,  556,  409,  638,  270,  325,  644],
        [  703,  703,  684,  620,  791,  862,  966,  785,  905,  944,  247,  262,  982,  709,  524,    0,  645,  799,  130,  579,  819,  223,  728,  374,  201,  110,  887,  546,  420,  639,  605,  471, 1075,  538, 1008,  643,  605,  718,  301,  466],
        [  388,  388,  502,  198,  393,  594,  326,  294,  407,  311,  531,  570,  340,  113,  258,  645,    0,  298,  691,  518,  521,  575,  695,  446,  455,  566,  246,  211,  424,  451,  541,  568,  446,  483,  364,  188,  488,   96,  545,  564],
        [  193,  193,  328,  183,  671,  339,  305,  559,  645,  424,  763,  807,  400,  378,  277,  799,  298,    0,  799,  812,  808,  801,  992,  710,  649,  753,  267,  503,  698,  303,  417,  848,  532,  401,  369,  483,  784,  218,  587,  844],
        [  674,  674,  632,  628,  888,  809, 1001,  869,  992,  999,  371,  390, 1030,  770,  524,  130,  691,  799,    0,  699,  928,  351,  854,  489,  291,  230,  923,  627,  533,  594,  539,  597, 1133,  483, 1048,  721,  722,  753,  236,  592],
        [  853,  853,  926,  667,  318, 1065,  775,  394,  462,  659,  333,  328,  724,  476,  652,  579,  518,  812,  699,    0,  270,  365,  193,  215,  427,  472,  708,  309,  179,  868,  912,  137,  750,  836,  781,  352,   48,  609,  726,  139],
        [  906,  906, 1008,  712,  143, 1114,  671,  262,  254,  520,  581,  586,  589,  430,  737,  819,  521,  808,  928,  270,    0,  619,  296,  446,  640,  710,  624,  370,  399,  952, 1023,  406,  571,  952,  655,  336,  228,  590,  905,  408],
        [  756,  756,  776,  621,  615,  947,  898,  635,  744,  839,   47,   40,  889,  606,  550,  223,  575,  801,  351,  365,  619,    0,  505,  181,  167,  128,  819,  415,  229,  723,  722,  249,  962,  646,  928,  511,  396,  664,  454,  244],
        [ 1043, 1043, 1118,  855,  410, 1256,  922,  516,  544,  788,  485,  466,  855,  638,  844,  728,  695,  992,  854,  193,  296,  505,    0,  391,  602,  626,  863,  492,  364, 1060, 1104,  258,  857, 1027,  918,  517,  209,  783,  908,  263],
        [  707,  707,  759,  541,  435,  914,  756,  458,  564,  679,  138,  155,  734,  453,  497,  374,  446,  710,  489,  215,  446,  181,  391,    0,  214,  265,  679,  256,   49,  702,  729,  155,  795,  651,  778,  346,  234,  540,  517,  150],
        [  591,  591,  610,  467,  598,  780,  780,  586,  707,  747,  147,  190,  788,  511,  388,  201,  455,  649,  291,  427,  640,  167,  602,  214,    0,  111,  700,  345,  252,  556,  558,  351,  877,  482,  818,  443,  443,  536,  310,  346],
        [  680,  680,  683,  570,  684,  858,  891,  683,  801,  856,  142,  165,  898,  620,  485,  110,  566,  753,  230,  472,  710,  128,  626,  265,  111,    0,  811,  447,  311,  633,  618,  368,  985,  545,  929,  545,  496,  647,  334,  363],
        [  448,  448,  583,  327,  482,  603,   80,  363,  415,  160,  774,  812,  136,  235,  430,  887,  246,  267,  923,  708,  624,  819,  863,  679,  700,  811,    0,  427,  651,  548,  658,  785,  268,  623,  127,  358,  670,  171,  751,  782],
        [  557,  557,  647,  365,  279,  770,  502,  242,  366,  425,  369,  401,  478,  197,  371,  546,  211,  503,  627,  309,  370,  415,  492,  256,  345,  447,  427,    0,  224,  590,  654,  362,  547,  583,  522,   99,  283,  305,  552,  358],
        [  709,  709,  768,  535,  387,  918,  726,  414,  518,  642,  186,  201,  699,  421,  501,  420,  424,  698,  533,  179,  399,  229,  364,   49,  252,  311,  651,  224,    0,  711,  745,  152,  755,  668,  745,  308,  192,  519,  548,  147],
        [  113,  113,   59,  255,  836,  226,  601,  744,  856,  693,  698,  743,  684,  562,  219,  639,  451,  303,  594,  868,  952,  723, 1060,  702,  556,  633,  548,  590,  711,    0,  114,  856,  815,  119,  664,  620,  856,  427,  360,  851],
        [  226,  226,  111,  351,  914,  275,  713,  830,  946,  799,  704,  747,  794,  653,  290,  605,  541,  417,  539,  912, 1023,  722, 1104,  729,  558,  618,  658,  654,  745,  114,    0,  884,  924,   78,  776,  698,  906,  528,  307,  878],
        [  859,  859,  914,  686,  445, 1067,  858,  506,  588,  758,  227,  210,  819,  552,  650,  471,  568,  848,  597,  137,  406,  249,  258,  155,  351,  368,  785,  362,  152,  856,  884,    0,  860,  806,  871,  431,  181,  663,  661,    6],
        [  715,  715,  851,  584,  448,  863,  234,  356,  318,  136,  915,  945,  132,  367,  679, 1075,  446,  532, 1133,  750,  571,  962,  857,  795,  877,  985,  268,  547,  755,  815,  924,  860,    0,  885,  174,  451,  704,  409,  988,  858],
        [  223,  223,  150,  303,  848,  328,  684,  768,  887,  757,  627,  671,  757,  595,  227,  538,  483,  401,  483,  836,  952,  646, 1027,  651,  482,  545,  623,  583,  668,  119,   78,  806,  885,    0,  745,  631,  830,  481,  248,  800],
        [  559,  559,  694,  453,  516,  694,   64,  403,  417,  136,  882,  918,   68,  326,  556, 1008,  364,  369, 1048,  781,  655,  928,  918,  778,  818,  929,  127,  522,  745,  664,  776,  871,  174,  745,    0,  441,  739,  296,  878,  868],
        [  570,  570,  675,  376,  217,  780,  428,  151,  278,  334,  465,  495,  391,  125,  409,  643,  188,  483,  721,  352,  336,  511,  517,  346,  443,  545,  358,   99,  308,  620,  698,  431,  451,  631,  441,    0,  316,  269,  631,  428],
        [  835,  835,  914,  646,  271, 1048,  736,  349,  415,  616,  361,  361,  681,  440,  638,  605,  488,  784,  722,   48,  228,  396,  209,  234,  443,  496,  670,  283,  192,  856,  906,  181,  704,  830,  739,  316,    0,  578,  734,  182],
        [  345,  345,  472,  178,  455,  538,  249,  344,  441,  277,  621,  662,  288,  161,  270,  718,   96,  218,  753,  609,  590,  664,  783,  540,  536,  647,  171,  305,  519,  427,  528,  663,  409,  481,  296,  269,  578,    0,  584,  659],
        [  445,  445,  397,  432,  831,  575,  824,  781,  907,  853,  449,  486,  872,  643,  325,  301,  545,  587,  236,  726,  905,  454,  908,  517,  310,  334,  751,  552,  548,  360,  307,  661,  988,  248,  878,  631,  734,  584,    0,  655],
        [  853,  853,  908,  681,  445, 1061,  855,  504,  588,  756,  222,  205,  817,  549,  644,  466,  564,  844,  592,  139,  408,  244,  263,  150,  346,  363,  782,  358,  147,  851,  878,    6,  858,  800,  868,  428,  182,  659,  655,    0]
    ]
}
