{
    "name": "random-32-10297",
    "comment": "size=32 seed=10297",
    "nodes": ["+0", "-0", "+1", "-1", "+2", "-2", "+3", "-3", "+4", "-4", "+5", "-5", "+6", "-6", "+7", "-7", "+8", "-8", "+9", "-9", "+10", "-10", "+11", "-11", "+12", "-12", "+13", "-13", "+14", "-14", "+15", "-15", "+16", "-16", "+17", "-17", "+18", "-18", "+19", "-19", "+20", "-20", "+21", "-21", "+22", "-22", "+23", "-23", "+24", "-24", "+25", "-25", "+26", "-26", "+27", "-27", "+28", "-28", "+29", "-29", "+30", "-30", "+31", "-31", "+32", "-32"],
    "precedence": {
        "+0": "-0",
        "+1": "-1",
        "+2": "-2",
        "+3": "-3",
        "+4": "-4",
        "+5": "-5",
        "+6": "-6",
        "+7": "-7",
        "+8": "-8",
        "+9": "-9",
        "+10": "-10",
        "+11": "-11",
        "+12": "-12",
        "+13": "-13",
        "+14": "-14",
        "+15": "-15",
        "+16": "-16",
        "+17": "-17",
        "+18": "-18",
        "+19": "-19",
        "+20": "-20",
        "+21": "-21",
        "+22": "-22",
        "+23": "-23",
        "+24": "-24",
        "+25": "-25",
        "+26": "-26",
        "+27": "-27",
        "+28": "-28",
        "+29": "-29",
        "+30": "-30",
        "+31": "-31",
        "+32": "-32"
    },
    "edges": [
        [    0,    0,  539,  727,  670,  362,  314,  470,  612,  625,  824,  750,  790,  689,  873,  321,  401,  306,  688,  535,  202,  946,  672,  577,  873,  511,  615,  637,  679,  939,  283,  199,  690,  293,  888,  638,  678,  524,  260,  585,  836,  774,  909,  445,  813,  291,  360,  831,  261,  459,  757,  908,  994,  625,  855,  562,  617,  907,  387,  657,  558,  672,  348,  627,  658,  471],
        [    0,    0,  539,  727,  670,  362,  314,  470,  612,  625,  824,  750,  790,  689,  873,  321,  401,  306,  688,  535,  202,  946,  672,  577,  873,  511,  615,  637,  679,  939,  283,  199,  690,  293,  888,  638,  678,  524,  260,  585,  836,  774,  909,  445,  813,  291,  360,  831,  261,  459,  757,  908,  994,  625,  855,  562,  617,  907,  387,  657,  558,  672,  348,  627,  658,  471],
        [  539,  539,    0,  211,  567,  414,  344,  243,   81,  344,  299,  262,  401,  151,  335,  229,  470,  641,  212,  561,  639,  434,  571,  152,  577,  470,   89,  300,  683,  402,  287,  343,  466,  433,  477,  196,  357,  436,  746,  624,  329,  241,  388,  520,  428,  448,  332,  462,  389,  550,  335,  433,  458,  603,  587,   86,  492,  576,  462,  193,  230,  626,  352,  143,  414,  309],
        [  727,  727,  211,    0,  733,  621,  554,  438,  179,  492,  236,  288,  261,  112,  188,  434,  557,  771,  282,  603,  795,  225,  554,  305,  459,  660,  122,  436,  862,  258,  453,  529,  610,  643,  305,  309,  285,  622,  907,  814,  298,   72,  183,  593,  284,  658,  446,  320,  599,  620,  188,  230,  324,  784,  482,  252,  486,  437,  554,  286,  243,  800,  467,  105,  560,  370],
        [  670,  670,  567,  733,    0,  312,  384,  337,  558,  244,  614,  500,  965,  624,  730,  499,  903,  946,  470, 1033,  866,  916, 1097,  431, 1144,  161,  635,  303,  147,  758,  651,  599,  147,  378, 1032,  428,  920,  160,  926,  163,  569,  717,  862,  961,  992,  380,  770, 1026,  419,  988,  896,  959,  771,   94, 1152,  493, 1018, 1142,  889,  454,  784,   77,  780,  704,  183,  814],
        [  362,  362,  414,  621,  312,    0,   91,  200,  450,  299,  610,  506,  796,  535,  698,  240,  617,  636,  449,  754,  556,  839,  842,  349,  946,  152,  501,  331,  350,  751,  372,  301,  336,   72,  881,  391,  720,  164,  620,  263,  595,  636,  790,  674,  823,   79,  497,  853,  109,  699,  737,  846,  789,  281,  944,  378,  767,  958,  602,  419,  576,  325,  502,  553,  312,  567],
        [  314,  314,  344,  554,  384,   91,    0,  171,  392,  313,  572,  478,  714,  477,  650,  151,  529,  566,  417,  665,  496,  777,  751,  309,  859,  227,  432,  331,  437,  707,  282,  217,  379,   90,  802,  361,  634,  226,  572,  353,  567,  577,  729,  587,  741,  105,  407,  770,   60,  613,  658,  774,  751,  365,  856,  323,  676,  873,  515,  386,  490,  407,  413,  478,  345,  476],
        [  470,  470,  243,  438,  337,  200,  171,    0,  261,  167,  411,  310,  643,  342,  500,  190,  588,  682,  251,  710,  634,  649,  763,  150,  813,  227,  323,  167,  442,  551,  341,  323,  269,  247,  719,  194,  587,  195,  722,  382,  400,  444,  598,  646,  670,  260,  448,  703,  231,  675,  577,  667,  590,  362,  819,  187,  683,  815,  576,  221,  449,  389,  461,  385,  222,  481],
        [  612,  612,   81,  179,  558,  450,  392,  261,    0,  321,  219,  187,  412,   86,  264,  296,  546,  722,  146,  630,  718,  390,  627,  128,  601,  482,   83,  269,  684,  328,  367,  418,  442,  480,  475,  147,  391,  444,  825,  635,  249,  187,  340,  594,  438,  495,  411,  474,  442,  625,  341,  409,  382,  606,  616,   74,  550,  591,  539,  134,  282,  623,  431,  156,  391,  377],
        [  625,  625,  344,  492,  244,  299,  313,  167,  321,    0,  377,  263,  732,  381,  490,  357,  749,  849,  227,  866,  797,  672,  904,  196,  917,  226,  401,   60,  383,  523,  506,  489,  123,  365,  794,  184,  699,  182,  881,  356,  341,  473,  618,  806,  758,  375,  607,  794,  370,  835,  661,  716,  545,  309,  929,  262,  824,  910,  738,  210,  571,  316,  622,  473,   71,  626],
        [  824,  824,  299,  236,  614,  610,  572,  411,  219,  377,    0,  115,  489,  167,  121,  504,  751,  938,  163,  819,  936,  321,  786,  264,  687,  593,  257,  319,  757,  147,  586,  633,  472,  655,  512,  219,  520,  549, 1043,  733,   67,  173,  269,  795,  509,  669,  621,  545,  629,  824,  419,  398,  180,  686,  714,  263,  715,  658,  745,  191,  456,  689,  642,  304,  432,  571],
        [  750,  750,  262,  288,  500,  506,  478,  310,  187,  263,  115,    0,  548,  185,  231,  432,  732,  897,   63,  817,  881,  424,  807,  175,  746,  480,  256,  205,  643,  261,  536,  568,  359,  557,  588,  118,  555,  436,  982,  618,   90,  243,  370,  781,  571,  570,  594,  608,  536,  811,  475,  487,  287,  571,  767,  198,  731,  724,  724,   95,  464,  574,  613,  321,  318,  564],
        [  790,  790,  401,  261,  965,  796,  714,  643,  412,  732,  489,  548,    0,  368,  407,  569,  487,  728,  537,  470,  791,  286,  363,  537,  199,  869,  331,  680, 1083,  461,  512,  610,  854,  798,   99,  556,  122,  836,  903, 1023,  554,  317,  295,  498,   27,  813,  439,   62,  743,  519,   74,  180,  523, 1004,  225,  473,  320,  179,  491,  537,  236, 1026,  456,  261,  802,  328],
        [  689,  689,  151,  112,  624,  535,  477,  342,   86,  381,  167,  185,  368,    0,  184,  377,  585,  777,  170,  653,  784,  307,  629,  201,  564,  559,   90,  325,  755,  252,  433,  493,  498,  566,  417,  198,  372,  520,  893,  711,  216,  102,  256,  628,  392,  580,  457,  429,  527,  658,  295,  336,  310,  678,  584,  158,  555,  546,  579,  175,  291,  692,  478,  142,  449,  405],
        [  873,  873,  335,  188,  730,  698,  650,  500,  264,  490,  121,  231,  407,  184,    0,  560,  742,  949,  267,  790,  963,  202,  735,  350,  599,  698,  265,  431,  872,   72,  613,  676,  590,  737,  413,  319,  461,  655, 1073,  843,  182,  117,  151,  779,  423,  751,  625,  457,  703,  807,  343,  289,  137,  799,  631,  328,  670,  564,  738,  290,  430,  804,  646,  284,  548,  556],
        [  321,  321,  229,  434,  499,  240,  151,  190,  296,  357,  504,  432,  569,  377,  560,    0,  406,  495,  370,  535,  457,  659,  608,  260,  709,  356,  314,  348,  574,  624,  154,  141,  456,  230,  659,  323,  485,  341,  553,  495,  516,  470,  615,  464,  595,  244,  272,  623,  175,  492,  516,  643,  676,  499,  706,  242,  531,  725,  393,  339,  341,  535,  281,  347,  411,  329],
        [  401,  401,  470,  557,  903,  617,  529,  588,  546,  749,  751,  732,  487,  585,  742,  406,    0,  242,  681,  141,  323,  728,  273,  598,  506,  754,  495,  728,  966,  813,  253,  319,  857,  575,  582,  656,  365,  744,  428,  879,  793,  625,  710,   58,  502,  584,  144,  507,  516,   87,  487,  650,  878,  894,  480,  544,  227,  552,   15,  659,  316,  934,  128,  458,  810,  188],
        [  306,  306,  641,  771,  946,  636,  566,  682,  722,  849,  938,  897,  728,  777,  949,  495,  242,    0,  839,  319,  126,  958,  480,  739,  740,  787,  688,  843,  974, 1020,  362,  361,  938,  576,  823,  801,  606,  791,  202,  881,  969,  834,  936,  246,  743,  578,  325,  748,  529,  240,  724,  887, 1083,  913,  709,  699,  455,  789,  237,  812,  540,  959,  304,  667,  897,  414],
        [  688,  688,  212,  282,  470,  449,  417,  251,  146,  227,  163,   63,  537,  170,  267,  370,  681,  839,    0,  772,  820,  447,  772,  112,  732,  433,  223,  167,  608,  308,  478,  507,  336,  497,  586,   58,  531,  389,  921,  577,  151,  251,  392,  732,  562,  511,  541,  598,  475,  762,  464,  497,  341,  534,  750,  141,  695,  716,  673,   32,  427,  542,  561,  294,  289,  519],
        [  535,  535,  561,  603, 1033,  754,  665,  710,  630,  866,  819,  817,  470,  653,  790,  535,  141,  319,  772,    0,  427,  740,  162,  701,  433,  887,  567,  839, 1102,  859,  385,  458,  979,  715,  553,  755,  357,  875,  520, 1017,  868,  674,  732,   91,  478,  723,  264,  472,  655,   82,  491,  646,  925, 1029,  399,  642,  155,  488,  156,  753,  365, 1068,  254,  516,  930,  254],
        [  202,  202,  639,  795,  866,  556,  496,  634,  718,  797,  936,  881,  791,  784,  963,  457,  323,  126,  820,  427,    0,  998,  584,  714,  828,  706,  699,  799,  880, 1033,  352,  316,  875,  490,  889,  777,  670,  716,  114,  787,  960,  853,  969,  344,  810,  490,  360,  820,  450,  345,  777,  938, 1093,  825,  802,  684,  548,  873,  313,  791,  582,  871,  340,  690,  838,  465],
        [  946,  946,  434,  225,  916,  839,  777,  649,  390,  672,  321,  424,  286,  307,  202,  659,  728,  958,  447,  740,  998,    0,  647,  506,  451,  864,  346,  613, 1053,  221,  667,  750,  780,  866,  250,  491,  384,  823, 1111, 1015,  384,  206,   55,  752,  291,  881,  640,  317,  822,  776,  250,  115,  269,  977,  489,  463,  598,  404,  728,  463,  419,  987,  660,  320,  735,  545],
        [  672,  672,  571,  554, 1097,  842,  751,  763,  627,  904,  786,  807,  363,  629,  735,  608,  273,  480,  772,  162,  584,  647,    0,  721,  282,  962,  552,  867, 1181,  799,  473,  562, 1023,  813,  431,  766,  275,  943,  680, 1102,  843,  625,  650,  241,  364,  824,  348,  349,  752,  241,  404,  542,  864, 1105,  244,  656,   80,  340,  286,  758,  345, 1140,  348,  488,  972,  283],
        [  577,  577,  152,  305,  431,  349,  309,  150,  128,  196,  264,  175,  537,  201,  350,  260,  598,  739,  112,  701,  714,  506,  721,    0,  722,  359,  206,  149,  557,  402,  379,  399,  318,  391,  602,   63,  505,  319,  813,  511,  262,  301,  453,  652,  563,  406,  456,  599,  366,  682,  467,  534,  443,  479,  735,   68,  642,  715,  589,   81,  382,  496,  474,  277,  266,  452],
        [  873,  873,  577,  459, 1144,  946,  859,  813,  601,  917,  687,  746,  199,  564,  599,  709,  506,  740,  732,  433,  828,  451,  282,  722,    0, 1036,  518,  868, 1254,  649,  617,  717, 1040,  937,  202,  747,  227, 1007,  933, 1188,  752,  515,  474,  495,  178,  950,  515,  143,  879,  504,  271,  336,  708, 1174,   44,  656,  285,   62,  516,  729,  371, 1201,  525,  446,  988,  407],
        [  511,  511,  470,  660,  161,  152,  227,  227,  482,  226,  593,  480,  869,  559,  698,  356,  754,  787,  433,  887,  706,  864,  962,  359, 1036,    0,  549,  278,  221,  739,  503,  444,  211,  219,  946,  380,  809,   45,  768,  155,  562,  659,  812,  811,  896,  221,  625,  929,  259,  838,  804,  890,  765,  144, 1039,  410,  884, 1040,  740,  409,  668,  181,  633,  612,  206,  681],
        [  615,  615,   89,  122,  635,  501,  432,  323,   83,  401,  257,  256,  331,   90,  265,  314,  495,  688,  223,  567,  699,  346,  552,  206,  518,  549,    0,  351,  757,  335,  349,  417,  523,  521,  399,  230,  309,  513,  809,  704,  302,  160,  302,  539,  358,  536,  367,  393,  477,  569,  261,  346,  396,  678,  533,  143,  476,  510,  489,  215,  209,  698,  389,   73,  472,  316],
        [  637,  637,  300,  436,  303,  331,  331,  167,  269,   60,  319,  205,  680,  325,  431,  348,  728,  843,  167,  839,  799,  613,  867,  149,  868,  278,  351,    0,  442,  466,  491,  486,  175,  393,  739,  127,  653,  234,  888,  414,  285,  415,  559,  783,  706,  405,  585,  742,  390,  813,  609,  659,  489,  368,  882,  216,  788,  859,  717,  152,  530,  375,  601,  423,  125,  594],
        [  679,  679,  683,  862,  147,  350,  437,  442,  684,  383,  757,  643, 1083,  755,  872,  574,  966,  974,  608, 1102,  880, 1053, 1181,  557, 1254,  221,  757,  442,    0,  902,  718,  650,  293,  401, 1156,  563, 1028,  248,  924,   94,  714,  851,  999, 1023, 1110,  397,  842, 1144,  455, 1048, 1016, 1090,  917,   80, 1259,  615, 1104, 1257,  951,  590,  887,   71,  849,  824,  327,  901],
        [  939,  939,  402,  258,  758,  751,  707,  551,  328,  523,  147,  261,  461,  252,   72,  624,  813, 1020,  308,  859, 1033,  221,  799,  402,  649,  739,  335,  466,  902,    0,  683,  744,  614,  792,  455,  363,  524,  695, 1143,  879,  191,  188,  180,  849,  475,  807,  696,  507,  762,  877,  401,  324,   67,  832,  682,  388,  736,  609,  809,  335,  500,  833,  717,  355,  576,  626],
        [  283,  283,  287,  453,  651,  372,  282,  341,  367,  506,  586,  536,  512,  433,  613,  154,  253,  362,  478,  385,  352,  667,  473,  379,  617,  503,  349,  491,  718,  683,    0,  100,  609,  341,  610,  441,  406,  492,  461,  634,  612,  506,  632,  310,  536,  351,  126,  557,  280,  338,  476,  625,  742,  645,  607,  339,  401,  644,  239,  450,  278,  683,  131,  350,  563,  212],
        [  199,  199,  343,  529,  599,  301,  217,  323,  418,  489,  633,  568,  610,  493,  676,  141,  319,  361,  507,  458,  316,  750,  562,  399,  717,  444,  417,  486,  650,  744,  100,    0,  579,  257,  707,  462,  506,  440,  415,  562,  651,  576,  711,  375,  634,  266,  215,  656,  198,  399,  571,  716,  799,  581,  706,  374,  493,  744,  304,  477,  374,  623,  214,  430,  537,  311],
        [  690,  690,  466,  610,  147,  336,  379,  269,  442,  123,  472,  359,  854,  498,  590,  456,  857,  938,  336,  979,  875,  780, 1023,  318, 1040,  211,  523,  175,  293,  614,  609,  579,    0,  407,  913,  301,  822,  178,  949,  294,  424,  586,  726,  915,  879,  414,  717,  915,  429,  944,  782,  831,  625,  233, 1052,  385,  943, 1032,  845,  325,  693,  223,  730,  595,   53,  744],
        [  293,  293,  433,  643,  378,   72,   90,  247,  480,  365,  655,  557,  798,  566,  737,  230,  575,  576,  497,  715,  490,  866,  813,  391,  937,  219,  521,  393,  401,  792,  341,  257,  407,    0,  888,  440,  714,  235,  550,  310,  646,  666,  818,  632,  825,   16,  465,  853,   61,  655,  744,  863,  834,  338,  932,  410,  741,  954,  561,  466,  571,  384,  468,  566,  382,  546],
        [  888,  888,  477,  305, 1032,  881,  802,  719,  475,  794,  512,  588,   99,  417,  413,  659,  582,  823,  586,  553,  889,  250,  431,  602,  202,  946,  399,  739, 1156,  455,  610,  707,  913,  888,    0,  613,  219,  911, 1001, 1100,  578,  346,  276,  589,   80,  902,  538,   83,  834,  608,  144,  136,  512, 1076,  241,  541,  400,  155,  587,  591,  333, 1096,  555,  334,  863,  427],
        [  638,  638,  196,  309,  428,  391,  361,  194,  147,  184,  219,  118,  556,  198,  319,  323,  656,  801,   58,  755,  777,  491,  766,   63,  747,  380,  230,  127,  563,  363,  441,  462,  301,  440,  613,    0,  537,  337,  875,  526,  207,  290,  437,  708,  582,  454,  514,  618,  419,  739,  484,  533,  398,  487,  763,  114,  688,  735,  646,   30,  423,  497,  532,  303,  252,  503],
        [  678,  678,  357,  285,  920,  720,  634,  587,  391,  699,  520,  555,  122,  372,  461,  485,  365,  606,  531,  357,  670,  384,  275,  505,  227,  809,  309,  653, 1028,  524,  406,  506,  822,  714,  219,  537,    0,  781,  782,  961,  580,  353,  379,  379,  140,  727,  322,  154,  656,  400,  134,  291,  590,  948,  232,  438,  216,  241,  370,  523,  144,  976,  338,  237,  770,  210],
        [  524,  524,  436,  622,  160,  164,  226,  195,  444,  182,  549,  436,  836,  520,  655,  341,  744,  791,  389,  875,  716,  823,  943,  319, 1007,   45,  513,  234,  248,  695,  492,  440,  178,  235,  911,  337,  781,    0,  783,  192,  518,  619,  770,  802,  863,  240,  612,  897,  266,  829,  770,  852,  721,  168, 1012,  372,  865, 1009,  730,  366,  641,  198,  621,  578,  166,  661],
        [  260,  260,  746,  907,  926,  620,  572,  722,  825,  881, 1043,  982,  903,  893, 1073,  553,  428,  202,  921,  520,  114, 1111,  680,  813,  933,  768,  809,  888,  924, 1143,  461,  415,  949,  550, 1001,  875,  782,  783,    0,  831, 1064,  965, 1082,  443,  921,  548,  473,  930,  521,  439,  890, 1051, 1202,  875,  905,  787,  650,  980,  420,  891,  696,  923,  454,  803,  917,  578],
        [  585,  585,  624,  814,  163,  263,  353,  382,  635,  356,  733,  618, 1023,  711,  843,  495,  879,  881,  577, 1017,  787, 1015, 1102,  511, 1188,  155,  704,  414,   94,  879,  634,  562,  294,  310, 1100,  526,  961,  192,  831,    0,  696,  810,  962,  936, 1050,  305,  759, 1083,  365,  961,  958, 1043,  900,   70, 1190,  563, 1026, 1194,  865,  555,  818,  110,  765,  767,  314,  824],
        [  836,  836,  329,  298,  569,  595,  567,  400,  249,  341,   67,   90,  554,  216,  182,  516,  793,  969,  151,  868,  960,  384,  843,  262,  752,  562,  302,  285,  714,  191,  612,  651,  424,  646,  578,  207,  580,  518, 1064,  696,    0,  237,  332,  839,  574,  660,  659,  610,  625,  869,  483,  464,  205,  646,  778,  277,  770,  724,  786,  183,  507,  645,  679,  357,  388,  617],
        [  774,  774,  241,   72,  717,  636,  577,  444,  187,  473,  173,  243,  317,  102,  117,  470,  625,  834,  251,  674,  853,  206,  625,  301,  515,  659,  160,  415,  851,  188,  506,  576,  586,  666,  346,  290,  353,  619,  965,  810,  237,    0,  154,  662,  337,  681,  510,  374,  626,  690,  247,  246,  253,  775,  541,  259,  557,  488,  622,  263,  313,  787,  531,  168,  539,  439],
        [  909,  909,  388,  183,  862,  790,  729,  598,  340,  618,  269,  370,  295,  256,  151,  615,  710,  936,  392,  732,  969,   55,  650,  453,  474,  812,  302,  559,  999,  180,  632,  711,  726,  818,  276,  437,  379,  770, 1082,  962,  332,  154,    0,  738,  304,  833,  614,  334,  776,  763,  247,  144,  236,  924,  509,  413,  595,  431,  709,  409,  396,  933,  635,  283,  681,  524],
        [  445,  445,  520,  593,  961,  674,  587,  646,  594,  806,  795,  781,  498,  628,  779,  464,   58,  246,  732,   91,  344,  752,  241,  652,  495,  811,  539,  783, 1023,  849,  310,  375,  915,  632,  589,  708,  379,  802,  443,  936,  839,  662,  738,    0,  511,  640,  199,  512,  573,   31,  507,  668,  915,  951,  464,  596,  210,  545,   72,  710,  350,  992,  185,  497,  867,  225],
        [  813,  813,  428,  284,  992,  823,  741,  670,  438,  758,  509,  571,   27,  392,  423,  595,  502,  743,  562,  478,  810,  291,  364,  563,  178,  896,  358,  706, 1110,  475,  536,  634,  879,  825,   80,  582,  140,  863,  921, 1050,  574,  337,  304,  511,    0,  839,  460,   37,  770,  530,   98,  181,  536, 1030,  208,  500,  326,  154,  507,  562,  261, 1053,  476,  288,  828,  349],
        [  291,  291,  448,  658,  380,   79,  105,  260,  495,  375,  669,  570,  813,  580,  751,  244,  584,  578,  511,  723,  490,  881,  824,  406,  950,  221,  536,  405,  397,  807,  351,  266,  414,   16,  902,  454,  727,  240,  548,  305,  660,  681,  833,  640,  839,    0,  476,  867,   73,  663,  758,  878,  848,  336,  945,  425,  752,  968,  569,  480,  585,  383,  478,  581,  391,  558],
        [  360,  360,  332,  446,  770,  497,  407,  448,  411,  607,  621,  594,  439,  457,  625,  272,  144,  325,  541,  264,  360,  640,  348,  456,  515,  625,  367,  585,  842,  696,  126,  215,  717,  465,  538,  514,  322,  612,  473,  759,  659,  510,  614,  199,  460,  476,    0,  475,  405,  229,  419,  579,  760,  768,  499,  403,  278,  548,  133,  518,  223,  805,   22,  343,  669,  113],
        [  831,  831,  462,  320, 1026,  853,  770,  703,  474,  794,  545,  608,   62,  429,  457,  623,  507,  748,  598,  472,  820,  317,  349,  599,  143,  929,  393,  742, 1144,  507,  557,  656,  915,  853,   83,  618,  154,  897,  930, 1083,  610,  374,  334,  512,   37,  867,  475,    0,  797,  529,  135,  204,  568, 1064,  176,  535,  319,  118,  513,  599,  285, 1087,  490,  322,  864,  363],
        [  261,  261,  389,  599,  419,  109,   60,  231,  442,  370,  629,  536,  743,  527,  703,  175,  516,  529,  475,  655,  450,  822,  752,  366,  879,  259,  477,  390,  455,  762,  280,  198,  429,   61,  834,  419,  656,  266,  521,  365,  625,  626,  776,  573,  770,   73,  405,  797,    0,  597,  691,  814,  807,  388,  873,  375,  680,  897,  502,  443,  514,  432,  407,  517,  398,  485],
        [  459,  459,  550,  620,  988,  699,  613,  675,  625,  835,  824,  811,  519,  658,  807,  492,   87,  240,  762,   82,  345,  776,  241,  682,  504,  838,  569,  813, 1048,  877,  338,  399,  944,  655,  608,  739,  400,  829,  439,  961,  869,  690,  763,   31,  530,  663,  229,  529,  597,    0,  530,  690,  943,  977,  472,  626,  220,  556,   99,  740,  378, 1018,  214,  526,  896,  254],
        [  757,  757,  335,  188,  896,  737,  658,  577,  341,  661,  419,  475,   74,  295,  343,  516,  487,  724,  464,  491,  777,  250,  404,  467,  271,  804,  261,  609, 1016,  401,  476,  571,  782,  744,  144,  484,  134,  770,  890,  958,  483,  247,  247,  507,   98,  758,  419,  135,  691,  530,    0,  163,  465,  937,  295,  404,  350,  252,  489,  465,  201,  958,  437,  193,  731,  313],
        [  908,  908,  433,  230,  959,  846,  774,  667,  409,  716,  398,  487,  180,  336,  289,  643,  650,  887,  497,  646,  938,  115,  542,  534,  336,  890,  346,  659, 1090,  324,  625,  716,  831,  863,  136,  533,  291,  852, 1051, 1043,  464,  246,  144,  668,  181,  878,  579,  204,  814,  690,  163,    0,  378, 1013,  374,  481,  499,  290,  652,  507,  357, 1027,  598,  298,  783,  475],
        [  994,  994,  458,  324,  771,  789,  751,  590,  382,  545,  180,  287,  523,  310,  137,  676,  878, 1083,  341,  925, 1093,  269,  864,  443,  708,  765,  396,  489,  917,   67,  742,  799,  625,  834,  512,  398,  590,  721, 1202,  900,  205,  253,  236,  915,  536,  848,  760,  568,  807,  943,  465,  378,    0,  849,  742,  437,  802,  666,  874,  370,  566,  847,  781,  420,  591,  692],
        [  625,  625,  603,  784,   94,  281,  365,  362,  606,  309,  686,  571, 1004,  678,  799,  499,  894,  913,  534, 1029,  825,  977, 1105,  479, 1174,  144,  678,  368,   80,  832,  645,  581,  233,  338, 1076,  487,  948,  168,  875,   70,  646,  775,  924,  951, 1030,  336,  768, 1064,  388,  977,  937, 1013,  849,    0, 1179,  536, 1028, 1177,  880,  515,  808,   48,  775,  744,  259,  824],
        [  855,  855,  587,  482, 1152,  944,  856,  819,  616,  929,  714,  767,  225,  584,  631,  706,  480,  709,  750,  399,  802,  489,  244,  735,   44, 1039,  533,  882, 1259,  682,  607,  706, 1052,  932,  241,  763,  232, 1012,  905, 1190,  778,  541,  509,  464,  208,  945,  499,  176,  873,  472,  295,  374,  742, 1179,    0,  668,  255,  105,  490,  747,  372, 1207,  508,  461, 1000,  395],
        [  562,  562,   86,  252,  493,  378,  323,  187,   74,  262,  263,  198,  473,  158,  328,  242,  544,  699,  141,  642,  684,  463,  656,   68,  656,  410,  143,  216,  615,  388,  339,  374,  385,  410,  541,  114,  438,  372,  787,  563,  277,  259,  413,  596,  500,  425,  403,  535,  375,  626,  404,  481,  437,  536,  668,    0,  577,  650,  535,  115,  315,  555,  422,  213,  333,  390],
        [  617,  617,  492,  486, 1018,  767,  676,  683,  550,  824,  715,  731,  320,  555,  670,  531,  227,  455,  695,  155,  548,  598,   80,  642,  285,  884,  476,  788, 1104,  736,  401,  493,  943,  741,  400,  688,  216,  865,  650, 1026,  770,  557,  595,  210,  326,  752,  278,  319,  680,  220,  350,  499,  802, 1028,  255,  577,    0,  337,  238,  681,  268, 1062,  280,  414,  892,  204],
        [  907,  907,  576,  437, 1142,  958,  873,  815,  591,  910,  658,  724,  179,  546,  564,  725,  552,  789,  716,  488,  873,  404,  340,  715,   62, 1040,  510,  859, 1257,  609,  644,  744, 1032,  954,  155,  735,  241, 1009,  980, 1194,  724,  488,  431,  545,  154,  968,  548,  118,  897,  556,  252,  290,  666, 1177,  105,  650,  337,    0,  561,  716,  384, 1201,  560,  438,  981,  438],
        [  387,  387,  462,  554,  889,  602,  515,  576,  539,  738,  745,  724,  491,  579,  738,  393,   15,  237,  673,  156,  313,  728,  286,  589,  516,  740,  489,  717,  951,  809,  239,  304,  845,  561,  587,  646,  370,  730,  420,  865,  786,  622,  709,   72,  507,  569,  133,  513,  502,   99,  489,  652,  874,  880,  490,  535,  238,  561,    0,  650,  315,  920,  116,  455,  798,  186],
        [  657,  657,  193,  286,  454,  419,  386,  221,  134,  210,  191,   95,  537,  175,  290,  339,  659,  812,   32,  753,  791,  463,  758,   81,  729,  409,  215,  152,  590,  335,  450,  477,  325,  466,  591,   30,  523,  366,  891,  555,  183,  263,  409,  710,  562,  480,  518,  599,  443,  740,  465,  507,  370,  515,  747,  115,  681,  716,  650,    0,  414,  525,  537,  287,  276,  501],
        [  558,  558,  230,  243,  784,  576,  490,  449,  282,  571,  456,  464,  236,  291,  430,  341,  316,  540,  427,  365,  582,  419,  345,  382,  371,  668,  209,  530,  887,  500,  278,  374,  693,  571,  333,  423,  144,  641,  696,  818,  507,  313,  396,  350,  261,  585,  223,  285,  514,  378,  201,  357,  566,  808,  372,  315,  268,  384,  315,  414,    0,  837,  243,  152,  641,  129],
        [  672,  672,  626,  800,   77,  325,  407,  389,  623,  316,  689,  574, 1026,  692,  804,  535,  934,  959,  542, 1068,  871,  987, 1140,  496, 1201,  181,  698,  375,   71,  833,  683,  623,  223,  384, 1096,  497,  976,  198,  923,  110,  645,  787,  933,  992, 1053,  383,  805, 1087,  432, 1018,  958, 1027,  847,   48, 1207,  555, 1062, 1201,  920,  525,  837,    0,  814,  766,  258,  858],
        [  348,  348,  352,  467,  780,  502,  413,  461,  431,  622,  642,  613,  456,  478,  646,  281,  128,  304,  561,  254,  340,  660,  348,  474,  525,  633,  389,  601,  849,  717,  131,  214,  730,  468,  555,  532,  338,  621,  454,  765,  679,  531,  635,  185,  476,  478,   22,  490,  407,  214,  437,  598,  781,  775,  508,  422,  280,  560,  116,  537,  243,  814,    0,  364,  683,  128],
        [  627,  627,  143,  105,  704,  553,  478,  385,  156,  473,  304,  321,  261,  142,  284,  347,  458,  667,  294,  516,  690,  320,  488,  277,  446,  612,   73,  423,  824,  355,  350,  430,  595,  566,  334,  303,  237,  578,  803,  767,  357,  168,  283,  497,  288,  581,  343,  322,  517,  526,  193,  298,  420,  744,  461,  213,  414,  438,  455,  287,  152,  766,  364,    0,  543,  273],
        [  658,  658,  414,  560,  183,  312,  345,  222,  391,   71,  432,  318,  802,  449,  548,  411,  810,  897,  289,  930,  838,  735,  972,  266,  988,  206,  472,  125,  327,  576,  563,  537,   53,  382,  863,  252,  770,  166,  917,  314,  388,  539,  681,  867,  828,  391,  669,  864,  398,  896,  731,  783,  591,  259, 1000,  333,  892,  981,  798,  276,  641,  258,  683,  543,    0,  693],
        [  471,  471,  309,  370,  814,  567,  476,  481,  377,  626,  571,  564,  328,  405,  556,  329,  188,  414,  519,  254,  465,  545,  283,  452,  407,  681,  316,  594,  901,  626,  212,  311,  744,  546,  427,  503,  210,  661,  578,  824,  617,  439,  524,  225,  349,  558,  113,  363,  485,  254,  313,  475,  692,  824,  395,  390,  204,  438,  186,  501,  129,  858,  128,  273,  693,    0]
    ]
}
