{
    "name": "random-85-21304",
    "comment": "size=85 seed=21304",
    "nodes": ["+0", "-0", "+1", "-1", "+2", "-2", "+3", "-3", "+4", "-4", "+5", "-5", "+6", "-6", "+7", "-7", "+8", "-8", "+9", "-9", "+10", "-10", "+11", "-11", "+12", "-12", "+13", "-13", "+14", "-14", "+15", "-15", "+16", "-16", "+17", "-17", "+18", "-18", "+19", "-19", "+20", "-20", "+21", "-21", "+22", "-22", "+23", "-23", "+24", "-24", "+25", "-25", "+26", "-26", "+27", "-27", "+28", "-28", "+29", "-29", "+30", "-30", "+31", "-31", "+32", "-32", "+33", "-33", "+34", "-34", "+35", "-35", "+36", "-36", "+37", "-37", "+38", "-38", "+39", "-39", "+40", "-40", "+41", "-41", "+42", "-42", "+43", "-43", "+44", "-44", "+45", "-45", "+46", "-46", "+47", "-47", "+48", "-48", "+49", "-49", "+50", "-50", "+51", "-51", "+52", "-52", "+53", "-53", "+54", "-54", "+55", "-55", "+56", "-56", "+57", "-57", "+58", "-58", "+59", "-59", "+60", "-60", "+61", "-61", "+62", "-62", "+63", "-63", "+64", "-64", "+65", "-65", "+66", "-66", "+67", "-67", "+68", "-68", "+69", "-69", "+70", "-70", "+71", "-71", "+72", "-72", "+73", "-73", "+74", "-74", "+75", "-75", "+76", "-76", "+77", "-77", "+78", "-78", "+79", "-79", "+80", "-80", "+81", "-81", "+82", "-82", "+83", "-83", "+84", "-84", "+85", "-85"],
    "precedence": {
        "+0": "-0",
        "+1": "-1",
        "+2": "-2",
        "+3": "-3",
        "+4": "-4",
        "+5": "-5",
        "+6": "-6",
        "+7": "-7",
        "+8": "-8",
        "+9": "-9",
        "+10": "-10",
        "+11": "-11",
        "+12": "-12",
        "+13": "-13",
        "+14": "-14",
        "+15": "-15",
        "+16": "-16",
        "+17": "-17",
        "+18": "-18",
        "+19": "-19",
        "+20": "-20",
        "+21": "-21",
        "+22": "-22",
        "+23": "-23",
        "+24": "-24",
        "+25": "-25",
        "+26": "-26",
        "+27": "-27",
        "+28": "-28",
        "+29": "-29",
        "+30": "-30",
        "+31": "-31",
        "+32": "-32",
        "+33": "-33",
        "+34": "-34",
        "+35": "-35",
        "+36": "-36",
        "+37": "-37",
        "+38": "-38",
        "+39": "-39",
        "+40": "-40",
        "+41": "-41",
        "+42": "-42",
        "+43": "-43",
        "+44": "-44",
        "+45": "-45",
        "+46": "-46",
        "+47": "-47",
        "+48": "-48",
        "+49": "-49",
        "+50": "-50",
        "+51": "-51",
        "+52": "-52",
        "+53": "-53",
        "+54": "-54",
        "+55": "-55",
        "+56": "-56",
        "+57": "-57",
        "+58": "-58",
        "+59": "-59",
        "+60": "-60",
        "+61": "-61",
        "+62": "-62",
        "+63": "-63",
        "+64": "-64",
        "+65": "-65",
        "+66": "-66",
        "+67": "-67",
        "+68": "-68",
        "+69": "-69",
        "+70": "-70",
        "+71": "-71",
        "+72": "-72",
        "+73": "-73",
        "+74": "-74",
        "+75": "-75",
        "+76": "-76",
        "+77": "-77",
        "+78": "-78",
        "+79": "-79",
        "+80": "-80",
        "+81": "-81",
        "+82": "-82",
        "+83": "-83",
        "+84": "-84",
        "+85": "-85"
    },
    "edges": [
        [    0,    0,  725,  315,  622,  826,  231,  772,  402,  346,  775,  313,  751,  712,  154,  118,  754,  362,  720,  605,  534,  683,  418,  155,  488,  222,  676,  793,  812,   94,  343,  561,  175,  791,  731,  286,  119,  800,  564,  715,  748,  449,  522,  726,  169,  195,   80,  610,  127,  330,  583,  119,  143,  895,  482,  582,  500,  505,  717,  290,  797,  930,  693,  501,  897,  458,   95,  463,  126,  336,  633,  548,  923,  751,  566,  657,  190,  444,  366,  683,  393,  344,  508,  411,  264,  659,  170,  340,  543,  543,  696,  857,  279,  652,  480,  239,  442,  574,  483,  760,  623,  232,  589,  497,  717,  646,  543,  289,  275,  537,  261,  271,  565,  449,  401,  711,  190,  776,   43,  963,  386,  473,  708,  224,  587,  694,   30,  720, 1020,  603,  345,  618,  772,   36,  224,  618,  541,  331,  191,  344,  482,  729,  556,  257,  207,  785,  444,   93,  874,  731,  758,  160,  610,  268,  416,  283,  401,  422,  222,  261,  599,  836,  451,  637,  268,  344,  621,  561,  564,  541,  678,  843],
        [    0,    0,    0,    0,    0,    0,    0,    0,    0,    0,    0,    0,    0,    0,    0,    0,    0,    0,    0,    0,    0,    0,    0,    0,    0,    0,    0,    0,    0,    0,    0,    0,    0,    0,    0,    0,    0,    0,    0,    0,    0,    0,    0,    0,    0,    0,    0,    0,    0,    0,    0,    0,    0,    0,    0,    0,    0,    0,    0,    0,    0,    0,    0,    0,    0,    0,    0,    0,    0,    0,    0,    0,    0,    0,    0,    0,    0,    0,    0,    0,    0,    0,    0,    0,    0,    0,    0,    0,    0,    0,    0,    0,    0,    0,    0,    0,    0,    0,    0,    0,    0,    0,    0,    0,    0,    0,    0,    0,    0,    0,    0,    0,    0,    0,    0,    0,    0,    0,    0,    0,    0,    0,    0,    0,    0,    0,    0,    0,    0,    0,    0,    0,    0,    0,    0,    0,    0,    0,    0,    0,    0,    0,    0,    0,    0,    0,    0,    0,    0,    0,    0,    0,    0,    0,    0,    0,    0,    0,    0,    0,    0,    0,    0,    0,    0,    0,    0,    0,    0,    0,    0,    0],
        [  725,    0,    0,  938,  705,  501,  507,  500,  542,  752,  426,  889,  150,  361,  878,  688,   30,  641,  860, 1104,  275,  733,  960,  576,  405,  929,  113,  313,  113,  810,  488,  341,  854,  118,  480,  777,  745,  298,  202,  724,  156,  414,  442,  103,  808,  679,  751, 1004,  600,  396,  566,  700,  595,  730,  244,  572,  852,  836,  158,  832,  129,  550, 1161,  225,  666,  559,  724,  351,  849,  861,  827,  531,  639,  781,  676,  734,  914,  842,  586,  719,  344,  581,  402,  323,  882, 1035,  888,  786,  196,  799,  213,  678,  494,  268,  284,  870,  284,  362,  432,  128,  272,  501,  331,  686,  245,  239,  744,  918,  900,  295,  771,  851,  306,  807,  579,  260,  713,   81,  691,  681,  904,  875,  492,  785,  716,  588,  744,  772,  712,  549,  399,  461,  593,  760,  503,  393,  279,  446,  695,  410,  243,  525,  266,  877,  530,  692,  651,  709,  649,  387,  555,  573,  827,  846,  899,  846,  839,  315,  811,  724,  501,  442,  466,  863,  550,  481, 1110,  345,  364,  220,  461,  715],
        [  315,    0,  938,    0,  935, 1128,  514, 1077,  715,  645, 1072,  555, 1000, 1002,  272,  270,  966,  676, 1025,  824,  806,  996,  650,  397,  786,  360,  860, 1071, 1001,  317,  647,  850,  146,  974, 1035,  180,  413, 1075,  817, 1029,  913,  746,  826,  965,  152,  507,  241,  872,  386,  574,  897,  429,  440, 1209,  704,  895,  788,  797,  970,  121,  976, 1231,  915,  727, 1209,  772,  248,  746,  247,  599,  937,  860, 1232, 1064,  880,  970,  251,  729,  680,  997,  597,  658,  806,  618,  496,  921,  212,  631,  742,  845,  961, 1170,  574,  928,  658,  471,  677,  676,  571,  935,  900,  456,  702,  809,  852,  789,  851,   26,   42,  681,  175,  525,  695,  743,  716,  984,  225,  969,  356, 1273,  638,  752, 1014,  153,  899, 1006,  286, 1032, 1329,  915,  615,  924, 1084,  297,  485,  915,  815,  622,  243,  529,  712, 1037,  828,  490,  492, 1099,  757,  403, 1186, 1024, 1068,  448,  912,  524,  677,  542,  682,  625,  128,  563,  908, 1130,  757,  935,  577,  647,  843,  850,  857,  795,  982, 1157],
        [  622,    0,  705,  935,    0,  377,  493,  322,  256,  314,  388,  480,  603,  393,  699,  703,  720,  261,  157,  514,  443,   61,  470,  604,  320,  666,  754,  503,  816,  630,  353,  365,  791,  821,  302,  885,  527,  522,  519,   97,  835,  333,  270,  624,  790,  429,  700,  368,  595,  543,  139,  507,  523,  304,  594,  134,  259,  237,  573,  904,  832,  464,  533,  588,  342,  200,  704,  396,  704,  422,  133,  177,  392,  130,   57,   39,  737,  298,  268,   63,  626,  291,  315,  622,  523,  379,  751,  345,  664,  164,  514,  285,  428,  447,  691,  535,  557,  862,  838,  821,  436,  603,  850,  129,  882,  828,  112,  910,  897,  774,  863,  477,  811,  258,  237,  482,  779,  785,  584,  416,  426,  309,  272,  836,   45,  172,  651,  101,  471,  159,  474,  252,  245,  639,  540,  318,  436,  415,  771,  656,  576,  259,  445,  524,  501,  191,  179,  533,  324,  384,  261,  526,  146,  474,  391,  459,  336,  630,  840,  381,  207,  437,  280,  175,  388,  359,  509,  361,  342,  511,  280,  248],
        [  826,    0,  501, 1128,  377,    0,  616,   60,  437,  625,   78,  802,  356,  156,  948,  862,  502,  522,  489,  889,  364,  363,  821,  737,  342,  947,  595,  197,  591,  871,  483,  290,  998,  610,   97, 1022,  770,  216,  404,  331,  656,  382,  305,  399,  976,  668,  890,  744,  744,  587,  289,  734,  690,  240,  536,  294,  626,  604,  344, 1060,  622,  106,  909,  518,  167,  395,  881,  393,  939,  749,  505,  301,  140,  374,  392,  383,  989,  653,  487,  348,  624,  502,  323,  609,  829,  754,  987,  663,  572,  536,  293,  193,  554,  263,  642,  833,  527,  796,  819,  629,  280,  696,  772,  455,  737,  708,  476, 1103, 1086,  706, 1005,  784,  736,  610,  454,  245,  925,  573,  783,  184,  769,  672,  125,  995,  415,  206,  855,  384,  227,  260,  528,  210,  144,  854,  650,  215,  352,  508,  910,  684,  518,  122,  346,  828,  636,  248,  466,  757,  153,  127,  118,  680,  522,  780,  741,  769,  679,  611, 1010,  658,  240,   75,  376,  547,  560,  483,  885,  288,  277,  415,  149,  243],
        [  231,    0,  507,  514,  493,  616,    0,  566,  238,  324,  558,  407,  521,  490,  379,  246,  536,  261,  625,  670,  303,  550,  496,  123,  274,  423,  475,  565,  603,  307,  147,  338,  391,  587,  525,  414,  239,  571,  335,  573,  555,  234,  318,  499,  363,  192,  281,  618,  129,  120,  412,  194,   91,  722,  270,  412,  474,  468,  487,  446,  594,  718,  745,  286,  709,  297,  267,  235,  356,  395,  550,  369,  727,  620,  437,  531,  418,  435,  230,  546,  211,  208,  293,  222,  386,  662,  400,  344,  342,  474,  465,  678,   68,  423,  303,  371,  225,  445,  384,  561,  394,  113,  448,  388,  546,  476,  449,  489,  472,  379,  394,  364,  414,  418,  257,  481,  312,  566,  192,  769,  445,  471,  506,  380,  470,  515,  256,  593,  824,  424,  115,  416,  585,  265,   49,  403,  311,  109,  298,  198,  266,  532,  326,  381,   25,  620,  330,  202,  686,  511,  564,   72,  533,  359,  456,  363,  410,  234,  394,  259,  407,  617,  253,  568,  112,  144,  681,  338,  344,  312,  472,  675],
        [  772,    0,  500, 1077,  322,   60,  566,    0,  380,  565,   82,  743,  361,  140,  891,  812,  504,  463,  442,  832,  331,  313,  761,  689,  293,  889,  586,  214,  597,  815,  430,  250,  945,  613,   42,  976,  713,  234,  381,  284,  652,  333,  252,  400,  925,  611,  838,  689,  694,  546,  229,  678,  637,  231,  507,  234,  568,  546,  343, 1012,  624,  163,  854,  491,  173,  337,  829,  350,  883,  690,  452,  242,  167,  331,  334,  331,  933,  594,  429,  298,  590,  445,  274,  576,  770,  700,  931,  603,  550,  479,  287,  179,  503,  245,  614,  774,  494,  774,  790,  627,  256,  651,  752,  396,  728,  694,  419, 1052, 1035,  683,  958,  725,  714,  551,  395,  241,  877,  575,  729,  212,  710,  614,   67,  946,  359,  151,  801,  337,  262,  201,  483,  154,  105,  800,  602,  171,  319,  459,  863,  647,  488,   64,  315,  769,  586,  212,  407,  701,  153,  113,   70,  629,  467,  721,  682,  710,  619,  578,  960,  599,  181,  116,  322,  494,  505,  430,  829,  249,  234,  388,   95,  220],
        [  402,    0,  542,  715,  256,  437,  238,  380,    0,  221,  400,  387,  488,  354,  513,  463,  565,  105,  397,  564,  269,  313,  435,  354,  148,  512,  560,  458,  654,  437,   98,  232,  577,  650,  341,  642,  334,  472,  341,  335,  645,  129,  146,  488,  564,  232,  475,  465,  349,  292,  182,  300,  281,  496,  371,  182,  312,  297,  452,  667,  659,  542,  619,  372,  495,   60,  472,  193,  507,  344,  331,  147,  523,  382,  202,  294,  554,  300,   55,  308,  381,   66,  160,  380,  403,  500,  555,  259,  448,  274,  405,  456,  173,  340,  456,  403,  327,  623,  589,  638,  315,  348,  616,  167,  672,  610,  231,  689,  674,  540,  621,  361,  578,  265,   37,  396,  537,  618,  360,  561,  378,  334,  314,  599,  238,  292,  432,  356,  619,  201,  225,  229,  371,  427,  285,  251,  267,  162,  526,  403,  356,  331,  282,  400,  249,  389,  117,  324,  472,  365,  358,  280,  321,  356,  365,  349,  302,  389,  608,  228,  201,  462,   84,  357,  141,  105,  569,  229,  220,  324,  289,  445],
        [  346,    0,  752,  645,  314,  625,  324,  565,  221,    0,  602,  178,  708,  567,  392,  450,  776,  117,  380,  357,  484,  370,  214,  390,  369,  353,  755,  675,  861,  330,  266,  453,  500,  854,  530,  630,  234,  690,  551,  410,  839,  346,  362,  706,  511,  162,  425,  295,  369,  430,  338,  230,  299,  614,  552,  334,  159,  160,  672,  636,  863,  726,  425,  559,  640,  238,  438,  404,  404,  127,  292,  326,  682,  433,  265,  342,  429,  112,  170,  375,  526,  172,  381,  533,  212,  340,  448,   40,  631,  200,  626,  588,  290,  561,  615,  222,  505,  767,  707,  837,  536,  426,  767,  188,  851,  783,  213,  621,  610,  696,  606,  166,  732,  105,  189,  616,  528,  825,  317,  712,  158,  148,  500,  570,  271,  440,  372,  399,  770,  366,  383,  428,  524,  353,  367,  465,  484,  320,  524,  522,  541,  507,  500,  212,  317,  499,  159,  254,  619,  574,  525,  314,  267,  162,  147,  149,   90,  544,  567,   87,  388,  662,  305,  291,  224,  274,  365,  450,  441,  533,  484,  558],
        [  775,    0,  426, 1072,  388,   78,  558,   82,  400,  602,    0,  778,  283,   80,  904,  804,  429,  493,  518,  890,  292,  387,  806,  678,  288,  910,  518,  132,  520,  827,  433,  224,  945,  537,   87,  959,  728,  153,  328,  360,  580,  328,  259,  325,  920,  628,  837,  752,  686,  521,  278,  690,  636,  307,  461,  283,  623,  602,  269,  999,  549,  163,  918,  443,  240,  366,  825,  329,  892,  728,  521,  278,  217,  409,  392,  401,  945,  643,  453,  371,  552,  465,  268,  537,  800,  766,  939,  641,  495,  538,  217,  257,  500,  186,  566,  802,  454,  719,  744,  554,  204,  632,  695,  446,  660,  631,  477, 1047, 1030,  630,  943,  757,  659,  600,  422,  169,  864,  499,  733,  262,  753,  666,  117,  935,  421,  222,  804,  414,  303,  249,  464,  175,  186,  805,  590,  158,  280,  450,  849,  614,  443,  134,  273,  798,  580,  293,  448,  711,  223,   52,  150,  625,  533,  752,  728,  743,  664,  538,  951,  626,  216,   62,  330,  563,  512,  432,  888,  224,  215,  340,  120,  301],
        [  313,    0,  889,  555,  480,  802,  407,  743,  387,  178,  778,    0,  863,  740,  284,  430,  916,  287,  514,  292,  635,  533,  105,  422,  531,  211,  875,  845,  994,  251,  406,  616,  418,  982,  708,  589,  203,  859,  694,  574,  957,  502,  532,  855,  448,  217,  379,  317,  394,  526,  516,  233,  344,  784,  668,  511,  257,  272,  827,  578,  990,  904,  381,  680,  814,  413,  404,  552,  311,   59,  428,  503,  858,  589,  437,  504,  311,  198,  333,  540,  617,  328,  545,  628,   60,  366,  344,  141,  744,  338,  786,  761,  399,  724,  709,   85,  621,  841,  765,  960,  697,  482,  848,  361,  953,  883,  372,  533,  526,  783,  564,   46,  817,  229,  360,  781,  500,  957,  305,  887,   84,  210,  678,  521,  436,  617,  328,  556,  945,  543,  497,  604,  701,  302,  436,  637,  636,  444,  503,  593,  660,  684,  652,   66,  390,  670,  337,  244,  794,  748,  702,  366,  400,   50,  125,   44,  151,  640,  509,  168,  565,  839,  469,  412,  340,  412,  309,  614,  607,  673,  661,  727],
        [  751,    0,  150, 1000,  603,  356,  521,  361,  488,  708,  283,  863,    0,  228,  900,  736,  148,  592,  753, 1047,  230,  622,  921,  614,  340,  937,  257,  164,  237,  827,  460,  260,  899,  255,  346,  853,  747,  149,  188,  608,  305,  363,  361,   51,  859,  666,  791,  932,  634,  430,  467,  703,  611,  590,  300,  472,  784,  766,   37,  904,  266,  400, 1094,  277,  522,  488,  769,  313,  876,  826,  732,  439,  491,  663,  584,  628,  938,  784,  538,  608,  409,  539,  331,  389,  866,  957,  919,  745,  289,  719,   90,  539,  489,  158,  378,  859,  323,  493,  547,  276,  176,  546,  464,  608,  394,  381,  660,  978,  960,  414,  844,  830,  434,  745,  522,  126,  776,  217,  713,  533,  864,  815,  363,  850,  622,  467,  775,  659,  563,  445,  407,  352,  460,  785,  531,  285,  227,  435,  759,  479,  290,  395,  211,  862,  546,  563,  584,  717,  506,  250,  422,  592,  737,  824,  852,  821,  789,  384,  872,  696,  397,  294,  405,  771,  534,  454, 1050,  263,  277,  211,  338,  580],
        [  712,    0,  361, 1002,  393,  156,  490,  140,  354,  567,   80,  740,  228,    0,  845,  733,  368,  454,  536,  875,  213,  404,  777,  607,  226,  858,  447,  113,  461,  768,  373,  152,  879,  476,  119,  885,  672,  131,  249,  385,  513,  264,  209,  263,  852,  575,  770,  745,  617,  445,  266,  632,  571,  370,  382,  272,  607,  587,  206,  926,  487,  241,  910,  363,  311,  330,  756,  257,  831,  693,  526,  252,  294,  438,  385,  413,  886,  620,  408,  389,  473,  418,  207,  457,  756,  764,  878,  606,  417,  529,  149,  318,  434,  108,  487,  756,  375,  641,  665,  489,  125,  558,  618,  427,  589,  556,  468,  978,  961,  551,  870,  714,  581,  578,  381,  104,  791,  438,  669,  339,  721,  646,  137,  863,  419,  242,  739,  437,  382,  239,  391,  149,  233,  742,  518,  104,  201,  383,  776,  536,  364,  167,  194,  754,  512,  336,  419,  652,  292,   30,  195,  558,  535,  709,  701,  702,  636,  459,  880,  581,  196,  130,  277,  567,  453,  370,  875,  152,  148,  260,  116,  354],
        [  154,    0,  878,  272,  699,  948,  379,  891,  513,  392,  904,  284,  900,  845,    0,  232,  907,  447,  770,  556,  679,  758,  379,  308,  620,  100,  829,  933,  965,   77,  472,  698,  141,  945,  852,  334,  179,  941,  714,  795,  900,  581,  646,  877,  185,  283,  157,  600,  280,  483,  686,  214,  289,  989,  635,  683,  524,  535,  866,  309,  950, 1053,  647,  654, 1002,  562,  191,  604,   42,  330,  681,  657, 1034,  822,  645,  730,   42,  464,  467,  761,  546,  449,  638,  565,  224,  649,   61,  371,  696,  589,  841,  956,  418,  794,  632,  199,  595,  716,  619,  913,  764,  385,  733,  571,  866,  795,  604,  250,  245,  685,  311,  255,  711,  482,  503,  853,  273,  929,  189, 1071,  367,  484,  826,  264,  658,  796,  138,  789, 1128,  709,  494,  738,  879,  119,  376,  747,  685,  472,  283,  495,  635,  843,  701,  219,  355,  876,  525,  193,  979,  862,  869,  309,  655,  255,  406,  274,  416,  575,  244,  318,  713,  965,  574,  675,  392,  475,  575,  697,  698,  691,  799,  935],
        [  118,    0,  688,  270,  703,  862,  246,  812,  463,  450,  804,  430,  736,  733,  232,    0,  717,  445,  813,  722,  537,  763,  535,  127,  520,  320,  623,  802,  763,  199,  386,  582,  167,  739,  771,  184,  233,  806,  551,  792,  687,  480,  562,  705,  123,  290,   75,  723,  119,  308,  645,  222,  183,  958,  447,  644,  607,  609,  706,  204,  743,  964,  810,  469,  951,  522,   42,  477,  191,  452,  729,  605,  971,  832,  646,  739,  254,  553,  437,  761,  345,  413,  539,  365,  381,  772,  216,  449,  496,  641,  694,  916,  310,  659,  421,  356,  415,  487,  389,  704,  631,  191,  505,  582,  644,  575,  634,  246,  228,  463,  161,  387,  487,  554,  471,  716,   79,  729,  135, 1012,  502,  584,  751,  137,  671,  752,  108,  802, 1068,  660,  346,  660,  826,  135,  216,  648,  546,  354,   76,  283,  452,  776,  560,  374,  226,  851,  526,  200,  927,  756,  807,  186,  707,  384,  531,  399,  512,  374,  149,  364,  649,  861,  495,  736,  323,  385,  738,  582,  589,  529,  717,  908],
        [  754,    0,   30,  966,  720,  502,  536,  504,  565,  776,  429,  916,  148,  368,  907,  717,    0,  665,  875, 1128,  297,  747,  985,  605,  426,  958,  133,  310,   96,  838,  513,  359,  883,  109,  486,  805,  773,  295,  226,  737,  160,  437,  460,  105,  836,  706,  780, 1025,  629,  425,  582,  728,  623,  735,  273,  587,  873,  857,  162,  860,  120,  546, 1183,  253,  668,  579,  753,  374,  878,  886,  844,  548,  638,  793,  693,  749,  942,  864,  610,  733,  373,  605,  421,  352,  909, 1056,  917,  811,  225,  819,  220,  683,  521,  279,  311,  898,  313,  383,  456,  129,  286,  530,  351,  706,  256,  257,  763,  947,  928,  319,  800,  878,  329,  829,  601,  265,  742,   71,  720,  680,  929,  898,  500,  814,  733,  599,  773,  785,  709,  564,  426,  474,  600,  789,  531,  406,  300,  472,  724,  438,  272,  533,  287,  904,  559,  701,  673,  737,  652,  392,  562,  602,  845,  872,  923,  872,  863,  344,  839,  750,  515,  441,  487,  881,  577,  506, 1133,  362,  381,  244,  471,  722],
        [  362,    0,  641,  676,  261,  522,  261,  463,  105,  117,  493,  287,  592,  454,  447,  445,  665,    0,  371,  464,  371,  321,  330,  357,  253,  431,  651,  560,  752,  375,  164,  337,  532,  746,  426,  628,  271,  575,  440,  354,  736,  231,  247,  591,  530,  170,  440,  377,  343,  348,  242,  247,  270,  543,  453,  239,  224,  214,  556,  645,  755,  626,  524,  458,  556,  128,  445,  291,  449,  240,  291,  222,  592,  390,  205,  296,  488,  202,   55,  322,  443,   65,  265,  446,  308,  416,  496,  155,  532,  213,  510,  509,  209,  445,  527,  312,  407,  688,  640,  732,  420,  373,  684,  138,  755,  690,  192,  650,  636,  610,  605,  264,  647,  172,   74,  500,  523,  716,  324,  627,  274,  237,  397,  577,  227,  352,  391,  359,  684,  268,  291,  319,  435,  380,  309,  351,  370,  225,  515,  451,  440,  408,  385,  307,  263,  429,   82,  273,  534,  462,  430,  277,  274,  259,  261,  250,  199,  457,  580,  138,  283,  554,  188,  307,  150,  172,  470,  334,  325,  422,  377,  488],
        [  720,    0,  860, 1025,  157,  489,  625,  442,  397,  380,  518,  514,  753,  536,  770,  813,  875,  371,    0,  455,  600,  133,  472,  727,  476,  719,  910,  641,  970,  710,  494,  521,  879,  976,  432,  996,  612,  661,  676,  159,  992,  487,  426,  777,  887,  526,  799,  299,  714,  688,  294,  602,  640,  339,  748,  289,  259,  242,  724, 1008,  987,  559,  448,  744,  404,  346,  808,  551,  783,  456,   89,  333,  463,  123,  199,  126,  805,  317,  395,  148,  774,  418,  471,  772,  567,  290,  827,  399,  820,  182,  665,  344,  564,  599,  843,  585,  710, 1014,  984,  977,  589,  737, 1003,  237, 1039,  984,  180, 1000,  988,  927,  973,  524,  964,  289,  371,  630,  891,  940,  686,  473,  442,  309,  405,  941,  160,  297,  747,  106,  521,  311,  620,  403,  346,  731,  673,  470,  592,  558,  885,  799,  730,  384,  601,  570,  630,  252,  296,  627,  393,  523,  374,  648,  115,  523,  400,  505,  364,  780,  941,  462,  360,  558,  433,  105,  515,  501,  445,  517,  497,  668,  421,  290],
        [  605,    0, 1104,  824,  514,  889,  670,  832,  564,  357,  890,  292, 1047,  875,  556,  722, 1128,  464,  455,    0,  832,  543,  188,  706,  708,  465, 1111,  987, 1215,  538,  622,  788,  696, 1209,  807,  877,  494, 1005,  903,  584, 1196,  692,  688, 1051,  733,  483,  669,  157,  679,  782,  614,  518,  622,  788,  909,  608,  269,  289, 1012,  861, 1218,  978,   92,  916,  844,  559,  695,  754,  590,  280,  398,  624,  900,  570,  499,  517,  574,  264,  519,  556,  877,  525,  717,  886,  345,  176,  615,  329,  987,  354,  961,  784,  644,  893,  968,  371,  861, 1113, 1044, 1194,  871,  759, 1117,  448, 1206, 1138,  414,  804,  800, 1047,  852,  336, 1083,  302,  528,  943,  792, 1179,  595,  917,  228,  233,  775,  808,  474,  684,  620,  542,  968,  642,  739,  727,  758,  593,  707,  780,  831,  677,  795,  865,  897,  769,  845,  351,  658,  688,  464,  533,  830,  874,  774,  642,  376,  339,  215,  326,  268,  897,  794,  411,  681,  944,  644,  360,  578,  630,   21,  785,  771,  885,  772,  736],
        [  534,    0,  275,  806,  443,  364,  303,  331,  269,  484,  292,  635,  230,  213,  679,  537,  297,  371,  600,  832,    0,  480,  696,  410,  131,  710,  311,  266,  387,  603,  230,   90,  692,  387,  295,  678,  520,  270,   77,  480,  393,  141,  174,  222,  658,  436,  582,  729,  425,  236,  308,  476,  392,  543,  178,  313,  577,  561,  194,  722,  397,  454,  887,  164,  501,  284,  564,   83,  658,  599,  558,  267,  497,  537,  408,  476,  718,  569,  316,  468,  261,  313,  130,  246,  636,  761,  703,  520,  232,  525,  163,  491,  262,  123,  286,  629,  164,  451,  460,  381,   96,  353,  432,  413,  441,  392,  472,  782,  764,  359,  664,  600,  393,  533,  305,  180,  588,  353,  493,  541,  640,  602,  291,  662,  449,  359,  559,  522,  589,  297,  193,  225,  394,  567,  322,  169,   13,  208,  572,  323,  159,  326,   23,  632,  327,  474,  377,  491,  479,  240,  361,  375,  557,  595,  631,  592,  569,  248,  681,  468,  253,  341,  191,  593,  304,  224,  837,   93,  113,   69,  254,  512],
        [  683,    0,  733,  996,   61,  363,  550,  313,  313,  370,  387,  533,  622,  404,  758,  763,  747,  321,  133,  543,  480,    0,  516,  663,  362,  723,  789,  509,  842,  690,  409,  397,  852,  850,  301,  945,  587,  529,  554,   43,  868,  380,  309,  647,  851,  490,  761,  391,  654,  595,  173,  567,  583,  255,  638,  168,  300,  278,  594,  964,  861,  441,  552,  631,  303,  255,  765,  439,  764,  474,  146,  216,  358,   70,  118,   30,  796,  345,  328,   16,  676,  351,  355,  671,  578,  395,  811,  400,  706,  204,  535,  243,  485,  470,  738,  591,  603,  909,  889,  852,  461,  660,  896,  188,  920,  869,  162,  970,  957,  820,  923,  532,  857,  307,  296,  499,  839,  813,  645,  376,  475,  352,  273,  896,  100,  166,  712,   45,  430,  185,  526,  273,  223,  699,  598,  341,  471,  469,  831,  709,  619,  253,  479,  579,  560,  147,  240,  593,  288,  390,  246,  586,  168,  530,  437,  514,  386,  678,  901,  440,  233,  429,  329,  187,  447,  414,  536,  393,  373,  549,  288,  200],
        [  418,    0,  960,  650,  470,  821,  496,  761,  435,  214,  806,  105,  921,  777,  379,  535,  985,  330,  472,  188,  696,  516,    0,  522,  582,  295,  955,  886, 1068,  353,  473,  666,  517, 1058,  730,  692,  306,  901,  761,  559, 1038,  558,  574,  918,  549,  306,  483,  231,  495,  613,  533,  333,  441,  771,  749,  528,  218,  239,  885,  679, 1067,  919,  276,  759,  811,  447,  508,  615,  410,  103,  391,  529,  860,  563,  436,  487,  401,  173,  383,  525,  706,  383,  594,  716,  159,  277,  439,  177,  826,  312,  839,  754,  480,  774,  798,  185,  701,  937,  863, 1039,  750,  579,  942,  367, 1040,  971,  359,  628,  623,  875,  667,  149,  910,  214,  402,  829,  605, 1031,  408,  885,   57,  166,  699,  623,  426,  624,  432,  531,  941,  562,  577,  633,  706,  406,  529,  675,  697,  519,  607,  688,  739,  700,  712,  165,  482,  660,  359,  346,  793,  781,  713,  462,  364,  152,   81,  140,  143,  728,  610,  241,  591,  865,  518,  367,  416,  480,  204,  664,  654,  742,  687,  715],
        [  155,    0,  576,  397,  604,  737,  123,  689,  354,  390,  678,  422,  614,  607,  308,  127,  605,  357,  727,  706,  410,  663,  522,    0,  396,  375,  522,  675,  659,  247,  268,  455,  285,  638,  648,  291,  223,  680,  428,  689,  593,  356,  440,  585,  249,  232,  177,  680,   30,  185,  532,  190,   91,  844,  333,  532,  547,  546,  582,  324,  643,  839,  789,  353,  832,  414,  155,  351,  275,  427,  647,  491,  849,  733,  547,  642,  340,  500,  337,  660,  239,  313,  415,  258,  385,  727,  313,  399,  390,  565,  568,  800,  190,  533,  326,  364,  296,  428,  344,  606,  504,   78,  440,  491,  564,  493,  548,  373,  355,  384,  272,  377,  414,  492,  368,  589,  189,  623,  132,  891,  479,  534,  629,  258,  577,  637,  171,  704,  946,  545,  219,  539,  708,  190,   89,  523,  420,  230,  176,  190,  335,  655,  433,  379,  107,  740,  433,  181,  809,  630,  687,   80,  628,  372,  499,  383,  466,  268,  274,  310,  530,  735,  376,  660,  217,  266,  720,  455,  463,  405,  594,  795],
        [  488,    0,  405,  786,  320,  342,  274,  293,  148,  369,  288,  531,  340,  226,  620,  520,  426,  253,  476,  708,  131,  362,  582,  396,    0,  634,  439,  320,  517,  543,  148,   86,  658,  517,  252,  683,  447,  332,  207,  368,  522,   41,   57,  343,  635,  352,  550,  600,  402,  262,  191,  407,  349,  469,  276,  195,  449,  432,  305,  719,  527,  445,  759,  270,  444,  154,  539,   79,  606,  490,  429,  146,  456,  423,  280,  354,  661,  445,  200,  351,  326,  203,   20,  317,  541,  631,  653,  406,  345,  395,  258,  420,  213,  194,  378,  538,  244,  549,  538,  511,  168,  360,  535,  282,  564,  509,  341,  762,  745,  459,  666,  501,  496,  407,  182,  251,  584,  484,  446,  499,  526,  477,  235,  654,  321,  267,  517,  405,  552,  188,  195,  147,  324,  518,  310,  130,  126,  166,  570,  371,  258,  264,  140,  538,  295,  382,  248,  427,  421,  243,  298,  339,  427,  496,  512,  490,  449,  323,  668,  366,  153,  348,   65,  464,  228,  145,  712,   84,   80,  196,  200,  428],
        [  222,    0,  929,  360,  666,  947,  423,  889,  512,  353,  910,  211,  937,  858,  100,  320,  958,  431,  719,  465,  710,  723,  295,  375,  634,    0,  890,  953, 1022,  129,  490,  717,  239, 1004,  851,  433,  191,  964,  753,  762,  964,  598,  653,  918,  284,  283,  249,  523,  346,  536,  673,  235,  335,  965,  689,  670,  465,  478,  902,  407, 1010, 1052,  556,  706,  985,  554,  281,  630,  140,  265,  631,  650, 1022,  784,  616,  694,  110,  405,  461,  728,  609,  446,  652,  626,  154,  570,  153,  324,  756,  540,  871,  936,  449,  818,  699,  135,  646,  796,  703,  975,  790,  451,  811,  540,  938,  867,  564,  340,  337,  758,  410,  195,  787,  430,  495,  878,  369,  986,  245, 1056,  293,  420,  823,  363,  623,  781,  217,  751, 1114,  698,  535,  740,  865,  191,  430,  757,  715,  502,  378,  565,  687,  837,  731,  150,  400,  850,  501,  222,  964,  872,  860,  357,  604,  197,  335,  214,  357,  637,  343,  294,  709,  972,  582,  620,  410,  494,  484,  715,  714,  730,  800,  909],
        [  676,    0,  113,  860,  754,  595,  475,  586,  560,  755,  518,  875,  257,  447,  829,  623,  133,  651,  910, 1111,  311,  789,  955,  522,  439,  890,    0,  415,  142,  765,  490,  392,  788,  117,  561,  693,  712,  403,  235,  785,   85,  438,  485,  206,  739,  660,  691, 1024,  549,  357,  618,  669,  557,  815,  208,  622,  871,  857,  256,  749,  122,  652, 1174,  197,  757,  587,  662,  371,  796,  853,  868,  577,  734,  842,  718,  786,  862,  853,  597,  776,  283,  588,  440,  265,  860, 1059,  831,  786,  135,  829,  302,  763,  477,  343,  204,  846,  255,  251,  328,   87,  339,  445,  219,  717,  143,  126,  778,  842,  824,  192,  689,  834,  198,  822,  597,  350,  639,  110,  646,  777,  900,  888,  568,  708,  759,  656,  692,  830,  812,  605,  379,  523,  673,  710,  460,  458,  319,  437,  620,  340,  216,  603,  310,  855,  496,  766,  675,  673,  738,  475,  636,  534,  865,  829,  900,  831,  843,  254,  735,  714,  558,  541,  493,  902,  539,  482, 1119,  396,  416,  244,  535,  795],
        [  793,    0,  313, 1071,  503,  197,  565,  214,  458,  675,  132,  845,  164,  113,  933,  802,  310,  560,  641,  987,  266,  509,  886,  675,  320,  953,  415,    0,  396,  856,  464,  237,  955,  417,  211,  941,  765,   21,  271,  486,  468,  355,  314,  211,  923,  671,  845,  857,  689,  500,  378,  723,  651,  436,  405,  383,  719,  699,  160,  987,  428,  238, 1023,  384,  364,  439,  829,  331,  915,  800,  635,  364,  329,  537,  497,  520,  973,  731,  512,  494,  509,  520,  303,  491,  859,  876,  961,  713,  420,  641,  126,  386,  516,  143,  502,  856,  412,  638,  679,  439,  172,  618,  611,  539,  555,  536,  580, 1047, 1030,  553,  928,  818,  578,  689,  487,   89,  853,  380,  752,  370,  830,  758,  236,  927,  531,  345,  820,  540,  400,  351,  457,  261,  318,  825,  587,  211,  256,  462,  837,  577,  390,  261,  243,  856,  588,  424,  530,  741,  349,  119,  281,  636,  645,  813,  810,  806,  746,  489,  946,  684,  308,  131,  378,  677,  544,  460,  987,  238,  241,  289,  224,  432],
        [  812,    0,  113, 1001,  816,  591,  603,  597,  654,  861,  520,  994,  237,  461,  965,  763,   96,  752,  970, 1215,  387,  842, 1068,  659,  517, 1022,  142,  396,    0,  900,  596,  453,  929,   34,  580,  833,  841,  379,  313,  832,  111,  526,  554,  199,  880,  781,  830, 1116,  685,  487,  677,  797,  688,  826,  334,  683,  964,  948,  256,  890,   41,  628, 1272,  318,  758,  671,  802,  462,  934,  967,  939,  643,  725,  888,  788,  844,  999,  952,  697,  829,  421,  690,  514,  402,  983, 1148,  970,  894,  270,  911,  314,  775,  596,  374,  345,  971,  379,  372,  461,   77,  382,  582,  339,  799,  211,  239,  856,  983,  965,  328,  830,  954,  327,  918,  690,  358,  780,   37,  781,  765, 1012,  986,  595,  849,  828,  694,  829,  881,  792,  660,  499,  570,  694,  847,  593,  502,  392,  550,  762,  481,  338,  627,  379,  978,  625,  795,  764,  804,  742,  485,  656,  666,  939,  949, 1008,  950,  948,  392,  876,  830,  611,  527,  578,  976,  655,  589, 1221,  457,  476,  330,  567,  815],
        [   94,    0,  810,  317,  630,  871,  307,  815,  437,  330,  827,  251,  827,  768,   77,  199,  838,  375,  710,  538,  603,  690,  353,  247,  543,  129,  765,  856,  900,    0,  395,  621,  174,  880,  775,  340,  105,  865,  641,  726,  839,  504,  569,  805,  198,  208,  134,  563,  218,  414,  612,  138,  217,  918,  568,  609,  471,  480,  792,  328,  886,  976,  628,  586,  928,  487,  164,  528,   75,  287,  622,  582,  959,  756,  576,  663,  118,  412,  392,  692,  484,  373,  562,  501,  194,  612,  121,  314,  632,  529,  766,  883,  342,  718,  572,  168,  526,  668,  576,  850,  688,  324,  683,  502,  810,  739,  539,  293,  284,  630,  315,  214,  659,  426,  428,  777,  258,  863,  119,  996,  331,  437,  750,  271,  591,  722,   92,  723, 1054,  634,  421,  662,  804,   65,  308,  670,  610,  397,  264,  437,  567,  767,  625,  188,  283,  804,  455,  116,  905,  785,  794,  237,  596,  212,  366,  230,  365,  512,  259,  251,  637,  888,  497,  618,  316,  398,  556,  620,  621,  618,  722,  863],
        [  343,    0,  488,  647,  353,  483,  147,  430,   98,  266,  433,  406,  460,  373,  472,  386,  513,  164,  494,  622,  230,  409,  473,  268,  148,  490,  490,  464,  596,  395,    0,  228,  515,  588,  390,  559,  301,  474,  290,  429,  574,  110,  180,  450,  495,  210,  408,  540,  268,  195,  265,  260,  208,  576,  290,  266,  387,  376,  424,  589,  597,  588,  686,  295,  566,  155,  400,  147,  459,  373,  427,  223,  586,  478,  300,  392,  513,  364,  113,  404,  286,   99,  167,  287,  407,  579,  507,  299,  369,  363,  386,  532,   80,  330,  366,  400,  244,  530,  492,  572,  302,  253,  525,  263,  592,  527,  326,  622,  606,  450,  539,  371,  487,  335,  126,  389,  456,  560,  300,  627,  416,  400,  368,  522,  336,  369,  372,  452,  683,  277,  131,  277,  441,  372,  192,  276,  233,   66,  443,  306,  277,  391,  249,  403,  162,  474,  208,  280,  542,  390,  422,  201,  415,  365,  412,  363,  354,  297,  533,  239,  263,  494,  110,  451,   81,    8,  629,  226,  226,  270,  336,  528],
        [  561,    0,  341,  850,  365,  290,  338,  250,  232,  453,  224,  616,  260,  152,  698,  582,  359,  337,  521,  788,   90,  397,  666,  455,   86,  717,  392,  237,  453,  621,  228,    0,  728,  457,  212,  736,  528,  247,  159,  394,  472,  119,  103,  268,  700,  435,  618,  674,  465,  298,  227,  487,  420,  455,  265,  232,  525,  507,  225,  776,  468,  387,  835,  252,  416,  229,  605,  105,  682,  575,  486,  190,  417,  451,  335,  395,  738,  525,  285,  385,  340,  289,   73,  327,  626,  701,  729,  491,  321,  463,  174,  403,  283,  108,  373,  622,  246,  539,  545,  457,   84,  409,  521,  351,  526,  479,  406,  826,  809,  448,  720,  586,  482,  486,  265,  165,  640,  422,  519,  461,  610,  556,  205,  712,  375,  270,  589,  438,  511,  213,  241,  136,  307,  593,  367,   82,   79,  231,  625,  397,  246,  239,   83,  623,  360,  385,  325,  506,  394,  175,  274,  407,  487,  581,  595,  576,  532,  331,  729,  452,  166,  280,  149,  523,  308,  224,  790,    4,   25,  157,  167,  423],
        [  175,    0,  854,  146,  791,  998,  391,  945,  577,  500,  945,  418,  899,  879,  141,  167,  883,  532,  879,  696,  692,  852,  517,  285,  658,  239,  788,  955,  929,  174,  515,  728,    0,  905,  904,  200,  268,  961,  712,  886,  851,  618,  694,  869,   58,  363,  110,  733,  267,  470,  757,  285,  310, 1069,  613,  756,  644,  653,  867,  169,  908, 1102,  787,  634, 1071,  632,  131,  626,  108,  458,  792,  723, 1097,  919,  736,  825,  136,  585,  539,  853,  511,  517,  678,  531,  359,  782,   88,  486,  662,  699,  851, 1031,  446,  813,  586,  333,  579,  638,  536,  869,  784,  355,  660,  664,  803,  735,  706,  121,  111,  624,  179,  385,  645,  598,  575,  871,  166,  895,  217, 1137,  500,  610,  881,  132,  754,  868,  145,  887, 1194,  777,  500,  791,  946,  153,  371,  788,  700,  497,  182,  449,  617,  903,  714,  353,  368,  958,  613,  259, 1048,  900,  932,  322,  767,  384,  537,  402,  539,  540,  108,  418,  773, 1005,  624,  790,  441,  516,  715,  727,  732,  690,  850, 1016],
        [  791,    0,  118,  974,  821,  610,  587,  613,  650,  854,  537,  982,  255,  476,  945,  739,  109,  746,  976, 1209,  387,  850, 1058,  638,  517, 1004,  117,  417,   34,  880,  588,  457,  905,    0,  594,  805,  825,  401,  311,  841,   77,  523,  557,  213,  855,  768,  807, 1114,  665,  469,  683,  781,  671,  843,  317,  688,  961,  945,  270,  862,   12,  651, 1268,  303,  777,  670,  779,  458,  912,  957,  942,  647,  746,  898,  791,  851,  978,  947,  691,  836,  399,  684,  515,  381,  970, 1146,  948,  886,  249,  911,  328,  791,  583,  384,  320,  956,  364,  339,  429,   44,  389,  561,  306,  799,  177,  206,  857,  957,  938,  298,  802,  942,  295,  914,  686,  373,  754,   39,  762,  787, 1003,  982,  608,  822,  831,  705,  808,  889,  815,  666,  486,  578,  708,  826,  575,  510,  392,  540,  736,  457,  323,  641,  380,  964,  608,  808,  761,  787,  760,  501,  670,  648,  942,  937, 1000,  938,  942,  370,  850,  819,  618,  547,  576,  978,  644,  581, 1215,  461,  480,  326,  578,  830],
        [  731,    0,  480, 1035,  302,   97,  525,   42,  341,  530,   87,  708,  346,  119,  852,  771,  486,  426,  432,  807,  295,  301,  730,  648,  252,  851,  561,  211,  580,  775,  390,  212,  904,  594,    0,  935,  674,  232,  349,  276,  630,  292,  210,  382,  884,  572,  797,  667,  653,  506,  198,  638,  596,  256,  472,  203,  541,  519,  325,  971,  606,  202,  832,  456,  206,  299,  788,  311,  843,  656,  434,  205,  206,  327,  308,  315,  893,  564,  391,  285,  552,  406,  233,  539,  734,  681,  891,  569,  518,  454,  267,  203,  462,  218,  580,  737,  457,  741,  754,  607,  226,  610,  720,  365,  702,  666,  393, 1010,  994,  650,  917,  689,  682,  521,  357,  223,  836,  556,  689,  250,  677,  585,   32,  905,  336,  136,  760,  329,  302,  169,  443,  114,  114,  759,  562,  132,  283,  418,  822,  608,  453,   50,  281,  732,  545,  217,  373,  661,  184,   97,   76,  588,  448,  684,  651,  674,  588,  542,  919,  562,  144,  138,  281,  476,  465,  389,  804,  210,  195,  354,   54,  236],
