{
    "name": "random-40-24005",
    "comment": "size=40 seed=24005",
    "nodes": ["+0", "-0", "+1", "-1", "+2", "-2", "+3", "-3", "+4", "-4", "+5", "-5", "+6", "-6", "+7", "-7", "+8", "-8", "+9", "-9", "+10", "-10", "+11", "-11", "+12", "-12", "+13", "-13", "+14", "-14", "+15", "-15", "+16", "-16", "+17", "-17", "+18", "-18", "+19", "-19", "+20", "-20", "+21", "-21", "+22", "-22", "+23", "-23", "+24", "-24", "+25", "-25", "+26", "-26", "+27", "-27", "+28", "-28", "+29", "-29", "+30", "-30", "+31", "-31", "+32", "-32", "+33", "-33", "+34", "-34", "+35", "-35", "+36", "-36", "+37", "-37", "+38", "-38", "+39", "-39", "+40", "-40"],
    "precedence": {
        "+0": "-0",
        "+1": "-1",
        "+2": "-2",
        "+3": "-3",
        "+4": "-4",
        "+5": "-5",
        "+6": "-6",
        "+7": "-7",
        "+8": "-8",
        "+9": "-9",
        "+10": "-10",
        "+11": "-11",
        "+12": "-12",
        "+13": "-13",
        "+14": "-14",
        "+15": "-15",
        "+16": "-16",
        "+17": "-17",
        "+18": "-18",
        "+19": "-19",
        "+20": "-20",
        "+21": "-21",
        "+22": "-22",
        "+23": "-23",
        "+24": "-24",
        "+25": "-25",
        "+26": "-26",
        "+27": "-27",
        "+28": "-28",
        "+29": "-29",
        "+30": "-30",
        "+31": "-31",
        "+32": "-32",
        "+33": "-33",
        "+34": "-34",
        "+35": "-35",
        "+36": "-36",
        "+37": "-37",
        "+38": "-38",
        "+39": "-39",
        "+40": "-40"
    },
    "edges": [
        [    0,    0,  146,  307,  615,  829,  739,  836,  436,  914, 1085,  665,  937,  581,  313,  212,  501,  275,  720,  392,  457,  538, 1006,  623,  689,  819,  505,  640,  951,  875,  358,  517,  439,  841,  283,  300,  963,   39,  903,  932,   20,  544,  792,  155,  317,  783,  870,  642,  388,  965,  306,  956,  221,  249,  165,  367,  828,  788,  442,  919,  338,  354,  628,   94,  778,  815,   92,  953,  136,  856,  250,  235,  270,  977,  359,  900,  511,  558,  977,  990,  621,  972],
        [    0,    0,  146,  307,  615,  829,  739,  836,  436,  914, 1085,  665,  937,  581,  313,  212,  501,  275,  720,  392,  457,  538, 1006,  623,  689,  819,  505,  640,  951,  875,  358,  517,  439,  841,  283,  300,  963,   39,  903,  932,   20,  544,  792,  155,  317,  783,  870,  642,  388,  965,  306,  956,  221,  249,  165,  367,  828,  788,  442,  919,  338,  354,  628,   94,  778,  815,   92,  953,  136,  856,  250,  235,  270,  977,  359,  900,  511,  558,  977,  990,  621,  972],
        [  146,  146,    0,  175,  473,  805,  597,  692,  326,  829, 1020,  695,  833,  498,  359,  133,  439,  279,  682,  296,  512,  491,  905,  633,  548,  695,  564,  559,  844,  771,  288,  454,  296,  698,  265,  193,  851,  113,  758,  807,  153,  558,  680,  110,  268,  720,  737,  612,  448,  852,  348,  811,  114,  239,  219,  228,  695,  657,  301,  774,  332,  243,  508,  221,  687,  669,  203,  840,  222,  724,  133,  190,  190,  918,  442,  780,  516,  567,  891,  883,  532,  904],
        [  307,  307,  175,    0,  383,  904,  495,  578,  350,  855, 1066,  839,  826,  544,  521,  261,  518,  429,  772,  352,  674,  582,  901,  766,  456,  651,  726,  603,  832,  767,  379,  531,  221,  593,  404,   73,  827,  280,  632,  758,  319,  696,  665,  178,  207,  780,  665,  712,  613,  826,  510,  688,  223,  242,  390,  194,  625,  600,  237,  655,  471,  284,  486,  392,  708,  539,  377,  817,  396,  658,   66,  326,  295,  977,  614,  745,  650,  700,  913,  870,  566,  950],
        [  615,  615,  473,  383,    0,  780,  125,  227,  269,  580,  812,  853,  500,  381,  659,  435,  440,  554,  645,  330,  778,  506,  575,  756,   76,  290,  826,  416,  499,  453,  402,  442,  178,  227,  512,  451,  480,  577,  305,  387,  616,  714,  345,  540,  582,  584,  283,  625,  744,  476,  647,  351,  407,  625,  600,  248,  244,  228,  173,  311,  551,  307,  201,  667,  448,  233,  642,  471,  633,  279,  441,  468,  406,  753,  782,  388,  666,  705,  626,  534,  369,  704],
        [  829,  829,  805,  904,  780,    0,  839,  922,  577,  382,  364,  307,  532,  403,  548,  673,  388,  555,  138,  555,  479,  323,  539,  255,  797,  654,  475,  366,  555,  503,  527,  377,  765,  892,  551,  963,  607,  806, 1008,  705,  813,  320,  542,  912, 1069,  227,  772,  194,  529,  617,  548, 1022,  700, 1041,  670,  733,  753,  699,  744,  983,  492,  623,  586,  783,  397,  978,  762,  602,  712,  745,  907,  617,  621,  252,  603,  637,  333,  298,  416,  573,  412,  305],
        [  739,  739,  597,  495,  125,  839,    0,  105,  380,  586,  817,  946,  476,  456,  777,  560,  532,  673,  710,  443,  888,  594,  547,  846,   55,  253,  934,  477,  470,  441,  516,  531,  301,  102,  630,  559,  438,  702,  189,  321,  741,  812,  342,  659,  687,  627,  197,  702,  858,  432,  764,  229,  532,  737,  724,  373,  168,  183,  298,  188,  665,  428,  257,  792,  472,  139,  767,  430,  757,  204,  557,  590,  529,  775,  900,  343,  765,  801,  621,  498,  432,  717],
        [  836,  836,  692,  578,  227,  922,  105,    0,  484,  639,  866, 1043,  512,  549,  881,  661,  631,  777,  796,  547,  991,  691,  576,  943,  160,  295, 1037,  565,  501,  488,  620,  630,  397,   40,  734,  638,  461,  799,   89,  329,  839,  912,  400,  747,  760,  703,  200,  794,  962,  452,  868,  125,  633,  817,  826,  472,  191,  232,  397,   85,  769,  531,  350,  892,  540,   86,  868,  455,  859,  219,  642,  694,  632,  836, 1004,  369,  865,  900,  667,  524,  522,  774],
        [  436,  436,  326,  350,  269,  577,  380,  484,    0,  511,  717,  594,  508,  195,  398,  225,  196,  296,  440,   64,  510,  266,  580,  501,  326,  388,  557,  254,  519,  446,  137,  204,  190,  474,  254,  419,  528,  399,  569,  501,  430,  452,  357,  428,  545,  432,  456,  397,  478,  530,  386,  608,  219,  548,  367,  161,  415,  367,  170,  567,  285,   84,  196,  459,  366,  501,  432,  518,  408,  438,  375,  230,  174,  627,  522,  465,  403,  446,  572,  558,  217,  600],
        [  914,  914,  829,  855,  580,  382,  586,  639,  511,    0,  233,  644,  158,  334,  728,  709,  420,  677,  324,  533,  736,  408,  158,  556,  562,  345,  756,  275,  180,  153,  556,  404,  653,  603,  649,  925,  234,  880,  715,  354,  903,  581,  244,  935, 1055,  185,  454,  389,  757,  245,  722,  713,  716, 1059,  792,  661,  450,  409,  632,  680,  623,  591,  390,  905,  147,  713,  879,  232,  838,  429,  885,  680,  649,  203,  829,  290,  561,  558,   64,  192,  298,  136],
        [ 1085, 1085, 1020, 1066,  812,  364,  817,  866,  717,  233,    0,  670,  360,  526,  853,  892,  586,  826,  393,  727,  821,  550,  314,  606,  795,  572,  826,  465,  375,  378,  735,  570,  874,  828,  807, 1135,  426, 1055,  938,  561, 1072,  657,  476, 1128, 1260,  303,  674,  476,  858,  437,  850,  931,  906, 1255,  946,  874,  675,  638,  853,  901,  765,  791,  619, 1062,  369,  942, 1037,  428,  991,  651, 1091,  853,  832,  119,  934,  504,  654,  633,  200,  367,  501,  117],
        [  665,  665,  695,  839,  853,  307,  946, 1043,  594,  644,  670,    0,  772,  498,  353,  579,  415,  416,  320,  544,  223,  353,  799,  102,  894,  827,  196,  498,  795,  726,  484,  415,  772, 1022,  436,  881,  840,  655, 1132,  907,  646,  146,  726,  787,  958,  461,  939,  272,  291,  848,  360, 1160,  617,  907,  502,  714,  909,  852,  755, 1118,  369,  599,  695,  594,  600, 1079,  581,  833,  531,  913,  820,  514,  547,  555,  352,  843,  195,  149,  692,  821,  532,  599],
        [  937,  937,  833,  826,  500,  532,  476,  512,  508,  158,  360,  772,    0,  371,  799,  726,  477,  731,  454,  546,  834,  487,   77,  677,  464,  224,  860,  325,   24,   63,  588,  463,  610,  474,  697,  898,   77,  901,  580,  203,  930,  690,  162,  933, 1031,  316,  316,  504,  843,   88,  791,  572,  725, 1048,  837,  636,  321,  294,  592,  542,  685,  591,  340,  945,  184,  592,  918,   75,  882,  294,  866,  711,  668,  357,  911,  145,  661,  668,  162,   56,  326,  286],
        [  581,  581,  498,  544,  381,  403,  456,  549,  195,  334,  526,  498,  371,    0,  433,  375,  110,  360,  266,  203,  490,  148,  433,  397,  408,  341,  527,   61,  389,  310,  224,  100,  372,  526,  326,  612,  415,  547,  638,  437,  571,  375,  258,  605,  735,  237,  446,  247,  486,  420,  423,  663,  384,  731,  468,  355,  414,  357,  350,  622,  315,  265,  200,  578,  198,  593,  552,  405,  514,  421,  565,  349,  315,  433,  549,  382,  334,  360,  397,  426,   47,  409],
        [  313,  313,  359,  521,  659,  548,  777,  881,  398,  728,  853,  353,  799,  433,    0,  268,  324,  107,  463,  335,  154,  321,  855,  317,  722,  755,  206,  475,  818,  739,  262,  337,  524,  871,  148,  551,  847,  304,  963,  861,  294,  239,  688,  441,  612,  563,  843,  380,   93,  852,   13, 1005,  309,  557,  151,  450,  804,  751,  513,  964,  120,  355,  573,  245,  619,  890,  229,  837,  179,  821,  490,  209,  265,  737,  125,  810,  215,  257,  790,  854,  479,  750],
        [  212,  212,  133,  261,  435,  673,  560,  661,  225,  709,  892,  579,  726,  375,  268,    0,  308,  170,  550,  180,  417,  358,  796,  510,  507,  612,  470,  435,  739,  664,  158,  324,  274,  660,  144,  304,  752,  176,  737,  725,  206,  438,  580,  242,  398,  591,  671,  480,  361,  754,  256,  785,   41,  371,  168,  197,  629,  585,  269,  746,  211,  146,  420,  238,  570,  655,  212,  741,  198,  655,  244,   66,   61,  788,  375,  690,  393,  444,  772,  779,  413,  777],
        [  501,  501,  439,  518,  440,  388,  532,  631,  196,  420,  586,  415,  477,  110,  324,  308,    0,  258,  254,  168,  383,   71,  534,  316,  481,  447,  421,  153,  495,  416,  151,   17,  385,  612,  229,  580,  523,  470,  719,  546,  488,  281,  368,  548,  693,  284,  548,  202,  376,  529,  315,  750,  327,  677,  372,  346,  513,  456,  365,  708,  209,  235,  287,  486,  298,  665,  460,  514,  419,  523,  527,  267,  250,  481,  440,  491,  235,  269,  483,  532,  157,  472],
        [  275,  275,  279,  429,  554,  555,  673,  777,  296,  677,  826,  416,  731,  360,  107,  170,  258,    0,  449,  233,  248,  277,  791,  357,  618,  666,  301,  410,  748,  669,  163,  274,  418,  769,   43,  467,  772,  254,  859,  775,  259,  281,  607,  375,  544,  526,  747,  369,  197,  776,   94,  901,  210,  500,  120,  345,  708,  656,  407,  860,   63,  249,  479,  236,  555,  785,  213,  762,  166,  727,  406,  107,  159,  713,  228,  728,  241,  291,  740,  786,  406,  717],
        [  720,  720,  682,  772,  645,  138,  710,  796,  440,  324,  393,  320,  454,  266,  463,  550,  254,  449,    0,  421,  432,  193,  479,  233,  666,  541,  443,  233,  477,  413,  399,  242,  628,  768,  438,  833,  525,  694,  883,  605,  705,  269,  431,  791,  943,  141,  658,   84,  466,  534,  461,  901,  574,  920,  569,  597,  635,  580,  607,  861,  387,  489,  454,  684,  293,  848,  661,  519,  613,  631,  779,  498,  495,  275,  541,  539,  261,  245,  375,  502,  279,  299],
        [  392,  392,  296,  352,  330,  555,  443,  547,   64,  533,  727,  544,  546,  203,  335,  180,  168,  233,  421,    0,  449,  235,  616,  455,  389,  444,  497,  264,  560,  484,   73,  180,  229,  537,  191,  416,  573,  355,  631,  555,  384,  400,  403,  403,  536,  432,  517,  367,  415,  576,  322,  672,  183,  529,  309,  180,  477,  427,  211,  630,  223,   69,  253,  406,  392,  562,  379,  563,  351,  498,  367,  173,  123,  631,  458,  516,  351,  396,  595,  599,  236,  611],
        [  457,  457,  512,  674,  778,  479,  888,  991,  510,  736,  821,  223,  834,  490,  154,  417,  383,  248,  432,  449,    0,  351,  879,  226,  834,  829,   53,  517,  855,  778,  376,  391,  658,  977,  283,  704,  891,  453, 1077,  927,  438,  164,  746,  592,  764,  557,  928,  353,   71,  898,  165, 1114,  457,  705,  301,  589,  892,  836,  645, 1072,  229,  484,  662,  378,  651, 1010,  369,  882,  322,  904,  643,  355,  405,  702,  131,  870,  176,  188,  794,  888,  535,  730],
        [  538,  538,  491,  582,  506,  323,  594,  691,  266,  408,  550,  353,  487,  148,  321,  358,   71,  277,  193,  235,  351,    0,  537,  253,  544,  488,  383,  167,  507,  429,  206,   65,  455,  670,  257,  641,  541,  509,  779,  580,  524,  227,  398,  599,  751,  250,  594,  133,  357,  548,  314,  808,  382,  729,  396,  414,  562,  505,  435,  766,  218,  302,  343,  512,  304,  729,  487,  532,  442,  569,  587,  310,  303,  440,  426,  521,  187,  212,  470,  541,  189,  440],
        [ 1006, 1006,  905,  901,  575,  539,  547,  576,  580,  158,  314,  799,   77,  433,  855,  796,  534,  791,  479,  616,  879,  537,    0,  709,  538,  295,  902,  382,   78,  135,  653,  520,  686,  537,  759,  974,  117,  970,  640,  254,  998,  729,  238, 1006, 1107,  339,  377,  539,  892,  127,  847,  626,  796, 1123,  900,  711,  387,  365,  668,  599,  742,  663,  416, 1010,  237,  658,  983,  122,  946,  357,  941,  778,  737,  335,  963,  207,  704,  706,  131,   55,  389,  262],
        [  623,  623,  633,  766,  756,  255,  846,  943,  501,  556,  606,  102,  677,  397,  317,  510,  316,  357,  233,  455,  226,  253,  709,    0,  795,  726,  221,  397,  700,  630,  399,  315,  683,  921,  369,  813,  744,  607, 1031,  808,  605,   79,  626,  731,  899,  372,  838,  174,  280,  752,  321, 1059,  545,  856,  458,  629,  808,  751,  665, 1017,  302,  513,  594,  561,  503,  980,  545,  737,  494,  812,  753,  446,  472,  488,  352,  744,  117,   67,  607,  728,  431,  525],
        [  689,  689,  548,  456,   76,  797,   55,  160,  326,  562,  795,  894,  464,  408,  722,  507,  481,  618,  666,  389,  834,  544,  538,  795,    0,  245,  880,  433,  461,  424,  461,  480,  253,  154,  575,  522,  435,  652,  244,  329,  691,  759,  320,  615,  652,  590,  215,  655,  804,  429,  709,  284,  480,  698,  670,  323,  179,  176,  248,  243,  610,  373,  212,  740,  440,  186,  715,  426,  704,  215,  515,  536,  474,  746,  845,  340,  712,  749,  602,  492,  388,  691],
        [  819,  819,  695,  651,  290,  654,  253,  295,  388,  345,  572,  827,  224,  341,  755,  612,  447,  666,  541,  444,  829,  488,  295,  726,  245,    0,  867,  329,  218,  194,  505,  439,  431,  259,  626,  722,  191,  781,  371,  114,  815,  714,  113,  783,  856,  428,  119,  560,  819,  186,  745,  374,  599,  886,  752,  475,  106,   70,  416,  339,  636,  467,  193,  846,  259,  371,  820,  182,  794,   92,  700,  616,  561,  543,  877,   98,  674,  697,  373,  248,  299,  480],
        [  505,  505,  564,  726,  826,  475,  934, 1037,  557,  756,  826,  196,  860,  527,  206,  470,  421,  301,  443,  497,   53,  383,  902,  221,  880,  867,    0,  549,  882,  807,  426,  429,  710, 1023,  336,  756,  920,  502, 1123,  962,  486,  175,  780,  643,  814,  573,  968,  368,  119,  927,  217, 1159,  510,  753,  352,  640,  933,  877,  696, 1118,  280,  535,  704,  423,  679, 1058,  416,  912,  370,  944,  696,  407,  457,  708,  163,  903,  200,  199,  812,  914,  570,  740],
        [  640,  640,  559,  603,  416,  366,  477,  565,  254,  275,  465,  498,  325,   61,  475,  435,  153,  410,  233,  264,  517,  167,  382,  397,  433,  329,  549,    0,  344,  266,  282,  139,  425,  539,  379,  671,  376,  606,  653,  415,  629,  388,  233,  666,  796,  181,  442,  234,  520,  382,  467,  673,  445,  792,  521,  413,  414,  357,  403,  633,  361,  326,  222,  633,  145,  616,  607,  367,  568,  415,  626,  406,  375,  374,  587,  355,  352,  370,  338,  380,   48,  349],
        [  951,  951,  844,  832,  499,  555,  470,  501,  519,  180,  375,  795,   24,  389,  818,  739,  495,  748,  477,  560,  855,  507,   78,  700,  461,  218,  882,  344,    0,   80,  603,  481,  615,  463,  713,  904,   55,  914,  567,  186,  943,  712,  168,  943, 1038,  339,  304,  527,  863,   66,  810,  557,  737, 1057,  853,  644,  312,  288,  597,  529,  703,  603,  347,  960,  204,  582,  933,   54,  898,  283,  874,  726,  682,  377,  931,  132,  683,  690,  179,   40,  343,  306],
        [  875,  875,  771,  767,  453,  503,  441,  488,  446,  153,  378,  726,   63,  310,  739,  664,  416,  669,  413,  484,  778,  429,  135,  630,  424,  194,  807,  266,   80,    0,  525,  403,  553,  451,  635,  839,  115,  839,  563,  206,  867,  638,  109,  871,  972,  279,  301,  457,  785,  123,  731,  560,  662,  988,  774,  577,  298,  261,  534,  528,  624,  529,  283,  882,  129,  565,  855,  107,  820,  276,  807,  648,  606,  355,  852,  140,  607,  617,  181,  117,  264,  289],
        [  358,  358,  288,  379,  402,  527,  516,  620,  137,  556,  735,  484,  588,  224,  262,  158,  151,  163,  399,   73,  376,  206,  653,  399,  461,  505,  426,  282,  603,  525,    0,  167,  291,  610,  122,  436,  622,  324,  704,  615,  347,  338,  454,  397,  545,  434,  585,  334,  343,  625,  250,  744,  177,  526,  252,  231,  545,  493,  275,  703,  150,  116,  317,  357,  421,  635,  330,  612,  296,  564,  381,  125,   99,  631,  386,  571,  289,  337,  620,  642,  265,  620],
        [  517,  517,  454,  531,  442,  377,  531,  630,  204,  404,  570,  415,  463,  100,  337,  324,   17,  274,  242,  180,  391,   65,  520,  315,  480,  439,  429,  139,  481,  403,  167,    0,  393,  610,  245,  593,  511,  486,  718,  537,  505,  284,  357,  563,  708,  268,  541,  194,  387,  516,  329,  747,  342,  692,  388,  357,  507,  450,  373,  706,  223,  248,  283,  502,  283,  665,  476,  501,  434,  516,  541,  283,  265,  465,  452,  481,  240,  271,  468,  518,  145,  456],
        [  439,  439,  296,  221,  178,  765,  301,  397,  190,  653,  874,  772,  610,  372,  524,  274,  385,  418,  628,  229,  658,  455,  686,  683,  253,  431,  710,  425,  615,  553,  291,  393,    0,  402,  378,  292,  608,  403,  467,  538,  442,  628,  449,  364,  426,  605,  451,  586,  614,  607,  511,  518,  241,  458,  441,   78,  410,  381,   22,  480,  431,  176,  271,  497,  508,  383,  473,  598,  469,  442,  272,  319,  260,  795,  641,  525,  578,  624,  708,  653,  381,  759],
        [  841,  841,  698,  593,  227,  892,  102,   40,  474,  603,  828, 1022,  474,  526,  871,  660,  612,  769,  768,  537,  977,  670,  537,  921,  154,  259, 1023,  539,  463,  451,  610,  610,  402,    0,  726,  654,  422,  804,  116,  290,  843,  892,  365,  758,  779,  672,  161,  769,  951,  414,  859,  138,  633,  832,  823,  475,  154,  197,  399,   97,  758,  526,  328,  893,  507,  125,  869,  416,  857,  180,  655,  689,  628,  800,  995,  331,  847,  880,  629,  485,  497,  738],
        [  283,  283,  265,  404,  512,  551,  630,  734,  254,  649,  807,  436,  697,  326,  148,  144,  229,   43,  438,  191,  283,  257,  759,  369,  575,  626,  336,  379,  713,  635,  122,  245,  378,  726,    0,  446,  736,  257,  816,  735,  268,  296,  570,  366,  532,  505,  706,  361,  237,  740,  136,  859,  182,  494,  143,  306,  666,  614,  367,  818,   68,  208,  438,  258,  523,  743,  232,  726,  190,  685,  386,   79,  122,  696,  270,  689,  252,  303,  712,  751,  371,  695],
        [  300,  300,  193,   73,  451,  963,  559,  638,  419,  925, 1135,  881,  898,  612,  551,  304,  580,  467,  833,  416,  704,  641,  974,  813,  522,  722,  756,  671,  904,  839,  436,  593,  292,  654,  446,    0,  899,  280,  686,  828,  315,  741,  737,  150,  135,  847,  733,  770,  640,  898,  540,  743,  269,  180,  410,  265,  693,  670,  309,  712,  513,  349,  558,  391,  779,  593,  380,  889,  408,  727,   62,  368,  346, 1044,  633,  817,  696,  747,  984,  943,  635, 1019],
        [  963,  963,  851,  827,  480,  607,  438,  461,  528,  234,  426,  840,   77,  415,  847,  752,  523,  772,  525,  573,  891,  541,  117,  744,  435,  191,  920,  376,   55,  115,  622,  511,  608,  422,  736,  899,    0,  926,  523,  137,  956,  752,  172,  946, 1033,  388,  262,  571,  895,   11,  838,  509,  746, 1057,  873,  643,  275,  259,  591,  483,  729,  612,  346,  977,  243,  544,  950,   11,  917,  243,  873,  743,  696,  432,  962,   95,  721,  731,  232,   64,  368,  360],
        [   39,   39,  113,  280,  577,  806,  702,  799,  399,  880, 1055,  655,  901,  547,  304,  176,  470,  254,  694,  355,  453,  509,  970,  607,  652,  781,  502,  606,  914,  839,  324,  486,  403,  804,  257,  280,  926,    0,  867,  894,   41,  529,  755,  144,  314,  753,  832,  617,  384,  928,  296,  919,  183,  254,  153,  330,  790,  750,  405,  882,  315,  316,  591,  112,  743,  780,  100,  916,  135,  818,  226,  203,  234,  947,  362,  862,  493,  542,  943,  954,  586,  941],
        [  903,  903,  758,  632,  305, 1008,  189,   89,  569,  715,  938, 1132,  580,  638,  963,  737,  719,  859,  883,  631, 1077,  779,  640, 1031,  244,  371, 1123,  653,  567,  563,  704,  718,  467,  116,  816,  686,  523,  867,    0,  387,  907,  999,  480,  805,  802,  788,  265,  882, 1046,  514,  951,   59,  706,  865,  903,  544,  266,  313,  469,   47,  853,  612,  438,  964,  623,   94,  940,  518,  934,  288,  697,  772,  711,  914, 1086,  436,  953,  988,  739,  586,  610,  850],
        [  932,  932,  807,  758,  387,  705,  321,  329,  501,  354,  561,  907,  203,  437,  861,  725,  546,  775,  605,  555,  927,  580,  254,  808,  329,  114,  962,  415,  186,  206,  615,  537,  538,  290,  735,  828,  137,  894,  387,    0,  928,  803,  183,  894,  962,  479,  130,  637,  921,  128,  851,  373,  712,  995,  863,  587,  153,  160,  525,  346,  741,  580,  306,  959,  314,  413,  932,  134,  906,  118,  809,  728,  674,  556,  982,   68,  766,  784,  364,  200,  393,  486],
        [   20,   20,  153,  319,  616,  813,  741,  839,  430,  903, 1072,  646,  930,  571,  294,  206,  488,  259,  705,  384,  438,  524,  998,  605,  691,  815,  486,  629,  943,  867,  347,  505,  442,  843,  268,  315,  956,   41,  907,  928,    0,  526,  785,  172,  336,  770,  869,  626,  368,  959,  288,  959,  218,  268,  147,  369,  827,  785,  444,  922,  321,  349,  624,   77,  768,  820,   73,  946,  117,  854,  263,  223,  262,  963,  340,  894,  493,  540,  966,  982,  611,  959],
        [  544,  544,  558,  696,  714,  320,  812,  912,  452,  581,  657,  146,  690,  375,  239,  438,  281,  281,  269,  400,  164,  227,  729,   79,  759,  714,  175,  388,  712,  638,  338,  284,  628,  892,  296,  741,  752,  529,  999,  803,  526,    0,  620,  655,  824,  399,  821,  193,  209,  759,  242, 1030,  474,  779,  380,  569,  789,  732,  611,  989,  228,  454,  567,  483,  510,  943,  466,  744,  415,  796,  680,  373,  404,  538,  284,  741,   50,   25,  637,  742,  415,  567],
        [  792,  792,  680,  665,  345,  542,  342,  400,  357,  244,  476,  726,  162,  258,  688,  580,  368,  607,  431,  403,  746,  398,  238,  626,  320,  113,  780,  233,  168,  109,  454,  357,  449,  365,  570,  737,  172,  755,  480,  183,  785,  620,    0,  777,  871,  316,  232,  456,  744,  174,  678,  486,  575,  890,  705,  477,  216,  169,  430,  450,  569,  441,  179,  807,  146,  471,  780,  161,  749,  204,  707,  573,  525,  437,  806,  124,  584,  602,  284,  206,  212,  377],
        [  155,  155,  110,  178,  540,  912,  659,  747,  428,  935, 1128,  787,  933,  605,  441,  242,  548,  375,  791,  403,  592,  599, 1006,  731,  615,  783,  643,  666,  943,  871,  397,  563,  364,  758,  366,  150,  946,  144,  805,  894,  172,  655,  777,    0,  172,  829,  814,  719,  525,  946,  432,  861,  223,  130,  292,  308,  773,  740,  374,  827,  432,  346,  601,  248,  792,  714,  242,  936,  278,  804,  112,  295,  299, 1027,  505,  872,  615,  665,  997,  982,  638, 1012],
        [  317,  317,  268,  207,  582, 1069,  687,  760,  545, 1055, 1260,  958, 1031,  735,  612,  398,  693,  544,  943,  536,  764,  751, 1107,  899,  652,  856,  814,  796, 1038,  972,  545,  708,  426,  779,  532,  135, 1033,  314,  802,  962,  336,  824,  871,  172,    0,  968,  865,  876,  696, 1032,  603,  860,  370,   90,  463,  397,  825,  803,  443,  831,  598,  470,  692,  410,  909,  709,  408, 1023,  448,  860,  170,  457,  449, 1166,  674,  951,  783,  833, 1114, 1076,  761, 1144],
        [  783,  783,  720,  780,  584,  227,  627,  703,  432,  185,  303,  461,  316,  237,  563,  591,  284,  526,  141,  432,  557,  250,  339,  372,  590,  428,  573,  181,  339,  279,  434,  268,  605,  672,  505,  847,  388,  753,  788,  479,  770,  399,  316,  829,  968,    0,  547,  206,  582,  398,  558,  799,  607,  957,  645,  592,  529,  477,  584,  761,  467,  498,  384,  761,  170,  765,  737,  382,  691,  519,  799,  551,  532,  199,  656,  411,  382,  375,  239,  363,  225,  191],
        [  870,  870,  737,  665,  283,  772,  197,  200,  456,  454,  674,  939,  316,  446,  843,  671,  548,  747,  658,  517,  928,  594,  377,  838,  215,  119,  968,  442,  304,  301,  585,  541,  451,  161,  706,  733,  262,  832,  265,  130,  869,  821,  232,  814,  865,  547,    0,  674,  913,  253,  831,  260,  652,  906,  822,  510,   43,   93,  441,  228,  724,  527,  270,  908,  377,  284,  882,  256,  862,   28,  721,  685,  627,  655,  966,  172,  779,  805,  475,  325,  408,  589],
        [  642,  642,  612,  712,  625,  194,  702,  794,  397,  389,  476,  272,  504,  247,  380,  480,  202,  369,   84,  367,  353,  133,  539,  174,  655,  560,  368,  234,  527,  457,  334,  194,  586,  769,  361,  770,  571,  617,  882,  637,  626,  193,  456,  719,  876,  206,  674,    0,  384,  579,  377,  905,  507,  848,  488,  547,  647,  590,  566,  865,  306,  434,  446,  602,  330,  839,  580,  563,  531,  647,  715,  425,  428,  358,  459,  572,  180,  170,  444,  556,  273,  379],
        [  388,  388,  448,  613,  744,  529,  858,  962,  478,  757,  858,  291,  843,  486,   93,  361,  376,  197,  466,  415,   71,  357,  892,  280,  804,  819,  119,  520,  863,  785,  343,  387,  614,  951,  237,  640,  895,  384, 1046,  921,  368,  209,  744,  525,  696,  582,  913,  384,    0,  902,  106, 1086,  401,  635,  234,  541,  875,  820,  603, 1045,  194,  443,  644,  308,  660,  976,  299,  886,  252,  890,  580,  301,  356,  740,   76,  867,  205,  232,  816,  897,  532,  762],
        [  965,  965,  852,  826,  476,  617,  432,  452,  530,  245,  437,  848,   88,  420,  852,  754,  529,  776,  534,  576,  898,  548,  127,  752,  429,  186,  927,  382,   66,  123,  625,  516,  607,  414,  740,  898,   11,  928,  514,  128,  959,  759,  174,  946, 1032,  398,  253,  579,  902,    0,  843,  500,  748, 1056,  876,  643,  267,  254,  590,  473,  734,  613,  346,  980,  251,  536,  953,   16,  921,  235,  872,  746,  698,  442,  967,   90,  728,  739,  243,   73,  373,  371],
        [  306,  306,  348,  510,  647,  548,  764,  868,  386,  722,  850,  360,  791,  423,   13,  256,  315,   94,  461,  322,  165,  314,  847,  321,  709,  745,  217,  467,  810,  731,  250,  329,  511,  859,  136,  540,  838,  296,  951,  851,  288,  242,  678,  432,  603,  558,  831,  377,  106,  843,    0,  993,  296,  549,  143,  438,  792,  739,  500,  952,  110,  343,  562,  241,  611,  878,  225,  828,  174,  810,  479,  197,  252,  733,  137,  800,  216,  259,  784,  846,  470,  746],
        [  956,  956,  811,  688,  351, 1022,  229,  125,  608,  713,  931, 1160,  572,  663, 1005,  785,  750,  901,  901,  672, 1114,  808,  626, 1059,  284,  374, 1159,  673,  557,  560,  744,  747,  518,  138,  859,  743,  509,  919,   59,  373,  959, 1030,  486,  861,  860,  799,  260,  905, 1086,  500,  993,    0,  756,  922,  950,  594,  270,  323,  519,   42,  893,  656,  465, 1014,  631,  152,  990,  505,  982,  285,  753,  818,  756,  914, 1129,  428,  985, 1018,  732,  572,  632,  848],
        [  221,  221,  114,  223,  407,  700,  532,  633,  219,  716,  906,  617,  725,  384,  309,   41,  327,  210,  574,  183,  457,  382,  796,  545,  480,  599,  510,  445,  737,  662,  177,  342,  241,  633,  182,  269,  746,  183,  706,  712,  218,  474,  575,  223,  370,  607,  652,  507,  401,  748,  296,  756,    0,  351,  203,  163,  610,  568,  238,  717,  249,  135,  408,  261,  574,  623,  236,  736,  229,  637,  210,  105,   80,  805,  414,  680,  429,  480,  778,  776,  419,  790],
        [  249,  249,  239,  242,  625, 1041,  737,  817,  548, 1059, 1255,  907, 1048,  731,  557,  371,  677,  500,  920,  529,  705,  729, 1123,  856,  698,  886,  753,  792, 1057,  988,  526,  692,  458,  832,  494,  180, 1057,  254,  865,  995,  268,  779,  890,  130,   90,  957,  906,  848,  635, 1056,  549,  922,  351,    0,  406,  414,  865,  838,  471,  891,  558,  468,  712,  338,  914,  771,  340, 1047,  384,  899,  186,  424,  428, 1156,  607,  979,  740,  790, 1120, 1096,  762, 1139],
        [  165,  165,  219,  390,  600,  670,  724,  826,  367,  792,  946,  502,  837,  468,  151,  168,  372,  120,  569,  309,  301,  396,  900,  458,  670,  752,  352,  521,  853,  774,  252,  388,  441,  823,  143,  410,  873,  153,  903,  863,  147,  380,  705,  292,  463,  645,  822,  488,  234,  876,  143,  950,  203,  406,    0,  364,  781,  733,  436,  911,  183,  299,  561,  117,  665,  822,   93,  863,   47,  804,  351,  138,  198,  833,  224,  821,  347,  394,  855,  891,  512,  835],
        [  367,  367,  228,  194,  248,  733,  373,  472,  161,  661,  874,  714,  636,  355,  450,  197,  346,  345,  597,  180,  589,  414,  711,  629,  323,  475,  640,  413,  644,  577,  231,  357,   78,  475,  306,  265,  643,  330,  544,  587,  369,  569,  477,  308,  397,  592,  510,  547,  541,  643,  438,  594,  163,  414,  364,    0,  468,  433,   76,  555,  363,  117,  298,  421,  515,  460,  397,  633,  391,  498,  231,  244,  186,  787,  566,  566,  520,  568,  719,  683,  374,  757],
        [  828,  828,  695,  625,  244,  753,  168,  191,  415,  450,  675,  909,  321,  414,  804,  629,  513,  708,  635,  477,  892,  562,  387,  808,  179,  106,  933,  414,  312,  298,  545,  507,  410,  154,  666,  693,  275,  790,  266,  153,  827,  789,  216,  773,  825,  529,   43,  647,  875,  267,  792,  270,  610,  865,  781,  468,    0,   58,  399,  234,  685,  485,  232,  867,  361,  271,  840,  268,  820,   37,  680,  644,  585,  648,  928,  181,  746,  773,  476,  337,  377,  585],
        [  788,  788,  657,  600,  228,  699,  183,  232,  367,  409,  638,  852,  294,  357,  751,  585,  456,  656,  580,  427,  836,  505,  365,  751,  176,   70,  877,  357,  288,  261,  493,  450,  381,  197,  614,  670,  259,  750,  313,  160,  785,  732,  169,  740,  803,  477,   93,  590,  820,  254,  739,  323,  568,  838,  733,  433,   58,    0,  368,  285,  632,  440,  178,  822,  311,  305,  795,  251,  773,   71,  652,  596,  539,  605,  874,  165,  689,  716,  441,  317,  320,  543],
        [  442,  442,  301,  237,  173,  744,  298,  397,  170,  632,  853,  755,  592,  350,  513,  269,  365,  407,  607,  211,  645,  435,  668,  665,  248,  416,  696,  403,  597,  534,  275,  373,   22,  399,  367,  309,  591,  405,  469,  525,  444,  611,  430,  374,  443,  584,  441,  566,  603,  590,  500,  519,  238,  471,  436,   76,  399,  368,    0,  480,  417,  162,  252,  496,  487,  387,  472,  581,  465,  431,  285,  310,  250,  774,  631,  509,  561,  607,  688,  635,  360,  738],
        [  919,  919,  774,  655,  311,  983,  188,   85,  567,  680,  901, 1118,  542,  622,  964,  746,  708,  860,  861,  630, 1072,  766,  599, 1017,  243,  339, 1118,  633,  529,  528,  703,  706,  480,   97,  818,  712,  483,  882,   47,  346,  922,  989,  450,  827,  831,  761,  228,  865, 1045,  473,  952,   42,  717,  891,  911,  555,  234,  285,  480,    0,  851,  615,  424,  976,  594,  126,  952,  478,  943,  252,  720,  778,  716,  881, 1087,  398,  943,  976,  702,  546,  592,  816],
        [  338,  338,  332,  471,  551,  492,  665,  769,  285,  623,  765,  369,  685,  315,  120,  211,  209,   63,  387,  223,  229,  218,  742,  302,  610,  636,  280,  361,  703,  624,  150,  223,  431,  758,   68,  513,  729,  315,  853,  741,  321,  228,  569,  432,  598,  467,  724,  306,  194,  734,  110,  893,  249,  558,  183,  363,  685,  632,  417,  851,    0,  256,  454,  298,  506,  784,  275,  720,  227,  702,  453,  146,  183,  652,  243,  691,  185,  236,  685,  740,  362,  657],
        [  354,  354,  243,  284,  307,  623,  428,  531,   84,  591,  791,  599,  591,  265,  355,  146,  235,  249,  489,   69,  484,  302,  663,  513,  373,  467,  535,  326,  603,  529,  116,  248,  176,  526,  208,  349,  612,  316,  612,  580,  349,  454,  441,  346,  470,  498,  527,  434,  443,  613,  343,  656,  135,  468,  299,  117,  485,  440,  162,  615,  256,    0,  275,  383,  446,  536,  356,  601,  336,  510,  301,  163,  102,  696,  476,  546,  405,  452,  652,  642,  294,  674],
        [  628,  628,  508,  486,  201,  586,  257,  350,  196,  390,  619,  695,  340,  200,  573,  420,  287,  479,  454,  253,  662,  343,  416,  594,  212,  193,  704,  222,  347,  283,  317,  283,  271,  328,  438,  558,  346,  591,  438,  306,  624,  567,  179,  601,  692,  384,  270,  446,  644,  346,  562,  465,  408,  712,  561,  298,  232,  178,  252,  424,  454,  275,    0,  654,  251,  395,  627,  335,  602,  248,  528,  424,  369,  554,  697,  273,  522,  553,  442,  385,  176,  507],
        [   94,   94,  221,  392,  667,  783,  792,  892,  459,  905, 1062,  594,  945,  578,  245,  238,  486,  236,  684,  406,  378,  512, 1010,  561,  740,  846,  423,  633,  960,  882,  357,  502,  497,  893,  258,  391,  977,  112,  964,  959,   77,  483,  807,  248,  410,  761,  908,  602,  308,  980,  241, 1014,  261,  338,  117,  421,  867,  822,  496,  976,  298,  383,  654,    0,  776,  878,   28,  967,   72,  892,  338,  235,  286,  949,  271,  921,  455,  499,  969,  998,  621,  951],
        [  778,  778,  687,  708,  448,  397,  472,  540,  366,  147,  369,  600,  184,  198,  619,  570,  298,  555,  293,  392,  651,  304,  237,  503,  440,  259,  679,  145,  204,  129,  421,  283,  508,  507,  523,  779,  243,  743,  623,  314,  768,  510,  146,  792,  909,  170,  377,  330,  660,  251,  611,  631,  574,  914,  665,  515,  361,  311,  487,  594,  506,  446,  251,  776,    0,  606,  749,  235,  711,  350,  739,  546,  510,  307,  729,  247,  479,  489,  206,  238,  157,  257],
        [  815,  815,  669,  539,  233,  978,  139,   86,  501,  713,  942, 1079,  592,  593,  890,  655,  665,  785,  848,  562, 1010,  729,  658,  980,  186,  371, 1058,  616,  582,  565,  635,  665,  383,  125,  743,  593,  544,  780,   94,  413,  820,  943,  471,  714,  709,  765,  284,  839,  976,  536,  878,  152,  623,  771,  822,  460,  271,  305,  387,  126,  784,  536,  395,  878,  606,    0,  855,  537,  851,  301,  604,  694,  633,  907, 1012,  451,  895,  933,  744,  606,  571,  847],
        [   92,   92,  203,  377,  642,  762,  767,  868,  432,  879, 1037,  581,  918,  552,  229,  212,  460,  213,  661,  379,  369,  487,  983,  545,  715,  820,  416,  607,  933,  855,  330,  476,  473,  869,  232,  380,  950,  100,  940,  932,   73,  466,  780,  242,  408,  737,  882,  580,  299,  953,  225,  990,  236,  340,   93,  397,  840,  795,  472,  952,  275,  356,  627,   28,  749,  855,    0,  940,   52,  865,  325,  208,  259,  925,  268,  894,  436,  482,  943,  971,  595,  927],
        [  953,  953,  840,  817,  471,  602,  430,  455,  518,  232,  428,  833,   75,  405,  837,  741,  514,  762,  519,  563,  882,  532,  122,  737,  426,  182,  912,  367,   54,  107,  612,  501,  598,  416,  726,  889,   11,  916,  518,  134,  946,  744,  161,  936, 1023,  382,  256,  563,  886,   16,  828,  505,  736, 1047,  863,  633,  268,  251,  581,  478,  720,  601,  335,  967,  235,  537,  940,    0,  907,  237,  862,  733,  685,  431,  952,   88,  712,  723,  233,   69,  359,  359],
        [  136,  136,  222,  396,  633,  712,  757,  859,  408,  838,  991,  531,  882,  514,  179,  198,  419,  166,  613,  351,  322,  442,  946,  494,  704,  794,  370,  568,  898,  820,  296,  434,  469,  857,  190,  408,  917,  135,  934,  906,  117,  415,  749,  278,  448,  691,  862,  531,  252,  921,  174,  982,  229,  384,   47,  391,  820,  773,  465,  943,  227,  336,  602,   72,  711,  851,   52,  907,    0,  844,  350,  179,  236,  878,  228,  865,  385,  431,  901,  936,  558,  882],
        [  856,  856,  724,  658,  279,  745,  204,  219,  438,  429,  651,  913,  294,  421,  821,  655,  523,  727,  631,  498,  904,  569,  357,  812,  215,   92,  944,  415,  283,  276,  564,  516,  442,  180,  685,  727,  243,  818,  288,  118,  854,  796,  204,  804,  860,  519,   28,  647,  890,  235,  810,  285,  637,  899,  804,  498,   37,   71,  431,  252,  702,  510,  248,  892,  350,  301,  865,  237,  844,    0,  713,  667,  609,  629,  944,  151,  754,  780,  451,  306,  382,  564],
        [  250,  250,  133,   66,  441,  907,  557,  642,  375,  885, 1091,  820,  866,  565,  490,  244,  527,  406,  779,  367,  643,  587,  941,  753,  515,  700,  696,  626,  874,  807,  381,  541,  272,  655,  386,   62,  873,  226,  697,  809,  263,  680,  707,  112,  170,  799,  721,  715,  580,  872,  479,  753,  210,  186,  351,  231,  680,  652,  285,  720,  453,  301,  528,  338,  739,  604,  325,  862,  350,  713,    0,  308,  288,  997,  573,  793,  636,  687,  945,  913,  592,  974],
        [  235,  235,  190,  326,  468,  617,  590,  694,  230,  680,  853,  514,  711,  349,  209,   66,  267,  107,  498,  173,  355,  310,  778,  446,  536,  616,  407,  406,  726,  648,  125,  283,  319,  689,   79,  368,  743,  203,  772,  728,  223,  373,  573,  295,  457,  551,  685,  425,  301,  746,  197,  818,  105,  424,  138,  244,  644,  596,  310,  778,  146,  163,  424,  235,  546,  694,  208,  733,  179,  667,  308,    0,   62,  746,  323,  688,  329,  380,  744,  765,  390,  739],
        [  270,  270,  190,  295,  406,  621,  529,  632,  174,  649,  832,  547,  668,  315,  265,   61,  250,  159,  495,  123,  405,  303,  737,  472,  474,  561,  457,  375,  682,  606,   99,  265,  260,  628,  122,  346,  696,  234,  711,  674,  262,  404,  525,  299,  449,  532,  627,  428,  356,  698,  252,  756,   80,  428,  198,  186,  585,  539,  250,  716,  183,  102,  369,  286,  510,  633,  259,  685,  236,  609,  288,   62,    0,  730,  382,  636,  357,  407,  711,  721,  353,  717],
        [  977,  977,  918,  977,  753,  252,  775,  836,  627,  203,  119,  555,  357,  433,  737,  788,  481,  713,  275,  631,  702,  440,  335,  488,  746,  543,  708,  374,  377,  355,  631,  465,  795,  800,  696, 1044,  432,  947,  914,  556,  963,  538,  437, 1027, 1166,  199,  655,  358,  740,  442,  733,  914,  805, 1156,  833,  787,  648,  605,  774,  881,  652,  696,  554,  949,  307,  907,  925,  431,  878,  629,  997,  746,  730,    0,  816,  492,  535,  514,  204,  381,  415,   73],
        [  359,  359,  442,  614,  782,  603,  900, 1004,  522,  829,  934,  352,  911,  549,  125,  375,  440,  228,  541,  458,  131,  426,  963,  352,  845,  877,  163,  587,  931,  852,  386,  452,  641,  995,  270,  633,  962,  362, 1086,  982,  340,  284,  806,  505,  674,  656,  966,  459,   76,  967,  137, 1129,  414,  607,  224,  566,  928,  874,  631, 1087,  243,  476,  697,  271,  729, 1012,  268,  952,  228,  944,  573,  323,  382,  816,    0,  929,  281,  307,  889,  966,  596,  837],
        [  900,  900,  780,  745,  388,  637,  343,  369,  465,  290,  504,  843,  145,  382,  810,  690,  491,  728,  539,  516,  870,  521,  207,  744,  340,   98,  903,  355,  132,  140,  571,  481,  525,  331,  689,  817,   95,  862,  436,   68,  894,  741,  124,  872,  951,  411,  172,  572,  867,   90,  800,  428,  680,  979,  821,  566,  181,  165,  509,  398,  691,  546,  273,  921,  247,  451,  894,   88,  865,  151,  793,  688,  636,  492,  929,    0,  706,  722,  305,  156,  336,  424],
