{
    "name": "random-32-5235",
    "comment": "size=32 seed=5235",
    "nodes": ["+0", "-0", "+1", "-1", "+2", "-2", "+3", "-3", "+4", "-4", "+5", "-5", "+6", "-6", "+7", "-7", "+8", "-8", "+9", "-9", "+10", "-10", "+11", "-11", "+12", "-12", "+13", "-13", "+14", "-14", "+15", "-15", "+16", "-16", "+17", "-17", "+18", "-18", "+19", "-19", "+20", "-20", "+21", "-21", "+22", "-22", "+23", "-23", "+24", "-24", "+25", "-25", "+26", "-26", "+27", "-27", "+28", "-28", "+29", "-29", "+30", "-30", "+31", "-31", "+32", "-32"],
    "precedence": {
        "+0": "-0",
        "+1": "-1",
        "+2": "-2",
        "+3": "-3",
        "+4": "-4",
        "+5": "-5",
        "+6": "-6",
        "+7": "-7",
        "+8": "-8",
        "+9": "-9",
        "+10": "-10",
        "+11": "-11",
        "+12": "-12",
        "+13": "-13",
        "+14": "-14",
        "+15": "-15",
        "+16": "-16",
        "+17": "-17",
        "+18": "-18",
        "+19": "-19",
        "+20": "-20",
        "+21": "-21",
        "+22": "-22",
        "+23": "-23",
        "+24": "-24",
        "+25": "-25",
        "+26": "-26",
        "+27": "-27",
        "+28": "-28",
        "+29": "-29",
        "+30": "-30",
        "+31": "-31",
        "+32": "-32"
    },
    "edges": [
        [    0,    0,  584,  164,  663,  304,  477,  403,  295,  427,  395,  461,  757,  647,  429,  281,  356,  252,  261,  538,   36,  473,  175,  256,  399,  190,  449,  236,  488,  321,  659,  289,  604,  367,  215,  511,  575,  504,   78,  317,  288,  778,  627,  518,  512,  432,  512,  384,  222,  358,  288,  681,  643,  451,  218,  633,  287,  406,  322,  621,  564,  310,  638,  283,  480,  350],
        [    0,    0,  584,  164,  663,  304,  477,  403,  295,  427,  395,  461,  757,  647,  429,  281,  356,  252,  261,  538,   36,  473,  175,  256,  399,  190,  449,  236,  488,  321,  659,  289,  604,  367,  215,  511,  575,  504,   78,  317,  288,  778,  627,  518,  512,  432,  512,  384,  222,  358,  288,  681,  643,  451,  218,  633,  287,  406,  322,  621,  564,  310,  638,  283,  480,  350],
        [  584,  584,    0,  617,  401,  814,  114,  450,  868,  918,  531,  961,  373,  192,  283,  783,  938,  465,  786,  550,  610,  786,  683,  626,  402,  405,  566,  575,  883,  541,  331,  815,  651,  363,  749,  431,    9,   81,  617,  868,  546,  492,  956,  191,  897,  832,   76,  911,  683,  310,  347,  504,  164,  159,  367,  664,  822,  916,  456,  109,  309,  863,  454,  381,  410,  302],
        [  164,  164,  617,    0,  590,  198,  525,  307,  277,  557,  270,  584,  704,  630,  533,  168,  400,  397,  171,  416,  141,  310,  326,  419,  531,  224,  316,   95,  335,  478,  605,  415,  466,  489,  138,  644,  609,  545,   94,  257,  159,  697,  467,  600,  358,  278,  554,  499,  380,  464,  395,  584,  711,  514,  276,  494,  407,  529,  231,  626,  671,  411,  549,  248,  395,  330],
        [  663,  663,  401,  590,    0,  746,  435,  287,  864, 1083,  350, 1120,  137,  227,  613,  718,  987,  697,  740,  258,  671,  582,  824,  833,  713,  491,  342,  504,  706,  799,   78,  950,  329,  660,  721,  783,  403,  413,  647,  830,  443,  119,  717,  565,  709,  672,  418, 1046,  853,  598,  587,  111,  564,  481,  499,  328,  949, 1066,  360,  303,  690,  971,   79,  381,  196,  331],
        [  304,  304,  814,  198,  746,    0,  722,  461,  160,  566,  399,  579,  870,  816,  720,   32,  316,  556,   47,  529,  269,  283,  403,  530,  702,  420,  424,  253,  226,  618,  773,  435,  544,  667,   91,  814,  807,  743,  233,   95,  307,  841,  379,  794,  252,  185,  751,  489,  463,  649,  579,  717,  908,  711,  470,  571,  420,  529,  400,  819,  857,  399,  692,  440,  552,  523],
        [  477,  477,  114,  525,  435,  722,    0,  407,  765,  804,  481,  848,  440,  264,  189,  692,  828,  353,  691,  529,  505,  725,  570,  513,  304,  305,  524,  494,  812,  433,  376,  702,  632,  259,  652,  353,  105,   35,  515,  770,  475,  540,  899,  134,  828,  758,   39,  798,  569,  202,  234,  525,  194,   53,  262,  649,  709,  802,  393,  196,  258,  750,  472,  305,  390,  237],
        [  403,  403,  450,  307,  287,  461,  407,    0,  578,  830,   84,  864,  410,  381,  523,  432,  705,  513,  453,  151,  403,  343,  575,  616,  585,  269,  118,  217,  455,  617,  314,  691,  244,  531,  435,  683,  446,  408,  373,  544,  156,  391,  508,  530,  463,  411,  417,  784,  614,  476,  434,  281,  595,  429,  305,  268,  687,  808,   82,  410,  642,  703,  243,  156,   92,  178],
        [  295,  295,  868,  277,  864,  160,  765,  578,    0,  423,  529,  431,  980,  902,  722,  173,  157,  527,  138,  668,  263,  443,  318,  456,  678,  464,  563,  361,  377,  564,  881,  307,  695,  653,  144,  784,  860,  791,  252,   77,  424,  967,  528,  812,  402,  343,  799,  343,  374,  651,  581,  849,  936,  743,  504,  722,  289,  384,  506,  891,  853,  256,  818,  519,  669,  600],
        [  427,  427,  918,  557, 1083,  566,  804,  830,  423,    0,  818,   45, 1165, 1030,  667,  564,  297,  455,  526,  962,  430,  831,  259,  295,  566,  594,  868,  647,  791,  404, 1070,  143, 1021,  578,  500,  630,  909,  838,  469,  498,  707, 1200,  944,  781,  817,  748,  843,   84,  238,  615,  571, 1107,  912,  760,  595, 1050,  152,   41,  749,  986,  756,  168, 1063,  703,  906,  757],
        [  395,  395,  531,  270,  350,  399,  481,   84,  529,  818,    0,  848,  480,  464,  582,  372,  665,  544,  397,  146,  388,  260,  570,  629,  632,  298,   58,  176,  373,  645,  387,  676,  213,  579,  385,  736,  527,  485,  350,  486,  113,  443,  426,  600,  381,  331,  494,  765,  615,  529,  479,  321,  671,  499,  343,  240,  670,  793,  102,  493,  707,  679,  294,  201,  163,  247],
        [  461,  461,  961,  584, 1120,  579,  848,  864,  431,   45,  848,    0, 1204, 1072,  712,  580,  294,  499,  542,  993,  462,  850,  297,  340,  610,  632,  898,  676,  803,  449, 1109,  173, 1049,  623,  518,  674,  952,  881,  498,  507,  737, 1236,  956,  825,  829,  763,  886,   90,  280,  660,  615, 1142,  956,  804,  635, 1078,  178,   56,  782, 1028,  801,  182, 1098,  739,  941,  795],
        [  757,  757,  373,  704,  137,  870,  440,  410,  980, 1165,  480, 1204,    0,  182,  629,  841, 1095,  750,  861,  395,  769,  718,  908,  898,  739,  573,  476,  622,  842,  847,  100, 1038,  462,  690,  838,  792,  377,  411,  752,  951,  564,  141,  854,  558,  845,  806,  414, 1136,  929,  629,  633,  230,  524,  492,  571,  459, 1038, 1152,  475,  264,  680, 1066,  214,  476,  320,  410],
        [  647,  647,  192,  630,  227,  816,  264,  381,  902, 1030,  464, 1072,  182,    0,  453,  786,  999,  596,  798,  433,  665,  722,  780,  751,  567,  457,  481,  564,  836,  686,  150,  912,  525,  521,  768,  613,  196,  233,  658,  886,  517,  304,  879,  377,  844,  791,  235, 1011,  792,  461,  475,  337,  347,  317,  440,  531,  916, 1022,  421,   84,  498,  949,  294,  384,  310,  304],
        [  429,  429,  283,  533,  613,  720,  189,  523,  722,  667,  582,  712,  629,  453,    0,  692,  750,  220,  681,  664,  464,  793,  465,  373,  119,  319,  633,  536,  857,  269,  561,  587,  764,   90,  636,  171,  275,  221,  490,  746,  539,  724,  967,  114,  876,  800,  220,  676,  447,   72,  142,  695,  245,  137,  264,  785,  598,  672,  482,  381,  138,  647,  641,  382,  532,  347],
        [  281,  281,  783,  168,  718,   32,  692,  432,  173,  564,  372,  580,  841,  786,  692,    0,  327,  532,   39,  504,  246,  273,  390,  513,  676,  390,  399,  223,  231,  598,  744,  431,  524,  640,   73,  789,  776,  712,  207,  116,  278,  814,  383,  764,  257,  184,  721,  490,  450,  621,  551,  691,  877,  681,  441,  551,  417,  529,  370,  788,  829,  399,  665,  409,  523,  492],
        [  356,  356,  938,  400,  987,  316,  828,  705,  157,  297,  665,  294, 1095,  999,  750,  327,    0,  537,  290,  808,  334,  599,  294,  423,  683,  544,  705,  492,  530,  544,  996,  219,  843,  671,  285,  779,  929,  858,  344,  229,  556, 1095,  680,  853,  555,  498,  865,  214,  334,  683,  619,  983,  983,  798,  573,  871,  200,  256,  628,  977,  872,  148,  948,  622,  794,  697],
        [  252,  252,  465,  397,  697,  556,  353,  513,  527,  455,  544,  499,  750,  596,  220,  532,  537,    0,  513,  663,  287,  696,  247,  161,  152,  247,  601,  435,  731,  105,  665,  367,  752,  136,  467,  260,  456,  387,  327,  563,  464,  815,  861,  330,  754,  674,  391,  458,  228,  161,  121,  752,  463,  307,  210,  778,  378,  457,  446,  541,  336,  427,  700,  358,  559,  372],
        [  261,  261,  786,  171,  740,   47,  691,  453,  138,  526,  397,  542,  861,  798,  681,   39,  290,  513,    0,  533,  226,  312,  357,  484,  659,  387,  428,  239,  267,  573,  763,  393,  557,  625,   46,  771,  778,  713,  191,   91,  298,  839,  420,  758,  293,  223,  722,  452,  417,  610,  539,  718,  874,  677,  436,  585,  379,  490,  387,  796,  817,  360,  689,  417,  544,  500],
        [  538,  538,  550,  416,  258,  529,  529,  151,  668,  962,  146,  993,  395,  433,  664,  504,  808,  663,  533,    0,  532,  327,  712,  762,  733,  419,  105,  322,  454,  767,  317,  821,  103,  678,  525,  828,  547,  523,  496,  620,  258,  325,  460,  659,  454,  425,  532,  910,  755,  622,  582,  194,  706,  559,  455,  122,  815,  938,  223,  485,  776,  825,  185,  307,  141,  318],
        [   36,   36,  610,  141,  671,  269,  505,  403,  263,  430,  388,  462,  769,  665,  464,  246,  334,  287,  226,  532,    0,  448,  187,  282,  434,  211,  439,  221,  457,  354,  670,  290,  594,  402,  180,  546,  602,  532,   48,  283,  278,  784,  598,  550,  481,  401,  539,  381,  240,  392,  322,  683,  674,  481,  244,  623,  285,  406,  322,  644,  598,  302,  641,  294,  484,  365],
        [  473,  473,  786,  310,  582,  283,  725,  343,  443,  831,  260,  850,  718,  722,  793,  273,  599,  696,  312,  327,  448,    0,  626,  728,  817,  478,  245,  263,  129,  784,  632,  693,  300,  769,  332,  928,  781,  733,  400,  374,  256,  650,  175,  832,  128,  115,  743,  760,  683,  730,  668,  518,  918,  734,  532,  322,  680,  797,  333,  753,  927,  668,  511,  423,  415,  490],
        [  175,  175,  683,  326,  824,  403,  570,  575,  318,  259,  570,  297,  908,  780,  465,  390,  294,  247,  357,  712,  187,  626,    0,  138,  390,  336,  623,  407,  617,  253,  812,  133,  779,  382,  317,  486,  674,  602,  233,  374,  462,  941,  766,  572,  643,  566,  608,  232,   61,  401,  343,  850,  704,  532,  341,  807,  139,  244,  495,  741,  581,  183,  805,  444,  649,  499],
        [  256,  256,  626,  419,  833,  530,  513,  616,  456,  295,  629,  340,  898,  751,  373,  513,  423,  161,  484,  762,  282,  728,  138,    0,  278,  351,  685,  486,  735,  123,  808,  225,  841,  284,  441,  361,  617,  547,  330,  509,  531,  952,  879,  486,  760,  681,  551,  306,   89,  321,  281,  876,  618,  468,  334,  868,  239,  300,  540,  700,  471,  293,  827,  468,  676,  503],
        [  399,  399,  402,  531,  713,  702,  304,  585,  678,  566,  632,  610,  739,  567,  119,  676,  683,  152,  659,  733,  434,  817,  390,  278,    0,  343,  688,  554,  864,  162,  666,  501,  829,   56,  614,  114,  394,  337,  470,  713,  571,  827,  987,  228,  886,  807,  337,  584,  361,  116,  154,  786,  352,  251,  292,  852,  514,  575,  531,  498,  194,  566,  732,  433,  610,  418],
        [  190,  190,  405,  224,  491,  420,  305,  269,  464,  594,  298,  632,  573,  457,  319,  390,  544,  247,  387,  419,  211,  478,  336,  351,  343,    0,  355,  218,  539,  350,  477,  465,  506,  293,  347,  452,  397,  328,  213,  466,  228,  608,  650,  377,  558,  482,  337,  563,  363,  254,  192,  526,  488,  291,   56,  532,  466,  579,  200,  433,  456,  495,  477,  117,  326,  164],
        [  449,  449,  566,  316,  342,  424,  524,  118,  563,  868,   58,  898,  476,  481,  633,  399,  705,  601,  428,  105,  439,  245,  623,  685,  688,  355,    0,  223,  366,  702,  388,  727,  157,  634,  421,  790,  562,  525,  400,  515,  162,  422,  399,  646,  370,  331,  534,  813,  669,  583,  534,  295,  712,  545,  399,  185,  720,  842,  157,  519,  756,  727,  276,  255,  172,  293],
        [  236,  236,  575,   95,  504,  253,  494,  217,  361,  647,  176,  676,  622,  564,  536,  223,  492,  435,  239,  322,  221,  263,  407,  486,  554,  218,  223,    0,  323,  527,  524,  505,  375,  507,  218,  666,  568,  509,  179,  330,   65,  607,  434,  587,  342,  267,  519,  591,  458,  471,  407,  492,  686,  493,  273,  403,  498,  620,  148,  569,  672,  505,  458,  195,  308,  276],
        [  488,  488,  883,  335,  706,  226,  812,  455,  377,  791,  373,  803,  842,  836,  857,  231,  530,  731,  267,  454,  457,  129,  617,  735,  864,  539,  366,  323,    0,  808,  754,  660,  427,  821,  302,  977,  878,  824,  411,  302,  339,  777,  154,  909,   27,   58,  834,  714,  677,  790,  723,  646, 1005,  815,  594,  448,  645,  754,  429,  860,  994,  624,  637,  508,  533,  583],
        [  321,  321,  541,  478,  799,  618,  433,  617,  564,  404,  645,  449,  847,  686,  269,  598,  544,  105,  573,  767,  354,  784,  253,  123,  162,  350,  702,  527,  808,    0,  764,  347,  855,  181,  528,  238,  532,  467,  398,  610,  561,  916,  945,  383,  832,  752,  470,  426,  212,  231,  215,  856,  511,  383,  315,  881,  362,  415,  549,  626,  353,  416,  804,  462,  663,  476],
        [  659,  659,  331,  605,   78,  773,  376,  314,  881, 1070,  387, 1109,  100,  150,  561,  744,  996,  665,  763,  317,  670,  632,  812,  808,  666,  477,  388,  524,  754,  764,    0,  941,  397,  615,  740,  728,  333,  351,  652,  853,  467,  165,  776,  503,  758,  716,  356, 1039,  836,  552,  550,  189,  492,  425,  478,  399,  942, 1056,  376,  229,  628,  968,  152,  377,  225,  314],
        [  289,  289,  815,  415,  950,  435,  702,  691,  307,  143,  676,  173, 1038,  912,  587,  431,  219,  367,  393,  821,  290,  693,  133,  225,  501,  465,  727,  505,  660,  347,  941,    0,  879,  500,  364,  585,  806,  734,  327,  378,  565, 1066,  813,  697,  686,  615,  740,   99,  141,  527,  472,  970,  829,  662,  473,  908,   20,  118,  610,  874,  694,   73,  926,  569,  769,  628],
        [  604,  604,  651,  466,  329,  544,  632,  244,  695, 1021,  213, 1049,  462,  525,  764,  524,  843,  752,  557,  103,  594,  300,  779,  841,  829,  506,  157,  375,  427,  855,  397,  879,    0,  774,  558,  926,  649,  626,  553,  638,  317,  367,  400,  761,  421,  410,  634,  964,  825,  720,  677,  239,  808,  661,  546,   29,  872,  994,  307,  582,  878,  876,  250,  398,  243,  418],
        [  367,  367,  363,  489,  660,  667,  259,  531,  653,  578,  579,  623,  690,  521,   90,  640,  671,  136,  625,  678,  402,  769,  382,  284,   56,  293,  634,  507,  821,  181,  615,  500,  774,    0,  580,  160,  355,  293,  435,  683,  521,  775,  941,  204,  842,  763,  294,  589,  360,   63,  102,  732,  334,  208,  241,  798,  512,  584,  478,  454,  202,  562,  678,  379,  555,  363],
        [  215,  215,  749,  138,  721,   91,  652,  435,  144,  500,  385,  518,  838,  768,  636,   73,  285,  467,   46,  525,  180,  332,  317,  441,  614,  347,  421,  218,  302,  528,  740,  364,  558,  580,    0,  725,  741,  674,  147,  121,  280,  823,  452,  715,  328,  253,  683,  429,  377,  565,  495,  705,  833,  636,  394,  586,  350,  466,  364,  762,  773,  337,  674,  385,  525,  467],
        [  511,  511,  431,  644,  783,  814,  353,  683,  784,  630,  736,  674,  792,  613,  171,  789,  779,  260,  771,  828,  546,  928,  486,  361,  114,  452,  790,  666,  977,  238,  728,  585,  926,  160,  725,    0,  424,  382,  583,  822,  680,  892, 1099,  241,  999,  920,  379,  660,  449,  208,  261,  865,  338,  303,  400,  949,  600,  646,  635,  536,  147,  653,  811,  535,  699,  511],
        [  575,  575,    9,  609,  403,  807,  105,  446,  860,  909,  527,  952,  377,  196,  275,  776,  929,  456,  778,  547,  602,  781,  674,  617,  394,  397,  562,  568,  878,  532,  333,  806,  649,  355,  741,  424,    0,   73,  609,  860,  540,  495,  951,  184,  891,  826,   67,  902,  674,  302,  338,  505,  163,  150,  358,  662,  813,  907,  450,  115,  303,  854,  455,  374,  408,  296],
        [  504,  504,   81,  545,  413,  743,   35,  408,  791,  838,  485,  881,  411,  233,  221,  712,  858,  387,  713,  523,  532,  733,  602,  547,  337,  328,  525,  509,  824,  467,  351,  734,  626,  293,  674,  382,   73,    0,  540,  793,  486,  515,  906,  153,  839,  771,   10,  831,  603,  237,  268,  506,  187,   86,  288,  641,  741,  835,  401,  162,  278,  782,  454,  317,  383,  244],
        [   78,   78,  617,   94,  647,  233,  515,  373,  252,  469,  350,  498,  752,  658,  490,  207,  344,  327,  191,  496,   48,  400,  233,  330,  470,  213,  400,  179,  411,  398,  652,  327,  553,  435,  147,  583,  609,  540,    0,  259,  239,  759,  551,  571,  435,  355,  548,  415,  287,  419,  348,  653,  691,  495,  254,  582,  320,  443,  293,  642,  627,  331,  614,  278,  457,  355],
        [  317,  317,  868,  257,  830,   95,  770,  544,   77,  498,  486,  507,  951,  886,  746,  116,  229,  563,   91,  620,  283,  374,  374,  509,  713,  466,  515,  330,  302,  610,  853,  378,  638,  683,  121,  822,  860,  793,  259,    0,  388,  928,  453,  829,  327,  270,  802,  419,  433,  674,  604,  806,  949,  753,  511,  665,  361,  460,  477,  882,  880,  331,  779,  504,  635,  587],
        [  288,  288,  546,  159,  443,  307,  475,  156,  424,  707,  113,  737,  564,  517,  539,  278,  556,  464,  298,  258,  278,  256,  462,  531,  571,  228,  162,   65,  339,  561,  467,  565,  317,  521,  280,  680,  540,  486,  239,  388,    0,  544,  430,  578,  354,  287,  495,  653,  510,  478,  419,  428,  668,  480,  281,  345,  559,  681,   97,  530,  672,  567,  395,  170,  247,  244],
        [  778,  778,  492,  697,  119,  841,  540,  391,  967, 1200,  443, 1236,  141,  304,  724,  814, 1095,  815,  839,  325,  784,  650,  941,  952,  827,  608,  422,  607,  777,  916,  165, 1066,  367,  775,  823,  892,  495,  515,  759,  928,  544,    0,  767,  667,  776,  749,  520, 1162,  970,  712,  704,  132,  650,  589,  618,  357, 1064, 1182,  468,  386,  792, 1085,  150,  498,  303,  450],
        [  627,  627,  956,  467,  717,  379,  899,  508,  528,  944,  426,  956,  854,  879,  967,  383,  680,  861,  420,  460,  598,  175,  766,  879,  987,  650,  399,  434,  154,  945,  776,  813,  400,  941,  452, 1099,  951,  906,  551,  453,  430,  767,    0, 1007,  128,  201,  915,  867,  825,  904,  840,  637, 1091,  908,  705,  413,  798,  907,  506,  917, 1101,  777,  641,  598,  570,  663],
        [  518,  518,  191,  600,  565,  794,  134,  530,  812,  781,  600,  825,  558,  377,  114,  764,  853,  330,  758,  659,  550,  832,  572,  486,  228,  377,  646,  587,  909,  383,  503,  697,  761,  204,  715,  241,  184,  153,  571,  829,  578,  667, 1007,    0,  927,  853,  148,  788,  558,  172,  235,  657,  133,  102,  324,  779,  707,  785,  506,  298,  126,  755,  604,  410,  520,  354],
        [  512,  512,  897,  358,  709,  252,  828,  463,  402,  817,  381,  829,  845,  844,  876,  257,  555,  754,  293,  454,  481,  128,  643,  760,  886,  558,  370,  342,   27,  832,  758,  686,  421,  842,  328,  999,  891,  839,  435,  327,  354,  776,  128,  927,    0,   81,  848,  740,  703,  810,  744,  645, 1021,  831,  613,  441,  671,  780,  441,  870, 1013,  650,  638,  523,  539,  597],
        [  432,  432,  832,  278,  672,  185,  758,  411,  343,  748,  331,  763,  806,  791,  800,  184,  498,  674,  223,  425,  401,  115,  566,  681,  807,  482,  331,  267,   58,  752,  716,  615,  410,  763,  253,  920,  826,  771,  355,  270,  287,  749,  201,  853,   81,    0,  781,  673,  625,  733,  666,  619,  951,  759,  537,  434,  601,  712,  379,  812,  937,  582,  606,  454,  493,  531],
        [  512,  512,   76,  554,  418,  751,   39,  417,  799,  843,  494,  886,  414,  235,  220,  721,  865,  391,  722,  532,  539,  743,  608,  551,  337,  337,  534,  519,  834,  470,  356,  740,  634,  294,  683,  379,   67,   10,  548,  802,  495,  520,  915,  148,  848,  781,    0,  836,  608,  239,  272,  513,  178,   88,  296,  650,  747,  840,  410,  162,  273,  788,  461,  327,  391,  253],
        [  384,  384,  911,  499, 1046,  489,  798,  784,  343,   84,  765,   90, 1136, 1011,  676,  490,  214,  458,  452,  910,  381,  760,  232,  306,  584,  563,  813,  591,  714,  426, 1039,   99,  964,  589,  429,  660,  902,  831,  415,  419,  653, 1162,  867,  788,  740,  673,  836,    0,  231,  619,  567, 1064,  920,  757,  572,  992,   98,   43,  703,  972,  777,   92, 1021,  666,  864,  726],
        [  222,  222,  683,  380,  853,  463,  569,  614,  374,  238,  615,  280,  929,  792,  447,  450,  334,  228,  417,  755,  240,  683,   61,   89,  361,  363,  669,  458,  677,  212,  836,  141,  825,  360,  377,  449,  674,  603,  287,  433,  510,  970,  825,  558,  703,  625,  608,  231,    0,  388,  337,  885,  690,  528,  359,  854,  154,  233,  535,  748,  554,  206,  838,  476,  683,  523],
        [  358,  358,  310,  464,  598,  649,  202,  476,  651,  615,  529,  660,  629,  461,   72,  621,  683,  161,  610,  622,  392,  730,  401,  321,  116,  254,  583,  471,  790,  231,  552,  527,  720,   63,  565,  208,  302,  237,  419,  674,  478,  712,  904,  172,  810,  733,  239,  619,  388,    0,   71,  670,  304,  152,  199,  742,  537,  618,  428,  397,  209,  584,  617,  328,  496,  305],
        [  288,  288,  347,  395,  587,  579,  234,  434,  581,  571,  479,  615,  633,  475,  142,  551,  619,  121,  539,  582,  322,  668,  343,  281,  154,  192,  534,  407,  723,  215,  550,  472,  677,  102,  495,  261,  338,  268,  348,  604,  419,  704,  840,  235,  744,  666,  272,  567,  337,   71,    0,  650,  365,  191,  139,  701,  481,  570,  378,  420,  279,  526,  597,  280,  465,  273],
        [  681,  681,  504,  584,  111,  717,  525,  281,  849, 1107,  321, 1142,  230,  337,  695,  691,  983,  752,  718,  194,  683,  518,  850,  876,  786,  526,  295,  492,  646,  856,  189,  970,  239,  732,  705,  865,  505,  506,  653,  806,  428,  132,  637,  657,  645,  619,  513, 1064,  885,  670,  650,    0,  667,  568,  546,  232,  967, 1087,  362,  411,  782,  983,   55,  410,  202,  380],
        [  643,  643,  164,  711,  564,  908,  194,  595,  936,  912,  671,  956,  524,  347,  245,  877,  983,  463,  874,  706,  674,  918,  704,  618,  352,  488,  712,  686, 1005,  511,  492,  829,  808,  334,  833,  338,  163,  187,  691,  949,  668,  650, 1091,  133, 1021,  951,  178,  920,  690,  304,  365,  667,    0,  197,  439,  822,  840,  917,  586,  265,  193,  887,  617,  498,  565,  429],
        [  451,  451,  159,  514,  481,  711,   53,  429,  743,  760,  499,  804,  492,  317,  137,  681,  798,  307,  677,  559,  481,  734,  532,  468,  251,  291,  545,  493,  815,  383,  425,  662,  661,  208,  636,  303,  150,   86,  495,  753,  480,  589,  908,  102,  831,  759,   88,  757,  528,  152,  191,  568,  197,    0,  242,  680,  670,  760,  406,  247,  219,  714,  514,  311,  421,  253],
        [  218,  218,  367,  276,  499,  470,  262,  305,  504,  595,  343,  635,  571,  440,  264,  441,  573,  210,  436,  455,  244,  532,  341,  334,  292,   56,  399,  273,  594,  315,  478,  473,  546,  241,  394,  400,  358,  288,  254,  511,  281,  618,  705,  324,  613,  537,  296,  572,  359,  199,  139,  546,  439,  242,    0,  571,  476,  584,  242,  407,  400,  511,  495,  149,  350,  169],
        [  633,  633,  664,  494,  328,  571,  649,  268,  722, 1050,  240, 1078,  459,  531,  785,  551,  871,  778,  585,  122,  623,  322,  807,  868,  852,  532,  185,  403,  448,  881,  399,  908,   29,  798,  586,  949,  662,  641,  582,  665,  345,  357,  413,  779,  441,  434,  650,  992,  854,  742,  701,  232,  822,  680,  571,    0,  900, 1023,  333,  591,  897,  904,  250,  423,  260,  439],
        [  287,  287,  822,  407,  949,  420,  709,  687,  289,  152,  670,  178, 1038,  916,  598,  417,  200,  378,  379,  815,  285,  680,  139,  239,  514,  466,  720,  498,  645,  362,  942,   20,  872,  512,  350,  600,  813,  741,  320,  361,  559, 1064,  798,  707,  671,  601,  747,   98,  154,  537,  481,  967,  840,  670,  476,  900,    0,  123,  606,  879,  707,   55,  924,  568,  766,  629],
        [  406,  406,  916,  529, 1066,  529,  802,  808,  384,   41,  793,   56, 1152, 1022,  672,  529,  256,  457,  490,  938,  406,  797,  244,  300,  575,  579,  842,  620,  754,  415, 1056,  118,  994,  584,  466,  646,  907,  835,  443,  460,  681, 1182,  907,  785,  780,  712,  840,   43,  233,  618,  570, 1087,  917,  760,  584, 1023,  123,    0,  727,  980,  767,  131, 1043,  685,  886,  743],
        [  322,  322,  456,  231,  360,  400,  393,   82,  506,  749,  102,  782,  475,  421,  482,  370,  628,  446,  387,  223,  322,  333,  495,  540,  531,  200,  157,  148,  429,  549,  376,  610,  307,  478,  364,  635,  450,  401,  293,  477,   97,  468,  506,  506,  441,  379,  410,  703,  535,  428,  378,  362,  586,  406,  242,  333,  606,  727,    0,  435,  609,  622,  322,  101,  166,  158],
        [  621,  621,  109,  626,  303,  819,  196,  410,  891,  986,  493, 1028,  264,   84,  381,  788,  977,  541,  796,  485,  644,  753,  741,  700,  498,  433,  519,  569,  860,  626,  229,  874,  582,  454,  762,  536,  115,  162,  642,  882,  530,  386,  917,  298,  870,  812,  162,  972,  748,  397,  420,  411,  265,  247,  407,  591,  879,  980,  435,    0,  417,  916,  364,  380,  351,  297],
        [  564,  564,  309,  671,  690,  857,  258,  642,  853,  756,  707,  801,  680,  498,  138,  829,  872,  336,  817,  776,  598,  927,  581,  471,  194,  456,  756,  672,  994,  353,  628,  694,  878,  202,  773,  147,  303,  278,  627,  880,  672,  792, 1101,  126, 1013,  937,  273,  777,  554,  209,  279,  782,  193,  219,  400,  897,  707,  767,  609,  417,    0,  758,  729,  510,  640,  465],
        [  310,  310,  863,  411,  971,  399,  750,  703,  256,  168,  679,  182, 1066,  949,  647,  399,  148,  427,  360,  825,  302,  668,  183,  293,  566,  495,  727,  505,  624,  416,  968,   73,  876,  562,  337,  653,  854,  782,  331,  331,  567, 1085,  777,  755,  650,  582,  788,   92,  206,  584,  526,  983,  887,  714,  511,  904,   55,  131,  622,  916,  758,    0,  942,  592,  785,  658],
        [  638,  638,  454,  549,   79,  692,  472,  243,  818, 1063,  294, 1098,  214,  294,  641,  665,  948,  700,  689,  185,  641,  511,  805,  827,  732,  477,  276,  458,  637,  804,  152,  926,  250,  678,  674,  811,  455,  454,  614,  779,  395,  150,  641,  604,  638,  606,  461, 1021,  838,  617,  597,   55,  617,  514,  495,  250,  924, 1043,  322,  364,  729,  942,    0,  363,  158,  328],
        [  283,  283,  381,  248,  381,  440,  305,  156,  519,  703,  201,  739,  476,  384,  382,  409,  622,  358,  417,  307,  294,  423,  444,  468,  433,  117,  255,  195,  508,  462,  377,  569,  398,  379,  385,  535,  374,  317,  278,  504,  170,  498,  598,  410,  523,  454,  327,  666,  476,  328,  280,  410,  498,  311,  149,  423,  568,  685,  101,  380,  510,  592,  363,    0,  209,   84],
        [  480,  480,  410,  395,  196,  552,  390,   92,  669,  906,  163,  941,  320,  310,  532,  523,  794,  559,  544,  141,  484,  415,  649,  676,  610,  326,  172,  308,  533,  663,  225,  769,  243,  555,  525,  699,  408,  383,  457,  635,  247,  303,  570,  520,  539,  493,  391,  864,  683,  496,  465,  202,  565,  421,  350,  260,  766,  886,  166,  351,  640,  785,  158,  209,    0,  193],
        [  350,  350,  302,  330,  331,  523,  237,  178,  600,  757,  247,  795,  410,  304,  347,  492,  697,  372,  500,  318,  365,  490,  499,  503,  418,  164,  293,  276,  583,  476,  314,  628,  418,  363,  467,  511,  296,  244,  355,  587,  244,  450,  663,  354,  597,  531,  253,  726,  523,  305,  273,  380,  429,  253,  169,  439,  629,  743,  158,  297,  465,  658,  328,   84,  193,    0]
    ]
}
