{
    "name": "random-79-9724",
    "comment": "size=79 seed=9724",
    "nodes": ["+0", "-0", "+1", "-1", "+2", "-2", "+3", "-3", "+4", "-4", "+5", "-5", "+6", "-6", "+7", "-7", "+8", "-8", "+9", "-9", "+10", "-10", "+11", "-11", "+12", "-12", "+13", "-13", "+14", "-14", "+15", "-15", "+16", "-16", "+17", "-17", "+18", "-18", "+19", "-19", "+20", "-20", "+21", "-21", "+22", "-22", "+23", "-23", "+24", "-24", "+25", "-25", "+26", "-26", "+27", "-27", "+28", "-28", "+29", "-29", "+30", "-30", "+31", "-31", "+32", "-32", "+33", "-33", "+34", "-34", "+35", "-35", "+36", "-36", "+37", "-37", "+38", "-38", "+39", "-39", "+40", "-40", "+41", "-41", "+42", "-42", "+43", "-43", "+44", "-44", "+45", "-45", "+46", "-46", "+47", "-47", "+48", "-48", "+49", "-49", "+50", "-50", "+51", "-51", "+52", "-52", "+53", "-53", "+54", "-54", "+55", "-55", "+56", "-56", "+57", "-57", "+58", "-58", "+59", "-59", "+60", "-60", "+61", "-61", "+62", "-62", "+63", "-63", "+64", "-64", "+65", "-65", "+66", "-66", "+67", "-67", "+68", "-68", "+69", "-69", "+70", "-70", "+71", "-71", "+72", "-72", "+73", "-73", "+74", "-74", "+75", "-75", "+76", "-76", "+77", "-77", "+78", "-78", "+79", "-79"],
    "precedence": {
        "+0": "-0",
        "+1": "-1",
        "+2": "-2",
        "+3": "-3",
        "+4": "-4",
        "+5": "-5",
        "+6": "-6",
        "+7": "-7",
        "+8": "-8",
        "+9": "-9",
        "+10": "-10",
        "+11": "-11",
        "+12": "-12",
        "+13": "-13",
        "+14": "-14",
        "+15": "-15",
        "+16": "-16",
        "+17": "-17",
        "+18": "-18",
        "+19": "-19",
        "+20": "-20",
        "+21": "-21",
        "+22": "-22",
        "+23": "-23",
        "+24": "-24",
        "+25": "-25",
        "+26": "-26",
        "+27": "-27",
        "+28": "-28",
        "+29": "-29",
        "+30": "-30",
        "+31": "-31",
        "+32": "-32",
        "+33": "-33",
        "+34": "-34",
        "+35": "-35",
        "+36": "-36",
        "+37": "-37",
        "+38": "-38",
        "+39": "-39",
        "+40": "-40",
        "+41": "-41",
        "+42": "-42",
        "+43": "-43",
        "+44": "-44",
        "+45": "-45",
        "+46": "-46",
        "+47": "-47",
        "+48": "-48",
        "+49": "-49",
        "+50": "-50",
        "+51": "-51",
        "+52": "-52",
        "+53": "-53",
        "+54": "-54",
        "+55": "-55",
        "+56": "-56",
        "+57": "-57",
        "+58": "-58",
        "+59": "-59",
        "+60": "-60",
        "+61": "-61",
        "+62": "-62",
        "+63": "-63",
        "+64": "-64",
        "+65": "-65",
        "+66": "-66",
        "+67": "-67",
        "+68": "-68",
        "+69": "-69",
        "+70": "-70",
        "+71": "-71",
        "+72": "-72",
        "+73": "-73",
        "+74": "-74",
        "+75": "-75",
        "+76": "-76",
        "+77": "-77",
        "+78": "-78",
        "+79": "-79"
    },
    "edges": [
        [    0,    0,  663,  111,  670,  907,  769,  830,  222,  592,  101,  846,  673,  118,  618,  750,  773,  595,  597,  666,  720,  306,  209,  380,  517,  477,  870,  633,  235,  537,  463,  466,  807,  293,  178,  129,  458,  407,  363,  215,  494,  494,  146,  571,  716,  487,  398,  239,  791,  741,  560,  209,  670,   27,  356,  672,  879,  300,  277,  576,   29,   91,  548,  181,  565,  606,  335,  568,  158,  201,  852,  737,  252,  184,  821,  198,  288,  335,  355,  486,  608,  879,  127,  235,  100,  639,  285, 1032,  350,  422,  165,  787,  257,  506,  773,  681,  752,  490,  295,  345,  169,  466,  884,  662,  216,  393,  235,  602,  729,  534,  720,  619,  308,  186,  559,  463,  764,  682,   88,  620,  671,  516,  556,  773,  599,  554,  592,  693,  749,  793,  370,  675,  643,  998,  509,  569,  738,  262,  671,  713,  655,  182,  336,  435,  357,  245,  572,  532,  430,  467,  288,  663,  243,  833,  508,  688,  689,  426,  155,  765],
        [    0,    0,    0,    0,    0,    0,    0,    0,    0,    0,    0,    0,    0,    0,    0,    0,    0,    0,    0,    0,    0,    0,    0,    0,    0,    0,    0,    0,    0,    0,    0,    0,    0,    0,    0,    0,    0,    0,    0,    0,    0,    0,    0,    0,    0,    0,    0,    0,    0,    0,    0,    0,    0,    0,    0,    0,    0,    0,    0,    0,    0,    0,    0,    0,    0,    0,    0,    0,    0,    0,    0,    0,    0,    0,    0,    0,    0,    0,    0,    0,    0,    0,    0,    0,    0,    0,    0,    0,    0,    0,    0,    0,    0,    0,    0,    0,    0,    0,    0,    0,    0,    0,    0,    0,    0,    0,    0,    0,    0,    0,    0,    0,    0,    0,    0,    0,    0,    0,    0,    0,    0,    0,    0,    0,    0,    0,    0,    0,    0,    0,    0,    0,    0,    0,    0,    0,    0,    0,    0,    0,    0,    0,    0,    0,    0,    0,    0,    0,    0,    0,    0,    0,    0,    0,    0,    0,    0,    0,    0,    0],
        [  663,    0,    0,  773,   96,  357,  610,  350,  628,  769,  699,  224,  451,  629,  257,  425,  529,  251,  809,  258,  926,  954,  484,  667,  640,  228,  460,  281,  579,  297,  234,  335,  503,  407,  555,  742,  379,  298,  591,  748,  320,  262,  679,  759,  239,  529,  458,  728,  232,  741,  130,  689,  417,  666,  817,  220,  445,  418,  940,  429,  649,  605,  781,  823,  647,  293,  760,  515,  506,  811,  488,  174,  901,  731,  390,  481,  656,  453,  729,  353,   82,  479,  584,  695,  738,  237,  926,  465,  314,  721,  641,  466,  437,  160,  525,  276,   95,  558,  864,  382,  607,  198,  423,  142,  753,  284,  630,  474,  578,  346,  393,  289,  954,  493,  557,  646,  902,  585,  748,  513,   38,  470,  557,  248,  753,  274,  380,  312,  567,  421,  296,  151,  880,  416,  468,  330,  373,  924,  251,  429,  591,  485,  328,  238,  491,  489,  633,  615,  261,  295,  679,  794,  906,  200,  474,  268,  477,  636,  754,  580],
        [  111,    0,  773,    0,  780, 1015,  854,  937,  266,  641,  137,  956,  752,  197,  724,  850,  866,  693,  639,  773,  753,  200,  315,  436,  584,  586,  972,  739,  296,  643,  568,  571,  903,  392,  273,  128,  546,  516,  414,  201,  599,  594,  172,  621,  816,  571,  493,  266,  900,  807,  667,  252,  768,  114,  364,  772,  982,  396,  170,  656,  125,  189,  591,   92,  634,  711,  361,  655,  267,  166,  952,  841,  166,  203,  925,  301,  345,  433,  392,  576,  718,  980,  211,  277,   93,  747,  185, 1140,  460,  467,  231,  885,  365,  615,  866,  787,  860,  549,  264,  441,  230,  576,  989,  767,  227,  499,  277,  677,  815,  624,  821,  724,  204,  288,  640,  527,  807,  765,   27,  709,  780,  590,  637,  882,  653,  651,  692,  798,  837,  895,  480,  779,  676, 1106,  583,  672,  840,  156,  779,  796,  737,  289,  446,  545,  431,  345,  644,  604,  540,  574,  337,  715,  137,  943,  581,  795,  783,  490,  151,  853],
        [  670,    0,   96,  780,    0,  282,  519,  259,  666,  701,  692,  178,  542,  620,  172,  331,  436,  338,  743,  165,  854,  970,  475,  620,  574,  200,  366,  193,  618,  229,  288,  282,  408,  442,  541,  734,  448,  275,  648,  779,  261,  332,  705,  693,  334,  464,  409,  703,  151,  657,  200,  666,  327,  669,  781,  315,  353,  457,  944,  513,  659,  602,  719,  839,  576,  210,  723,  439,  515,  799,  393,  267,  896,  714,  296,  503,  621,  417,  688,  426,   70,  386,  606,  668,  735,  148,  944,  399,  327,  671,  624,  371,  426,  196,  432,  182,  158,  630,  841,  428,  637,  215,  333,  237,  732,  319,  669,  559,  489,  426,  299,  203,  971,  513,  483,  588,  825,  499,  756,  431,  133,  547,  484,  160,  684,  357,  298,  218,  476,  326,  303,  247,  813,  354,  544,  253,  278,  926,  157,  523,  508,  499,  340,  236,  547,  469,  560,  547,  243,  248,  645,  720,  909,  164,  550,  174,  387,  582,  743,  489],
        [  907,    0,  357, 1015,  282,    0,  459,  103,  936,  757,  908,  158,  802,  835,  293,  267,  360,  607,  803,  245,  884, 1212,  701,  753,  653,  437,  190,  284,  890,  379,  569,  453,  302,  714,  753,  947,  729,  502,  928, 1043,  424,  612,  965,  756,  568,  563,  564,  883,  131,  637,  479,  855,  332,  901,  933,  564,  161,  732, 1170,  785,  902,  828,  795, 1085,  633,  314,  875,  498,  760, 1002,  243,  486, 1108,  910,  155,  762,  786,  601,  832,  707,  350,  207,  864,  849,  956,  269, 1190,  125,  588,  791,  826,  276,  651,  476,  356,  234,  352,  911, 1023,  706,  902,  486,  125,  489,  921,  595,  940,  830,  451,  702,  265,  301, 1215,  772,  543,  690,  829,  491,  994,  459,  386,  825,  546,  136,  734,  631,  371,  236,  423,  220,  560,  493,  866,   96,  823,  363,  230, 1151,  238,  773,  516,  753,  598,  492,  827,  678,  613,  619,  483,  442,  810,  748, 1134,  186,  829,  224,  372,  699,  950,  426],
        [  769,    0,  610,  854,  519,  459,    0,  363,  903,  348,  719,  556, 1014,  659,  356,  205,  100,  812,  391,  354,  441, 1047,  585,  450,  299,  479,  281,  330,  873,  352,  688,  377,  159,  731,  592,  743,  847,  482,  966,  967,  364,  757,  885,  356,  844,  284,  378,  628,  462,  183,  662,  620,  194,  751,  621,  816,  309,  757,  966,  956,  778,  678,  402,  942,  255,  323,  574,  202,  676,  768,  227,  784,  879,  680,  306,  722,  526,  445,  526,  842,  540,  270,  794,  601,  768,  374, 1038,  532,  604,  457,  624,  185,  554,  607,  104,  339,  672, 1014,  746,  757,  850,  577,  343,  743,  675,  661,  913, 1004,   43,  864,  227,  324, 1053,  725,  215,  357,  376,   90,  842,  153,  648,  959,  218,  424,  323,  811,  251,  305,   44,  242,  575,  755,  441,  538,  954,  305,  257,  945,  363, 1010,  122,  693,  603,  539,  881,  534,  237,  268,  500,  411,  543,  313,  934,  572,  958,  349,  135,  386,  733,   34],
        [  830,    0,  350,  937,  259,  103,  363,    0,  878,  655,  824,  205,  800,  751,  214,  165,  264,  597,  700,  166,  782, 1135,  622,  655,  551,  373,  118,  198,  834,  295,  533,  367,  210,  660,  669,  861,  699,  430,  885,  979,  339,  586,  899,  654,  580,  463,  471,  790,  128,  539,  457,  764,  230,  823,  836,  568,   98,  681, 1087,  771,  827,  748,  692, 1010,  530,  227,  778,  395,  688,  913,  163,  503, 1021,  821,   60,  699,  692,  514,  734,  681,  319,  139,  798,  757,  872,  196, 1115,  213,  529,  690,  739,  180,  574,  438,  260,  150,  371,  882,  929,  659,  840,  438,   74,  490,  830,  547,  884,  818,  351,  684,  162,  213, 1138,  707,  441,  589,  729,  389,  917,  356,  384,  802,  444,  102,  632,  615,  272,  142,  325,  122,  499,  497,  764,  196,  800,  271,  128, 1067,  162,  778,  414,  685,  537,  434,  785,  594,  510,  516,  417,  364,  715,  646, 1051,  228,  805,  143,  270,  599,  862,  330],
        [  222,    0,  628,  266,  666,  936,  903,  878,    0,  786,  322,  841,  499,  320,  670,  837,  885,  481,  798,  715,  925,  370,  322,  576,  692,  506,  943,  693,   50,  606,  396,  548,  906,  224,  342,  348,  313,  456,  148,  127,  571,  394,   96,  766,  605,  636,  528,  458,  808,  910,  503,  423,  766,  247,  576,  564,  945,  211,  411,  404,  194,  277,  749,  255,  736,  671,  552,  705,  229,  414,  938,  648,  432,  405,  883,  185,  489,  460,  565,  347,  597,  956,  118,  449,  314,  683,  335, 1059,  349,  625,  370,  879,  350,  473,  884,  733,  701,  283,  511,  248,   59,  452,  942,  580,  437,  348,   13,  419,  861,  391,  802,  682,  366,  180,  708,  645,  961,  823,  244,  751,  623,  333,  705,  801,  790,  435,  686,  755,  875,  871,  379,  589,  850, 1017,  327,  649,  811,  405,  717,  547,  802,  211,  341,  445,  182,  377,  739,  700,  462,  531,  494,  853,  387,  821,  324,  738,  800,  610,  374,  892],
        [  592,    0,  769,  641,  701,  757,  348,  655,  786,    0,  508,  807, 1066,  475,  537,  494,  426,  892,   46,  566,  162,  809,  484,  212,  131,  560,  606,  524,  774,  474,  737,  439,  487,  692,  445,  515,  857,  515,  894,  806,  450,  806,  734,   21,  966,  242,  336,  378,  713,  203,  762,  391,  427,  567,  319,  928,  631,  717,  707,  985,  612,  514,   62,  732,  128,  499,  292,  269,  570,  509,  557,  931,  611,  441,  606,  639,  304,  381,  252,  866,  688,  600,  668,  366,  549,  566,  810,  852,  606,  175,  427,  498,  483,  691,  429,  561,  855,  984,  455,  738,  727,  645,  660,  870,  422,  681,  798, 1029,  332,  903,  493,  509,  817,  635,  222,  149,  176,  278,  639,  299,  802,  961,  221,  676,   26,  873,  413,  540,  364,  545,  589,  884,  113,  848,  954,  451,  528,  687,  576, 1080,  248,  602,  597,  592,  836,  430,  147,  155,  550,  482,  307,   75,  680,  814,  956,  574,  387,  180,  496,  370],
        [  101,    0,  699,  137,  692,  908,  719,  824,  322,  508,    0,  864,  758,   74,  615,  726,  736,  663,  509,  664,  628,  329,  217,  301,  448,  493,  850,  627,  333,  530,  519,  457,  775,  364,  156,   44,  539,  419,  462,  305,  485,  560,  244,  488,  780,  437,  366,  142,  799,  671,  608,  118,  643,   76,  256,  735,  862,  377,  264,  662,  129,   96,  461,  228,  497,  598,  239,  522,  208,  118,  827,  791,  204,   84,  807,  270,  209,  312,  263,  565,  635,  857,  222,  144,   51,  640,  319, 1031,  391,  336,   95,  759,  267,  547,  736,  676,  791,  586,  201,  419,  269,  502,  872,  716,  115,  447,  335,  692,  681,  612,  699,  611,  335,  258,  505,  390,  677,  630,  132,  576,  712,  606,  502,  778,  519,  624,  569,  683,  704,  773,  404,  730,  551, 1001,  599,  555,  721,  244,  670,  795,  601,  243,  376,  463,  449,  231,  507,  468,  449,  467,  202,  582,  228,  854,  599,  685,  653,  354,   62,  719],
        [  846,    0,  224,  956,  178,  158,  556,  205,  841,  807,  864,    0,  653,  791,  281,  351,  459,  465,  851,  244,  949, 1147,  648,  761,  689,  372,  321,  287,  792,  363,  454,  430,  411,  617,  711,  906,  602,  446,  813,  956,  404,  486,  882,  802,  415,  585,  554,  863,   96,  721,  353,  830,  389,  845,  932,  414,  296,  631, 1119,  644,  836,  776,  835, 1017,  679,  315,  873,  538,  691,  968,  367,  331, 1067,  880,  263,  680,  775,  575,  834,  577,  245,  341,  784,  829,  908,  251, 1121,  246,  505,  807,  792,  377,  598,  368,  454,  246,  199,  781, 1004,  599,  814,  392,  263,  342,  896,  493,  844,  687,  537,  566,  333,  303, 1148,  691,  585,  714,  905,  565,  933,  514,  245,  691,  587,  134,  786,  494,  396,  269,  514,  320,  480,  344,  919,  195,  690,  367,  300, 1101,  234,  621,  583,  677,  517,  413,  713,  637,  661,  657,  417,  405,  799,  811, 1084,   29,  695,  233,  442,  715,  912,  522],
        [  673,    0,  451,  752,  542,  802, 1014,  800,  499, 1066,  758,  653,    0,  717,  668,  856,  950,  206, 1096,  688, 1226,  865,  615,  894,  940,  540,  908,  696,  459,  664,  335,  657,  936,  404,  683,  797,  223,  560,  368,  616,  660,  264,  591, 1050,  246,  840,  732,  860,  681, 1106,  357,  817,  825,  692,  977,  240,  894,  386,  908,   97,  646,  674, 1054,  753,  967,  695,  933,  866,  563,  872,  932,  329,  917,  828,  837,  492,  838,  686,  924,  205,  492,  927,  547,  836,  772,  659,  829,  897,  461,  954,  757,  899,  596,  408,  946,  708,  455,  244,  959,  349,  524,  442,  873,  314,  859,  386,  491,   85,  976,  164,  820,  697,  860,  503,  895,  920, 1229,  966,  727,  886,  419,  167,  894,  698, 1058,  204,  764,  743,  974,  862,  479,  310, 1163,  846,  173,  710,  808,  900,  683,   57,  961,  524,  471,  487,  322,  658,  959,  929,  530,  615,  854, 1114,  882,  625,  176,  703,  882,  894,  820,  989],
        [  118,    0,  629,  197,  620,  835,  659,  751,  320,  475,   74,  791,  717,    0,  542,  656,  670,  607,  482,  590,  608,  395,  146,  263,  400,  420,  779,  554,  320,  457,  459,  384,  707,  315,   82,  115,  495,  346,  448,  332,  412,  504,  259,  455,  721,  376,  297,  146,  726,  624,  543,  107,  573,   96,  267,  676,  790,  332,  336,  622,  137,   47,  434,  284,  448,  525,  234,  459,  156,  183,  757,  728,  277,  113,  735,  226,  173,  240,  245,  518,  564,  786,  207,  131,  122,  566,  382,  958,  325,  308,   51,  690,  194,  479,  670,  603,  722,  563,  249,  371,  262,  434,  799,  653,  143,  386,  333,  655,  619,  565,  628,  538,  400,  216,  446,  345,  648,  570,  184,  513,  643,  572,  443,  704,  482,  571,  499,  610,  641,  702,  335,  667,  532,  928,  565,  483,  649,  317,  597,  751,  543,  194,  310,  392,  420,  157,  456,  416,  377,  394,  175,  546,  301,  781,  565,  612,  586,  308,  125,  657],
        [  618,    0,  257,  724,  172,  293,  356,  214,  670,  537,  615,  281,  668,  542,    0,  191,  283,  463,  580,   49,  687,  923,  410,  481,  413,  167,  276,   29,  628,   87,  359,  160,  271,  458,  460,  654,  526,  218,  690,  768,  132,  422,  687,  530,  489,  307,  278,  594,  196,  486,  312,  564,  162,  610,  655,  462,  276,  480,  877,  620,  614,  537,  559,  797,  410,   39,  596,  271,  475,  709,  281,  431,  815,  619,  214,  489,  501,  309,  556,  514,  185,  290,  586,  560,  663,   31,  902,  417,  324,  527,  534,  235,  361,  267,  279,   65,  329,  705,  735,  465,  630,  251,  273,  388,  631,  354,  677,  668,  322,  528,  154,   32,  925,  496,  316,  435,  654,  329,  704,  260,  294,  636,  317,  167,  518,  468,  128,   87,  313,  210,  293,  400,  649,  387,  632,   88,  150,  858,   56,  659,  337,  473,  330,  233,  593,  385,  393,  384,  209,  151,  525,  551,  842,  283,  637,   71,  222,  435,  657,  327],
        [  750,    0,  425,  850,  331,  267,  205,  165,  837,  494,  726,  351,  856,  656,  191,    0,  110,  651,  539,  170,  618, 1050,  545,  518,  398,  351,  128,  163,  799,  233,  549,  291,   81,  636,  577,  760,  716,  384,  871,  923,  267,  613,  841,  494,  664,  323,  361,  671,  258,  375,  500,  650,   85,  738,  700,  641,  146,  660,  988,  810,  752,  662,  535,  931,  372,  174,  645,  245,  625,  802,  103,  597,  913,  709,  113,  652,  568,  417,  598,  705,  366,  132,  742,  638,  776,  198, 1033,  360,  501,  546,  635,   45,  502,  458,  105,  150,  477,  894,  805,  649,  791,  440,  169,  565,  714,  541,  845,  858,  188,  719,   38,  167, 1054,  658,  288,  442,  564,  225,  833,  199,  463,  826,  291,  220,  470,  658,  159,  115,  164,   53,  470,  575,  601,  355,  822,  189,   55,  967,  176,  844,  250,  631,  505,  417,  777,  506,  352,  363,  386,  307,  590,  482,  953,  368,  827,  158,  107,  458,  756,  172],
        [  773,    0,  529,  866,  436,  360,  100,  264,  885,  426,  736,  459,  950,  670,  283,  110,    0,  745,  470,  272,  533, 1064,  577,  492,  352,  426,  185,  255,  851,  300,  632,  342,   63,  698,  596,  764,  797,  444,  935,  961,  323,  699,  878,  430,  766,  305,  376,  660,  367,  279,  594,  646,  128,  758,  671,  742,  213,  723,  991,  898,  779,  683,  474,  951,  316,  256,  619,  219,  664,  798,  133,  702,  910,  707,  206,  701,  557,  440,  571,  788,  465,  177,  782,  631,  786,  296, 1051,  436,  566,  509,  641,   85,  539,  546,    5,  254,  585,  970,  787,  718,  835,  521,  246,  666,  706,  615,  894,  946,   96,  806,  138,  254, 1069,  706,  249,  405,  472,  148,  852,  163,  567,  908,  253,  329,  401,  749,  204,  219,   65,  142,  535,  678,  526,  440,  904,  251,  164,  970,  279,  941,  180,  675,  567,  490,  845,  531,  296,  318,  454,  368,  576,  401,  958,  476,  908,  263,   86,  428,  758,   67],
        [  595,    0,  251,  693,  338,  607,  812,  597,  481,  892,  663,  465,  206,  607,  463,  651,  745,    0,  925,  482, 1053,  844,  481,  739,  763,  345,  703,  491,  432,  465,  160,  466,  730,  303,  555,  706,  173,  378,  397,  607,  466,  104,  557,  878,  125,  658,  557,  739,  482,  913,  152,  696,  622,  608,  849,   84,  691,  297,  860,  180,  573,  570,  888,  718,  784,  492,  798,  674,  455,  781,  726,  177,  847,  720,  633,  398,  697,  521,  781,  139,  287,  722,  483,  710,  689,  453,  811,  709,  302,  798,  638,  694,  450,  209,  742,  502,  275,  328,  856,  253,  482,  250,  670,  127,  748,  229,  478,  224,  775,  109,  615,  492,  842,  410,  707,  750, 1048,  768,  667,  690,  222,  233,  706,  496,  882,   46,  564,  537,  771,  656,  310,  129,  995,  659,  233,  510,  602,  848,  477,  198,  766,  421,  316,  301,  308,  513,  775,  748,  344,  423,  716,  933,  830,  438,  238,  497,  679,  729,  724,  787],
        [  597,    0,  809,  639,  743,  803,  391,  700,  798,   46,  509,  851, 1096,  482,  580,  539,  470,  925,    0,  609,  133,  799,  504,  223,  170,  597,  651,  568,  788,  515,  769,  477,  532,  715,  459,  512,  884,  549,  911,  811,  490,  837,  741,   50, 1002,  281,  369,  374,  758,  237,  798,  392,  472,  572,  302,  963,  676,  740,  694, 1013,  618,  523,   50,  729,  173,  542,  283,  313,  587,  500,  602,  970,  597,  437,  652,  657,  310,  410,  248,  894,  727,  645,  680,  366,  548,  609,  803,  898,  635,  175,  433,  543,  507,  727,  473,  605,  896, 1005,  438,  763,  739,  679,  705,  907,  416,  710,  810, 1056,  376,  932,  539,  553,  808,  653,  266,  176,  169,  323,  639,  344,  841,  985,  265,  721,   70,  905,  457,  585,  409,  590,  619,  921,   71,  893,  979,  493,  573,  674,  620, 1111,  293,  620,  625,  627,  857,  451,  192,  197,  585,  520,  310,   95,  669,  858,  981,  618,  433,  203,  491,  414],
        [  666,    0,  258,  773,  165,  245,  354,  166,  715,  566,  664,  244,  688,  590,   49,  170,  272,  482,  609,    0,  711,  971,  458,  523,  446,  210,  237,   44,  672,  135,  390,  208,  250,  500,  509,  703,  558,  265,  729,  814,  180,  450,  734,  560,  495,  342,  323,  641,  154,  499,  332,  611,  164,  659,  698,  472,  233,  522,  926,  645,  662,  585,  592,  845,  438,   74,  640,  297,  523,  757,  248,  431,  863,  666,  171,  534,  547,  357,  599,  544,  197,  253,  633,  607,  712,   33,  950,  368,  367,  566,  582,  212,  410,  295,  268,   22,  319,  739,  781,  504,  675,  286,  228,  396,  678,  392,  721,  693,  325,  554,  135,   61,  974,  543,  344,  471,  674,  340,  753,  278,  296,  666,  345,  122,  545,  491,  153,   56,  311,  177,  336,  407,  678,  339,  662,  126,  120,  907,   11,  675,  352,  520,  374,  274,  631,  434,  420,  414,  253,  199,  571,  574,  890,  249,  667,   23,  224,  474,  705,  324],
        [  720,    0,  926,  753,  854,  884,  441,  782,  925,  162,  628,  949, 1226,  608,  687,  618,  533, 1053,  133,  711,    0,  901,  636,  352,  291,  720,  717,  671,  918,  630,  898,  599,  595,  847,  589,  626, 1015,  676, 1041,  932,  608,  966,  865,  176, 1127,  401,  497,  489,  854,  261,  922,  512,  562,  694,  399, 1088,  745,  872,  791, 1144,  743,  650,  179,  841,  280,  648,  393,  416,  718,  604,  665, 1090,  693,  552,  730,  789,  437,  540,  366, 1025,  844,  708,  809,  486,  663,  715,  908,  968,  766,  301,  558,  613,  639,  852,  537,  704, 1010, 1137,  531,  895,  867,  806,  777, 1030,  527,  841,  938, 1187,  438, 1063,  624,  658,  910,  784,  371,  307,   88,  394,  756,  436,  959, 1117,  371,  816,  174, 1034,  560,  680,  469,  666,  749, 1044,   78,  970, 1111,  602,  659,  772,  721, 1241,  370,  752,  756,  753,  989,  583,  295,  312,  711,  642,  433,  138,  768,  958, 1113,  717,  514,  335,  603,  470],
        [  306,    0,  954,  200,  970, 1212, 1047, 1135,  370,  809,  329, 1147,  865,  395,  923, 1050, 1064,  844,  799,  971,  901,    0,  513,  615,  768,  780, 1172,  938,  416,  842,  737,  770, 1102,  556,  473,  305,  682,  711,  500,  250,  798,  751,  288,  789,  969,  765,  691,  434, 1095,  988,  841,  432,  967,  314,  503,  926, 1181,  554,  119,  773,  312,  389,  753,  132,  817,  910,  518,  850,  456,  300, 1151, 1004,  213,  374, 1125,  474,  527,  633,  558,  715,  905, 1180,  372,  454,  279,  944,   38, 1337,  645,  636,  424, 1084,  562,  795, 1064,  986, 1038,  635,  373,  597,  363,  760, 1188,  932,  388,  674,  376,  783, 1009,  760, 1021,  923,   11,  462,  833,  709,  965,  957,  219,  905,  958,  699,  829, 1078,  823,  800,  892,  997, 1033, 1094,  667,  944,  825, 1302,  693,  872, 1040,  134,  976,  915,  928,  472,  631,  734,  552,  545,  829,  791,  734,  772,  514,  883,  134, 1132,  689,  994,  981,  673,  318, 1048],
        [  209,    0,  484,  315,  475,  701,  585,  622,  322,  484,  217,  648,  615,  146,  410,  545,  577,  481,  504,  458,  636,  513,    0,  287,  377,  277,  663,  425,  299,  329,  326,  258,  605,  216,   76,  260,  394,  204,  413,  385,  286,  379,  302,  465,  588,  314,  208,  259,  587,  590,  402,  217,  467,  201,  369,  544,  671,  240,  472,  525,  208,  129,  458,  389,  418,  398,  320,  385,   93,  328,  648,  589,  421,  250,  613,  156,  223,  140,  309,  411,  419,  673,  210,  230,  260,  432,  494,  825,  186,  345,  162,  583,   51,  336,  576,  473,  577,  502,  385,  268,  267,  290,  676,  514,  275,  253,  333,  564,  543,  455,  514,  411,  517,  154,  387,  337,  658,  503,  295,  433,  499,  488,  384,  568,  483,  448,  388,  485,  560,  587,  192,  529,  565,  792,  481,  362,  530,  454,  464,  641,  481,  120,  171,  247,  354,   56,  420,  381,  233,  259,  240,  546,  437,  638,  482,  481,  491,  304,  270,  577],
        [  380,    0,  667,  436,  620,  753,  450,  655,  576,  212,  301,  761,  894,  263,  481,  518,  492,  739,  223,  523,  352,  615,  287,    0,  156,  441,  644,  480,  566,  399,  580,  339,  544,  502,  237,  312,  676,  377,  690,  595,  361,  644,  522,  192,  830,  196,  212,  182,  676,  374,  627,  185,  435,  356,  183,  788,  663,  526,  523,  807,  400,  302,  175,  527,  205,  449,  128,  277,  366,  323,  607,  810,  432,  241,  621,  438,   93,  222,   81,  690,  587,  645,  458,  162,  344,  511,  611,  866,  439,   60,  216,  539,  298,  555,  493,  527,  759,  787,  297,  552,  517,  506,  683,  741,  230,  514,  588,  848,  417,  732,  502,  463,  622,  433,  243,   96,  386,  361,  432,  330,  694,  774,  240,  644,  220,  713,  383,  518,  446,  570,  429,  756,  280,  849,  767,  398,  532,  502,  532,  915,  329,  401,  427,  453,  639,  238,  219,  184,  416,  374,  101,  284,  492,  761,  769,  539,  422,   65,  297,  459],
        [  517,    0,  640,  584,  574,  653,  299,  551,  692,  131,  448,  689,  940,  400,  413,  398,  352,  763,  170,  446,  291,  768,  377,  156,    0,  429,  519,  403,  674,  346,  609,  309,  409,  576,  352,  464,  735,  386,  789,  728,  320,  678,  651,  120,  836,  112,  208,  338,  597,  225,  631,  337,  322,  495,  323,  797,  542,  602,  678,  861,  533,  431,  147,  675,   50,  376,  276,  156,  468,  478,  476,  801,  588,  395,  508,  532,  242,  260,  228,  742,  558,  517,  575,  315,  494,  443,  763,  757,  481,  159,  356,  411,  368,  561,  354,  444,  727,  870,  448,  619,  634,  515,  566,  739,  385,  555,  704,  906,  269,  778,  390,  387,  775,  530,  111,   61,  290,  212,  577,  200,  672,  841,  108,  561,  119,  745,  294,  426,  300,  451,  462,  753,  241,  746,  835,  326,  424,  657,  456,  953,  179,  496,  473,  463,  724,  321,   64,   36,  421,  352,  254,  175,  647,  694,  837,  457,  294,   95,  450,  311],
        [  477,    0,  228,  586,  200,  437,  479,  373,  506,  560,  493,  372,  540,  420,  167,  351,  426,  345,  597,  210,  720,  780,  277,  441,  429,    0,  443,  193,  463,  128,  210,  123,  427,  291,  342,  535,  371,   76,  523,  608,  121,  279,  529,  548,  407,  320,  234,  506,  315,  569,  204,  468,  298,  474,  590,  370,  442,  313,  748,  478,  469,  405,  565,  651,  445,  178,  533,  330,  325,  600,  445,  374,  697,  515,  380,  328,  429,  226,  502,  365,  150,  457,  428,  472,  537,  178,  756,  561,  158,  496,  425,  395,  227,  136,  423,  229,  322,  545,  644,  299,  468,   99,  437,  310,  534,  191,  512,  526,  439,  386,  314,  185,  782,  336,  364,  428,  708,  426,  564,  347,  253,  483,  363,  301,  547,  337,  228,  253,  440,  375,  127,  325,  668,  524,  479,  176,  315,  730,  212,  541,  422,  317,  165,   67,  427,  270,  434,  410,   47,   80,  453,  595,  712,  361,  483,  232,  349,  414,  543,  456],
        [  870,    0,  460,  972,  366,  190,  281,  118,  943,  606,  850,  321,  908,  779,  276,  128,  185,  703,  651,  237,  717, 1172,  663,  644,  519,  443,    0,  252,  902,  340,  625,  406,  123,  733,  700,  885,  793,  488,  965, 1036,  379,  682,  954,  609,  694,  449,  486,  798,  245,  463,  558,  776,  212,  859,  826,  679,   30,  756, 1113,  873,  871,  783,  651, 1051,  490,  273,  771,  370,  739,  928,   56,  619, 1039,  836,   71,  760,  695,  540,  724,  777,  419,   21,  854,  765,  900,  269, 1154,  252,  599,  671,  760,  109,  618,  530,  181,  216,  488,  974,  932,  740,  900,  522,   66,  601,  841,  628,  950,  921,  280,  784,  152,  262, 1176,  767,  410,  566,  656,  329,  954,  320,  495,  899,  413,  217,  582,  718,  281,  190,  249,   78,  568,  610,  709,  259,  896,  302,  134, 1092,  238,  888,  359,  741,  605,  508,  867,  627,  469,  484,  483,  414,  717,  585, 1078,  345,  901,  216,  226,  583,  882,  250],
        [  633,    0,  281,  739,  193,  284,  330,  198,  693,  524,  627,  287,  696,  554,   29,  163,  255,  491,  568,   44,  671,  938,  425,  480,  403,  193,  252,    0,  651,   97,  386,  170,  243,  482,  472,  665,  554,  239,  715,  788,  142,  450,  707,  518,  515,  299,  281,  600,  197,  465,  340,  571,  136,  625,  656,  488,  253,  505,  890,  648,  631,  551,  549,  813,  396,   31,  597,  256,  494,  718,  254,  455,  825,  627,  192,  510,  505,  318,  556,  542,  212,  265,  606,  566,  675,   46,  918,  406,  348,  523,  543,  207,  377,  295,  251,   50,  350,  732,  740,  491,  651,  278,  253,  414,  638,  381,  699,  696,  297,  556,  126,   18,  941,  518,  302,  428,  636,  307,  719,  241,  319,  664,  304,  165,  504,  496,  112,   63,  287,  183,  317,  426,  637,  379,  660,   83,  123,  870,   54,  687,  317,  493,  354,  258,  619,  397,  379,  372,  232,  168,  528,  535,  854,  291,  664,   61,  196,  431,  667,  301],
        [  235,    0,  579,  296,  618,  890,  873,  834,   50,  774,  333,  792,  459,  320,  628,  799,  851,  432,  788,  672,  918,  416,  299,  566,  674,  463,  902,  651,    0,  567,  346,  511,  869,  177,  330,  364,  266,  416,  130,  176,  533,  345,  133,  754,  556,  611,  501,  462,  761,  888,  453,  425,  730,  258,  583,  515,  903,  162,  450,  364,  206,  274,  740,  296,  717,  631,  553,  677,  207,  433,  899,  598,  462,  414,  841,  152,  483,  433,  563,  299,  549,  916,  114,  450,  332,  640,  381, 1012,  306,  618,  369,  841,  321,  425,  849,  691,  652,  256,  529,  198,   68,  405,  900,  530,  446,  300,   52,  382,  831,  345,  763,  641,  412,  149,  683,  630,  949,  795,  272,  721,  574,  295,  680,  755,  776,  387,  650,  713,  844,  831,  336,  540,  843,  970,  288,  611,  771,  441,  674,  506,  775,  182,  298,  401,  139,  355,  718,  679,  420,  492,  490,  839,  424,  773,  286,  695,  766,  595,  389,  861],
        [  537,    0,  297,  643,  229,  379,  352,  295,  606,  474,  530,  363,  664,  457,   87,  233,  300,  465,  515,  135,  630,  842,  329,  399,  346,  128,  340,   97,  567,    0,  337,   74,  306,  404,  375,  569,  498,  152,  640,  697,   46,  406,  615,  465,  512,  236,  193,  508,  282,  453,  316,  477,  172,  529,  570,  479,  345,  428,  793,  605,  535,  454,  490,  717,  350,   69,  511,  220,  400,  623,  333,  465,  729,  532,  285,  422,  415,  223,  472,  492,  216,  351,  515,  473,  578,  115,  822,  502,  270,  447,  447,  275,  281,  257,  297,  146,  381,  671,  648,  420,  562,  226,  348,  411,  544,  315,  613,  653,  313,  513,  197,   82,  845,  428,  260,  360,  606,  304,  623,  226,  331,  610,  261,  254,  458,  461,  101,  156,  313,  266,  239,  424,  586,  474,  606,   49,  206,  773,  142,  662,  304,  402,  273,  191,  548,  300,  336,  320,  156,   76,  439,  497,  757,  362,  610,  156,  222,  357,  571,  329],
        [  463,    0,  234,  568,  288,  569,  688,  533,  396,  737,  519,  454,  335,  459,  359,  549,  632,  160,  769,  390,  898,  737,  326,  580,  609,  210,  625,  386,  346,  337,    0,  323,  628,  181,  400,  563,  169,  226,  361,  518,  328,   71,  454,  722,  264,  507,  402,  584,  438,  771,  107,  542,  505,  472,  692,  219,  618,  187,  737,  268,  444,  424,  730,  606,  633,  379,  640,  532,  312,  637,  637,  274,  712,  570,  556,  267,  538,  362,  622,  157,  220,  642,  365,  555,  550,  358,  706,  686,  143,  639,  485,  593,  292,   96,  629,  411,  306,  350,  706,  149,  380,  112,  605,  200,  597,   74,  397,  317,  649,  178,  512,  383,  736,  280,  561,  594,  897,  634,  542,  554,  228,  278,  560,  441,  728,  137,  437,  442,  649,  566,  151,  213,  838,  640,  274,  385,  507,  722,  388,  344,  628,  282,  157,  153,  260,  354,  625,  596,  196,  282,  558,  781,  704,  432,  278,  410,  558,  571,  579,  665],
        [  466,    0,  335,  571,  282,  453,  377,  367,  548,  439,  457,  430,  657,  384,  160,  291,  342,  466,  477,  208,  599,  770,  258,  339,  309,  123,  406,  170,  511,   74,  323,    0,  358,  357,  302,  495,  474,  106,  594,  633,   29,  393,  550,  428,  529,  198,  128,  436,  352,  450,  326,  405,  219,  457,  504,  492,  413,  383,  720,  589,  466,  382,  447,  647,  323,  141,  445,  210,  334,  550,  394,  493,  656,  459,  355,  363,  346,  150,  408,  472,  253,  416,  451,  402,  505,  187,  751,  575,  228,  390,  374,  332,  213,  258,  340,  220,  425,  637,  577,  381,  501,  217,  419,  432,  472,  286,  556,  636,  336,  499,  258,  155,  774,  368,  242,  312,  585,  314,  552,  234,  365,  585,  241,  326,  425,  455,  139,  228,  342,  330,  199,  446,  548,  547,  580,  104,  273,  700,  215,  661,  306,  340,  227,  170,  506,  228,  311,  288,  127,   44,  370,  472,  684,  426,  584,  229,  258,  303,  498,  359],
        [  807,    0,  503,  903,  408,  302,  159,  210,  906,  487,  775,  411,  936,  707,  271,   81,   63,  730,  532,  250,  595, 1102,  605,  544,  409,  427,  123,  243,  869,  306,  628,  358,    0,  709,  631,  806,  795,  456,  946,  987,  336,  692,  904,  491,  742,  353,  411,  708,  322,  341,  580,  691,  140,  793,  724,  720,  151,  733, 1034,  890,  811,  717,  535,  986,  375,  251,  672,  268,  689,  843,   71,  673,  955,  751,  151,  721,  604,  472,  624,  784,  446,  114,  807,  677,  825,  278, 1087,  374,  575,  565,  682,   38,  565,  538,   60,  230,  551,  972,  838,  725,  858,  519,  184,  643,  753,  618,  914,  938,  159,  798,  117,  246, 1107,  726,  303,  460,  534,  210,  887,  214,  541,  905,  307,  286,  463,  738,  220,  194,  127,   91,  544,  654,  589,  379,  901,  260,  131, 1013,  256,  924,  241,  697,  578,  493,  853,  563,  355,  374,  461,  379,  625,  463, 1000,  430,  906,  236,  124,  481,  801,  128],
        [  293,    0,  407,  392,  442,  714,  731,  660,  224,  692,  364,  617,  404,  315,  458,  636,  698,  303,  715,  500,  847,  556,  216,  502,  576,  291,  733,  482,  177,  404,  181,  357,  709,    0,  280,  405,  182,  255,  238,  341,  376,  202,  274,  674,  425,  493,  379,  456,  585,  773,  286,  413,  573,  306,  573,  380,  733,   27,  561,  311,  270,  274,  671,  426,  612,  464,  530,  545,  160,  481,  734,  450,  544,  428,  670,   96,  437,  318,  524,  204,  373,  747,  186,  432,  387,  468,  526,  836,  135,  560,  353,  679,  210,  250,  696,  520,  485,  295,  561,   56,  201,  229,  727,  377,  458,  124,  228,  349,  689,  251,  599,  473,  555,  108,  561,  544,  863,  660,  366,  582,  406,  272,  558,  579,  689,  263,  495,  544,  698,  664,  167,  389,  778,  793,  266,  450,  604,  548,  501,  436,  645,  122,  132,  227,  152,  265,  609,  573,  251,  331,  452,  749,  529,  598,  267,  522,  614,  513,  425,  715],
        [  178,    0,  555,  273,  541,  753,  592,  669,  342,  445,  156,  711,  683,   82,  460,  577,  596,  555,  459,  509,  589,  473,   76,  237,  352,  342,  700,  472,  330,  375,  400,  302,  631,  280,    0,  196,  461,  267,  453,  381,  331,  453,  301,  425,  663,  310,  221,  184,  645,  573,  477,  142,  495,  163,  296,  619,  710,  301,  418,  591,  188,   88,  411,  356,  398,  443,  250,  390,  131,  258,  679,  664,  358,  176,  655,  204,  160,  161,  245,  480,  487,  707,  225,  156,  204,  484,  457,  876,  261,  292,   87,  612,  119,  410,  596,  521,  649,  554,  311,  334,  284,  363,  719,  590,  200,  328,  354,  628,  551,  525,  549,  457,  477,  198,  383,  304,  620,  505,  257,  443,  572,  549,  380,  623,  448,  522,  420,  529,  571,  623,  266,  604,  516,  846,  542,  402,  569,  398,  515,  712,  480,  167,  246,  318,  406,   76,  403,  363,  299,  312,  173,  512,  382,  702,  543,  530,  512,  268,  202,  587],
        [  129,    0,  742,  128,  734,  947,  743,  861,  348,  515,   44,  906,  797,  115,  654,  760,  764,  706,  512,  703,  626,  305,  260,  312,  464,  535,  885,  665,  364,  569,  563,  495,  806,  405,  196,    0,  579,  461,  491,  316,  524,  603,  264,  495,  823,  462,  399,  139,  840,  685,  652,  128,  675,  107,  240,  778,  897,  417,  229,  701,  158,  139,  464,  218,  514,  635,  233,  548,  252,   76,  859,  835,  162,   75,  843,  311,  223,  348,  265,  605,  678,  891,  256,  151,   39,  679,  300, 1070,  435,  341,  125,  791,  309,  591,  765,  714,  834,  619,  166,  460,  298,  546,  908,  760,  100,  490,  361,  729,  706,  653,  734,  649,  312,  299,  529,  405,  680,  654,  131,  604,  756,  643,  526,  818,  527,  667,  604,  720,  730,  807,  447,  774,  548, 1041,  636,  592,  756,  208,  709,  835,  624,  286,  420,  506,  485,  271,  525,  487,  492,  507,  212,  589,  194,  896,  635,  724,  683,  370,   27,  745],
        [  458,    0,  379,  546,  448,  729,  847,  699,  313,  857,  539,  602,  223,  495,  526,  716,  797,  173,  884,  558, 1015,  682,  394,  676,  735,  371,  793,  554,  266,  498,  169,  474,  795,  182,  461,  579,    0,  370,  225,  439,  484,  117,  396,  840,  295,  641,  529,  637,  598,  916,  251,  594,  669,  475,  755,  257,  785,  164,  708,  131,  432,  452,  841,  559,  766,  545,  710,  679,  340,  654,  805,  348,  706,  607,  724,  271,  617,  477,  703,   34,  382,  810,  336,  613,  556,  526,  647,  842,  256,  736,  534,  761,  379,  264,  794,  579,  429,  183,  738,  127,  323,  277,  771,  288,  637,  188,  309,  172,  807,   79,  679,  550,  678,  281,  703,  709, 1024,  787,  520,  707,  361,  112,  701,  604,  851,  128,  598,  610,  810,  734,  279,  295,  949,  794,  108,  547,  675,  698,  556,  257,  778,  302,  263,  309,  136,  439,  760,  727,  348,  436,  632,  909,  680,  578,  112,  578,  720,  681,  600,  826],
        [  407,    0,  298,  516,  275,  502,  482,  430,  456,  515,  419,  446,  560,  346,  218,  384,  444,  378,  549,  265,  676,  711,  204,  377,  386,   76,  488,  239,  416,  152,  226,  106,  456,  255,  267,  461,  370,    0,  492,  550,  122,  296,  469,  501,  456,  282,  180,  432,  385,  549,  252,  394,  319,  402,  520,  416,  491,  280,  675,  488,  400,  332,  513,  583,  409,  216,  463,  310,  259,  525,  483,  433,  623,  440,  430,  272,  359,  158,  434,  370,  224,  501,  368,  398,  463,  236,  689,  627,  123,  435,  350,  426,  153,  180,  442,  282,  392,  532,  569,  276,  413,  131,  491,  365,  459,  182,  463,  534,  441,  400,  348,  227,  713,  280,  337,  376,  672,  419,  494,  339,  321,  481,  336,  368,  505,  361,  241,  301,  447,  416,   93,  379,  619,  592,  476,  196,  356,  657,  269,  568,  409,  256,  124,   78,  402,  195,  400,  371,   39,   77,  382,  557,  640,  436,  479,  288,  361,  357,  469,  464],
