{
    "name": "random-86-30333",
    "comment": "size=86 seed=30333",
    "nodes": ["+0", "-0", "+1", "-1", "+2", "-2", "+3", "-3", "+4", "-4", "+5", "-5", "+6", "-6", "+7", "-7", "+8", "-8", "+9", "-9", "+10", "-10", "+11", "-11", "+12", "-12", "+13", "-13", "+14", "-14", "+15", "-15", "+16", "-16", "+17", "-17", "+18", "-18", "+19", "-19", "+20", "-20", "+21", "-21", "+22", "-22", "+23", "-23", "+24", "-24", "+25", "-25", "+26", "-26", "+27", "-27", "+28", "-28", "+29", "-29", "+30", "-30", "+31", "-31", "+32", "-32", "+33", "-33", "+34", "-34", "+35", "-35", "+36", "-36", "+37", "-37", "+38", "-38", "+39", "-39", "+40", "-40", "+41", "-41", "+42", "-42", "+43", "-43", "+44", "-44", "+45", "-45", "+46", "-46", "+47", "-47", "+48", "-48", "+49", "-49", "+50", "-50", "+51", "-51", "+52", "-52", "+53", "-53", "+54", "-54", "+55", "-55", "+56", "-56", "+57", "-57", "+58", "-58", "+59", "-59", "+60", "-60", "+61", "-61", "+62", "-62", "+63", "-63", "+64", "-64", "+65", "-65", "+66", "-66", "+67", "-67", "+68", "-68", "+69", "-69", "+70", "-70", "+71", "-71", "+72", "-72", "+73", "-73", "+74", "-74", "+75", "-75", "+76", "-76", "+77", "-77", "+78", "-78", "+79", "-79", "+80", "-80", "+81", "-81", "+82", "-82", "+83", "-83", "+84", "-84", "+85", "-85", "+86", "-86"],
    "precedence": {
        "+0": "-0",
        "+1": "-1",
        "+2": "-2",
        "+3": "-3",
        "+4": "-4",
        "+5": "-5",
        "+6": "-6",
        "+7": "-7",
        "+8": "-8",
        "+9": "-9",
        "+10": "-10",
        "+11": "-11",
        "+12": "-12",
        "+13": "-13",
        "+14": "-14",
        "+15": "-15",
        "+16": "-16",
        "+17": "-17",
        "+18": "-18",
        "+19": "-19",
        "+20": "-20",
        "+21": "-21",
        "+22": "-22",
        "+23": "-23",
        "+24": "-24",
        "+25": "-25",
        "+26": "-26",
        "+27": "-27",
        "+28": "-28",
        "+29": "-29",
        "+30": "-30",
        "+31": "-31",
        "+32": "-32",
        "+33": "-33",
        "+34": "-34",
        "+35": "-35",
        "+36": "-36",
        "+37": "-37",
        "+38": "-38",
        "+39": "-39",
        "+40": "-40",
        "+41": "-41",
        "+42": "-42",
        "+43": "-43",
        "+44": "-44",
        "+45": "-45",
        "+46": "-46",
        "+47": "-47",
        "+48": "-48",
        "+49": "-49",
        "+50": "-50",
        "+51": "-51",
        "+52": "-52",
        "+53": "-53",
        "+54": "-54",
        "+55": "-55",
        "+56": "-56",
        "+57": "-57",
        "+58": "-58",
        "+59": "-59",
        "+60": "-60",
        "+61": "-61",
        "+62": "-62",
        "+63": "-63",
        "+64": "-64",
        "+65": "-65",
        "+66": "-66",
        "+67": "-67",
        "+68": "-68",
        "+69": "-69",
        "+70": "-70",
        "+71": "-71",
        "+72": "-72",
        "+73": "-73",
        "+74": "-74",
        "+75": "-75",
        "+76": "-76",
        "+77": "-77",
        "+78": "-78",
        "+79": "-79",
        "+80": "-80",
        "+81": "-81",
        "+82": "-82",
        "+83": "-83",
        "+84": "-84",
        "+85": "-85",
        "+86": "-86"
    },
    "edges": [
        [    0,    0,  990,  351,  373,  442, 1042,  193,  184,  687,  622,  678,  672,  385,  502,  396,  916,  613,  816, 1030,  720,  277,  249,  681,  521,  281,  646, 1018,  751,  193,  704,  942,  234,  288,  396,  932, 1001,  689,  787,  590,  713,  503,  438,  563,  610,  741,  558,  778,  536,  751, 1063,  359,  469,  882,  498, 1165,  765,  219,  767,  942,  599,  457,  642,  650,  187,  598,  288,  821,  904,  744,  635,  222,  884,  812,  750,  634,   73, 1039,  225,  681,  720,  753,  825,  395,  673,  197,  252,   47,  593,  347,   40,  639,  912,  900,  368,  802,  863,  426,  463, 1034,  496,  494, 1053,  504,  610,  878,  755,  844,  651,  710,  352,  733,  638,  273,  127,  167,  283,  409,  947,  759,  826,  680,  225,  823,  526,  681,  854,  588,  492,  606,  761,  684,  123,  947,  971,  405,  818, 1101,  357,  922,  243,  550,  832,  728,  883,  942,  309,  133,  183,  346,  380,  220,  196,  120,  395,  448,  726,  595,  998,  301,  592,  280,   95,  739,  775,  886,  955,  261,  335,  188,  815,  218,  483,  831],
        [    0,    0,    0,    0,    0,    0,    0,    0,    0,    0,    0,    0,    0,    0,    0,    0,    0,    0,    0,    0,    0,    0,    0,    0,    0,    0,    0,    0,    0,    0,    0,    0,    0,    0,    0,    0,    0,    0,    0,    0,    0,    0,    0,    0,    0,    0,    0,    0,    0,    0,    0,    0,    0,    0,    0,    0,    0,    0,    0,    0,    0,    0,    0,    0,    0,    0,    0,    0,    0,    0,    0,    0,    0,    0,    0,    0,    0,    0,    0,    0,    0,    0,    0,    0,    0,    0,    0,    0,    0,    0,    0,    0,    0,    0,    0,    0,    0,    0,    0,    0,    0,    0,    0,    0,    0,    0,    0,    0,    0,    0,    0,    0,    0,    0,    0,    0,    0,    0,    0,    0,    0,    0,    0,    0,    0,    0,    0,    0,    0,    0,    0,    0,    0,    0,    0,    0,    0,    0,    0,    0,    0,    0,    0,    0,    0,    0,    0,    0,    0,    0,    0,    0,    0,    0,    0,    0,    0,    0,    0,    0,    0,    0,    0,    0,    0,    0,    0,    0,    0,    0,    0,    0,    0,    0],
        [  990,    0,    0,  871,  903,  592,   87, 1000, 1124,  526,  802,  339,  439,  608,  788,  802,  209,  593,  554,  219,  628,  723,  818,  800,  544,  710,  468,   90,  357,  988,  587,  640, 1128,  791,  942,   78,  123,  734,  205,  416,  444,  675,  709,  689,  598,  263,  481,  538,  506,  355,  145,  777,  631,  442,  506,  181,  235,  946,  758,  232,  728,  559,  420,  580, 1061,  671, 1064,  183,   88,  561,  674,  906,  541,  221,  783,  560, 1015,  165,  887,  399,  326,  237,  665,  656,  594,  941,  770,  988,  400,  985,  951,  583,  488,  743,  675,  565,  127,  642,  531,   64,  719,  640,  145,  654,  675,  135,  268,  828,  582,  340,  685,  574,  358, 1126, 1058,  877,  858,  624,  141,  786,  785,  463,  901,  262,  596,  321,  570,  623,  506,  486,  422,  832,  930,  387,  112,  593,  656,  132,  859,  331,  787,  580,  569,  377,  260,  170,  694, 1033,  807,  745,  658,  855,  891,  905,  773,  789,  294,  793,   37,  909,  444,  819, 1040,  650,  550,  374,   58,  818,  841,  810,  752, 1056,  682,  653],
        [  351,    0,  871,    0,   42,  289,  896,  201,  346,  774,  276,  532,  456,  400,  163,  616,  733,  728,  524,  837,  851,  261,  467,  882,  328,  310,  425,  927,  547,  191,  411,  629,  313,  130,   86,  798,  924,  864,  674,  463,  761,  656,  166,  253,  331,  609,  391,  494,  366,  548,  982,  563,  588,  622,  500, 1051,  691,  145,  428,  909,  269,  331,  659,  762,  263,  752,  210,  741,  795,  455,  320,  504,  594,  656,  407,  735,  308,  865,  128,  485,  550,  653,  505,  228,  791,  161,  415,  310,  497,  115,  331,  751,  637,  566,  218,  508,  755,  540,  387,  896,  673,  625,  887,  645,  766,  794,  708,  498,  369,  696,  473,  842,  581,  288,  307,  423,  535,  496,  879,  416,  485,  447,  505,  795,  285,  555,  557,  718,  481,  394,  802,  896,  229,  701,  892,  333,  500,  999,   13,  695,  192,  652,  536,  743,  860,  885,  399,  275,  309,  139,  234,  466,  468,  394,  100,  116,  684,  250,  866,   60,  427,  108,  314,  424,  487,  648,  854,  128,   39,  351,  478,  238,  638,  513],
        [  373,    0,  903,   42,    0,  327,  926,  207,  348,  815,  268,  565,  482,  441,  165,  654,  759,  770,  535,  862,  892,  302,  504,  922,  360,  351,  451,  961,  573,  199,  424,  633,  308,  171,   45,  830,  959,  904,  708,  499,  801,  697,  195,  265,  349,  642,  424,  508,  399,  575, 1016,  601,  629,  638,  541, 1083,  728,  158,  424,  946,  273,  369,  699,  803,  265,  793,  197,  777,  829,  468,  328,  537,  605,  687,  400,  776,  324,  892,  155,  513,  580,  688,  508,  266,  832,  178,  453,  330,  534,   88,  356,  792,  651,  563,  258,  519,  789,  581,  426,  927,  713,  665,  915,  686,  806,  830,  746,  487,  385,  735,  513,  883,  619,  277,  316,  457,  570,  536,  915,  408,  477,  471,  538,  833,  312,  589,  566,  759,  522,  423,  843,  935,  252,  720,  927,  373,  503, 1032,   49,  717,  231,  693,  545,  783,  899,  921,  440,  285,  346,  178,  274,  500,  501,  425,  131,  129,  722,  245,  897,   73,  460,  148,  327,  430,  500,  668,  888,  167,   80,  388,  474,  236,  678,  517],
        [  442,    0,  592,  289,  327,    0,  627,  410,  542,  524,  360,  256,  232,  186,  272,  484,  482,  499,  404,  595,  619,  170,  384,  694,   83,  191,  207,  642,  310,  398,  306,  544,  540,  199,  369,  524,  637,  659,  390,  178,  494,  462,  154,  233,  217,  330,  120,  363,   96,  311,  696,  431,  383,  448,  241,  773,  403,  355,  442,  620,  291,   45,  387,  526,  473,  544,  472,  453,  513,  336,  286,  463,  466,  388,  441,  496,  447,  611,  296,  240,  288,  367,  449,   64,  556,  351,  316,  425,  208,  401,  404,  517,  484,  542,   84,  394,  472,  344,  112,  624,  493,  420,  629,  444,  557,  507,  420,  534,  251,  413,  307,  598,  294,  534,  480,  395,  454,  294,  591,  449,  501,  243,  460,  508,  123,  272,  445,  498,  219,  166,  531,  715,  353,  507,  605,   88,  439,  717,  279,  481,  207,  424,  423,  466,  573,  596,  250,  452,  279,  155,   68,  407,  431,  399,  201,  243,  396,  335,  592,  320,  157,  227,  468,  367,  363,  446,  571,  228,  255,  305,  477,  466,  449,  450],
        [ 1042,    0,   87,  896,  926,  627,    0, 1037, 1166,  610,  800,  372,  448,  665,  800,  876,  183,  675,  530,  150,  714,  770,  883,  885,  570,  761,  479,  160,  360, 1025,  579,  598, 1167,  826,  962,  111,  199,  819,  257,  457,  528,  753,  731,  696,  603,  302,  511,  519,  537,  358,  201,  848,  705,  408,  569,  174,  306,  981,  740,  316,  730,  598,  497,  664, 1100,  753, 1095,  258,  160,  547,  672,  971,  506,  241,  766,  642, 1062,   90,  923,  413,  346,  295,  638,  690,  678,  978,  831, 1036,  449, 1010, 1002,  667,  449,  710,  711,  542,  192,  713,  579,   25,  797,  716,   63,  732,  758,  217,  346,  802,  582,  419,  750,  660,  421, 1161, 1102,  937,  926,  691,  227,  769,  760,  467,  966,  348,  614,  362,  539,  704,  567,  504,  508,  916,  974,  341,  195,  639,  630,  158,  884,  292,  828,  658,  541,  460,  347,  255,  753, 1076,  860,  777,  694,  919,  954,  962,  796,  807,  369,  794,   56,  938,  474,  853, 1086,  635,  532,  341,  144,  855,  868,  866,  728, 1093,  759,  626],
        [  193,    0, 1000,  201,  207,  410, 1037,    0,  147,  794,  474,  666,  619,  439,  363,  554,  888,  731,  718,  998,  849,  292,  397,  839,  474,  325,  589, 1043,  708,   13,  604,  828,  130,  213,  217,  933, 1034,  836,  796,  584,  802,  635,  341,  448,  517,  738,  528,  685,  503,  709, 1095,  508,  584,  806,  555, 1180,  794,   61,  628,  996,  469,  442,  714,  768,   66,  734,  104,  848,  918,  647,  518,  399,  788,  798,  606,  747,  127, 1018,  115,  640,  696,  768,  704,  349,  794,   59,  371,  146,  603,  159,  192,  757,  827,  766,  327,  702,  877,  535,  476, 1034,  639,  615, 1038,  631,  747,  905,  798,  694,  557,  768,  459,  852,  671,  131,  109,  327,  450,  503,  983,  614,  683,  618,  401,  877,  453,  679,  752,  713,  542,  553,  848,  846,  106,  881, 1002,  413,  699, 1122,  211,  868,  217,  660,  730,  802,  942,  984,  395,   79,  262,  267,  343,  380,  366,  284,  280,  315,  771,  449, 1001,  142,  565,  187,  124,  622,  679,  825,  974,  183,  203,  295,  678,   58,  615,  712],
        [  184,    0, 1124,  346,  348,  542, 1166,  147,    0,  864,  615,  795,  760,  537,  507,  579, 1024,  792,  864, 1135,  902,  402,  431,  863,  612,  424,  731, 1161,  847,  158,  750,  974,   67,  351,  349, 1060, 1148,  872,  919,  710,  884,  685,  486,  595,  663,  865,  662,  831,  637,  847, 1210,  542,  647,  951,  654, 1302,  909,  207,  771, 1100,  615,  569,  806,  830,   84,  781,  178,  964, 1039,  794,  664,  402,  935,  929,  747,  813,  121, 1153,  255,  778,  830,  888,  850,  484,  853,  200,  428,  156,  724,  282,  211,  818,  973,  910,  459,  848,  998,  602,  593, 1161,  679,  674, 1170,  685,  793, 1021,  906,  833,  703,  868,  526,  913,  783,  119,   68,  350,  465,  580, 1096,  755,  825,  760,  406,  980,  596,  805,  899,  769,  644,  693,  932,  865,  194, 1025, 1117,  531,  845, 1242,  356, 1010,  339,  727,  877,  893, 1043, 1094,  474,   91,  338,  408,  475,  403,  378,  303,  426,  461,  878,  592, 1127,  287,  699,  329,   95,  769,  826,  968, 1094,  320,  350,  356,  821,  114,  664,  858],
        [  687,    0,  526,  774,  815,  524,  610,  794,  864,    0,  879,  462,  592,  375,  794,  347,  612,   87,  806,  698,  116,  521,  446,  276,  552,  477,  596,  494,  586,  785,  757,  944,  899,  648,  859,  520,  459,  211,  417,  433,   83,  204,  675,  747,  697,  442,  505,  768,  514,  585,  510,  352,  218,  765,  283,  642,  334,  764,  930,  347,  805,  482,  161,   59,  834,  154,  891,  363,  455,  763,  783,  512,  839,  509,  938,   56,  743,  666,  712,  555,  513,  383,  895,  567,   69,  747,  437,  709,  381,  866,  655,   66,  818,  993,  565,  805,  435,  263,  413,  589,  236,  197,  658,  193,  155,  394,  279, 1022,  714,  209,  339,   77,  301,  920,  799,  527,  446,  292,  406,  946,  983,  624,  506,  265,  624,  426,  842,  120,  305,  575,  112,  307,  693,  767,  441,  450,  884,  573,  767,  709,  600,  138,  827,  152,  289,  384,  400,  787,  535,  641,  552,  481,  516,  571,  709,  761,  267,  855,  555,  778,  497,  675,  770,  831,  776,  716,  470,  660,  736,  510,  953,  849,  221,  889],
        [  622,    0,  802,  276,  268,  360,  800,  474,  615,  879,    0,  497,  367,  540,  122,  819,  619,  858,  314,  702,  978,  452,  688, 1051,  330,  498,  342,  877,  446,  465,  225,  381,  573,  351,  272,  724,  887, 1018,  638,  470,  841,  818,  226,  134,  209,  569,  387,  301,  371,  447,  935,  763,  740,  438,  599,  971,  688,  420,  157,  909,   79,  399,  733,  884,  532,  903,  456,  723,  745,  264,  129,  745,  377,  583,  133,  854,  583,  745,  398,  411,  485,  633,  255,  335,  914,  437,  625,  583,  520,  341,  597,  876,  433,  297,  350,  297,  711,  698,  468,  808,  846,  778,  773,  801,  916,  766,  723,  222,  220,  739,  650,  954,  614,  537,  581,  665,  761,  648,  854,  141,  210,  341,  744,  813,  257,  533,  334,  858,  576,  338,  872, 1070,  500,  525,  856,  444,  253,  933,  268,  540,  416,  784,  317,  801,  875,  868,  581,  550,  539,  307,  355,  697,  709,  645,  237,  177,  707,   29,  786,  333,  409,  348,  589,  194,  290,  487,  804,  369,  287,  580,  207,  503,  803,  266],
        [  678,    0,  339,  532,  565,  256,  372,  666,  795,  462,  497,    0,  143,  321,  461,  592,  241,  481,  347,  355,  576,  403,  553,  707,  205,  401,  160,  397,  127,  653,  318,  482,  795,  455,  605,  269,  399,  653,  146,   90,  398,  506,  372,  371,  290,   78,  142,  311,  168,  126,  454,  550,  435,  309,  262,  520,  192,  610,  499,  412,  420,  227,  301,  492,  728,  552,  726,  227,  264,  313,  376,  641,  378,  135,  515,  461,  694,  361,  552,   99,   57,  137,  443,  319,  518,  607,  492,  669,  108,  646,  639,  488,  361,  540,  340,  348,  226,  421,  218,  369,  549,  462,  377,  484,  562,  273,  235,  586,  289,  272,  432,  536,  162,  790,  732,  593,  610,  383,  361,  521,  544,  175,  637,  321,  263,   40,  382,  498,  248,  161,  414,  735,  603,  329,  368,  274,  432,  467,  521,  282,  457,  427,  368,  340,  380,  373,  413,  705,  500,  407,  323,  585,  618,  611,  435,  455,  225,  482,  337,  570,  106,  482,  717,  392,  320,  271,  324,  483,  502,  512,  512,  722,  503,  436],
        [  672,    0,  439,  456,  482,  232,  448,  619,  760,  592,  367,  143,    0,  372,  352,  668,  278,  600,  218,  382,  704,  401,  598,  822,  152,  417,   32,  511,   92,  607,  176,  360,  748,  410,  517,  362,  520,  772,  274,  164,  533,  606,  290,  250,  160,  206,  127,  178,  143,   93,  570,  620,  529,  222,  354,  613,  333,  560,  358,  548,  291,  227,  431,  615,  685,  665,  662,  362,  379,  173,  241,  682,  263,  218,  374,  584,  673,  410,  506,   46,  119,  274,  305,  280,  644,  562,  531,  653,  213,  568,  635,  610,  264,  403,  307,  215,  345,  505,  259,  452,  646,  561,  434,  584,  676,  401,  377,  444,  151,  411,  495,  667,  294,  734,  701,  621,  663,  460,  488,  379,  402,   34,  678,  463,  171,  181,  256,  612,  335,   68,  553,  848,  578,  276,  490,  291,  294,  571,  444,  252,  433,  538,  239,  479,  520,  504,  456,  672,  509,  353,  293,  625,  653,  628,  356,  360,  367,  355,  427,  504,  108,  433,  692,  250,  185,  215,  438,  440,  432,  532,  370,  671,  599,  298],
        [  385,    0,  608,  400,  441,  186,  665,  439,  537,  375,  540,  321,  372,    0,  439,  303,  560,  331,  573,  673,  454,  150,  233,  511,  252,  115,  357,  633,  424,  428,  485,  717,  557,  274,  485,  555,  617,  481,  408,  235,  368,  278,  318,  417,  400,  371,  245,  531,  236,  424,  679,  252,  201,  592,  118,  781,  380,  400,  628,  564,  475,  160,  275,  363,  489,  366,  528,  436,  521,  510,  472,  321,  629,  448,  627,  336,  420,  673,  344,  360,  373,  372,  630,  207,  393,  386,  171,  389,  221,  493,  346,  353,  635,  725,  198,  565,  481,  159,  113,  655,  308,  239,  683,  262,  379,  493,  371,  720,  431,  332,  126,  442,  253,  569,  469,  275,  294,  109,  563,  635,  687,  394,  316,  444,  308,  313,  614,  325,  108,  319,  413,  531,  347,  635,  586,   99,  620,  716,  394,  596,  230,  255,  594,  363,  507,  559,   92,  450,  204,  269,  189,  264,  297,  298,  341,  398,  343,  513,  618,  405,  267,  301,  446,  550,  534,  573,  571,  288,  362,  203,  662,  496,  264,  629],
        [  502,    0,  788,  163,  165,  272,  800,  363,  507,  794,  122,  461,  352,  439,    0,  705,  625,  765,  373,  721,  887,  336,  571,  947,  266,  384,  322,  855,  441,  353,  263,  469,  472,  230,  184,  712,  859,  919,  606,  414,  765,  715,  121,  109,  200,  537,  330,  347,  309,  442,  913,  650,  639,  481,  512,  964,  642,  306,  268,  865,  109,  315,  657,  794,  424,  804,  361,  685,  722,  308,  165,  625,  442,  568,  249,  764,  466,  756,  278,  390,  463,  594,  344,  232,  824,  321,  509,  464,  458,  249,  476,  785,  490,  404,  242,  356,  684,  595,  383,  804,  740,  677,  782,  699,  817,  733,  670,  342,  231,  676,  541,  868,  552,  441,  468,  544,  643,  546,  821,  258,  326,  334,  624,  761,  199,  491,  402,  762,  490,  303,  800,  965,  380,  565,  828,  348,  339,  920,  153,  568,  295,  689,  382,  733,  825,  831,  470,  436,  419,  189,  250,  578,  588,  524,  116,   55,  651,   94,  778,  222,  360,  227,  474,  265,  339,  517,  781,  248,  168,  460,  317,  398,  699,  353],
        [  396,    0,  802,  616,  654,  484,  876,  554,  579,  347,  819,  592,  668,  303,  705,    0,  814,  261,  875,  922,  343,  370,  158,  287,  554,  322,  657,  796,  710,  549,  787, 1018,  628,  492,  693,  770,  768,  295,  631,  516,  404,  144,  593,  707,  700,  619,  545,  833,  537,  709,  826,   56,  172,  885,  331,  950,  571,  546,  923,  673,  762,  462,  385,  295,  573,  219,  657,  620,  718,  812,  767,  183,  929,  698,  919,  292,  465,  907,  511,  651,  648,  591,  931,  488,  309,  525,  202,  431,  485,  673,  375,  285,  931, 1026,  470,  867,  685,  172,  411,  860,  115,  166,  910,  159,  228,  670,  534, 1014,  733,  466,  178,  369,  466,  662,  521,  232,  116,  211,  711,  927,  983,  693,  178,  567,  606,  572,  915,  229,  344,  620,  448,  292,  450,  919,  743,  398,  921,  881,  615,  873,  426,  232,  895,  449,  612,  696,  239,  520,  310,  518,  467,  178,  201,  279,  594,  656,  509,  790,  823,  595,  561,  509,  489,  850,  835,  859,  752,  489,  582,  270,  960,  598,  129,  931],
        [  916,    0,  209,  733,  759,  482,  183,  888, 1024,  612,  619,  241,  278,  560,  625,  814,    0,  658,  350,  114,  726,  640,  790,  883,  415,  641,  309,  297,  187,  876,  396,  432, 1018,  676,  794,  140,  324,  821,  197,  330,  533,  711,  567,  519,  426,  197,  363,  337,  388,  185,  353,  778,  648,  234,  487,  356,  279,  830,  558,  406,  550,  460,  468,  657,  953,  735,  937,  260,  199,  365,  491,  879,  333,  117,  584,  630,  928,  133,  774,  249,  196,  234,  459,  541,  678,  830,  731,  904,  341,  845,  877,  657,  281,  536,  565,  361,  194,  644,  459,  194,  755,  668,  157,  688,  743,  257,  334,  623,  402,  404,  665,  677,  351, 1007,  962,  833,  844,  612,  320,  587,  581,  292,  874,  381,  448,  248,  363,  682,  477,  339,  529,  913,  835,  184,  303,  512,  451,  330,  720,  125,  688,  621,  363,  464,  410,  346,  651,  934,  739,  623,  549,  823,  857,  851,  633,  637,  346,  614,  182,  779,  327,  701,  949,  452,  350,  166,  238,  706,  707,  753,  548,  942,  711,  447],
        [  613,    0,  593,  728,  770,  499,  675,  731,  792,   87,  858,  481,  600,  331,  765,  261,  658,    0,  817,  751,  123,  470,  367,  228,  539,  423,  601,  569,  608,  723,  757,  958,  830,  600,  813,  579,  535,  173,  462,  437,  156,  119,  645,  729,  689,  475,  500,  778,  505,  607,  589,  269,  148,  789,  262,  719,  383,  705,  923,  428,  787,  460,  190,   38,  767,   79,  830,  420,  517,  768,  772,  429,  856,  548,  929,   35,  672,  724,  656,  568,  536,  424,  899,  534,   64,  687,  366,  637,  388,  814,  582,   26,  842,  997,  528,  814,  492,  197,  391,  655,  149,  119,  719,  111,   86,  459,  333, 1016,  710,  260,  273,  122,  322,  855,  728,  449,  362,  235,  480,  936,  978,  631,  423,  336,  608,  448,  855,   34,  284,  574,  195,  257,  628,  800,  515,  418,  888,  650,  723,  745,  547,   77,  839,  217,  369,  461,  340,  718,  470,  600,  517,  401,  435,  495,  672,  727,  315,  833,  619,  727,  499,  626,  698,  830,  784,  746,  538,  610,  691,  441,  950,  784,  137,  895],
        [  816,    0,  554,  524,  535,  404,  530,  718,  864,  806,  314,  347,  218,  573,  373,  875,  350,  817,    0,  408,  920,  567,  788, 1039,  325,  594,  222,  640,  233,  706,  115,  144,  837,  531,  556,  480,  661,  990,  447,  382,  744,  821,  382,  272,  207,  389,  332,   43,  338,  235,  698,  824,  744,  130,  570,  703,  522,  658,  213,  718,  269,  416,  646,  832,  783,  882,  731,  537,  521,   73,  208,  866,   71,  362,  243,  801,  799,  460,  614,  252,  303,  461,  111,  430,  860,  667,  720,  788,  430,  621,  782,  827,  120,  198,  457,   18,  498,  716,  464,  543,  860,  776,  491,  800,  894,  563,  573,  274,  166,  618,  698,  881,  507,  810,  815,  797,  857,  669,  643,  243,  231,  188,  863,  652,  294,  385,   41,  829,  550,  256,  761, 1065,  705,  216,  635,  482,  102,  679,  513,  244,  575,  755,   22,  686,  702,  664,  650,  784,  675,  471,  449,  810,  834,  795,  438,  409,  568,  320,  530,  582,  323,  545,  814,  122,   42,  191,  573,  559,  515,  705,  199,  761,  813,   99],
        [ 1030,    0,  219,  837,  862,  595,  150,  998, 1135,  698,  702,  355,  382,  673,  721,  922,  114,  751,  408,    0,  809,  753,  902,  972,  524,  755,  413,  305,  292,  986,  477,  458, 1127,  786,  894,  184,  341,  908,  294,  444,  617,  813,  672,  613,  521,  306,  475,  406,  499,  290,  350,  886,  753,  280,  596,  310,  368,  939,  621,  447,  638,  574,  563,  747, 1063,  829, 1044,  337,  252,  439,  577,  991,  373,  227,  650,  722, 1040,   62,  884,  358,  310,  333,  512,  652,  766,  940,  844, 1017,  454,  949,  991,  748,  313,  575,  677,  422,  265,  752,  572,  173,  857,  771,   93,  790,  836,  316,  420,  675,  492,  493,  776,  758,  457, 1115, 1074,  946,  955,  722,  355,  651,  634,  391,  987,  450,  553,  361,  411,  777,  588,  446,  606, 1003,  947,  202,  329,  626,  505,  307,  825,  165,  801,  721,  416,  547,  465,  384,  764, 1046,  853,  732,  661,  936,  970,  965,  737,  737,  437,  700,  183,  885,  439,  811, 1062,  522,  418,  219,  268,  816,  813,  866,  603, 1051,  815,  499],
        [  720,    0,  628,  851,  892,  619,  714,  849,  902,  116,  978,  576,  704,  454,  887,  343,  726,  123,  920,  809,    0,  592,  472,  178,  655,  545,  707,  587,  701,  841,  867, 1058,  943,  723,  936,  629,  549,  110,  531,  543,  193,  218,  766,  847,  803,  558,  612,  881,  619,  700,  596,  365,  268,  880,  380,  730,  447,  825, 1037,  430,  906,  579,  276,   94,  882,  125,  949,  473,  563,  875,  888,  522,  954,  624, 1044,  124,  783,  774,  777,  668,  628,  498, 1006,  656,   64,  807,  480,  748,  492,  936,  692,  103,  934, 1105,  651,  918,  545,  316,  510,  692,  229,  234,  765,  219,  115,  500,  392, 1130,  822,  324,  391,   55,  415,  970,  839,  554,  454,  357,  500, 1051, 1091,  736,  517,  367,  725,  540,  956,  137,  402,  684,  207,  209,  745,  882,  535,  540,  995,  662,  846,  825,  669,  200,  941,  263,  378,  476,  461,  832,  587,  723,  640,  503,  535,  601,  794,  850,  382,  953,  659,  849,  607,  748,  809,  940,  888,  832,  571,  732,  814,  556, 1061,  900,  238, 1001],
        [  277,    0,  723,  261,  302,  170,  770,  292,  402,  521,  452,  403,  401,  150,  336,  370,  640,  470,  567,  753,  592,    0,  239,  624,  252,   50,  377,  759,  476,  281,  462,  703,  414,  132,  345,  661,  747,  604,  518,  315,  518,  396,  228,  350,  367,  468,  282,  526,  261,  476,  809,  315,  328,  617,  265,  901,  508,  250,  568,  705,  401,  181,  424,  504,  346,  491,  378,  562,  638,  496,  417,  305,  631,  537,  560,  479,  293,  763,  194,  406,  444,  487,  598,  138,  532,  237,  174,  267,  323,  346,  238,  493,  652,  685,  113,  555,  597,  279,  192,  763,  414,  364,  779,  384,  505,  620,  507,  656,  406,  477,  213,  586,  383,  422,  336,  232,  311,  236,  695,  569,  629,  412,  303,  586,  274,  408,  606,  458,  250,  336,  563,  639,  208,  676,  716,  131,  589,  840,  257,  648,   80,  394,  585,  512,  650,  695,  140,  312,  110,  149,  119,  252,  271,  230,  224,  287,  480,  423,  728,  258,  316,  156,  317,  512,  525,  615,  692,  141,  224,  140,  610,  349,  378,  600],
        [  249,    0,  818,  467,  504,  384,  883,  397,  431,  446,  688,  553,  598,  233,  571,  158,  790,  367,  788,  902,  472,  239,    0,  442,  463,  198,  580,  830,  656,  392,  689,  928,  476,  348,  540,  773,  807,  443,  627,  467,  481,  255,  466,  587,  597,  597,  471,  746,  457,  656,  868,  113,  230,  819,  314,  982,  584,  389,  806,  731,  639,  374,  427,  405,  419,  350,  500,  638,  731,  720,  654,   90,  848,  676,  798,  391,  313,  898,  356,  590,  605,  588,  830,  371,  426,  368,   69,  279,  449,  517,  222,  393,  860,  920,  349,  777,  693,  194,  343,  870,  248,  250,  906,  257,  362,  693,  561,  894,  634,  503,  134,  487,  462,  508,  370,   83,   73,  196,  750,  807,  867,  617,   85,  615,  502,  542,  828,  341,  317,  540,  529,  449,  293,  866,  779,  308,  821,  915,  467,  828,  280,  310,  807,  507,  669,  740,  143,  366,  158,  382,  351,   38,   76,  129,  456,  519,  533,  660,  833,  441,  496,  362,  339,  745,  747,  804,  775,  340,  435,  116,  847,  442,  235,  831],
        [  681,    0,  800,  882,  922,  694,  885,  839,  863,  276, 1051,  707,  822,  511,  947,  287,  883,  228, 1039,  972,  178,  624,  442,    0,  746,  574,  820,  763,  834,  833,  972, 1181,  914,  754,  963,  796,  726,   69,  686,  658,  358,  233,  828,  926,  898,  703,  715,  999,  717,  833,  773,  331,  311, 1016,  473,  907,  606,  827, 1131,  607,  984,  660,  417,  226,  859,  157,  942,  638,  731,  987,  977,  463, 1081,  775, 1133,  253,  751,  941,  787,  791,  763,  650, 1116,  717,  208,  806,  475,  717,  611,  950,  661,  227, 1068, 1214,  706, 1035,  710,  353,  595,  864,  210,  274,  934,  250,  146,  670,  553, 1224,  923,  481,  411,  232,  549,  948,  807,  518,  399,  403,  676, 1141, 1188,  852,  459,  539,  811,  675, 1077,  211,  494,  790,  380,   32,  734, 1027,  711,  608, 1105,  839,  879,  972,  691,  284, 1060,  427,  555,  652,  485,  806,  587,  768,  698,  464,  486,  565,  843,  903,  538, 1024,  830,  868,  718,  775,  775, 1043, 1004,  973,  744,  756,  846,  549, 1161,  884,  249, 1112],
        [  521,    0,  544,  328,  360,   83,  570,  474,  612,  552,  330,  205,  152,  252,  266,  554,  415,  539,  325,  524,  655,  252,  463,  746,    0,  273,  126,  602,  235,  462,  234,  467,  604,  262,  400,  471,  602,  705,  349,  148,  511,  517,  168,  197,  152,  283,   66,  284,   44,  236,  658,  502,  438,  366,  278,  723,  378,  416,  386,  600,  254,   93,  403,  562,  539,  592,  526,  422,  469,  259,  233,  543,  386,  330,  390,  531,  522,  545,  360,  167,  225,  332,  378,  130,  592,  416,  395,  502,  194,  442,  484,  555,  402,  474,  155,  316,  430,  404,  152,  569,  552,  474,  566,  498,  605,  473,  405,  479,  180,  413,  377,  628,  288,  593,  552,  477,  532,  355,  560,  398,  442,  161,  540,  495,   73,  231,  366,  543,  255,   85,  543,  769,  427,  427,  570,  158,  368,  672,  316,  403,  282,  468,  345,  473,  559,  569,  326,  523,  361,  209,  142,  487,  512,  481,  230,  253,  385,  308,  539,  368,  100,  287,  542,  300,  285,  366,  529,  293,  298,  387,  416,  528,  506,  377],
        [  281,    0,  710,  310,  351,  191,  761,  325,  424,  477,  498,  401,  417,  115,  384,  322,  641,  423,  594,  755,  545,   50,  198,  574,  273,    0,  395,  741,  486,  315,  493,  733,  442,  181,  393,  652,  727,  554,  507,  312,  478,  346,  272,  391,  400,  461,  293,  553,  275,  486,  788,  267,  279,  636,  232,  886,  488,  289,  609,  678,  444,  191,  389,  458,  374,  442,  417,  543,  624,  525,  456,  272,  657,  534,  602,  433,  309,  761,  235,  417,  447,  473,  632,  174,  486,  274,  131,  279,  312,  392,  241,  447,  674,  722,  152,  583,  584,  230,  184,  753,  364,  315,  774,  335,  456,  601,  483,  699,  437,  447,  163,  540,  361,  455,  356,  205,  270,  189,  673,  611,  670,  431,  269,  558,  306,  402,  635,  410,  221,  354,  524,  589,  233,  691,  696,  130,  623,  823,  306,  659,  125,  348,  613,  477,  621,  671,   90,  336,   99,  197,  153,  217,  240,  213,  273,  335,  455,  469,  718,  305,  324,  205,  334,  548,  553,  629,  676,  188,  274,  116,  649,  382,  328,  634],
        [  646,    0,  468,  425,  451,  207,  479,  589,  731,  596,  342,  160,   32,  357,  322,  657,  309,  601,  222,  413,  707,  377,  580,  820,  126,  395,    0,  538,  123,  577,  163,  365,  718,  380,  486,  391,  546,  772,  297,  165,  541,  600,  259,  222,  134,  228,  113,  180,  123,  124,  597,  607,  522,  242,  349,  643,  351,  530,  343,  570,  265,  206,  437,  618,  655,  663,  631,  384,  405,  168,  218,  663,  273,  247,  357,  586,  645,  441,  476,   70,  145,  295,  299,  253,  646,  532,  513,  626,  216,  537,  609,  612,  281,  398,  279,  216,  370,  496,  246,  482,  639,  555,  465,  579,  675,  425,  393,  432,  130,  423,  482,  672,  302,  703,  673,  599,  646,  449,  513,  363,  390,   37,  659,  480,  140,  197,  261,  611,  329,   42,  564,  845,  550,  302,  516,  272,  289,  599,  413,  280,  406,  536,  243,  489,  539,  527,  439,  643,  485,  323,  266,  606,  633,  605,  325,  329,  381,  329,  456,  473,  102,  403,  664,  238,  185,  241,  465,  411,  401,  510,  359,  641,  592,  295],
        [ 1018,    0,   90,  927,  961,  642,  160, 1043, 1161,  494,  877,  397,  511,  633,  855,  796,  297,  569,  640,  305,  587,  759,  830,  763,  602,  741,  538,    0,  434, 1031,  667,  729, 1170,  838, 1001,  161,   42,  695,  254,  465,  414,  662,  769,  759,  670,  320,  537,  622,  562,  432,   59,  777,  627,  531,  523,  154,  254,  992,  841,  166,  801,  605,  413,  551, 1102,  645, 1113,  198,  134,  643,  749,  916,  629,  294,  864,  535, 1049,  247,  932,  468,  394,  276,  750,  706,  561,  985,  787, 1019,  440, 1040,  979,  556,  578,  831,  723,  650,  172,  645,  569,  136,  704,  631,  223,  643,  648,  141,  270,  913,  658,  332,  696,  533,  381, 1171, 1094,  894,  863,  634,   89,  868,  870,  537,  910,  233,  659,  373,  657,  600,  527,  552,  385,  794,  967,  477,   54,  631,  741,   85,  916,  421,  827,  568,  655,  354,  210,  112,  714, 1071,  836,  797,  706,  867,  904,  925,  830,  852,  298,  866,  123,  961,  502,  867, 1074,  731,  634,  462,   74,  865,  895,  834,  837, 1101,  672,  739],
        [  751,    0,  357,  547,  573,  310,  360,  708,  847,  586,  446,  127,   92,  424,  441,  710,  187,  608,  233,  292,  701,  476,  656,  834,  235,  486,  123,  434,    0,  695,  234,  360,  837,  497,  608,  279,  448,  780,  216,  194,  519,  631,  381,  337,  244,  157,  194,  202,  216,    2,  493,  665,  558,  182,  383,  527,  290,  649,  412,  490,  372,  296,  426,  618,  773,  678,  753,  307,  305,  215,  317,  743,  254,  141,  434,  587,  756,  319,  594,   70,   74,  229,  337,  364,  644,  650,  592,  735,  229,  660,  713,  614,  234,  430,  390,  237,  276,  541,  314,  365,  673,  586,  343,  608,  689,  338,  341,  491,  226,  389,  543,  660,  288,  824,  787,  687,  717,  500,  422,  438,  448,  108,  739,  420,  262,  161,  263,  624,  367,  155,  532,  862,  661,  211,  419,  357,  326,  488,  535,  174,  515,  554,  252,  458,  471,  441,  514,  758,  581,  441,  375,  686,  716,  698,  447,  451,  337,  437,  341,  594,  163,  521,  776,  302,  213,  150,  362,  527,  523,  600,  415,  760,  627,  328],
        [  193,    0,  988,  191,  199,  398, 1025,   13,  158,  785,  465,  653,  607,  428,  353,  549,  876,  723,  706,  986,  841,  281,  392,  833,  462,  315,  577, 1031,  695,    0,  592,  817,  142,  200,  211,  921, 1022,  829,  784,  572,  792,  628,  329,  437,  505,  726,  516,  674,  491,  697, 1083,  502,  575,  794,  544, 1168,  783,   49,  618,  985,  459,  430,  703,  760,   78,  727,  110,  836,  906,  636,  507,  396,  777,  786,  597,  738,  131, 1006,  103,  628,  684,  756,  694,  336,  786,   47,  364,  147,  592,  156,  190,  748,  815,  756,  314,  690,  865,  527,  464, 1022,  632,  607, 1025,  623,  740,  893,  786,  685,  545,  757,  451,  843,  660,  142,  117,  323,  446,  494,  972,  605,  674,  606,  398,  866,  441,  667,  741,  705,  531,  541,  838,  840,   99,  870,  990,  402,  688, 1110,  201,  856,  206,  651,  719,  791,  931,  972,  386,   86,  254,  255,  331,  375,  363,  280,  269,  304,  759,  440,  989,  132,  553,  175,  129,  612,  668,  813,  962,  171,  192,  288,  668,   70,  608,  702],
        [  704,    0,  587,  411,  424,  306,  579,  604,  750,  757,  225,  318,  176,  485,  263,  787,  396,  757,  115,  477,  867,  462,  689,  972,  234,  493,  163,  667,  234,  592,    0,  242,  723,  418,  447,  510,  681,  927,  443,  325,  703,  747,  268,  159,   96,  378,  258,   85,  257,  236,  725,  735,  668,  219,  500,  751,  507,  543,  183,  719,  165,  326,  599,  776,  669,  816,  619,  533,  539,   45,  103,  765,  185,  374,  201,  745,  686,  521,  500,  220,  289,  448,  145,  324,  805,  552,  621,  675,  377,  510,  670,  770,  227,  243,  350,   99,  509,  636,  383,  588,  783,  703,  549,  727,  828,  569,  552,  270,   56,  585,  610,  833,  464,  698,  701,  693,  760,  587,  655,  206,  228,  143,  762,  637,  188,  356,  151,  765,  479,  184,  726,  996,  591,  305,  652,  390,  135,  717,  399,  316,  464,  690,  129,  651,  694,  672,  556,  670,  569,  359,  344,  710,  731,  688,  324,  297,  541,  225,  569,  468,  260,  431,  700,   75,   77,  263,  595,  446,  401,  601,  197,  647,  737,  144],
        [  942,    0,  640,  629,  633,  544,  598,  828,  974,  944,  381,  482,  360,  717,  469, 1018,  432,  958,  144,  458, 1058,  703,  928, 1181,  467,  733,  365,  729,  360,  817,  242,    0,  940,  655,  647,  571,  755, 1131,  566,  524,  878,  965,  504,  383,  337,  515,  476,  186,  482,  362,  784,  968,  887,  201,  713,  767,  646,  769,  235,  826,  361,  559,  783,  972,  892, 1024,  828,  653,  622,  209,  311, 1005,  107,  474,  267,  941,  920,  517,  732,  391,  434,  585,  127,  565,  999,  781,  860,  911,  571,  715,  910,  967,  152,  128,  591,  152,  605,  860,  608,  616, 1003,  920,  549,  943, 1035,  671,  699,  244,  298,  749,  842, 1018,  643,  909,  930,  934,  998,  813,  746,  263,  214,  331, 1002,  773,  429,  519,  105,  971,  693,  400,  892, 1207,  827,  258,  732,  625,  131,  754,  619,  309,  704,  898,  124,  817,  818,  769,  792,  898,  810,  597,  585,  950,  972,  930,  554,  514,  697,  396,  610,  688,  466,  666,  932,  206,  183,  268,  668,  682,  626,  842,  193,  866,  957,  117],
        [  234,    0, 1128,  313,  308,  540, 1167,  130,   67,  899,  573,  795,  748,  557,  472,  628, 1018,  830,  837, 1127,  943,  414,  476,  914,  604,  442,  718, 1170,  837,  142,  723,  940,    0,  342,  303, 1062, 1160,  919,  924,  713,  913,  726,  465,  565,  639,  867,  658,  806,  632,  838, 1221,  588,  683,  930,  674, 1308,  920,  188,  730, 1119,  580,  571,  830,  868,   69,  824,  122,  974, 1046,  767,  633,  455,  907,  927,  705,  849,  164, 1148,  245,  770,  825,  896,  815,  478,  892,  189,  464,  198,  731,  234,  254,  856,  948,  869,  456,  820, 1005,  637,  602, 1163,  724,  712, 1167,  725,  836, 1031,  921,  787,  679,  888,  560,  952,  796,   52,  108,  397,  516,  610, 1109,  713,  782,  745,  459,  999,  580,  808,  869,  809,  662,  682,  960,  917,  210, 1007, 1128,  540,  811, 1249,  325,  996,  343,  762,  848,  918, 1063, 1108,  502,  112,  366,  396,  473,  451,  429,  350,  402,  429,  894,  551, 1130,  255,  695,  317,  140,  736,  799,  951, 1102,  313,  324,  390,  780,   77,  706,  824],
        [  288,    0,  791,  130,  171,  199,  826,  213,  351,  648,  351,  455,  410,  274,  230,  492,  676,  600,  531,  786,  723,  132,  348,  754,  262,  181,  380,  838,  497,  200,  418,  655,  342,    0,  214,  722,  831,  735,  588,  375,  639,  527,  151,  276,  325,  528,  316,  494,  291,  498,  891,  437,  459,  606,  379,  971,  593,  156,  486,  804,  316,  234,  540,  633,  277,  623,  276,  646,  710,  459,  349,  396,  600,  586,  472,  607,  270,  806,   98,  429,  484,  562,  538,  137,  662,  154,  291,  258,  399,  221,  257,  623,  632,  615,  116,  516,  669,  410,  277,  823,  544,  495,  825,  515,  636,  701,  603,  568,  366,  583,  344,  714,  475,  336,  293,  316,  418,  366,  783,  481,  546,  411,  396,  687,  248,  470,  568,  589,  362,  343,  681,  768,  175,  677,  799,  218,  531,  915,  126,  660,   68,  524,  546,  626,  753,  786,  270,  263,  192,   60,  133,  351,  360,  295,  115,  176,  577,  322,  790,  134,  353,   30,  287,  452,  490,  619,  767,   31,   93,  234,  532,  268,  509,  543],
