{
    "name": "random-93-29560",
    "comment": "size=93 seed=29560",
    "nodes": ["+0", "-0", "+1", "-1", "+2", "-2", "+3", "-3", "+4", "-4", "+5", "-5", "+6", "-6", "+7", "-7", "+8", "-8", "+9", "-9", "+10", "-10", "+11", "-11", "+12", "-12", "+13", "-13", "+14", "-14", "+15", "-15", "+16", "-16", "+17", "-17", "+18", "-18", "+19", "-19", "+20", "-20", "+21", "-21", "+22", "-22", "+23", "-23", "+24", "-24", "+25", "-25", "+26", "-26", "+27", "-27", "+28", "-28", "+29", "-29", "+30", "-30", "+31", "-31", "+32", "-32", "+33", "-33", "+34", "-34", "+35", "-35", "+36", "-36", "+37", "-37", "+38", "-38", "+39", "-39", "+40", "-40", "+41", "-41", "+42", "-42", "+43", "-43", "+44", "-44", "+45", "-45", "+46", "-46", "+47", "-47", "+48", "-48", "+49", "-49", "+50", "-50", "+51", "-51", "+52", "-52", "+53", "-53", "+54", "-54", "+55", "-55", "+56", "-56", "+57", "-57", "+58", "-58", "+59", "-59", "+60", "-60", "+61", "-61", "+62", "-62", "+63", "-63", "+64", "-64", "+65", "-65", "+66", "-66", "+67", "-67", "+68", "-68", "+69", "-69", "+70", "-70", "+71", "-71", "+72", "-72", "+73", "-73", "+74", "-74", "+75", "-75", "+76", "-76", "+77", "-77", "+78", "-78", "+79", "-79", "+80", "-80", "+81", "-81", "+82", "-82", "+83", "-83", "+84", "-84", "+85", "-85", "+86", "-86", "+87", "-87", "+88", "-88", "+89", "-89", "+90", "-90", "+91", "-91", "+92", "-92", "+93", "-93"],
    "precedence": {
        "+0": "-0",
        "+1": "-1",
        "+2": "-2",
        "+3": "-3",
        "+4": "-4",
        "+5": "-5",
        "+6": "-6",
        "+7": "-7",
        "+8": "-8",
        "+9": "-9",
        "+10": "-10",
        "+11": "-11",
        "+12": "-12",
        "+13": "-13",
        "+14": "-14",
        "+15": "-15",
        "+16": "-16",
        "+17": "-17",
        "+18": "-18",
        "+19": "-19",
        "+20": "-20",
        "+21": "-21",
        "+22": "-22",
        "+23": "-23",
        "+24": "-24",
        "+25": "-25",
        "+26": "-26",
        "+27": "-27",
        "+28": "-28",
        "+29": "-29",
        "+30": "-30",
        "+31": "-31",
        "+32": "-32",
        "+33": "-33",
        "+34": "-34",
        "+35": "-35",
        "+36": "-36",
        "+37": "-37",
        "+38": "-38",
        "+39": "-39",
        "+40": "-40",
        "+41": "-41",
        "+42": "-42",
        "+43": "-43",
        "+44": "-44",
        "+45": "-45",
        "+46": "-46",
        "+47": "-47",
        "+48": "-48",
        "+49": "-49",
        "+50": "-50",
        "+51": "-51",
        "+52": "-52",
        "+53": "-53",
        "+54": "-54",
        "+55": "-55",
        "+56": "-56",
        "+57": "-57",
        "+58": "-58",
        "+59": "-59",
        "+60": "-60",
        "+61": "-61",
        "+62": "-62",
        "+63": "-63",
        "+64": "-64",
        "+65": "-65",
        "+66": "-66",
        "+67": "-67",
        "+68": "-68",
        "+69": "-69",
        "+70": "-70",
        "+71": "-71",
        "+72": "-72",
        "+73": "-73",
        "+74": "-74",
        "+75": "-75",
        "+76": "-76",
        "+77": "-77",
        "+78": "-78",
        "+79": "-79",
        "+80": "-80",
        "+81": "-81",
        "+82": "-82",
        "+83": "-83",
        "+84": "-84",
        "+85": "-85",
        "+86": "-86",
        "+87": "-87",
        "+88": "-88",
        "+89": "-89",
        "+90": "-90",
        "+91": "-91",
        "+92": "-92",
        "+93": "-93"
    },
    "edges": [
        [    0,    0,   83,  837, 1151, 1278,  662,  551,  828,   31,  221,  451,  128,   91,  823,  767,  639,  969,  938,  554,  796,  887,  522,  744,  800,  674,  963,  514,  643,  960,  656,  759,  136, 1011,  886,  680,  462, 1152,  309, 1028,  729,  804,  979,  315,  693,  413,  475,  957,  317,  878,  242,  781,  676,  704,  623,  561,  415,  948,  962,  517,  110,  625,  473,   71,  102,  788,  720,  889,  779,  177,  492,  702,  694,  792,  797, 1070,  810,  967,  708, 1116,  248,  936, 1120,  582,  838,  783,  349,  458,  586,  128,  494,  799,  531,  271,  323,  357,  838,  848,  674,  714,  490,  430, 1078,  735,  592,  650,  867,  946,  474,  846,  898,  402,  371,  979,  988,  810,  736,  580,  554,  301,  811,  901,  903,  832,  663,  847,  865,  161,  854, 1034,  833,  651, 1122,  404,  791,  759,  725, 1061,  807,  885,  673,  171,  139,  394,  197,  323,  642,  588, 1028,  908,  510,  972,  202,   92,  884,  587,  389,  858,  917,  104,  820,  765,  768,  139,  738,  313,  888,  797, 1052,  665,  600,  909,  818,  776,  657,  733, 1276, 1125, 1090,  506,  911,  782,  814,  608,  299,  656,  152,  405],
        [    0,    0,    0,    0,    0,    0,    0,    0,    0,    0,    0,    0,    0,    0,    0,    0,    0,    0,    0,    0,    0,    0,    0,    0,    0,    0,    0,    0,    0,    0,    0,    0,    0,    0,    0,    0,    0,    0,    0,    0,    0,    0,    0,    0,    0,    0,    0,    0,    0,    0,    0,    0,    0,    0,    0,    0,    0,    0,    0,    0,    0,    0,    0,    0,    0,    0,    0,    0,    0,    0,    0,    0,    0,    0,    0,    0,    0,    0,    0,    0,    0,    0,    0,    0,    0,    0,    0,    0,    0,    0,    0,    0,    0,    0,    0,    0,    0,    0,    0,    0,    0,    0,    0,    0,    0,    0,    0,    0,    0,    0,    0,    0,    0,    0,    0,    0,    0,    0,    0,    0,    0,    0,    0,    0,    0,    0,    0,    0,    0,    0,    0,    0,    0,    0,    0,    0,    0,    0,    0,    0,    0,    0,    0,    0,    0,    0,    0,    0,    0,    0,    0,    0,    0,    0,    0,    0,    0,    0,    0,    0,    0,    0,    0,    0,    0,    0,    0,    0,    0,    0,    0,    0,    0,    0,    0,    0,    0,    0,    0,    0,    0,    0,    0,    0,    0,    0,    0,    0],
        [   83,    0,    0,  807, 1124, 1249,  586,  510,  794,  113,  151,  463,  129,  130,  809,  708,  572,  934,  920,  487,  723,  884,  521,  738,  742,  654,  949,  495,  680,  903,  689,  757,  111,  979,  926,  622,  455, 1116,  361,  980,  687,  828,  955,  323,  626,  336,  436,  909,  342,  875,  280,  755,  642,  740,  565,  576,  455,  947,  950,  493,   74,  634,  419,   16,   43,  815,  674,  839,  794,  155,  508,  640,  633,  734,  735, 1032,  743,  966,  734, 1092,  300,  944, 1088,  549,  824,  712,  375,  499,  546,   60,  432,  757,  552,  286,  242,  398,  806,  866,  669,  667,  516,  408, 1039,  749,  608,  574,  859,  892,  461,  859,  822,  342,  321,  953,  974,  784,  727,  618,  586,  241,  846,  870,  906,  847,  606,  856,  793,   83,  792,  985,  853,  597, 1085,  354,  783,  772,  766, 1037,  750,  919,  621,   98,   71,  325,  120,  247,  589,  607,  987,  850,  443,  916,  202,   23,  877,  605,  348,  830,  904,   29,  841,  742,  710,   88,  673,  268,  923,  728, 1032,  617,  524,  874,  820,  707,  687,  676, 1247, 1091, 1061,  459,  841,  783,  746,  532,  218,  662,  186,  365],
        [  837,    0,  807,    0,  318,  442,  605,  309,   47,  853,  685,  484,  711,  760,  171,  339,  449,  144,  167,  481,  553,  295,  382,  243,  320,  182,  220,  332,  627,  358,  589,  282,  706,  175,  735,  346,  405,  323,  718,  287,  174,  535,  161,  557,  453,  643,  375,  243,  604,  288,  683,   69,  169,  631,  365,  452,  640,  345,  240,  322,  739,  395,  431,  803,  844,  558,  210,  241,  444,  662,  480,  382,  372,  332,  382,  254,  460,  354,  531,  291,  727,  426,  283,  260,  162,  525,  590,  641,  272,  843,  466,  140,  500,  606,  725,  657,   28,  487,  277,  224,  536,  408,  262,  430,  452,  574,  233,  319,  381,  445,  668,  513,  500,  152,  241,   46,  223,  627,  574,  592,  656,   64,  359,  462,  337,  401,  550,  752,  391,  310,  508,  318,  297,  473,  223,  424,  679,  241,  306,  677,  292,  729,  742,  570,  724,  662,  304,  476,  227,  354,  490,  351,  641,  785,  248,  464,  463,   32,  207,  781,  506,  103,  328,  720,  419,  543,  687,  495,  249,  256,  587,   88,  325,  479,  561,  315,  440,  290,  254,  371,  548,  306,  473,  585,  716,  367,  719,  444],
        [ 1151,    0, 1124,  318,    0,  132,  868,  625,  339, 1165, 1002,  765, 1024, 1071,  363,  579,  724,  216,  238,  774,  776,  396,  665,  463,  546,  480,  248,  639,  834,  482,  792,  479, 1021,  158,  857,  620,  704,  137, 1003,  327,  469,  678,  177,  859,  712,  949,  693,  356,  898,  397,  981,  370,  486,  817,  655,  703,  909,  391,  268,  634, 1055,  632,  744, 1119, 1161,  709,  497,  417,  601,  976,  750,  643,  638,  560,  605,  188,  676,  384,  717,   56, 1021,  487,   77,  577,  344,  751,  879,  900,  587, 1160,  771,  407,  753,  909, 1037,  937,  323,  607,  526,  510,  797,  721,  190,  611,  691,  840,  362,  450,  685,  566,  863,  826,  817,  173,  235,  341,  456,  853,  812,  909,  802,  257,  443,  590,  618,  522,  746, 1069,  585,  353,  636,  606,  156,  789,  417,  594,  859,  105,  529,  794,  577, 1047, 1059,  881, 1041,  975,  598,  713,  232,  515,  791,  466,  952, 1102,  358,  703,  780,  295,  293, 1098,  641,  389,  568, 1037,  664,  860,  804,  716,  136,  553,  864,  265,  473,  707,  765,  573,  128,  100,   67,  685,  724,  481,  687,  860, 1029,  597, 1026,  762],
        [ 1278,    0, 1249,  442,  132,    0,  958,  745,  458, 1293, 1123,  896, 1151, 1200,  493,  669,  822,  323,  368,  879,  852,  517,  796,  593,  633,  610,  373,  768,  959,  542,  917,  607, 1147,  272,  968,  720,  834,  170, 1134,  383,  581,  796,  308,  989,  803, 1060,  815,  430, 1029,  519, 1111,  498,  608,  939,  760,  833, 1040,  504,  390,  762, 1180,  762,  860, 1245, 1285,  827,  606,  500,  723, 1103,  880,  738,  734,  648,  688,  256,  753,  494,  840,  180, 1152,  597,  165,  700,  475,  829, 1010, 1030,  708, 1283,  883,  515,  883, 1039, 1152, 1068,  444,  722,  656,  618,  927,  849,  253,  735,  821,  932,  488,  516,  814,  683,  926,  944,  938,  303,  357,  469,  587,  981,  940, 1029,  917,  379,  559,  707,  721,  641,  813, 1192,  659,  404,  752,  712,  204,  909,  547,  717,  980,  234,  617,  904,  683, 1169, 1183,  996, 1163, 1091,  707,  842,  307,  584,  899,  524, 1081, 1227,  483,  832,  903,  421,  420, 1223,  758,  518,  659, 1162,  752,  983,  914,  793,  260,  664,  961,  379,  596,  788,  891,  669,    7,  170,  189,  804,  785,  608,  763,  956, 1146,  727, 1156,  885],
        [  662,    0,  586,  605,  868,  958,    0,  389,  563,  692,  443,  684,  591,  646,  727,  290,  158,  653,  771,  172,  156,  855,  642,  728,  325,  584,  822,  533,  952,  448,  933,  770,  556,  713, 1161,  259,  586,  791,  790,  589,  432,  984,  757,  614,  157,  251,  401,  531,  684,  846,  702,  602,  480,  991,  250,  756,  804,  918,  839,  498,  562,  760,  305,  594,  594,  991,  396,  458,  905,  540,  722,  227,  235,  311,  274,  703,  226,  932,  924,  864,  751,  973,  802,  452,  730,  159,  700,  837,  407,  575,  242,  474,  774,  632,  355,  774,  583,  974,  696,  382,  773,  494,  706,  867,  782,   33,  799,  459,  557,  943,  237,  311,  374,  741,  844,  617,  705,  910,  853,  385, 1069,  642,  909,  947,  270,  912,  229,  504,  315,  578,  980,  292,  756,  354,  747,  878, 1037,  826,  342, 1122,  315,  492,  524,  281,  467,  340,  311,  799,  651,  393,  204,  466,  579,  572,  818,  788,  404,  636,  800,  560,  973,  620,  300,  530,  207,  422, 1131,  191,  845,  357,   65,  614,  841,  184,  914,  297,  959,  791,  803,  348,  281,  805,  221,   57,  372,  761,  655,  411],
        [  551,    0,  510,  309,  625,  745,  389,    0,  288,  571,  378,  334,  430,  485,  371,  268,  244,  426,  451,  223,  418,  487,  266,  349,  288,  210,  493,  155,  582,  436,  559,  388,  416,  474,  777,  195,  227,  607,  516,  479,  179,  596,  467,  327,  284,  345,   77,  409,  394,  477,  451,  272,  141,  615,  158,  381,  482,  554,  503,  119,  446,  374,  127,  508,  544,  604,  173,  346,  516,  376,  361,  238,  225,  286,  315,  522,  368,  570,  541,  600,  502,  595,  582,   68,  379,  391,  394,  505,   38,  540,  177,  248,  408,  368,  418,  473,  302,  586,  309,  169,  419,  161,  529,  479,  403,  357,  439,  413,  193,  557,  550,  205,  194,  460,  517,  297,  326,  551,  491,  284,  686,  369,  535,  560,  173,  528,  457,  448,  363,  488,  592,  146,  575,  164,  376,  490,  663,  549,  289,  736,  153,  426,  442,  266,  418,  354,  126,  422,  478,  392,  211,  443,  371,  488,  459,  411,  163,  336,  458,  483,  584,  273,  263,  424,  291,  242,  745,  381,  552,  125,  346,  367,  461,  357,  536,  225,  744,  583,  560,   64,  484,  422,  378,  347,  407,  374,  457,  147],
        [  828,    0,  794,   47,  339,  458,  563,  288,    0,  845,  666,  495,  702,  754,  214,  294,  409,  142,  211,  445,  508,  340,  394,  278,  274,  196,  265,  332,  656,  315,  619,  319,  695,  186,  773,  305,  410,  325,  726,  258,  136,  573,  196,  558,  410,  613,  359,  207,  609,  333,  685,   95,  153,  663,  328,  474,  653,  391,  285,  317,  727,  421,  406,  790,  829,  595,  170,  198,  482,  652,  496,  339,  330,  286,  336,  247,  415,  401,  564,  318,  731,  470,  295,  246,  206,  479,  597,  658,  251,  827,  435,   95,  520,  606,  699,  667,   21,  528,  304,  184,  554,  402,  256,  465,  476,  533,  278,  277,  383,  487,  622,  488,  481,  183,  285,   83,  256,  651,  597,  572,  692,   84,  404,  502,  297,  443,  504,  735,  344,  280,  547,  280,  296,  452,  263,  461,  711,  272,  259,  716,  252,  713,  727,  543,  706,  637,  268,  500,  213,  309,  457,  310,  635,  772,  293,  488,  447,   76,  253,  767,  546,  131,  282,  707,  374,  527,  727,  449,  284,  220,  548,   82,  367,  433,  591,  271,  456,  298,  273,  347,  502,  345,  427,  545,  691,  396,  715,  429],
        [   31,    0,  113,  853, 1165, 1293,  692,  571,  845,    0,  250,  453,  143,   96,  832,  791,  666,  986,  950,  581,  825,  892,  529,  752,  824,  687,  973,  527,  634,  984,  649,  764,  157, 1027,  876,  705,  471, 1169,  297, 1049,  749,  800,  992,  321,  720,  443,  495,  978,  315,  884,  236,  795,  693,  695,  647,  561,  406,  953,  971,  532,  135,  627,  497,  101,  129,  783,  741,  911,  778,  196,  493,  727,  719,  816,  822, 1088,  837,  972,  704, 1129,  237,  937, 1135,  600,  848,  811,  347,  449,  605,  155,  520,  819,  529,  275,  354,  348,  854,  846,  681,  735,  487,  445, 1096,  735,  592,  679,  875,  969,  484,  846,  927,  427,  394,  993,  998,  824,  745,  571,  547,  327,  802,  916,  906,  831,  687,  848,  893,  191,  879, 1056,  830,  674, 1140,  427,  799,  759,  715, 1073,  831,  876,  696,  200,  168,  422,  226,  353,  664,  587, 1046,  932,  537,  995,  213,  122,  892,  587,  410,  872,  926,  135,  818,  778,  792,  166,  764,  335,  879,  825, 1064,  687,  629,  926,  822,  803,  651,  757, 1291, 1141, 1105,  528,  939,  787,  841,  637,  329,  659,  152,  424],
        [  221,    0,  151,  685, 1002, 1123,  443,  378,  666,  250,    0,  420,  161,  209,  709,  559,  422,  804,  811,  337,  576,  799,  450,  650,  594,  546,  845,  397,  673,  755,  673,  676,  121,  852,  916,  474,  379,  983,  402,  838,  551,  789,  838,  288,  476,  198,  310,  767,  335,  789,  309,  638,  516,  729,  417,  530,  464,  865,  850,  386,  120,  576,  275,  155,  174,  782,  535,  695,  741,  128,  467,  490,  483,  585,  585,  897,  593,  883,  702,  973,  349,  875,  960,  426,  722,  563,  365,  507,  416,  165,  282,  621,  518,  272,  134,  415,  680,  815,  586,  526,  492,  308,  904,  696,  563,  430,  766,  745,  374,  802,  679,  194,  185,  834,  870,  666,  636,  616,  572,   96,  830,  745,  829,  794,  459,  791,  645,   73,  642,  841,  807,  451,  951,  216,  692,  717,  763,  921,  603,  899,  476,   54,   83,  175,   40,  108,  445,  568,  851,  701,  293,  768,  186,  133,  785,  562,  223,  709,  803,  123,  796,  630,  561,   88,  523,  146,  904,  578,  919,  477,  380,  745,  744,  557,  664,  529, 1122,  961,  937,  322,  692,  705,  596,  388,  106,  598,  234,  243],
        [  451,    0,  463,  484,  765,  896,  684,  334,  495,  453,  420,    0,  336,  361,  407,  598,  563,  627,  532,  514,  745,  444,  103,  314,  614,  302,  544,  187,  272,  746,  261,  318,  356,  651,  503,  528,  107,  803,  239,  746,  461,  370,  589,  141,  610,  532,  289,  683,  143,  436,  229,  416,  372,  320,  487,  113,  160,  502,  537,  220,  392,  175,  380,  452,  506,  362,  475,  639,  331,  317,   47,  571,  558,  614,  647,  737,  701,  521,  282,  720,  261,  485,  753,  305,  425,  719,  117,  173,  343,  519,  443,  515,  100,  181,  537,  175,  496,  403,  244,  478,   90,  191,  746,  286,  146,  655,  436,  717,  141,  397,  875,  391,  328,  596,  567,  444,  313,  227,  170,  378,  414,  544,  454,  384,  506,  396,  788,  453,  693,  762,  392,  479,  779,  337,  363,  309,  361,  664,  611,  481,  483,  434,  425,  449,  448,  479,  458,  148,  707,  710,  481,  749,  263,  445,  450,  144,  286,  492,  495,  448,  380,  387,  593,  394,  624,  308,  487,  712,  647,  446,  628,  570,  371,  687,  248,  555,  892,  765,  713,  347,  817,  337,  711,  632,  512,  207,  302,  276],
        [  128,    0,  129,  711, 1024, 1151,  591,  430,  702,  143,  161,  336,    0,   59,  696,  659,  543,  844,  811,  462,  712,  763,  399,  619,  690,  547,  836,  387,  555,  849,  562,  636,   40,  884,  801,  572,  336, 1026,  251,  908,  608,  700,  852,  196,  598,  354,  353,  837,  214,  754,  162,  654,  551,  614,  515,  448,  332,  826,  836,  390,   63,  508,  364,  117,  171,  687,  601,  772,  666,   57,  380,  598,  589,  683,  692,  946,  714,  845,  606,  988,  193,  818,  993,  457,  711,  696,  247,  376,  463,  187,  395,  677,  424,  158,  292,  277,  712,  738,  550,  595,  388,  303,  954,  622,  480,  573,  742,  832,  346,  732,  823,  302,  259,  851,  861,  683,  611,  494,  459,  209,  720,  774,  782,  720,  554,  730,  777,  144,  749,  916,  725,  539,  997,  293,  666,  645,  642,  933,  695,  792,  559,  135,  110,  311,  161,  266,  527,  479,  904,  798,  416,  859,   77,  112,  759,  477,  270,  730,  790,  118,  713,  637,  659,   82,  639,  200,  796,  706,  925,  547,  527,  783,  697,  683,  559,  622, 1149,  998,  963,  389,  821,  660,  719,  534,  264,  537,   75,  284],
        [   91,    0,  130,  760, 1071, 1200,  646,  485,  754,   96,  209,  361,   59,    0,  737,  717,  602,  895,  855,  520,  769,  797,  434,  656,  748,  592,  878,  433,  557,  907,  569,  670,   91,  934,  802,  631,  376, 1078,  232,  964,  663,  714,  898,  226,  657,  405,  409,  893,  226,  789,  155,  702,  603,  617,  574,  470,  329,  858,  876,  439,   93,  534,  422,  115,  167,  699,  657,  829,  688,  116,  401,  657,  647,  741,  751,  998,  772,  877,  618, 1034,  171,  845, 1043,  509,  753,  754,  259,  373,  518,  189,  453,  732,  440,  181,  334,  272,  763,  757,  586,  652,  400,  353, 1006,  644,  501,  629,  779,  890,  389,  755,  879,  360,  318,  899,  902,  731,  649,  494,  466,  266,  724,  824,  812,  741,  612,  756,  835,  175,  808,  972,  743,  597, 1049,  351,  704,  668,  641,  979,  754,  798,  617,  173,  142,  368,  201,  316,  585,  498,  957,  856,  475,  917,  120,  121,  796,  496,  327,  779,  831,  132,  730,  684,  717,  123,  697,  258,  801,  764,  969,  604,  582,  835,  728,  741,  568,  681, 1197, 1049, 1012,  446,  879,  692,  777,  590,  307,  566,   62,  340],
        [  823,    0,  809,  171,  363,  493,  727,  371,  214,  832,  709,  407,  696,  737,    0,  489,  570,  280,  126,  581,  700,  132,  311,  101,  477,  166,  141,  315,  486,  528,  446,  126,  700,  278,  568,  475,  362,  425,  644,  448,  307,  370,  191,  515,  586,  714,  413,  411,  545,  123,  630,  133,  248,  480,  478,  341,  547,  192,  142,  324,  737,  271,  497,  802,  849,  395,  344,  411,  280,  655,  388,  517,  506,  487,  536,  381,  614,  205,  379,  315,  666,  260,  364,  304,   19,  671,  523,  538,  339,  854,  547,  299,  391,  564,  777,  577,  198,  317,  164,  357,  434,  404,  390,  273,  330,  695,   72,  490,  350,  275,  822,  567,  536,  204,  166,  132,   95,  497,  452,  625,  493,  198,  193,  293,  461,  231,  706,  768,  552,  474,  339,  436,  410,  516,   61,  263,  527,  260,  464,  509,  415,  745,  751,  632,  747,  712,  417,  352,  371,  522,  578,  521,  621,  787,   91,  342,  490,  153,   95,  786,  339,  109,  478,  725,  561,  563,  520,  645,  240,  371,  698,  243,  156,  626,  418,  458,  489,  381,  318,  432,  709,  141,  626,  698,  762,  237,  686,  470],
        [  767,    0,  708,  339,  579,  669,  290,  268,  294,  791,  559,  598,  659,  717,  489,    0,  162,  365,  504,  238,  215,  620,  520,  520,   39,  384,  558,  414,  833,  197,  804,  564,  635,  425, 1002,   87,  492,  503,  780,  309,  184,  808,  478,  590,  135,  428,  332,  245,  659,  612,  710,  356,  268,  858,  145,  631,  750,  677,  578,  379,  658,  607,  295,  710,  732,  822,  151,  170,  719,  602,  622,   76,   79,   27,   51,  414,  125,  688,  771,  577,  762,  747,  512,  298,  487,  186,  661,  771,  257,  721,  277,  199,  664,  628,  535,  741,  314,  779,  511,  140,  681,  427,  418,  690,  647,  264,  559,  192,  458,  742,  334,  367,  400,  460,  577,  363,  495,  808,  748,  468,  913,  364,  681,  752,  106,  703,  219,  632,   96,  303,  792,  126,  468,  367,  524,  695,  906,  543,   54,  953,  116,  612,  638,  392,  595,  487,  144,  669,  362,  142,  274,  211,  614,  688,  577,  657,  396,  369,  544,  679,  788,  384,   12,  629,   86,  460,  962,  157,  564,  155,  295,  331,  627,  140,  779,   44,  670,  501,  514,  280,  231,  596,  138,  290,  539,  595,  701,  388],
        [  639,    0,  572,  449,  724,  822,  158,  244,  409,  666,  422,  563,  543,  602,  570,  162,    0,  508,  614,   86,  184,  698,  507,  573,  200,  429,  665,  396,  822,  351,  800,  616,  514,  567, 1020,  105,  459,  659,  705,  470,  275,  838,  603,  518,   56,  270,  275,  404,  589,  688,  623,  444,  323,  858,   94,  623,  698,  761,  682,  360,  531,  617,  196,  577,  592,  847,  240,  329,  755,  488,  596,   86,   88,  187,  170,  569,  172,  775,  784,  715,  675,  817,  661,  303,  572,  161,  599,  727,  256,  578,  150,  322,  646,  546,  380,  677,  429,  823,  545,  226,  652,  374,  574,  720,  646,  127,  641,  351,  427,  791,  313,  242,  292,  588,  687,  460,  549,  787,  728,  339,  929,  489,  753,  796,  113,  759,  238,  493,  226,  464,  831,  134,  624,  263,  591,  729,  905,  676,  215,  979,  158,  476,  504,  248,  455,  338,  153,  664,  518,  295,  130,  367,  512,  554,  661,  653,  306,  480,  642,  544,  824,  462,  169,  500,  102,  350,  987,  164,  692,  199,  141,  464,  686,  141,  779,  153,  823,  653,  658,  217,  279,  650,  176,  138,  387,  616,  596,  306],
        [  969,    0,  934,  144,  216,  323,  653,  426,  142,  986,  804,  627,  844,  895,  280,  365,  508,    0,  205,  559,  569,  379,  525,  370,  335,  326,  254,  472,  760,  302,  720,  403,  836,   61,  845,  404,  547,  184,  861,  179,  258,  648,  142,  697,  497,  737,  498,  169,  747,  375,  824,  211,  294,  758,  440,  592,  783,  411,  280,  458,  868,  531,  538,  931,  969,  674,  284,  212,  559,  793,  623,  428,  422,  349,  395,  110,  469,  414,  657,  213,  869,  504,  159,  387,  265,  543,  733,  783,  389,  966,  560,  193,  640,  746,  829,  801,  134,  590,  414,  296,  678,  544,  119,  552,  589,  625,  322,  265,  522,  547,  666,  621,  619,  119,  263,  185,  354,  763,  713,  709,  772,   87,  442,  567,  402,  501,  547,  873,  382,  207,  614,  392,  155,  589,  339,  543,  805,  184,  318,  784,  363,  851,  867,  673,  843,  768,  385,  613,   92,  321,  578,  289,  776,  912,  330,  602,  587,  139,  269,  907,  615,  243,  354,  847,  450,  667,  794,  508,  214,  341,  648,   61,  431,  498,  692,  357,  323,  158,  151,  483,  532,  421,  481,  645,  823,  502,  856,  569],
        [  938,    0,  920,  167,  238,  368,  771,  451,  211,  950,  811,  532,  811,  855,  126,  504,  614,  205,    0,  641,  718,  181,  434,  225,  483,  267,   55,  426,  601,  494,  560,  242,  813,  180,  652,  512,  481,  314,  769,  383,  340,  461,   76,  635,  620,  794,  506,  365,  669,  178,  753,  180,  313,  588,  529,  466,  672,  207,   79,  428,  848,  395,  577,  914,  959,  490,  376,  387,  377,  768,  514,  548,  539,  495,  546,  287,  624,  210,  487,  190,  790,  301,  247,  390,  108,  690,  647,  663,  415,  962,  619,  305,  515,  685,  867,  703,  191,  396,  290,  390,  560,  513,  295,  380,  453,  740,  132,  456,  466,  354,  830,  654,  632,   96,   74,  158,  220,  617,  574,  723,  586,  149,  240,  376,  502,  308,  711,  873,  549,  411,  423,  482,  305,  608,  180,  366,  633,  134,  468,  590,  457,  851,  859,  716,  850,  802,  467,  475,  291,  502,  646,  484,  737,  898,  134,  465,  589,  136,   68,  896,  426,  181,  493,  834,  585,  666,  601,  660,  116,  419,  751,  194,  246,  644,  532,  481,  364,  268,  198,  514,  705,  247,  636,  749,  855,  359,  806,  569],
        [  554,    0,  487,  481,  774,  879,  172,  223,  445,  581,  337,  514,  462,  520,  581,  238,   86,  559,  641,    0,  254,  704,  471,  570,  276,  428,  690,  363,  780,  432,  762,  611,  431,  616,  990,  163,  415,  720,  635,  541,  309,  815,  640,  452,  140,  191,  230,  473,  523,  694,  551,  465,  334,  820,  120,  585,  639,  769,  704,  328,  447,  590,  135,  491,  506,  821,  278,  398,  738,  407,  551,  163,  160,  264,  254,  630,  256,  785,  754,  760,  602,  816,  716,  290,  586,  235,  537,  670,  247,  492,   75,  367,  603,  476,  298,  613,  464,  809,  532,  265,  603,  324,  636,  699,  611,  142,  652,  429,  385,  780,  375,  161,  217,  627,  713,  484,  547,  740,  682,  255,  899,  528,  755,  782,  159,  751,  316,  407,  310,  538,  814,  168,  686,  192,  594,  712,  866,  716,  288,  953,  197,  390,  419,  162,  370,  253,  178,  628,  579,  376,   46,  447,  435,  469,  671,  617,  240,  511,  661,  459,  806,  476,  243,  416,  188,  273,  961,  245,  728,  226,  123,  510,  683,  223,  742,  219,  879,  710,  707,  177,  360,  645,  260,  125,  303,  593,  517,  244],
        [  796,    0,  723,  553,  776,  852,  156,  418,  508,  825,  576,  745,  712,  769,  700,  215,  184,  569,  718,  254,    0,  831,  684,  722,  237,  581,  772,  573, 1000,  318,  976,  766,  680,  628, 1189,  235,  640,  683,  886,  471,  393, 1001,  690,  700,  136,  394,  457,  423,  772,  822,  803,  568,  467, 1033,  261,  799,  881,  890,  792,  536,  692,  787,  378,  730,  736, 1013,  357,  360,  915,  658,  776,  189,  203,  224,  175,  598,  101,  901,  954,  780,  855,  957,  704,  470,  699,   30,  782,  910,  423,  719,  326,  413,  825,  727,  503,  860,  528,  979,  705,  345,  833,  557,  600,  883,  820,  154,  771,  338,  607,  944,  132,  414,  470,  671,  791,  576,  697,  967,  908,  504, 1099,  576,  891,  952,  255,  908,   74,  641,  193,  455,  990,  283,  648,  443,  731,  890, 1080,  750,  254, 1144,  294,  627,  658,  404,  604,  478,  306,  840,  548,  270,  298,  337,  688,  708,  789,  828,  488,  583,  758,  696,  984,  593,  226,  660,  140,  526, 1153,   61,  774,  341,  206,  540,  833,   75,  954,  243,  854,  690,  714,  399,  125,  799,   90,  198,  517,  782,  770,  488],
        [  887,    0,  884,  295,  396,  517,  855,  487,  340,  892,  799,  444,  763,  797,  132,  620,  698,  379,  181,  704,  831,    0,  365,  150,  608,  278,  150,  403,  445,  651,  403,  128,  774,  359,  473,  605,  429,  490,  669,  556,  438,  285,  256,  572,  716,  826,  520,  528,  587,   10,  673,  264,  375,  423,  606,  352,  559,   68,  128,  421,  811,  278,  610,  875,  925,  315,  475,  536,  207,  730,  414,  648,  636,  618,  667,  467,  745,   85,  324,  341,  702,  131,  421,  420,  135,  802,  560,  540,  458,  933,  664,  429,  398,  618,  880,  600,  323,  217,  215,  488,  446,  491,  475,  221,  330,  823,   63,  612,  427,  174,  953,  675,  636,  276,  161,  261,  166,  472,  439,  722,  409,  308,   64,  197,  590,  129,  837,  852,  682,  583,  244,  565,  484,  621,  113,  202,  464,  294,  594,  410,  545,  830,  831,  741,  835,  814,  545,  347,  468,  649,  698,  643,  687,  863,   50,  340,  588,  272,  114,  863,  248,  239,  609,  803,  692,  656,  421,  776,  260,  500,  823,  355,   83,  757,  377,  589,  512,  443,  370,  547,  840,  109,  757,  823,  862,  242,  742,  569],
        [  522,    0,  521,  382,  665,  796,  642,  266,  394,  529,  450,  103,  399,  434,  311,  520,  507,  525,  434,  471,  684,  365,    0,  224,  532,  200,  450,  112,  317,  655,  294,  237,  411,  549,  520,  457,   73,  700,  340,  647,  370,  356,  489,  208,  549,  525,  242,  586,  235,  356,  320,  314,  277,  351,  423,  116,  260,  427,  446,  148,  448,  130,  342,  512,  563,  357,  388,  545,  295,  367,  106,  502,  488,  534,  570,  635,  630,  446,  285,  622,  357,  426,  651,  223,  328,  657,  214,  267,  266,  572,  406,  419,  145,  256,  551,  277,  395,  369,  153,  392,  166,  162,  644,  250,  141,  611,  347,  624,   90,  353,  815,  374,  319,  495,  474,  341,  219,  288,  229,  388,  429,  442,  385,  346,  435,  341,  720,  495,  612,  664,  366,  407,  677,  317,  272,  269,  398,  565,  527,  486,  407,  475,  472,  438,  483,  488,  385,  158,  605,  623,  444,  657,  323,  500,  364,  147,  270,  390,  402,  502,  355,  285,  513,  443,  555,  317,  494,  645,  550,  366,  591,  468,  300,  621,  273,  477,  793,  663,  612,  295,  745,  262,  641,  594,  529,  149,  379,  254],
        [  744,    0,  738,  243,  463,  593,  728,  349,  278,  752,  650,  314,  619,  656,  101,  520,  573,  370,  225,  570,  722,  150,  224,    0,  515,  145,  231,  254,  391,  590,  351,   45,  628,  374,  496,  489,  284,  524,  548,  529,  336,  297,  291,  432,  599,  680,  374,  485,  455,  140,  541,  185,  256,  389,  480,  241,  448,  216,  224,  273,  665,  171,  468,  729,  779,  318,  370,  471,  206,  583,  291,  534,  521,  522,  569,  476,  644,  234,  289,  414,  574,  247,  464,  281,  119,  693,  430,  438,  323,  786,  524,  349,  291,  480,  731,  481,  267,  260,   71,  381,  335,  342,  485,  187,  230,  696,  124,  553,  279,  223,  849,  529,  488,  304,  253,  198,   25,  398,  352,  573,  415,  285,  188,  233,  471,  186,  738,  703,  595,  553,  275,  444,  507,  474,   49,  184,  437,  359,  504,  441,  429,  682,  684,  595,  686,  666,  423,  252,  461,  576,  559,  586,  543,  717,  140,  242,  440,  234,  182,  716,  272,  149,  509,  656,  583,  506,  451,  671,  337,  383,  691,  326,  114,  650,  323,  483,  589,  481,  418,  405,  748,   78,  656,  692,  714,  137,  603,  420],
        [  800,    0,  742,  320,  546,  633,  325,  288,  274,  824,  594,  614,  690,  748,  477,   39,  200,  335,  483,  276,  237,  608,  532,  515,    0,  383,  538,  428,  841,  162,  810,  559,  667,  395, 1002,  121,  508,  467,  803,  270,  179,  806,  453,  614,  172,  466,  356,  207,  681,  599,  735,  345,  270,  863,  178,  640,  768,  663,  559,  395,  691,  611,  327,  744,  767,  823,  150,  134,  717,  633,  635,  115,  117,   15,   63,  378,  141,  673,  774,  547,  786,  736,  478,  311,  473,  210,  682,  787,  272,  756,  313,  181,  675,  652,  573,  761,  294,  774,  512,  142,  695,  448,  382,  690,  654,  300,  546,  154,  474,  736,  348,  401,  431,  434,  556,  348,  490,  819,  759,  502,  915,  340,  669,  747,  137,  696,  230,  667,   82,  264,  789,  152,  432,  398,  515,  693,  912,  515,   18,  952,  137,  647,  672,  428,  631,  524,  167,  677,  327,  109,  311,  174,  643,  722,  563,  664,  424,  349,  527,  714,  785,  374,   34,  662,  119,  491,  961,  178,  538,  168,  332,  304,  620,  165,  785,   68,  635,  466,  482,  306,  234,  590,  153,  327,  576,  598,  729,  415],
        [  674,    0,  654,  182,  480,  610,  584,  210,  196,  687,  546,  302,  547,  592,  166,  384,  429,  326,  267,  428,  581,  278,  200,  145,  383,    0,  299,  161,  471,  480,  437,  188,  547,  353,  620,  347,  226,  503,  536,  452,  205,  425,  306,  380,  455,  550,  248,  394,  424,  268,  504,  116,  116,  486,  336,  281,  459,  345,  305,  162,  582,  236,  334,  647,  693,  440,  234,  364,  336,  502,  301,  392,  379,  389,  434,  435,  506,  361,  393,  443,  547,  389,  458,  142,  177,  552,  408,  463,  181,  695,  386,  235,  326,  430,  612,  476,  195,  399,  129,  244,  359,  247,  444,  307,  287,  552,  231,  446,  205,  364,  709,  402,  371,  308,  324,  144,  121,  461,  405,  461,  532,  243,  328,  372,  328,  330,  600,  607,  465,  471,  411,  301,  479,  351,  167,  312,  535,  387,  374,  570,  287,  585,  593,  467,  585,  546,  279,  311,  406,  457,  420,  479,  474,  632,  251,  298,  326,  193,  258,  629,  405,   92,  374,  568,  442,  401,  579,  531,  379,  240,  548,  268,  257,  509,  410,  345,  607,  468,  423,  270,  614,  222,  518,  549,  597,  217,  547,  306],
        [  963,    0,  949,  220,  248,  373,  822,  493,  265,  973,  845,  544,  836,  878,  141,  558,  665,  254,   55,  690,  772,  150,  450,  231,  538,  299,    0,  454,  587,  548,  545,  238,  841,  222,  619,  564,  503,  343,  779,  432,  391,  434,  116,  656,  672,  837,  544,  417,  684,  150,  769,  226,  358,  570,  578,  468,  677,  162,   27,  460,  877,  395,  620,  942,  989,  464,  427,  441,  354,  796,  522,  601,  591,  550,  600,  328,  678,  162,  469,  195,  804,  258,  272,  430,  126,  744,  660,  664,  458,  993,  664,  359,  517,  705,  907,  711,  245,  365,  300,  441,  563,  543,  335,  363,  452,  791,  117,  509,  491,  323,  885,  695,  669,  139,   26,  207,  232,  609,  570,  759,  558,  203,  203,  346,  553,  278,  765,  906,  603,  460,  393,  532,  338,  647,  182,  347,  612,  145,  522,  556,  507,  883,  890,  758,  884,  842,  516,  473,  337,  556,  693,  537,  762,  927,  110,  464,  624,  190,   50,  926,  397,  221,  547,  864,  638,  700,  567,  714,  113,  468,  801,  248,  225,  698,  519,  535,  368,  295,  222,  556,  760,  236,  690,  799,  894,  359,  827,  605],
        [  514,    0,  495,  332,  639,  768,  533,  155,  332,  527,  397,  187,  387,  433,  315,  414,  396,  472,  426,  363,  573,  403,  112,  254,  428,  161,  454,    0,  428,  561,  405,  284,  388,  506,  628,  348,   84,  654,  398,  571,  278,  455,  466,  226,  438,  437,  137,  505,  279,  394,  353,  271,  193,  462,  312,  227,  343,  470,  456,   37,  423,  228,  238,  489,  535,  459,  290,  456,  383,  343,  208,  392,  378,  429,  463,  579,  521,  488,  391,  603,  399,  490,  613,  118,  329,  546,  270,  360,  158,  539,  301,  336,  254,  275,  479,  345,  338,  456,  195,  292,  268,   90,  588,  342,  250,  502,  369,  533,   52,  433,  704,  283,  237,  467,  479,  300,  239,  397,  337,  319,  536,  395,  438,  431,  325,  412,  610,  454,  508,  585,  458,  298,  627,  226,  295,  357,  509,  547,  425,  590,  299,  432,  437,  349,  434,  414,  276,  269,  544,  524,  339,  565,  314,  474,  388,  257,  188,  348,  410,  472,  448,  252,  407,  410,  445,  253,  598,  535,  539,  261,  484,  412,  356,  511,  383,  371,  766,  621,  580,  186,  636,  316,  531,  487,  460,  235,  388,  169],
        [  643,    0,  680,  627,  834,  959,  952,  582,  656,  634,  673,  272,  555,  557,  486,  833,  822,  760,  601,  780, 1000,  445,  317,  391,  841,  471,  587,  428,    0,  950,   43,  362,  586,  763,  246,  773,  366,  910,  341,  913,  669,  204,  674,  387,  865,  802,  552,  861,  343,  442,  402,  562,  575,   62,  740,  203,  229,  474,  570,  464,  618,  236,  648,  666,  721,  176,  693,  834,  243,  555,  231,  818,  805,  844,  883,  866,  945,  489,  124,  781,  398,  407,  847,  537,  504,  973,  311,  186,  581,  740,  711,  706,  178,  404,  798,  287,  649,  277,  352,  699,  186,  458,  875,  225,  187,  922,  473,  916,  396,  301, 1132,  663,  600,  689,  603,  582,  407,   64,  103,  644,  169,  674,  416,  277,  751,  332, 1037,  691,  922,  935,  249,  723,  896,  608,  427,  244,   90,  730,  834,  243,  721,  676,  659,  720,  694,  744,  701,  164,  850,  924,  750,  950,  495,  666,  478,  177,  557,  623,  542,  672,  238,  526,  825,  628,  871,  576,  246,  962,  700,  678,  897,  713,  364,  938,   70,  790,  954,  866,  799,  608, 1060,  354,  956,  901,  772,  261,  496,  546],
        [  960,    0,  903,  358,  482,  542,  448,  436,  315,  984,  755,  746,  849,  907,  528,  197,  351,  302,  494,  432,  318,  651,  655,  590,  162,  480,  548,  561,  950,    0,  916,  633,  827,  355, 1086,  282,  643,  374,  949,  160,  286,  886,  442,  762,  311,  621,  508,  134,  827,  644,  886,  406,  379,  965,  339,  755,  903,  695,  572,  531,  851,  715,  487,  905,  928,  907,  272,  119,  795,  792,  761,  270,  275,  171,  183,  296,  225,  701,  870,  499,  937,  781,  407,  444,  519,  300,  825,  918,  413,  917,  474,  246,  796,  803,  730,  903,  330,  843,  604,  271,  821,  594,  296,  775,  765,  429,  589,   39,  610,  801,  385,  562,  591,  420,  560,  398,  567,  936,  878,  663, 1003,  347,  715,  817,  298,  758,  272,  827,  134,  140,  862,  310,  341,  557,  578,  773, 1014,  482,  154, 1030,  291,  808,  833,  588,  792,  683,  322,  788,  251,   57,  470,   19,  799,  883,  602,  776,  581,  379,  552,  875,  860,  442,  194,  823,  254,  650, 1040,  264,  514,  311,  470,  301,  682,  265,  890,  228,  545,  388,  428,  462,  244,  659,  232,  464,  734,  696,  886,  571],
        [  656,    0,  689,  589,  792,  917,  933,  559,  619,  649,  673,  261,  562,  569,  446,  804,  800,  720,  560,  762,  976,  403,  294,  351,  810,  437,  545,  405,   43,  916,    0,  321,  591,  723,  244,  747,  348,  869,  361,  875,  637,  169,  633,  386,  842,  793,  532,  825,  349,  400,  415,  525,  543,   59,  716,  178,  244,  432,  528,  441,  624,  202,  630,  676,  731,  144,  662,  800,  202,  558,  217,  792,  779,  814,  854,  826,  919,  448,   83,  740,  416,  367,  806,  510,  463,  949,  316,  204,  555,  748,  694,  672,  163,  408,  795,  302,  611,  239,  315,  669,  181,  442,  835,  183,  158,  903,  431,  882,  377,  261, 1108,  650,  588,  648,  561,  544,  368,   88,  104,  638,  158,  635,  374,  237,  725,  291, 1010,  695,  892,  897,  213,  697,  855,  594,  386,  202,  105,  688,  804,  230,  693,  679,  664,  709,  696,  739,  675,  137,  811,  892,  733,  915,  499,  673,  436,  149,  544,  584,  500,  680,  200,  489,  796,  633,  845,  568,  234,  936,  658,  650,  880,  674,  322,  912,   29,  762,  912,  825,  758,  587, 1033,  313,  930,  884,  769,  224,  508,  532],
        [  759,    0,  757,  282,  479,  607,  770,  388,  319,  764,  676,  318,  636,  670,  126,  564,  616,  403,  242,  611,  766,  128,  237,   45,  559,  188,  238,  284,  362,  633,  321,    0,  647,  403,  454,  533,  303,  549,  547,  567,  381,  255,  313,  444,  642,  715,  409,  525,  461,  120,  547,  227,  300,  356,  523,  232,  441,  191,  226,  306,  684,  158,  505,  748,  798,  277,  414,  514,  163,  603,  290,  578,  565,  567,  614,  506,  688,  210,  254,  428,  577,  209,  486,  321,  143,  737,  434,  427,  365,  807,  563,  392,  281,  491,  762,  479,  307,  215,   90,  425,  327,  370,  515,  149,  215,  738,  123,  595,  302,  178,  894,  563,  520,  328,  258,  238,   70,  376,  334,  602,  374,  320,  155,  189,  515,  143,  782,  727,  639,  591,  231,  488,  535,  507,   66,  143,  402,  374,  548,  398,  473,  705,  705,  629,  711,  697,  467,  236,  494,  619,  598,  628,  559,  736,  135,  227,  471,  271,  189,  736,  228,  192,  554,  677,  627,  534,  409,  715,  348,  427,  732,  362,   73,  694,  293,  528,  603,  505,  439,  443,  792,   35,  701,  733,  744,  122,  614,  452],
