{
    "name": "random-94-14055",
    "comment": "size=94 seed=14055",
    "nodes": ["+0", "-0", "+1", "-1", "+2", "-2", "+3", "-3", "+4", "-4", "+5", "-5", "+6", "-6", "+7", "-7", "+8", "-8", "+9", "-9", "+10", "-10", "+11", "-11", "+12", "-12", "+13", "-13", "+14", "-14", "+15", "-15", "+16", "-16", "+17", "-17", "+18", "-18", "+19", "-19", "+20", "-20", "+21", "-21", "+22", "-22", "+23", "-23", "+24", "-24", "+25", "-25", "+26", "-26", "+27", "-27", "+28", "-28", "+29", "-29", "+30", "-30", "+31", "-31", "+32", "-32", "+33", "-33", "+34", "-34", "+35", "-35", "+36", "-36", "+37", "-37", "+38", "-38", "+39", "-39", "+40", "-40", "+41", "-41", "+42", "-42", "+43", "-43", "+44", "-44", "+45", "-45", "+46", "-46", "+47", "-47", "+48", "-48", "+49", "-49", "+50", "-50", "+51", "-51", "+52", "-52", "+53", "-53", "+54", "-54", "+55", "-55", "+56", "-56", "+57", "-57", "+58", "-58", "+59", "-59", "+60", "-60", "+61", "-61", "+62", "-62", "+63", "-63", "+64", "-64", "+65", "-65", "+66", "-66", "+67", "-67", "+68", "-68", "+69", "-69", "+70", "-70", "+71", "-71", "+72", "-72", "+73", "-73", "+74", "-74", "+75", "-75", "+76", "-76", "+77", "-77", "+78", "-78", "+79", "-79", "+80", "-80", "+81", "-81", "+82", "-82", "+83", "-83", "+84", "-84", "+85", "-85", "+86", "-86", "+87", "-87", "+88", "-88", "+89", "-89", "+90", "-90", "+91", "-91", "+92", "-92", "+93", "-93", "+94", "-94"],
    "precedence": {
        "+0": "-0",
        "+1": "-1",
        "+2": "-2",
        "+3": "-3",
        "+4": "-4",
        "+5": "-5",
        "+6": "-6",
        "+7": "-7",
        "+8": "-8",
        "+9": "-9",
        "+10": "-10",
        "+11": "-11",
        "+12": "-12",
        "+13": "-13",
        "+14": "-14",
        "+15": "-15",
        "+16": "-16",
        "+17": "-17",
        "+18": "-18",
        "+19": "-19",
        "+20": "-20",
        "+21": "-21",
        "+22": "-22",
        "+23": "-23",
        "+24": "-24",
        "+25": "-25",
        "+26": "-26",
        "+27": "-27",
        "+28": "-28",
        "+29": "-29",
        "+30": "-30",
        "+31": "-31",
        "+32": "-32",
        "+33": "-33",
        "+34": "-34",
        "+35": "-35",
        "+36": "-36",
        "+37": "-37",
        "+38": "-38",
        "+39": "-39",
        "+40": "-40",
        "+41": "-41",
        "+42": "-42",
        "+43": "-43",
        "+44": "-44",
        "+45": "-45",
        "+46": "-46",
        "+47": "-47",
        "+48": "-48",
        "+49": "-49",
        "+50": "-50",
        "+51": "-51",
        "+52": "-52",
        "+53": "-53",
        "+54": "-54",
        "+55": "-55",
        "+56": "-56",
        "+57": "-57",
        "+58": "-58",
        "+59": "-59",
        "+60": "-60",
        "+61": "-61",
        "+62": "-62",
        "+63": "-63",
        "+64": "-64",
        "+65": "-65",
        "+66": "-66",
        "+67": "-67",
        "+68": "-68",
        "+69": "-69",
        "+70": "-70",
        "+71": "-71",
        "+72": "-72",
        "+73": "-73",
        "+74": "-74",
        "+75": "-75",
        "+76": "-76",
        "+77": "-77",
        "+78": "-78",
        "+79": "-79",
        "+80": "-80",
        "+81": "-81",
        "+82": "-82",
        "+83": "-83",
        "+84": "-84",
        "+85": "-85",
        "+86": "-86",
        "+87": "-87",
        "+88": "-88",
        "+89": "-89",
        "+90": "-90",
        "+91": "-91",
        "+92": "-92",
        "+93": "-93",
        "+94": "-94"
    },
    "edges": [
        [    0,    0,  107,  260,  568, 1055,  599,  359,  484,  238,  529,  819,  378,  349,  242,  764,  374,  173,  900,  577,  649,  299,  454,  313,  546,  683,  525,  994,  313,  401,  803,  223,  490,  743,  117,  766,  283,  811,  785,  151,  284,  161,  293,  121,  616,  472,  262,  399,  480,  721,  705,  258,  751,  603,  817,  231,  804,  955,  387,  719,  825,  578,  842,  107,  412,  932,  371,  657,  891,  742,  899,  257,  399,  847,  282,  676,  378,  521,  785,  587,  495,  763,  728,  598,  786,  566,  288,  786,  713,  960,  958,  806,   47,  946,  326,  595,  431,  429,  803, 1019,  953,  893,   91,  331,  958,   96,  881,  377,  284,  951,  145,   77,  980,  239,  216,  496,  723,  867,  457,  705,  623,  779,  710,  775,  886,  320,  249,  122,  658,  278,  600,  150,  613,  707,  760,  745,  532,  383,  749,  935,  943,  932,  839,  731,  200,  403,  511,  442,  609,  784,  814,  498,  547,   84, 1003,  432,  906,  274,  235,  575,  457,  234, 1028,  695,  881,  674,  702,  829,  717,  565,  313,  725,  432,  301,  440,  568,  626,  944,  855,  638,  829,  642,  849,  682,  932,  627,  830,  657,  601,  708],
        [    0,    0,    0,    0,    0,    0,    0,    0,    0,    0,    0,    0,    0,    0,    0,    0,    0,    0,    0,    0,    0,    0,    0,    0,    0,    0,    0,    0,    0,    0,    0,    0,    0,    0,    0,    0,    0,    0,    0,    0,    0,    0,    0,    0,    0,    0,    0,    0,    0,    0,    0,    0,    0,    0,    0,    0,    0,    0,    0,    0,    0,    0,    0,    0,    0,    0,    0,    0,    0,    0,    0,    0,    0,    0,    0,    0,    0,    0,    0,    0,    0,    0,    0,    0,    0,    0,    0,    0,    0,    0,    0,    0,    0,    0,    0,    0,    0,    0,    0,    0,    0,    0,    0,    0,    0,    0,    0,    0,    0,    0,    0,    0,    0,    0,    0,    0,    0,    0,    0,    0,    0,    0,    0,    0,    0,    0,    0,    0,    0,    0,    0,    0,    0,    0,    0,    0,    0,    0,    0,    0,    0,    0,    0,    0,    0,    0,    0,    0,    0,    0,    0,    0,    0,    0,    0,    0,    0,    0,    0,    0,    0,    0,    0,    0,    0,    0,    0,    0,    0,    0,    0,    0,    0,    0,    0,    0,    0,    0,    0,    0,    0,    0,    0,    0,    0,    0,    0,    0,    0,    0],
        [  107,    0,    0,  203,  492,  951,  501,  258,  428,  251,  433,  733,  297,  244,  144,  658,  391,  102,  799,  486,  554,  286,  403,  301,  446,  600,  431,  911,  237,  378,  700,  153,  430,  658,  147,  663,  180,  705,  689,  171,  288,  109,  328,  172,  514,  412,  304,  367,  376,  633,  632,  200,  681,  497,  711,  199,  709,  857,  299,  638,  722,  473,  740,   55,  320,  833,  371,  575,  792,  646,  798,  232,  304,  742,  330,  575,  277,  471,  692,  532,  406,  679,  622,  584,  681,  517,  321,  681,  607,  855,  870,  714,  152,  842,  367,  511,  406,  339,  708,  914,  848,  788,   65,  330,  852,  117,  782,  408,  333,  846,   87,  123,  874,  223,  116,  393,  628,  761,  356,  614,  522,  673,  604,  704,  780,  252,  226,   54,  578,  214,  584,  136,  508,  605,  654,  649,  471,  431,  645,  855,  845,  841,  734,  635,  217,  356,  439,  336,  518,  684,  739,  397,  518,   27,  905,  333,  801,  218,  250,  506,  422,  164,  946,  594,  782,  568,  608,  723,  612,  459,  351,  633,  371,  262,  382,  484,  568,  840,  764,  533,  728,  561,  750,  583,  827,  544,  742,  551,  561,  603],
        [  260,    0,  203,    0,  611,  943,  555,  191,  583,  163,  500,  567,  424,  286,  266,  621,  262,  102,  685,  564,  613,  483,  201,  144,  341,  699,  303,  740,  383,  566,  700,  324,  231,  746,  345,  575,  256,  675,  740,  372,  166,  101,  251,  209,  417,  213,  248,  174,  405,  475,  446,  376,  491,  450,  649,   64,  570,  892,  158,  465,  626,  421,  749,  257,  413,  707,  221,  403,  673,  699,  818,  426,  193,  727,  279,  467,  205,  632,  547,  684,  256,  769,  580,  773,  661,  315,  241,  673,  545,  826,  708,  566,  284,  827,  290,  608,  217,  200,  572,  885,  767,  709,  172,  529,  816,  315,  660,  305,  282,  767,  121,  314,  838,  420,  140,  423,  685,  724,  405,  684,  554,  626,  557,  515,  732,   64,   84,  153,  403,   23,  772,  122,  497,  621,  614,  514,  273,  355,  636,  677,  879,  686,  658,  683,  419,  155,  569,  310,  598,  711,  555,  302,  698,  224,  935,  397,  780,   16,  168,  316,  602,  332,  772,  484,  812,  544,  671,  660,  542,  417,  270,  488,  524,  446,  182,  584,  369,  834,  612,  468,  747,  665,  626,  621,  761,  375,  815,  534,  729,  578],
        [  568,    0,  492,  611,    0,  620,  193,  470,  139,  729,  170,  861,  196,  336,  358,  475,  861,  543,  760,  126,  190,  357,  761,  750,  541,  122,  580, 1024,  257,  297,  411,  346,  755,  188,  488,  603,  355,  487,  286,  466,  756,  569,  815,  663,  549,  739,  793,  775,  276,  762,  856,  314,  906,  435,  570,  648,  766,  451,  565,  812,  659,  439,  416,  464,  201,  821,  828,  765,  769,  252,  434,  351,  523,  474,  821,  602,  472,  161,  769,  141,  614,  203,  470,  371,  449,  854,  806,  421,  511,  589,  957,  794,  612,  546,  854,   70,  820,  572,  754,  634,  711,  663,  556,  379,  606,  488,  772,  890,  824,  705,  553,  514,  621,  375,  476,  268,  233,  541,  246,  190,  252,  511,  474,  923,  582,  613,  677,  532,  774,  604,  364,  615,  354,  321,  484,  713,  779,  920,  400, 1003,  443,  912,  618,  255,  448,  736,   61,  389,  122,  336,  932,  509,  275,  499,  502,  234,  529,  623,  730,  776,  244,  335, 1063,  619,  402,  403,  205,  579,  533,  415,  837,  728,  155,  299,  726,   62,  869,  525,  843,  487,  386,   82,  754,  254,  658,  733,  284,  382,  231,  419],
        [ 1055,    0,  951,  943,  620,    0,  477,  753,  757, 1104,  547,  758,  722,  708,  815,  329, 1192,  939,  504,  526,  444,  950,  972, 1073,  638,  521,  696,  834,  784,  912,  252,  860,  933,  468, 1022,  454,  772,  273,  337, 1013, 1106,  968, 1193, 1101,  573,  927, 1187, 1037,  575,  717,  870,  857,  901,  497,  346, 1004,  630,  210,  803,  792,  451,  526,  217,  955,  662,  563, 1140,  789,  529,  369,  187,  924,  757,  216, 1219,  562,  739,  779,  657,  737,  760,  470,  371,  974,  283, 1003, 1183,  273,  424,  141,  760,  670, 1101,  117, 1232,  553, 1074,  774,  614,  104,  352,  362,  998,  983,  170, 1009,  546, 1242, 1222,  344,  964, 1032,  155,  946,  866,  559,  388,  238,  600,  432,  438,  337,  397,  903,  257,  902, 1026,  962,  799,  923,  966, 1020,  450,  350,  340,  622,  927, 1296,  310,  863,  208,  713,  376,  367, 1015,  981,  670,  637,  509,  290,  876,  658,  886,  971,  180,  628,  166,  947, 1108,  882,  863,  851,  865,  560,  222,  399,  416,  340,  439,  526, 1212,  666,  757,  878,  937,  573,  970,  111,  689,  493,  239,  550,  558,  390,  295,  775,  390,  410,  824,  365],
        [  599,    0,  501,  555,  193,  477,    0,  378,  309,  701,   72,  688,  246,  275,  358,  283,  817,  517,  568,   68,   59,  476,  664,  698,  388,  187,  437,  844,  309,  449,  239,  390,  646,  208,  551,  413,  327,  299,  190,  539,  717,  546,  791,  666,  378,  632,  777,  697,  153,  594,  705,  382,  754,  257,  377,  606,  584,  357,  463,  652,  468,  267,  260,  494,  190,  631,  774,  612,  578,  147,  305,  448,  415,  298,  807,  424,  373,  346,  591,  333,  484,  232,  278,  559,  263,  740,  782,  240,  321,  418,  774,  616,  645,  384,  832,  131,  742,  457,  572,  469,  520,  470,  557,  512,  430,  541,  583,  856,  811,  514,  536,  565,  448,  469,  441,  136,  131,  356,  152,  133,   59,  319,  282,  768,  395,  538,  634,  525,  621,  542,  553,  598,  167,  139,  291,  535,  661,  898,  213,  829,  345,  728,  426,  134,  539,  650,  221,  267,   81,  191,  770,  368,  462,  517,  405,  170,  358,  564,  703,  645,  412,  380,  883,  439,  284,  211,  117,  387,  343,  246,  813,  556,  293,  403,  627,  132,  742,  371,  662,  305,  239,  175,  566,   87,  469,  582,  262,  190,  424,  226],
        [  359,    0,  258,  191,  470,  753,  378,    0,  481,  351,  333,  493,  311,  139,  204,  435,  448,  201,  542,  399,  437,  461,  293,  328,  189,  540,  179,  672,  299,  515,  510,  286,  286,  580,  391,  410,  158,  488,  558,  405,  356,  227,  441,  364,  258,  270,  435,  320,  226,  389,  424,  329,  476,  264,  471,  251,  455,  705,   95,  409,  468,  236,  559,  294,  273,  576,  401,  349,  534,  518,  629,  403,   62,  538,  466,  318,   20,  533,  440,  570,  174,  603,  395,  711,  471,  385,  431,  482,  366,  639,  624,  463,  399,  638,  480,  452,  364,  113,  452,  698,  600,  540,  277,  510,  630,  364,  525,  494,  470,  599,  230,  377,  653,  408,  144,  243,  505,  539,  237,  510,  370,  442,  372,  497,  550,  161,  274,  241,  354,  173,  708,  276,  307,  432,  428,  394,  312,  545,  446,  625,  691,  592,  487,  501,  439,  273,  442,  120,  433,  523,  522,  140,  622,  284,  746,  238,  592,  196,  355,  319,  530,  287,  709,  337,  624,  355,  494,  483,  366,  230,  460,  382,  424,  400,  257,  432,  407,  644,  515,  289,  558,  510,  493,  437,  586,  315,  639,  344,  633,  389],
        [  484,    0,  428,  583,  139,  757,  309,  481,    0,  677,  261,  924,  170,  344,  317,  589,  815,  500,  857,  244,  320,  232,  758,  714,  594,  255,  623, 1096,  201,  160,  541,  276,  762,  320,  388,  698,  336,  608,  424,  361,  710,  522,  756,  592,  618,  744,  730,  755,  339,  821,  895,  230,  946,  518,  680,  609,  842,  590,  574,  862,  758,  514,  550,  388,  221,  915,  789,  809,  863,  389,  572,  240,  540,  603,  755,  677,  488,   52,  841,  105,  644,  332,  577,  258,  571,  860,  748,  547,  609,  720, 1033,  867,  524,  680,  793,  205,  799,  591,  833,  767,  826,  774,  492,  246,  735,  395,  864,  835,  758,  820,  503,  420,  752,  264,  444,  338,  370,  664,  299,  328,  366,  623,  576,  965,  703,  600,  638,  475,  817,  581,  253,  561,  451,  446,  596,  785,  791,  856,  522, 1066,  582,  990,  726,  392,  333,  724,   90,  431,  252,  472,  981,  554,  160,  427,  640,  274,  660,  598,  677,  799,  107,  265, 1135,  696,  540,  508,  342,  691,  628,  490,  778,  794,   60,  188,  725,  187,  887,  661,  918,  571,  522,  217,  842,  383,  777,  775,  418,  486,  153,  530],
        [  238,    0,  251,  163,  729, 1104,  701,  351,  677,    0,  641,  690,  535,  427,  372,  784,  141,  188,  837,  701,  758,  526,  270,   91,  500,  829,  457,  853,  481,  623,  859,  402,  320,  882,  352,  734,  382,  837,  889,  386,   48,  161,   91,  125,  576,  307,   86,  191,  555,  608,  547,  451,  585,  612,  811,  101,  712, 1046,  317,  584,  784,  583,  908,  298,  540,  853,  133,  526,  822,  847,  975,  477,  355,  888,  116,  624,  366,  721,  686,  781,  404,  904,  743,  827,  822,  369,   82,  833,  708,  988,  831,  703,  233,  988,  132,  738,  210,  356,  716, 1048,  926,  868,  189,  564,  978,  327,  808,  161,  120,  927,  177,  314, 1001,  463,  261,  573,  831,  887,  549,  826,  706,  788,  719,  608,  894,  215,   82,  202,  524,  184,  828,  117,  657,  777,  776,  660,  361,  198,  797,  784, 1033,  816,  818,  832,  436,  221,  681,  469,  735,  866,  656,  463,  766,  257, 1090,  536,  942,  162,    7,  418,  672,  413,  882,  639,  966,  706,  815,  822,  703,  580,  112,  629,  619,  512,  273,  712,  439,  995,  745,  630,  903,  792,  774,  772,  922,  504,  957,  695,  811,  740],
        [  529,    0,  433,  500,  170,  547,   72,  333,  261,  641,    0,  692,  176,  216,  290,  331,  761,  455,  599,   67,  121,  409,  624,  644,  375,  209,  418,  855,  238,  389,  305,  319,  611,  248,  480,  440,  262,  355,  257,  468,  659,  484,  730,  600,  379,  596,  714,  650,  114,  593,  692,  311,  742,  267,  420,  548,  597,  426,  423,  645,  499,  270,  330,  424,  119,  658,  720,  600,  606,  213,  376,  379,  377,  362,  744,  433,  330,  303,  600,  305,  457,  271,  317,  517,  320,  708,  721,  302,  350,  482,  789,  625,  576,  452,  771,  127,  695,  423,  586,  535,  567,  514,  490,  447,  492,  470,  608,  798,  748,  561,  472,  494,  510,  400,  380,  103,  196,  413,   97,  186,  115,  364,  316,  758,  449,  489,  577,  459,  609,  489,  511,  535,  191,  203,  336,  544,  630,  837,  271,  834,  415,  744,  466,  203,  468,  605,  178,  233,  100,  262,  764,  347,  419,  448,  475,  105,  422,  511,  643,  620,  359,  309,  894,  450,  355,  248,  176,  431,  370,  246,  752,  559,  235,  335,  587,  113,  716,  440,  674,  319,  310,  183,  588,  158,  520,  568,  317,  225,  391,  270],
        [  819,    0,  733,  567,  861,  758,  688,  493,  924,  690,  692,    0,  766,  602,  696,  491,  689,  646,  269,  746,  728,  951,  430,  610,  332,  873,  317,  180,  776,  995,  627,  777,  376,  880,  876,  323,  645,  532,  782,  894,  661,  660,  748,  774,  313,  387,  765,  518,  590,  106,  169,  817,  169,  431,  425,  618,  129,  843,  435,  108,  309,  423,  679,  778,  705,  235,  634,  166,  243,  762,  751,  895,  436,  601,  789,  265,  477,  974,  107,  991,  328,  900,  462, 1175,  552,  375,  740,  589,  397,  618,  142,   89,  848,  659,  773,  812,  529,  395,  146,  660,  424,  398,  728, 1000,  589,  848,  223,  747,  792,  431,  674,  856,  605,  901,  621,  595,  761,  535,  627,  795,  640,  460,  442,  160,  505,  504,  619,  699,  167,  547, 1171,  689,  523,  628,  476,  158,  340,  815,  573,  143,  830,  130,  385,  742,  931,  474,  859,  497,  768,  704,  120,  377, 1080,  760,  860,  651,  614,  557,  696,  278,  997,  778,  217,  252,  772,  501,  769,  427,  373,  447,  757,  133,  877,  886,  419,  804,  306,  689,   82,  385,  703,  862,  204,  684,  467,  193,  889,  515, 1071,  509],
        [  378,    0,  297,  424,  196,  722,  246,  311,  170,  535,  176,  766,    0,  175,  163,  490,  668,  350,  727,  207,  286,  237,  590,  560,  435,  305,  458,  941,   67,  238,  480,  157,  593,  365,  312,  569,  170,  522,  418,  297,  563,  375,  620,  468,  468,  575,  598,  593,  200,  662,  728,  138,  779,  383,  572,  457,  694,  591,  405,  699,  631,  373,  506,  273,   72,  780,  637,  644,  729,  376,  548,  203,  371,  535,  626,  530,  319,  222,  689,  263,  476,  385,  469,  410,  489,  692,  611,  474,  486,  655,  882,  715,  423,  627,  659,  217,  638,  422,  686,  709,  720,  663,  361,  278,  663,  307,  728,  695,  629,  715,  359,  332,  683,  224,  286,  206,  357,  581,  159,  332,  288,  519,  461,  799,  613,  435,  486,  336,  651,  420,  406,  420,  336,  378,  493,  635,  622,  724,  442,  906,  581,  841,  611,  369,  293,  559,  147,  270,  235,  435,  817,  392,  316,  305,  642,  128,  596,  438,  536,  630,  231,  145,  980,  549,  525,  400,  332,  583,  501,  350,  642,  639,  114,  162,  557,  190,  718,  615,  766,  434,  485,  265,  702,  333,  679,  610,  454,  378,  323,  429],
        [  349,    0,  244,  286,  336,  708,  275,  139,  344,  427,  216,  602,  175,    0,  121,  418,  546,  243,  598,  279,  332,  356,  426,  429,  273,  415,  288,  779,  174,  393,  456,  193,  423,  461,  338,  448,   68,  463,  463,  341,  444,  273,  517,  398,  320,  407,  503,  442,  135,  497,  554,  222,  606,  268,  480,  333,  541,  624,  233,  528,  510,  248,  498,  255,  136,  644,  506,  472,  596,  421,  559,  303,  196,  498,  534,  384,  145,  396,  533,  432,  302,  484,  385,  581,  438,  522,  508,  437,  380,  612,  724,  558,  395,  598,  558,  325,  487,  248,  535,  670,  623,  563,  292,  405,  611,  318,  591,  583,  537,  620,  264,  338,  632,  314,  167,  152,  405,  520,  123,  400,  284,  437,  369,  625,  542,  280,  361,  257,  479,  275,  577,  325,  265,  363,  415,  481,  451,  624,  401,  740,  611,  686,  509,  407,  363,  401,  304,  116,  313,  446,  645,  226,  489,  266,  670,  112,  557,  297,  429,  456,  400,  190,  817,  404,  547,  327,  389,  492,  388,  230,  539,  479,  289,  287,  391,  302,  545,  597,  610,  312,  488,  382,  563,  349,  594,  438,  531,  309,  496,  361],
        [  242,    0,  144,  266,  358,  815,  358,  204,  317,  372,  290,  696,  163,  121,    0,  536,  505,  187,  714,  342,  411,  257,  448,  399,  377,  461,  380,  875,  117,  317,  564,   82,  459,  517,  218,  566,   56,  579,  546,  221,  400,  212,  458,  313,  432,  441,  437,  439,  242,  591,  625,  126,  677,  388,  600,  294,  647,  715,  284,  612,  628,  367,  602,  140,  176,  757,  475,  552,  711,  503,  658,  200,  265,  610,  466,  496,  219,  366,  636,  419,  377,  538,  504,  519,  552,  555,  449,  549,  500,  726,  824,  660,  288,  709,  498,  370,  483,  313,  643,  784,  743,  683,  204,  307,  727,  199,  705,  532,  469,  740,  196,  220,  748,  206,  127,  257,  485,  637,  216,  470,  382,  556,  488,  698,  661,  288,  324,  176,  557,  265,  518,  258,  381,  467,  534,  587,  493,  563,  513,  829,  703,  789,  629,  492,  246,  411,  310,  232,  375,  543,  725,  327,  438,  159,  763,  191,  670,  281,  373,  513,  342,   83,  912,  516,  641,  444,  464,  612,  508,  350,  480,  579,  258,  199,  418,  344,  592,  705,  712,  431,  588,  423,  675,  441,  714,  519,  599,  425,  464,  478],
        [  764,    0,  658,  621,  475,  329,  283,  435,  589,  784,  331,  491,  490,  418,  536,    0,  866,  629,  303,  351,  294,  726,  644,  748,  311,  436,  368,  615,  539,  718,  136,  597,  606,  422,  753,  170,  485,   56,  302,  751,  783,  658,  872,  793,  248,  600,  868,  708,  301,  424,  569,  609,  607,  172,   97,  683,  366,  355,  477,  496,  207,  201,  190,  672,  419,  369,  813,  480,  318,  292,  264,  686,  432,  122,  899,  250,  419,  628,  385,  615,  432,  438,   43,  842,   62,  681,  862,   99,  103,  205,  541,  405,  809,  212,  910,  409,  746,  447,  351,  264,  238,  189,  696,  768,  197,  734,  328,  917,  903,  232,  657,  755,  219,  704,  560,  290,  298,  105,  338,  342,  225,   39,   69,  614,  126,  577,  705,  659,  490,  601,  835,  708,  158,  164,   16,  337,  603,  973,   90,  620,  342,  492,  148,  273,  764,  652,  502,  326,  356,  218,  598,  331,  744,  681,  379,  370,  163,  624,  788,  562,  689,  590,  653,  254,  282,   93,  315,  106,  124,  206,  890,  374,  565,  650,  609,  414,  653,  228,  441,  165,  212,  441,  320,  233,  190,  461,  409,  114,  706,   62],
        [  374,    0,  391,  262,  861, 1192,  817,  448,  815,  141,  761,  689,  668,  546,  505,  866,    0,  319,  873,  824,  875,  666,  263,  121,  564,  956,  513,  835,  617,  764,  955,  541,  316, 1006,  490,  792,  509,  921, 1002,  524,  105,  294,   97,  256,  638,  310,  131,  175,  667,  622,  529,  590,  557,  696,  880,  214,  734, 1153,  389,  582,  834,  667, 1006,  438,  667,  879,   57,  532,  856,  961, 1076,  617,  436,  977,  135,  676,  460,  860,  706,  919,  452, 1028,  823,  967,  910,  326,   97,  925,  780, 1068,  825,  718,  362, 1075,   97,  865,  160,  421,  742, 1127,  981,  926,  329,  703, 1055,  465,  839,   59,  136,  982,  313,  451, 1077,  603,  387,  685,  946,  965,  666,  945,  816,  865,  798,  579,  967,  291,  185,  340,  528,  277,  968,  256,  753,  880,  856,  690,  349,  127,  890,  760, 1139,  818,  879,  945,  573,  229,  815,  568,  858,  971,  631,  536,  907,  397, 1194,  657, 1027,  254,  142,  412,  812,  551,  859,  689, 1071,  795,  933,  890,  772,  667,   89,  653,  757,  652,  284,  840,  401, 1086,  754,  705, 1005,  920,  806,  883,  985,  518, 1076,  787,  951,  828],
        [  173,    0,  102,  102,  543,  939,  517,  201,  500,  188,  455,  646,  350,  243,  187,  629,  319,    0,  735,  514,  573,  384,  302,  215,  382,  642,  356,  822,  300,  470,  690,  231,  330,  694,  245,  610,  195,  680,  706,  272,  214,   30,  277,  165,  455,  312,  261,  269,  375,  549,  537,  282,  584,  461,  671,  110,  633,  867,  215,  547,  666,  434,  735,  156,  353,  764,  290,  485,  726,  663,  799,  328,  232,  725,  291,  512,  219,  547,  614,  603,  322,  716,  591,  677,  661,  416,  268,  667,  566,  832,  785,  635,  206,  826,  317,  550,  310,  258,  634,  891,  800,  740,   83,  429,  826,  216,  715,  348,  294,  799,   31,  217,  848,  320,   76,  393,  647,  733,  365,  639,  526,  640,  569,  607,  747,  153,  139,   54,  487,  113,  676,   83,  489,  602,  624,  575,  371,  384,  630,  764,  854,  759,  687,  649,  318,  256,  496,  305,  548,  688,  645,  336,  605,  124,  912,  350,  782,  117,  190,  409,  509,  240,  856,  530,  788,  545,  630,  683,  567,  425,  299,  554,  441,  351,  281,  525,  468,  829,  683,  489,  728,  605,  682,  591,  785,  455,  770,  531,  641,  579],
        [  900,    0,  799,  685,  760,  504,  568,  542,  857,  837,  599,  269,  727,  598,  714,  303,  873,  735,    0,  635,  591,  948,  614,  772,  355,  736,  383,  333,  759,  965,  427,  791,  562,  724,  925,  160,  659,  323,  602,  933,  819,  757,  912,  889,  286,  565,  919,  699,  528,  268,  415,  818,  431,  345,  211,  746,  154,  621,  529,  334,  101,  356,  470,  831,  656,   67,  817,  360,   26,  594,  533,  899,  504,  383,  948,  225,  523,  902,  186,  900,  433,  741,  294, 1115,  354,  598,  902,  393,  250,  369,  258,  188,  939,  418,  943,  698,  723,  486,  141,  402,  158,  145,  816,  996,  337,  900,   46,  931,  951,  165,  765,  915,  349,  912,  685,  524,  600,  305,  569,  643,  511,  265,  287,  426,  265,  625,  757,  781,  367,  663, 1109,  799,  408,  465,  290,  184,  539,  996,  392,  360,  610,  211,  159,  576,  959,  645,  777,  484,  647,  517,  389,  403, 1016,  825,  628,  600,  378,  681,  842,  479,  949,  788,  367,  206,  561,  358,  616,  206,  230,  378,  925,  226,  822,  875,  590,  699,  541,  451,  192,  293,  500,  737,   72,  532,  209,  363,  708,  379,  988,  347],
        [  577,    0,  486,  564,  126,  526,   68,  399,  244,  701,   67,  746,  207,  279,  342,  351,  824,  514,  635,    0,   83,  425,  690,  707,  435,  142,  480,  905,  273,  390,  298,  360,  677,  183,  518,  479,  320,  365,  212,  503,  721,  543,  790,  655,  434,  662,  773,  716,  180,  650,  753,  344,  803,  316,  445,  611,  646,  385,  489,  704,  534,  323,  312,  471,  166,  697,  784,  661,  644,  170,  346,  403,  443,  359,  803,  484,  397,  279,  651,  266,  522,  206,  345,  492,  328,  774,  781,  303,  387,  478,  837,  676,  623,  441,  831,   67,  761,  489,  634,  527,  588,  538,  545,  458,  492,  511,  648,  859,  806,  581,  530,  536,  509,  426,  440,  167,  150,  421,  163,  129,  127,  387,  349,  818,  461,  554,  639,  515,  670,  553,  486,  593,  231,  202,  359,  594,  696,  897,  279,  887,  374,  791,  493,  164,  497,  671,  155,  299,   35,  237,  823,  410,  395,  499,  435,  168,  418,  575,  703,  685,  349,  349,  944,  500,  320,  278,  126,  455,  409,  300,  812,  613,  234,  355,  653,   64,  781,  424,  724,  366,  287,  120,  630,  141,  536,  630,  257,  257,  356,  294],
        [  649,    0,  554,  613,  190,  444,   59,  437,  320,  758,  121,  728,  286,  332,  411,  294,  875,  573,  591,   83,    0,  507,  721,  756,  438,  147,  489,  879,  352,  470,  222,  436,  702,  156,  596,  440,  382,  300,  136,  582,  775,  603,  848,  721,  422,  689,  833,  756,  211,  638,  754,  424,  802,  299,  391,  664,  619,  307,  521,  698,  491,  313,  232,  544,  238,  655,  832,  661,  603,   93,  264,  485,  473,  285,  864,  464,  431,  350,  628,  326,  538,  179,  297,  560,  262,  796,  839,  232,  348,  401,  808,  653,  696,  361,  889,  121,  800,  514,  606,  448,  527,  482,  611,  540,  417,  588,  609,  914,  867,  521,  592,  613,  433,  507,  498,  194,   75,  352,  210,   76,   89,  332,  306,  815,  395,  596,  692,  580,  670,  600,  553,  654,  206,  134,  305,  573,  717,  955,  213,  868,  296,  760,  441,   84,  578,  708,  231,  325,   69,  155,  814,  422,  465,  569,  357,  225,  341,  623,  760,  699,  426,  426,  917,  478,  239,  236,   58,  399,  372,  293,  870,  597,  315,  437,  684,  134,  796,  343,  698,  344,  205,  147,  594,   66,  472,  631,  203,  218,  417,  244],
        [  299,    0,  286,  483,  357,  950,  476,  461,  232,  526,  409,  951,  237,  356,  257,  726,  666,  384,  948,  425,  507,    0,  681,  586,  627,  479,  635, 1130,  191,  104,  713,  176,  701,  544,  185,  793,  306,  758,  630,  151,  568,  395,  590,  418,  675,  682,  560,  652,  430,  846,  880,  134,  931,  607,  805,  485,  896,  802,  537,  869,  856,  593,  735,  233,  307,  997,  654,  808,  948,  591,  771,   59,  521,  770,  580,  739,  475,  251,  887,  321,  633,  559,  703,  302,  725,  793,  584,  709,  715,  890, 1077,  912,  327,  859,  624,  410,  692,  569,  891,  943,  953,  895,  341,   50,  899,  204,  944,  673,  582,  948,  373,  223,  918,   64,  359,  439,  571,  817,  390,  536,  523,  754,  693,  953,  849,  522,  511,  340,  814,  490,  303,  417,  570,  612,  728,  836,  738,  680,  678, 1085,  793, 1041,  842,  588,  110,  637,  297,  470,  446,  661,  981,  578,  251,  273,  853,  358,  830,  499,  524,  764,  167,  174, 1167,  759,  743,  635,  544,  817,  728,  571,  611,  832,  203,   76,  655,  386,  837,  846,  964,  656,  711,  438,  916,  561,  914,  775,  641,  613,  313,  664],
        [  454,    0,  403,  201,  761,  972,  664,  293,  758,  270,  624,  430,  590,  426,  448,  644,  263,  302,  614,  690,  721,  681,    0,  183,  334,  831,  277,  585,  562,  759,  751,  515,   54,  869,  545,  546,  422,  700,  833,  573,  235,  300,  320,  374,  401,   49,  338,   89,  513,  360,  278,  566,  315,  484,  642,  224,  473,  964,  201,  323,  583,  456,  806,  458,  562,  617,  207,  270,  596,  796,  880,  623,  249,  762,  361,  428,  294,  808,  444,  853,  213,  892,  602,  965,  696,  114,  312,  718,  549,  840,  569,  456,  469,  856,  343,  744,  110,  211,  480,  897,  730,  677,  369,  728,  823,  515,  579,  321,  364,  732,  321,  513,  845,  619,  325,  529,  785,  737,  528,  796,  646,  636,  575,  339,  733,  161,  213,  353,  266,  192,  963,  306,  559,  692,  633,  430,   92,  389,  685,  515,  950,  558,  634,  778,  620,   52,  729,  397,  723,  786,  386,  321,  885,  424, 1000,  531,  806,  186,  276,  153,  789,  522,  613,  439,  882,  588,  778,  651,  537,  463,  327,  392,  699,  639,   38,  724,  174,  871,  492,  480,  812,  802,  546,  712,  740,  256,  922,  585,  908,  617],
        [  313,    0,  301,  144,  750, 1073,  698,  328,  714,   91,  644,  610,  560,  429,  399,  748,  121,  215,  772,  707,  756,  586,  183,    0,  450,  842,  401,  768,  514,  678,  835,  444,  235,  890,  422,  681,  396,  803,  883,  454,   52,  195,  141,  211,  525,  224,  156,  101,  548,  533,  461,  495,  497,  577,  765,  106,  640, 1032,  272,  503,  726,  548,  886,  353,  554,  783,   78,  447,  756,  842,  956,  533,  317,  858,  180,  567,  340,  761,  613,  816,  343,  912,  706,  884,  791,  278,  132,  806,  664,  951,  750,  628,  316,  957,  172,  750,  121,  305,  646, 1010,  872,  815,  246,  627,  939,  394,  741,  169,  183,  873,  216,  385,  961,  522,  276,  565,  827,  848,  548,  827,  696,  748,  681,  520,  852,  172,   77,  247,  444,  157,  884,  171,  633,  759,  739,  592,  275,  229,  770,  697, 1019,  736,  767,  826,  504,  136,  707,  448,  742,  851,  569,  419,  817,  313, 1074,  540,  909,  134,   97,  334,  721,  453,  796,  581,  951,  676,  814,  776,  657,  548,  153,  557,  655,  561,  192,  726,  349,  967,  668,  588,  885,  807,  707,  763,  873,  427,  958,  668,  855,  709],
        [  546,    0,  446,  341,  541,  638,  388,  189,  594,  500,  375,  332,  435,  273,  377,  311,  564,  382,  355,  435,  438,  627,  334,  450,    0,  573,   59,  508,  446,  665,  422,  457,  297,  594,  577,  234,  323,  366,  527,  589,  491,  405,  583,  539,   77,  290,  585,  401,  265,  228,  318,  493,  368,  157,  316,  404,  271,  640,  184,  272,  287,  132,  477,  481,  374,  388,  510,  226,  346,  496,  553,  572,  152,  429,  615,  131,  170,  645,  261,  666,  122,  616,  268,  844,  363,  378,  573,  387,  218,  508,  452,  286,  585,  522,  619,  500,  437,  146,  267,  566,  427,  369,  462,  676,  493,  551,  337,  618,  619,  427,  412,  565,  515,  581,  332,  273,  490,  405,  300,  512,  352,  304,  242,  383,  404,  286,  419,  427,  235,  319,  840,  449,  245,  376,  299,  210,  299,  678,  356,  472,  626,  415,  319,  476,  620,  344,  532,  165,  463,  468,  391,   50,  749,  473,  673,  321,  473,  339,  505,  267,  665,  456,  546,  150,  559,  260,  489,  326,  208,  148,  599,  207,  545,  559,  299,  488,  364,  538,  338,  146,  487,  555,  305,  411,  423,  195,  627,  261,  743,  286],
        [  683,    0,  600,  699,  122,  521,  187,  540,  255,  829,  209,  873,  305,  415,  461,  436,  956,  642,  736,  142,  147,  479,  831,  842,  573,    0,  620, 1025,  370,  414,  343,  460,  819,   66,  607,  586,  448,  434,  186,  586,  852,  669,  917,  772,  564,  804,  897,  855,  322,  780,  891,  432,  939,  442,  532,  742,  766,  339,  631,  838,  636,  454,  333,  577,  289,  800,  919,  798,  748,  163,  336,  473,  585,  406,  926,  608,  538,  264,  774,  217,  663,   82,  442,  453,  397,  916,  908,  363,  495,  511,  954,  798,  727,  463,  957,   92,  900,  631,  753,  549,  664,  622,  663,  499,  533,  606,  755,  989,  929,  656,  655,  632,  546,  497,  570,  308,  149,  481,  304,  100,  234,  474,  452,  954,  526,  693,  771,  636,  807,  689,  446,  717,  350,  273,  447,  718,  838, 1023,  351, 1013,  332,  907,  584,  175,  570,  812,  183,  441,  111,  255,  956,  550,  367,  610,  389,  304,  454,  711,  831,  826,  356,  449, 1064,  623,  300,  383,  125,  540,  518,  432,  939,  741,  277,  420,  795,  118,  922,  436,  844,  489,  300,   42,  741,  204,  605,  767,  163,  365,  304,  389],
        [  525,    0,  431,  303,  580,  696,  437,  179,  623,  457,  418,  317,  458,  288,  380,  368,  513,  356,  383,  480,  489,  635,  277,  401,   59,  620,    0,  496,  462,  681,  480,  461,  239,  644,  568,  280,  329,  424,  583,  583,  444,  377,  537,  507,  127,  232,  542,  346,  305,  212,  276,  501,  327,  215,  369,  364,  279,  699,  146,  241,  327,  189,  536,  470,  403,  409,  458,  187,  372,  551,  611,  579,  127,  487,  571,  167,  162,  674,  262,  700,   64,  667,  326,  867,  421,  320,  527,  446,  273,  564,  446,  285,  561,  579,  572,  544,  381,  103,  278,  622,  471,  414,  438,  684,  548,  541,  360,  568,  575,  472,  386,  552,  570,  585,  316,  315,  543,  461,  336,  564,  405,  360,  299,  344,  458,  244,  377,  405,  195,  280,  864,  417,  301,  433,  357,  220,  240,  630,  415,  452,  685,  414,  367,  531,  618,  289,  567,  194,  509,  525,  359,   71,  774,  457,  732,  353,  530,  299,  463,  211,  687,  462,  533,  182,  617,  318,  542,  378,  262,  203,  552,  204,  571,  570,  243,  529,  308,  596,  336,  204,  545,  599,  327,  465,  473,  154,  681,  319,  774,  345],
        [  994,    0,  911,  740, 1024,  834,  844,  672, 1096,  853,  855,  180,  941,  779,  875,  615,  835,  822,  333,  905,  879, 1130,  585,  768,  508, 1025,  496,    0,  953, 1172,  748,  956,  534, 1025, 1055,  447,  824,  646,  915, 1073,  819,  835,  903,  944,  479,  547,  923,  672,  758,  285,  308,  996,  279,  590,  533,  788,  260,  951,  613,  276,  412,  586,  796,  957,  877,  272,  783,  338,  310,  901,  862, 1074,  615,  710,  945,  423,  656, 1145,  256, 1158,  506, 1044,  594, 1349,  673,  510,  896,  712,  534,  701,   76,  230, 1023,  750,  924,  971,  676,  573,  273,  731,  483,  478,  904, 1179,  668, 1026,  295,  892,  948,  491,  850, 1034,  680, 1080,  800,  762,  903,  635,  797,  941,  792,  580,  579,  258,  597,  677,  786,  875,  337,  720, 1345,  861,  677,  767,  601,  312,  494,  960,  703,   80,  940,  125,  484,  881, 1110,  633, 1026,  672,  924,  833,  205,  554, 1253,  937,  960,  822,  710,  729,  859,  436, 1172,  957,   40,  406,  888,  645,  915,  531,  510,  610,  909,  303, 1050, 1064,  580,  965,  436,  784,  182,  539,  823, 1018,  296,  828,  540,  368, 1023,  661, 1240,  645],
        [  313,    0,  237,  383,  257,  784,  309,  299,  201,  481,  238,  776,   67,  174,  117,  539,  617,  300,  759,  273,  352,  191,  562,  514,  446,  370,  462,  953,    0,  220,  539,   91,  570,  431,  245,  603,  144,  574,  485,  231,  513,  324,  563,  407,  488,  552,  540,  555,  241,  670,  722,   74,  774,  417,  616,  409,  713,  658,  388,  701,  665,  403,  567,  208,  123,  808,  590,  643,  759,  442,  613,  148,  360,  592,  567,  552,  310,  249,  705,  303,  471,  450,  514,  412,  542,  668,  555,  531,  525,  712,  897,  730,  358,  686,  602,  283,  599,  411,  706,  767,  763,  705,  301,  237,  718,  240,  756,  641,  570,  759,  305,  265,  738,  166,  244,  250,  423,  633,  202,  399,  348,  565,  504,  795,  664,  403,  438,  280,  649,  382,  410,  365,  382,  437,  540,  652,  602,  667,  497,  913,  647,  859,  652,  435,  232,  526,  203,  284,  302,  499,  817,  400,  326,  243,  708,  170,  653,  398,  482,  616,  232,   79,  991,  572,  590,  447,  399,  628,  538,  381,  586,  652,  142,  117,  531,  257,  700,  676,  782,  466,  548,  330,  729,  396,  726,  609,  520,  426,  348,  478],
        [  401,    0,  378,  566,  297,  912,  449,  515,  160,  623,  389,  995,  238,  393,  317,  718,  764,  470,  965,  390,  470,  104,  759,  678,  665,  414,  681, 1172,  220,    0,  686,  245,  774,  479,  288,  807,  358,  744,  581,  255,  663,  484,  691,  519,  703,  756,  661,  738,  438,  890,  939,  194,  991,  620,  804,  575,  929,  748,  600,  920,  868,  611,  701,  327,  309, 1018,  748,  862,  967,  545,  728,  147,  577,  747,  682,  766,  528,  162,  923,  231,  688,  491,  701,  207,  708,  869,  685,  688,  722,  866, 1115,  948,  431,  830,  725,  360,  779,  627,  921,  916,  952,  897,  436,   95,  878,  305,  966,  774,  684,  947,  463,  326,  896,  163,  434,  442,  525,  802,  396,  485,  502,  750,  695, 1012,  838,  599,  602,  431,  868,  570,  207,  511,  569,  588,  723,  869,  810,  783,  660, 1133,  740, 1076,  846,  545,  214,  718,  242,  501,  404,  624, 1035,  619,  147,  368,  799,  365,  806,  582,  622,  829,   69,  238, 1210,  786,  697,  631,  497,  816,  738,  588,  712,  870,  157,  121,  731,  339,  908,  812, 1000,  672,  674,  376,  940,  530,  908,  828,  576,  609,  211,  657],
        [  803,    0,  700,  700,  411,  252,  239,  510,  541,  859,  305,  627,  480,  456,  564,  136,  955,  690,  427,  298,  222,  713,  751,  835,  422,  343,  480,  748,  539,  686,    0,  611,  718,  313,  773,  305,  521,  104,  179,  765,  865,  719,  950,  851,  370,  709,  942,  808,  324,  558,  700,  612,  740,  268,  217,  759,  502,  223,  569,  629,  337,  296,   57,  704,  416,  493,  905,  610,  445,  183,  133,  682,  521,   64,  973,  382,  497,  571,  521,  545,  542,  327,  169,  780,   76,  799,  940,   39,  235,  180,  673,  541,  850,  148,  989,  342,  848,  545,  486,  231,  327,  294,  747,  749,  196,  759,  456, 1002,  976,  319,  715,  782,  212,  703,  616,  308,  195,  140,  350,  244,  192,  169,  193,  748,  186,  664,  783,  711,  620,  682,  773,  772,  203,  102,  151,  472,  720, 1054,   67,  755,  209,  624,  268,  169,  770,  753,  452,  391,  290,   94,  733,  431,  686,  720,  252,  378,  120,  705,  863,  684,  646,  603,  784,  387,  147,  164,  219,  221,  258,  290,  969,  509,  530,  639,  715,  355,  777,  141,  576,  281,   77,  358,  452,  158,  265,  589,  282,  169,  636,  136],
