{
    "name": "random-37-9795",
    "comment": "size=37 seed=9795",
    "nodes": ["+0", "-0", "+1", "-1", "+2", "-2", "+3", "-3", "+4", "-4", "+5", "-5", "+6", "-6", "+7", "-7", "+8", "-8", "+9", "-9", "+10", "-10", "+11", "-11", "+12", "-12", "+13", "-13", "+14", "-14", "+15", "-15", "+16", "-16", "+17", "-17", "+18", "-18", "+19", "-19", "+20", "-20", "+21", "-21", "+22", "-22", "+23", "-23", "+24", "-24", "+25", "-25", "+26", "-26", "+27", "-27", "+28", "-28", "+29", "-29", "+30", "-30", "+31", "-31", "+32", "-32", "+33", "-33", "+34", "-34", "+35", "-35", "+36", "-36", "+37", "-37"],
    "precedence": {
        "+0": "-0",
        "+1": "-1",
        "+2": "-2",
        "+3": "-3",
        "+4": "-4",
        "+5": "-5",
        "+6": "-6",
        "+7": "-7",
        "+8": "-8",
        "+9": "-9",
        "+10": "-10",
        "+11": "-11",
        "+12": "-12",
        "+13": "-13",
        "+14": "-14",
        "+15": "-15",
        "+16": "-16",
        "+17": "-17",
        "+18": "-18",
        "+19": "-19",
        "+20": "-20",
        "+21": "-21",
        "+22": "-22",
        "+23": "-23",
        "+24": "-24",
        "+25": "-25",
        "+26": "-26",
        "+27": "-27",
        "+28": "-28",
        "+29": "-29",
        "+30": "-30",
        "+31": "-31",
        "+32": "-32",
        "+33": "-33",
        "+34": "-34",
        "+35": "-35",
        "+36": "-36",
        "+37": "-37"
    },
    "edges": [
        [    0,    0,  607,  591,  369,  287,  368,  465,  676,  332,  264,  461,  304,  391,  299,  221,  645,  516,  225,  330,  152,  497,  615,  636,  480,  359,  454,  439,  231,  476,  359,  234,  502,  216,  407,  603,  310,  610,  578,  431,  243,  210,  363,  543,  746,  222,  487,  373,  458,  513,  366,  133,  682,  378,  638,  422,  221,  643,  433,  299,  680,  237,  300,  102,  369,  266,  378,  613,  674,  223,  626,  120,  521,  560,  408,  448],
        [    0,    0,  607,  591,  369,  287,  368,  465,  676,  332,  264,  461,  304,  391,  299,  221,  645,  516,  225,  330,  152,  497,  615,  636,  480,  359,  454,  439,  231,  476,  359,  234,  502,  216,  407,  603,  310,  610,  578,  431,  243,  210,  363,  543,  746,  222,  487,  373,  458,  513,  366,  133,  682,  378,  638,  422,  221,  643,  433,  299,  680,  237,  300,  102,  369,  266,  378,  613,  674,  223,  626,  120,  521,  560,  408,  448],
        [  607,  607,    0,  558,  299,  892,  640,  179,   82,  331,  562,  661,  749,  909,  850,  760,   57,  427,  784,  872,  574, 1068,  301,  615,  511,  526,  974,  869,  457,  531,  843,  827,  885,  821,  549,  857,  833,  896,   35, 1011,  827,  685,  832,  677,  243,  822,  684,  858,  680,  474,  968,  542,  125,  851,   54,  722,  781,  123,  804,  358,   91,  780,  781,  512,  835,  577,  976,  450,  205,  807,  102,  488,  164,  902,  990,  653],
        [  591,  591,  558,    0,  625,  803,  885,  594,  631,  620,  767,  958,  462,  981,  623,  812,  613,  135,  813,  623,  447,  808,  807,   61,  880,  235,  664, 1023,  373,  117,  540,  798, 1078,  753,  858, 1141,  579, 1161,  528,  782,  816,  476,  521,  170,  799,  694,  986,  963,  244,  875,  811,  651,  682,  534,  535,  961,  597,  676,  416,  369,  642,  827,  510,  573,  519,  343,  804,  130,  754,  798,  479,  546,  398, 1127,  769,  944],
        [  369,  369,  299,  625,    0,  638,  346,  122,  346,   39,  264,  381,  604,  616,  656,  477,  317,  496,  504,  684,  404,  863,  253,  684,  262,  475,  803,  571,  333,  544,  686,  559,  589,  567,  268,  579,  654,  613,  283,  799,  554,  518,  682,  676,  381,  590,  407,  562,  635,  251,  731,  268,  334,  700,  347,  429,  579,  291,  701,  271,  346,  496,  621,  267,  687,  465,  744,  567,  309,  536,  364,  255,  311,  611,  776,  370],
        [  287,  287,  892,  803,  638,    0,  496,  744,  960,  600,  445,  586,  374,  278,  235,  217,  929,  759,  184,  261,  375,  302,  869,  835,  673,  573,  354,  405,  492,  688,  353,   99,  486,   72,  584,  647,  283,  631,  864,  235,  122,  329,  370,  704, 1018,  111,  603,  314,  604,  720,  117,  372,  962,  373,  924,  503,  216,  922,  495,  576,  963,  208,  334,  382,  376,  462,  140,  855,  946,  129,  911,  405,  804,  556,  215,  575],
        [  368,  368,  640,  885,  346,  496,    0,  462,  675,  321,  119,   96,  671,  336,  636,  280,  649,  775,  314,  670,  504,  789,  468,  940,  203,  678,  792,  244,  520,  781,  719,  398,  246,  443,  114,  257,  661,  280,  627,  719,  377,  578,  725,  881,  652,  512,  120,  270,  808,  259,  612,  251,  648,  739,  690,   84,  565,  604,  801,  521,  673,  291,  663,  327,  731,  611,  634,  863,  588,  368,  710,  348,  648,  266,  697,   83],
        [  465,  465,  179,  594,  122,  744,  462,    0,  225,  157,  385,  487,  662,  737,  737,  594,  195,  459,  620,  763,  469,  950,  217,  654,  346,  488,  875,  692,  372,  533,  751,  670,  707,  673,  374,  685,  729,  721,  167,  889,  667,  585,  744,  675,  286,  686,  511,  683,  651,  318,  831,  380,  219,  763,  229,  544,  662,  179,  744,  286,  226,  613,  687,  364,  748,  505,  842,  515,  217,  649,  254,  346,  228,  725,  866,  478],
        [  676,  676,   82,  631,  346,  960,  675,  225,    0,  381,  607,  685,  829,  961,  927,  818,   32,  504,  843,  950,  652, 1145,  283,  687,  527,  607, 1054,  911,  536,  610,  923,  891,  921,  889,  576,  878,  911,  918,  116, 1087,  889,  764,  913,  756,  177,  894,  707,  907,  761,  483, 1040,  603,   61,  931,   99,  755,  857,   87,  886,  437,   12,  838,  861,  579,  915,  658, 1049,  519,  159,  870,  157,  557,  243,  932, 1065,  678],
        [  332,  332,  331,  620,   39,  600,  321,  157,  381,    0,  232,  364,  574,  581,  621,  439,  352,  494,  466,  650,  374,  827,  286,  679,  260,  459,  769,  541,  311,  535,  655,  521,  562,  529,  253,  562,  621,  594,  313,  762,  516,  487,  651,  662,  419,  552,  391,  528,  617,  258,  693,  230,  371,  669,  377,  405,  544,  328,  675,  259,  382,  458,  590,  230,  656,  441,  706,  571,  347,  498,  391,  220,  329,  587,  739,  353],
        [  264,  264,  562,  767,  264,  445,  119,  385,  607,  232,    0,  203,  566,  358,  549,  243,  579,  659,  276,  582,  390,  722,  443,  822,  230,  559,  706,  309,  401,  663,  622,  351,  337,  383,  147,  375,  568,  395,  544,  652,  337,  472,  626,  763,  613,  438,  231,  301,  691,  275,  556,  137,  589,  641,  608,  196,  474,  545,  693,  405,  607,  261,  563,  210,  632,  495,  575,  748,  545,  323,  621,  230,  549,  371,  629,  189],
        [  461,  461,  661,  958,  381,  586,   96,  487,  685,  364,  203,    0,  765,  400,  731,  369,  662,  842,  402,  765,  592,  881,  449, 1014,  169,  758,  887,  283,  599,  857,  814,  488,  257,  535,  114,  199,  756,  235,  653,  811,  465,  671,  820,  963,  637,  606,   29,  332,  894,  224,  702,  339,  651,  833,  713,  101,  660,  608,  893,  590,  682,  379,  758,  413,  826,  697,  724,  926,  580,  458,  740,  432,  691,  251,  789,   14],
        [  304,  304,  749,  462,  604,  374,  671,  662,  829,  574,  566,  765,    0,  614,  163,  471,  799,  459,  456,  162,  200,  355,  855,  482,  772,  265,  231,  704,  295,  358,   96,  405,  777,  345,  706,  899,  118,  900,  715,  322,  431,   95,   84,  337,  945,  265,  790,  622,  236,  798,  356,  432,  854,  103,  760,  721,  160,  825,  135,  392,  836,  478,   48,  372,   87,  175,  346,  544,  878,  418,  726,  367,  610,  841,  308,  751],
        [  391,  391,  909,  981,  616,  278,  336,  737,  961,  581,  358,  400,  614,    0,  502,  171,  931,  905,  168,  532,  535,  569,  793, 1023,  538,  747,  632,  143,  620,  865,  616,  211,  220,  274,  448,  395,  546,  370,  888,  505,  184,  543,  630,  916,  969,  362,  406,   68,  822,  594,  381,  379,  946,  637,  952,  300,  460,  902,  745,  673,  961,  155,  583,  437,  637,  645,  407, 1002,  901,  196,  957,  467,  868,  289,  488,  394],
        [  299,  299,  850,  623,  656,  235,  636,  737,  927,  621,  549,  731,  163,  502,    0,  389,  896,  610,  364,   34,  276,  219,  907,  644,  774,  415,  158,  613,  398,  516,  119,  294,  691,  230,  695,  834,   51,  828,  817,  170,  322,  171,  136,  498, 1022,  142,  754,  525,  398,  809,  195,  429,  944,  138,  869,  669,   78,  909,  266,  496,  933,  390,  116,  394,  142,  309,  184,  699,  952,  315,  842,  402,  727,  760,  152,  718],
        [  221,  221,  760,  812,  477,  217,  280,  594,  818,  439,  243,  369,  471,  171,  389,    0,  788,  735,   35,  422,  369,  515,  683,  856,  463,  579,  538,  233,  450,  697,  492,  119,  307,  171,  372,  446,  425,  439,  737,  445,   98,  391,  503,  755,  847,  251,  386,  155,  665,  514,  334,  219,  810,  513,  800,  289,  330,  767,  606,  504,  819,   20,  448,  270,  509,  481,  356,  831,  777,   89,  800,  300,  706,  373,  424,  358],
        [  645,  645,   57,  613,  317,  929,  649,  195,   32,  352,  579,  662,  799,  931,  896,  788,    0,  483,  813,  919,  621, 1114,  272,  669,  506,  581, 1024,  884,  506,  587,  893,  860,  895,  858,  552,  855,  881,  896,   90, 1056,  858,  734,  883,  733,  189,  863,  684,  878,  736,  464, 1009,  572,   70,  901,   88,  729,  826,   79,  858,  408,   37,  807,  831,  547,  886,  629, 1018,  503,  159,  839,  146,  525,  220,  907, 1034,  655],
        [  516,  516,  427,  135,  496,  759,  775,  459,  504,  494,  659,  842,  459,  905,  610,  735,  483,    0,  740,  618,  386,  814,  672,  196,  754,  196,  682,  932,  285,  122,  550,  738,  982,  701,  738, 1031,  573, 1053,  397,  777,  753,  447,  533,  259,  668,  656,  870,  880,  292,  746,  786,  553,  552,  548,  409,  854,  569,  543,  453,  254,  514,  751,  505,  479,  532,  305,  783,   98,  621,  734,  355,  450,  265, 1026,  761,  829],
        [  225,  225,  784,  813,  504,  184,  314,  620,  843,  466,  276,  402,  456,  168,  364,   35,  813,  740,    0,  397,  367,  482,  715,  856,  498,  579,  510,  251,  456,  697,  470,   86,  328,  141,  407,  474,  402,  464,  760,  413,   64,  379,  482,  749,  877,  224,  419,  167,  656,  547,  300,  242,  836,  491,  822,  321,  310,  794,  589,  516,  845,   27,  430,  286,  489,  477,  323,  838,  806,   56,  820,  315,  724,  396,  392,  392],
        [  330,  330,  872,  623,  684,  261,  670,  763,  950,  650,  582,  765,  162,  532,   34,  422,  919,  618,  397,    0,  298,  201,  936,  641,  807,  422,  124,  645,  418,  519,   99,  325,  724,  261,  729,  868,   45,  861,  839,  161,  353,  188,  118,  491, 1048,  174,  788,  556,  392,  842,  208,  462,  968,  116,  889,  703,  110,  934,  249,  517,  956,  423,  114,  425,  124,  321,  194,  705,  978,  347,  861,  431,  745,  792,  147,  752],
        [  152,  152,  574,  447,  404,  375,  504,  469,  652,  374,  390,  592,  200,  535,  276,  369,  621,  386,  367,  298,    0,  495,  656,  489,  580,  212,  407,  590,  126,  331,  284,  354,  653,  315,  521,  748,  261,  757,  542,  440,  371,  116,  279,  392,  754,  276,  620,  522,  308,  602,  417,  254,  671,  297,  594,  565,  210,  638,  311,  222,  658,  382,  219,  183,  283,  114,  420,  483,  685,  352,  568,  172,  454,  710,  420,  579],
        [  497,  497, 1068,  808,  863,  302,  789,  950, 1145,  827,  722,  881,  355,  569,  219,  515, 1114,  814,  482,  201,  495,    0, 1111,  819,  951,  620,  154,  703,  617,  710,  268,  397,  784,  347,  866,  948,  245,  931, 1036,   70,  423,  388,  288,  663, 1235,  285,  900,  613,  568,  993,  189,  618, 1160,  275, 1088,  803,  289, 1125,  404,  715, 1150,  508,  310,  597,  290,  521,  164,  898, 1164,  427, 1061,  609,  945,  854,   93,  870],
        [  615,  615,  301,  807,  253,  869,  468,  217,  283,  286,  443,  449,  855,  793,  907,  683,  272,  672,  715,  936,  656, 1111,    0,  867,  281,  701, 1055,  711,  574,  749,  938,  782,  702,  800,  355,  625,  906,  670,  314, 1045,  772,  770,  934,  891,  190,  833,  464,  730,  864,  227,  969,  500,  231,  952,  352,  536,  829,  196,  947,  497,  275,  701,  873,  514,  938,  708,  985,  720,  139,  756,  402,  506,  423,  698, 1022,  445],
        [  636,  636,  615,   61,  684,  835,  940,  654,  687,  679,  822, 1014,  482, 1023,  644,  856,  669,  196,  856,  641,  489,  819,  867,    0,  939,  278,  671, 1071,  424,  162,  554,  836, 1128,  788,  915, 1196,  598, 1214,  586,  798,  855,  507,  534,  161,  857,  725, 1042, 1009,  252,  935,  836,  702,  739,  545,  590, 1015,  625,  734,  419,  427,  698,  871,  529,  625,  531,  381,  827,  175,  812,  838,  533,  598,  456, 1179,  786, 1000],
        [  480,  480,  511,  880,  262,  673,  203,  346,  527,  260,  230,  169,  772,  538,  774,  463,  506,  754,  498,  807,  580,  951,  281,  939,    0,  707,  931,  439,  551,  791,  837,  577,  423,  612,   92,  352,  789,  394,  508,  882,  560,  679,  839,  913,  470,  667,  185,  472,  858,   58,  785,  347,  488,  855,  565,  259,  697,  446,  890,  515,  522,  478,  776,  401,  845,  670,  805,  828,  413,  548,  598,  409,  566,  418,  859,  166],
        [  359,  359,  526,  235,  475,  573,  678,  488,  607,  459,  559,  758,  265,  747,  415,  579,  581,  196,  579,  422,  212,  620,  701,  278,  707,    0,  492,  795,  160,  119,  358,  564,  854,  520,  669,  931,  377,  946,  492,  582,  582,  253,  342,  207,  749,  467,  786,  732,  164,  714,  593,  432,  644,  359,  526,  749,  376,  622,  283,  207,  616,  593,  310,  354,  342,  112,  589,  287,  688,  563,  483,  330,  371,  906,  566,  744],
        [  454,  454,  974,  664,  803,  354,  792,  875, 1054,  769,  706,  887,  231,  632,  158,  538, 1024,  682,  510,  124,  407,  154, 1055,  671,  931,  492,    0,  753,  518,  572,  136,  432,  833,  371,  853,  983,  149,  974,  941,  162,  461,  291,  151,  513, 1161,  287,  909,  663,  421,  966,  268,  585, 1076,  134,  988,  822,  234, 1044,  253,  617, 1060,  536,  194,  546,  151,  405,  245,  761, 1091,  457,  955,  551,  839,  902,  166,  874],
        [  439,  439,  869, 1023,  571,  405,  244,  692,  911,  541,  309,  283,  704,  143,  613,  233,  884,  932,  251,  645,  590,  703,  711, 1071,  439,  795,  753,    0,  652,  910,  721,  322,   81,  384,  356,  253,  652,  229,  853,  638,  293,  623,  733,  981,  895,  472,  283,   91,  893,  497,  515,  381,  888,  742,  917,  183,  560,  843,  838,  685,  910,  227,  680,  454,  739,  704,  540, 1026,  831,  298,  930,  483,  854,  151,  619,  280],
        [  231,  231,  457,  373,  333,  492,  520,  372,  536,  311,  401,  599,  295,  620,  398,  450,  506,  285,  456,  418,  126,  617,  574,  424,  551,  160,  518,  652,    0,  264,  388,  459,  706,  429,  510,  774,  377,  791,  423,  564,  472,  230,  378,  366,  652,  399,  627,  596,  308,  561,  541,  279,  560,  397,  472,  593,  335,  530,  373,  100,  543,  466,  325,  201,  381,  135,  544,  382,  585,  452,  445,  174,  330,  755,  544,  585],
        [  476,  476,  531,  117,  544,  688,  781,  533,  610,  535,  663,  857,  358,  865,  516,  697,  587,  122,  697,  519,  331,  710,  749,  162,  791,  119,  572,  910,  264,    0,  443,  682,  967,  637,  762, 1037,  474, 1054,  498,  679,  700,  363,  425,  147,  767,  581,  886,  849,  170,  792,  701,  541,  655,  439,  519,  855,  486,  641,  335,  277,  620,  711,  405,  464,  423,  228,  696,  189,  714,  682,  468,  438,  368, 1018,  665,  844],
        [  359,  359,  843,  540,  686,  353,  719,  751,  923,  655,  622,  814,   96,  616,  119,  492,  893,  550,  470,   99,  284,  268,  938,  554,  837,  358,  136,  721,  388,  443,    0,  406,  798,  342,  766,  932,   70,  929,  809,  245,  433,  168,   21,  400, 1035,  255,  838,  634,  303,  867,  306,  492,  947,   22,  855,  760,  162,  916,  152,  486,  930,  495,   65,  441,   26,  270,  291,  631,  967,  425,  821,  441,  705,  864,  236,  800],
        [  234,  234,  827,  798,  559,   99,  398,  670,  891,  521,  351,  488,  405,  211,  294,  119,  860,  738,   86,  325,  354,  397,  782,  836,  577,  564,  432,  322,  459,  682,  406,    0,  401,   64,  487,  555,  336,  543,  800,  328,   29,  339,  420,  718,  937,  152,  505,  232,  621,  625,  215,  291,  889,  427,  862,  407,  250,  847,  535,  532,  893,  111,  373,  317,  426,  456,  237,  835,  866,   31,  854,  343,  752,  471,  307,  477],
        [  502,  502,  885, 1078,  589,  486,  246,  707,  921,  562,  337,  257,  777,  220,  691,  307,  895,  982,  328,  724,  653,  784,  702, 1128,  423,  854,  833,   81,  706,  967,  798,  401,    0,  464,  350,  179,  730,  150,  872,  718,  373,  694,  809, 1045,  889,  551,  249,  172,  959,  480,  596,  430,  893,  819,  935,  168,  637,  849,  912,  731,  918,  303,  755,  506,  816,  767,  621, 1074,  828,  377,  952,  534,  885,   71,  699,  258],
        [  216,  216,  821,  753,  567,   72,  443,  673,  889,  529,  383,  535,  345,  274,  230,  171,  858,  701,  141,  261,  315,  347,  800,  788,  612,  520,  371,  384,  429,  637,  342,   64,  464,    0,  524,  614,  273,  603,  793,  277,   92,  286,  357,  664,  947,   89,  554,  295,  566,  657,  174,  302,  891,  363,  853,  459,  188,  851,  474,  509,  892,  167,  311,  311,  363,  410,  193,  797,  875,   87,  841,  334,  735,  533,  255,  524],
        [  407,  407,  549,  858,  268,  584,  114,  374,  576,  253,  147,  114,  706,  448,  695,  372,  552,  738,  407,  729,  521,  866,  355,  915,   92,  669,  853,  356,  510,  762,  766,  487,  350,  524,    0,  312,  713,  348,  540,  797,  469,  612,  769,  875,  541,  583,  139,  383,  812,  147,  697,  276,  545,  784,  601,  182,  620,  501,  829,  490,  573,  387,  706,  339,  775,  619,  717,  820,  479,  458,  627,  352,  579,  356,  774,  104],
        [  603,  603,  857, 1141,  579,  647,  257,  685,  878,  562,  375,  199,  899,  395,  834,  446,  855, 1031,  474,  868,  748,  948,  625, 1196,  352,  931,  983,  253,  774, 1037,  932,  555,  179,  614,  312,    0,  868,   50,  850,  881,  528,  809,  942, 1132,  813,  697,  174,  339, 1055,  401,  760,  500,  840,  953,  910,  184,  772,  797, 1032,  777,  873,  448,  883,  578,  948,  859,  785, 1117,  761,  528,  938,  602,  890,  120,  861,  210],
        [  310,  310,  833,  579,  654,  283,  661,  729,  911,  621,  568,  756,  118,  546,   51,  425,  881,  573,  402,   45,  261,  245,  906,  598,  789,  377,  149,  652,  377,  474,   70,  336,  730,  273,  713,  868,    0,  863,  800,  206,  364,  148,   87,  450, 1014,  185,  779,  565,  350,  821,  245,  442,  931,   91,  849,  698,   97,  898,  215,  477,  918,  427,   70,  399,   93,  277,  233,  660,  945,  356,  820,  403,  704,  797,  191,  743],
        [  610,  610,  896, 1161,  613,  631,  280,  721,  918,  594,  395,  235,  900,  370,  828,  439,  896, 1053,  464,  861,  757,  931,  670, 1214,  394,  946,  974,  229,  791, 1054,  929,  543,  150,  603,  348,   50,  863,    0,  888,  864,  515,  812,  939, 1145,  859,  688,  212,  319, 1065,  445,  743,  515,  882,  950,  948,  200,  768,  839, 1034,  800,  914,  438,  882,  593,  946,  870,  768, 1142,  805,  517,  974,  618,  922,   83,  845,  244],
        [  578,  578,   35,  528,  283,  864,  627,  167,  116,  313,  544,  653,  715,  888,  817,  737,   90,  397,  760,  839,  542, 1036,  314,  586,  508,  492,  941,  853,  423,  498,  809,  800,  872,  793,  540,  850,  800,  888,    0,  980,  801,  653,  799,  644,  272,  792,  677,  839,  646,  474,  938,  518,  157,  817,   65,  710,  749,  149,  770,  324,  125,  756,  748,  485,  801,  544,  946,  423,  229,  782,   92,  460,  132,  891,  958,  644],
        [  431,  431, 1011,  782,  799,  235,  719,  889, 1087,  762,  652,  811,  322,  505,  170,  445, 1056,  777,  413,  161,  440,   70, 1045,  798,  882,  582,  162,  638,  564,  679,  245,  328,  718,  277,  797,  881,  206,  864,  980,    0,  354,  340,  266,  645, 1173,  216,  830,  547,  547,  924,  124,  551, 1101,  257, 1033,  734,  231, 1064,  392,  662, 1092,  439,  274,  532,  269,  478,   99,  865, 1102,  357, 1008,  545,  894,  788,   24,  800],
        [  243,  243,  827,  816,  554,  122,  377,  667,  889,  516,  337,  465,  431,  184,  322,   98,  858,  753,   64,  353,  371,  423,  772,  855,  560,  582,  461,  293,  472,  700,  433,   29,  373,   92,  469,  528,  364,  515,  801,  354,    0,  363,  447,  740,  930,  180,  481,  204,  644,  609,  238,  288,  885,  454,  863,  382,  277,  843,  562,  541,  891,   87,  400,  319,  454,  475,  262,  850,  859,   21,  857,  347,  757,  442,  334,  454],
        [  210,  210,  685,  476,  518,  329,  578,  585,  764,  487,  472,  671,   95,  543,  171,  391,  734,  447,  379,  188,  116,  388,  770,  507,  679,  253,  291,  623,  230,  363,  168,  339,  694,  286,  612,  809,  148,  812,  653,  340,  363,    0,  165,  379,  870,  219,  697,  544,  282,  705,  341,  337,  785,  183,  702,  630,  124,  753,  224,  329,  771,  400,  103,  279,  170,  142,  337,  539,  801,  348,  673,  275,  558,  756,  322,  658],
        [  363,  363,  832,  521,  682,  370,  725,  744,  913,  651,  626,  820,   84,  630,  136,  503,  883,  533,  482,  118,  279,  288,  934,  534,  839,  342,  151,  733,  378,  425,   21,  420,  809,  357,  769,  942,   87,  939,  799,  266,  447,  165,    0,  380, 1028,  270,  844,  647,  283,  868,  326,  494,  938,   19,  843,  768,  173,  908,  132,  476,  920,  507,   64,  441,    7,  257,  311,  613,  960,  438,  809,  439,  693,  876,  256,  806],
        [  543,  543,  677,  170,  676,  704,  881,  675,  756,  662,  763,  963,  337,  916,  498,  755,  733,  259,  749,  491,  392,  663,  891,  161,  913,  207,  513,  981,  366,  147,  400,  718, 1045,  664,  875, 1132,  450, 1145,  644,  645,  740,  379,  380,    0,  914,  594,  991,  910,  101,  919,  693,  632,  801,  390,  664,  949,  490,  787,  261,  406,  766,  767,  383,  555,  376,  278,  682,  294,  860,  724,  612,  533,  514, 1100,  635,  949],
        [  746,  746,  243,  799,  381, 1018,  652,  286,  177,  419,  613,  637,  945,  969, 1022,  847,  189,  668,  877, 1048,  754, 1235,  190,  857,  470,  749, 1161,  895,  652,  767, 1035,  937,  889,  947,  541,  813, 1014,  859,  272, 1173,  930,  870, 1028,  914,    0,  968,  653,  909,  908,  416, 1110,  647,  119, 1046,  274,  723,  948,  128, 1018,  559,  166,  866,  971,  644, 1031,  782, 1123,  691,   72,  913,  332,  628,  403,  887, 1150,  634],
        [  222,  222,  822,  694,  590,  111,  512,  686,  894,  552,  438,  606,  265,  362,  142,  251,  863,  656,  224,  174,  276,  285,  833,  725,  667,  467,  287,  472,  399,  581,  255,  152,  551,   89,  583,  697,  185,  688,  792,  216,  180,  219,  270,  594,  968,    0,  627,  383,  494,  709,  147,  336,  902,  276,  849,  537,  106,  864,  390,  489,  898,  250,  228,  324,  276,  355,  156,  751,  896,  174,  831,  341,  721,  619,  193,  594],
        [  487,  487,  684,  986,  407,  603,  120,  511,  707,  391,  231,   29,  790,  406,  754,  386,  684,  870,  419,  788,  620,  900,  464, 1042,  185,  786,  909,  283,  627,  886,  838,  505,  249,  554,  139,  174,  779,  212,  677,  830,  481,  697,  844,  991,  653,  627,    0,  339,  922,  238,  719,  367,  671,  858,  737,  107,  683,  628,  919,  618,  702,  395,  783,  440,  851,  725,  742,  954,  597,  475,  764,  460,  718,  235,  808,   43],
        [  373,  373,  858,  963,  562,  314,  270,  683,  907,  528,  301,  332,  622,   68,  525,  155,  878,  880,  167,  556,  522,  613,  730, 1009,  472,  732,  663,   91,  596,  849,  634,  232,  172,  295,  383,  339,  565,  319,  839,  547,  204,  544,  647,  910,  909,  383,  339,    0,  819,  529,  425,  339,  889,  655,  903,  233,  475,  845,  756,  641,  906,  145,  596,  405,  654,  635,  450,  976,  842,  210,  910,  435,  826,  242,  528,  326],
        [  458,  458,  680,  244,  635,  604,  808,  651,  761,  617,  691,  894,  236,  822,  398,  665,  736,  292,  656,  392,  308,  568,  864,  252,  858,  164,  421,  893,  308,  170,  303,  621,  959,  566,  812, 1055,  350, 1065,  646,  547,  644,  282,  283,  101,  908,  494,  922,  819,    0,  869,  592,  557,  801,  294,  675,  872,  390,  781,  172,  369,  770,  675,  283,  482,  280,  197,  581,  353,  849,  629,  627,  463,  520, 1017,  536,  880],
        [  513,  513,  474,  875,  251,  720,  259,  318,  483,  258,  275,  224,  798,  594,  809,  514,  464,  746,  547,  842,  602,  993,  227,  935,   58,  714,  966,  497,  561,  792,  867,  625,  480,  657,  147,  401,  821,  445,  474,  924,  609,  705,  868,  919,  416,  709,  238,  529,  869,    0,  831,  381,  441,  884,  528,  316,  732,  400,  912,  516,  477,  529,  804,  427,  873,  685,  850,  816,  361,  596,  564,  432,  543,  473,  901,  222],
        [  366,  366,  968,  811,  731,  117,  612,  831, 1040,  693,  556,  702,  356,  381,  195,  334, 1009,  786,  300,  208,  417,  189,  969,  836,  785,  593,  268,  515,  541,  701,  306,  215,  596,  174,  697,  760,  245,  743,  938,  124,  238,  341,  326,  693, 1110,  147,  719,  425,  592,  831,    0,  470, 1047,  323,  996,  620,  218, 1009,  457,  633, 1044,  325,  310,  467,  331,  482,   26,  879, 1038,  245,  977,  485,  866,  666,  109,  691],
        [  133,  133,  542,  651,  268,  372,  251,  380,  603,  230,  137,  339,  432,  379,  429,  219,  572,  553,  242,  462,  254,  618,  500,  702,  347,  432,  585,  381,  279,  541,  492,  291,  430,  302,  276,  500,  442,  515,  518,  551,  288,  337,  494,  632,  647,  336,  367,  339,  557,  381,  470,    0,  598,  510,  582,  317,  352,  556,  557,  305,  605,  239,  431,   78,  500,  361,  485,  646,  576,  269,  581,  105,  490,  477,  527,  326],
        [  682,  682,  125,  682,  334,  962,  648,  219,   61,  371,  589,  651,  854,  946,  944,  810,   70,  552,  836,  968,  671, 1160,  231,  739,  488,  644, 1076,  888,  560,  655,  947,  889,  893,  891,  545,  840,  931,  882,  157, 1101,  885,  785,  938,  801,  119,  902,  671,  889,  801,  441, 1047,  598,    0,  956,  156,  726,  872,   45,  919,  463,   50,  829,  884,  582,  941,  687, 1058,  573,  100,  867,  214,  562,  288,  900, 1078,  645],
        [  378,  378,  851,  534,  700,  373,  739,  763,  931,  669,  641,  833,  103,  637,  138,  513,  901,  548,  491,  116,  297,  275,  952,  545,  855,  359,  134,  742,  397,  439,   22,  427,  819,  363,  784,  953,   91,  950,  817,  257,  454,  183,   19,  390, 1046,  276,  858,  655,  294,  884,  323,  510,  956,    0,  862,  781,  183,  926,  137,  494,  938,  516,   81,  458,   17,  276,  307,  628,  978,  446,  827,  457,  711,  885,  249,  820],
        [  638,  638,   54,  535,  347,  924,  690,  229,   99,  377,  608,  713,  760,  952,  869,  800,   88,  409,  822,  889,  594, 1088,  352,  590,  565,  526,  988,  917,  472,  519,  855,  862,  935,  853,  601,  910,  849,  948,   65, 1033,  863,  702,  843,  664,  274,  849,  737,  903,  675,  528,  996,  582,  156,  862,    0,  772,  802,  166,  807,  373,  110,  820,  795,  546,  846,  587, 1003,  421,  246,  844,   59,  521,  156,  953, 1012,  705],
        [  422,  422,  722,  961,  429,  503,   84,  544,  755,  405,  196,  101,  721,  300,  669,  289,  729,  854,  321,  703,  565,  803,  536, 1015,  259,  749,  822,  183,  593,  855,  760,  407,  168,  459,  182,  184,  698,  200,  710,  734,  382,  630,  768,  949,  723,  537,  107,  233,  872,  316,  620,  317,  726,  781,  772,    0,  602,  682,  853,  600,  752,  296,  708,  395,  775,  676,  643,  943,  661,  377,  793,  419,  732,  182,  713,   98],
        [  221,  221,  781,  597,  579,  216,  565,  662,  857,  544,  474,  660,  160,  460,   78,  330,  826,  569,  310,  110,  210,  289,  829,  625,  697,  376,  234,  560,  335,  486,  162,  250,  637,  188,  620,  772,   97,  768,  749,  231,  277,  124,  173,  490,  948,  106,  683,  475,  390,  732,  218,  352,  872,  183,  802,  602,    0,  836,  286,  432,  862,  334,  124,  316,  180,  265,  215,  662,  877,  266,  778,  324,  664,  703,  210,  647],
        [  643,  643,  123,  676,  291,  922,  604,  179,   87,  328,  545,  608,  825,  902,  909,  767,   79,  543,  794,  934,  638, 1125,  196,  734,  446,  622, 1044,  843,  530,  641,  916,  847,  849,  851,  501,  797,  898,  839,  149, 1064,  843,  753,  908,  787,  128,  864,  628,  845,  781,  400, 1009,  556,   45,  926,  166,  682,  836,    0,  894,  435,   79,  786,  853,  543,  911,  659, 1020,  571,   82,  825,  221,  524,  279,  856, 1042,  602],
        [  433,  433,  804,  416,  701,  495,  801,  744,  886,  675,  693,  893,  135,  745,  266,  606,  858,  453,  589,  249,  311,  404,  947,  419,  890,  283,  253,  838,  373,  335,  152,  535,  912,  474,  829, 1032,  215, 1034,  770,  392,  562,  224,  132,  261, 1018,  390,  919,  756,  172,  912,  457,  557,  919,  137,  807,  853,  286,  894,    0,  460,  894,  612,  163,  491,  126,  239,  442,  522,  954,  550,  766,  482,  653,  976,  385,  879],
        [  299,  299,  358,  369,  271,  576,  521,  286,  437,  259,  405,  590,  392,  673,  496,  504,  408,  254,  516,  517,  222,  715,  497,  427,  515,  207,  617,  685,  100,  277,  486,  532,  731,  509,  490,  777,  477,  800,  324,  662,  541,  329,  476,  406,  559,  489,  618,  641,  369,  516,  633,  305,  463,  494,  373,  600,  432,  435,  460,    0,  444,  522,  424,  236,  479,  225,  638,  344,  494,  521,  347,  206,  234,  773,  641,  577],
        [  680,  680,   91,  642,  346,  963,  673,  226,   12,  382,  607,  682,  836,  961,  933,  819,   37,  514,  845,  956,  658, 1150,  275,  698,  522,  616, 1060,  910,  543,  620,  930,  893,  918,  892,  573,  873,  918,  914,  125, 1092,  891,  771,  920,  766,  166,  898,  702,  906,  770,  477, 1044,  605,   50,  938,  110,  752,  862,   79,  894,  444,    0,  839,  868,  582,  922,  666, 1054,  530,  149,  872,  168,  560,  253,  929, 1071,  675],
        [  237,  237,  780,  827,  496,  208,  291,  613,  838,  458,  261,  379,  478,  155,  390,   20,  807,  751,   27,  423,  382,  508,  701,  871,  478,  593,  536,  227,  466,  711,  495,  111,  303,  167,  387,  448,  427,  438,  756,  439,   87,  400,  507,  767,  866,  250,  395,  145,  675,  529,  325,  239,  829,  516,  820,  296,  334,  786,  612,  522,  839,    0,  453,  289,  513,  494,  348,  848,  796,   82,  819,  318,  726,  370,  418,  368],
        [  300,  300,  781,  510,  621,  334,  663,  687,  861,  590,  563,  758,   48,  583,  116,  448,  831,  505,  430,  114,  219,  310,  873,  529,  776,  310,  194,  680,  325,  405,   65,  373,  755,  311,  706,  883,   70,  882,  748,  274,  400,  103,   64,  383,  971,  228,  783,  596,  283,  804,  310,  431,  884,   81,  795,  708,  124,  853,  163,  424,  868,  453,    0,  378,   70,  214,  299,  591,  903,  388,  763,  376,  647,  820,  260,  744],
        [  102,  102,  512,  573,  267,  382,  327,  364,  579,  230,  210,  413,  372,  437,  394,  270,  547,  479,  286,  425,  183,  597,  514,  625,  401,  354,  546,  454,  201,  464,  441,  317,  506,  311,  339,  578,  399,  593,  485,  532,  319,  279,  441,  555,  644,  324,  440,  405,  482,  427,  467,   78,  582,  458,  546,  395,  316,  543,  491,  236,  582,  289,  378,    0,  447,  285,  479,  573,  572,  300,  538,   31,  440,  555,  509,  399],
        [  369,  369,  835,  519,  687,  376,  731,  748,  915,  656,  632,  826,   87,  637,  142,  509,  886,  532,  489,  124,  283,  290,  938,  531,  845,  342,  151,  739,  381,  423,   26,  426,  816,  363,  775,  948,   93,  946,  801,  269,  454,  170,    7,  376, 1031,  276,  851,  654,  280,  873,  331,  500,  941,   17,  846,  775,  180,  911,  126,  479,  922,  513,   70,  447,    0,  259,  316,  612,  963,  444,  810,  444,  695,  882,  261,  812],
        [  266,  266,  577,  343,  465,  462,  611,  505,  658,  441,  495,  697,  175,  645,  309,  481,  629,  305,  477,  321,  114,  521,  708,  381,  670,  112,  405,  704,  135,  228,  270,  456,  767,  410,  619,  859,  277,  870,  544,  478,  475,  142,  257,  278,  782,  355,  725,  635,  197,  685,  482,  361,  687,  276,  587,  676,  265,  659,  239,  225,  666,  494,  214,  285,  259,    0,  479,  398,  717,  458,  552,  267,  436,  823,  461,  683],
        [  378,  378,  976,  804,  744,  140,  634,  842, 1049,  706,  575,  724,  346,  407,  184,  356, 1018,  783,  323,  194,  420,  164,  985,  827,  805,  589,  245,  540,  544,  696,  291,  237,  621,  193,  717,  785,  233,  768,  946,   99,  262,  337,  311,  682, 1123,  156,  742,  450,  581,  850,   26,  485, 1058,  307, 1003,  643,  215, 1020,  442,  638, 1054,  348,  299,  479,  316,  479,    0,  875, 1051,  267,  983,  496,  871,  691,   84,  713],
        [  613,  613,  450,  130,  567,  855,  863,  515,  519,  571,  748,  926,  544, 1002,  699,  831,  503,   98,  838,  705,  483,  898,  720,  175,  828,  287,  761, 1026,  382,  189,  631,  835, 1074,  797,  820, 1117,  660, 1142,  423,  865,  850,  539,  613,  294,  691,  751,  954,  976,  353,  816,  879,  646,  573,  628,  421,  943,  662,  571,  522,  344,  530,  848,  591,  573,  612,  398,  875,    0,  652,  831,  363,  544,  299, 1117,  850,  913],
        [  674,  674,  205,  754,  309,  946,  588,  217,  159,  347,  545,  580,  878,  901,  952,  777,  159,  621,  806,  978,  685, 1164,  139,  812,  413,  688, 1091,  831,  585,  714,  967,  866,  828,  875,  479,  761,  945,  805,  229, 1102,  859,  801,  960,  860,   72,  896,  597,  842,  849,  361, 1038,  576,  100,  978,  246,  661,  877,   82,  954,  494,  149,  796,  903,  572,  963,  717, 1051,  652,    0,  841,  303,  557,  357,  830, 1079,  575],
        [  223,  223,  807,  798,  536,  129,  368,  649,  870,  498,  323,  458,  418,  196,  315,   89,  839,  734,   56,  347,  352,  427,  756,  838,  548,  563,  457,  298,  452,  682,  425,   31,  377,   87,  458,  528,  356,  517,  782,  357,   21,  348,  438,  724,  913,  174,  475,  210,  629,  596,  245,  269,  867,  446,  844,  377,  266,  825,  550,  521,  872,   82,  388,  300,  444,  458,  267,  831,  841,    0,  838,  327,  737,  446,  336,  447],
        [  626,  626,  102,  479,  364,  911,  710,  254,  157,  391,  621,  740,  726,  957,  842,  800,  146,  355,  820,  861,  568, 1061,  402,  533,  598,  483,  955,  930,  445,  468,  821,  854,  952,  841,  627,  938,  820,  974,   92, 1008,  857,  673,  809,  612,  332,  831,  764,  910,  627,  564,  977,  581,  214,  827,   59,  793,  778,  221,  766,  347,  168,  819,  763,  538,  810,  552,  983,  363,  303,  838,    0,  512,  116,  975,  988,  730],
        [  120,  120,  488,  546,  255,  405,  348,  346,  557,  220,  230,  432,  367,  467,  402,  300,  525,  450,  315,  431,  172,  609,  506,  598,  409,  330,  551,  483,  174,  438,  441,  343,  534,  334,  352,  602,  403,  618,  460,  545,  347,  275,  439,  533,  628,  341,  460,  435,  463,  432,  485,  105,  562,  457,  521,  419,  324,  524,  482,  206,  560,  318,  376,   31,  444,  267,  496,  544,  557,  327,  512,    0,  411,  581,  523,  418],
        [  521,  521,  164,  398,  311,  804,  648,  228,  243,  329,  549,  691,  610,  868,  727,  706,  220,  265,  724,  745,  454,  945,  423,  456,  566,  371,  839,  854,  330,  368,  705,  752,  885,  735,  579,  890,  704,  922,  132,  894,  757,  558,  693,  514,  403,  721,  718,  826,  520,  543,  866,  490,  288,  711,  156,  732,  664,  279,  653,  234,  253,  726,  647,  440,  695,  436,  871,  299,  357,  737,  116,  411,    0,  914,  874,  680],
        [  560,  560,  902, 1127,  611,  556,  266,  725,  932,  587,  371,  251,  841,  289,  760,  373,  907, 1026,  396,  792,  710,  854,  698, 1179,  418,  906,  902,  151,  755, 1018,  864,  471,   71,  533,  356,  120,  797,   83,  891,  788,  442,  756,  876, 1100,  887,  619,  235,  242, 1017,  473,  666,  477,  900,  885,  953,  182,  703,  856,  976,  773,  929,  370,  820,  555,  882,  823,  691, 1117,  830,  446,  975,  581,  914,    0,  770,  256],
        [  408,  408,  990,  769,  776,  215,  697,  866, 1065,  739,  629,  789,  308,  488,  152,  424, 1034,  761,  392,  147,  420,   93, 1022,  786,  859,  566,  166,  619,  544,  665,  236,  307,  699,  255,  774,  861,  191,  845,  958,   24,  334,  322,  256,  635, 1150,  193,  808,  528,  536,  901,  109,  527, 1078,  249, 1012,  713,  210, 1042,  385,  641, 1071,  418,  260,  509,  261,  461,   84,  850, 1079,  336,  988,  523,  874,  770,    0,  778],
        [  448,  448,  653,  944,  370,  575,   83,  478,  678,  353,  189,   14,  751,  394,  718,  358,  655,  829,  392,  752,  579,  870,  445, 1000,  166,  744,  874,  280,  585,  844,  800,  477,  258,  524,  104,  210,  743,  244,  644,  800,  454,  658,  806,  949,  634,  594,   43,  326,  880,  222,  691,  326,  645,  820,  705,   98,  647,  602,  879,  577,  675,  368,  744,  399,  812,  683,  713,  913,  575,  447,  730,  418,  680,  256,  778,    0]
    ]
}
