{
    "name": "random-12-3293",
    "comment": "size=12 seed=3293",
    "nodes": ["+0", "-0", "+1", "-1", "+2", "-2", "+3", "-3", "+4", "-4", "+5", "-5", "+6", "-6", "+7", "-7", "+8", "-8", "+9", "-9", "+10", "-10", "+11", "-11", "+12", "-12"],
    "precedence": {
        "+0": "-0",
        "+1": "-1",
        "+2": "-2",
        "+3": "-3",
        "+4": "-4",
        "+5": "-5",
        "+6": "-6",
        "+7": "-7",
        "+8": "-8",
        "+9": "-9",
        "+10": "-10",
        "+11": "-11",
        "+12": "-12"
    },
    "edges": [
        [    0,    0,  630,  670,  317,  175,  798,  806,  623,  231,  384,  618,   89,  380,  584,  143,  674,  221,  354,  596,  139,  492,  223,  281,  390,  733],
        [    0,    0,  630,  670,  317,  175,  798,  806,  623,  231,  384,  618,   89,  380,  584,  143,  674,  221,  354,  596,  139,  492,  223,  281,  390,  733],
        [  630,  630,    0,  102,  716,  805,  313,  388,  360,  769,  466,  450,  626,  257,  308,  566,  651,  501,  657,  167,  723,  737,  573,  745,  679,  403],
        [  670,  670,  102,    0,  710,  842,  211,  478,  284,  782,  444,  551,  652,  291,  410,  625,  752,  511,  738,  269,  775,  703,  642,  746,  659,  502],
        [  317,  317,  716,  710,    0,  346,  755, 1003,  533,  153,  274,  869,  230,  475,  796,  445,  964,  231,  668,  753,  433,  192,  529,   66,  106,  952],
        [  175,  175,  805,  842,  346,    0,  960,  968,  770,  201,  512,  763,  201,  553,  746,  284,  785,  361,  435,  768,  151,  538,  344,  286,  445,  889],
        [  798,  798,  313,  211,  755,  960,    0,  671,  229,  860,  484,  762,  760,  442,  621,  783,  962,  603,  926,  479,  920,  694,  815,  805,  680,  706],
        [  806,  806,  388,  478, 1003,  968,  671,    0,  746, 1007,  801,  257,  842,  540,  223,  686,  424,  773,  640,  262,  841, 1073,  642, 1012,  996,  103],
        [  623,  623,  360,  284,  533,  770,  229,  746,    0,  648,  268,  760,  570,  331,  626,  641,  942,  410,  822,  502,  755,  467,  691,  587,  453,  750],
        [  231,  231,  769,  782,  153,  201,  860, 1007,  648,    0,  380,  839,  167,  514,  789,  373,  904,  271,  578,  774,  313,  342,  453,   89,  257,  942],
        [  384,  384,  466,  444,  274,  512,  484,  801,  268,  380,    0,  725,  316,  266,  619,  442,  868,  164,  656,  540,  522,  274,  512,  322,  215,  770],
        [  618,  618,  450,  551,  869,  763,  762,  257,  760,  839,  725,    0,  673,  466,  142,  482,  205,  647,  392,  284,  622,  978,  421,  863,  887,  155],
        [   89,   89,  626,  652,  230,  201,  760,  842,  570,  167,  316,  673,    0,  369,  623,  219,  747,  160,  439,  615,  220,  404,  302,  200,  301,  776],
        [  380,  380,  257,  291,  475,  553,  442,  540,  331,  514,  266,  466,  369,    0,  354,  342,  627,  249,  495,  282,  487,  534,  375,  496,  458,  505],
        [  584,  584,  308,  410,  796,  746,  621,  223,  626,  789,  619,  142,  623,  354,    0,  464,  344,  566,  443,  143,  620,  883,  424,  799,  799,  157],
        [  143,  143,  566,  625,  445,  284,  783,  686,  641,  373,  442,  482,  219,  342,  464,    0,  532,  288,  227,  499,  162,  606,   84,  418,  503,  605],
        [  674,  674,  651,  752,  964,  785,  962,  424,  942,  904,  868,  205,  747,  627,  344,  532,    0,  761,  356,  486,  635, 1100,  452,  945, 1002,  327],
        [  221,  221,  501,  511,  231,  361,  603,  773,  410,  271,  164,  647,  160,  249,  566,  288,  761,    0,  510,  524,  359,  339,  364,  247,  242,  722],
        [  354,  354,  657,  738,  668,  435,  926,  640,  822,  578,  656,  392,  439,  495,  443,  227,  356,  510,    0,  537,  284,  832,  147,  635,  729,  543],
        [  596,  596,  167,  269,  753,  768,  479,  262,  502,  774,  540,  284,  615,  282,  143,  499,  486,  524,  537,    0,  661,  813,  482,  768,  739,  249],
        [  139,  139,  723,  775,  433,  151,  920,  841,  755,  313,  522,  622,  220,  487,  620,  162,  635,  359,  284,  661,    0,  618,  202,  385,  517,  756],
        [  492,  492,  737,  703,  192,  538,  694, 1073,  467,  342,  274,  978,  404,  534,  883,  606, 1100,  339,  832,  813,  618,    0,  688,  254,  104, 1037],
        [  223,  223,  573,  642,  529,  344,  815,  642,  691,  453,  512,  421,  302,  375,  424,   84,  452,  364,  147,  482,  202,  688,    0,  501,  585,  555],
        [  281,  281,  745,  746,   66,  286,  805, 1012,  587,   89,  322,  863,  200,  496,  799,  418,  945,  247,  635,  768,  385,  254,  501,    0,  171,  955],
        [  390,  390,  679,  659,  106,  445,  680,  996,  453,  257,  215,  887,  301,  458,  799,  503, 1002,  242,  729,  739,  517,  104,  585,  171,    0,  954],
        [  733,  733,  403,  502,  952,  889,  706,  103,  750,  942,  770,  155,  776,  505,  157,  605,  327,  722,  543,  249,  756, 1037,  555,  955,  954,    0]
    ]
}
