{
    "name": "random-70-8854",
    "comment": "size=70 seed=8854",
    "nodes": ["+0", "-0", "+1", "-1", "+2", "-2", "+3", "-3", "+4", "-4", "+5", "-5", "+6", "-6", "+7", "-7", "+8", "-8", "+9", "-9", "+10", "-10", "+11", "-11", "+12", "-12", "+13", "-13", "+14", "-14", "+15", "-15", "+16", "-16", "+17", "-17", "+18", "-18", "+19", "-19", "+20", "-20", "+21", "-21", "+22", "-22", "+23", "-23", "+24", "-24", "+25", "-25", "+26", "-26", "+27", "-27", "+28", "-28", "+29", "-29", "+30", "-30", "+31", "-31", "+32", "-32", "+33", "-33", "+34", "-34", "+35", "-35", "+36", "-36", "+37", "-37", "+38", "-38", "+39", "-39", "+40", "-40", "+41", "-41", "+42", "-42", "+43", "-43", "+44", "-44", "+45", "-45", "+46", "-46", "+47", "-47", "+48", "-48", "+49", "-49", "+50", "-50", "+51", "-51", "+52", "-52", "+53", "-53", "+54", "-54", "+55", "-55", "+56", "-56", "+57", "-57", "+58", "-58", "+59", "-59", "+60", "-60", "+61", "-61", "+62", "-62", "+63", "-63", "+64", "-64", "+65", "-65", "+66", "-66", "+67", "-67", "+68", "-68", "+69", "-69", "+70", "-70"],
    "precedence": {
        "+0": "-0",
        "+1": "-1",
        "+2": "-2",
        "+3": "-3",
        "+4": "-4",
        "+5": "-5",
        "+6": "-6",
        "+7": "-7",
        "+8": "-8",
        "+9": "-9",
        "+10": "-10",
        "+11": "-11",
        "+12": "-12",
        "+13": "-13",
        "+14": "-14",
        "+15": "-15",
        "+16": "-16",
        "+17": "-17",
        "+18": "-18",
        "+19": "-19",
        "+20": "-20",
        "+21": "-21",
        "+22": "-22",
        "+23": "-23",
        "+24": "-24",
        "+25": "-25",
        "+26": "-26",
        "+27": "-27",
        "+28": "-28",
        "+29": "-29",
        "+30": "-30",
        "+31": "-31",
        "+32": "-32",
        "+33": "-33",
        "+34": "-34",
        "+35": "-35",
        "+36": "-36",
        "+37": "-37",
        "+38": "-38",
        "+39": "-39",
        "+40": "-40",
        "+41": "-41",
        "+42": "-42",
        "+43": "-43",
        "+44": "-44",
        "+45": "-45",
        "+46": "-46",
        "+47": "-47",
        "+48": "-48",
        "+49": "-49",
        "+50": "-50",
        "+51": "-51",
        "+52": "-52",
        "+53": "-53",
        "+54": "-54",
        "+55": "-55",
        "+56": "-56",
        "+57": "-57",
        "+58": "-58",
        "+59": "-59",
        "+60": "-60",
        "+61": "-61",
        "+62": "-62",
        "+63": "-63",
        "+64": "-64",
        "+65": "-65",
        "+66": "-66",
        "+67": "-67",
        "+68": "-68",
        "+69": "-69",
        "+70": "-70"
    },
    "edges": [
        [    0,    0,  198,  315,   24,  535,  349,  730,  607,  376,  274,  471,  386,  811,  786,  496,  275,  152,  255,  548,  659,  105,  349,  558,  641,  140,  544,  296,  164,  192,  593,  287,  525,  385,  686,  267,  335,  185,  625,  706,  274,  435,  301,  563,  674,  164,  310,  346,  115,  598,  388,  393,  373,  812,  398,  685,  435,  441,  250,  430,  285,  293,  900,  653,  310,  402,  784,  695,  473,  917,  772,  258,  386,  510,  866,  173,  548,  546,  356,  272,  576,  570,  727,  632,  812,  686,  400,  640,  499,  584,  817,  448,  357,  437,  501,  560,  717,  155,  363,  695,  499,  795,  607,  740,  284,  554,  808,  300,  513,  187,  545,  579,  629,  919,  120,  698,  340,  196,  280,  535,  440,  294,  474,  797,  466,  422,  205,   99,  440,  796,  284,  403,  489,  369,  332,  355,  335,  711,  524,  823,  579,  334],
        [    0,    0,    0,    0,    0,    0,    0,    0,    0,    0,    0,    0,    0,    0,    0,    0,    0,    0,    0,    0,    0,    0,    0,    0,    0,    0,    0,    0,    0,    0,    0,    0,    0,    0,    0,    0,    0,    0,    0,    0,    0,    0,    0,    0,    0,    0,    0,    0,    0,    0,    0,    0,    0,    0,    0,    0,    0,    0,    0,    0,    0,    0,    0,    0,    0,    0,    0,    0,    0,    0,    0,    0,    0,    0,    0,    0,    0,    0,    0,    0,    0,    0,    0,    0,    0,    0,    0,    0,    0,    0,    0,    0,    0,    0,    0,    0,    0,    0,    0,    0,    0,    0,    0,    0,    0,    0,    0,    0,    0,    0,    0,    0,    0,    0,    0,    0,    0,    0,    0,    0,    0,    0,    0,    0,    0,    0,    0,    0,    0,    0,    0,    0,    0,    0,    0,    0,    0,    0,    0,    0,    0,    0],
        [  198,    0,    0,  120,  210,  418,  502,  664,  493,  179,  209,  427,  273,  775,  652,  348,  136,   81,  154,  497,  559,  212,  195,  515,  511,   98,  377,  490,  279,   61,  493,   95,  330,  572,  678,   78,  486,  293,  428,  556,  352,  266,  493,  615,  549,  179,  314,  153,  271,  623,  343,  303,  176,  620,  431,  664,  239,  378,   99,  235,  435,  270,  850,  494,  432,  312,  745,  591,  357,  722,  681,  119,  239,  314,  802,  114,  424,  398,  202,  113,  383,  476,  549,  497,  622,  519,  364,  496,  581,  507,  729,  252,  165,  265,  306,  515,  565,  315,  516,  498,  378,  598,  415,  663,  382,  515,  613,  492,  586,  277,  489,  416,  435,  730,  267,  667,  171,  360,  461,  608,  450,  174,  352,  628,  636,  234,  299,  147,  331,  760,  415,  565,  429,  194,  187,  325,  528,  534,  367,  776,  382,  215],
        [  315,    0,  120,    0,  325,  409,  593,  623,  427,   74,  226,  469,  232,  749,  566,  264,  170,  192,  213,  475,  500,  328,  186,  497,  432,  193,  276,  603,  369,  157,  437,   31,  228,  679,  673,   85,  576,  379,  312,  462,  419,  169,  605,  648,  472,  283,  392,   34,  375,  641,  392,  329,   78,  501,  466,  651,  139,  412,  104,  136,  527,  296,  813,  394,  511,  283,  719,  528,  355,  603,  623,  120,  226,  195,  757,  214,  355,  362,  136,   93,  283,  426,  437,  415,  503,  414,  416,  408,  633,  467,  672,  148,   92,  166,  187,  496,  469,  433,  607,  383,  316,  480,  317,  614,  453,  500,  494,  602,  632,  385,  518,  315,  332,  611,  368,  649,  149,  461,  566,  653,  470,  209,  291,  519,  733,  119,  406,  264,  339,  734,  499,  659,  460,  154,  137,  336,  640,  421,  322,  743,  266,  183],
        [   24,    0,  210,  325,    0,  558,  326,  717,  601,  389,  267,  495,  381,  795,  781,  495,  295,  171,  277,  534,  650,  127,  369,  543,  636,  143,  545,  281,  142,  210,  584,  297,  540,  366,  668,  282,  312,  163,  636,  704,  252,  438,  285,  542,  668,  188,  334,  356,   91,  578,  412,  416,  386,  819,  378,  668,  449,  465,  255,  445,  261,  281,  885,  653,  286,  394,  768,  686,  496,  925,  761,  260,  407,  520,  853,  195,  542,  567,  357,  276,  591,  560,  730,  628,  819,  687,  423,  637,  476,  573,  806,  461,  372,  440,  510,  546,  715,  166,  340,  707,  493,  805,  623,  728,  261,  539,  817,  283,  490,  208,  569,  580,  644,  926,   96,  682,  358,  173,  260,  512,  422,  316,  469,  798,  444,  430,  225,  122,  463,  780,  260,  380,  513,  387,  333,  341,  319,  714,  544,  808,  590,  332],
        [  535,    0,  418,  409,  558,    0,  883, 1026,  817,  364,  618,  189,  640, 1156,  922,  647,  284,  399,  285,  883,  895,  457,  228,  906,  808,  509,  627,  800,  675,  374,  836,  423,  339,  903, 1079,  355,  869,  694,  466,  805,  765,  549,  813, 1032,  850,  378,  299,  422,  645, 1038,  200,  147,  352,  684,  848, 1059,  335,  150,  491,  333,  818,  684, 1217,  731,  832,  691, 1126,  918,   63,  734, 1015,  512,  185,  437, 1158,  366,  747,  100,  542,  490,  338,  828,  714,  787,  698,  729,  213,  770,  996,  872, 1064,  343,  321,  543,  459,  904,  808,  536,  897,  492,  714,  598,  337, 1014,  790,  908,  647,  814, 1002,  431,  174,  662,  374,  789,  646, 1057,  262,  730,  809, 1025,  864,  250,  692,  809,  997,  471,  437,  437,   96, 1142,  810,  937,  150,  255,  545,  734,  842,  702,  135, 1148,  435,  591],
        [  349,    0,  502,  593,  326,  883,    0,  687,  674,  666,  413,  811,  519,  701,  859,  647,  613,  489,  600,  522,  688,  439,  686,  514,  730,  407,  719,  206,  225,  523,  637,  563,  821,  164,  549,  580,   18,  215,  889,  823,  207,  637,  183,  349,  746,  510,  644,  614,  239,  422,  731,  741,  667, 1030,  295,  572,  731,  786,  494,  727,   67,  365,  803,  797,  104,  495,  683,  724,  821, 1145,  766,  486,  725,  771,  798,  518,  644,  888,  557,  512,  875,  609,  904,  732, 1024,  842,  740,  755,  248,  592,  799,  741,  664,  642,  753,  519,  836,  408,   15,  962,  603, 1044,  909,  714,  168,  505, 1041,  175,  275,  501,  886,  742,  924, 1123,  240,  598,  668,  154,  118,  289,  354,  638,  587,  947,  146,  664,  509,  447,  788,  687,  100,   68,  833,  694,  531,  387,  197,  890,  861,  732,  848,  500],
        [  730,    0,  664,  623,  717, 1026,  687,    0,  225,  663,  469, 1085,  395,  152,  282,  388,  782,  732,  814,  185,  149,  819,  809,  180,  267,  622,  436,  856,  609,  724,  194,  616,  741,  849,  207,  694,  675,  594,  693,  347,  521,  481,  839,  399,  237,  827,  976,  606,  672,  318, 1003,  949,  675,  666,  396,  161,  702, 1031,  567,  702,  664,  438,  191,  391,  593,  353,  126,  150,  975,  770,  102,  546,  847,  632,  139,  773,  287,  964,  488,  558,  781,  199,  505,  289,  648,  432, 1026,  322,  488,  158,  116,  698,  706,  488,  604,  177,  356,  883,  691,  742,  314,  749,  810,   41,  547,  188,  707,  832,  461,  903, 1139,  416,  796,  701,  658,  130,  771,  688,  766,  463,  336,  823,  335,  473,  805,  561,  924,  767,  961,  143,  614,  738, 1080,  773,  490,  377,  866,  500,  920,  127,  684,  452],
        [  607,    0,  493,  427,  601,  817,  674,  225,    0,  455,  335,  895,  226,  374,  188,  171,  594,  569,  632,  192,   80,  678,  609,  216,   63,  478,  211,  801,  528,  552,   49,  426,  519,  824,  372,  506,  659,  519,  469,  166,  474,  269,  789,  488,   73,  669,  806,  404,  582,  427,  818,  755,  467,  465,  391,  330,  486,  838,  395,  488,  632,  337,  411,  181,  571,  208,  346,  102,  770,  577,  198,  377,  644,  409,  345,  607,   72,  748,  297,  381,  557,   73,  304,   77,  449,  228,  841,  112,  544,  118,  247,  481,  501,  275,  381,  211,  178,  761,  683,  519,  115,  537,  586,  203,  510,  227,  500,  784,  525,  757,  943,  192,  571,  520,  568,  311,  571,  625,  723,  536,  341,  634,  141,  303,  813,  347,  779,  619,  760,  363,  583,  737,  885,  568,  307,  293,  821,  296,  704,  352,  459,  283],
        [  376,    0,  179,   74,  389,  364,  666,  663,  455,    0,  296,  452,  284,  795,  575,  285,  176,  239,  224,  527,  532,  374,  161,  551,  450,  263,  277,  668,  441,  199,  472,  103,  156,  747,  729,  116,  649,  452,  252,  464,  492,  187,  671,  716,  492,  317,  402,   65,  444,  705,  383,  309,   13,  456,  535,  704,   66,  392,  177,   63,  599,  366,  854,  392,  584,  337,  765,  556,  316,  551,  652,  191,  191,  143,  794,  251,  384,  305,  184,  164,  210,  465,  414,  431,  461,  403,  408,  418,  704,  510,  702,   76,   50,  181,  145,  549,  469,  481,  679,  320,  350,  423,  245,  651,  527,  554,  443,  669,  703,  420,  492,  316,  260,  568,  438,  700,  125,  531,  635,  724,  536,  207,  329,  502,  805,  112,  440,  313,  307,  782,  572,  731,  437,  115,  194,  402,  706,  399,  263,  786,  205,  242],
        [  274,    0,  209,  226,  267,  618,  413,  469,  335,  296,    0,  635,  120,  569,  516,  246,  342,  267,  363,  293,  386,  353,  390,  309,  372,  154,  311,  489,  214,  267,  319,  203,  439,  535,  469,  263,  396,  212,  485,  447,  214,  224,  482,  423,  402,  360,  511,  233,  256,  421,  550,  511,  302,  618,  241,  455,  359,  586,  128,  357,  354,   71,  649,  404,  317,  128,  540,  421,  559,  732,  501,  109,  433,  369,  607,  309,  278,  583,  146,  134,  494,  297,  499,  365,  612,  444,  570,  378,  410,  316,  548,  364,  316,  230,  347,  310,  458,  428,  426,  557,  229,  633,  529,  473,  253,  309,  628,  477,  408,  436,  697,  339,  536,  713,  243,  460,  357,  317,  424,  429,  248,  382,  206,  554,  559,  260,  457,  299,  536,  554,  314,  481,  637,  372,  121,  117,  516,  484,  545,  574,  446,   88],
        [  471,    0,  427,  469,  495,  189,  811, 1085,  895,  452,  635,    0,  690, 1201, 1026,  730,  303,  375,  273,  923,  968,  373,  291,  942,  898,  497,  728,  691,  631,  369,  904,  471,  483,  800, 1103,  392,  799,  651,  618,  914,  734,  633,  708, 1019,  939,  309,  169,  493,  585, 1040,   86,  143,  439,  843,  840, 1090,  448,   60,  521,  444,  751,  691, 1273,  842,  780,  734, 1171,  996,  176,  904, 1090,  542,  265,  562, 1221,  333,  824,  280,  601,  528,  497,  891,  848,  879,  854,  849,   72,  868,  966,  928, 1140,  460,  402,  628,  577,  942,  920,  421,  824,  656,  783,  767,  504, 1080,  751,  942,  811,  711,  977,  316,   77,  767,  541,  952,  590, 1094,  328,  660,  719,  999,  869,  263,  759,  941,  906,  563,  314,  380,  161, 1186,  754,  856,   42,  339,  596,  750,  732,  834,  304, 1200,  580,  634],
        [  386,    0,  273,  232,  381,  640,  519,  395,  226,  284,  120,  690,    0,  517,  401,  130,  387,  347,  420,  244,  288,  453,  417,  268,  256,  253,  201,  608,  331,  333,  221,  222,  400,  649,  446,  299,  502,  328,  413,  327,  313,  140,  600,  457,  289,  445,  587,  221,  376,  432,  609,  555,  294,  515,  293,  421,  336,  636,  174,  335,  464,  155,  584,  286,  418,   54,  487,  321,  586,  632,  408,  154,  457,  309,  532,  385,  163,  588,  100,  164,  451,  204,  386,  247,  508,  327,  631,  259,  470,  238,  457,  337,  320,  148,  282,  266,  339,  538,  530,  482,  114,  544,  486,  391,  353,  271,  531,  595,  461,  532,  745,  224,  485,  605,  363,  418,  380,  435,  540,  479,  274,  428,   89,  436,  664,  206,  554,  394,  570,  503,  420,  586,  686,  385,   96,  151,  634,  372,  546,  512,  382,   59],
        [  811,    0,  775,  749,  795, 1156,  701,  152,  374,  795,  569, 1201,  517,    0,  422,  531,  900,  836,  928,  278,  300,  907,  934,  260,  418,  719,  584,  889,  671,  834,  338,  738,  884,  863,  154,  814,  692,  653,  842,  497,  569,  619,  869,  368,  388,  926, 1080,  735,  736,  286, 1117, 1070,  807,  816,  435,  132,  839, 1149,  681,  839,  692,  524,  104,  543,  619,  469,   31,  300, 1103,  918,  233,  660,  974,  776,  127,  878,  432, 1099,  615,  676,  926,  337,  655,  440,  798,  583, 1138,  473,  471,  287,  217,  836,  836,  627,  748,  260,  506,  958,  702,  892,  451,  901,  956,  186,  586,  262,  858,  862,  442,  992, 1259,  565,  943,  846,  723,  114,  897,  734,  796,  436,  379,  941,  470,  620,  799,  699, 1012,  862, 1086,   16,  645,  742, 1199,  902,  613,  462,  892,  651, 1056,   48,  831,  570],
        [  786,    0,  652,  566,  781,  922,  859,  282,  188,  575,  516, 1026,  401,  422,    0,  306,  735,  731,  778,  354,  181,  850,  736,  371,  146,  652,  299,  989,  715,  708,  223,  573,  594, 1010,  482,  650,  844,  706,  504,  119,  661,  398,  977,  642,  116,  831,  957,  538,  767,  571,  955,  884,  588,  411,  571,  436,  589,  967,  558,  592,  818,  524,  411,  193,  756,  392,  401,  152,  884,  504,  190,  542,  765,  488,  336,  765,  239,  841,  451,  540,  619,  250,  263,  156,  391,  208,  980,  159,  712,  276,  217,  580,  625,  401,  465,  366,  120,  938,  867,  533,  288,  510,  641,  242,  697,  383,  459,  971,  690,  925, 1065,  262,  616,  427,  754,  407,  699,  813,  910,  698,  517,  773,  313,  204,  995,  464,  947,  788,  880,  417,  769,  921, 1011,  689,  468,  481, 1009,  265,  797,  383,  512,  454],
        [  496,    0,  348,  264,  495,  647,  647,  388,  171,  285,  246,  730,  130,  531,  306,    0,  433,  427,  475,  289,  249,  550,  442,  316,  168,  357,   77,  734,  459,  403,  195,  269,  354,  778,  495,  346,  631,  456,  326,  212,  441,   99,  727,  553,  209,  526,  652,  238,  499,  513,  655,  589,  298,  392,  406,  461,  316,  672,  256,  317,  593,  283,  577,  160,  546,  158,  501,  272,  601,  510,  368,  242,  476,  247,  514,  460,  102,  578,  147,  237,  396,  195,  257,  152,  383,  199,  680,  149,  581,  247,  417,  311,  332,  105,  218,  313,  222,  643,  658,  388,   84,  434,  428,  371,  481,  324,  413,  722,  568,  622,  775,   95,  417,  478,  487,  449,  404,  562,  668,  585,  376,  472,   78,  309,  793,  177,  644,  487,  592,  518,  549,  714,  719,  399,  167,  270,  761,  243,  534,  514,  306,  165],
        [  275,    0,  136,  170,  295,  284,  613,  782,  594,  176,  342,  303,  387,  900,  735,  433,    0,  125,   49,  623,  666,  232,   75,  643,  601,  226,  442,  565,  398,   93,  602,  169,  284,  659,  810,   89,  598,  415,  409,  629,  482,  338,  573,  750,  642,  159,  227,  199,  375,  759,  224,  170,  165,  625,  566,  793,  206,  250,  220,  201,  547,  404,  971,  559,  554,  433,  870,  695,  222,  713,  789,  242,  113,  314,  919,  107,  523,  275,  299,  225,  326,  588,  589,  584,  632,  575,  248,  577,  713,  625,  838,  221,  131,  335,  319,  642,  636,  336,  628,  470,  481,  579,  352,  777,  508,  644,  607,  573,  719,  257,  359,  482,  381,  737,  374,  795,   74,  464,  555,  741,  585,   42,  457,  676,  739,  278,  276,  185,  196,  885,  534,  672,  300,  104,  293,  458,  606,  574,  250,  898,  363,  332],
        [  152,    0,   81,  192,  171,  399,  489,  732,  569,  239,  267,  375,  347,  836,  731,  427,  125,    0,  116,  560,  634,  137,  199,  576,  589,  122,  457,  446,  277,   42,  567,  172,  380,  537,  731,  124,  474,  295,  490,  636,  369,  346,  452,  648,  627,  100,  245,  226,  251,  665,  289,  267,  234,  691,  467,  720,  292,  332,  175,  287,  423,  318,  915,  574,  433,  381,  807,  666,  337,  789,  754,  193,  237,  380,  870,   43,  502,  399,  281,  192,  429,  549,  627,  576,  694,  599,  307,  576,  602,  577,  803,  306,  212,  345,  376,  577,  645,  243,  503,  558,  455,  662,  459,  733,  392,  575,  681,  452,  610,  197,  443,  496,  483,  802,  250,  727,  188,  339,  431,  633,  494,  151,  429,  707,  614,  310,  219,   74,  306,  821,  412,  548,  383,  217,  265,  378,  486,  611,  374,  840,  443,  289],
        [  255,    0,  154,  213,  277,  285,  600,  814,  632,  224,  363,  273,  420,  928,  778,  475,   49,  116,    0,  650,  703,  197,  109,  669,  642,  232,  487,  537,  391,   98,  637,  207,  330,  635,  831,  129,  586,  410,  457,  674,  484,  381,  547,  759,  682,  118,  181,  243,  362,  773,  190,  153,  214,  674,  577,  817,  254,  224,  248,  250,  535,  421, 1001,  605,  548,  462,  898,  733,  222,  761,  825,  269,  136,  363,  951,   83,  562,  292,  336,  257,  370,  623,  637,  626,  680,  622,  212,  620,  716,  657,  874,  269,  179,  378,  368,  669,  680,  297,  614,  517,  519,  627,  395,  811,  507,  669,  655,  547,  724,  212,  336,  527,  425,  786,  363,  821,  119,  448,  534,  746,  601,   42,  493,  724,  720,  325,  229,  159,  191,  913,  526,  656,  276,  148,  328,  478,  578,  622,  273,  928,  411,  363],
        [  548,    0,  497,  475,  534,  883,  522,  185,  192,  527,  293,  923,  244,  278,  354,  289,  623,  560,  650,    0,  174,  638,  659,   28,  255,  445,  359,  678,  426,  556,  144,  462,  631,  680,  208,  537,  508,  411,  615,  357,  342,  362,  663,  296,  253,  652,  804,  464,  488,  237,  839,  792,  537,  649,  227,  179,  576,  871,  403,  575,  491,  255,  357,  367,  422,  193,  249,  208,  828,  763,  247,  382,  699,  530,  319,  602,  210,  831,  343,  398,  679,  121,  491,  268,  635,  415,  860,  302,  359,   79,  285,  575,  564,  370,  501,   24,  369,  699,  528,  676,  206,  710,  712,  201,  370,   36,  680,  656,  337,  723,  981,  355,  704,  711,  475,  175,  622,  508,  591,  347,  169,  664,  216,  495,  650,  439,  743,  589,  810,  264,  441,  578,  922,  628,  338,  193,  691,  481,  789,  281,  594,  294],
        [  659,    0,  559,  500,  650,  895,  688,  149,   80,  532,  386,  968,  288,  300,  181,  249,  666,  634,  703,  174,    0,  736,  684,  191,  119,  535,  289,  831,  564,  619,   68,  498,  598,  843,  318,  578,  674,  552,  545,  208,  497,  346,  817,  462,   95,  732,  873,  479,  622,  393,  890,  829,  544,  523,  396,  273,  565,  912,  461,  566,  652,  376,  332,  244,  586,  259,  273,   38,  847,  631,  123,  441,  720,  488,  266,  672,  148,  827,  368,  448,  636,   90,  361,  140,  506,  287,  913,  174,  532,   97,  172,  560,  577,  353,  460,  185,  219,  813,  695,  593,  186,  603,  664,  124,  530,  202,  563,  811,  509,  817, 1018,  267,  648,  568,  608,  249,  647,  656,  748,  517,  340,  707,  210,  343,  821,  425,  839,  679,  836,  290,  602,  747,  960,  645,  376,  323,  848,  356,  783,  275,  537,  346],
        [  105,    0,  212,  328,  127,  457,  439,  819,  678,  374,  353,  373,  453,  907,  850,  550,  232,  137,  197,  638,  736,    0,  303,  651,  705,  202,  586,  345,  268,  176,  669,  306,  509,  447,  786,  259,  427,  290,  625,  761,  378,  475,  356,  668,  741,   81,  208,  362,  215,  701,  293,  312,  368,  828,  500,  783,  423,  349,  295,  419,  378,  384,  994,  701,  410,  478,  879,  771,  398,  925,  853,  309,  332,  516,  956,  129,  614,  483,  404,  314,  555,  648,  761,  694,  831,  729,  302,  698,  603,  668,  900,  438,  343,  475,  513,  652,  770,  108,  452,  690,  566,  796,  583,  825,  388,  647,  817,  358,  617,   86,  448,  624,  610,  938,  222,  794,  305,  287,  354,  639,  541,  238,  540,  839,  542,  445,  106,   65,  363,  892,  383,  486,  395,  335,  384,  447,  386,  745,  468,  917,  577,  398],
        [  349,    0,  195,  186,  369,  228,  686,  809,  609,  161,  390,  291,  417,  934,  736,  442,   75,  199,  109,  659,  684,  303,    0,  680,  608,  291,  438,  639,  467,  163,  622,  197,  229,  733,  853,  128,  670,  484,  362,  624,  547,  344,  647,  807,  650,  226,  259,  206,  448,  810,  224,  149,  149,  584,  623,  833,  167,  232,  263,  163,  619,  456,  999,  552,  623,  466,  904,  711,  171,  664,  806,  284,   44,  282,  943,  180,  538,  204,  322,  263,  265,  612,  565,  590,  593,  561,  249,  578,  776,  653,  856,  181,  111,  339,  293,  679,  629,  405,  700,  417,  500,  528,  288,  800,  575,  682,  561,  647,  780,  319,  334,  476,  319,  696,  446,  833,   38,  537,  629,  802,  637,   71,  477,  657,  812,  273,  335,  259,  153,  919,  604,  745,  277,   52,  321,  506,  680,  551,  176,  928,  317,  365],
        [  558,    0,  515,  497,  543,  906,  514,  180,  216,  551,  309,  942,  268,  260,  371,  316,  643,  576,  669,   28,  191,  651,  680,    0,  279,  460,  386,  677,  431,  574,  167,  484,  657,  675,  182,  558,  502,  415,  642,  380,  342,  388,  660,  274,  274,  667,  820,  488,  494,  212,  858,  813,  561,  675,  221,  154,  601,  891,  423,  600,  487,  267,  344,  392,  417,  215,  232,  223,  850,  789,  252,  402,  722,  556,  311,  618,  236,  855,  367,  419,  705,  146,  516,  292,  660,  440,  878,  326,  342,  100,  286,  600,  587,  396,  528,    6,  393,  708,  520,  703,  233,  737,  738,  201,  368,   12,  707,  654,  319,  735, 1001,  382,  731,  736,  480,  153,  644,  508,  588,  327,  161,  684,  242,  518,  640,  464,  756,  603,  832,  245,  437,  569,  942,  651,  361,  204,  688,  507,  813,  267,  621,  316],
        [  641,    0,  511,  432,  636,  808,  730,  267,   63,  450,  372,  898,  256,  418,  146,  168,  601,  589,  642,  255,  119,  705,  608,  279,    0,  507,  185,  849,  574,  568,  112,  436,  495,  876,  430,  514,  714,  566,  431,  103,  527,  265,  838,  551,   43,  689,  819,  405,  624,  490,  823,  756,  462,  407,  451,  387,  473,  840,  415,  475,  685,  383,  443,  126,  626,  249,  391,  123,  764,  517,  217,  398,  641,  385,  373,  624,   94,  733,  310,  398,  529,  135,  245,   23,  391,  170,  847,   56,  607,  180,  263,  466,  498,  270,  359,  273,  115,  793,  739,  476,  143,  484,  556,  238,  564,  290,  445,  833,  587,  781,  941,  156,  537,  459,  611,  365,  571,  673,  773,  599,  402,  640,  168,  240,  870,  339,  803,  644,  757,  409,  637,  793,  885,  564,  325,  345,  871,  239,  689,  391,  427,  309],
        [  140,    0,   98,  193,  143,  509,  407,  622,  478,  263,  154,  497,  253,  719,  652,  357,  226,  122,  232,  445,  535,  202,  291,  460,  507,    0,  404,  413,  182,  136,  468,  164,  418,  486,  610,  175,  390,  196,  503,  568,  257,  296,  413,  528,  541,  208,  362,  220,  182,  544,  411,  385,  263,  678,  346,  601,  327,  453,  112,  323,  340,  198,  802,  514,  334,  277,  691,  570,  447,  786,  653,  119,  334,  385,  760,  165,  415,  495,  216,  134,  472,  447,  588,  497,  678,  547,  429,  503,  488,  469,  700,  338,  258,  298,  372,  461,  578,  287,  421,  575,  366,  669,  506,  626,  285,  458,  677,  410,  494,  283,  564,  440,  522,  784,  175,  609,  268,  269,  373,  516,  373,  261,  340,  658,  543,  289,  304,  146,  419,  704,  318,  470,  504,  291,  192,  259,  448,  572,  464,  726,  458,  199],
        [  544,    0,  377,  276,  545,  627,  719,  436,  211,  277,  311,  728,  201,  584,  299,   77,  442,  457,  487,  359,  289,  586,  438,  386,  185,  404,    0,  796,  523,  428,  247,  289,  311,  845,  562,  360,  702,  523,  261,  188,  513,  112,  790,  629,  226,  554,  667,  244,  559,  587,  658,  585,  290,  316,  483,  525,  292,  669,  295,  294,  663,  355,  621,  118,  618,  235,  555,  304,  586,  433,  400,  286,  466,  201,  553,  486,  155,  550,  188,  274,  347,  253,  189,  163,  308,  143,  683,  144,  658,  307,  447,  284,  327,  113,  174,  382,  194,  685,  730,  318,  155,  357,  375,  413,  553,  394,  337,  786,  645,  653,  766,   40,  360,  405,  547,  510,  401,  627,  734,  662,  453,  478,  154,  254,  865,  166,  675,  522,  581,  572,  620,  786,  712,  391,  213,  346,  825,  174,  505,  563,  248,  225],
        [  296,    0,  490,  603,  281,  800,  206,  856,  801,  668,  489,  691,  608,  889,  989,  734,  565,  446,  537,  678,  831,  345,  639,  677,  849,  413,  796,    0,  277,  487,  772,  574,  820,  110,  740,  562,  208,  283,  914,  932,  337,  696,   25,  550,  873,  426,  523,  632,  238,  618,  622,  653,  666, 1088,  461,  758,  729,  680,  522,  725,  197,  466,  990,  892,  270,  601,  868,  868,  741, 1197,  924,  523,  672,  797,  977,  459,  757,  827,  613,  544,  871,  745,  984,  846, 1086,  932,  624,  863,  451,  739,  962,  741,  652,  700,  784,  681,  944,  271,  212,  985,  710, 1081,  902,  877,  310,  669, 1089,   32,  477,  377,  767,  826,  924, 1191,  249,  781,  633,  176,   94,  493,  521,  578,  690, 1043,  228,  701,  378,  381,  706,  875,  244,  208,  720,  662,  587,  510,   42,  969,  810,  915,  869,  571],
        [  164,    0,  279,  369,  142,  675,  225,  609,  528,  441,  214,  631,  331,  671,  715,  459,  398,  277,  391,  426,  564,  268,  467,  431,  574,  182,  523,  277,    0,  306,  502,  339,  596,  324,  537,  356,  209,   22,  670,  656,  112,  429,  269,  401,  599,  322,  473,  391,   65,  440,  546,  540,  442,  824,  243,  542,  506,  597,  271,  502,  159,  192,  766,  616,  157,  325,  646,  601,  613,  937,  666,  266,  509,  551,  740,  311,  481,  671,  346,  291,  650,  476,  712,  570,  820,  657,  559,  587,  336,  478,  708,  516,  440,  434,  534,  434,  668,  291,  239,  742,  434,  829,  685,  625,  121,  425,  830,  264,  350,  349,  704,  552,  700,  923,   52,  559,  447,  104,  212,  372,  293,  427,  413,  767,  365,  447,  364,  251,  582,  656,  137,  290,  646,  472,  320,  242,  303,  696,  642,  689,  627,  298],
        [  192,    0,   61,  157,  210,  374,  523,  724,  552,  199,  267,  369,  333,  834,  708,  403,   93,   42,   98,  556,  619,  176,  163,  574,  568,  136,  428,  487,  306,    0,  553,  140,  338,  576,  735,   84,  507,  323,  450,  610,  391,  317,  493,  663,  607,  127,  255,  191,  285,  676,  284,  250,  193,  653,  480,  722,  250,  321,  159,  246,  456,  324,  910,  545,  462,  372,  804,  651,  312,  750,  741,  179,  204,  341,  862,   59,  483,  366,  259,  172,  388,  536,  593,  553,  656,  568,  305,  551,  623,  567,  789,  264,  170,  316,  338,  574,  618,  283,  537,  516,  437,  621,  418,  723,  417,  574,  641,  492,  630,  229,  433,  467,  442,  764,  284,  726,  149,  374,  469,  652,  503,  125,  411,  675,  650,  276,  250,  115,  284,  819,  442,  583,  373,  177,  245,  381,  526,  578,  339,  835,  402,  275],
        [  593,    0,  493,  437,  584,  836,  637,  194,   49,  472,  319,  904,  221,  338,  223,  195,  602,  567,  637,  144,   68,  669,  622,  167,  112,  468,  247,  772,  502,  553,    0,  434,  548,  789,  325,  513,  622,  492,  507,  214,  441,  289,  759,  440,  113,  665,  807,  417,  558,  379,  825,  766,  484,  512,  350,  285,  509,  849,  394,  510,  597,  312,  383,  229,  534,  192,  308,  103,  787,  625,  188,  375,  659,  440,  322,  606,   94,  771,  304,  382,  589,   28,  352,  126,  497,  276,  848,  161,  498,   70,  237,  505,  517,  296,  412,  162,  226,  747,  645,  561,  123,  582,  619,  179,  475,  178,  547,  753,  478,  750,  955,  232,  606,  569,  545,  266,  585,  596,  691,  489,  297,  642,  146,  351,  773,  369,  772,  612,  775,  326,  548,  698,  897,  584,  310,  263,  790,  344,  727,  320,  494,  279],
        [  287,    0,   95,   31,  297,  423,  563,  616,  426,  103,  203,  471,  222,  738,  573,  269,  169,  172,  207,  462,  498,  306,  197,  484,  436,  164,  289,  574,  339,  140,  434,    0,  258,  649,  657,   80,  546,  349,  341,  472,  390,  179,  575,  625,  476,  266,  384,   59,  345,  621,  392,  334,  106,  527,  442,  637,  168,  416,   78,  165,  497,  272,  805,  406,  482,  270,  708,  527,  367,  630,  621,   95,  238,  224,  752,  198,  356,  381,  131,   69,  312,  421,  456,  420,  528,  429,  415,  415,  607,  459,  670,  178,  114,  177,  214,  483,  480,  410,  577,  412,  313,  509,  347,  609,  425,  486,  521,  573,  607,  367,  524,  328,  361,  636,  338,  636,  161,  431,  536,  628,  449,  209,  288,  536,  703,  140,  388,  242,  349,  724,  470,  629,  465,  171,  126,  315,  610,  440,  343,  734,  295,  169],
        [  525,    0,  330,  228,  540,  339,  821,  741,  519,  156,  439,  483,  400,  884,  594,  354,  284,  380,  330,  631,  598,  509,  229,  657,  495,  418,  311,  820,  596,  338,  548,  258,    0,  901,  839,  259,  804,  606,  137,  476,  643,  270,  823,  852,  536,  441,  486,  210,  599,  832,  436,  350,  156,  362,  676,  808,   92,  424,  330,   96,  754,  508,  928,  402,  738,  454,  854,  614,  314,  436,  710,  341,  230,  110,  863,  381,  454,  250,  308,  314,   56,  548,  375,  473,  373,  394,  460,  450,  848,  599,  758,   81,  169,  262,  138,  655,  477,  616,  834,  188,  434,  300,   91,  721,  679,  663,  335,  821,  845,  540,  501,  341,  105,  472,  593,  799,  211,  686,  790,  865,  669,  297,  418,  470,  960,  195,  558,  453,  323,  871,  727,  886,  456,  183,  326,  537,  858,  363,  207,  867,   98,  373],
        [  385,    0,  572,  679,  366,  903,  164,  849,  824,  747,  535,  800,  649,  863, 1010,  778,  659,  537,  635,  680,  843,  447,  733,  675,  876,  486,  845,  110,  324,  576,  789,  649,  901,    0,  711,  647,  175,  323,  987,  966,  350,  753,   93,  507,  896,  527,  632,  705,  304,  582,  729,  757,  746, 1148,  455,  735,  810,  787,  589,  806,  193,  499,  966,  933,  259,  634,  846,  880,  844, 1260,  926,  586,  768,  868,  961,  555,  787,  926,  670,  610,  954,  762, 1033,  876, 1144,  976,  732,  897,  403,  749,  960,  822,  736,  757,  853,  679,  978,  380,  162, 1059,  744, 1150,  986,  875,  315,  665, 1153,   90,  431,  485,  876,  872, 1006, 1247,  312,  761,  724,  222,  114,  444,  515,  675,  725, 1084,  124,  767,  487,  477,  809,  850,  242,  131,  828,  753,  643,  532,   72, 1018,  907,  895,  942,  621],
        [  686,    0,  678,  673,  668, 1079,  549,  207,  372,  729,  469, 1103,  446,  154,  482,  495,  810,  731,  831,  208,  318,  786,  853,  182,  430,  610,  562,  740,  537,  735,  325,  657,  839,  711,    0,  728,  541,  518,  820,  525,  430,  569,  720,  216,  412,  815,  971,  665,  602,  133, 1018,  979,  739,  835,  295,   47,  781, 1055,  591,  780,  543,  413,  257,  552,  471,  393,  141,  335, 1022,  946,  309,  570,  895,  737,  267,  773,  409, 1032,  545,  590,  886,  312,  674,  448,  820,  598, 1037,  483,  318,  258,  316,  780,  763,  577,  709,  185,  536,  828,  550,  879,  412,  906,  919,  248,  443,  176,  872,  713,  289,  871, 1166,  554,  911,  885,  589,   78,  817,  591,  647,  284,  247,  850,  423,  660,  646,  645,  890,  747, 1002,  142,  498,  589, 1106,  826,  537,  354,  741,  667,  991,  191,  801,  490],
        [  267,    0,   78,   85,  282,  355,  580,  694,  506,  116,  263,  392,  299,  814,  650,  346,   89,  124,  129,  537,  578,  259,  128,  558,  514,  175,  360,  562,  356,   84,  513,   80,  259,  647,  728,    0,  564,  371,  367,  546,  427,  253,  566,  681,  554,  204,  308,  117,  348,  683,  312,  256,  110,  571,  496,  710,  169,  337,  137,  165,  513,  330,  883,  478,  509,  346,  784,  607,  296,  667,  700,  158,  171,  258,  830,  136,  435,  326,  210,  139,  310,  500,  517,  497,  575,  497,  336,  491,  652,  537,  749,  182,   90,  250,  257,  557,  553,  366,  594,  434,  393,  538,  341,  688,  457,  559,  559,  565,  655,  307,  446,  400,  363,  682,  344,  710,   97,  437,  537,  678,  510,  130,  368,  602,  713,  201,  328,  198,  275,  799,  492,  643,  387,  118,  204,  379,  601,  502,  292,  811,  319,  245],
        [  335,    0,  486,  576,  312,  869,   18,  675,  659,  649,  396,  799,  502,  692,  844,  631,  598,  474,  586,  508,  674,  427,  670,  502,  714,  390,  702,  208,  209,  507,  622,  546,  804,  175,  541,  564,    0,  198,  872,  807,  190,  619,  186,  344,  731,  498,  633,  597,  225,  414,  719,  728,  650, 1013,  282,  562,  714,  774,  477,  711,   52,  348,  794,  781,   89,  479,  673,  710,  807, 1128,  753,  469,  710,  754,  788,  504,  628,  873,  540,  495,  858,  594,  887,  716, 1007,  825,  728,  739,  244,  578,  786,  724,  648,  625,  735,  506,  820,  400,   31,  945,  587, 1027,  893,  701,  152,  492, 1024,  178,  270,  490,  875,  725,  907, 1106,  225,  588,  653,  141,  117,  286,  341,  624,  571,  931,  164,  647,  500,  433,  774,  678,   83,   85,  821,  678,  513,  371,  203,  873,  846,  722,  831,  483],
        [  185,    0,  293,  379,  163,  694,  215,  594,  519,  452,  212,  651,  328,  653,  706,  456,  415,  295,  410,  411,  552,  290,  484,  415,  566,  196,  523,  283,   22,  323,  492,  349,  606,  323,  518,  371,  198,    0,  677,  650,   91,  431,  273,  379,  591,  343,  494,  400,   85,  419,  567,  560,  453,  826,  223,  523,  517,  617,  280,  514,  150,  183,  748,  613,  140,  318,  628,  590,  631,  940,  653,  273,  526,  558,  724,  331,  474,  688,  349,  298,  661,  465,  711,  563,  822,  655,  580,  581,  315,  465,  694,  527,  452,  436,  540,  418,  662,  312,  228,  749,  428,  834,  696,  611,  100,  408,  834,  268,  328,  370,  724,  550,  710,  924,   73,  540,  463,  108,  212,  351,  274,  445,  408,  764,  357,  452,  386,  272,  601,  638,  122,  281,  667,  487,  322,  230,  307,  696,  658,  672,  634,  298],
        [  625,    0,  428,  312,  636,  466,  889,  693,  469,  252,  485,  618,  413,  842,  504,  326,  409,  490,  457,  615,  545,  625,  362,  642,  431,  503,  261,  914,  670,  450,  507,  341,  137,  987,  820,  367,  872,  677,    0,  387,  697,  273,  915,  868,  468,  563,  620,  283,  684,  836,  572,  486,  257,  226,  704,  785,  204,  560,  399,  209,  826,  548,  873,  318,  798,  462,  814,  554,  447,  304,  646,  404,  366,  119,  803,  499,  415,  371,  340,  379,  130,  513,  260,  408,  237,  297,  597,  379,  881,  567,  690,  189,  283,  265,  138,  638,  385,  732,  902,   73,  410,  172,  141,  667,  736,  649,  200,  913,  873,  664,  633,  278,  113,  336,  675,  771,  340,  767,  874,  892,  686,  428,  402,  353, 1033,  226,  683,  564,  458,  831,  792,  956,  590,  313,  364,  561,  950,  251,  331,  819,   48,  404],
        [  706,    0,  556,  462,  704,  805,  823,  347,  166,  464,  447,  914,  327,  497,  119,  212,  629,  636,  674,  357,  208,  761,  624,  380,  103,  568,  188,  932,  656,  610,  214,  472,  476,  966,  525,  546,  807,  650,  387,    0,  619,  294,  923,  653,  113,  735,  853,  431,  702,  591,  845,  772,  476,  320,  550,  481,  473,  855,  467,  476,  776,  469,  505,   75,  720,  333,  472,  198,  768,  425,  274,  453,  651,  370,  431,  668,  180,  723,  358,  448,  500,  237,  160,   94,  302,   93,  870,   70,  708,  281,  313,  464,  513,  296,  347,  375,   13,  854,  833,  420,  223,  408,  523,  312,  657,  391,  362,  918,  689,  832,  951,  148,  499,  361,  689,  456,  588,  757,  860,  701,  503,  665,  243,  138,  965,  353,  854,  698,  765,  489,  728,  888,  898,  576,  378,  437,  957,  158,  679,  464,  394,  373],
        [  274,    0,  352,  419,  252,  765,  207,  521,  474,  492,  214,  734,  313,  569,  661,  441,  482,  369,  484,  342,  497,  378,  547,  342,  527,  257,  513,  337,  112,  391,  441,  390,  643,  350,  430,  427,  190,   91,  697,  619,    0,  436,  322,  290,  546,  427,  581,  434,  175,  329,  649,  636,  496,  826,  136,  439,  557,  697,  315,  554,  158,  159,  667,  591,  105,  289,  546,  534,  703,  942,  588,  302,  590,  581,  647,  408,  439,  750,  359,  330,  698,  413,  698,  528,  820,  636,  664,  550,  233,  404,  626,  565,  501,  442,  560,  346,  631,  402,  218,  770,  397,  846,  733,  542,   40,  334,  839,  315,  243,  460,  806,  536,  744,  918,  163,  458,  522,  168,  251,  265,  191,  515,  381,  741,  352,  472,  476,  356,  674,  555,  110,  274,  748,  544,  334,  183,  352,  684,  718,  591,  658,  299],
        [  435,    0,  266,  169,  438,  549,  637,  481,  269,  187,  224,  633,  140,  619,  398,   99,  338,  346,  381,  362,  346,  475,  344,  388,  265,  296,  112,  696,  429,  317,  289,  179,  270,  753,  569,  253,  619,  431,  273,  294,  436,    0,  692,  597,  307,  443,  561,  141,  459,  569,  559,  491,  199,  396,  432,  539,  221,  575,  185,  222,  577,  281,  672,  229,  540,  191,  589,  370,  502,  510,  466,  178,  377,  171,  610,  375,  198,  483,   84,  164,  318,  284,  293,  247,  392,  255,  583,  239,  609,  333,  516,  218,  234,    9,  144,  385,  302,  574,  649,  343,  169,  411,  351,  467,  475,  394,  405,  688,  600,  542,  677,  151,  347,  496,  448,  531,  306,  532,  640,  619,  414,  376,  150,  365,  782,   80,  564,  411,  493,  606,  537,  704,  621,  301,  110,  289,  727,  277,  439,  606,  242,  138],
        [  301,    0,  493,  605,  285,  813,  183,  839,  789,  671,  482,  708,  600,  869,  977,  727,  573,  452,  547,  663,  817,  356,  647,  660,  838,  413,  790,   25,  269,  493,  759,  575,  823,   93,  720,  566,  186,  273,  915,  923,  322,  692,    0,  528,  861,  437,  540,  632,  235,  597,  637,  667,  669, 1085,  444,  738,  732,  695,  521,  728,  178,  456,  971,  885,  251,  591,  849,  854,  754, 1195,  909,  520,  681,  797,  959,  468,  747,  838,  609,  542,  875,  732,  979,  836, 1083,  925,  640,  854,  429,  725,  946,  744,  656,  696,  784,  665,  935,  288,  188,  987,  701, 1081,  907,  861,  293,  652, 1087,    8,  455,  393,  784,  820,  928, 1187,  245,  762,  640,  166,   74,  471,  504,  588,  681, 1035,  206,  700,  395,  390,  718,  855,  226,  184,  736,  669,  582,  497,   36,  963,  819,  897,  870,  565],
