{
    "name": "random-15-21911",
    "comment": "size=15 seed=21911",
    "nodes": ["+0", "-0", "+1", "-1", "+2", "-2", "+3", "-3", "+4", "-4", "+5", "-5", "+6", "-6", "+7", "-7", "+8", "-8", "+9", "-9", "+10", "-10", "+11", "-11", "+12", "-12", "+13", "-13", "+14", "-14", "+15", "-15"],
    "precedence": {
        "+0": "-0",
        "+1": "-1",
        "+2": "-2",
        "+3": "-3",
        "+4": "-4",
        "+5": "-5",
        "+6": "-6",
        "+7": "-7",
        "+8": "-8",
        "+9": "-9",
        "+10": "-10",
        "+11": "-11",
        "+12": "-12",
        "+13": "-13",
        "+14": "-14",
        "+15": "-15"
    },
    "edges": [
        [    0,    0,  625,  196,  745,  630,  317,  345,  632,  632,  832,  213,  625,  339,  463,  421,  182,  130,  650,  370,  438,  585,  880,  748,  848,   52,  594,  174,  787,  776,  712,  179],
        [    0,    0,  625,  196,  745,  630,  317,  345,  632,  632,  832,  213,  625,  339,  463,  421,  182,  130,  650,  370,  438,  585,  880,  748,  848,   52,  594,  174,  787,  776,  712,  179],
        [  625,  625,    0,  673,  232,  327,  624,  280,  293,  192,  436,  461,  216,  328,  264,  671,  631,  707,  126,  357,  615,  691,  550,  329,  493,  615,   46,  789,  270,  160,  699,  562],
        [  196,  196,  673,    0,  733,  577,  150,  415,  590,  622,  770,  213,  607,  459,  448,  245,  377,  305,  730,  340,  280,  418,  792,  705,  772,  148,  653,  296,  771,  832,  559,  111],
        [  745,  745,  232,  733,    0,  197,  639,  429,  166,  114,  212,  544,  126,  516,  288,  649,  797,  850,  347,  395,  583,  610,  333,  118,  275,  720,  275,  918,   45,  278,  570,  631],
        [  630,  630,  327,  577,  197,    0,  464,  379,   36,  140,  202,  419,  113,  490,  184,  461,  723,  750,  451,  261,  393,  413,  272,  130,  228,  596,  353,  803,  220,  438,  384,  487],
        [  317,  317,  624,  150,  639,  464,    0,  408,  483,  535,  645,  214,  516,  485,  371,  106,  490,  440,  704,  268,  130,  272,  655,  593,  640,  265,  614,  443,  673,  782,  409,  150],
        [  345,  345,  280,  415,  429,  379,  408,    0,  365,  324,  568,  206,  327,  115,  199,  486,  369,  431,  317,  193,  450,  571,  650,  467,  604,  338,  250,  510,  473,  432,  638,  306],
        [  632,  632,  293,  590,  166,   36,  483,  365,    0,  104,  206,  422,   78,  472,  175,  486,  716,  749,  417,  264,  419,  446,  289,  117,  241,  600,  321,  805,  193,  403,  420,  496],
        [  632,  632,  192,  622,  114,  140,  535,  324,  104,    0,  262,  431,   28,  419,  176,  554,  690,  739,  317,  283,  490,  537,  367,  153,  312,  607,  223,  805,  156,  301,  522,  519],
        [  832,  832,  436,  770,  212,  202,  645,  568,  206,  262,    0,  620,  249,  673,  381,  621,  922,  951,  556,  462,  552,  526,  122,  109,   65,  797,  475, 1004,  192,  487,  440,  685],
        [  213,  213,  461,  213,  544,  419,  214,  206,  422,  431,  620,    0,  421,  272,  257,  307,  335,  336,  519,  159,  292,  434,  669,  538,  637,  179,  441,  384,  585,  620,  539,  102],
        [  625,  625,  216,  607,  126,  113,  516,  327,   78,   28,  249,  421,    0,  426,  164,  532,  690,  735,  341,  270,  467,  510,  349,  142,  295,  598,  246,  799,  165,  328,  495,  506],
        [  339,  339,  328,  459,  516,  490,  485,  115,  472,  419,  673,  272,  426,    0,  313,  573,  305,  393,  320,  303,  546,  675,  760,  568,  712,  349,  288,  482,  560,  460,  750,  360],
        [  463,  463,  264,  448,  288,  184,  371,  199,  175,  176,  381,  257,  164,  313,    0,  409,  541,  576,  366,  109,  352,  436,  454,  288,  411,  435,  266,  637,  328,  417,  469,  344],
        [  421,  421,  671,  245,  649,  461,  106,  486,  486,  554,  621,  307,  532,  573,  409,    0,  595,  543,  763,  319,   69,  176,  611,  586,  605,  370,  668,  540,  678,  825,  322,  254],
        [  182,  182,  631,  377,  797,  723,  490,  369,  716,  690,  922,  335,  690,  305,  541,  595,    0,  121,  621,  473,  604,  751,  988,  826,  949,  231,  592,  215,  842,  764,  869,  343],
        [  130,  130,  707,  305,  850,  750,  440,  431,  749,  739,  951,  336,  735,  393,  576,  543,  121,    0,  713,  490,  564,  710, 1005,  863,  971,  179,  672,   96,  894,  850,  840,  308],
        [  650,  650,  126,  730,  347,  451,  704,  317,  417,  317,  556,  519,  341,  320,  366,  763,  621,  713,    0,  444,  712,  801,  672,  451,  615,  650,  102,  801,  380,  152,  819,  620],
        [  370,  370,  357,  340,  395,  261,  268,  193,  264,  283,  462,  159,  270,  303,  109,  319,  473,  490,  444,    0,  271,  381,  517,  381,  481,  337,  350,  542,  434,  515,  448,  237],
        [  438,  438,  615,  280,  583,  393,  130,  450,  419,  490,  552,  292,  467,  546,  352,   69,  604,  564,  712,  271,    0,  148,  546,  517,  538,  387,  615,  572,  611,  767,  280,  262],
        [  585,  585,  691,  418,  610,  413,  272,  571,  446,  537,  526,  434,  510,  675,  436,  176,  751,  710,  801,  381,  148,    0,  487,  521,  495,  534,  700,  713,  629,  832,  150,  409],
        [  880,  880,  550,  792,  333,  272,  655,  650,  289,  367,  122,  669,  349,  760,  454,  611,  988, 1005,  672,  517,  546,  487,    0,  221,   59,  840,  587, 1048,  313,  608,  374,  719],
        [  748,  748,  329,  705,  118,  130,  593,  467,  117,  153,  109,  538,  142,  568,  288,  586,  826,  863,  451,  381,  517,  521,  221,    0,  164,  717,  367,  922,  116,  395,  464,  612],
        [  848,  848,  493,  772,  275,  228,  640,  604,  241,  312,   65,  637,  295,  712,  411,  605,  949,  971,  615,  481,  538,  495,   59,  164,    0,  811,  530, 1018,  256,  551,  395,  693],
        [   52,   52,  615,  148,  720,  596,  265,  338,  600,  607,  797,  179,  598,  349,  435,  370,  231,  179,  650,  337,  387,  534,  840,  717,  811,    0,  587,  208,  762,  770,  662,  130],
        [  594,  594,   46,  653,  275,  353,  614,  250,  321,  223,  475,  441,  246,  288,  266,  668,  592,  672,  102,  350,  615,  700,  587,  367,  530,  587,    0,  755,  314,  183,  717,  542],
        [  174,  174,  789,  296,  918,  803,  443,  510,  805,  805, 1004,  384,  799,  482,  637,  540,  215,   96,  801,  542,  572,  713, 1048,  922, 1018,  208,  755,    0,  960,  935,  851,  332],
        [  787,  787,  270,  771,   45,  220,  673,  473,  193,  156,  192,  585,  165,  560,  328,  678,  842,  894,  380,  434,  611,  629,  313,  116,  256,  762,  314,  960,    0,  297,  579,  670],
        [  776,  776,  160,  832,  278,  438,  782,  432,  403,  301,  487,  620,  328,  460,  417,  825,  764,  850,  152,  515,  767,  832,  608,  395,  551,  770,  183,  935,  297,    0,  822,  721],
        [  712,  712,  699,  559,  570,  384,  409,  638,  420,  522,  440,  539,  495,  750,  469,  322,  869,  840,  819,  448,  280,  150,  374,  464,  395,  662,  717,  851,  579,  822,    0,  534],
        [  179,  179,  562,  111,  631,  487,  150,  306,  496,  519,  685,  102,  506,  360,  344,  254,  343,  308,  620,  237,  262,  409,  719,  612,  693,  130,  542,  332,  670,  721,  534,    0]
    ]
}
