{
    "name": "random-59-20704",
    "comment": "size=59 seed=20704",
    "nodes": ["+0", "-0", "+1", "-1", "+2", "-2", "+3", "-3", "+4", "-4", "+5", "-5", "+6", "-6", "+7", "-7", "+8", "-8", "+9", "-9", "+10", "-10", "+11", "-11", "+12", "-12", "+13", "-13", "+14", "-14", "+15", "-15", "+16", "-16", "+17", "-17", "+18", "-18", "+19", "-19", "+20", "-20", "+21", "-21", "+22", "-22", "+23", "-23", "+24", "-24", "+25", "-25", "+26", "-26", "+27", "-27", "+28", "-28", "+29", "-29", "+30", "-30", "+31", "-31", "+32", "-32", "+33", "-33", "+34", "-34", "+35", "-35", "+36", "-36", "+37", "-37", "+38", "-38", "+39", "-39", "+40", "-40", "+41", "-41", "+42", "-42", "+43", "-43", "+44", "-44", "+45", "-45", "+46", "-46", "+47", "-47", "+48", "-48", "+49", "-49", "+50", "-50", "+51", "-51", "+52", "-52", "+53", "-53", "+54", "-54", "+55", "-55", "+56", "-56", "+57", "-57", "+58", "-58", "+59", "-59"],
    "precedence": {
        "+0": "-0",
        "+1": "-1",
        "+2": "-2",
        "+3": "-3",
        "+4": "-4",
        "+5": "-5",
        "+6": "-6",
        "+7": "-7",
        "+8": "-8",
        "+9": "-9",
        "+10": "-10",
        "+11": "-11",
        "+12": "-12",
        "+13": "-13",
        "+14": "-14",
        "+15": "-15",
        "+16": "-16",
        "+17": "-17",
        "+18": "-18",
        "+19": "-19",
        "+20": "-20",
        "+21": "-21",
        "+22": "-22",
        "+23": "-23",
        "+24": "-24",
        "+25": "-25",
        "+26": "-26",
        "+27": "-27",
        "+28": "-28",
        "+29": "-29",
        "+30": "-30",
        "+31": "-31",
        "+32": "-32",
        "+33": "-33",
        "+34": "-34",
        "+35": "-35",
        "+36": "-36",
        "+37": "-37",
        "+38": "-38",
        "+39": "-39",
        "+40": "-40",
        "+41": "-41",
        "+42": "-42",
        "+43": "-43",
        "+44": "-44",
        "+45": "-45",
        "+46": "-46",
        "+47": "-47",
        "+48": "-48",
        "+49": "-49",
        "+50": "-50",
        "+51": "-51",
        "+52": "-52",
        "+53": "-53",
        "+54": "-54",
        "+55": "-55",
        "+56": "-56",
        "+57": "-57",
        "+58": "-58",
        "+59": "-59"
    },
    "edges": [
        [    0,    0,  220,  671,  541,  641,  515,  428,  173,  583,  446,  512,  374,  690,  411,  362,  196,  540,  772,  401,  322,  811,  143,  574,  515,  496,  771,  794,  585,  996,  660,  588,  523,  792,   51,  988,  722,  408,  593,  617,  321,  690,  436,  336,  656,  545,  753,  390,  484,  394,  597,  328,  628,  968,  806,  633,  614,  344,  212,  778,  741,  213,  418,   50,  365,  535,  320,  252,  356,  790,  847,  906,  124,  856,  376,  639,  783,  589,  249,  196,  768,  405,  788,  885,  157,  863,  415,  520,  500,  450,  337,  407,  514,  816,  435,  597,  488,  719,  674,  572,  844,  452,  423,  168,  631,  184,  674,  865,  851,  296,  346,  329,  652,  722,  603,  104,  281,  603,  601,   90],
        [    0,    0,    0,    0,    0,    0,    0,    0,    0,    0,    0,    0,    0,    0,    0,    0,    0,    0,    0,    0,    0,    0,    0,    0,    0,    0,    0,    0,    0,    0,    0,    0,    0,    0,    0,    0,    0,    0,    0,    0,    0,    0,    0,    0,    0,    0,    0,    0,    0,    0,    0,    0,    0,    0,    0,    0,    0,    0,    0,    0,    0,    0,    0,    0,    0,    0,    0,    0,    0,    0,    0,    0,    0,    0,    0,    0,    0,    0,    0,    0,    0,    0,    0,    0,    0,    0,    0,    0,    0,    0,    0,    0,    0,    0,    0,    0,    0,    0,    0,    0,    0,    0,    0,    0,    0,    0,    0,    0,    0,    0,    0,    0,    0,    0,    0,    0,    0,    0,    0,    0],
        [  220,    0,    0,  501,  603,  428,  334,  529,  339,  613,  294,  410,  155,  499,  352,  210,   27,  475,  555,  182,  349,  692,  353,  384,  308,  288,  604,  588,  429,  920,  444,  440,  326,  708,  265,  910,  544,  487,  615,  400,  512,  689,  401,  138,  474,  457,  534,  395,  467,  462,  399,  487,  413,  751,  665,  534,  395,  139,  133,  702,  522,  409,  479,  264,  254,  393,  414,  141,  345,  572,  706,  699,  275,  718,  256,  429,  682,  371,  118,   92,  673,  259,  569,  666,  201,  644,  372,  554,  443,  598,  379,  277,  637,  605,  454,  568,  605,  656,  665,  562,  660,  600,  428,  174,  498,  354,  458,  681,  779,  227,  196,  200,  496,  515,  387,  192,   93,  392,  564,  235],
        [  671,    0,  501,    0,  640,  493,  605,  676,  681,  580,  648,  241,  396,  100,  352,  609,  509,  323,  350,  383,  839,  265,  754,  136,  242,  490,  104,  241,   95,  542,  457,  108,  201,  364,  721,  530,   60,  616,  562,  436,  834,  551,  389,  514,   56,  265,  380,  462,  428,  588,  572,  757,  281,  459,  195,  240,  387,  369,  460,  380,  411,  767,  581,  695,  682,  154,  613,  420,  438,  396,  231,  320,  764,  245,  305,  518,  302,  405,  424,  589,  314,  267,  455,  475,  701,  461,  825,  559,  341,  809,  524,  272,  784,  284,  496,  430,  750,  385,  519,  468,  183,  811,  466,  675,  133,  694,  469,  202,  441,  397,  607,  343,   56,  211,  290,  686,  530,  501,  409,  721],
        [  541,    0,  603,  640,    0,  951,  925,  138,  388,   91,  896,  403,  673,  725,  324,  812,  582,  319,  940,  690,  861,  577,  482,  652,  684,  847,  690,  872,  557,  609,  942,  536,  655,  472,  562,  607,  697,  134,  115,  901,  397,  218,  268,  732,  671,  376,  950,  224,  214,  149,  965,  302,  810, 1090,  634,  428,  869,  606,  472,  443,  962,  423,  127,  514,  850,  504,  223,  477,  274,  979,  663,  960,  659,  663,  443,  964,  511,  863,  501,  662,  485,  488, 1015, 1074,  689, 1055,  939,   82,  301,  252,  224,  459,  176,  912,  166,  239,  155,  376,  226,  191,  806,  253,  200,  688,  517,  387,  958,  820,  485,  397,  798,  468,  588,  821,  798,  637,  695,  930,  261,  631],
        [  641,    0,  428,  493,  951,    0,  201,  915,  764,  929,  292,  604,  293,  412,  634,  326,  454,  703,  249,  270,  591,  758,  779,  375,  289,  148,  568,  376,  498, 1034,   50,  526,  331,  844,  681, 1022,  490,  862,  921,   58,  939,  957,  693,  308,  438,  654,  202,  728,  759,  833,  109,  906,  215,  419,  685,  685,  107,  354,  521,  854,  164,  836,  842,  688,  384,  516,  808,  497,  679,  230,  715,  456,  657,  730,  510,   28,  789,   94,  477,  453,  796,  468,  184,  292,  555,  273,  506,  882,  693, 1008,  746,  499, 1030,  360,  786,  823,  995,  840,  926,  840,  540, 1010,  753,  524,  590,  779,   51,  557,  923,  560,  339,  485,  533,  331,  204,  580,  362,   44,  808,  627],
        [  515,    0,  334,  605,  925,  201,    0,  861,  664,  921,   95,  642,  263,  545,  634,  157,  359,  733,  439,  257,  399,  858,  657,  471,  365,  115,  696,  549,  579, 1124,  246,  603,  410,  920,  545, 1113,  619,  815,  919,  224,  831,  976,  691,  196,  554,  694,  396,  706,  760,  789,  103,  817,  360,  618,  799,  747,  262,  330,  457,  923,  361,  724,  804,  564,  195,  576,  747,  449,  655,  427,  835,  641,  500,  849,  512,  181,  874,  231,  425,  319,  875,  484,  384,  492,  397,  473,  307,  867,  712,  931,  704,  514,  970,  542,  766,  845,  938,  895,  948,  851,  695,  933,  736,  369,  670,  678,  251,  714,  998,  529,  173,  469,  630,  491,  338,  433,  245,  160,  835,  478],
        [  428,    0,  529,  676,  138,  915,  861,    0,  264,  218,  821,  436,  626,  749,  329,  735,  505,  376,  940,  647,  750,  663,  352,  660,  671,  797,  743,  892,  586,  732,  913,  569,  649,  575,  442,  729,  736,   61,  240,  870,  260,  348,  288,  665,  697,  425,  943,  216,  263,   90,  914,  164,  801, 1107,  707,  495,  844,  562,  405,  549,  950,  288,   97,  395,  763,  528,  117,  421,  252,  975,  740,  989,  540,  743,  427,  924,  604,  833,  443,  574,  579,  476, 1002, 1073,  582, 1053,  838,  174,  345,  140,  171,  451,  116,  929,  184,  334,   81,  480,  350,  286,  853,  141,  212,  586,  566,  260,  929,  869,  601,  357,  720,  435,  629,  834,  786,  529,  621,  889,  352,  516],
        [  173,    0,  339,  681,  388,  764,  664,  264,    0,  445,  606,  476,  476,  723,  358,  520,  312,  471,  854,  502,  490,  765,   99,  613,  581,  626,  771,  848,  588,  909,  775,  583,  577,  718,  180,  902,  738,  256,  460,  731,  176,  564,  359,  473,  680,  494,  844,  292,  387,  249,  736,  157,  708, 1042,  779,  582,  718,  427,  257,  698,  839,   87,  275,  134,  532,  531,  169,  293,  277,  880,  819,  957,  277,  826,  378,  766,  723,  698,  304,  350,  704,  422,  889,  978,  330,  956,  587,  384,  430,  278,  222,  411,  342,  877,  318,  495,  318,  633,  554,  461,  863,  280,  318,  340,  610,   16,  790,  882,  766,  285,  503,  351,  649,  779,  686,  277,  421,  729,  505,  256],
        [  583,    0,  613,  580,   91,  929,  921,  218,  445,    0,  902,  351,  663,  669,  296,  821,  594,  258,  895,  677,  897,  493,  542,  606,  652,  836,  620,  816,  503,  519,  915,  479,  618,  383,  610,  517,  635,  194,   25,  876,  477,  131,  237,  735,  615,  316,  909,  219,  171,  196,  953,  380,  773, 1035,  556,  355,  840,  595,  481,  354,  925,  491,  170,  562,  865,  453,  276,  478,  269,  936,  582,  898,  704,  581,  420,  943,  425,  838,  502,  681,  399,  461,  977, 1029,  722, 1011,  965,   63,  249,  341,  248,  430,  266,  857,  160,  159,  245,  288,  136,  114,  738,  342,  187,  717,  451,  446,  931,  750,  395,  393,  808,  455,  525,  770,  763,  673,  702,  911,  182,  672],
        [  446,    0,  294,  648,  896,  292,   95,  821,  606,  902,    0,  652,  271,  600,  625,   87,  317,  735,  522,  274,  305,  891,  587,  513,  407,  177,  745,  622,  610, 1148,  335,  631,  449,  940,  471, 1138,  670,  780,  903,  308,  766,  968,  680,  170,  602,  703,  481,  684,  748,  755,  198,  762,  428,  707,  839,  764,  340,  329,  425,  941,  449,  659,  773,  495,  102,  598,  705,  425,  633,  515,  878,  720,  417,  891,  509,  274,  900,  307,  400,  256,  898,  490,  475,  583,  315,  564,  216,  845,  709,  879,  673,  517,  926,  619,  744,  841,  895,  906,  942,  842,  756,  881,  716,  290,  698,  619,  341,  776, 1017,  510,  103,  460,  667,  559,  403,  357,  202,  250,  834,  400],
        [  512,    0,  410,  241,  403,  604,  642,  436,  476,  351,  652,    0,  383,  322,  121,  586,  406,  101,  545,  386,  755,  299,  562,  257,  317,  539,  310,  469,  155,  510,  583,  134,  277,  298,  559,  500,  300,  376,  338,  548,  612,  355,  149,  487,  268,   53,  561,  224,  190,  349,  648,  528,  427,  688,  304,  125,  507,  323,  313,  294,  579,  559,  341,  523,  649,  103,  382,  282,  208,  586,  344,  558,  625,  351,  155,  622,  275,  510,  298,  500,  265,  162,  630,  678,  591,  660,  779,  323,  104,  570,  291,  137,  543,  509,  256,  222,  509,  255,  324,  247,  418,  572,  225,  571,  137,  488,  598,  434,  371,  217,  578,  211,  194,  420,  421,  559,  476,  594,  206,  583],
        [  374,    0,  155,  396,  673,  293,  263,  626,  476,  663,  271,  383,    0,  371,  372,  216,  178,  471,  400,   27,  450,  625,  503,  265,  170,  174,  498,  442,  345,  878,  299,  364,  200,  670,  420,  868,  429,  575,  659,  255,  652,  713,  430,  118,  358,  435,  380,  451,  499,  547,  292,  615,  260,  597,  580,  494,  243,   69,  229,  670,  369,  553,  558,  416,  288,  328,  517,  206,  401,  417,  620,  552,  424,  633,  249,  299,  630,  222,  185,  219,  628,  222,  417,  512,  338,  490,  430,  611,  449,  716,  460,  251,  740,  456,  511,  582,  706,  637,  685,  589,  534,  718,  480,  307,  430,  492,  314,  555,  746,  277,  213,  209,  406,  370,  233,  341,  140,  263,  572,  386],
        [  690,    0,  499,  100,  725,  412,  545,  749,  723,  669,  600,  322,  371,    0,  420,  573,  512,  412,  251,  352,  820,  355,  787,  116,  203,  432,  156,  148,  168,  633,  372,  191,  174,  461,  740,  621,   79,  688,  653,  357,  885,  648,  465,  484,   54,  353,  283,  533,  511,  659,  500,  814,  198,  367,  275,  337,  307,  361,  484,  479,  315,  810,  655,  719,  647,  223,  676,  444,  502,  297,  304,  241,  771,  319,  348,  438,  399,  330,  442,  581,  411,  302,  357,  376,  698,  361,  792,  644,  425,  877,  588,  316,  860,  189,  573,  524,  825,  485,  616,  559,  164,  879,  541,  669,  230,  738,  383,  185,  538,  440,  574,  374,  154,  112,  213,  690,  510,  425,  503,  729],
        [  411,    0,  352,  352,  324,  634,  634,  329,  358,  296,  625,  121,  372,  420,    0,  550,  341,  131,  619,  384,  682,  409,  446,  333,  361,  543,  429,  564,  259,  587,  621,  245,  331,  381,  455,  579,  411,  268,  290,  582,  491,  343,   60,  456,  369,  138,  627,  114,  128,  240,  659,  408,  487,  779,  423,  227,  547,  305,  232,  368,  639,  439,  237,  415,  604,  200,  263,  212,   88,  657,  462,  661,  530,  469,  126,  648,  374,  544,  235,  435,  358,  167,  692,  753,  510,  734,  723,  250,   93,  458,  173,  136,  441,  601,  161,  217,  406,  313,  317,  218,  533,  460,  127,  495,  257,  369,  637,  550,  443,  129,  539,  166,  309,  507,  475,  472,  433,  616,  213,  489],
        [  362,    0,  210,  609,  812,  326,  157,  735,  520,  821,   87,  586,  216,  573,  550,    0,  231,  664,  532,  227,  271,  840,  504,  475,  372,  186,  709,  615,  560, 1089,  362,  579,  409,  879,  390, 1079,  637,  694,  822,  327,  682,  891,  603,  100,  567,  636,  496,  603,  670,  670,  251,  675,  419,  725,  795,  703,  349,  265,  342,  878,  469,  574,  688,  412,   75,  541,  619,  344,  552,  532,  834,  718,  344,  848,  438,  314,  843,  316,  320,  170,  839,  424,  503,  611,  241,  590,  219,  762,  636,  792,  589,  450,  839,  618,  662,  767,  808,  839,  866,  765,  733,  794,  635,  213,  644,  533,  371,  754,  954,  431,   17,  386,  621,  547,  393,  277,  119,  283,  760,  322],
        [  196,    0,   27,  509,  582,  454,  359,  505,  312,  594,  317,  406,  178,  512,  341,  231,    0,  466,  577,  205,  350,  692,  327,  397,  325,  315,  612,  605,  434,  914,  469,  444,  340,  703,  243,  905,  554,  464,  597,  425,  486,  674,  388,  164,  485,  451,  557,  377,  452,  440,  425,  461,  434,  773,  668,  530,  419,  154,  115,  696,  546,  382,  457,  239,  271,  395,  390,  129,  328,  595,  710,  717,  260,  721,  252,  456,  679,  396,  109,   96,  670,  260,  593,  689,  194,  668,  383,  535,  432,  572,  358,  275,  613,  624,  435,  556,  580,  648,  650,  547,  672,  574,  410,  170,  499,  327,  484,  693,  773,  213,  217,  196,  501,  533,  408,  179,  116,  419,  553,  219],
        [  540,    0,  475,  323,  319,  703,  733,  376,  471,  258,  735,  101,  471,  412,  131,  664,  466,    0,  642,  477,  810,  299,  565,  356,  417,  633,  373,  559,  246,  457,  683,  222,  378,  253,  583,  449,  379,  318,  242,  648,  583,  255,  113,  567,  358,   59,  660,  186,  114,  295,  744,  492,  528,  778,  333,  121,  607,  407,  361,  238,  679,  547,  281,  541,  723,  201,  346,  337,  194,  685,  368,  642,  659,  371,  226,  721,  253,  610,  358,  561,  234,  249,  730,  775,  639,  758,  847,  238,   42,  514,  260,  220,  474,  601,  194,  121,  442,  183,  224,  149,  488,  516,  172,  624,  198,  480,  698,  502,  313,  258,  655,  279,  270,  514,  522,  602,  550,  692,  106,  619],
        [  772,    0,  555,  350,  940,  249,  439,  940,  854,  895,  522,  545,  400,  251,  619,  532,  577,  642,    0,  373,  803,  599,  896,  289,  276,  350,  388,  147,  400,  875,  199,  427,  292,  711,  819,  863,  320,  881,  882,  216, 1028,  889,  672,  476,  298,  585,   50,  729,  729,  851,  356,  973,  147,  198,  513,  583,  185,  432,  598,  729,   92,  937,  853,  813,  602,  443,  849,  563,  689,   47,  534,  209,  821,  549,  515,  275,  647,  218,  551,  612,  661,  465,  115,  135,  728,  116,  736,  862,  647, 1056,  770,  490, 1055,  118,  779,  760, 1020,  733,  856,  790,  324, 1058,  745,  696,  476,  870,  201,  336,  786,  595,  541,  516,  403,  140,  170,  738,  523,  283,  741,  784],
        [  401,    0,  182,  383,  690,  270,  257,  647,  502,  677,  274,  386,   27,  352,  384,  227,  205,  477,  373,    0,  469,  618,  530,  250,  150,  160,  484,  417,  337,  875,  275,  358,  184,  668,  447,  865,  413,  594,  672,  230,  678,  722,  442,  133,  342,  438,  353,  467,  511,  566,  277,  639,  233,  570,  570,  493,  217,   85,  252,  670,  342,  579,  577,  443,  300,  325,  539,  228,  417,  390,  609,  527,  450,  622,  259,  278,  626,  197,  208,  244,  625,  228,  390,  485,  362,  463,  444,  625,  457,  738,  479,  258,  761,  430,  526,  590,  726,  639,  694,  599,  515,  741,  494,  331,  424,  517,  290,  536,  745,  294,  225,  223,  396,  346,  207,  367,  162,  243,  580,  412],
        [  322,    0,  349,  839,  861,  591,  399,  750,  490,  897,  305,  755,  450,  820,  682,  271,  350,  810,  803,  469,    0, 1040,  425,  713,  619,  457,  943,  879,  774, 1263,  630,  787,  648, 1052,  312, 1254,  876,  729,  905,  597,  604,  995,  721,  339,  805,  799,  767,  692,  780,  713,  502,  636,  685,  996, 1011,  879,  619,  471,  450, 1044,  739,  504,  737,  357,  207,  741,  641,  475,  649,  803, 1053,  985,  217, 1065,  602,  576, 1029,  587,  458,  257, 1019,  608,  772,  880,  176,  859,  130,  834,  774,  759,  649,  624,  831,  885,  743,  889,  807,  993,  976,  873,  983,  761,  726,  187,  846,  498,  638, 1004, 1120,  553,  263,  545,  840,  809,  658,  225,  311,  548,  889,  234],
        [  811,    0,  692,  265,  577,  758,  858,  663,  765,  493,  891,  299,  625,  355,  409,  840,  692,  299,  599,  618, 1040,    0,  855,  390,  494,  745,  215,  467,  281,  278,  721,  261,  449,  137,  858,  266,  280,  609,  469,  700,  882,  409,  410,  741,  321,  272,  636,  484,  405,  589,  833,  789,  545,  662,   93,  183,  651,  580,  609,  166,  669,  844,  571,  821,  910,  302,  644,  575,  488,  645,   97,  502,  923,   92,  444,  782,   73,  669,  588,  784,   99,  433,  710,  712,  882,  702, 1048,  502,  339,  802,  558,  418,  748,  510,  487,  338,  719,  213,  382,  387,  316,  804,  469,  861,  197,  775,  733,  319,  197,  516,  835,  499,  229,  461,  554,  854,  744,  764,  316,  880],
        [  143,    0,  353,  754,  482,  779,  657,  352,   99,  542,  587,  562,  503,  787,  446,  504,  327,  565,  896,  530,  425,  855,    0,  673,  629,  636,  848,  904,  663, 1006,  796,  660,  631,  814,  120, 1000,  809,  351,  557,  752,  184,  663,  453,  476,  748,  584,  880,  389,  484,  346,  738,  215,  750, 1089,  865,  673,  746,  464,  305,  795,  871,   80,  373,   93,  502,  607,  266,  345,  371,  917,  905, 1014,  208,  912,  450,  778,  817,  723,  351,  338,  798,  489,  919, 1013,  285,  992,  535,  482,  523,  335,  320,  482,  414,  929,  417,  593,  395,  730,  653,  560,  934,  337,  416,  303,  693,   97,  810,  954,  863,  358,  488,  414,  726,  833,  726,  235,  421,  742,  603,  201],
        [  574,    0,  384,  136,  652,  375,  471,  660,  613,  606,  513,  257,  265,  116,  333,  475,  397,  356,  289,  250,  713,  390,  673,    0,  107,  356,  235,  238,  125,  663,  344,  153,   66,  469,  624,  651,  164,  599,  593,  317,  778,  607,  385,  382,   93,  300,  305,  446,  440,  570,  444,  712,  176,  448,  329,  314,  270,  247,  369,  480,  325,  699,  569,  604,  549,  156,  578,  329,  409,  330,  366,  345,  656,  380,  243,  398,  415,  283,  327,  469,  421,  194,  375,  423,  584,  405,  693,  573,  358,  782,  493,  213,  773,  272,  492,  475,  738,  469,  575,  503,  276,  784,  459,  556,  216,  627,  358,  297,  549,  333,  474,  262,  162,  175,  175,  575,  402,  376,  457,  614],
        [  515,    0,  308,  242,  684,  289,  365,  671,  581,  652,  407,  317,  170,  203,  361,  372,  325,  417,  276,  150,  619,  494,  629,  107,    0,  252,  339,  281,  218,  763,  267,  244,   46,  564,  564,  751,  265,  613,  642,  232,  754,  671,  419,  282,  196,  366,  273,  466,  482,  583,  345,  698,  132,  462,  435,  399,  191,  172,  326,  571,  280,  665,  587,  551,  447,  228,  576,  289,  422,  306,  472,  392,  583,  486,  246,  308,  514,  195,  280,  385,  517,  197,  333,  405,  503,  384,  591,  610,  409,  782,  500,  226,  787,  302,  520,  537,  751,  553,  640,  557,  366,  784,  486,  473,  310,  597,  282,  386,  643,  320,  372,  242,  265,  209,  115,  500,  309,  283,  522,  542],
        [  496,    0,  288,  490,  847,  148,  115,  797,  626,  836,  177,  539,  174,  432,  543,  186,  315,  633,  350,  160,  457,  745,  636,  356,  252,    0,  582,  445,  467, 1012,  178,  491,  296,  810,  534, 1001,  505,  747,  831,  141,  800,  881,  602,  161,  440,  591,  311,  625,  670,  719,  118,  773,  252,  540,  684,  639,  166,  242,  394,  815,  283,  695,  731,  544,  253,  467,  685,  377,  574,  347,  720,  543,  509,  735,  418,  143,  762,  133,  354,  306,  764,  385,  318,  425,  408,  405,  388,  784,  615,  880,  633,  416,  910,  442,  684,  748,  876,  789,  851,  758,  584,  882,  653,  377,  559,  641,  188,  603,  888,  450,  197,  382,  516,  383,  228,  433,  216,  107,  737,  480],
        [  771,    0,  604,  104,  690,  568,  696,  743,  771,  620,  745,  310,  498,  156,  429,  709,  612,  373,  388,  484,  943,  215,  848,  235,  339,  582,    0,  253,  187,  488,  527,  189,  300,  339,  821,  475,   79,  683,  600,  513,  918,  571,  457,  615,  144,  319,  427,  534,  484,  657,  655,  837,  353,  452,  126,  266,  463,  472,  560,  362,  463,  857,  647,  793,  783,  242,  691,  520,  516,  434,  149,  296,  866,  164,  400,  594,  272,  485,  525,  693,  290,  367,  500,  498,  805,  488,  927,  609,  399,  879,  600,  367,  845,  296,  560,  464,  812,  386,  540,  507,  119,  881,  532,  778,  177,  784,  537,  131,  409,  491,  708,  443,  123,  253,  368,  789,  633,  581,  441,  824],
        [  794,    0,  588,  241,  872,  376,  549,  892,  848,  816,  622,  469,  442,  148,  564,  615,  605,  559,  147,  417,  879,  467,  904,  238,  281,  445,  253,    0,  315,  738,  328,  338,  274,  587,  844,  726,  196,  832,  800,  331, 1015,  792,  610,  541,  202,  500,  194,  677,  658,  802,  480,  950,  196,  220,  377,  480,  288,  452,  599,  608,  234,  934,  800,  829,  688,  369,  814,  560,  644,  190,  395,  112,  862,  409,  480,  403,  521,  319,  554,  660,  538,  432,  260,  246,  779,  236,  829,  791,  572, 1018,  729,  451, 1004,   44,  719,  670,  969,  622,  760,  706,  178, 1020,  686,  748,  374,  863,  334,  190,  660,  570,  619,  498,  297,   73,  222,  779,  578,  403,  649,  822],
        [  585,    0,  429,   95,  557,  498,  579,  586,  588,  503,  610,  155,  345,  168,  259,  560,  434,  246,  400,  337,  774,  281,  663,  125,  218,  467,  187,  315,    0,  546,  469,   29,  173,  347,  635,  535,  153,  525,  487,  441,  740,  489,  300,  462,  114,  188,  422,  371,  344,  497,  562,  663,  299,  534,  238,  190,  394,  305,  374,  356,  445,  674,  491,  607,  632,   60,  520,  335,  345,  443,  279,  405,  683,  291,  214,  521,  296,  405,  341,  520,  300,  181,  494,  532,  627,  515,  772,  477,  257,  717,  431,  181,  695,  356,  408,  361,  661,  345,  457,  394,  277,  719,  376,  602,   93,  601,  483,  296,  426,  305,  557,  257,   68,  269,  300,  607,  470,  498,  342,  641],
        [  996,    0,  920,  542,  609, 1034, 1124,  732,  909,  519, 1148,  510,  878,  633,  587, 1089,  914,  457,  875,  875, 1263,  278, 1006,  663,  763, 1012,  488,  738,  546,    0,  998,  522,  718,  212, 1037,   13,  557,  694,  495,  977,  984,  393,  561,  990,  598,  464,  913,  618,  522,  683, 1106,  886,  822,  920,  363,  388,  928,  825,  815,  220,  947,  975,  659,  994, 1155,  551,  757,  788,  643,  921,  345,  759, 1116,  331,  664, 1058,  250,  944,  806, 1009,  251,  668,  986,  983, 1095,  974, 1288,  559,  497,  860,  687,  645,  782,  780,  594,  415,  763,  278,  384,  455,  574,  861,  591, 1077,  454,  915, 1011,  572,  145,  713, 1083,  720,  502,  738,  831, 1058,  984, 1039,  404, 1076],
        [  660,    0,  444,  457,  942,   50,  246,  913,  775,  915,  335,  583,  299,  372,  621,  362,  469,  683,  199,  275,  630,  721,  796,  344,  267,  178,  527,  328,  469,  998,    0,  496,  307,  812,  702,  987,  450,  858,  906,   45,  950,  937,  680,  332,  401,  632,  153,  720,  745,  829,  158,  913,  177,  373,  645,  657,   77,  356,  526,  823,  116,  850,  837,  706,  424,  491,  809,  499,  672,  183,  675,  407,  684,  690,  499,   76,  755,   80,  481,  477,  763,  455,  142,  250,  584,  230,  550,  871,  675, 1011,  743,  486, 1029,  311,  776,  803,  993,  812,  906,  823,  494, 1013,  743,  552,  559,  790,   16,  510,  891,  557,  373,  479,  499,  285,  170,  605,  386,   87,  788,  653],
        [  588,    0,  440,  108,  536,  526,  603,  569,  583,  479,  631,  134,  364,  191,  245,  579,  444,  222,  427,  358,  787,  261,  660,  153,  244,  491,  189,  338,   29,  522,  496,    0,  199,  321,  637,  510,  167,  508,  463,  468,  731,  463,  282,  480,  137,  163,  449,  355,  322,  480,  588,  652,  327,  557,  225,  162,  422,  321,  377,  329,  473,  668,  474,  608,  650,   54,  507,  339,  332,  471,  267,  425,  689,  278,  214,  548,  272,  433,  347,  532,  274,  187,  522,  558,  637,  542,  789,  455,  235,  701,  417,  182,  677,  380,  389,  335,  643,  317,  430,  369,  288,  703,  358,  613,   68,  596,  510,  306,  400,  303,  575,  261,   67,  295,  328,  615,  485,  524,  315,  647],
        [  523,    0,  326,  201,  655,  331,  410,  649,  577,  618,  449,  277,  200,  174,  331,  409,  340,  378,  292,  184,  648,  449,  631,   66,   46,  296,  300,  274,  173,  718,  307,  199,    0,  519,  573,  706,  229,  590,  607,  274,  746,  631,  387,  316,  159,  326,  297,  440,  448,  560,  390,  686,  156,  469,  392,  355,  231,  188,  326,  527,  309,  662,  562,  557,  483,  185,  559,  287,  398,  327,  430,  384,  599,  443,  223,  352,  469,  237,  281,  407,  472,  174,  361,  425,  524,  405,  627,  579,  373,  765,  479,  199,  764,  300,  491,  498,  729,  509,  600,  520,  337,  767,  457,  495,  265,  592,  322,  358,  598,  305,  408,  229,  221,  204,  146,  517,  338,  327,  482,  558],
        [  792,    0,  708,  364,  472,  844,  920,  575,  718,  383,  940,  298,  670,  461,  381,  879,  703,  253,  711,  668, 1052,  137,  814,  469,  564,  810,  339,  587,  347,  212,  812,  321,  519,    0,  835,  202,  394,  528,  359,  786,  813,  283,  362,  780,  419,  253,  744,  427,  335,  512,  909,  717,  638,  791,  226,  177,  739,  615,  605,   31,  774,  790,  491,  794,  945,  344,  578,  577,  444,  757,  234,  633,  910,  227,  452,  867,   68,  752,  595,  798,   51,  456,  818,  831,  885,  819, 1077,  405,  293,  712,  499,  434,  647,  631,  414,  242,  622,   97,  260,  290,  448,  713,  404,  867,  255,  726,  825,  452,   80,  504,  872,  509,  315,  572,  643,  850,  773,  844,  225,  870],
        [   51,    0,  265,  721,  562,  681,  545,  442,  180,  610,  471,  559,  420,  740,  455,  390,  243,  583,  819,  447,  312,  858,  120,  624,  564,  534,  821,  844,  635, 1037,  702,  637,  573,  835,    0, 1030,  772,  428,  622,  659,  304,  721,  477,  374,  706,  591,  799,  426,  522,  417,  631,  325,  676, 1015,  854,  679,  658,  393,  262,  820,  785,  198,  443,   49,  384,  585,  340,  302,  395,  836,  895,  955,   98,  905,  425,  677,  828,  632,  299,  230,  813,  455,  831,  930,  165,  908,  417,  548,  542,  448,  368,  456,  520,  865,  467,  634,  496,  759,  707,  607,  894,  450,  458,  184,  680,  187,  715,  915,  893,  343,  374,  379,  701,  772,  651,  116,  319,  641,  640,   82],
        [  988,    0,  910,  530,  607, 1022, 1113,  729,  902,  517, 1138,  500,  868,  621,  579, 1079,  905,  449,  863,  865, 1254,  266, 1000,  651,  751, 1001,  475,  726,  535,   13,  987,  510,  706,  202, 1030,    0,  545,  690,  493,  965,  980,  391,  554,  979,  586,  455,  901,  612,  516,  679, 1095,  882,  811,  908,  350,  378,  916,  815,  806,  212,  935,  970,  655,  987, 1145,  540,  752,  779,  636,  909,  333,  747, 1108,  319,  654, 1046,  239,  932,  797, 1000,  240,  657,  974,  971, 1086,  961, 1278,  555,  489,  857,  681,  636,  780,  768,  588,  410,  761,  271,  382,  450,  562,  858,  585, 1068,  443,  909,  999,  560,  138,  705, 1072,  711,  491,  726,  819, 1050,  974, 1027,  398, 1068],
        [  722,    0,  544,   60,  697,  490,  619,  736,  738,  635,  670,  300,  429,   79,  411,  637,  554,  379,  320,  413,  876,  280,  809,  164,  265,  505,   79,  196,  153,  557,  450,  167,  229,  394,  772,  545,    0,  675,  617,  435,  892,  600,  448,  545,   72,  321,  356,  522,  486,  647,  577,  816,  276,  410,  198,  288,  385,  409,  512,  413,  390,  824,  640,  748,  711,  213,  673,  472,  497,  366,  226,  265,  811,  241,  361,  516,  329,  407,  474,  631,  344,  321,  430,  438,  745,  426,  855,  616,  399,  868,  583,  328,  843,  240,  555,  483,  809,  426,  568,  522,  126,  870,  525,  717,  184,  752,  460,  145,  468,  454,  637,  397,  110,  182,  290,  732,  566,  503,  461,  769],
        [  408,    0,  487,  616,  134,  862,  815,   61,  256,  194,  780,  376,  575,  688,  268,  694,  464,  318,  881,  594,  729,  609,  351,  599,  613,  747,  683,  832,  525,  694,  858,  508,  590,  528,  428,  690,  675,    0,  212,  816,  291,  321,  227,  620,  636,  366,  885,  155,  206,   30,  864,  193,  743, 1046,  651,  439,  788,  509,  359,  503,  892,  298,   39,  381,  727,  467,   89,  371,  192,  916,  685,  928,  525,  687,  368,  872,  552,  778,  394,  538,  529,  417,  945, 1014,  557,  994,  810,  139,  286,  197,  116,  391,  175,  868,  125,  287,  140,  434,  317,  241,  793,  199,  152,  558,  506,  255,  874,  809,  559,  302,  680,  379,  569,  773,  728,  505,  579,  836,  304,  497],
        [  593,    0,  615,  562,  115,  921,  919,  240,  460,   25,  903,  338,  659,  653,  290,  822,  597,  242,  882,  672,  905,  469,  557,  593,  642,  831,  600,  800,  487,  495,  906,  463,  607,  359,  622,  493,  617,  212,    0,  868,  498,  110,  231,  734,  599,  300,  897,  221,  163,  212,  948,  400,  761, 1019,  533,  335,  831,  592,  483,  330,  914,  509,  185,  574,  868,  439,  292,  479,  271,  923,  559,  881,  715,  558,  415,  936,  402,  830,  503,  685,  375,  454,  966, 1015,  730,  997,  971,   76,  236,  365,  257,  423,  291,  842,  164,  138,  269,  264,  112,   95,  718,  366,  188,  724,  433,  461,  922,  730,  371,  393,  810,  451,  508,  755,  753,  682,  703,  904,  160,  683],
        [  617,    0,  400,  436,  901,   58,  224,  870,  731,  876,  308,  548,  255,  357,  582,  327,  425,  648,  216,  230,  597,  700,  752,  317,  232,  141,  513,  331,  441,  977,   45,  468,  274,  786,  659,  965,  435,  816,  868,    0,  906,  902,  641,  291,  381,  598,  174,  679,  706,  787,  149,  869,  160,  400,  628,  627,   50,  312,  482,  796,  143,  806,  795,  663,  392,  459,  765,  456,  631,  208,  659,  419,  643,  674,  459,   82,  731,   39,  437,  436,  738,  416,  178,  285,  544,  264,  523,  831,  638,  967,  701,  446,  986,  320,  736,  768,  951,  782,  871,  786,  490,  969,  703,  512,  532,  746,   60,  507,  865,  514,  337,  437,  475,  281,  147,  564,  344,   72,  753,  611],
        [  321,    0,  512,  834,  397,  939,  831,  260,  176,  477,  766,  612,  652,  885,  491,  682,  486,  583, 1028,  678,  604,  882,  184,  778,  754,  800,  918, 1015,  740,  984,  950,  731,  746,  813,  304,  980,  892,  291,  498,  906,    0,  607,  475,  644,  839,  619, 1019,  398,  481,  303,  907,   98,  882, 1214,  910,  702,  893,  602,  431,  789, 1015,  108,  326,  272,  684,  681,  238,  466,  404, 1054,  947, 1122,  389,  952,  538,  941,  831,  874,  479,  513,  809,  584, 1065, 1152,  468, 1131,  717,  427,  545,  181,  325,  569,  274, 1045,  400,  574,  267,  720,  606,  531, 1016,  182,  414,  485,  748,  161,  965, 1035,  848,  446,  665,  518,  797,  948,  860,  418,  590,  904,  590,  384],
        [  690,    0,  689,  551,  218,  957,  976,  348,  564,  131,  968,  355,  713,  648,  343,  891,  674,  255,  889,  722,  995,  409,  663,  607,  671,  881,  571,  792,  489,  393,  937,  463,  631,  283,  721,  391,  600,  321,  110,  902,  607,    0,  289,  799,  595,  308,  910,  304,  222,  318,  994,  510,  780, 1009,  485,  313,  861,  647,  560,  253,  931,  616,  292,  674,  942,  452,  398,  549,  349,  932,  504,  862,  812,  500,  464,  974,  338,  864,  573,  765,  311,  496,  981, 1020,  820, 1004, 1053,  183,  267,  470,  353,  465,  390,  835,  255,  135,  371,  197,   33,  127,  688,  470,  270,  811,  419,  567,  952,  698,  278,  462,  880,  509,  496,  756,  775,  773,  773,  944,  150,  778],
        [  436,    0,  401,  389,  268,  693,  691,  288,  359,  237,  680,  149,  430,  465,   60,  603,  388,  113,  672,  442,  721,  410,  453,  385,  419,  602,  457,  610,  300,  561,  680,  282,  387,  362,  477,  554,  448,  227,  231,  641,  475,  289,    0,  511,  412,  145,  682,   78,   69,  200,  718,  386,  543,  828,  436,  228,  606,  363,  276,  345,  695,  436,  192,  434,  655,  243,  239,  261,   83,  711,  473,  704,  558,  478,  185,  707,  365,  602,  285,  481,  346,  225,  748,  807,  547,  788,  769,  192,   72,  422,  150,  195,  396,  649,  109,  169,  361,  283,  264,  162,  566,  424,   77,  535,  281,  368,  696,  583,  416,  175,  592,  223,  342,  556,  532,  506,  485,  675,  169,  519],
        [  336,    0,  138,  514,  732,  308,  196,  665,  473,  735,  170,  487,  118,  484,  456,  100,  164,  567,  476,  133,  339,  741,  476,  382,  282,  161,  615,  541,  462,  990,  332,  480,  316,  780,  374,  979,  545,  620,  734,  291,  644,  799,  511,    0,  474,  538,  447,  517,  579,  595,  264,  624,  349,  673,  698,  603,  299,  165,  263,  778,  426,  539,  611,  384,  170,  442,  551,  258,  466,  484,  737,  649,  353,  750,  341,  304,  743,  269,  233,  146,  739,  325,  467,  571,  255,  550,  312,  678,  541,  736,  511,  351,  774,  549,  577,  672,  742,  741,  773,  673,  647,  738,  549,  223,  545,  488,  344,  668,  855,  342,   95,  291,  524,  471,  322,  274,   56,  268,  665,  321],
        [  656,    0,  474,   56,  671,  438,  554,  697,  680,  615,  602,  268,  358,   54,  369,  567,  485,  358,  298,  342,  805,  321,  748,   93,  196,  440,  144,  202,  114,  598,  401,  137,  159,  419,  706,  586,   72,  636,  599,  381,  839,  595,  412,  474,    0,  299,  327,  481,  457,  607,  518,  766,  225,  421,  248,  286,  332,  338,  447,  434,  356,  767,  603,  683,  641,  170,  626,  407,  452,  343,  282,  293,  743,  297,  303,  463,  358,  351,  408,  560,  369,  260,  401,  426,  675,  411,  785,  590,  371,  826,  538,  271,  807,  243,  521,  471,  773,  436,  563,  505,  189,  828,  488,  647,  179,  694,  413,  210,  496,  396,  566,  334,  106,  161,  235,  663,  495,  446,  450,  701],
        [  545,    0,  457,  265,  376,  654,  694,  425,  494,  316,  703,   53,  435,  353,  138,  636,  451,   59,  585,  438,  799,  272,  584,  300,  366,  591,  319,  500,  188,  464,  632,  163,  326,  253,  591,  455,  321,  366,  300,  598,  619,  308,  145,  538,  299,    0,  604,  222,  166,  341,  700,  531,  473,  720,  291,   89,  556,  374,  353,  246,  624,  575,  329,  552,  698,  145,  384,  324,  219,  628,  329,  584,  661,  334,  201,  673,  238,  560,  342,  546,  224,  214,  675,  718,  632,  701,  827,  295,   81,  562,  294,  187,  527,  542,  242,  176,  494,  204,  276,  207,  432,  564,  215,  614,  143,  505,  647,  447,  323,  253,  628,  257,  212,  456,  469,  598,  526,  645,  158,  620],
        [  753,    0,  534,  380,  950,  202,  396,  943,  844,  909,  481,  561,  380,  283,  627,  496,  557,  660,   50,  353,  767,  636,  880,  305,  273,  311,  427,  194,  422,  913,  153,  449,  297,  744,  799,  901,  356,  885,  897,  174, 1019,  910,  682,  447,  327,  604,    0,  736,  741,  855,  310,  968,  142,  229,  551,  608,  149,  418,  588,  760,   42,  925,  858,  795,  564,  460,  849,  554,  693,   38,  575,  257,  795,  589,  517,  227,  681,  181,  540,  586,  693,  468,   75,  134,  700,  113,  696,  873,  662, 1055,  773,  495, 1059,  167,  787,  779, 1023,  761,  878,  807,  369, 1057,  753,  668,  503,  859,  153,  383,  820,  593,  505,  514,  432,  175,  160,  713,  495,  238,  761,  760],
        [  390,    0,  395,  462,  224,  728,  706,  216,  292,  219,  684,  224,  451,  533,  114,  603,  377,  186,  729,  467,  692,  484,  389,  446,  466,  625,  534,  677,  371,  618,  720,  355,  440,  427,  426,  612,  522,  155,  221,  679,  398,  304,   78,  517,  481,  222,  736,    0,   97,  127,  742,  309,  594,  892,  513,  304,  648,  383,  263,  407,  745,  365,  124,  381,  648,  312,  162,  260,   52,  766,  550,  774,  513,  554,  222,  740,  436,  641,  284,  465,  416,  269,  798,  863,  516,  843,  752,  161,  147,  347,   75,  241,  328,  714,   61,  208,  293,  342,  285,  183,  641,  349,   35,  508,  358,  300,  736,  658,  475,  177,  590,  245,  417,  619,  581,  470,  484,  706,  216,  477],
        [  484,    0,  467,  428,  214,  759,  760,  263,  387,  171,  748,  190,  499,  511,  128,  670,  452,  114,  729,  511,  780,  405,  484,  440,  482,  670,  484,  658,  344,  522,  745,  322,  448,  335,  522,  516,  486,  206,  163,  706,  481,  222,   69,  579,  457,  166,  741,   97,    0,  184,  786,  386,  603,  876,  445,  233,  670,  432,  339,  314,  756,  456,  168,  477,  721,  290,  244,  328,  131,  769,  479,  746,  607,  481,  253,  774,  351,  668,  351,  544,  329,  292,  808,  863,  605,  844,  833,  134,   88,  402,  166,  261,  361,  698,   83,  113,  329,  247,  199,   95,  598,  403,   69,  594,  308,  394,  761,  613,  380,  241,  659,  292,  377,  607,  593,  561,  552,  742,  119,  570],
        [  394,    0,  462,  588,  149,  833,  789,   90,  249,  196,  755,  349,  547,  659,  240,  670,  440,  295,  851,  566,  713,  589,  346,  570,  583,  719,  657,  802,  497,  683,  829,  480,  560,  512,  417,  679,  647,   30,  212,  787,  303,  318,  200,  595,  607,  341,  855,  127,  184,    0,  837,  206,  713, 1017,  627,  415,  759,  481,  333,  487,  862,  299,   27,  369,  704,  438,   81,  343,  162,  887,  662,  900,  513,  665,  338,  843,  533,  749,  367,  516,  510,  387,  915,  984,  540,  964,  791,  136,  261,  223,   87,  361,  205,  839,  102,  272,  169,  419,  312,  229,  766,  225,  126,  539,  480,  250,  845,  782,  546,  273,  656,  350,  542,  744,  698,  489,  554,  808,  288,  483],
        [  597,    0,  399,  572,  965,  109,  103,  914,  736,  953,  198,  648,  292,  500,  659,  251,  425,  744,  356,  277,  502,  833,  738,  444,  345,  118,  655,  480,  562, 1106,  158,  588,  390,  909,  631, 1095,  577,  864,  948,  149,  907,  994,  718,  264,  518,  700,  310,  742,  786,  837,    0,  885,  305,  525,  766,  742,  196,  360,  510,  916,  272,  802,  849,  645,  297,  570,  802,  494,  692,  338,  800,  563,  594,  814,  534,   85,  858,  170,  471,  402,  862,  499,  288,  395,  490,  377,  407,  901,  728,  994,  751,  529, 1026,  466,  802,  861,  992,  895,  965,  873,  638,  996,  770,  461,  655,  751,  158,  655,  988,  568,  266,  499,  605,  429,  287,  523,  318,   77,  849,  569],
