{
    "name": "random-4-24271",
    "comment": "size=4 seed=24271",
    "nodes": ["+0", "-0", "+1", "-1", "+2", "-2", "+3", "-3", "+4", "-4"],
    "precedence": {
        "+0": "-0",
        "+1": "-1",
        "+2": "-2",
        "+3": "-3",
        "+4": "-4"
    },
    "edges": [
        [    0,    0,  482,  870,  950,  388,  301,  442,   74,  425],
        [    0,    0,  482,  870,  950,  388,  301,  442,   74,  425],
        [  482,  482,    0,  430,  478,  302,  317,   74,  461,  137],
        [  870,  870,  430,    0,  155,  532,  606,  500,  868,  559],
        [  950,  950,  478,  155,    0,  647,  712,  539,  937,  588],
        [  388,  388,  302,  532,  647,    0,   88,  331,  417,  374],
        [  301,  301,  317,  606,  712,   88,    0,  326,  333,  356],
        [  442,  442,   74,  500,  539,  331,  326,    0,  412,   65],
        [   74,   74,  461,  868,  937,  417,  333,  412,    0,  386],
        [  425,  425,  137,  559,  588,  374,  356,   65,  386,    0]
    ]
}
