{
    "name": "random-69-11638",
    "comment": "size=69 seed=11638",
    "nodes": ["+0", "-0", "+1", "-1", "+2", "-2", "+3", "-3", "+4", "-4", "+5", "-5", "+6", "-6", "+7", "-7", "+8", "-8", "+9", "-9", "+10", "-10", "+11", "-11", "+12", "-12", "+13", "-13", "+14", "-14", "+15", "-15", "+16", "-16", "+17", "-17", "+18", "-18", "+19", "-19", "+20", "-20", "+21", "-21", "+22", "-22", "+23", "-23", "+24", "-24", "+25", "-25", "+26", "-26", "+27", "-27", "+28", "-28", "+29", "-29", "+30", "-30", "+31", "-31", "+32", "-32", "+33", "-33", "+34", "-34", "+35", "-35", "+36", "-36", "+37", "-37", "+38", "-38", "+39", "-39", "+40", "-40", "+41", "-41", "+42", "-42", "+43", "-43", "+44", "-44", "+45", "-45", "+46", "-46", "+47", "-47", "+48", "-48", "+49", "-49", "+50", "-50", "+51", "-51", "+52", "-52", "+53", "-53", "+54", "-54", "+55", "-55", "+56", "-56", "+57", "-57", "+58", "-58", "+59", "-59", "+60", "-60", "+61", "-61", "+62", "-62", "+63", "-63", "+64", "-64", "+65", "-65", "+66", "-66", "+67", "-67", "+68", "-68", "+69", "-69"],
    "precedence": {
        "+0": "-0",
        "+1": "-1",
        "+2": "-2",
        "+3": "-3",
        "+4": "-4",
        "+5": "-5",
        "+6": "-6",
        "+7": "-7",
        "+8": "-8",
        "+9": "-9",
        "+10": "-10",
        "+11": "-11",
        "+12": "-12",
        "+13": "-13",
        "+14": "-14",
        "+15": "-15",
        "+16": "-16",
        "+17": "-17",
        "+18": "-18",
        "+19": "-19",
        "+20": "-20",
        "+21": "-21",
        "+22": "-22",
        "+23": "-23",
        "+24": "-24",
        "+25": "-25",
        "+26": "-26",
        "+27": "-27",
        "+28": "-28",
        "+29": "-29",
        "+30": "-30",
        "+31": "-31",
        "+32": "-32",
        "+33": "-33",
        "+34": "-34",
        "+35": "-35",
        "+36": "-36",
        "+37": "-37",
        "+38": "-38",
        "+39": "-39",
        "+40": "-40",
        "+41": "-41",
        "+42": "-42",
        "+43": "-43",
        "+44": "-44",
        "+45": "-45",
        "+46": "-46",
        "+47": "-47",
        "+48": "-48",
        "+49": "-49",
        "+50": "-50",
        "+51": "-51",
        "+52": "-52",
        "+53": "-53",
        "+54": "-54",
        "+55": "-55",
        "+56": "-56",
        "+57": "-57",
        "+58": "-58",
        "+59": "-59",
        "+60": "-60",
        "+61": "-61",
        "+62": "-62",
        "+63": "-63",
        "+64": "-64",
        "+65": "-65",
        "+66": "-66",
        "+67": "-67",
        "+68": "-68",
        "+69": "-69"
    },
    "edges": [
        [    0,    0,   80,  709,  528,  723,  524,  612,  533,  887,  680,  506,  604,  259,  836,  905,  765,  289,  644,  635,   48,  925,  358,  944,  653,  469,  598,  974,  471,  713, 1027,  838,  974,  380, 1157,  828,  834,  997,  539,  471,  696,  617,  557,  411,  597,  451, 1020,  979,  424,  689,  587,  491,  492,  637,  448,  934,  312,  785,  365,  707,  909,  114,  930,  813,  862,  557,  465,  691, 1216,  933,  863,  407,  858,  160,  539,  545,  761, 1052,  704,  445,  353,  851, 1090,  654,  709,  210,  857, 1038,  706,  592,  888,  865,  485,  613,  659,  916,  908,  491, 1030,  268,  841,  895,  475,  842,  990,   71,  856,  787,  124,  874,  776,  740,  313,  445,  662,  459,  768,  165,  336,  838,  365,  871, 1105,  343,  707,  469,  370,  604, 1160,  927,  340,  920,  878,  880, 1205,  472,  977,  738,  735,  712],
        [    0,    0,    0,    0,    0,    0,    0,    0,    0,    0,    0,    0,    0,    0,    0,    0,    0,    0,    0,    0,    0,    0,    0,    0,    0,    0,    0,    0,    0,    0,    0,    0,    0,    0,    0,    0,    0,    0,    0,    0,    0,    0,    0,    0,    0,    0,    0,    0,    0,    0,    0,    0,    0,    0,    0,    0,    0,    0,    0,    0,    0,    0,    0,    0,    0,    0,    0,    0,    0,    0,    0,    0,    0,    0,    0,    0,    0,    0,    0,    0,    0,    0,    0,    0,    0,    0,    0,    0,    0,    0,    0,    0,    0,    0,    0,    0,    0,    0,    0,    0,    0,    0,    0,    0,    0,    0,    0,    0,    0,    0,    0,    0,    0,    0,    0,    0,    0,    0,    0,    0,    0,    0,    0,    0,    0,    0,    0,    0,    0,    0,    0,    0,    0,    0,    0,    0,    0,    0,    0,    0],
        [   80,    0,    0,  786,  604,  802,  603,  691,  600,  966,  753,  548,  682,  294,  897,  958,  810,  363,  718,  698,  127,  984,  391, 1023,  688,  544,  670, 1051,  515,  791, 1104,  917, 1046,  456, 1230,  906,  910, 1072,  568,  550,  769,  695,  623,  490,  667,  516, 1090, 1056,  500,  733,  610,  570,  560,  715,  479, 1007,  391,  823,  408,  772,  975,   72, 1005,  892,  891,  613,  520,  768, 1285, 1008,  924,  482,  924,  231,  616,  623,  837, 1127,  752,  457,  432,  889, 1152,  732,  757,  249,  931, 1098,  771,  641,  958,  911,  562,  692,  707,  957,  974,  541, 1099,  332,  916,  971,  535,  869, 1047,  149,  935,  860,  203,  924,  837,  819,  329,  520,  735,  535,  833,  236,  344,  917,  390,  947, 1168,  417,  743,  537,  448,  680, 1233,  967,  418,  999,  952,  923, 1275,  510, 1050,  816,  764,  790],
        [  709,    0,  786,    0,  186,   63,  293,  124,  523,  202,  137,  764,  109,  730,  728,  867,  864,  427,  411,  605,  663,  804,  763,  352,  882,  248,  452,  491,  739,  249,  514,  230,  607,  430,  745,  133,  417,  570,  861,  292,  136,   92,  546,  342,  486,  557,  680,  482,  289,  830,  927,  290,  509,   82,  801,  563,  410,  937,  715,  601,  690,  813,  501,  166, 1064,  659,  653,  364,  862,  507,  746,  307,  663,  609,  355,  177,   63,  583,  806,  896,  364,  981,  880,  273,  794,  714,  179,  875,  600,  735,  591,  915,  225,  258,  772,  991,  676,  692,  709,  594,  151,  446,  610, 1068,  884,  639,  231,  484,  596,  874,  698,  204,  817,  270,  441,  412,  640,  602,  857,  165,  800,  426,  865,  480,  904,  517,  342,  346,  737, 1012,  418,  344,  516,  956,  833,  777,  588,  325,  978,  279],
        [  528,    0,  604,  186,    0,  217,  231,  135,  459,  382,  169,  664,  100,  581,  728,  857,  815,  243,  405,  564,  483,  814,  630,  498,  801,   62,  421,  603,  634,  316,  638,  374,  683,  306,  845,  315,  494,  665,  756,  189,  184,   99,  488,  213,  450,  463,  752,  598,  105,  767,  822,  203,  431,  131,  683,  638,  245,  879,  588,  585,  723,  636,  592,  325, 1000,  587,  555,  390,  949,  597,  750,  122,  684,  443,  305,   95,  233,  695,  751,  765,  198,  932,  923,  298,  743,  557,  331,  903,  584,  662,  641,  883,   54,  260,  711,  956,  712,  597,  777,  450,  314,  539,  519,  998,  895,  459,  385,  523,  421,  853,  685,  303,  671,   85,  438,  323,  637,  436,  710,  338,  664,  516,  916,  349,  832,  430,  172,  331,  841,  977,  273,  483,  583,  919,  924,  668,  671,  384,  900,  337],
        [  723,    0,  802,   63,  217,    0,  267,  114,  488,  167,  199,  735,  122,  722,  674,  815,  821,  449,  363,  561,  676,  749,  747,  295,  847,  277,  410,  429,  713,  191,  453,  171,  545,  417,  683,  105,  356,  507,  834,  281,  198,  120,  508,  336,  444,  530,  619,  421,  314,  790,  899,  273,  477,   89,  779,  502,  416,  895,  698,  552,  632,  824,  439,  111, 1022,  624,  625,  311,  800,  445,  692,  331,  606,  612,  322,  180,  106,  522,  764,  878,  372,  937,  820,  224,  751,  710,  214,  817,  551,  699,  532,  867,  245,  216,  732,  943,  618,  664,  648,  586,  182,  384,  581, 1028,  828,  653,  175,  426,  606,  824,  647,  143,  808,  297,  392,  388,  588,  605,  847,  121,  784,  364,  804,  469,  866,  488,  354,  303,  675,  965,  414,  285,  455,  908,  771,  752,  526,  266,  942,  222],
        [  524,    0,  603,  293,  231,  267,    0,  170,  237,  402,  368,  472,  201,  467,  498,  626,  590,  311,  182,  335,  478,  586,  483,  422,  593,  240,  190,  460,  448,  189,  509,  325,  497,  162,  674,  362,  326,  499,  570,   67,  379,  230,  263,  117,  219,  265,  559,  462,  236,  547,  635,   42,  217,  215,  513,  452,  222,  658,  432,  354,  504,  608,  427,  318,  782,  371,  361,  191,  761,  431,  522,  243,  462,  384,   74,  146,  355,  545,  528,  612,  199,  707,  705,  131,  518,  462,  470,  680,  353,  447,  436,  654,  195,   90,  490,  728,  495,  400,  579,  333,  442,  383,  318,  783,  667,  458,  347,  317,  401,  622,  454,  224,  549,  238,  214,  121,  407,  378,  588,  352,  520,  359,  703,  214,  618,  225,  202,  111,  673,  748,  185,  398,  395,  691,  741,  487,  491,  220,  690,  189],
        [  612,    0,  691,  124,  135,  114,  170,    0,  404,  275,  210,  641,   45,  611,  632,  768,  751,  344,  308,  492,  565,  714,  640,  367,  762,  185,  341,  468,  616,  185,  503,  245,  556,  308,  713,  218,  364,  533,  738,  171,  218,   71,  428,  224,  374,  434,  626,  463,  215,  713,  804,  167,  387,   46,  678,  510,  303,  822,  592,  497,  611,  711,  460,  204,  948,  539,  530,  276,  820,  466,  653,  230,  577,  499,  236,   69,  187,  561,  691,  773,  260,  869,  808,  181,  680,  598,  302,  794,  497,  616,  522,  808,  144,  152,  655,  883,  598,  570,  652,  475,  274,  407,  488,  950,  795,  542,  258,  406,  494,  771,  596,  168,  698,  201,  340,  289,  542,  492,  737,  227,  678,  383,  798,  359,  785,  394,  243,  238,  708,  904,  301,  350,  457,  847,  794,  654,  541,  257,  859,  209],
        [  533,    0,  600,  523,  459,  488,  237,  404,    0,  592,  605,  258,  437,  362,  318,  422,  356,  443,  169,  119,  496,  411,  329,  543,  360,  451,  102,  499,  245,  341,  557,  488,  455,  201,  637,  569,  361,  494,  357,  271,  615,  467,   32,  267,   79,   91,  492,  509,  432,  311,  419,  257,   44,  450,  324,  421,  330,  422,  277,  177,  377,  578,  439,  507,  545,  136,  158,  241,  685,  440,  345,  430,  326,  373,  169,  381,  585,  557,  293,  437,  343,  473,  564,  280,  284,  383,  699,  520,  176,  212,  362,  429,  414,  273,  253,  501,  375,  187,  500,  269,  669,  421,  112,  547,  485,  485,  512,  278,  425,  408,  262,  397,  418,  441,  165,  141,  240,  369,  451,  547,  366,  402,  575,  206,  382,   65,  363,  192,  642,  520,  264,  515,  371,  463,  676,  286,  464,  311,  455,  319],
        [  887,    0,  966,  202,  382,  167,  402,  275,  592,    0,  319,  849,  289,  868,  710,  851,  891,  615,  439,  641,  840,  770,  882,  192,  943,  442,  500,  364,  831,  253,  367,  120,  512,  562,  611,   71,  349,  454,  948,  431,  311,  284,  606,  490,  533,  650,  584,  349,  480,  873, 1010,  419,  592,  255,  904,  475,  577,  970,  831,  612,  640,  985,  399,   86, 1098,  723,  742,  371,  740,  405,  722,  497,  626,  769,  439,  343,  188,  446,  842, 1009,  535, 1003,  806,  313,  827,  861,  219,  817,  611,  795,  530,  921,  411,  328,  817,  996,  623,  777,  616,  733,  191,  349,  696, 1108,  844,  817,  100,  449,  768,  870,  696,  196,  950,  463,  461,  518,  633,  762,  989,   51,  920,  337,  782,  614,  953,  607,  518,  401,  600, 1018,  568,  198,  443,  964,  707,  872,  486,  305, 1032,  279],
        [  680,    0,  753,  137,  169,  199,  368,  210,  605,  319,    0,  825,  170,  749,  841,  977,  957,  392,  518,  699,  636,  922,  798,  485,  956,  218,  549,  627,  797,  375,  650,  365,  741,  471,  881,  249,  550,  705,  919,  344,   17,  141,  631,  377,  581,  621,  814,  618,  263,  915,  985,  351,  582,  169,  849,  697,  413, 1025,  755,  707,  815,  791,  636,  299, 1149,  737,  715,  482,  998,  642,  861,  279,  783,  608,  440,  225,  132,  719,  895,  933,  366, 1074, 1008,  387,  885,  725,  184,  999,  706,  813,  720, 1016,  223,  362,  857, 1091,  801,  757,  842,  618,  178,  581,  676, 1150, 1002,  612,  365,  608,  580,  980,  806,  337,  839,  242,  550,  477,  751,  601,  879,  291,  833,  560,  995,  516,  984,  585,  339,  447,  873, 1112,  441,  478,  648, 1055,  969,  832,  722,  451, 1055,  404],
        [  506,    0,  548,  764,  664,  735,  472,  641,  258,  849,  825,    0,  667,  254,  403,  424,  263,  559,  423,  258,  489,  475,  162,  796,  155,  638,  356,  731,   37,  598,  788,  745,  650,  359,  817,  822,  603,  706,  100,  482,  838,  695,  249,  452,  327,  207,  665,  744,  605,  186,  164,  478,  259,  685,   94,  626,  461,  280,  142,  333,  515,  497,  664,  763,  370,  143,  111,  496,  830,  664,  426,  598,  467,  376,  415,  603,  826,  774,  209,  203,  496,  346,  651,  536,  218,  300,  941,  586,  333,  113,  549,  365,  612,  525,  169,  410,  521,   73,  661,  276,  913,  657,  155,  358,  522,  490,  770,  503,  445,  385,  347,  654,  251,  621,  412,  353,  374,  377,  266,  802,  179,  642,  677,  324,  204,  248,  523,  449,  826,  421,  406,  768,  588,  376,  831,   47,  666,  567,  250,  576],
        [  604,    0,  682,  109,  100,  122,  201,   45,  437,  289,  170,  667,    0,  621,  674,  809,  788,  327,  350,  530,  557,  757,  657,  399,  793,  157,  379,  508,  641,  228,  541,  274,  599,  324,  754,  225,  407,  575,  763,  188,  179,   30,  462,  235,  411,  461,  670,  503,  192,  747,  829,  190,  417,   34,  700,  554,  302,  857,  611,  538,  655,  707,  502,  227,  982,  571,  556,  320,  863,  508,  695,  209,  620,  500,  271,   69,  169,  601,  727,  791,  256,  905,  852,  224,  716,  605,  282,  838,  537,  648,  566,  847,  123,  194,  690,  922,  642,  597,  696,  486,  257,  449,  515,  983,  837,  534,  285,  450,  489,  811,  637,  207,  710,  176,  382,  315,  584,  493,  750,  242,  694,  425,  842,  374,  818,  422,  235,  278,  749,  943,  309,  384,  501,  886,  836,  678,  584,  300,  890,  253],
        [  259,    0,  294,  730,  581,  722,  467,  611,  362,  868,  749,  254,  621,    0,  623,  670,  516,  398,  514,  435,  250,  706,  100,  871,  396,  535,  453,  855,  221,  643,  912,  788,  815,  307,  995,  823,  714,  855,  282,  442,  764,  644,  376,  388,  438,  272,  848,  864,  493,  439,  332,  451,  331,  649,  190,  782,  338,  529,  115,  514,  716,  246,  798,  784,  604,  335,  241,  579, 1032,  800,  648,  479,  664,  166,  445,  553,  790,  918,  459,  207,  384,  596,  878,  577,  466,   50,  901,  819,  513,  351,  719,  618,  527,  548,  416,  663,  718,  254,  851,  136,  878,  775,  269,  584,  762,  257,  810,  639,  229,  633,  563,  687,   91,  513,  521,  358,  570,  170,  130,  818,  112,  754,  899,  254,  450,  307,  412,  502, 1001,  673,  313,  844,  732,  629, 1027,  216,  825,  642,  477,  632],
        [  836,    0,  897,  728,  728,  674,  498,  632,  318,  710,  841,  403,  674,  623,    0,  142,  238,  758,  325,  204,  804,   93,  552,  576,  372,  736,  311,  439,  421,  485,  489,  590,  301,  517,  435,  719,  368,  377,  464,  553,  848,  702,  289,  569,  288,  388,  288,  457,  726,  273,  494,  533,  362,  673,  496,  300,  645,  315,  512,  148,  128,  862,  369,  641,  429,  288,  382,  364,  429,  366,   27,  729,   99,  679,  426,  636,  780,  442,  231,  601,  652,  321,  256,  456,  213,  658,  882,  203,  149,  291,  214,  222,  692,  481,  247,  293,  141,  373,  275,  569,  849,  394,  363,  450,  170,  795,  612,  262,  737,  163,   61,  540,  646,  732,  293,  446,   92,  676,  667,  679,  577,  392,  277,  524,  344,  380,  669,  399,  447,  315,  580,  552,  293,  267,  433,  450,  327,  414,  417,  454],
        [  905,    0,  958,  867,  857,  815,  626,  768,  422,  851,  977,  424,  809,  670,  142,    0,  183,  864,  460,  304,  878,  107,  585,  713,  340,  860,  436,  567,  452,  626,  613,  732,  416,  622,  515,  860,  508,  495,  457,  677,  985,  838,  391,  685,  409,  473,  384,  585,  847,  251,  468,  657,  463,  810,  513,  425,  751,  237,  555,  272,  238,  915,  499,  782,  326,  349,  440,  504,  473,  495,  131,  847,  231,  754,  553,  767,  920,  557,  217,  603,  764,  217,  254,  595,  207,  711, 1023,  182,  273,  319,  343,  111,  818,  616,  256,  164,  255,  418,  361,  642,  990,  529,  435,  353,  105,  872,  753,  403,  817,   50,  173,  682,  675,  854,  428,  559,  228,  752,  687,  821,  603,  530,  291,  620,  296,  477,  783,  532,  530,  186,  685,  689,  427,  149,  488,  470,  445,  556,  351,  595],
        [  765,    0,  810,  864,  815,  821,  590,  751,  356,  891,  957,  263,  788,  516,  238,  183,    0,  772,  459,  260,  744,  268,  424,  784,  158,  806,  412,  666,  296,  645,  719,  774,  537,  539,  669,  885,  573,  611,  278,  627,  967,  817,  328,  619,  379,  374,  524,  683,  783,   78,  285,  613,  388,  796,  344,  532,  663,   82,  402,  280,  365,  760,  595,  813,  208,  239,  312,  522,  645,  592,  248,  780,  334,  625,  518,  735,  923,  678,   67,  425,  686,  118,  434,  598,   73,  561, 1034,  363,  281,  179,  445,  103,  769,  607,  113,  155,  378,  278,  508,  516, 1002,  610,  324,  222,  288,  742,  797,  460,  692,  135,  214,  704,  508,  795,  433,  495,  274,  624,  516,  853,  436,  604,  469,  523,  115,  394,  710,  519,  682,  170,  599,  758,  516,  118,  655,  305,  563,  587,  180,  616],
        [  289,    0,  363,  427,  243,  449,  311,  344,  443,  615,  392,  559,  327,  398,  758,  864,  772,    0,  480,  561,  245,  850,  472,  701,  712,  182,  459,  767,  524,  481,  813,  584,  806,  243,  985,  551,  636,  810,  634,  246,  408,  336,  474,  202,  475,  399,  866,  767,  138,  708,  696,  271,  402,  360,  547,  762,  114,  819,  445,  612,  793,  399,  737,  547,  926,  534,  468,  501, 1068,  742,  784,  121,  745,  236,  360,  276,  475,  854,  706,  601,  114,  881,  991,  435,  703,  362,  569,  955,  611,  598,  739,  859,  204,  391,  660,  925,  786,  508,  884,  292,  554,  692,  449,  916,  927,  221,  599,  623,  193,  846,  704,  494,  486,  158,  507,  314,  673,  231,  523,  568,  500,  667,  995,  250,  755,  388,  112,  417,  984,  942,  180,  680,  704,  887, 1050,  547,  802,  527,  809,  490],
        [  644,    0,  718,  411,  405,  363,  182,  308,  169,  439,  518,  423,  350,  514,  325,  460,  459,  480,    0,  203,  602,  410,  494,  375,  505,  421,   68,  342,  412,  188,  398,  328,  333,  267,  516,  427,  200,  354,  521,  245,  525,  378,  174,  279,   97,  250,  388,  350,  418,  435,  579,  221,  187,  350,  492,  292,  376,  536,  441,  191,  322,  708,  289,  357,  664,  288,  326,   74,  590,  291,  347,  424,  281,  488,  121,  313,  467,  411,  406,  605,  367,  575,  523,  140,  392,  528,  576,  499,  190,  358,  260,  505,  375,  157,  378,  581,  313,  353,  405,  402,  544,  261,  280,  672,  490,  585,  352,  146,  524,  464,  289,  247,  580,  420,   33,  186,  235,  483,  614,  398,  531,  240,  522,  302,  515,  209,  376,   75,  518,  603,  320,  347,  235,  546,  573,  453,  334,  145,  593,  161],
        [  635,    0,  698,  605,  564,  561,  335,  492,  119,  641,  699,  258,  530,  435,  204,  304,  260,  561,  203,    0,  602,  296,  379,  557,  308,  562,  153,  475,  262,  390,  532,  527,  394,  319,  568,  630,  353,  449,  347,  378,  708,  559,   88,  382,  119,  185,  417,  489,  545,  233,  398,  362,  161,  537,  345,  369,  448,  334,  332,   80,  281,  668,  407,  560,  462,  116,  197,  271,  598,  407,  231,  545,  230,  477,  261,  479,  663,  516,  204,  459,  460,  377,  456,  340,  191,  465,  775,  406,   79,  167,  294,  320,  522,  347,  177,  394,  283,  203,  418,  368,  743,  404,  167,  469,  368,  592,  551,  248,  533,  292,  146,  449,  474,  554,  180,  256,  136,  474,  500,  600,  410,  390,  471,  322,  313,  178,  480,  259,  575,  414,  382,  529,  330,  357,  593,  299,  410,  339,  392,  362],
        [   48,    0,  127,  663,  483,  676,  478,  565,  496,  840,  636,  489,  557,  250,  804,  878,  744,  245,  602,  602,    0,  894,  348,  898,  639,  424,  557,  930,  453,  666,  982,  791,  932,  336, 1116,  781,  789,  954,  530,  424,  652,  571,  522,  365,  557,  417,  980,  934,  379,  669,  581,  445,  454,  590,  437,  892,  265,  768,  349,  672,  873,  155,  887,  765,  851,  529,  439,  647, 1177,  890,  831,  362,  822,  125,  495,  498,  715, 1008,  682,  447,  306,  834, 1057,  608,  685,  201,  812, 1006,  671,  568,  848,  843,  439,  567,  635,  896,  871,  467,  991,  237,  796,  850,  445,  832,  961,   25,  809,  745,   79,  848,  744,  693,  315,  400,  620,  417,  733,  128,  343,  791,  360,  826, 1070,  301,  692,  432,  323,  559, 1119,  908,  294,  874,  836,  860, 1165,  458,  935,  693,  724,  666],
        [  925,    0,  984,  804,  814,  749,  586,  714,  411,  770,  922,  475,  757,  706,   93,  107,  268,  850,  410,  296,  894,    0,  630,  621,  419,  825,  401,  468,  497,  558,  511,  651,  313,  609,  411,  785,  422,  392,  524,  643,  928,  784,  381,  660,  379,  478,  277,  486,  817,  322,  545,  622,  454,  754,  567,  325,  737,  334,  593,  239,  138,  948,  402,  706,  430,  373,  467,  441,  377,  398,   67,  820,  145,  769,  515,  722,  853,  452,  282,  667,  744,  321,  176,  536,  267,  743,  952,  114,  240,  363,  248,  215,  781,  563,  310,  270,  155,  453,  255,  658,  919,  436,  451,  457,   81,  886,  671,  326,  828,  151,  151,  611,  723,  822,  377,  538,  181,  766,  741,  743,  653,  440,  206,  616,  382,  473,  761,  484,  425,  291,  672,  599,  334,  255,  389,  522,  342,  484,  445,  527],
        [  358,    0,  391,  763,  630,  747,  483,  640,  329,  882,  798,  162,  657,  100,  552,  585,  424,  472,  494,  379,  348,  630,    0,  864,  298,  591,  428,  828,  135,  644,  885,  792,  770,  333,  946,  844,  690,  818,  183,  471,  812,  682,  336,  424,  407,  245,  795,  838,  551,  347,  235,  475,  308,  681,   91,  741,  396,  433,   54,  458,  655,  337,  766,  797,  505,  268,  183,  564,  972,  767,  577,  540,  604,  253,  446,  589,  825,  883,  371,  135,  440,  499,  805,  578,  380,  149,  938,  743,  458,  269,  671,  526,  576,  556,  330,  568,  658,  181,  796,  185,  913,  749,  222,  486,  682,  353,  816,  604,  320,  546,  494,  694,   96,  570,  494,  364,  509,  256,  123,  833,   39,  730,  829,  284,  353,  287,  468,  496,  953,  577,  357,  836,  695,  535,  970,  120,  783,  631,  378,  629],
        [  944,    0, 1023,  352,  498,  295,  422,  367,  543,  192,  485,  796,  399,  871,  576,  713,  784,  701,  375,  557,  898,  621,  864,    0,  863,  551,  442,  177,  787,  234,  176,  125,  335,  580,  420,  246,  212,  269,  893,  474,  480,  407,  548,  534,  470,  620,  404,  161,  580,  781,  950,  454,  557,  370,  866,  305,  635,  865,  811,  508,  485, 1030,  225,  186,  990,  658,  700,  303,  550,  231,  583,  594,  482,  806,  427,  429,  361,  256,  745,  979,  601,  888,  633,  297,  728,  875,  410,  652,  508,  722,  374,  796,  510,  333,  728,  868,  468,  728,  437,  744,  381,  185,  654, 1005,  689,  877,  121,  324,  821,  739,  575,  208,  944,  567,  385,  515,  512,  799,  981,  198,  902,  184,  605,  629,  863,  577,  592,  370,  409,  891,  606,   29,  287,  840,  516,  828,  307,  234,  942,  240],
        [  653,    0,  688,  882,  801,  847,  593,  762,  360,  943,  956,  155,  793,  396,  372,  340,  158,  712,  505,  308,  639,  419,  298,  863,    0,  780,  444,  769,  191,  690,  825,  832,  659,  501,  806,  926,  657,  727,  128,  614,  968,  822,  340,  591,  411,  338,  657,  784,  750,   99,  128,  606,  376,  807,  209,  646,  611,  138,  291,  361,  497,  632,  698,  860,  216,  224,  249,  575,  794,  697,  388,  744,  458,  529,  528,  732,  944,  795,  141,  272,  643,  204,  589,  634,  159,  444, 1059,  519,  361,  149,  561,  252,  750,  632,  138,  278,  508,  207,  646,  430, 1028,  704,  282,  204,  445,  641,  856,  547,  598,  293,  331,  749,  370,  765,  486,  480,  380,  530,  372,  900,  301,  693,  623,  471,   56,  372,  670,  548,  818,  284,  552,  836,  619,  249,  802,  182,  681,  645,  100,  665],
        [  469,    0,  544,  248,   62,  277,  240,  185,  451,  442,  218,  638,  157,  535,  736,  860,  806,  182,  421,  562,  424,  825,  591,  551,  780,    0,  426,  646,  606,  356,  684,  429,  716,  280,  883,  376,  530,  704,  726,  184,  234,  159,  481,  190,  452,  443,  783,  643,   46,  753,  792,  204,  419,  189,  650,  671,  198,  866,  552,  591,  742,  577,  630,  383,  984,  572,  532,  416,  982,  635,  760,   63,  701,  390,  310,  129,  294,  737,  741,  725,  152,  921,  943,  329,  733,  509,  389,  919,  590,  645,  667,  879,   48,  287,  698,  951,  732,  574,  806,  408,  373,  579,  499,  980,  905,  400,  440,  548,  364,  853,  690,  351,  625,   25,  453,  311,  646,  384,  665,  398,  624,  555,  939,  317,  814,  415,  124,  347,  880,  971,  236,  534,  614,  914,  959,  638,  706,  419,  879,  374],
        [  598,    0,  670,  452,  421,  410,  190,  341,  102,  500,  549,  356,  379,  453,  311,  436,  412,  459,   68,  153,  557,  401,  428,  442,  444,  426,    0,  403,  345,  247,  460,  391,  377,  230,  561,  483,  263,  407,  455,  243,  558,  408,  108,  262,   35,  185,  424,  412,  417,  381,  514,  223,  123,  385,  425,  338,  350,  486,  375,  165,  334,  655,  346,  416,  613,  224,  259,  140,  623,  348,  335,  420,  287,  439,  117,  333,  511,  467,  355,  538,  349,  529,  532,  191,  342,  469,  623,  499,  164,  296,  292,  468,  383,  195,  323,  543,  328,  286,  436,  346,  592,  323,  213,  618,  480,  542,  416,  192,  481,  434,  265,  305,  515,  422,   68,  149,  221,  434,  549,  456,  465,  303,  536,  256,  458,  146,  363,  107,  564,  564,  288,  414,  285,  507,  610,  386,  381,  211,  535,  222],
        [  974,    0, 1051,  491,  603,  429,  460,  468,  499,  364,  627,  731,  508,  855,  439,  567,  666,  767,  342,  475,  930,  468,  828,  177,  769,  646,  403,    0,  729,  291,   58,  268,  164,  596,  255,  408,  143,   93,  821,  523,  626,  524,  493,  576,  421,  586,  229,   19,  664,  678,  871,  499,  525,  486,  812,  143,  681,  747,  775,  409,  331, 1045,   72,  336,  866,  588,  650,  284,  379,   74,  441,  676,  341,  823,  436,  518,  514,   93,  638,  927,  657,  759,  459,  333,  620,  869,  578,  485,  409,  640,  226,  661,  600,  377,  631,  728,  314,  669,  262,  742,  548,   81,  607,  885,  529,  911,  276,  228,  852,  599,  453,  302,  917,  657,  335,  518,  394,  817,  950,  359,  863,  104,  430,  637,  758,  549,  656,  371,  246,  751,  638,  166,  151,  705,  347,  769,  134,  241,  837,  278],
        [  471,    0,  515,  739,  634,  713,  448,  616,  245,  831,  797,   37,  641,  221,  421,  452,  296,  524,  412,  262,  453,  497,  135,  787,  191,  606,  345,  729,    0,  583,  787,  731,  655,  329,  826,  803,  598,  709,  123,  455,  810,  669,  241,  422,  318,  184,  674,  741,  573,  219,  189,  452,  240,  660,   84,  630,  427,  316,  107,  339,  528,  466,  664,  746,  407,  146,   90,  485,  845,  664,  445,  565,  479,  340,  395,  576,  802,  776,  239,  199,  463,  382,  672,  519,  246,  266,  918,  609,  339,  135,  555,  397,  582,  506,  197,  445,  533,   61,  673,  239,  889,  654,  136,  394,  548,  454,  755,  502,  408,  414,  364,  637,  227,  589,  405,  328,  385,  340,  247,  784,  157,  637,  697,  291,  241,  226,  490,  432,  835,  456,  373,  759,  589,  410,  844,   42,  671,  555,  286,  562],
        [  713,    0,  791,  249,  316,  191,  189,  185,  341,  253,  375,  598,  228,  643,  485,  626,  645,  481,  188,  390,  666,  558,  644,  234,  690,  356,  247,  291,  583,    0,  333,  149,  372,  347,  530,  241,  180,  350,  698,  244,  378,  249,  354,  303,  280,  405,  443,  289,  374,  623,  759,  222,  344,  213,  658,  327,  406,  722,  592,  369,  442,  797,  277,  170,  850,  471,  494,  124,  636,  282,  502,  386,  415,  573,  200,  228,  296,  382,  593,  766,  375,  759,  634,   67,  579,  644,  398,  627,  368,  543,  345,  683,  309,  100,  565,  759,  428,  526,  470,  514,  365,  224,  447,  859,  637,  646,  173,  235,  589,  637,  461,   60,  720,  366,  212,  286,  400,  566,  758,  210,  682,  200,  620,  397,  702,  361,  371,  151,  525,  781,  374,  209,  275,  726,  610,  624,  357,   77,  780,   31],
        [ 1027,    0, 1104,  514,  638,  453,  509,  503,  557,  367,  650,  788,  541,  912,  489,  613,  719,  813,  398,  532,  982,  511,  885,  176,  825,  684,  460,   58,  787,  333,    0,  285,  200,  649,  246,  419,  199,  121,  879,  571,  647,  555,  551,  625,  478,  644,  256,   49,  706,  733,  928,  547,  582,  517,  870,  190,  730,  799,  833,  466,  375, 1100,  127,  352,  917,  646,  708,  338,  377,  128,  488,  718,  390,  877,  489,  557,  531,   83,  692,  985,  704,  809,  486,  380,  675,  925,  585,  518,  466,  697,  275,  709,  639,  423,  687,  775,  359,  727,  288,  798,  556,  137,  665,  937,  568,  963,  289,  286,  904,  647,  506,  336,  974,  696,  393,  572,  448,  871, 1007,  370,  921,  159,  453,  691,  813,  606,  701,  424,  234,  797,  689,  174,  206,  753,  343,  827,  170,  290,  891,  323],
        [  838,    0,  917,  230,  374,  171,  325,  245,  488,  120,  365,  745,  274,  788,  590,  732,  774,  584,  328,  527,  791,  651,  792,  125,  832,  429,  391,  268,  731,  149,  285,    0,  403,  487,  521,  144,  231,  353,  845,  368,  362,  282,  499,  429,  423,  554,  476,  257,  459,  759,  905,  351,  492,  245,  806,  364,  526,  853,  740,  494,  522,  928,  291,   69,  981,  615,  642,  257,  645,  297,  603,  474,  507,  707,  347,  309,  247,  358,  727,  915,  489,  885,  693,  214,  711,  786,  317,  701,  494,  685,  413,  802,  388,  240,  703,  876,  506,  674,  507,  656,  285,  238,  595,  992,  726,  769,   25,  329,  715,  750,  577,  101,  867,  445,  347,  432,  514,  700,  905,   96,  830,  223,  672,  538,  840,  510,  478,  299,  513,  899,  505,  114,  328,  845,  614,  772,  379,  188,  918,  170],
        [  974,    0, 1046,  607,  683,  545,  497,  556,  455,  512,  741,  650,  599,  815,  301,  416,  537,  806,  333,  394,  932,  313,  770,  335,  659,  716,  377,  164,  655,  372,  200,  403,    0,  600,  184,  546,  192,   80,  730,  563,  742,  620,  440,  606,  382,  545,   74,  182,  725,  563,  772,  538,  491,  583,  738,   46,  707,  616,  721,  317,  180, 1029,  113,  468,  729,  510,  588,  306,  267,  107,  297,  734,  204,  815,  450,  591,  641,  142,  521,  852,  693,  620,  298,  388,  503,  837,  719,  322,  318,  546,  101,  517,  668,  430,  524,  580,  164,  597,  105,  720,  687,  165,  550,  751,  369,  917,  416,  188,  856,  453,  330,  405,  864,  722,  313,  518,  282,  810,  892,  498,  803,  183,  272,  631,  640,  515,  698,  390,  188,  602,  653,  319,  103,  560,  244,  692,   30,  300,  715,  347],
        [  380,    0,  456,  430,  306,  417,  162,  308,  201,  562,  471,  359,  324,  307,  517,  622,  539,  243,  267,  319,  336,  609,  333,  580,  501,  280,  230,  596,  329,  347,  649,  487,  600,    0,  783,  517,  455,  619,  450,  138,  485,  350,  232,   94,  239,  167,  651,  601,  250,  480,  516,  145,  160,  348,  379,  559,  130,  593,  287,  372,  561,  453,  551,  479,  708,  301,  253,  312,  852,  554,  543,  244,  511,  229,  161,  256,  492,  673,  473,  467,  147,  652,  755,  284,  468,  300,  605,  716,  371,  371,  520,  622,  254,  249,  428,  690,  556,  295,  665,  172,  580,  516,  222,  703,  685,  319,  508,  412,  258,  605,  462,  386,  391,  264,  288,   83,  433,  223,  431,  512,  370,  492,  762,   53,  537,  147,  172,  225,  785,  708,   64,  554,  502,  652,  837,  362,  601,  362,  600,  341],
        [ 1157,    0, 1230,  745,  845,  683,  674,  713,  637,  611,  881,  817,  754,  995,  435,  515,  669,  985,  516,  568, 1116,  411,  946,  420,  806,  883,  561,  255,  826,  530,  246,  521,  184,  783,    0,  661,  354,  180,  891,  740,  879,  773,  620,  785,  565,  727,  153,  266,  896,  708,  926,  715,  673,  734,  908,  225,  887,  741,  898,  489,  309, 1212,  254,  590,  840,  681,  764,  484,  135,  249,  421,  907,  352,  999,  631,  756,  768,  166,  665, 1019,  871,  731,  308,  557,  648, 1019,  829,  365,  489,  709,  277,  625,  836,  601,  677,  675,  300,  769,  161,  903,  799,  306,  729,  867,  436, 1100,  529,  371, 1039,  561,  478,  551, 1040,  891,  496,  701,  443,  994, 1067,  612,  977,  330,  266,  815,  779,  698,  875,  570,   18,  695,  835,  416,  282,  664,   99,  861,  184,  465,  848,  510],
        [  828,    0,  906,  133,  315,  105,  362,  218,  569,   71,  249,  822,  225,  823,  719,  860,  885,  551,  427,  630,  781,  785,  844,  246,  926,  376,  483,  408,  803,  241,  419,  144,  546,  517,  661,    0,  370,  495,  922,  382,  242,  217,  586,  440,  516,  620,  620,  396,  415,  862,  985,  373,  564,  192,  872,  507,  521,  962,  794,  609,  659,  929,  434,   80, 1090,  703,  714,  365,  786,  440,  733,  432,  640,  716,  408,  284,  119,  496,  833,  973,  477,  999,  835,  292,  819,  813,  173,  841,  609,  777,  552,  923,  347,  298,  804,  998,  644,  750,  651,  687,  142,  381,  668, 1098,  861,  758,  133,  460,  711,  875,  699,  182,  908,  397,  453,  482,  637,  709,  947,   50,  882,  366,  814,  569,  940,  577,  458,  378,  651, 1021,  518,  246,  468,  965,  754,  842,  522,  306, 1017,  271],
        [  834,    0,  910,  417,  494,  356,  326,  364,  361,  349,  550,  603,  407,  714,  368,  508,  573,  636,  200,  353,  789,  422,  690,  212,  657,  530,  263,  143,  598,  180,  199,  231,  192,  455,  354,  370,    0,  176,  696,  390,  551,  429,  359,  440,  284,  447,  265,  150,  543,  572,  750,  366,  385,  391,  680,  148,  545,  654,  637,  298,  291,  903,  102,  290,  779,  461,  515,  143,  456,  107,  377,  553,  279,  681,  295,  403,  455,  220,  534,  794,  524,  677,  468,  204,  518,  727,  542,  472,  298,  519,  183,  586,  483,  248,  520,  659,  275,  537,  293,  600,  509,   62,  471,  794,  496,  771,  250,  113,  711,  530,  364,  214,  777,  538,  197,  376,  301,  675,  811,  325,  727,   41,  449,  495,  654,  408,  525,  231,  351,  682,  498,  186,  100,  630,  431,  638,  177,  112,  733,  157],
        [  997,    0, 1072,  570,  665,  507,  499,  533,  494,  454,  705,  706,  575,  855,  377,  495,  611,  810,  354,  449,  954,  392,  818,  269,  727,  704,  407,   93,  709,  350,  121,  353,   80,  619,  180,  495,  176,    0,  791,  565,  705,  594,  483,  613,  418,  584,  138,  110,  718,  632,  836,  540,  526,  556,  792,   82,  716,  690,  767,  375,  258, 1060,   74,  420,  805,  564,  636,  311,  294,   69,  374,  728,  278,  841,  462,  577,  598,   69,  590,  907,  698,  697,  369,  379,  572,  874,  667,  398,  375,  607,  167,  594,  657,  423,  590,  658,  242,  650,  171,  752,  636,  127,  596,  826,  448,  937,  363,  217,  877,  531,  400,  372,  910,  712,  339,  538,  348,  836,  940,  446,  852,  150,  338,  655,  710,  550,  700,  399,  176,  680,  667,  257,  123,  638,  264,  748,   51,  287,  786,  330],
        [  539,    0,  568,  861,  756,  834,  570,  738,  357,  948,  919,  100,  763,  282,  464,  457,  278,  634,  521,  347,  530,  524,  183,  893,  128,  726,  455,  821,  123,  698,  879,  845,  730,  450,  891,  922,  696,  791,    0,  578,  932,  791,  347,  544,  425,  305,  739,  835,  692,  206,   66,  574,  359,  782,   93,  710,  543,  265,  191,  416,  584,  509,  753,  863,  324,  236,  209,  594,  892,  753,  484,  683,  539,  430,  514,  698,  924,  859,  243,  147,  581,  330,  699,  636,  258,  331, 1039,  631,  416,  185,  630,  377,  703,  625,  218,  405,  592,  172,  732,  343, 1011,  750,  254,  303,  560,  535,  869,  594,  498,  411,  414,  754,  245,  708,  509,  450,  450,  432,  245,  902,  178,  735,  729,  410,  183,  347,  609,  548,  901,  411,  491,  865,  675,  376,  897,   89,  749,  665,  196,  675],
        [  471,    0,  550,  292,  189,  281,   67,  171,  271,  431,  344,  482,  188,  442,  553,  677,  627,  246,  245,  378,  424,  643,  471,  474,  614,  184,  243,  523,  455,  244,  571,  368,  563,  138,  740,  382,  390,  565,  578,    0,  356,  215,  300,   61,  268,  278,  625,  524,  175,  578,  643,   26,  242,  211,  512,  518,  162,  690,  424,  407,  566,  561,  492,  350,  812,  398,  372,  257,  827,  496,  578,  179,  523,  340,  129,  121,  354,  609,  563,  604,  134,  743,  767,  191,  554,  431,  469,  739,  406,  473,  501,  697,  144,  148,  522,  769,  558,  414,  645,  306,  442,  448,  334,  810,  723,  403,  388,  383,  348,  670,  506,  269,  528,  179,  276,  135,  463,  334,  568,  381,  508,  423,  766,  189,  644,  243,  136,  176,  739,  789,  138,  451,  461,  732,  807,  491,  557,  283,  713,  249],
        [  696,    0,  769,  136,  184,  198,  379,  218,  615,  311,   17,  838,  179,  764,  848,  985,  967,  408,  525,  708,  652,  928,  812,  480,  968,  234,  558,  626,  810,  378,  647,  362,  742,  485,  879,  242,  551,  705,  932,  356,    0,  150,  641,  391,  590,  633,  815,  616,  279,  925,  998,  363,  593,  175,  863,  698,  428, 1036,  769,  715,  819,  807,  636,  295, 1160,  748,  728,  487,  998,  642,  868,  295,  788,  624,  449,  237,  123,  717,  905,  947,  381, 1084, 1012,  393,  895,  740,  168, 1003,  714,  825,  723, 1025,  238,  369,  868, 1100,  805,  769,  843,  633,  164,  581,  689, 1161, 1008,  628,  360,  612,  596,  988,  813,  338,  854,  258,  557,  488,  758,  617,  894,  285,  847,  561,  998,  530,  995,  597,  354,  455,  872, 1121,  456,  475,  650, 1064,  968,  845,  723,  455, 1066,  408],
        [  617,    0,  695,   92,   99,  120,  230,   71,  467,  284,  141,  695,   30,  644,  702,  838,  817,  336,  378,  559,  571,  784,  682,  407,  822,  159,  408,  524,  669,  249,  555,  282,  620,  350,  773,  217,  429,  594,  791,  215,  150,    0,  492,  259,  441,  489,  692,  518,  199,  776,  857,  218,  446,   39,  726,  575,  320,  886,  636,  567,  681,  722,  522,  229, 1011,  601,  584,  346,  883,  527,  723,  216,  647,  519,  300,   94,  148,  617,  756,  816,  273,  934,  877,  251,  746,  626,  258,  864,  566,  677,  590,  876,  133,  222,  719,  951,  668,  625,  719,  509,  234,  468,  544, 1013,  865,  547,  290,  475,  505,  840,  666,  223,  733,  181,  410,  343,  612,  512,  773,  240,  719,  445,  866,  399,  847,  451,  251,  307,  767,  972,  332,  394,  523,  915,  856,  705,  605,  324,  919,  276],
        [  557,    0,  623,  546,  488,  508,  263,  428,   32,  606,  631,  249,  462,  376,  289,  391,  328,  474,  174,   88,  522,  381,  336,  548,  340,  481,  108,  493,  241,  354,  551,  499,  440,  232,  620,  586,  359,  483,  347,  300,  641,  492,    0,  297,   78,  109,  473,  505,  462,  285,  407,  285,   73,  473,  322,  407,  361,  395,  284,  150,  353,  598,  431,  522,  520,  118,  158,  247,  663,  432,  316,  461,  301,  398,  193,  407,  607,  547,  265,  436,  374,  445,  537,  295,  256,  400,  720,  491,  150,  192,  344,  399,  443,  293,  228,  471,  352,  181,  479,  292,  690,  416,  114,  522,  455,  511,  523,  269,  451,  377,  232,  411,  427,  472,  165,  171,  212,  394,  458,  562,  371,  399,  549,  236,  359,   92,  394,  208,  626,  490,  295,  519,  360,  433,  655,  282,  450,  318,  434,  330],
