{
    "name": "random-10-8970",
    "comment": "size=10 seed=8970",
    "nodes": ["+0", "-0", "+1", "-1", "+2", "-2", "+3", "-3", "+4", "-4", "+5", "-5", "+6", "-6", "+7", "-7", "+8", "-8", "+9", "-9", "+10", "-10"],
    "precedence": {
        "+0": "-0",
        "+1": "-1",
        "+2": "-2",
        "+3": "-3",
        "+4": "-4",
        "+5": "-5",
        "+6": "-6",
        "+7": "-7",
        "+8": "-8",
        "+9": "-9",
        "+10": "-10"
    },
    "edges": [
        [    0,    0,  588,  811,  783,  672,  843,  771,  587,  631,  395,  331,  536,  721,  338,  599,  727,  753,  252,  662,  147,  722],
        [    0,    0,  588,  811,  783,  672,  843,  771,  587,  631,  395,  331,  536,  721,  338,  599,  727,  753,  252,  662,  147,  722],
        [  588,  588,    0,  445,  614,  821,  587,  284,  601,   56,  338,  315,  307,  211,  853,  445,  177,  540,  535,  288,  714,  379],
        [  811,  811,  445,    0,  257,  625,  172,  195,  413,  475,  416,  486,  276,  614,  931,  255,  316,  187,  616,  171,  958,   90],
        [  783,  783,  614,  257,    0,  396,  113,  432,  234,  658,  423,  512,  332,  812,  806,  202,  535,   79,  544,  335,  926,  259],
        [  672,  672,  821,  625,  396,    0,  508,  754,  231,  876,  500,  567,  524, 1032,  530,  410,  819,  444,  435,  620,  780,  586],
        [  843,  843,  587,  172,  113,  508,    0,  364,  333,  624,  461,  545,  343,  771,  899,  245,  479,   92,  616,  299,  988,  210],
        [  771,  771,  284,  195,  432,  754,  364,    0,  526,  300,  403,  442,  276,  426,  958,  346,  126,  355,  627,  142,  913,  177],
        [  587,  587,  601,  413,  234,  231,  333,  526,    0,  654,  302,  384,  297,  811,  574,  181,  589,  249,  337,  390,  722,  362],
        [  631,  631,   56,  475,  658,  876,  624,  300,  654,    0,  394,  368,  359,  158,  904,  495,  181,  583,  589,  327,  752,  415],
        [  395,  395,  338,  416,  423,  500,  461,  403,  302,  394,    0,   89,  142,  542,  558,  223,  400,  376,  226,  276,  542,  328],
        [  331,  331,  315,  486,  512,  567,  545,  442,  384,  368,   89,    0,  212,  504,  544,  311,  414,  463,  221,  332,  476,  397],
        [  536,  536,  307,  276,  332,  524,  343,  276,  297,  359,  142,  212,    0,  517,  686,  141,  304,  268,  357,  139,  682,  187],
        [  721,  721,  211,  614,  812, 1032,  771,  426,  811,  158,  542,  504,  517,    0, 1020,  653,  301,  736,  721,  478,  825,  563],
        [  338,  338,  853,  931,  806,  530,  899,  958,  574,  904,  558,  544,  686, 1020,    0,  679,  953,  809,  333,  825,  351,  852],
        [  599,  599,  445,  255,  202,  410,  245,  346,  181,  495,  223,  311,  141,  653,  679,    0,  412,  156,  376,  210,  744,  189],
        [  727,  727,  177,  316,  535,  819,  479,  126,  589,  181,  400,  414,  304,  301,  953,  412,    0,  457,  623,  207,  862,  277],
        [  753,  753,  540,  187,   79,  444,   92,  355,  249,  583,  376,  463,  268,  736,  809,  156,  457,    0,  524,  258,  898,  181],
        [  252,  252,  535,  616,  544,  435,  616,  627,  337,  589,  226,  221,  357,  721,  333,  376,  623,  524,    0,  496,  386,  532],
        [  662,  662,  288,  171,  335,  620,  299,  142,  390,  327,  276,  332,  139,  478,  825,  210,  207,  258,  496,    0,  808,   92],
        [  147,  147,  714,  958,  926,  780,  988,  913,  722,  752,  542,  476,  682,  825,  351,  744,  862,  898,  386,  808,    0,  868],
        [  722,  722,  379,   90,  259,  586,  210,  177,  362,  415,  328,  397,  187,  563,  852,  189,  277,  181,  532,   92,  868,    0]
    ]
}
