{
    "name": "random-81-20086",
    "comment": "size=81 seed=20086",
    "nodes": ["+0", "-0", "+1", "-1", "+2", "-2", "+3", "-3", "+4", "-4", "+5", "-5", "+6", "-6", "+7", "-7", "+8", "-8", "+9", "-9", "+10", "-10", "+11", "-11", "+12", "-12", "+13", "-13", "+14", "-14", "+15", "-15", "+16", "-16", "+17", "-17", "+18", "-18", "+19", "-19", "+20", "-20", "+21", "-21", "+22", "-22", "+23", "-23", "+24", "-24", "+25", "-25", "+26", "-26", "+27", "-27", "+28", "-28", "+29", "-29", "+30", "-30", "+31", "-31", "+32", "-32", "+33", "-33", "+34", "-34", "+35", "-35", "+36", "-36", "+37", "-37", "+38", "-38", "+39", "-39", "+40", "-40", "+41", "-41", "+42", "-42", "+43", "-43", "+44", "-44", "+45", "-45", "+46", "-46", "+47", "-47", "+48", "-48", "+49", "-49", "+50", "-50", "+51", "-51", "+52", "-52", "+53", "-53", "+54", "-54", "+55", "-55", "+56", "-56", "+57", "-57", "+58", "-58", "+59", "-59", "+60", "-60", "+61", "-61", "+62", "-62", "+63", "-63", "+64", "-64", "+65", "-65", "+66", "-66", "+67", "-67", "+68", "-68", "+69", "-69", "+70", "-70", "+71", "-71", "+72", "-72", "+73", "-73", "+74", "-74", "+75", "-75", "+76", "-76", "+77", "-77", "+78", "-78", "+79", "-79", "+80", "-80", "+81", "-81"],
    "precedence": {
        "+0": "-0",
        "+1": "-1",
        "+2": "-2",
        "+3": "-3",
        "+4": "-4",
        "+5": "-5",
        "+6": "-6",
        "+7": "-7",
        "+8": "-8",
        "+9": "-9",
        "+10": "-10",
        "+11": "-11",
        "+12": "-12",
        "+13": "-13",
        "+14": "-14",
        "+15": "-15",
        "+16": "-16",
        "+17": "-17",
        "+18": "-18",
        "+19": "-19",
        "+20": "-20",
        "+21": "-21",
        "+22": "-22",
        "+23": "-23",
        "+24": "-24",
        "+25": "-25",
        "+26": "-26",
        "+27": "-27",
        "+28": "-28",
        "+29": "-29",
        "+30": "-30",
        "+31": "-31",
        "+32": "-32",
        "+33": "-33",
        "+34": "-34",
        "+35": "-35",
        "+36": "-36",
        "+37": "-37",
        "+38": "-38",
        "+39": "-39",
        "+40": "-40",
        "+41": "-41",
        "+42": "-42",
        "+43": "-43",
        "+44": "-44",
        "+45": "-45",
        "+46": "-46",
        "+47": "-47",
        "+48": "-48",
        "+49": "-49",
        "+50": "-50",
        "+51": "-51",
        "+52": "-52",
        "+53": "-53",
        "+54": "-54",
        "+55": "-55",
        "+56": "-56",
        "+57": "-57",
        "+58": "-58",
        "+59": "-59",
        "+60": "-60",
        "+61": "-61",
        "+62": "-62",
        "+63": "-63",
        "+64": "-64",
        "+65": "-65",
        "+66": "-66",
        "+67": "-67",
        "+68": "-68",
        "+69": "-69",
        "+70": "-70",
        "+71": "-71",
        "+72": "-72",
        "+73": "-73",
        "+74": "-74",
        "+75": "-75",
        "+76": "-76",
        "+77": "-77",
        "+78": "-78",
        "+79": "-79",
        "+80": "-80",
        "+81": "-81"
    },
    "edges": [
        [    0,    0,  847,  733,  346,  880,  734,  824,  161,  432,  958,  650,  347,  199,  432,  206,  443,  375,  974,  892,  404,  216,  339,  660,  784,  194,   84,  608,  463,  929,  353,  425,  793,  459,   87,  801,  350,  754,  869,  494,  917,  335,  416, 1014,  596,  237,  946,  924,  351,  554,  651,  471,  899,  186,  941,  520,  596,  948,  871,  914,  667,  144,  944,  322,  577,  683,  359,  380,  449,  991,  505,   85,  326,  493,  112,  716,  665,  710,  928,  687,  529,  398,  240,  436,  958,  408,  265,   89,  359,  603,  360,  535,  131,  529,  877,  414,  450,  277,  363,  185,  399,  126,  446,  107,  722,  922, 1009,  157,  893,  910,  753,  796,  350,  233,  960,  350,  302,  754,  499,  572,  789,  808,  748,  365,  569,  832,  719,  726,   27,  654,  296,  767,  869,  506,  528,  407,  681,  535,  555,  328,  553,  900,  938,  513,  946,  418,  789,  710,  741,  235,  820,  868,  443,  455,  619,  727,  568,  230,  556,  911,  411,  475,  941,  549],
        [    0,    0,    0,    0,    0,    0,    0,    0,    0,    0,    0,    0,    0,    0,    0,    0,    0,    0,    0,    0,    0,    0,    0,    0,    0,    0,    0,    0,    0,    0,    0,    0,    0,    0,    0,    0,    0,    0,    0,    0,    0,    0,    0,    0,    0,    0,    0,    0,    0,    0,    0,    0,    0,    0,    0,    0,    0,    0,    0,    0,    0,    0,    0,    0,    0,    0,    0,    0,    0,    0,    0,    0,    0,    0,    0,    0,    0,    0,    0,    0,    0,    0,    0,    0,    0,    0,    0,    0,    0,    0,    0,    0,    0,    0,    0,    0,    0,    0,    0,    0,    0,    0,    0,    0,    0,    0,    0,    0,    0,    0,    0,    0,    0,    0,    0,    0,    0,    0,    0,    0,    0,    0,    0,    0,    0,    0,    0,    0,    0,    0,    0,    0,    0,    0,    0,    0,    0,    0,    0,    0,    0,    0,    0,    0,    0,    0,    0,    0,    0,    0,    0,    0,    0,    0,    0,    0,    0,    0,    0,    0,    0,    0,    0,    0],
        [  847,    0,    0,  473,  744,  601,  536,  227,  840,  589,  535,  744,  906,  680,  428,  790,  578,  473,  337,  178,  713,  764,  870,  402,  394,  699,  790,  410,  508,  368,  740,  889,  159,  735,  863,  340,  891,  158,  316,  509,  219,  523,  432,  414,  318,  673,  356,  410,  504,  574,  340,  722,   77,  711,  106,  550,  431,  329,  592,  141,  237,  901,  213,  561,  896,  452,  873,  475,  819,  558,  356,  811,  868,  358,  735,  189,  282,  149,  206,  167,  638,  828,  629,  616,  112,  511,  722,  841,  556,  308,  630,  982,  768,  523,  386,  463,  705,  741,  747,  742,  883,  835,  609,  856,  344,  107,  345,  729,  357,   64,  420,  172,  751,  699,  224,  503,  652,  439,  515,  957,  107,  242,  334,  662,  281,   39,  264,  417,  865,  412,  552,  340,  248,  616,  573,  443,  315,  830,  873,  540,  385,   63,  318,  374,  162,  547,  314,  355,  322,  853,  519,  571,  416,  551,  406,  536,  585,  656,  703,  130,  609,  705,  111,  318],
        [  733,    0,  473,    0,  837,  984,  869,  656,  817,  743,  960,  994,  964,  667,  516,  798,  740,  468,  800,  354,  842,  780,  569,  107,   98,  690,  722,  687,  273,  249,  447,  992,  316,  891,  700,  740,  585,  320,  223,  704,  344,  443,  463,  875,  249,  498,  274,  847,  439,  203,  647,  363,  549,  700,  488,  221,  151,  787,  974,  613,  278,  707,  378,  612, 1072,   55,  947,  423,  952,  988,  497,  747,  926,  391,  641,  542,  598,  472,  366,  378,  848,  498,  503,  773,  524,  632,  769,  679,  379,  255,  382, 1110,  608,  206,  184,  562,  361,  794,  447,  559,  975,  653,  304,  799,  700,  453,  813,  577,  793,  512,  783,  592,  457,  506,  695,  447,  718,  800,  234, 1112,  368,  244,  706,  391,  441,  496,  624,   58,  738,  719,  506,  139,  693,  815,  222,  430,  176, 1004, 1045,  581,  231,  473,  775,  549,  635,  316,  171,  703,  152,  608,  895,  956,  381,  280,  142,  866,  198,  662,  916,  603,  750,  347,  479,  503],
        [  346,    0,  744,  837,    0,  569,  434,  632,  204,  163,  670,  306,  164,  206,  345,  143,  176,  370,  750,  853,   64,  131,  650,  737,  849,  190,  267,  377,  587,  959,  609,  158,  758,  114,  428,  567,  666,  715,  891,  250,  889,  402,  383,  770,  617,  445,  967,  669,  402,  717,  443,  708,  770,  188,  849,  672,  686,  723,  562,  758,  654,  487,  907,  226,  257,  783,  129,  415,  124,  700,  402,  261,  128,  469,  312,  567,  484,  596,  892,  621,  205,  686,  392,  145,  853,  238,   90,  420,  494,  618,  553,  273,  410,  667,  925,  300,  682,   70,  622,  446,  145,  451,  630,  259,  495,  842,  787,  399,  654,  800,  492,  629,  612,  464,  777,  393,  120,  486,  631,  280,  729,  808,  521,  579,  484,  716,  529,  806,  371,  409,  339,  811,  668,  194,  692,  409,  716,  201,  231,  258,  610,  806,  717,  373,  787,  560,  821,  480,  779,  554,  527,  564,  459,  605,  697,  428,  735,  194,  215,  759,  140,  704,  853,  431],
        [  880,    0,  601,  984,  569,    0,  149,  375,  767,  449,  135,  322,  696,  687,  556,  702,  438,  647,  348,  777,  506,  682, 1102,  882,  936,  687,  797,  324,  854,  959, 1009,  624,  726,  473,  947,  262, 1122,  697,  899,  397,  818,  724,  616,  312,  742,  861,  951,  230,  708,  980,  341, 1062,  564,  694,  680,  937,  870,  333,   11,  505,  709, 1005,  813,  585,  522,  941,  655,  695,  542,  153,  525,  802,  674,  634,  801,  451,  387,  523,  806,  613,  365, 1105,  794,  446,  659,  498,  625,  932,  820,  734,  909,  647,  890,  917,  962,  534, 1036,  622, 1022,  900,  637,  951,  947,  817,  285,  699,  378,  861,  266,  618,  202,  431, 1017,  889,  458,  698,  579,  185,  889,  592,  669,  811,  281,  945,  552,  563,  364,  931,  906,  280,  694,  881,  366,  380,  964,  658,  810,  488,  514,  597,  785,  651,  336,  477,  514,  861,  868,  282,  852, 1030,   90,   30,  683,  894,  860,  156,  997,  657,  372,  514,  470, 1050,  691,  500],
        [  734,    0,  536,  869,  434,  149,    0,  327,  626,  303,  237,  243,  573,  539,  413,  561,  292,  504,  369,  704,  372,  540,  954,  765,  832,  540,  651,  188,  718,  874,  863,  510,  638,  349,  799,  214,  974,  605,  810,  248,  746,  580,  474,  363,  622,  713,  870,  262,  564,  848,  224,  920,  517,  548,  629,  803,  746,  346,  140,  470,  600,  857,  747,  437,  436,  823,  532,  553,  427,  267,  391,  657,  547,  502,  653,  361,  280,  430,  737,  512,  232,  958,  646,  303,  614,  350,  482,  784,  677,  615,  766,  554,  741,  785,  869,  388,  894,  482,  876,  752,  519,  802,  807,  674,  193,  640,  405,  712,  269,  567,  121,  367,  871,  741,  447,  554,  433,  102,  755,  507,  585,  720,  203,  801,  430,  498,  276,  818,  759,  151,  547,  778,  338,  241,  830,  517,  699,  389,  423,  449,  659,  593,  344,  340,  488,  722,  769,  183,  747,  882,   94,  135,  546,  757,  739,    7,  865,  509,  258,  477,  324,  909,  639,  372],
        [  824,    0,  227,  656,  632,  375,  327,    0,  775,  469,  313,  556,  794,  633,  397,  715,  457,  476,  165,  404,  587,  689,  933,  565,  592,  646,  752,  257,  605,  591,  814,  758,  365,  592,  862,  118,  955,  344,  535,  383,  445,  547,  432,  230,  442,  705,  581,  192,  527,  706,  190,  828,  192,  657,  308,  671,  573,  143,  367,  145,  383,  911,  439,  506,  730,  623,  756,  502,  679,  338,  328,  768,  759,  397,  718,  131,  160,  189,  432,  282,  480,  909,  647,  490,  289,  429,  637,  842,  615,  432,  702,  833,  777,  647,  602,  410,  806,  650,  824,  765,  758,  846,  709,  804,  150,  324,  193,  740,  138,  245,  207,   65,  824,  734,  145,  521,  568,  226,  627,  798,  307,  452,  130,  738,  296,  190,  107,  599,  846,  236,  551,  535,   48,  466,  697,  462,  482,  671,  711,  496,  501,  276,  132,  312,  166,  630,  516,  165,  510,  891,  296,  346,  460,  650,  554,  328,  720,  604,  536,  151,  493,  813,  318,  284],
        [  161,    0,  840,  817,  204,  767,  626,  775,    0,  330,  860,  508,  187,  165,  413,   66,  342,  389,  910,  916,  267,   89,  496,  730,  852,  144,  108,  534,  546,  985,  491,  264,  816,  316,  248,  730,  508,  775,  920,  408,  946,  380,  421,  941,  639,  345,  998,  844,  391,  658,  589,  604,  881,  131,  941,  618,  670,  884,  759,  884,  696,  304,  970,  280,  418,  764,  199,  415,  293,  891,  485,   87,  165,  509,  187,  685,  617,  694,  954,  693,  404,  549,  318,  325,  952,  347,  146,  248,  441,  643,  470,  375,  267,  622,  939,  380,  581,  145,  502,  316,  238,  284,  556,   59,  653,  927,  947,  274,  821,  902,  668,  758,  490,  352,  917,  385,  209,  665,  588,  411,  800,  848,  679,  484,  561,  819,  668,  799,  184,  574,  323,  825,  816,  388,  632,  428,  733,  380,  397,  301,  610,  898,  876,  476,  915,  507,  843,  639,  796,  393,  718,  759,  474,  550,  688,  620,  675,  185,  418,  883,  306,  605,  943,  525],
        [  432,    0,  589,  743,  163,  449,  303,  469,  330,    0,  532,  272,  326,  240,  228,  265,   14,  287,  590,  711,  124,  241,  678,  638,  739,  239,  348,  215,  521,  833,  606,  301,  619,  155,  500,  407,  696,  576,  764,   87,  748,  346,  282,  615,  505,  444,  838,  516,  338,  657,  280,  686,  610,  246,  694,  610,  597,  564,  440,  596,  526,  559,  763,  163,  333,  690,  289,  340,  233,  564,  266,  354,  290,  355,  357,  408,  323,  442,  749,  478,  120,  696,  380,   31,  696,  111,  184,  486,  448,  503,  525,  398,  450,  600,  806,  181,  659,  189,  619,  470,  296,  507,  588,  374,  333,  690,  628,  426,  496,  643,  339,  467,  612,  469,  614,  327,  130,  336,  565,  383,  584,  678,  360,  557,  346,  559,  366,  705,  458,  250,  293,  696,  506,   89,  634,  319,  602,  265,  307,  189,  512,  651,  556,  226,  625,  507,  700,  318,  663,  595,  391,  437,  365,  550,  601,  296,  675,  211,  180,  597,   25,  678,  700,  286],
        [  958,    0,  535,  960,  670,  135,  237,  313,  860,  532,    0,  451,  809,  760,  590,  794,  520,  683,  236,  712,  609,  772, 1149,  863,  901,  764,  876,  362,  867,  902, 1045,  742,  677,  584, 1018,  221, 1169,  654,  847,  465,  752,  760,  645,  185,  730,  908,  891,  128,  742,  984,  351, 1084,  485,  773,  600,  944,  862,  227,  136,  419,  683, 1074,  742,  647,  651,  922,  767,  724,  659,   34,  545,  884,  783,  645,  870,  418,  380,  489,  737,  583,  469, 1142,  842,  536,  574,  558,  715, 1001,  849,  721,  939,  774,  951,  922,  914,  579, 1059,  716, 1057,  955,  753, 1016,  965,  905,  279,  623,  259,  919,  179,  540,  214,  376, 1054,  937,  358,  733,  660,  208,  897,  722,  619,  764,  263,  976,  552,  499,  341,  904,  984,  314,  740,  845,  288,  477,  970,  685,  784,  612,  641,  653,  782,  577,  234,  504,  422,  881,  827,  283,  818, 1086,  144,  122,  701,  909,  847,  243, 1000,  730,  488,  429,  555, 1070,  612,  511],
        [  650,    0,  744,  994,  306,  322,  243,  556,  508,  272,  451,    0,  394,  485,  483,  449,  270,  555,  611,  897,  247,  435,  936,  888,  977,  476,  569,  339,  789, 1048,  874,  312,  818,  193,  730,  450,  953,  779,  981,  290,  938,  617,  543,  601,  748,  710, 1049,  502,  608,  925,  406,  957,  738,  479,  844,  878,  853,  588,  318,  700,  750,  790,  945,  434,  201,  943,  355,  608,  237,  473,  498,  566,  380,  604,  602,  557,  465,  615,  933,  680,  153,  961,  647,  248,  834,  375,  386,  721,  719,  744,  796,  325,  700,  866, 1031,  441,  930,  374,  887,  727,  329,  748,  859,  565,  409,  850,  647,  682,  511,  784,  356,  585,  879,  734,  685,  597,  371,  339,  831,  272,  772,  890,  427,  828,  565,  708,  482,  950,  676,  333,  564,  928,  573,  186,  902,  583,  838,  168,  192,  460,  766,  805,  586,  448,  721,  777,  927,  395,  896,  846,  322,  330,  626,  819,  854,  240,  943,  462,   98,  705,  277,  949,  852,  501],
        [  347,    0,  906,  964,  164,  696,  573,  794,  187,  326,  809,  394,    0,  299,  497,  172,  339,  506,  907, 1010,  210,  186,  683,  869,  986,  276,  292,  538,  700, 1105,  673,   92,  913,  225,  433,  725,  695,  870, 1038,  412, 1044,  521,  526,  922,  759,  520, 1115,  821,  526,  823,  606,  784,  933,  268, 1011,  780,  813,  881,  690,  921,  803,  486, 1063,  368,  253,  909,   42,  544,  158,  837,  560,  273,   40,  615,  365,  730,  648,  758, 1048,  778,  343,  735,  482,  305, 1015,  397,  199,  434,  599,  761,  641,  189,  452,  779, 1067,  454,  760,  175,  685,  499,   68,  470,  725,  241,  654, 1003,  945,  456,  809,  963,  645,  793,  673,  532,  939,  518,  262,  637,  744,  231,  886,  958,  680,  660,  641,  879,  691,  938,  367,  568,  458,  952,  829,  342,  796,  546,  857,  235,  238,  398,  743,  967,  875,  533,  950,  667,  965,  639,  921,  580,  667,  695,  596,  711,  828,  568,  839,  302,  325,  923,  303,  783, 1015,  591],
        [  199,    0,  680,  667,  206,  687,  539,  633,  165,  240,  760,  485,  299,    0,  253,  132,  250,  225,  778,  752,  246,  114,  452,  575,  695,   24,  121,  410,  402,  823,  404,  342,  652,  306,  261,  603,  469,  611,  758,  296,  782,  225,  257,  817,  477,  240,  836,  725,  232,  525,  455,  504,  725,   35,  780,  482,  517,  752,  677,  732,  532,  320,  805,  127,  463,  613,  287,  254,  329,  793,  327,  136,  262,  344,  119,  533,  473,  536,  790,  530,  348,  483,  189,  250,  792,  210,  118,  246,  301,  480,  351,  463,  215,  481,  780,  226,  478,  143,  417,  244,  320,  268,  432,  177,  524,  765,  814,  198,  695,  742,  554,  609,  407,  259,  771,  225,  115,  555,  446,  480,  637,  684,  550,  375,  400,  661,  526,  645,  224,  455,  163,  666,  676,  321,  499,  264,  572,  406,  437,  142,  452,  737,  743,  324,  763,  369,  681,  512,  636,  362,  623,  673,  311,  414,  533,  532,  543,   31,  388,  730,  222,  500,  782,  369],
        [  432,    0,  428,  516,  345,  556,  413,  397,  413,  228,  590,  483,  497,  253,    0,  364,  224,   93,  554,  514,  336,  339,  559,  411,  513,  271,  367,  233,  312,  615,  456,  501,  416,  379,  466,  395,  580,  373,  547,  195,  548,  171,   63,  604,  279,  320,  623,  525,  154,  447,  244,  508,  473,  283,  529,  401,  371,  529,  545,  483,  309,  514,  568,  135,  559,  463,  470,  140,  448,  624,   75,  386,  458,  128,  323,  285,  242,  284,  552,  284,  334,  553,  257,  258,  540,  118,  303,  445,  265,  278,  354,  612,  381,  386,  583,   48,  482,  324,  468,  374,  489,  450,  396,  429,  320,  516,  587,  345,  485,  490,  377,  365,  464,  349,  529,  144,  235,  386,  353,  605,  393,  463,  342,  390,  149,  408,  296,  477,  453,  280,  156,  471,  443,  301,  426,  106,  376,  491,  533,  112,  286,  486,  519,   90,  515,  310,  478,  312,  439,  503,  474,  534,  144,  348,  375,  408,  465,  228,  401,  480,  236,  496,  532,  118],
        [  206,    0,  790,  798,  143,  702,  561,  715,   66,  265,  794,  449,  172,  132,  364,    0,  278,  352,  848,  874,  205,   27,  527,  707,  826,  109,  132,  471,  532,  953,  505,  232,  775,  256,  290,  667,  541,  733,  887,  344,  906,  356,  380,  877,  606,  349,  965,  780,  364,  652,  528,  614,  828,   99,  892,  609,  649,  821,  694,  827,  658,  349,  928,  230,  375,  744,  169,  385,  244,  826,  435,  122,  139,  469,  196,  629,  558,  643,  912,  647,  340,  572,  310,  259,  902,  289,   81,  286,  429,  609,  470,  350,  289,  610,  911,  328,  589,   80,  517,  332,  207,  319,  553,  117,  590,  880,  885,  288,  758,  851,  603,  701,  506,  362,  858,  356,  147,  600,  575,  378,  756,  812,  617,  489,  513,  767,  608,  776,  231,  511,  295,  796,  755,  323,  625,  393,  702,  330,  352,  255,  583,  849,  814,  421,  858,  497,  812,  576,  766,  426,  652,  694,  441,  541,  665,  555,  668,  144,  357,  827,  241,  613,  895,  473],
        [  443,    0,  578,  740,  176,  438,  292,  457,  342,   14,  520,  270,  339,  250,  224,  278,    0,  287,  577,  702,  135,  254,  685,  635,  734,  249,  360,  202,  521,  826,  611,  312,  610,  162,  510,  394,  704,  568,  757,   74,  740,  348,  279,  602,  500,  450,  831,  503,  339,  657,  268,  689,  599,  257,  683,  610,  594,  550,  429,  584,  520,  569,  754,  168,  340,  687,  301,  340,  242,  552,  259,  366,  303,  351,  366,  396,  311,  432,  740,  470,  118,  701,  385,   39,  685,  109,  197,  495,  450,  498,  529,  408,  459,  599,  800,  178,  662,  202,  624,  477,  307,  516,  590,  386,  320,  680,  614,  434,  483,  632,  326,  455,  617,  476,  601,  328,  142,  323,  564,  391,  575,  670,  346,  561,  338,  548,  353,  700,  469,  236,  297,  690,  493,   85,  634,  318,  596,  271,  314,  192,  509,  641,  543,  218,  612,  508,  694,  305,  657,  603,  379,  426,  363,  550,  598,  285,  675,  221,  180,  585,   38,  681,  689,  277],
        [  375,    0,  473,  468,  370,  647,  504,  476,  389,  287,  683,  555,  506,  225,   93,  352,  287,    0,  636,  529,  376,  330,  468,  368,  481,  247,  322,  325,  235,  602,  364,  526,  429,  427,  395,  484,  489,  388,  536,  275,  558,   78,   45,  690,  255,  232,  613,  614,   61,  371,  335,  418,  527,  259,  567,  324,  318,  612,  637,  547,  308,  439,  582,  145,  607,  414,  484,   54,  485,  716,  149,  344,  466,  122,  263,  355,  326,  338,  567,  313,  403,  460,  171,  315,  584,  180,  308,  373,  174,  258,  262,  643,  305,  313,  562,  119,  392,  332,  376,  290,  510,  373,  309,  392,  410,  549,  668,  266,  572,  536,  469,  437,  372,  261,  601,   52,  251,  478,  278,  644,  418,  460,  432,  298,  197,  459,  380,  437,  393,  373,   80,  447,  523,  369,  348,   41,  352,  540,  580,  113,  240,  526,  602,  180,  579,  225,  461,  403,  416,  417,  567,  626,   91,  266,  328,  498,  389,  209,  466,  543,  289,  407,  568,  192],
        [  974,    0,  337,  800,  750,  348,  369,  165,  910,  590,  236,  611,  907,  778,  554,  848,  577,  636,    0,  507,  697,  823, 1097,  716,  727,  789,  899,  378,  768,  700,  978,  858,  493,  691, 1017,  183, 1118,  481,  653,  506,  545,  709,  593,   77,  600,  867,  686,  119,  689,  866,  324,  992,  273,  800,  381,  832,  729,   27,  344,  203,  535, 1067,  529,  653,  803,  771,  867,  665,  775,  247,  488,  913,  874,  561,  871,  295,  313,  348,  527,  435,  572, 1074,  807,  605,  351,  570,  768,  997,  779,  589,  866,  917,  935,  807,  722,  562,  970,  777,  988,  926,  862, 1003,  872,  945,  258,  409,   39,  898,  101,  326,  266,  220,  988,  896,  128,  683,  702,  278,  789,  873,  436,  578,  232,  902,  460,  308,  258,  743,  997,  341,  709,  672,  118,  567,  858,  625,  630,  751,  787,  647,  662,  366,   36,  466,  196,  794,  649,  273,  650, 1053,  298,  323,  624,  813,  709,  372,  879,  748,  616,  214,  614,  976,  393,  445],
        [  892,    0,  178,  354,  853,  777,  704,  404,  916,  711,  712,  897, 1010,  752,  514,  874,  702,  529,  507,    0,  832,  850,  845,  317,  260,  773,  848,  559,  481,  194,  713, 1006,  100,  863,  891,  516,  865,  142,  153,  639,   43,  558,  496,  583,  302,  687,  180,  586,  541,  505,  494,  668,  235,  785,  141,  494,  368,  502,  768,  305,  226,  920,   54,  647, 1033,  351,  981,  513,  943,  734,  452,  871,  970,  408,  782,  344,  434,  282,   39,  233,  778,  790,  657,  740,  178,  617,  816,  868,  558,  294,  613, 1108,  793,  468,  223,  556,  656,  838,  718,  757,  997,  855,  568,  921,  511,  106,  509,  754,  534,  184,  591,  346,  724,  708,  385,  544,  748,  610,  472, 1090,  128,  115,  505,  639,  370,  215,  429,  303,  906,  569,  602,  217,  424,  752,  511,  491,  244,  966, 1009,  620,  359,  143,  492,  485,  316,  527,  184,  521,  215,  850,  693,  747,  451,  517,  339,  702,  510,  733,  846,  294,  727,  650,  130,  425],
        [  404,    0,  713,  842,   64,  506,  372,  587,  267,  124,  609,  247,  210,  246,  336,  205,  135,  376,  697,  832,    0,  189,  697,  740,  847,  234,  323,  330,  602,  949,  647,  177,  739,   60,  483,  515,  713,  697,  880,  207,  870,  419,  381,  714,  613,  482,  955,  613,  416,  736,  399,  740,  733,  235,  818,  690,  693,  671,  499,  717,  642,  543,  885,  233,  232,  788,  171,  425,  113,  638,  384,  320,  179,  463,  359,  531,  445,  566,  871,  600,  142,  728,  424,   98,  819,  220,  140,  475,  516,  613,  582,  278,  458,  683,  918,  288,  714,  127,  660,  490,  173,  503,  655,  321,  445,  814,  735,  444,  600,  767,  436,  589,  650,  503,  731,  406,  140,  429,  647,  270,  706,  795,  470,  610,  465,  683,  485,  808,  430,  358,  358,  806,  620,  134,  711,  413,  711,  167,  205,  265,  612,  775,  665,  348,  745,  581,  813,  430,  774,  604,  466,  501,  462,  625,  701,  366,  754,  228,  153,  719,  106,  735,  823,  408],
        [  216,    0,  764,  780,  131,  682,  540,  689,   89,  241,  772,  435,  186,  114,  339,   27,  254,  330,  823,  850,  189,    0,  527,  687,  806,   90,  137,  446,  515,  931,  499,  237,  751,  243,  298,  642,  542,  709,  865,  319,  882,  337,  357,  852,  584,  340,  942,  755,  344,  637,  502,  606,  802,   82,  867,  594,  630,  796,  673,  801,  635,  357,  904,  205,  373,  726,  178,  364,  241,  803,  409,  131,  150,  446,  192,  603,  532,  617,  888,  622,  321,  569,  297,  237,  876,  263,   58,  291,  414,  587,  458,  357,  288,  594,  890,  302,  580,   63,  511,  328,  213,  323,  541,  136,  565,  855,  860,  283,  733,  825,  579,  675,  500,  354,  832,  336,  122,  576,  559,  381,  731,  788,  591,  479,  488,  741,  582,  757,  241,  486,  275,  775,  730,  303,  611,  370,  681,  325,  349,  230,  563,  823,  788,  395,  832,  481,  790,  551,  745,  428,  630,  673,  419,  526,  645,  533,  654,  121,  342,  801,  218,  603,  870,  447],
        [  339,    0,  870,  569,  650, 1102,  954,  933,  496,  678, 1149,  936,  683,  452,  559,  527,  685,  468, 1097,  845,  697,  527,    0,  542,  651,  464,  396,  788,  367,  810,  133,  757,  760,  756,  257,  952,   22,  733,  766,  708,  855,  392,  509, 1155,  557,  242,  833, 1081,  411,  367,  803,  213,  939,  463,  939,  360,  481, 1073, 1092,  977,  641,  219,  889,  522,  900,  535,  692,  433,  767, 1182,  614,  411,  659,  538,  339,  805,  791,  768,  873,  706,  794,   82,  309,  694,  967,  605,  561,  251,  321,  567,  240,  870,  241,  383,  747,  572,  209,  581,  128,  210,  731,  214,  279,  445,  878,  911, 1126,  255, 1038,  930,  935,  885,  122,  214, 1043,  418,  565,  942,  374,  904,  780,  737,  900,  209,  639,  870,  843,  588,  323,  836,  410,  659,  980,  765,  351,  473,  603,  850,  876,  506,  492,  906, 1062,  648, 1008,  325,  690,  870,  645,  105, 1026, 1084,  475,  329,  511,  948,  372,  474,  839,  971,  665,  226,  935,  654],
        [  660,    0,  402,  107,  737,  882,  765,  565,  730,  638,  863,  888,  869,  575,  411,  707,  635,  368,  716,  317,  740,  687,  542,    0,  124,  599,  640,  581,  200,  276,  412,  893,  253,  787,  637,  643,  560,  245,  226,  598,  319,  351,  359,  789,  144,  429,  296,  754,  344,  189,  544,  353,  479,  609,  436,  183,   66,  700,  872,  538,  183,  652,  354,  512,  968,   60,  850,  325,  851,  893,  391,  665,  830,  285,  561,  446,  496,  378,  339,  284,  742,  480,  423,  669,  470,  528,  673,  615,  302,  150,  327, 1010,  541,  159,  219,  458,  343,  698,  415,  495,  877,  593,  264,  717,  599,  403,  732,  507,  700,  449,  681,  502,  423,  442,  619,  352,  619,  697,  174, 1010,  296,  203,  607,  344,  336,  419,  525,   70,  668,  614,  413,  118,  605,  710,  197,  329,   88,  900,  942,  480,  128,  414,  689,  442,  563,  248,  149,  601,  105,  564,  793,  855,  279,  222,   43,  761,  194,  568,  810,  528,  646,  335,  429,  397],
        [  784,    0,  394,   98,  849,  936,  832,  592,  852,  739,  901,  977,  986,  695,  513,  826,  734,  481,  727,  260,  847,  806,  651,  124,    0,  718,  763,  655,  323,  160,  524, 1006,  235,  891,  759,  685,  668,  249,  126,  691,  247,  472,  467,  804,  235,  552,  183,  784,  463,  285,  608,  450,  468,  729,  397,  293,  189,  716,  927,  534,  232,  773,  281,  624, 1072,  117,  965,  442,  959,  928,  480,  788,  947,  385,  684,  488,  554,  416,  270,  324,  836,  583,  546,  770,  434,  630,  788,  737,  425,  236,  446, 1120,  664,  273,   98,  560,  445,  813,  525,  617,  990,  714,  377,  840,  653,  362,  738,  630,  729,  426,  737,  528,  535,  565,  617,  470,  731,  754,  293, 1117,  291,  155,  656,  461,  413,  421,  573,   64,  791,  683,  532,   57,  625,  805,  301,  441,  139, 1003, 1045,  592,  244,  387,  705,  530,  553,  371,   81,  657,   85,  681,  848,  908,  391,  342,  166,  829,  284,  685,  905,  524,  749,  433,  388,  477],
        [  194,    0,  699,  690,  190,  687,  540,  646,  144,  239,  764,  476,  276,   24,  271,  109,  249,  247,  789,  773,  234,   90,  464,  599,  718,    0,  113,  418,  425,  846,  421,  321,  673,  293,  262,  613,  480,  632,  781,  300,  804,  248,  278,  826,  500,  258,  859,  733,  255,  548,  465,  523,  742,   13,  799,  505,  541,  763,  678,  748,  554,  321,  827,  142,  445,  636,  265,  277,  311,  797,  344,  124,  240,  366,  126,  548,  486,  554,  811,  550,  343,  497,  210,  246,  811,  220,  101,  249,  324,  503,  372,  442,  225,  504,  803,  242,  497,  124,  434,  257,  299,  274,  453,  160,  534,  785,  825,  211,  705,  761,  561,  624,  423,  275,  786,  248,  110,  561,  469,  461,  658,  707,  560,  394,  419,  679,  539,  668,  220,  462,  186,  689,  689,  317,  522,  287,  595,  390,  420,  159,  475,  756,  754,  340,  779,  392,  704,  521,  659,  371,  626,  675,  334,  436,  557,  534,  565,   44,  379,  746,  220,  520,  801,  386],
        [   84,    0,  790,  722,  267,  797,  651,  752,  108,  348,  876,  569,  292,  121,  367,  132,  360,  322,  899,  848,  323,  137,  396,  640,  763,  113,    0,  530,  450,  902,  384,  362,  749,  379,  162,  723,  409,  708,  839,  412,  876,  297,  360,  937,  560,  240,  916,  845,  310,  556,  575,  497,  838,  104,  887,  517,  577,  873,  788,  848,  625,  221,  901,  247,  507,  670,  297,  337,  376,  909,  441,   26,  265,  443,   83,  650,  593,  649,  885,  634,  445,  444,  219,  353,  902,  330,  183,  155,  344,  565,  365,  477,  161,  523,  853,  344,  474,  197,  395,  209,  336,  187,  452,   78,  645,  870,  934,  167,  816,  853,  673,  727,  383,  246,  890,  307,  219,  673,  490,  509,  739,  772,  671,  378,  510,  773,  646,  707,  110,  574,  246,  740,  796,  423,  530,  358,  651,  461,  484,  258,  524,  845,  864,  443,  880,  408,  760,  632,  712,  294,  738,  785,  399,  450,  598,  644,  572,  151,  474,  846,  328,  498,  888,  484],
        [  608,    0,  410,  687,  377,  324,  188,  257,  534,  215,  362,  339,  538,  410,  233,  471,  202,  325,  378,  559,  330,  446,  788,  581,  655,  418,  530,    0,  532,  714,  688,  501,  481,  337,  662,  197,  809,  443,  647,  129,  600,  403,  292,  409,  438,  547,  712,  316,  386,  661,   73,  738,  416,  428,  513,  617,  560,  351,  314,  391,  424,  717,  607,  290,  488,  639,  499,  371,  424,  395,  204,  541,  503,  315,  513,  222,  129,  277,  595,  345,  231,  785,  481,  234,  508,  201,  391,  644,  497,  432,  586,  581,  591,  598,  701,  217,  712,  400,  701,  593,  501,  656,  623,  570,  120,  516,  415,  558,  288,  456,  149,  265,  697,  575,  401,  377,  325,  155,  568,  551,  434,  556,  146,  623,  246,  376,  159,  637,  633,   49,  379,  603,  292,  212,  643,  334,  519,  424,  466,  293,  473,  472,  344,  154,  418,  537,  598,  106,  572,  724,  242,  302,  360,  571,  553,  183,  678,  379,  294,  394,  239,  726,  520,  186],
        [  463,    0,  508,  273,  587,  854,  718,  605,  546,  521,  867,  789,  700,  402,  312,  532,  521,  235,  768,  481,  602,  515,  367,  200,  323,  425,  450,  532,    0,  474,  235,  737,  393,  656,  437,  651,  387,  366,  420,  506,  494,  185,  250,  834,  192,  230,  494,  776,  187,  137,  519,  224,  580,  434,  573,   90,  135,  748,  844,  625,  275,  453,  527,  370,  834,  221,  687,  182,  707,  899,  329,  475,  663,  222,  369,  475,  488,  424,  511,  349,  637,  321,  231,  549,  601,  414,  511,  415,  107,  202,  133,  857,  342,   81,  418,  350,  203,  536,  241,  295,  718,  393,  104,  527,  589,  544,  793,  308,  727,  567,  661,  549,  246,  243,  697,  197,  468,  674,   45,  866,  415,  377,  604,  159,  317,  512,  533,  263,  469,  575,  248,  313,  651,  603,  115,  208,  242,  769,  807,  339,  126,  540,  736,  378,  654,   49,  340,  585,  292,  372,  768,  830,  173,   45,  161,  713,  155,  401,  700,  617,  522,  208,  569,  357],
        [  929,    0,  368,  249,  959,  959,  874,  591,  985,  833,  902, 1048, 1105,  823,  615,  953,  826,  602,  700,  194,  949,  931,  810,  276,  160,  846,  902,  714,  474,    0,  682, 1116,  236,  988,  911,  699,  827,  272,   69,  773,  159,  606,  579,  777,  347,  702,   27,  777,  595,  444,  655,  608,  428,  858,  329,  451,  341,  695,  950,  499,  308,  927,  183,  738, 1165,  276, 1081,  571, 1061,  925,  568,  926, 1066,  491,  826,  514,  596,  445,  180,  369,  917,  742,  690,  864,  365,  729,  907,  888,  573,  345,  602, 1226,  814,  430,   66,  662,  604,  931,  684,  769, 1103,  867,  535,  978,  685,  296,  703,  778,  724,  377,  767,  531,  693,  717,  578,  600,  845,  786,  448, 1216,  291,  159,  682,  618,  490,  403,  601,  223,  938,  732,  663,  163,  615,  888,  460,  561,  252, 1096, 1139,  708,  378,  336,  685,  611,  510,  523,  143,  692,  190,  838,  873,  930,  513,  497,  314,  872,  442,  810,  986,  488,  846,  592,  317,  553],
        [  353,    0,  740,  447,  609, 1009,  863,  814,  491,  606, 1045,  874,  673,  404,  456,  505,  611,  364,  978,  713,  647,  499,  133,  412,  524,  421,  384,  688,  235,  682,    0,  735,  627,  706,  289,  841,  153,  601,  637,  623,  723,  286,  400, 1039,  425,  166,  705,  970,  303,  245,  695,  120,  810,  424,  807,  232,  350,  955,  999,  850,  509,  277,  757,  444,  866,  409,  674,  321,  731, 1078,  502,  405,  643,  417,  309,  684,  678,  643,  741,  577,  726,   98,  227,  627,  835,  520,  521,  274,  200,  435,  113,  854,  226,  254,  621,  476,  102,  544,   14,  175,  711,  238,  149,  449,  770,  778, 1005,  218,  924,  800,  832,  763,   12,  146,  919,  312,  509,  841,  242,  879,  649,  605,  790,   78,  519,  741,  729,  461,  346,  736,  319,  529,  861,  694,  225,  361,  471,  809,  840,  423,  360,  774,  944,  541,  881,  194,  560,  763,  514,  165,  929,  988,  355,  197,  380,  858,  253,  420,  778,  844,  598,  126,  803,  541],
        [  425,    0,  889,  992,  158,  624,  510,  758,  264,  301,  742,  312,   92,  342,  501,  232,  312,  526,  858, 1006,  177,  237,  757,  893, 1006,  321,  362,  501,  737, 1116,  735,    0,  912,  167,  512,  678,  770,  869, 1047,  383, 1043,  554,  540,  867,  774,  576, 1123,  765,  556,  865,  572,  842,  909,  316,  994,  821,  841,  832,  618,  891,  810,  567, 1059,  382,  162,  938,   66,  570,   84,  768,  556,  347,  100,  626,  427,  707,  620,  742, 1045,  773,  286,  803,  531,  274,  996,  391,  227,  511,  641,  775,  692,  121,  520,  818, 1082,  455,  816,  202,  748,  564,   27,  546,  773,  321,  612,  990,  896,  519,  758,  943,  593,  763,  736,  591,  901,  546,  275,  583,  782,  148,  880,  964,  637,  715,  638,  859,  659,  962,  447,  525,  490,  968,  789,  293,  839,  565,  873,  147,  146,  414,  766,  951,  827,  522,  918,  708,  978,  597,  936,  655,  602,  625,  616,  753,  853,  504,  883,  338,  254,  893,  281,  839, 1000,  582],
        [  793,    0,  159,  316,  758,  726,  638,  365,  816,  619,  677,  818,  913,  652,  416,  775,  610,  429,  493,  100,  739,  751,  760,  253,  235,  673,  749,  481,  393,  236,  627,  912,    0,  772,  794,  467,  780,   43,  174,  551,  132,  459,  396,  570,  207,  591,  233,  555,  442,  435,  420,  592,  234,  685,  185,  417,  293,  483,  717,  300,  128,  824,  154,  548,  945,  298,  884,  414,  850,  702,  356,  772,  873,  308,  682,  278,  361,  209,  138,  141,  693,  709,  559,  649,  218,  521,  718,  771,  463,  198,  524, 1016,  696,  391,  238,  459,  578,  740,  633,  661,  901,  759,  486,  821,  449,  153,  503,  657,  501,  198,  531,  302,  639,  613,  382,  444,  651,  550,  390, 1000,   59,   88,  447,  551,  275,  186,  366,  260,  807,  497,  503,  181,  394,  665,  438,  392,  168,  877,  920,  521,  269,  162,  472,  393,  320,  438,  156,  457,  164,  759,  639,  697,  351,  432,  265,  637,  443,  633,  761,  289,  634,  575,  179,  333],
        [  459,    0,  735,  891,  114,  473,  349,  592,  316,  155,  584,  193,  225,  306,  379,  256,  162,  427,  691,  863,   60,  243,  756,  787,  891,  293,  379,  337,  656,  988,  706,  167,  772,    0,  540,  511,  772,  730,  919,  226,  901,  474,  429,  701,  657,  541,  993,  599,  470,  791,  409,  799,  749,  294,  840,  744,  743,  665,  467,  728,  681,  600,  915,  287,  181,  837,  184,  477,   87,  612,  420,  374,  202,  507,  418,  549,  460,  590,  901,  632,  120,  787,  483,  124,  839,  262,  198,  532,  572,  656,  640,  248,  517,  736,  960,  332,  772,  182,  719,  549,  173,  561,  712,  372,  446,  838,  729,  503,  592,  786,  427,  601,  710,  562,  735,  459,  199,  417,  701,  229,  736,  832,  471,  669,  500,  703,  496,  855,  484,  358,  415,  849,  623,  127,  766,  462,  754,  114,  155,  318,  660,  797,  660,  380,  754,  636,  854,  431,  816,  662,  442,  471,  511,  680,  749,  343,  809,  287,  105,  730,  143,  793,  846,  439],
        [   87,    0,  863,  700,  428,  947,  799,  862,  248,  500, 1018,  730,  433,  261,  466,  290,  510,  395, 1017,  891,  483,  298,  257,  637,  759,  262,  162,  662,  437,  911,  289,  512,  794,  540,    0,  849,  266,  758,  854,  554,  912,  341,  439, 1062,  591,  209,  929,  975,  360,  510,  697,  409,  921,  256,  952,  481,  571,  992,  938,  941,  667,   61,  942,  373,  663,  653,  446,  389,  534, 1051,  537,  169,  412,  506,  149,  748,  705,  733,  926,  699,  603,  321,  237,  508,  972,  462,  344,   24,  340,  598,  319,  621,   99,  494,  855,  456,  390,  358,  298,  143,  485,   51,  402,  193,  771,  930, 1051,  138,  941,  927,  809,  828,  284,  195,  993,  361,  372,  811,  468,  659,  796,  800,  796,  316,  592,  852,  760,  699,   67,  709,  316,  748,  908,  579,  486,  422,  668,  620,  641,  372,  540,  912,  982,  552,  974,  389,  774,  760,  725,  153,  883,  933,  450,  421,  597,  792,  523,  290,  634,  938,  481,  414,  951,  581],
        [  801,    0,  340,  740,  567,  262,  214,  118,  730,  407,  221,  450,  725,  603,  395,  667,  394,  484,  183,  516,  515,  642,  952,  643,  685,  613,  723,  197,  651,  699,  841,  678,  467,  511,  849,    0,  973,  440,  639,  324,  557,  561,  443,  214,  509,  715,  690,  130,  542,  765,  153,  871,  309,  623,  424,  726,  641,  157,  253,  258,  463,  902,  553,  479,  633,  702,  685,  521,  596,  252,  339,  736,  692,  431,  701,  199,  164,  270,  545,  363,  394,  938,  652,  423,  406,  394,  587,  830,  642,  500,  732,  742,  772,  703,  704,  395,  847,  595,  852,  768,  681,  840,  751,  766,   79,  440,  221,  737,   93,  362,   95,  170,  850,  744,  235,  534,  522,  113,  679,  703,  410,  553,   54,  769,  335,  302,  120,  685,  825,  158,  551,  629,  124,  386,  752,  480,  564,  577,  616,  478,  562,  392,  151,  306,  275,  669,  613,   92,  601,  898,  179,  232,  490,  694,  626,  216,  780,  573,  442,  265,  432,  857,  435,  301],
        [  350,    0,  891,  585,  666, 1122,  974,  955,  508,  696, 1169,  953,  695,  469,  580,  541,  704,  489, 1118,  865,  713,  542,   22,  560,  668,  480,  409,  809,  387,  827,  153,  770,  780,  772,  266,  973,    0,  753,  784,  728,  874,  413,  530, 1176,  578,  263,  850, 1102,  432,  384,  824,  226,  960,  479,  959,  378,  500, 1095, 1112,  998,  661,  224,  908,  541,  915,  552,  705,  454,  782, 1203,  635,  424,  672,  560,  355,  827,  813,  790,  893,  727,  812,   92,  329,  713,  987,  625,  577,  262,  342,  588,  261,  882,  256,  402,  764,  592,  224,  596,  147,  228,  744,  225,  298,  456,  899,  931, 1147,  272, 1059,  951,  956,  907,  142,  234, 1065,  440,  583,  963,  394,  917,  801,  757,  921,  230,  660,  891,  865,  605,  332,  857,  430,  677, 1002,  783,  368,  495,  622,  865,  891,  526,  512,  926, 1084,  669, 1029,  345,  708,  891,  663,  116, 1047, 1104,  496,  349,  530,  968,  388,  492,  856,  992,  683,  241,  955,  676],
