{
    "name": "random-34-16926",
    "comment": "size=34 seed=16926",
    "nodes": ["+0", "-0", "+1", "-1", "+2", "-2", "+3", "-3", "+4", "-4", "+5", "-5", "+6", "-6", "+7", "-7", "+8", "-8", "+9", "-9", "+10", "-10", "+11", "-11", "+12", "-12", "+13", "-13", "+14", "-14", "+15", "-15", "+16", "-16", "+17", "-17", "+18", "-18", "+19", "-19", "+20", "-20", "+21", "-21", "+22", "-22", "+23", "-23", "+24", "-24", "+25", "-25", "+26", "-26", "+27", "-27", "+28", "-28", "+29", "-29", "+30", "-30", "+31", "-31", "+32", "-32", "+33", "-33", "+34", "-34"],
    "precedence": {
        "+0": "-0",
        "+1": "-1",
        "+2": "-2",
        "+3": "-3",
        "+4": "-4",
        "+5": "-5",
        "+6": "-6",
        "+7": "-7",
        "+8": "-8",
        "+9": "-9",
        "+10": "-10",
        "+11": "-11",
        "+12": "-12",
        "+13": "-13",
        "+14": "-14",
        "+15": "-15",
        "+16": "-16",
        "+17": "-17",
        "+18": "-18",
        "+19": "-19",
        "+20": "-20",
        "+21": "-21",
        "+22": "-22",
        "+23": "-23",
        "+24": "-24",
        "+25": "-25",
        "+26": "-26",
        "+27": "-27",
        "+28": "-28",
        "+29": "-29",
        "+30": "-30",
        "+31": "-31",
        "+32": "-32",
        "+33": "-33",
        "+34": "-34"
    },
    "edges": [
        [    0,    0,  281,  788,  658,  589,  108,  220,  642,  628,  725,  318,  345,  665,  326,  607,  378,  532,  213,  502,  315,  212,  463,  351,  669,  336,  363,  545,  309,  396,  762,  668,  196,  455,  353,   94,  540,  786,  289,  173,  416,  351,  480,  691,  782,  508,  533,  407,  741,  646,  367,  335,  508,  930,  201,  727,  549,  555,  392,  401,  205,  505,  254,  621,  520,  692,  789,  285,  403,  210],
        [    0,    0,  281,  788,  658,  589,  108,  220,  642,  628,  725,  318,  345,  665,  326,  607,  378,  532,  213,  502,  315,  212,  463,  351,  669,  336,  363,  545,  309,  396,  762,  668,  196,  455,  353,   94,  540,  786,  289,  173,  416,  351,  480,  691,  782,  508,  533,  407,  741,  646,  367,  335,  508,  930,  201,  727,  549,  555,  392,  401,  205,  505,  254,  621,  520,  692,  789,  285,  403,  210],
        [  281,  281,    0, 1063,  905,  588,  308,  350,  923,  908,  970,  531,   91,  835,  533,  824,  613,  554,  454,  780,  593,  318,  461,  131,  935,  221,  572,  746,  589,  121, 1037,  708,  367,  719,  589,  192,  801, 1010,  455,  218,  695,  124,  703,  796, 1010,  786,  641,  637,  998,  927,   96,  299,  713, 1184,  408,  948,  790,  830,  566,  653,  216,  756,  266,  871,  750,  928, 1023,  563,  666,  466],
        [  788,  788, 1063,    0,  594,  986,  814,  874,  211,  279,  274,  590, 1109,  604,  749,  438,  665,  926,  620,  388,  521,  806,  943, 1137,  159, 1020,  738,  510,  483, 1181,   29,  941,  735,  356,  514,  872,  517,  396,  691,  876,  433, 1138,  689,  795,  373,  383,  759,  674,  190,  182, 1153,  951,  749,  268,  681,  407,  616,  406,  818,  433,  897,  357,  982,  574,  664,  335,  342,  543,  547,  602],
        [  658,  658,  905,  594,    0, 1163,  599,  575,  394,  321,  772,  726,  986,  981,  384,  822,  294, 1097,  656,  280,  386,  821, 1061,  911,  620,  992,  347,  836,  468,  992,  570, 1189,  761,  579,  675,  747,  138,  900,  794,  825,  334,  916,  219, 1119,  881,  280, 1003,  272,  716,  428,  966,  974,  245,  858,  717,  876,  117,  219,  392,  625,  856,  657,  693,   40,  168,  799,  861,  411,  263,  622],
        [  589,  589,  588,  986, 1163,    0,  695,  802,  960,  991,  762,  448,  538,  456,  904,  570,  930,   67,  508,  918,  778,  378,  131,  716,  828,  369,  936,  484,  699,  667,  972,  138,  416,  667,  516,  551, 1027,  721,  370,  439,  841,  709, 1033,  302,  734,  921,  234,  960,  832,  943,  656,  293, 1074,  965,  451,  664, 1074,  988,  977,  591,  416,  635,  790, 1123, 1063,  696,  762,  755,  904,  542],
        [  108,  108,  308,  814,  599,  695,    0,  114,  647,  622,  785,  409,  388,  759,  237,  686,  308,  639,  297,  488,  306,  319,  568,  337,  711,  419,  277,  632,  333,  404,  787,  776,  302,  506,  431,  163,  494,  859,  392,  268,  407,  340,  403,  796,  852,  494,  638,  333,  791,  657,  376,  432,  422,  982,  300,  802,  485,  530,  293,  464,  298,  567,  176,  564,  448,  760,  856,  278,  362,  284],
        [  220,  220,  350,  874,  575,  802,  114,    0,  692,  656,  873,  518,  439,  869,  192,  788,  286,  748,  405,  519,  354,  429,  674,  336,  785,  503,  231,  738,  406,  421,  846,  887,  415,  591,  533,  256,  491,  955,  505,  368,  449,  342,  363,  909,  947,  525,  751,  304,  871,  707,  396,  530,  365, 1061,  413,  900,  459,  549,  216,  559,  396,  659,  121,  544,  412,  853,  948,  333,  372,  388],
        [  642,  642,  923,  211,  394,  960,  647,  692,    0,   73,  390,  522,  981,  658,  550,  486,  461,  895,  514,  183,  343,  709,  892,  981,  235,  918,  536,  530,  336, 1036,  184,  944,  636,  294,  448,  733,  307,  522,  619,  760,  244,  983,  480,  829,  501,  178,  753,  468,  326,   35, 1008,  864,  539,  467,  581,  509,  407,  196,  614,  370,  786,  343,  806,  370,  454,  430,  478,  369,  344,  487],
        [  628,  628,  908,  279,  321,  991,  622,  656,   73,    0,  460,  546,  971,  714,  502,  544,  408,  925,  523,  137,  318,  717,  914,  958,  305,  922,  484,  580,  332, 1018,  253,  984,  645,  332,  476,  721,  240,  591,  638,  759,  216,  960,  417,  878,  570,  131,  792,  412,  398,  108,  990,  874,  475,  539,  591,  575,  338,  130,  560,  402,  786,  392,  773,  298,  388,  496,  548,  347,  294,  494],
        [  725,  725,  970,  274,  772,  762,  785,  873,  390,  460,    0,  444,  996,  341,  802,  193,  741,  708,  519,  507,  551,  671,  745, 1068,  156,  875,  804,  281,  472, 1091,  275,  696,  608,  282,  382,  791,  661,  132,  536,  760,  504, 1067,  800,  536,  111,  505,  529,  761,   85,  357, 1065,  791,  862,  219,  563,  134,  757,  556,  884,  324,  774,  220,  960,  742,  790,   69,   90,  561,  633,  516],
        [  318,  318,  531,  590,  726,  448,  409,  518,  522,  546,  444,    0,  552,  352,  537,  296,  530,  381,  114,  471,  349,  228,  370,  638,  440,  437,  560,  228,  259,  651,  570,  463,  165,  239,   77,  362,  589,  481,  102,  317,  397,  635,  627,  417,  480,  475,  281,  560,  483,  509,  626,  362,  678,  661,  125,  419,  648,  541,  621,  159,  330,  242,  571,  687,  647,  398,  493,  331,  477,  136],
        [  345,  345,   91, 1109,  986,  538,  388,  439,  981,  971,  996,  552,    0,  831,  618,  839,  695,  512,  491,  847,  660,  327,  418,  191,  975,  171,  658,  756,  645,  130, 1085,  665,  388,  758,  618,  251,  878, 1025,  466,  237,  760,  182,  788,  771, 1027,  852,  622,  720, 1031,  982,  120,  263,  800, 1213,  437,  962,  872,  900,  654,  688,  223,  787,  356,  951,  834,  949, 1043,  629,  742,  508],
        [  665,  665,  835,  604,  981,  456,  759,  869,  658,  714,  341,  352,  831,    0,  873,  174,  848,  415,  465,  701,  650,  519,  479,  956,  456,  676,  890,  148,  551,  948,  599,  366,  485,  402,  349,  694,  849,  269,  388,  620,  656,  951,  935,  196,  285,  702,  235,  875,  423,  630,  927,  581,  992,  520,  465,  220,  929,  767,  959,  366,  619,  327,  919,  944,  943,  273,  317,  642,  769,  483],
        [  326,  326,  533,  749,  384,  904,  237,  192,  550,  502,  802,  537,  618,  873,    0,  758,  100,  842,  430,  369,  251,  529,  783,  528,  689,  655,   41,  729,  338,  612,  721,  967,  490,  528,  525,  399,  308,  903,  560,  498,  318,  533,  172,  952,  891,  374,  805,  113,  783,  572,  586,  660,  185,  966,  466,  856,  267,  383,   86,  521,  529,  606,  310,  354,  220,  797,  886,  244,  209,  401],
        [  607,  607,  824,  438,  822,  570,  686,  788,  486,  544,  193,  296,  839,  174,  758,    0,  719,  516,  395,  542,  519,  512,  556,  933,  285,  704,  770,   91,  423,  944,  430,  507,  458,  248,  256,  658,  694,  187,  373,  608,  507,  931,  797,  358,  189,  542,  336,  744,  266,  457,  919,  616,  857,  402,  421,  124,  779,  605,  844,  238,  617,  167,  857,  787,  800,  127,  209,  518,  628,  403],
        [  378,  378,  613,  665,  294,  930,  308,  286,  461,  408,  741,  530,  695,  848,  100,  719,    0,  866,  433,  279,  201,  564,  815,  620,  617,  713,   76,  702,  298,  700,  636,  980,  515,  478,  504,  462,  209,  851,  571,  550,  242,  625,  104,  947,  837,  284,  808,   31,  714,  484,  673,  707,  148,  893,  481,  808,  178,  285,  154,  486,  581,  559,  406,  260,  142,  744,  828,  206,  119,  402],
        [  532,  532,  554,  926, 1097,   67,  639,  748,  895,  925,  708,  381,  512,  415,  842,  516,  866,    0,  442,  851,  712,  320,   94,  684,  768,  342,  875,  428,  633,  641,  911,  155,  354,  603,  450,  500,  961,  674,  303,  390,  774,  677,  969,  283,  686,  855,  184,  897,  776,  879,  628,  256, 1011,  915,  386,  615, 1008,  921,  917,  526,  368,  573,  741, 1057,  998,  643,  714,  689,  839,  476],
        [  213,  213,  454,  620,  656,  508,  297,  405,  514,  523,  519,  114,  491,  465,  430,  395,  433,  442,    0,  425,  270,  195,  408,  549,  484,  406,  455,  336,  199,  575,  597,  547,  123,  268,  142,  272,  521,  575,  140,  257,  341,  548,  534,  523,  571,  429,  377,  464,  545,  508,  548,  352,  581,  731,   69,  515,  567,  492,  513,  200,  278,  302,  463,  616,  559,  483,  580,  247,  397,   35],
        [  502,  502,  780,  388,  280,  918,  488,  519,  183,  137,  507,  471,  847,  701,  369,  542,  279,  851,  425,    0,  188,  612,  829,  824,  364,  810,  353,  557,  226,  888,  360,  929,  543,  300,  411,  596,  156,  630,  553,  644,   89,  827,  305,  845,  612,    6,  739,  287,  463,  207,  859,  770,  367,  628,  492,  601,  251,   71,  432,  351,  673,  377,  637,  245,  288,  526,  596,  218,  161,  393],
        [  315,  315,  593,  521,  386,  778,  306,  354,  343,  318,  551,  349,  660,  650,  251,  519,  201,  712,  270,  188,    0,  442,  676,  641,  442,  629,  256,  502,   99,  701,  493,  810,  378,  280,  311,  409,  252,  654,  409,  462,  103,  643,  286,  758,  642,  194,  629,  227,  534,  355,  673,  598,  343,  720,  332,  610,  300,  243,  333,  286,  492,  360,  465,  346,  301,  548,  635,   31,  129,  236],
        [  212,  212,  318,  806,  821,  378,  319,  429,  709,  717,  671,  228,  327,  519,  529,  512,  564,  320,  195,  612,  442,    0,  254,  437,  663,  214,  563,  431,  388,  434,  784,  459,   73,  451,  298,  193,  691,  699,  140,  102,  526,  433,  668,  503,  700,  617,  343,  594,  711,  703,  411,  159,  704,  889,  128,  635,  721,  677,  600,  375,  105,  468,  435,  782,  702,  623,  716,  414,  558,  224],
        [  463,  463,  461,  943, 1061,  131,  568,  674,  892,  914,  745,  370,  418,  479,  783,  556,  815,   94,  408,  829,  676,  254,    0,  591,  787,  248,  817,  466,  605,  547,  926,  248,  303,  604,  444,  422,  927,  726,  277,  309,  747,  584,  919,  368,  735,  833,  245,  846,  806,  878,  534,  164,  957,  957,  344,  665,  966,  897,  853,  524,  285,  587,  659, 1021,  951,  682,  761,  651,  799,  441],
        [  351,  351,  131, 1137,  911,  716,  337,  336,  981,  958, 1068,  638,  191,  956,  528,  933,  620,  684,  549,  824,  641,  437,  591,    0, 1020,  348,  566,  860,  655,   97, 1111,  838,  478,  805,  689,  278,  821, 1118,  571,  336,  743,   10,  698,  925, 1116,  830,  768,  639, 1090,  989,   83,  429,  696, 1278,  513, 1056,  794,  866,  542,  746,  340,  851,  223,  879,  747, 1031, 1127,  613,  693,  555],
        [  669,  669,  935,  159,  620,  828,  711,  785,  235,  305,  156,  440,  975,  456,  689,  285,  617,  768,  484,  364,  442,  663,  787, 1020,    0,  875,  686,  353,  380, 1055,  147,  784,  593,  217,  366,  747,  515,  288,  541,  739,  376, 1019,  665,  643,  267,  361,  601,  633,  100,  201, 1028,  802,  727,  279,  541,  279,  613,  407,  766,  289,  758,  202,  884,  592,  651,  201,  244,  458,  503,  470],
        [  336,  336,  221, 1020,  992,  369,  419,  503,  918,  922,  875,  437,  171,  676,  655,  704,  713,  342,  406,  810,  629,  214,  248,  348,  875,    0,  693,  617,  590,  300,  998,  495,  286,  665,  510,  256,  870,  889,  340,  169,  722,  341,  814,  603,  893,  815,  458,  742,  919,  914,  288,   96,  839, 1093,  341,  825,  884,  870,  709,  588,  138,  678,  455,  954,  855,  822,  912,  600,  733,  431],
        [  363,  363,  572,  738,  347,  936,  277,  231,  536,  484,  804,  560,  658,  890,   41,  770,   76,  875,  455,  353,  256,  563,  817,  566,  686,  693,    0,  746,  348,  651,  710,  996,  521,  535,  543,  438,  279,  910,  588,  535,  311,  572,  133,  976,  897,  359,  832,   80,  781,  558,  625,  697,  146,  962,  495,  865,  231,  360,   81,  534,  567,  615,  347,  318,  182,  803,  890,  253,  193,  426],
        [  545,  545,  746,  510,  836,  484,  632,  738,  530,  580,  281,  228,  756,  148,  729,   91,  702,  428,  336,  557,  502,  431,  466,  860,  353,  617,  746,    0,  404,  865,  500,  431,  382,  258,  208,  588,  703,  272,  292,  529,  509,  856,  787,  300,  277,  558,  252,  728,  349,  505,  841,  528,  845,  492,  351,  208,  781,  624,  815,  218,  536,  189,  798,  799,  796,  217,  299,  496,  621,  350],
        [  309,  309,  589,  483,  468,  699,  333,  406,  336,  332,  472,  259,  645,  551,  338,  423,  298,  633,  199,  226,   99,  388,  605,  655,  380,  590,  348,  404,    0,  704,  456,  722,  318,  192,  214,  398,  331,  567,  331,  428,  143,  656,  384,  662,  556,  230,  537,  325,  466,  338,  676,  546,  441,  655,  266,  519,  391,  293,  423,  188,  455,  269,  505,  428,  397,  461,  552,   95,  223,  167],
        [  396,  396,  121, 1181,  992,  667,  404,  421, 1036, 1018, 1091,  651,  130,  948,  612,  944,  700,  641,  575,  888,  701,  434,  547,   97, 1055,  300,  651,  865,  704,    0, 1155,  794,  487,  839,  710,  309,  896, 1130,  573,  336,  803,   89,  783,  898, 1130,  893,  746,  721, 1119, 1041,   29,  391,  785, 1305,  529, 1067,  876,  933,  631,  774,  331,  876,  314,  960,  832, 1048, 1144,  672,  765,  586],
        [  762,  762, 1037,   29,  570,  972,  787,  846,  184,  253,  275,  570, 1085,  599,  721,  430,  636,  911,  597,  360,  493,  784,  926, 1111,  147,  998,  710,  500,  456, 1155,    0,  930,  712,  334,  493,  847,  491,  401,  671,  853,  405, 1111,  662,  788,  378,  355,  747,  646,  193,  155, 1127,  930,  722,  290,  659,  408,  590,  379,  789,  413,  874,  340,  954,  549,  637,  334,  348,  515,  518,  578],
        [  668,  668,  708,  941, 1189,  138,  776,  887,  944,  984,  696,  463,  665,  366,  967,  507,  980,  155,  547,  929,  810,  459,  248,  838,  784,  495,  996,  431,  722,  794,  930,    0,  480,  653,  518,  646, 1052,  634,  410,  538,  858,  831, 1081,  184,  650,  931,  192, 1010,  772,  923,  782,  410, 1127,  885,  502,  583, 1109,  999, 1045,  584,  519,  605,  889, 1150, 1105,  628,  682,  790,  939,  580],
        [  196,  196,  367,  735,  761,  416,  302,  415,  636,  645,  608,  165,  388,  485,  490,  458,  515,  354,  123,  543,  378,   73,  303,  478,  593,  286,  521,  382,  318,  487,  712,  480,    0,  380,  230,  210,  629,  644,   98,  153,  458,  474,  618,  496,  644,  548,  337,  545,  644,  630,  462,  230,  658,  825,   55,  581,  664,  609,  566,  305,  167,  400,  442,  721,  649,  563,  658,  351,  498,  152],
        [  455,  455,  719,  356,  579,  667,  506,  591,  294,  332,  282,  239,  758,  402,  528,  248,  478,  603,  268,  300,  280,  451,  604,  805,  217,  665,  535,  258,  192,  839,  334,  653,  380,    0,  162,  531,  449,  376,  340,  524,  259,  805,  551,  550,  364,  301,  461,  501,  287,  276,  812,  597,  611,  477,  326,  331,  532,  367,  612,   81,  544,   83,  681,  543,  553,  270,  361,  284,  381,  254],
        [  353,  353,  589,  514,  675,  516,  431,  533,  448,  476,  382,   77,  618,  349,  525,  256,  504,  450,  142,  411,  311,  298,  444,  689,  366,  510,  543,  208,  214,  710,  493,  518,  230,  162,    0,  411,  539,  434,  178,  381,  343,  687,  596,  449,  430,  413,  329,  533,  414,  434,  684,  438,  650,  596,  182,  374,  605,  481,  610,   82,  397,  170,  601,  636,  611,  342,  439,  299,  437,  147],
        [   94,   94,  192,  872,  747,  551,  163,  256,  733,  721,  791,  362,  251,  694,  399,  658,  462,  500,  272,  596,  409,  193,  422,  278,  747,  256,  438,  588,  398,  309,  847,  646,  210,  531,  411,    0,  632,  842,  307,  113,  509,  277,  561,  694,  839,  601,  534,  489,  814,  736,  282,  274,  583, 1001,  238,  780,  636,  649,  455,  469,  140,  573,  244,  710,  603,  753,  849,  379,  495,  279],
        [  540,  540,  801,  517,  138, 1027,  494,  491,  307,  240,  661,  589,  878,  849,  308,  694,  209,  961,  521,  156,  252,  691,  927,  821,  515,  870,  279,  703,  331,  896,  491, 1052,  629,  449,  539,  632,    0,  785,  658,  702,  197,  825,  183,  983,  767,  157,  866,  200,  613,  339,  869,  846,  238,  771,  583,  756,  100,  113,  345,  490,  733,  528,  611,   98,  149,  682,  751,  278,  138,  487],
        [  786,  786, 1010,  396,  900,  721,  859,  955,  522,  591,  132,  481, 1025,  269,  903,  187,  851,  674,  575,  630,  654,  699,  726, 1118,  288,  889,  910,  272,  567, 1130,  401,  634,  644,  376,  434,  842,  785,    0,  559,  795,  618, 1115,  916,  460,   23,  628,  491,  872,  208,  488, 1105,  799,  977,  253,  606,   64,  879,  683,  987,  396,  803,  299, 1032,  869,  910,  108,   57,  660,  747,  578],
        [  289,  289,  455,  691,  794,  370,  392,  505,  619,  638,  536,  102,  466,  388,  560,  373,  571,  303,  140,  553,  409,  140,  277,  571,  541,  340,  588,  292,  331,  573,  671,  410,   98,  340,  178,  307,  658,  559,    0,  238,  473,  567,  673,  404,  561,  557,  249,  601,  581,  608,  549,  262,  718,  754,   95,  496,  706,  622,  640,  260,  244,  341,  538,  754,  699,  485,  578,  387,  536,  174],
        [  173,  173,  218,  876,  825,  439,  268,  368,  760,  759,  760,  317,  237,  620,  498,  608,  550,  390,  257,  644,  462,  102,  309,  336,  739,  169,  535,  529,  428,  336,  853,  538,  153,  524,  381,  113,  702,  795,  238,    0,  556,  332,  652,  598,  795,  649,  438,  578,  794,  758,  312,  165,  680,  976,  200,  732,  718,  703,  559,  452,   32,  550,  352,  786,  691,  715,  810,  432,  565,  277],
        [  416,  416,  695,  433,  334,  841,  407,  449,  244,  216,  504,  397,  760,  656,  318,  507,  242,  774,  341,   89,  103,  526,  747,  743,  376,  722,  311,  509,  143,  803,  405,  858,  458,  259,  343,  509,  197,  618,  473,  556,    0,  745,  298,  786,  603,   94,  671,  259,  473,  259,  775,  684,  359,  651,  407,  581,  274,  152,  392,  294,  585,  341,  563,  295,  295,  512,  592,  132,  130,  308],
        [  351,  351,  124, 1138,  916,  709,  340,  342,  983,  960, 1067,  635,  182,  951,  533,  931,  625,  677,  548,  827,  643,  433,  584,   10, 1019,  341,  572,  856,  656,   89, 1111,  831,  474,  805,  687,  277,  825, 1115,  567,  332,  745,    0,  704,  919, 1114,  833,  763,  644, 1089,  990,   73,  422,  703, 1277,  510, 1053,  800,  869,  548,  745,  335,  849,  230,  884,  753, 1029, 1125,  615,  697,  554],
        [  480,  480,  703,  689,  219, 1033,  403,  363,  480,  417,  800,  627,  788,  935,  172,  797,  104,  969,  534,  305,  286,  668,  919,  698,  665,  814,  133,  787,  384,  783,  662, 1081,  618,  551,  596,  561,  183,  916,  673,  652,  298,  704,    0, 1042,  900,  309,  907,   74,  764,  508,  757,  810,   63,  933,  584,  878,  107,  287,  175,  570,  683,  633,  478,  194,   51,  809,  888,  298,  171,  502],
        [  691,  691,  796,  795, 1119,  302,  796,  909,  829,  878,  536,  417,  771,  196,  952,  358,  947,  283,  523,  845,  758,  503,  368,  925,  643,  603,  976,  300,  662,  898,  788,  184,  496,  550,  449,  694,  983,  460,  404,  598,  786,  919, 1042,    0,  478,  846,  161,  976,  616,  804,  881,  509, 1094,  712,  498,  414, 1053,  914, 1035,  495,  587,  488,  934, 1080, 1058,  468,  511,  744,  885,  551],
        [  782,  782, 1010,  373,  881,  734,  852,  947,  501,  570,  111,  480, 1027,  285,  891,  189,  837,  686,  571,  612,  642,  700,  735, 1116,  267,  893,  897,  277,  556, 1130,  378,  650,  644,  364,  430,  839,  767,   23,  561,  795,  603, 1114,  900,  478,    0,  611,  503,  858,  186,  467, 1105,  804,  962,  235,  604,   71,  862,  664,  974,  389,  805,  289, 1026,  851,  893,   95,   35,  648,  731,  573],
        [  508,  508,  786,  383,  280,  921,  494,  525,  178,  131,  505,  475,  852,  702,  374,  542,  284,  855,  429,    6,  194,  617,  833,  830,  361,  815,  359,  558,  230,  893,  355,  931,  548,  301,  413,  601,  157,  628,  557,  649,   94,  833,  309,  846,  611,    0,  741,  292,  460,  202,  865,  775,  371,  624,  496,  600,  253,   68,  437,  353,  678,  377,  642,  246,  291,  525,  594,  224,  167,  397],
        [  533,  533,  641,  759, 1003,  234,  638,  751,  753,  792,  529,  281,  622,  235,  805,  336,  808,  184,  377,  739,  629,  343,  245,  768,  601,  458,  832,  252,  537,  746,  747,  192,  337,  461,  329,  534,  866,  491,  249,  438,  671,  763,  907,  161,  503,  741,    0,  838,  600,  732,  728,  362,  956,  732,  344,  432,  927,  809,  887,  392,  429,  416,  774,  964,  927,  462,  531,  611,  757,  407],
        [  407,  407,  637,  674,  272,  960,  333,  304,  468,  412,  761,  560,  720,  875,  113,  744,   31,  897,  464,  287,  227,  594,  846,  639,  633,  742,   80,  728,  325,  721,  646, 1010,  545,  501,  533,  489,  200,  872,  601,  578,  259,  644,   74,  976,  858,  292,  838,    0,  731,  493,  695,  737,  119,  907,  512,  831,  156,  286,  149,  512,  610,  583,  422,  241,  115,  765,  848,  234,  131,  432],
        [  741,  741,  998,  190,  716,  832,  791,  871,  326,  398,   85,  483, 1031,  423,  783,  266,  714,  776,  545,  463,  534,  711,  806, 1090,  100,  919,  781,  349,  466, 1119,  193,  772,  644,  287,  414,  814,  613,  208,  581,  794,  473, 1089,  764,  616,  186,  460,  600,  731,    0,  292, 1092,  840,  826,  191,  595,  218,  711,  504,  862,  345,  810,  245,  966,  689,  750,  150,  157,  548,  601,  536],
        [  646,  646,  927,  182,  428,  943,  657,  707,   35,  108,  357,  509,  982,  630,  572,  457,  484,  879,  508,  207,  355,  703,  878,  989,  201,  914,  558,  505,  338, 1041,  155,  923,  630,  276,  434,  736,  339,  488,  608,  758,  259,  990,  508,  804,  467,  202,  732,  493,  292,    0, 1013,  857,  568,  434,  575,  476,  438,  226,  637,  355,  783,  319,  819,  403,  484,  397,  443,  380,  366,  483],
        [  367,  367,   96, 1153,  966,  656,  376,  396, 1008,  990, 1065,  626,  120,  927,  586,  919,  673,  628,  548,  859,  673,  411,  534,   83, 1028,  288,  625,  841,  676,   29, 1127,  782,  462,  812,  684,  282,  869, 1105,  549,  312,  775,   73,  757,  881, 1105,  865,  728,  695, 1092, 1013,    0,  375,  760, 1278,  503, 1043,  850,  905,  607,  747,  308,  850,  292,  933,  806, 1023, 1118,  644,  737,  559],
        [  335,  335,  299,  951,  974,  293,  432,  530,  864,  874,  791,  362,  263,  581,  660,  616,  707,  256,  352,  770,  598,  159,  164,  429,  802,   96,  697,  528,  546,  391,  930,  410,  230,  597,  438,  274,  846,  799,  262,  165,  684,  422,  810,  509,  804,  775,  362,  737,  840,  857,  375,    0,  841, 1009,  284,  735,  870,  835,  723,  518,  135,  602,  502,  935,  848,  736,  824,  570,  711,  381],
        [  508,  508,  713,  749,  245, 1074,  422,  365,  539,  475,  862,  678,  800,  992,  185,  857,  148, 1011,  581,  367,  343,  704,  957,  696,  727,  839,  146,  845,  441,  785,  722, 1127,  658,  611,  650,  583,  238,  977,  718,  680,  359,  703,   63, 1094,  962,  371,  956,  119,  826,  568,  760,  841,    0,  994,  627,  939,  148,  345,  157,  627,  711,  694,  474,  229,   90,  871,  950,  352,  231,  549],
        [  930,  930, 1184,  268,  858,  965,  982, 1061,  467,  539,  219,  661, 1213,  520,  966,  402,  893,  915,  731,  628,  720,  889,  957, 1278,  279, 1093,  962,  492,  655, 1305,  290,  885,  825,  477,  596, 1001,  771,  253,  754,  976,  651, 1277,  933,  712,  235,  624,  732,  907,  191,  434, 1278, 1009,  994,    0,  778,  303,  870,  659, 1043,  532,  991,  429, 1156,  836,  914,  276,  204,  735,  777,  724],
        [  201,  201,  408,  681,  717,  451,  300,  413,  581,  591,  563,  125,  437,  465,  466,  421,  481,  386,   69,  492,  332,  128,  344,  513,  541,  341,  495,  351,  266,  529,  659,  502,   55,  326,  182,  238,  583,  606,   95,  200,  407,  510,  584,  498,  604,  496,  344,  512,  595,  575,  503,  284,  627,  778,    0,  544,  624,  558,  546,  253,  218,  351,  454,  677,  612,  520,  616,  307,  456,  100],
        [  727,  727,  948,  407,  876,  664,  802,  900,  509,  575,  134,  419,  962,  220,  856,  124,  808,  615,  515,  601,  610,  635,  665, 1056,  279,  825,  865,  208,  519, 1067,  408,  583,  581,  331,  374,  780,  756,   64,  496,  732,  581, 1053,  878,  414,   71,  600,  432,  831,  218,  476, 1043,  735,  939,  303,  544,    0,  847,  657,  941,  342,  740,  251,  974,  843,  875,   79,  100,  613,  708,  520],
        [  549,  549,  790,  616,  117, 1074,  485,  459,  407,  338,  757,  648,  872,  929,  267,  779,  178, 1008,  567,  251,  300,  721,  966,  794,  613,  884,  231,  781,  391,  876,  590, 1109,  664,  532,  605,  636,  100,  879,  706,  718,  274,  800,  107, 1053,  862,  253,  927,  156,  711,  438,  850,  870,  148,  870,  624,  847,    0,  212,  280,  565,  749,  613,  577,   89,   59,  775,  847,  320,  171,  533],
        [  555,  555,  830,  406,  219,  988,  530,  549,  196,  130,  556,  541,  900,  767,  383,  605,  285,  921,  492,   71,  243,  677,  897,  866,  407,  870,  360,  624,  293,  933,  379,  999,  609,  367,  481,  649,  113,  683,  622,  703,  152,  869,  287,  914,  664,   68,  809,  286,  504,  226,  905,  835,  345,  659,  558,  657,  212,    0,  434,  421,  733,  441,  669,  187,  259,  581,  646,  273,  178,  459],
        [  392,  392,  566,  818,  392,  977,  293,  216,  614,  560,  884,  621,  654,  959,   86,  844,  154,  917,  513,  432,  333,  600,  853,  542,  766,  709,   81,  815,  423,  631,  789, 1045,  566,  612,  610,  455,  345,  987,  640,  559,  392,  548,  175, 1035,  974,  437,  887,  149,  862,  637,  607,  723,  157, 1043,  546,  941,  280,  434,    0,  607,  590,  691,  319,  368,  224,  880,  968,  329,  272,  485],
        [  401,  401,  653,  433,  625,  591,  464,  559,  370,  402,  324,  159,  688,  366,  521,  238,  486,  526,  200,  351,  286,  375,  524,  746,  289,  588,  534,  218,  188,  774,  413,  584,  305,   81,   82,  469,  490,  396,  260,  452,  294,  745,  570,  495,  389,  353,  392,  512,  345,  355,  747,  518,  627,  532,  253,  342,  565,  421,  607,    0,  470,  105,  639,  587,  578,  296,  392,  282,  403,  192],
        [  205,  205,  216,  897,  856,  416,  298,  396,  786,  786,  774,  330,  223,  619,  529,  617,  581,  368,  278,  673,  492,  105,  285,  340,  758,  138,  567,  536,  455,  331,  874,  519,  167,  544,  397,  140,  733,  803,  244,   32,  585,  335,  683,  587,  805,  678,  429,  610,  810,  783,  308,  135,  711,  991,  218,  740,  749,  733,  590,  470,    0,  567,  374,  818,  723,  726,  820,  462,  596,  300],
        [  505,  505,  756,  357,  657,  635,  567,  659,  343,  392,  220,  242,  787,  327,  606,  167,  559,  573,  302,  377,  360,  468,  587,  851,  202,  678,  615,  189,  269,  876,  340,  605,  400,   83,  170,  573,  528,  299,  341,  550,  341,  849,  633,  488,  289,  377,  416,  583,  245,  319,  850,  602,  694,  429,  351,  251,  613,  441,  691,  105,  567,    0,  742,  621,  635,  195,  290,  363,  464,  297],
        [  254,  254,  266,  982,  693,  790,  176,  121,  806,  773,  960,  571,  356,  919,  310,  857,  406,  741,  463,  637,  465,  435,  659,  223,  884,  455,  347,  798,  505,  314,  954,  889,  442,  681,  601,  244,  611, 1032,  538,  352,  563,  230,  478,  934, 1026,  642,  774,  422,  966,  819,  292,  502,  474, 1156,  454,  974,  577,  669,  319,  639,  374,  742,    0,  663,  528,  934, 1030,  441,  492,  455],
        [  621,  621,  871,  574,   40, 1123,  564,  544,  370,  298,  742,  687,  951,  944,  354,  787,  260, 1057,  616,  245,  346,  782, 1021,  879,  592,  954,  318,  799,  428,  960,  549, 1150,  721,  543,  636,  710,   98,  869,  754,  786,  295,  884,  194, 1080,  851,  246,  964,  241,  689,  403,  933,  935,  229,  836,  677,  843,   89,  187,  368,  587,  818,  621,  663,    0,  145,  768,  832,  371,  224,  582],
        [  520,  520,  750,  664,  168, 1063,  448,  412,  454,  388,  790,  647,  834,  943,  220,  800,  142,  998,  559,  288,  301,  702,  951,  747,  651,  855,  182,  796,  397,  832,  637, 1105,  649,  553,  611,  603,  149,  910,  699,  691,  295,  753,   51, 1058,  893,  291,  927,  115,  750,  484,  806,  848,   90,  914,  612,  875,   59,  259,  224,  578,  723,  635,  528,  145,    0,  804,  880,  316,  175,  526],
        [  692,  692,  928,  335,  799,  696,  760,  853,  430,  496,   69,  398,  949,  273,  797,  127,  744,  643,  483,  526,  548,  623,  682, 1031,  201,  822,  803,  217,  461, 1048,  334,  628,  563,  270,  342,  753,  682,  108,  485,  715,  512, 1029,  809,  468,   95,  525,  462,  765,  150,  397, 1023,  736,  871,  276,  520,   79,  775,  581,  880,  296,  726,  195,  934,  768,  804,    0,   97,  553,  640,  483],
        [  789,  789, 1023,  342,  861,  762,  856,  948,  478,  548,   90,  493, 1043,  317,  886,  209,  828,  714,  580,  596,  635,  716,  761, 1127,  244,  912,  890,  299,  552, 1144,  348,  682,  658,  361,  439,  849,  751,   57,  578,  810,  592, 1125,  888,  511,   35,  594,  531,  848,  157,  443, 1118,  824,  950,  204,  616,  100,  847,  646,  968,  392,  820,  290, 1030,  832,  880,   97,    0,  643,  721,  580],
        [  285,  285,  563,  543,  411,  755,  278,  333,  369,  347,  561,  331,  629,  642,  244,  518,  206,  689,  247,  218,   31,  414,  651,  613,  458,  600,  253,  496,   95,  672,  515,  790,  351,  284,  299,  379,  278,  660,  387,  432,  132,  615,  298,  744,  648,  224,  611,  234,  548,  380,  644,  570,  352,  735,  307,  613,  320,  273,  329,  282,  462,  363,  441,  371,  316,  553,  643,    0,  150,  213],
        [  403,  403,  666,  547,  263,  904,  362,  372,  344,  294,  633,  477,  742,  769,  209,  628,  119,  839,  397,  161,  129,  558,  799,  693,  503,  733,  193,  621,  223,  765,  518,  939,  498,  381,  437,  495,  138,  747,  536,  565,  130,  697,  171,  885,  731,  167,  757,  131,  601,  366,  737,  711,  231,  777,  456,  708,  171,  178,  272,  403,  596,  464,  492,  224,  175,  640,  721,  150,    0,  363],
        [  210,  210,  466,  602,  622,  542,  284,  388,  487,  494,  516,  136,  508,  483,  401,  403,  402,  476,   35,  393,  236,  224,  441,  555,  470,  431,  426,  350,  167,  586,  578,  580,  152,  254,  147,  279,  487,  578,  174,  277,  308,  554,  502,  551,  573,  397,  407,  432,  536,  483,  559,  381,  549,  724,  100,  520,  533,  459,  485,  192,  300,  297,  455,  582,  526,  483,  580,  213,  363,    0]
    ]
}
