{
    "name": "random-33-12060",
    "comment": "size=33 seed=12060",
    "nodes": ["+0", "-0", "+1", "-1", "+2", "-2", "+3", "-3", "+4", "-4", "+5", "-5", "+6", "-6", "+7", "-7", "+8", "-8", "+9", "-9", "+10", "-10", "+11", "-11", "+12", "-12", "+13", "-13", "+14", "-14", "+15", "-15", "+16", "-16", "+17", "-17", "+18", "-18", "+19", "-19", "+20", "-20", "+21", "-21", "+22", "-22", "+23", "-23", "+24", "-24", "+25", "-25", "+26", "-26", "+27", "-27", "+28", "-28", "+29", "-29", "+30", "-30", "+31", "-31", "+32", "-32", "+33", "-33"],
    "precedence": {
        "+0": "-0",
        "+1": "-1",
        "+2": "-2",
        "+3": "-3",
        "+4": "-4",
        "+5": "-5",
        "+6": "-6",
        "+7": "-7",
        "+8": "-8",
        "+9": "-9",
        "+10": "-10",
        "+11": "-11",
        "+12": "-12",
        "+13": "-13",
        "+14": "-14",
        "+15": "-15",
        "+16": "-16",
        "+17": "-17",
        "+18": "-18",
        "+19": "-19",
        "+20": "-20",
        "+21": "-21",
        "+22": "-22",
        "+23": "-23",
        "+24": "-24",
        "+25": "-25",
        "+26": "-26",
        "+27": "-27",
        "+28": "-28",
        "+29": "-29",
        "+30": "-30",
        "+31": "-31",
        "+32": "-32",
        "+33": "-33"
    },
    "edges": [
        [    0,    0,  690,  387,  359,  809,  670,  668,  697,  570,  264,  603,  240,  361,  754,  590,  563,  687,  869,  574,  804,  842,  240,  192,  552,  420,  118,  592,  201,   77,  227,  473,  878,  138,   51,  203,   68,  485,  473,  322,  912,  289,  184,  547,  389,  661,  232,  545,  524,   55,  274,  326,  742,  517,  741,  468,  399,  772,  414,  233,  729,  734,  351,  783,  472,  295,  496,  359],
        [    0,    0,  690,  387,  359,  809,  670,  668,  697,  570,  264,  603,  240,  361,  754,  590,  563,  687,  869,  574,  804,  842,  240,  192,  552,  420,  118,  592,  201,   77,  227,  473,  878,  138,   51,  203,   68,  485,  473,  322,  912,  289,  184,  547,  389,  661,  232,  545,  524,   55,  274,  326,  742,  517,  741,  468,  399,  772,  414,  233,  729,  734,  351,  783,  472,  295,  496,  359],
        [  690,  690,    0,  453,  740,  814,  168,  290,   34,  507,  783,  207,  734,  454,  277,  777,  710,  650,  239,  383,  312,  168,  718,  511,  522,  574,  664,  550,  817,  736,  463,  219,  808,  602,  661,  892,  696,  755,  241,  920,  230,  788,  696,  593,  393,  153,  800,  522,  839,  677,  879,  410,  527,  236,  154,  384,  321,  131,  451,  463,   41,  508,  916,  337,  584,  399,  489,  713],
        [  387,  387,  453,    0,  650,  973,  353,  597,  476,  655,  610,  280,  309,  452,  650,  819,  301,  813,  686,  582,  699,  558,  292,  319,  651,  132,  298,  696,  421,  390,  254,  271, 1010,  396,  339,  564,  352,  311,  361,  702,  677,  629,  509,  690,   67,  352,  385,  647,  807,  344,  653,  111,  781,  423,  572,  494,  349,  479,  499,  212,  491,  765,  723,  701,  634,  276,  122,  635],
        [  359,  359,  740,  650,    0,  483,  800,  572,  731,  358,  133,  754,  598,  287,  666,  243,  894,  403,  830,  439,  703,  908,  596,  331,  332,  730,  468,  354,  545,  427,  398,  576,  565,  264,  396,  424,  426,  833,  503,  255,  915,  111,  175,  283,  618,  785,  586,  326,  167,  410,  244,  549,  524,  507,  716,  373,  429,  859,  297,  439,  771,  525,  221,  666,  222,  406,  771,   30],
        [  809,  809,  814,  973,  483,    0,  950,  530,  787,  329,  615,  939, 1033,  523,  584,  246, 1264,  168,  757,  439,  587,  953, 1027,  696,  326, 1088,  899,  284, 1008,  885,  739,  772,   96,  681,  834,  905,  872, 1232,  662,  716,  877,  591,  639,  284,  917,  932, 1040,  329,  373,  852,  718,  863,  306,  618,  701,  491,  635,  943,  475,  783,  824,  324,  670,  542,  350,  698, 1085,  469],
        [  670,  670,  168,  353,  800,  950,    0,  442,  201,  628,  816,   74,  658,  521,  443,  880,  569,  782,  395,  511,  480,  208,  642,  517,  639,  455,  617,  673,  759,  701,  455,  225,  953,  612,  632,  869,  660,  629,  310,  942,  347,  826,  720,  705,  308,   19,  731,  638,  922,  645,  897,  352,  678,  337,  322,  482,  374,  128,  536,  438,  189,  658,  947,  502,  681,  410,  354,  776],
        [  668,  668,  290,  597,  572,  530,  442,    0,  261,  252,  657,  452,  801,  324,   95,  534,  894,  372,  264,  136,  139,  424,  788,  479,  274,  728,  692,  288,  844,  734,  469,  332,  519,  541,  659,  853,  701,  905,  240,  801,  368,  652,  597,  348,  531,  425,  847,  277,  624,  678,  771,  508,  238,  177,  175,  213,  283,  415,  287,  494,  295,  218,  781,  116,  368,  396,  679,  543],
        [  697,  697,   34,  476,  731,  787,  201,  261,    0,  484,  779,  238,  751,  445,  245,  758,  739,  625,  212,  360,  279,  181,  735,  514,  500,  599,  676,  527,  830,  746,  470,  231,  779,  603,  670,  898,  706,  780,  237,  917,  217,  782,  694,  573,  414,  186,  815,  501,  824,  687,  877,  427,  498,  224,  121,  368,  318,  156,  438,  472,   42,  478,  911,  304,  567,  404,  517,  703],
        [  570,  570,  507,  655,  358,  329,  628,  252,  484,    0,  469,  612,  763,  223,  336,  283,  952,  162,  514,  125,  364,  661,  754,  413,   26,  776,  634,   46,  767,  645,  440,  444,  356,  432,  580,  719,  622,  932,  334,  608,  619,  456,  440,   97,  596,  610,  787,   32,  378,  599,  587,  546,  177,  293,  422,  164,  309,  637,  167,  480,  524,  173,  578,  322,  137,  387,  763,  330],
        [  264,  264,  783,  610,  133,  615,  816,  657,  779,  469,    0,  761,  501,  342,  751,  373,  822,  533,  904,  530,  793,  949,  502,  307,  445,  670,  380,  472,  430,  321,  376,  594,  697,  217,  309,  293,  330,  748,  543,  145,  977,   28,  102,  406,  590,  803,  477,  438,  277,  318,  119,  521,  642,  561,  783,  446,  463,  892,  371,  409,  818,  640,  133,  760,  337,  407,  728,  152],
        [  603,  603,  207,  280,  754,  939,   74,  452,  238,  612,  761,    0,  585,  483,  467,  851,  508,  771,  445,  502,  509,  279,  568,  457,  620,  385,  546,  658,  687,  631,  393,  182,  950,  552,  563,  800,  590,  562,  282,  882,  410,  773,  663,  682,  235,   74,  658,  618,  883,  576,  837,  281,  681,  321,  356,  458,  336,  200,  504,  373,  238,  661,  890,  526,  651,  355,  289,  731],
        [  240,  240,  734,  309,  598, 1033,  658,  801,  751,  763,  501,  585,    0,  541,  875,  824,  354,  899,  951,  737,  926,  858,   17,  351,  750,  262,  135,  793,  129,  182,  336,  522, 1095,  354,  203,  319,  173,  258,  571,  532,  963,  528,  424,  759,  352,  655,   80,  743,  764,  189,  487,  324,  925,  629,  827,  631,  519,  780,  597,  308,  774,  914,  570,  915,  687,  407,  371,  597],
        [  361,  361,  454,  452,  287,  523,  521,  324,  445,  223,  342,  483,  541,    0,  417,  378,  741,  370,  563,  215,  462,  622,  531,  191,  212,  565,  414,  257,  552,  433,  220,  302,  569,  225,  363,  533,  406,  713,  218,  485,  637,  342,  274,  240,  401,  505,  568,  206,  401,  383,  451,  342,  387,  222,  441,  112,  148,  573,   57,  261,  485,  377,  472,  435,  183,  176,  568,  260],
        [  754,  754,  277,  650,  666,  584,  443,   95,  245,  336,  751,  467,  875,  417,    0,  616,  939,  436,  181,  228,   52,  380,  861,  564,  360,  780,  771,  367,  925,  819,  548,  380,  559,  631,  742,  942,  784,  960,  305,  895,  295,  746,  690,  432,  583,  426,  924,  363,  712,  762,  865,  570,  280,  247,  130,  307,  361,  389,  381,  569,  270,  260,  876,   60,  458,  474,  720,  637],
        [  590,  590,  777,  819,  243,  246,  880,  534,  758,  283,  373,  851,  824,  378,  616,    0, 1091,  222,  795,  405,  639,  937,  820,  512,  262,  919,  691,  249,  783,  662,  568,  671,  336,  474,  621,  665,  656, 1043,  572,  471,  902,  348,  410,  188,  773,  863,  821,  260,  134,  637,  473,  709,  389,  548,  704,  400,  518,  906,  348,  612,  799,  398,  425,  595,  201,  547,  938,  234],
        [  563,  563,  710,  301,  894, 1264,  569,  894,  739,  952,  822,  508,  354,  741,  939, 1091,    0, 1108,  949,  883,  987,  772,  345,  580,  947,  177,  446,  991,  477,  525,  527,  563, 1306,  631,  515,  672,  502,  116,  660,  877,  916,  847,  730,  980,  366,  577,  420,  942, 1060,  509,  830,  406, 1081,  721,  848,  792,  649,  695,  791,  483,  744, 1065,  911,  993,  918,  567,  223,  886],
        [  687,  687,  650,  813,  403,  168,  782,  372,  625,  162,  533,  771,  899,  370,  436,  222, 1108,    0,  615,  272,  448,  795,  891,  552,  162,  932,  766,  119,  887,  764,  589,  605,  199,  553,  705,  810,  746, 1082,  494,  656,  730,  513,  532,  141,  756,  764,  914,  167,  351,  724,  646,  704,  175,  450,  545,  326,  470,  779,  317,  631,  662,  188,  616,  402,  216,  541,  923,  382],
        [  869,  869,  239,  686,  830,  757,  395,  264,  212,  514,  904,  445,  951,  563,  181,  795,  949,  615,    0,  400,  171,  254,  936,  679,  537,  810,  865,  547, 1020,  926,  648,  430,  724,  759,  849, 1066,  888,  991,  397, 1048,  124,  902,  833,  611,  623,  383, 1011,  540,  888,  867, 1013,  629,  452,  355,  129,  460,  471,  296,  536,  659,  208,  434, 1033,  216,  631,  576,  728,  801],
        [  574,  574,  383,  582,  439,  439,  511,  136,  360,  125,  530,  502,  737,  215,  228,  405,  883,  272,  400,    0,  265,  536,  726,  394,  144,  709,  617,  168,  762,  646,  402,  344,  449,  440,  573,  747,  616,  876,  234,  674,  499,  523,  479,  218,  519,  493,  773,  145,  489,  593,  646,  480,  199,  182,  300,  108,  235,  513,  167,  436,  399,  184,  652,  230,  232,  336,  681,  410],
        [  804,  804,  312,  699,  703,  587,  480,  139,  279,  364,  793,  509,  926,  462,   52,  639,  987,  448,  171,  265,    0,  397,  912,  614,  388,  830,  822,  391,  975,  869,  598,  429,  554,  679,  792,  990,  834, 1010,  356,  937,  293,  787,  735,  459,  633,  464,  975,  393,  741,  812,  908,  620,  282,  298,  159,  351,  412,  415,  424,  620,  299,  264,  916,   46,  491,  525,  767,  674],
        [  842,  842,  168,  558,  908,  953,  208,  424,  181,  661,  949,  279,  858,  622,  380,  937,  772,  795,  254,  536,  397,    0,  842,  670,  678,  663,  804,  702,  953,  883,  617,  370,  936,  763,  809, 1044,  842,  836,  408, 1085,  162,  955,  861,  751,  507,  206,  929,  679, 1004,  825, 1043,  541,  655,  403,  254,  549,  487,   80,  618,  611,  140,  635, 1082,  434,  748,  558,  560,  881],
        [  240,  240,  718,  292,  596, 1027,  642,  788,  735,  754,  502,  568,   17,  531,  861,  820,  345,  891,  936,  726,  912,  842,    0,  342,  741,  247,  130,  784,  142,  186,  324,  507, 1087,  348,  200,  329,  173,  252,  557,  537,  947,  528,  422,  752,  335,  639,   96,  734,  762,  187,  492,  309,  914,  615,  812,  620,  506,  763,  588,  294,  758,  903,  575,  901,  680,  394,  355,  594],
        [  192,  192,  511,  319,  331,  696,  517,  479,  514,  413,  307,  457,  351,  191,  564,  512,  580,  552,  679,  394,  614,  670,  342,    0,  400,  409,  224,  444,  369,  256,   70,  302,  750,   96,  181,  388,  224,  537,  284,  426,  727,  322,  207,  415,  289,  505,  380,  394,  489,  201,  381,  219,  576,  326,  551,  287,  209,  605,  247,  108,  549,  565,  434,  594,  346,  112,  441,  316],
        [  552,  552,  522,  651,  332,  326,  639,  274,  500,   26,  445,  620,  750,  212,  360,  262,  947,  162,  537,  144,  388,  678,  741,  400,    0,  771,  620,   45,  750,  628,  431,  449,  360,  414,  564,  698,  606,  924,  340,  583,  641,  431,  418,   75,  594,  621,  771,    8,  353,  583,  563,  542,  199,  303,  443,  166,  310,  652,  158,  472,  540,  197,  553,  347,  111,  381,  762,  305],
        [  420,  420,  574,  132,  730, 1088,  455,  728,  599,  776,  670,  385,  262,  565,  780,  919,  177,  932,  810,  709,  830,  663,  247,  409,  771,    0,  309,  815,  389,  399,  353,  401, 1130,  468,  370,  564,  367,  182,  491,  741,  793,  692,  573,  804,  198,  458,  340,  766,  894,  369,  693,  231,  908,  553,  700,  617,  475,  583,  615,  308,  611,  893,  769,  832,  743,  391,  116,  719],
        [  118,  118,  664,  298,  468,  899,  617,  692,  676,  634,  380,  546,  135,  414,  771,  691,  446,  766,  865,  617,  822,  804,  130,  224,  620,  309,    0,  663,  156,   93,  224,  446,  961,  219,   72,  267,   59,  369,  473,  434,  892,  405,  295,  626,  316,  610,  157,  613,  634,   63,  386,  266,  799,  526,  738,  510,  411,  729,  470,  207,  704,  789,  466,  807,  553,  298,  395,  465],
        [  592,  592,  550,  696,  354,  284,  673,  288,  527,   46,  472,  658,  793,  257,  367,  249,  991,  119,  547,  168,  391,  702,  784,  444,   45,  815,  663,    0,  791,  668,  475,  489,  315,  455,  605,  733,  647,  969,  379,  607,  655,  457,  453,   74,  638,  655,  814,   51,  354,  625,  590,  587,  171,  338,  461,  208,  352,  680,  203,  517,  566,  172,  574,  347,  135,  425,  805,  327],
        [  201,  201,  817,  421,  545, 1008,  759,  844,  830,  767,  430,  687,  129,  552,  925,  783,  477,  887, 1020,  762,  975,  953,  142,  369,  750,  389,  156,  791,    0,  124,  378,  599, 1077,  337,  190,  200,  147,  374,  628,  432, 1045,  458,  373,  747,  453,  755,   59,  743,  705,  170,  392,  412,  938,  680,  894,  655,  564,  876,  608,  362,  857,  929,  476,  959,  672,  452,  495,  550],
        [   77,   77,  736,  390,  427,  885,  701,  734,  746,  645,  321,  631,  182,  433,  819,  662,  525,  764,  926,  646,  869,  883,  186,  256,  628,  399,   93,  668,  124,    0,  279,  517,  953,  214,   78,  174,   42,  437,  530,  353,  962,  349,  253,  623,  405,  693,  159,  621,  590,   60,  307,  350,  817,  578,  798,  539,  460,  810,  488,  274,  776,  808,  389,  850,  548,  351,  488,  430],
        [  227,  227,  463,  254,  398,  739,  455,  469,  470,  440,  376,  393,  336,  220,  548,  568,  527,  589,  648,  402,  598,  617,  324,   70,  431,  353,  224,  475,  378,  279,    0,  247,  787,  161,  202,  429,  241,  494,  252,  491,  685,  391,  275,  456,  220,  444,  379,  425,  554,  220,  445,  151,  593,  303,  520,  297,  187,  549,  274,   45,  502,  581,  501,  584,  392,   74,  376,  382],
        [  473,  473,  219,  271,  576,  772,  225,  332,  231,  444,  594,  182,  522,  302,  380,  671,  563,  605,  430,  344,  429,  370,  507,  302,  449,  401,  446,  489,  599,  517,  247,    0,  792,  396,  443,  675,  477,  581,  111,  723,  447,  603,  500,  506,  204,  210,  584,  446,  702,  459,  680,  200,  537,  166,  309,  283,  155,  304,  324,  244,  260,  519,  725,  431,  471,  191,  348,  552],
        [  878,  878,  808, 1010,  565,   96,  953,  519,  779,  356,  697,  950, 1095,  569,  559,  336, 1306,  199,  724,  449,  554,  936, 1087,  750,  360, 1130,  961,  315, 1077,  953,  787,  792,    0,  745,  899,  985,  938, 1281,  681,  805,  846,  674,  713,  336,  951,  935, 1106,  365,  465,  917,  804,  901,  282,  631,  683,  519,  664,  933,  516,  830,  813,  302,  760,  510,  408,  740, 1118,  548],
        [  138,  138,  602,  396,  264,  681,  612,  541,  603,  432,  217,  552,  354,  225,  631,  474,  631,  553,  759,  440,  679,  763,  348,   96,  414,  468,  219,  455,  337,  214,  161,  396,  745,    0,  154,  312,  194,  573,  369,  331,  813,  235,  115,  412,  374,  600,  362,  407,  429,  172,  286,  304,  604,  404,  631,  335,  290,  699,  278,  192,  639,  597,  340,  655,  338,  206,  516,  255],
        [   51,   51,  661,  339,  396,  834,  632,  659,  670,  580,  309,  563,  203,  363,  742,  621,  515,  705,  849,  573,  792,  809,  200,  181,  564,  370,   72,  605,  190,   78,  202,  443,  899,  154,    0,  238,   44,  441,  453,  372,  885,  334,  223,  565,  344,  624,  209,  557,  563,   21,  324,  284,  749,  501,  721,  466,  383,  738,  419,  200,  701,  740,  400,  774,  491,  274,  446,  394],
        [  203,  203,  892,  564,  424,  905,  869,  853,  898,  719,  293,  800,  319,  533,  942,  665,  672,  810, 1066,  747,  990, 1044,  329,  388,  698,  564,  267,  733,  200,  174,  429,  675,  985,  312,  238,    0,  214,  572,  671,  248, 1112,  319,  281,  675,  578,  861,  258,  691,  565,  226,  216,  520,  895,  712,  938,  644,  595,  973,  581,  434,  931,  890,  297,  966,  601,  496,  659,  438],
        [   68,   68,  696,  352,  426,  872,  660,  701,  706,  622,  330,  590,  173,  406,  784,  656,  502,  746,  888,  616,  834,  842,  173,  224,  606,  367,   59,  647,  147,   42,  241,  477,  938,  194,   44,  214,    0,  420,  492,  376,  922,  356,  251,  606,  365,  652,  169,  599,  592,   24,  329,  309,  792,  542,  760,  509,  424,  769,  462,  234,  736,  783,  409,  816,  531,  314,  452,  426],
        [  485,  485,  755,  311,  833, 1232,  629,  905,  780,  932,  748,  562,  258,  713,  960, 1043,  116, 1082,  991,  876, 1010,  836,  252,  537,  924,  182,  369,  969,  374,  437,  494,  581, 1281,  573,  441,  572,  420,    0,  666,  789,  971,  774,  662,  949,  378,  634,  316,  918,  999,  431,  743,  399, 1074,  729,  882,  779,  642,  757,  767,  452,  791, 1060,  826, 1010,  882,  546,  276,  827],
        [  473,  473,  241,  361,  503,  662,  310,  240,  237,  334,  543,  282,  571,  218,  305,  572,  660,  494,  397,  234,  356,  408,  557,  284,  340,  491,  473,  379,  628,  530,  252,  111,  681,  369,  453,  671,  492,  666,    0,  680,  445,  547,  457,  400,  295,  293,  623,  338,  614,  471,  641,  269,  428,   63,  269,  176,   81,  356,  227,  267,  276,  411,  675,  349,  372,  179,  451,  477],
        [  322,  322,  920,  702,  255,  716,  942,  801,  917,  608,  145,  882,  532,  485,  895,  471,  877,  656, 1048,  674,  937, 1085,  537,  426,  583,  741,  434,  607,  432,  353,  491,  723,  805,  331,  372,  248,  376,  789,  680,    0, 1119,  153,  225,  538,  693,  929,  487,  576,  350,  373,   49,  625,  777,  702,  926,  590,  600, 1025,  515,  517,  955,  777,   52,  904,  473,  533,  815,  280],
        [  912,  912,  230,  677,  915,  877,  347,  368,  217,  619,  977,  410,  963,  637,  295,  902,  916,  730,  124,  499,  293,  162,  947,  727,  641,  793,  892,  655, 1045,  962,  685,  447,  846,  813,  885, 1112,  922,  971,  445, 1119,    0,  978,  898,  715,  619,  340, 1029,  643,  987,  903, 1081,  640,  572,  417,  201,  543,  525,  227,  619,  688,  190,  553, 1108,  337,  728,  617,  699,  886],
        [  289,  289,  788,  629,  111,  591,  826,  652,  782,  456,   28,  773,  528,  342,  746,  348,  847,  513,  902,  523,  787,  955,  528,  322,  431,  692,  405,  457,  458,  349,  391,  603,  674,  235,  334,  319,  356,  774,  547,  153,  978,    0,  121,  389,  608,  813,  504,  425,  250,  344,  134,  538,  627,  562,  782,  443,  468,  899,  367,  426,  822,  626,  131,  753,  322,  418,  749,  132],
        [  184,  184,  696,  509,  175,  639,  720,  597,  694,  440,  102,  663,  424,  274,  690,  410,  730,  532,  833,  479,  735,  861,  422,  207,  418,  573,  295,  453,  373,  253,  275,  500,  713,  115,  223,  281,  251,  662,  457,  225,  898,  121,    0,  396,  489,  707,  412,  411,  341,  236,  184,  419,  616,  482,  708,  384,  377,  800,  313,  307,  732,  612,  228,  705,  321,  310,  628,  178],
        [  547,  547,  593,  690,  283,  284,  705,  348,  573,   97,  406,  682,  759,  240,  432,  188,  980,  141,  611,  218,  459,  751,  752,  415,   75,  804,  626,   74,  747,  623,  456,  506,  336,  412,  565,  675,  606,  949,  400,  538,  715,  389,  396,    0,  637,  687,  774,   73,  282,  584,  523,  580,  242,  369,  517,  225,  360,  723,  193,  499,  613,  245,  503,  417,   76,  415,  805,  258],
        [  389,  389,  393,   67,  618,  917,  308,  531,  414,  596,  590,  235,  352,  401,  583,  773,  366,  756,  623,  519,  633,  507,  335,  289,  594,  198,  316,  638,  453,  405,  220,  204,  951,  374,  344,  578,  365,  378,  295,  693,  619,  608,  489,  637,    0,  304,  424,  590,  770,  353,  646,   71,  717,  357,  507,  433,  288,  429,  444,  183,  432,  701,  710,  634,  583,  227,  169,  601],
        [  661,  661,  153,  352,  785,  932,   19,  425,  186,  610,  803,   74,  655,  505,  426,  863,  577,  764,  383,  493,  464,  206,  639,  505,  621,  458,  610,  655,  755,  693,  444,  210,  935,  600,  624,  861,  652,  634,  293,  929,  340,  813,  707,  687,  304,    0,  728,  620,  905,  637,  885,  345,  660,  319,  306,  464,  358,  127,  519,  429,  176,  640,  934,  486,  664,  397,  360,  760],
        [  232,  232,  800,  385,  586, 1040,  731,  847,  815,  787,  477,  658,   80,  568,  924,  821,  420,  914, 1011,  773,  975,  929,   96,  380,  771,  340,  157,  814,   59,  159,  379,  584, 1106,  362,  209,  258,  169,  316,  623,  487, 1029,  504,  412,  774,  424,  728,    0,  765,  749,  190,  446,  390,  954,  678,  885,  665,  565,  852,  624,  357,  840,  944,  530,  962,  699,  452,  450,  589],
        [  545,  545,  522,  647,  326,  329,  638,  277,  501,   32,  438,  618,  743,  206,  363,  260,  942,  167,  540,  145,  393,  679,  734,  394,    8,  766,  613,   51,  743,  621,  425,  446,  365,  407,  557,  691,  599,  918,  338,  576,  643,  425,  411,   73,  590,  620,  765,    0,  349,  576,  556,  538,  206,  301,  445,  163,  306,  652,  152,  466,  541,  203,  546,  352,  105,  375,  758,  298],
        [  524,  524,  839,  807,  167,  373,  922,  624,  824,  378,  277,  883,  764,  401,  712,  134, 1060,  351,  888,  489,  741, 1004,  762,  489,  353,  894,  634,  354,  705,  590,  554,  702,  465,  429,  563,  565,  592,  999,  614,  350,  987,  250,  341,  282,  770,  905,  749,  349,    0,  576,  360,  702,  509,  603,  786,  456,  549,  964,  390,  596,  865,  517,  302,  699,  260,  550,  929,  175],
        [   55,   55,  677,  344,  410,  852,  645,  678,  687,  599,  318,  576,  189,  383,  762,  637,  509,  724,  867,  593,  812,  825,  187,  201,  583,  369,   63,  625,  170,   60,  220,  459,  917,  172,   21,  226,   24,  431,  471,  373,  903,  344,  236,  584,  353,  637,  190,  576,  576,    0,  325,  295,  769,  520,  740,  486,  402,  752,  439,  215,  717,  760,  404,  794,  510,  293,  449,  409],
        [  274,  274,  879,  653,  244,  718,  897,  771,  877,  587,  119,  837,  487,  451,  865,  473,  830,  646, 1013,  646,  908, 1043,  492,  381,  563,  693,  386,  590,  392,  307,  445,  680,  804,  286,  324,  216,  329,  743,  641,   49, 1081,  134,  184,  523,  646,  885,  446,  556,  360,  325,    0,  578,  760,  665,  890,  559,  560,  982,  485,  470,  915,  759,   85,  876,  455,  489,  766,  266],
        [  326,  326,  410,  111,  549,  863,  352,  508,  427,  546,  521,  281,  324,  342,  570,  709,  406,  704,  629,  480,  620,  541,  309,  219,  542,  231,  266,  587,  412,  350,  151,  200,  901,  304,  284,  520,  309,  399,  269,  625,  640,  538,  419,  580,   71,  345,  390,  538,  702,  295,  578,    0,  678,  331,  508,  387,  245,  465,  389,  113,  450,  663,  641,  617,  523,  166,  229,  532],
        [  742,  742,  527,  781,  524,  306,  678,  238,  498,  177,  642,  681,  925,  387,  280,  389, 1081,  175,  452,  199,  282,  655,  914,  576,  199,  908,  799,  171,  938,  817,  593,  537,  282,  604,  749,  895,  792, 1074,  428,  777,  572,  627,  616,  242,  717,  660,  954,  206,  509,  769,  760,  678,    0,  371,  401,  298,  434,  652,  331,  630,  532,   20,  744,  237,  305,  531,  878,  498],
        [  517,  517,  236,  423,  507,  618,  337,  177,  224,  293,  561,  321,  629,  222,  247,  548,  721,  450,  355,  182,  298,  403,  615,  326,  303,  553,  526,  338,  680,  578,  303,  166,  631,  404,  501,  712,  542,  729,   63,  702,  417,  562,  482,  369,  357,  319,  678,  301,  603,  520,  665,  331,  371,    0,  228,  150,  118,  362,  216,  323,  265,  353,  692,  288,  351,  229,  511,  480],
        [  741,  741,  154,  572,  716,  701,  322,  175,  121,  422,  783,  356,  827,  441,  130,  704,  848,  545,  129,  300,  159,  254,  812,  551,  443,  700,  738,  461,  894,  798,  520,  309,  683,  631,  721,  938,  760,  882,  269,  926,  201,  782,  708,  517,  507,  306,  885,  445,  786,  740,  890,  508,  401,  228,    0,  344,  344,  259,  420,  532,  141,  381,  913,  188,  527,  448,  626,  687],
        [  468,  468,  384,  494,  373,  491,  482,  213,  368,  164,  446,  458,  631,  112,  307,  400,  792,  326,  460,  108,  351,  549,  620,  287,  166,  617,  510,  208,  655,  539,  297,  283,  519,  335,  466,  644,  509,  779,  176,  590,  543,  443,  384,  225,  433,  464,  665,  163,  456,  486,  559,  387,  298,  150,  344,    0,  146,  511,   77,  333,  409,  285,  574,  323,  202,  234,  600,  344],
        [  399,  399,  321,  349,  429,  635,  374,  283,  318,  309,  463,  336,  519,  148,  361,  518,  649,  470,  471,  235,  412,  487,  506,  209,  310,  475,  411,  352,  564,  460,  187,  155,  664,  290,  383,  595,  424,  642,   81,  600,  525,  468,  377,  360,  288,  358,  565,  306,  549,  402,  560,  245,  434,  118,  344,  146,    0,  433,  171,  212,  356,  419,  595,  398,  319,  114,  454,  404],
        [  772,  772,  131,  479,  859,  943,  128,  415,  156,  637,  892,  200,  780,  573,  389,  906,  695,  779,  296,  513,  415,   80,  763,  605,  652,  583,  729,  680,  876,  810,  549,  304,  933,  699,  738,  973,  769,  757,  356, 1025,  227,  899,  800,  723,  429,  127,  852,  652,  964,  752,  982,  465,  652,  362,  259,  511,  433,    0,  576,  540,  121,  632, 1024,  447,  712,  494,  482,  833],
        [  414,  414,  451,  499,  297,  475,  536,  287,  438,  167,  371,  504,  597,   57,  381,  348,  791,  317,  536,  167,  424,  618,  588,  247,  158,  615,  470,  203,  608,  488,  274,  324,  516,  278,  419,  581,  462,  767,  227,  515,  619,  367,  313,  193,  444,  519,  624,  152,  390,  439,  485,  389,  331,  216,  420,   77,  171,  576,    0,  315,  479,  321,  497,  393,  148,  225,  612,  268],
        [  233,  233,  463,  212,  439,  783,  438,  494,  472,  480,  409,  373,  308,  261,  569,  612,  483,  631,  659,  436,  620,  611,  294,  108,  472,  308,  207,  517,  362,  274,   45,  244,  830,  192,  200,  434,  234,  452,  267,  517,  688,  426,  307,  499,  183,  429,  357,  466,  596,  215,  470,  113,  630,  323,  532,  333,  212,  540,  315,    0,  503,  617,  530,  608,  436,  101,  334,  424],
        [  729,  729,   41,  491,  771,  824,  189,  295,   42,  524,  818,  238,  774,  485,  270,  799,  744,  662,  208,  399,  299,  140,  758,  549,  540,  611,  704,  566,  857,  776,  502,  260,  813,  639,  701,  931,  736,  791,  276,  955,  190,  822,  732,  613,  432,  176,  840,  541,  865,  717,  915,  450,  532,  265,  141,  409,  356,  121,  479,  503,    0,  512,  950,  328,  608,  438,  523,  744],
        [  734,  734,  508,  765,  525,  324,  658,  218,  478,  173,  640,  661,  914,  377,  260,  398, 1065,  188,  434,  184,  264,  635,  903,  565,  197,  893,  789,  172,  929,  808,  581,  519,  302,  597,  740,  890,  783, 1060,  411,  777,  553,  626,  612,  245,  701,  640,  944,  203,  517,  760,  759,  663,   20,  353,  381,  285,  419,  632,  321,  617,  512,    0,  746,  219,  305,  517,  861,  498],
        [  351,  351,  916,  723,  221,  670,  947,  781,  911,  578,  133,  890,  570,  472,  876,  425,  911,  616, 1033,  652,  916, 1082,  575,  434,  553,  769,  466,  574,  476,  389,  501,  725,  760,  340,  400,  297,  409,  826,  675,   52, 1108,  131,  228,  503,  710,  934,  530,  546,  302,  404,   85,  641,  744,  692,  913,  574,  595, 1024,  497,  530,  950,  746,    0,  881,  442,  537,  838,  248],
        [  783,  783,  337,  701,  666,  542,  502,  116,  304,  322,  760,  526,  915,  435,   60,  595,  993,  402,  216,  230,   46,  434,  901,  594,  347,  832,  807,  347,  959,  850,  584,  431,  510,  655,  774,  966,  816, 1010,  349,  904,  337,  753,  705,  417,  634,  486,  962,  352,  699,  794,  876,  617,  237,  288,  188,  323,  398,  447,  393,  608,  328,  219,  881,    0,  452,  511,  774,  638],
        [  472,  472,  584,  634,  222,  350,  681,  368,  567,  137,  337,  651,  687,  183,  458,  201,  918,  216,  631,  232,  491,  748,  680,  346,  111,  743,  553,  135,  672,  548,  392,  471,  408,  338,  491,  601,  531,  882,  372,  473,  728,  322,  321,   76,  583,  664,  699,  105,  260,  510,  455,  523,  305,  351,  527,  202,  319,  712,  148,  436,  608,  305,  442,  452,    0,  358,  751,  194],
        [  295,  295,  399,  276,  406,  698,  410,  396,  404,  387,  407,  355,  407,  176,  474,  547,  567,  541,  576,  336,  525,  558,  394,  112,  381,  391,  298,  425,  452,  351,   74,  191,  740,  206,  274,  496,  314,  546,  179,  533,  617,  418,  310,  415,  227,  397,  452,  375,  550,  293,  489,  166,  531,  229,  448,  234,  114,  494,  225,  101,  438,  517,  537,  511,  358,    0,  393,  386],
        [  496,  496,  489,  122,  771, 1085,  354,  679,  517,  763,  728,  289,  371,  568,  720,  938,  223,  923,  728,  681,  767,  560,  355,  441,  762,  116,  395,  805,  495,  488,  376,  348, 1118,  516,  446,  659,  452,  276,  451,  815,  699,  749,  628,  805,  169,  360,  450,  758,  929,  449,  766,  229,  878,  511,  626,  600,  454,  482,  612,  334,  523,  861,  838,  774,  751,  393,    0,  757],
        [  359,  359,  713,  635,   30,  469,  776,  543,  703,  330,  152,  731,  597,  260,  637,  234,  886,  382,  801,  410,  674,  881,  594,  316,  305,  719,  465,  327,  550,  430,  382,  552,  548,  255,  394,  438,  426,  827,  477,  280,  886,  132,  178,  258,  601,  760,  589,  298,  175,  409,  266,  532,  498,  480,  687,  344,  404,  833,  268,  424,  744,  498,  248,  638,  194,  386,  757,    0]
    ]
}
