{
    "name": "random-33-27178",
    "comment": "size=33 seed=27178",
    "nodes": ["+0", "-0", "+1", "-1", "+2", "-2", "+3", "-3", "+4", "-4", "+5", "-5", "+6", "-6", "+7", "-7", "+8", "-8", "+9", "-9", "+10", "-10", "+11", "-11", "+12", "-12", "+13", "-13", "+14", "-14", "+15", "-15", "+16", "-16", "+17", "-17", "+18", "-18", "+19", "-19", "+20", "-20", "+21", "-21", "+22", "-22", "+23", "-23", "+24", "-24", "+25", "-25", "+26", "-26", "+27", "-27", "+28", "-28", "+29", "-29", "+30", "-30", "+31", "-31", "+32", "-32", "+33", "-33"],
    "precedence": {
        "+0": "-0",
        "+1": "-1",
        "+2": "-2",
        "+3": "-3",
        "+4": "-4",
        "+5": "-5",
        "+6": "-6",
        "+7": "-7",
        "+8": "-8",
        "+9": "-9",
        "+10": "-10",
        "+11": "-11",
        "+12": "-12",
        "+13": "-13",
        "+14": "-14",
        "+15": "-15",
        "+16": "-16",
        "+17": "-17",
        "+18": "-18",
        "+19": "-19",
        "+20": "-20",
        "+21": "-21",
        "+22": "-22",
        "+23": "-23",
        "+24": "-24",
        "+25": "-25",
        "+26": "-26",
        "+27": "-27",
        "+28": "-28",
        "+29": "-29",
        "+30": "-30",
        "+31": "-31",
        "+32": "-32",
        "+33": "-33"
    },
    "edges": [
        [    0,    0,  180,  871,  786,  723,  272,  742,  493,  140,  586,  688,  911,  952,  666,  546,  411,  592,  841,  877,  507,  846,  187,  511,  819,  722,  842,  403,  340,  367,  495,  164,  287,  522,  670,   23, 1021,  723,  193,  920,  663,  558,  767,  675,  348,  394,  492,  157,  850,  305,  182, 1023,  222,  392,  942,  867,  723,  849, 1088,  664,  755,  335, 1122,  564,  393,  720,  789,  260],
        [    0,    0,  180,  871,  786,  723,  272,  742,  493,  140,  586,  688,  911,  952,  666,  546,  411,  592,  841,  877,  507,  846,  187,  511,  819,  722,  842,  403,  340,  367,  495,  164,  287,  522,  670,   23, 1021,  723,  193,  920,  663,  558,  767,  675,  348,  394,  492,  157,  850,  305,  182, 1023,  222,  392,  942,  867,  723,  849, 1088,  664,  755,  335, 1122,  564,  393,  720,  789,  260],
        [  180,  180,    0,  718,  674,  564,  308,  588,  376,  267,  559,  512,  733,  780,  516,  371,  247,  460,  667,  705,  460,  683,   82,  447,  641,  544,  700,  224,  210,  344,  346,   42,  308,  473,  547,  177,  862,  601,  163,  747,  514,  524,  596,  518,  228,  250,  522,  236,  674,  130,   58,  857,  292,  272,  764,  691,  631,  672,  937,  530,  598,  314,  970,  560,  254,  604,  610,  124],
        [  871,  871,  718,    0,  995,  705, 1002,  749,  407,  871, 1132,  318,  360,  239,  749,  561,  472,  301,  576,  211, 1024,   93,  774,  985,  352,  456,  872,  554,  757,  639,  713,  715,  727, 1031,  882,  858,  849,  915,  857,  631,  752, 1094,  206,  200,  529,  727, 1180,  808,  274,  650,  693,  772,  805,  790,  336,  278, 1038,  293,  967,  235,  121,  962,  972, 1169,  738,  940,  366,  612],
        [  786,  786,  674,  995,    0,  296,  595,  257,  903,  917,  369,  678,  732,  874,  248,  461,  710,  919,  484,  832,  345,  910,  614,  311,  677,  545,  186,  576,  464,  993,  354,  715,  978,  334,  134,  800,  403,   85,  594,  494,  244,  356,  790,  854,  811,  429,  548,  902,  762,  576,  725,  473,  964,  403,  779,  769,  114,  745,  394,  954,  899,  491,  435,  443,  423,   71,  650,  744],
        [  723,  723,  564,  705,  296,    0,  632,   45,  678,  830,  553,  392,  440,  579,   83,  226,  500,  670,  205,  537,  472,  618,  536,  425,  381,  250,  178,  385,  389,  821,  231,  600,  834,  470,  212,  729,  300,  225,  559,  246,   88,  523,  499,  582,  622,  332,  688,  796,  466,  437,  601,  308,  846,  354,  487,  473,  365,  449,  379,  692,  617,  535,  409,  617,  335,  254,  354,  586],
        [  272,  272,  308, 1002,  595,  632,    0,  636,  684,  408,  325,  748,  942, 1023,  556,  532,  537,  765,  801,  952,  267,  954,  235,  288,  852,  725,  701,  456,  275,  620,  413,  332,  552,  281,  506,  294,  911,  553,  149,  866,  552,  302,  852,  805,  536,  328,  224,  427,  906,  354,  356,  937,  493,  284,  982,  922,  508,  899,  952,  832,  882,  105,  990,  295,  320,  540,  818,  432],
        [  742,  742,  588,  749,  257,   45,  636,    0,  718,  854,  533,  436,  477,  618,   80,  265,  538,  712,  233,  578,  460,  661,  555,  413,  422,  293,  135,  419,  405,  856,  248,  625,  865,  456,  185,  749,  281,  189,  573,  263,   84,  505,  543,  626,  658,  349,  677,  822,  507,  464,  628,  303,  874,  364,  524,  514,  332,  490,  350,  736,  661,  536,  382,  600,  351,  219,  396,  618],
        [  493,  493,  376,  407,  903,  678,  684,  718,    0,  469,  902,  379,  590,  562,  675,  456,  195,  107,  666,  492,  794,  413,  451,  769,  518,  508,  852,  331,  507,  238,  553,  357,  321,  805,  770,  476,  934,  820,  537,  748,  676,  864,  387,  240,  150,  508,  894,  405,  500,  372,  333,  889,  398,  563,  600,  516,  901,  509, 1038,  179,  309,  678, 1059,  917,  518,  834,  502,  253],
        [  140,  140,  267,  871,  917,  830,  408,  854,  469,    0,  726,  735,  964,  985,  780,  634,  444,  575,  927,  910,  647,  860,  306,  650,  874,  795,  962,  477,  461,  285,  609,  233,  188,  661,  797,  122, 1129,  852,  330, 1009,  778,  698,  798,  683,  345,  510,  624,   64,  893,  395,  238, 1122,  102,  518,  989,  910,  859,  895, 1202,  647,  761,  475, 1235,  702,  511,  850,  847,  290],
        [  586,  586,  559, 1132,  369,  553,  325,  533,  902,  726,    0,  829,  965, 1082,  471,  579,  719,  958,  755, 1022,  110, 1063,  478,  147,  887,  745,  534,  596,  396,  900,  423,  595,  849,  102,  352,  607,  760,  372,  412,  795,  466,   39,  945,  950,  768,  410,  187,  736,  961,  530,  615,  816,  802,  348, 1011,  973,  258,  949,  763, 1014, 1017,  255,  804,   74,  399,  345,  854,  672],
        [  688,  688,  512,  318,  678,  392,  748,  436,  379,  735,  829,    0,  229,  275,  431,  251,  293,  325,  305,  204,  724,  238,  543,  682,  144,  154,  565,  299,  481,  595,  406,  526,  651,  729,  564,  682,  585,  597,  615,  380,  435,  792,  118,  201,  411,  439,  899,  680,  163,  406,  511,  526,  703,  501,  255,  180,  721,  162,  698,  323,  225,  689,  712,  872,  450,  622,  124,  446],
        [  911,  911,  733,  360,  732,  440,  942,  477,  590,  964,  965,  229,    0,  152,  509,  412,  521,  515,  255,  149,  869,  271,  755,  823,   93,  223,  574,  512,  668,  817,  555,  750,  878,  871,  648,  906,  503,  664,  819,  287,  514,  931,  212,  368,  638,  617, 1066,  909,   97,  618,  736,  419,  932,  672,   48,   86,  804,   83,  620,  488,  339,  869,  622, 1019,  627,  693,  125,  675],
        [  952,  952,  780,  239,  874,  579, 1023,  618,  562,  985, 1082,  275,  152,    0,  642,  509,  545,  469,  405,   76,  981,  168,  816,  937,  199,  341,  723,  572,  753,  798,  662,  789,  873,  985,  781,  944,  653,  802,  889,  439,  647, 1046,  188,  323,  643,  709, 1167,  925,  122,  679,  772,  567,  938,  768,  113,  109,  939,  134,  771,  423,  265,  960,  770, 1132,  719,  831,  230,  701],
        [  666,  666,  516,  749,  248,   83,  556,   80,  675,  780,  471,  431,  509,  642,    0,  222,  489,  680,  284,  594,  390,  665,  479,  343,  443,  304,  187,  362,  327,  798,  172,  554,  801,  388,  140,  674,  360,  167,  494,  328,    6,  441,  544,  608,  603,  273,  605,  751,  525,  396,  558,  382,  804,  285,  556,  534,  298,  510,  423,  711,  652,  457,  457,  534,  273,  192,  413,  554],
        [  546,  546,  371,  561,  461,  226,  532,  265,  456,  634,  579,  251,  412,  509,  222,    0,  274,  460,  296,  446,  475,  487,  368,  433,  324,  194,  398,  165,  258,  597,  156,  402,  616,  479,  334,  547,  510,  377,  419,  376,  223,  542,  367,  399,  397,  206,  659,  592,  389,  242,  397,  491,  636,  261,  454,  402,  485,  379,  601,  494,  453,  458,  627,  624,  215,  397,  290,  370],
        [  411,  411,  247,  472,  710,  500,  537,  538,  195,  444,  719,  293,  521,  545,  489,  274,    0,  240,  526,  470,  610,  437,  305,  581,  434,  375,  670,  137,  323,  331,  359,  249,  368,  620,  577,  401,  775,  627,  389,  610,  489,  681,  358,  272,  130,  317,  731,  388,  449,  193,  230,  743,  412,  374,  546,  466,  707,  451,  871,  301,  352,  511,  896,  740,  327,  641,  408,  157],
        [  592,  592,  460,  301,  919,  670,  765,  712,  107,  575,  958,  325,  515,  469,  680,  460,  240,    0,  626,  403,  849,  313,  530,  819,  452,  470,  847,  367,  562,  339,  580,  447,  426,  859,  789,  576,  903,  835,  616,  704,  682,  920,  305,  150,  244,  552,  967,  511,  421,  432,  424,  849,  505,  612,  519,  435,  930,  432, 1012,   73,  208,  748, 1029,  980,  563,  853,  442,  341],
        [  841,  841,  667,  576,  484,  205,  801,  233,  666,  927,  755,  305,  255,  405,  284,  296,  526,  626,    0,  380,  671,  484,  661,  624,  225,  159,  320,  452,  536,  855,  389,  696,  891,  670,  415,  842,  281,  422,  705,   84,  290,  724,  379,  504,  656,  478,  882,  883,  308,  538,  690,  224,  922,  518,  301,  310,  565,  289,  397,  627,  513,  712,  408,  817,  484,  452,  211,  652],
        [  877,  877,  705,  211,  832,  537,  952,  578,  492,  910, 1022,  204,  149,   76,  594,  446,  470,  403,  380,    0,  920,  123,  743,  877,  158,  290,  691,  500,  684,  727,  601,  714,  800,  924,  733,  869,  645,  758,  816,  427,  598,  986,  113,  254,  569,  641, 1101,  850,   73,  606,  697,  564,  864,  702,  129,   71,  891,   91,  763,  362,  206,  892,  766, 1070,  652,  785,  183,  625],
        [  507,  507,  460, 1024,  345,  472,  267,  460,  794,  647,  110,  724,  869,  981,  390,  475,  610,  849,  671,  920,    0,  957,  381,   48,  789,  647,  484,  486,  288,  803,  320,  498,  757,   15,  290,  526,  708,  323,  322,  718,  385,   72,  840,  842,  663,  301,  219,  651,  860,  423,  517,  754,  717,  239,  914,  873,  247,  849,  727,  905,  909,  175,  767,  151,  290,  302,  755,  569],
        [  846,  846,  683,   93,  910,  618,  954,  661,  413,  860, 1063,  238,  271,  168,  665,  487,  437,  313,  484,  123,  957,    0,  732,  916,  260,  368,  782,  500,  699,  650,  641,  685,  731,  962,  800,  834,  757,  831,  812,  539,  669, 1026,  122,  178,  515,  664, 1122,  798,  183,  601,  665,  680,  803,  727,  252,  188,  958,  201,  875,  259,  105,  907,  881, 1104,  676,  857,  275,  587],
        [  187,  187,   82,  774,  614,  536,  235,  555,  451,  306,  478,  543,  755,  816,  479,  368,  305,  530,  661,  743,  381,  732,    0,  371,  663,  553,  658,  245,  155,  423,  308,  118,  380,  394,  492,  195,  835,  546,   86,  738,  477,  444,  637,  575,  306,  207,  443,  289,  705,  138,  138,  838,  352,  212,  790,  721,  564,  701,  902,  598,  654,  233,  936,  479,  207,  546,  631,  203],
        [  511,  511,  447,  985,  311,  425,  288,  413,  769,  650,  147,  682,  823,  937,  343,  433,  581,  819,  624,  877,   48,  916,  371,    0,  744,  602,  441,  454,  262,  790,  277,  486,  750,   48,  246,  529,  664,  282,  321,  671,  338,  110,  799,  806,  642,  268,  265,  649,  816,  398,  504,  709,  715,  208,  869,  829,  221,  804,  687,  873,  871,  188,  727,  197,  257,  263,  710,  550],
        [  819,  819,  641,  352,  677,  381,  852,  422,  518,  874,  887,  144,   93,  199,  443,  324,  434,  452,  225,  158,  789,  260,  663,  744,    0,  143,  533,  420,  578,  738,  472,  658,  794,  791,  582,  814,  499,  604,  728,  282,  448,  852,  164,  311,  554,  529,  981,  820,   86,  525,  645,  425,  845,  585,  130,   92,  741,   68,  616,  435,  301,  781,  623,  939,  539,  632,   35,  585],
        [  722,  722,  544,  456,  545,  250,  725,  293,  508,  795,  745,  154,  223,  341,  304,  194,  375,  470,  159,  290,  647,  368,  553,  602,  143,    0,  416,  321,  451,  702,  333,  568,  743,  650,  443,  721,  434,  468,  610,  240,  309,  710,  251,  354,  505,  398,  843,  746,  222,  419,  559,  382,  780,  451,  268,  232,  602,  207,  545,  475,  376,  649,  561,  798,  407,  495,  111,  512],
        [  842,  842,  700,  872,  186,  178,  701,  135,  852,  962,  534,  565,  574,  723,  187,  398,  670,  847,  320,  691,  484,  782,  658,  441,  533,  416,    0,  547,  503,  984,  355,  739,  988,  477,  197,  852,  227,  164,  662,  315,  189,  514,  666,  758,  788,  452,  700,  935,  618,  582,  744,  289,  990,  453,  621,  623,  292,  600,  252,  870,  789,  597,  290,  606,  451,  189,  511,  741],
        [  403,  403,  224,  554,  576,  385,  456,  419,  331,  477,  596,  299,  512,  572,  362,  165,  137,  367,  452,  500,  486,  500,  245,  454,  420,  321,  547,    0,  206,  438,  223,  247,  452,  495,  442,  400,  674,  493,  317,  534,  362,  558,  397,  361,  241,  187,  628,  431,  460,  107,  239,  655,  473,  248,  546,  477,  571,  457,  762,  420,  434,  409,  790,  624,  198,  506,  389,  205],
        [  340,  340,  210,  757,  464,  389,  275,  405,  507,  461,  396,  481,  668,  753,  327,  258,  323,  562,  536,  684,  288,  699,  155,  262,  578,  451,  503,  206,    0,  541,  159,  251,  516,  298,  339,  349,  686,  394,  172,  607,  324,  359,  590,  566,  381,   59,  424,  440,  635,  136,  263,  695,  500,   64,  708,  650,  425,  627,  749,  620,  638,  209,  783,  419,   55,  395,  544,  294],
        [  367,  367,  344,  639,  993,  821,  620,  856,  238,  285,  900,  595,  817,  798,  798,  597,  331,  339,  855,  727,  803,  650,  423,  790,  738,  702,  984,  438,  541,    0,  643,  306,  101,  816,  861,  345, 1104,  915,  492,  939,  797,  866,  620,  477,  202,  567,  843,  228,  730,  418,  287, 1073,  191,  604,  831,  746,  965,  738, 1197,  405,  546,  650, 1224,  896,  573,  923,  718,  250],
        [  495,  495,  346,  713,  354,  231,  413,  248,  553,  609,  423,  406,  555,  662,  172,  156,  359,  580,  389,  601,  320,  641,  308,  277,  472,  333,  355,  223,  159,  643,    0,  385,  637,  324,  221,  503,  528,  273,  329,  455,  169,  387,  523,  542,  457,  102,  511,  581,  541,  230,  390,  537,  636,  130,  600,  554,  351,  530,  594,  624,  602,  324,  628,  470,  104,  285,  438,  395],
        [  164,  164,   42,  715,  715,  600,  332,  625,  357,  233,  595,  526,  750,  789,  554,  402,  249,  447,  696,  714,  498,  685,  118,  486,  658,  568,  739,  247,  251,  306,  385,    0,  267,  511,  588,  157,  898,  642,  192,  777,  552,  561,  604,  517,  208,  291,  551,  197,  687,  163,   25,  890,  252,  313,  780,  704,  673,  687,  975,  518,  597,  347, 1007,  593,  294,  645,  629,  107],
        [  287,  287,  308,  727,  978,  834,  552,  865,  321,  188,  849,  651,  878,  873,  801,  616,  368,  426,  891,  800,  757,  731,  380,  750,  794,  743,  988,  452,  516,  101,  637,  267,    0,  771,  849,  265, 1125,  903,  438,  975,  799,  817,  690,  555,  242,  551,  775,  136,  796,  408,  254, 1103,   91,  579,  896,  813,  939,  802, 1212,  495,  628,  596, 1241,  838,  556,  908,  772,  248],
        [  522,  522,  473, 1031,  334,  470,  281,  456,  805,  661,  102,  729,  871,  985,  388,  479,  620,  859,  670,  924,   15,  962,  394,   48,  791,  650,  477,  495,  298,  816,  324,  511,  771,    0,  284,  541,  701,  315,  336,  715,  382,   64,  845,  849,  675,  309,  225,  665,  863,  433,  530,  749,  731,  248,  916,  876,  234,  852,  718,  914,  916,  189,  759,  150,  298,  293,  758,  581],
        [  670,  670,  547,  882,  134,  212,  506,  185,  770,  797,  352,  564,  648,  781,  140,  334,  577,  789,  415,  733,  290,  800,  492,  246,  582,  443,  197,  442,  339,  861,  221,  588,  849,  284,    0,  682,  419,   55,  482,  446,  135,  327,  679,  732,  677,  299,  508,  779,  664,  445,  597,  467,  838,  280,  695,  674,  159,  649,  447,  827,  781,  402,  486,  421,  294,   65,  552,  612],
        [   23,   23,  177,  858,  800,  729,  294,  749,  476,  122,  607,  682,  906,  944,  674,  547,  401,  576,  842,  869,  526,  834,  195,  529,  814,  721,  852,  400,  349,  345,  503,  157,  265,  541,  682,    0, 1028,  736,  209,  922,  671,  578,  758,  662,  333,  402,  514,  134,  843,  305,  172, 1028,  200,  403,  936,  860,  739,  843, 1096,  648,  742,  354, 1130,  586,  402,  733,  784,  248],
        [ 1021, 1021,  862,  849,  403,  300,  911,  281,  934, 1129,  760,  585,  503,  653,  360,  510,  775,  903,  281,  645,  708,  757,  835,  664,  499,  434,  227,  674,  686, 1104,  528,  898, 1125,  701,  419, 1028,    0,  390,  854,  219,  364,  740,  658,  784,  902,  629,  925, 1094,  576,  735,  898,   96, 1142,  645,  542,  575,  514,  557,  119,  907,  793,  809,  128,  832,  631,  415,  489,  878],
        [  723,  723,  601,  915,   85,  225,  553,  189,  820,  852,  372,  597,  664,  802,  167,  377,  627,  835,  422,  758,  323,  831,  546,  282,  604,  468,  164,  493,  394,  915,  273,  642,  903,  315,   55,  736,  390,    0,  534,  443,  163,  351,  710,  771,  730,  353,  537,  833,  688,  499,  652,  446,  893,  335,  711,  696,  144,  672,  405,  870,  817,  448,  446,  443,  349,   31,  576,  666],
        [  193,  193,  163,  857,  594,  559,  149,  573,  537,  330,  412,  615,  819,  889,  494,  419,  389,  616,  705,  816,  322,  812,   86,  321,  728,  610,  662,  317,  172,  492,  329,  192,  438,  336,  482,  209,  854,  534,    0,  777,  490,  380,  714,  658,  390,  230,  360,  329,  775,  212,  215,  866,  395,  210,  856,  791,  530,  770,  911,  684,  736,  159,  947,  404,  226,  529,  695,  286],
        [  920,  920,  747,  631,  494,  246,  866,  263,  748, 1009,  795,  380,  287,  439,  328,  376,  610,  704,   84,  427,  718,  539,  738,  671,  282,  240,  315,  534,  607,  939,  455,  777,  975,  715,  446,  922,  219,  443,  777,    0,  334,  767,  443,  577,  740,  548,  933,  965,  358,  617,  771,  147, 1005,  584,  328,  357,  586,  339,  337,  701,  579,  774,  342,  861,  554,  473,  275,  735],
        [  663,  663,  514,  752,  244,   88,  552,   84,  676,  778,  466,  435,  514,  647,    6,  223,  489,  682,  290,  598,  385,  669,  477,  338,  448,  309,  189,  362,  324,  797,  169,  552,  799,  382,  135,  671,  364,  163,  490,  334,    0,  436,  548,  611,  603,  270,  600,  749,  530,  394,  556,  386,  803,  281,  561,  539,  294,  514,  426,  713,  655,  453,  460,  529,  270,  188,  418,  553],
        [  558,  558,  524, 1094,  356,  523,  302,  505,  864,  698,   39,  792,  931, 1046,  441,  542,  681,  920,  724,  986,   72, 1026,  444,  110,  852,  710,  514,  558,  359,  866,  387,  561,  817,   64,  327,  578,  740,  351,  380,  767,  436,    0,  908,  912,  732,  372,  193,  706,  925,  493,  581,  793,  773,  310,  977,  938,  247,  913,  748,  976,  979,  225,  789,   95,  361,  326,  819,  636],
        [  767,  767,  596,  206,  790,  499,  852,  543,  387,  798,  945,  118,  212,  188,  544,  367,  358,  305,  379,  113,  840,  122,  637,  799,  164,  251,  666,  397,  590,  620,  523,  604,  690,  845,  679,  758,  658,  710,  714,  443,  548,  908,    0,  157,  457,  551, 1011,  738,  117,  502,  586,  588,  752,  614,  215,  131,  836,  129,  775,  277,  137,  798,  784,  988,  563,  736,  169,  514],
        [  675,  675,  518,  200,  854,  582,  805,  626,  240,  683,  950,  201,  368,  323,  608,  399,  272,  150,  504,  254,  842,  178,  575,  806,  311,  354,  758,  361,  566,  477,  542,  517,  555,  849,  732,  662,  784,  771,  658,  577,  611,  912,  157,    0,  338,  542,  988,  621,  273,  453,  496,  723,  626,  604,  370,  287,  883,  285,  898,  125,   81,  768,  912,  983,  553,  793,  306,  415],
        [  348,  348,  228,  529,  811,  622,  536,  658,  150,  345,  768,  411,  638,  643,  603,  397,  130,  244,  656,  569,  663,  515,  306,  642,  554,  505,  788,  241,  381,  202,  457,  208,  242,  675,  677,  333,  902,  730,  390,  740,  603,  732,  457,  338,    0,  393,  748,  284,  559,  247,  184,  872,  296,  441,  658,  576,  794,  563,  997,  316,  417,  535, 1023,  778,  402,  741,  531,  104],
        [  394,  394,  250,  727,  429,  332,  328,  349,  508,  510,  410,  439,  617,  709,  273,  206,  317,  552,  478,  641,  301,  664,  207,  268,  529,  398,  452,  187,   59,  567,  102,  291,  551,  309,  299,  402,  629,  353,  230,  548,  270,  372,  551,  542,  393,    0,  461,  485,  589,  150,  299,  637,  542,   64,  659,  604,  402,  581,  695,  606,  610,  253,  729,  442,   12,  358,  495,  317],
        [  492,  492,  522, 1180,  548,  688,  224,  677,  894,  624,  187,  899, 1066, 1167,  605,  659,  731,  967,  882, 1101,  219, 1122,  443,  265,  981,  843,  700,  628,  424,  843,  511,  551,  775,  225,  508,  514,  925,  537,  360,  933,  600,  193, 1011,  988,  748,  461,    0,  648, 1046,  539,  574,  973,  713,  400, 1110, 1061,  440, 1037,  938, 1031, 1061,  220,  979,  119,  450,  514,  947,  645],
        [  157,  157,  236,  808,  902,  796,  427,  822,  405,   64,  736,  680,  909,  925,  751,  592,  388,  511,  883,  850,  651,  798,  289,  649,  820,  746,  935,  431,  440,  228,  581,  197,  136,  665,  779,  134, 1094,  833,  329,  965,  749,  706,  738,  621,  284,  485,  648,    0,  835,  359,  196, 1083,   67,  500,  933,  852,  851,  838, 1171,  583,  699,  482, 1203,  718,  487,  834,  793,  236],
        [  850,  850,  674,  274,  762,  466,  906,  507,  500,  893,  961,  163,   97,  122,  525,  389,  449,  421,  308,   73,  860,  183,  705,  816,   86,  222,  618,  460,  635,  730,  541,  687,  796,  863,  664,  843,  576,  688,  775,  358,  530,  925,  117,  273,  559,  589, 1046,  835,    0,  567,  672,  498,  854,  648,  101,   18,  823,   20,  694,  392,  243,  841,  699, 1010,  599,  715,  113,  605],
        [  305,  305,  130,  650,  576,  437,  354,  464,  372,  395,  530,  406,  618,  679,  396,  242,  193,  432,  538,  606,  423,  601,  138,  398,  525,  419,  582,  107,  136,  418,  230,  163,  408,  433,  445,  305,  735,  499,  212,  617,  394,  493,  502,  453,  247,  150,  539,  359,  567,    0,  164,  728,  410,  195,  652,  584,  551,  563,  814,  493,  529,  319,  845,  548,  157,  506,  493,  168],
        [  182,  182,   58,  693,  725,  601,  356,  628,  333,  238,  615,  511,  736,  772,  558,  397,  230,  424,  690,  697,  517,  665,  138,  504,  645,  559,  744,  239,  263,  287,  390,   25,  254,  530,  597,  172,  898,  652,  215,  771,  556,  581,  586,  496,  184,  299,  574,  196,  672,  164,    0,  887,  247,  326,  765,  689,  686,  672,  977,  495,  576,  369, 1008,  615,  303,  655,  616,   83],
        [ 1023, 1023,  857,  772,  473,  308,  937,  303,  889, 1122,  816,  526,  419,  567,  382,  491,  743,  849,  224,  564,  754,  680,  838,  709,  425,  382,  289,  655,  695, 1073,  537,  890, 1103,  749,  467, 1028,   96,  446,  866,  147,  386,  793,  588,  723,  872,  637,  973, 1083,  498,  728,  887,    0, 1127,  662,  455,  495,  580,  479,  207,  847,  725,  838,  204,  887,  641,  474,  421,  859],
        [  222,  222,  292,  805,  964,  846,  493,  874,  398,  102,  802,  703,  932,  938,  804,  636,  412,  505,  922,  864,  717,  803,  352,  715,  845,  780,  990,  473,  500,  191,  636,  252,   91,  731,  838,  200, 1142,  893,  395, 1005,  803,  773,  752,  626,  296,  542,  713,   67,  854,  410,  247, 1127,    0,  561,  953,  871,  915,  858, 1223,  575,  701,  549, 1254,  784,  546,  894,  820,  270],
        [  392,  392,  272,  790,  403,  354,  284,  364,  563,  518,  348,  501,  672,  768,  285,  261,  374,  612,  518,  702,  239,  727,  212,  208,  585,  451,  453,  248,   64,  604,  130,  313,  579,  248,  280,  403,  645,  335,  210,  584,  281,  310,  614,  604,  441,   64,  400,  500,  648,  195,  326,  662,  561,    0,  715,  662,  362,  639,  701,  667,  673,  198,  737,  379,   52,  334,  551,  357],
        [  942,  942,  764,  336,  779,  487,  982,  524,  600,  989, 1011,  255,   48,  113,  556,  454,  546,  519,  301,  129,  914,  252,  790,  869,  130,  268,  621,  546,  708,  831,  600,  780,  896,  916,  695,  936,  542,  711,  856,  328,  561,  977,  215,  370,  658,  659, 1110,  933,  101,  652,  765,  455,  953,  715,    0,   85,  852,   95,  659,  485,  332,  911,  658, 1065,  668,  740,  164,  700],
        [  867,  867,  691,  278,  769,  473,  922,  514,  516,  910,  973,  180,   86,  109,  534,  402,  466,  435,  310,   71,  873,  188,  721,  829,   92,  232,  623,  477,  650,  746,  554,  704,  813,  876,  674,  860,  575,  696,  791,  357,  539,  938,  131,  287,  576,  604, 1061,  852,   18,  584,  689,  495,  871,  662,   85,    0,  832,   25,  693,  404,  254,  856,  696, 1023,  614,  724,  122,  622],
        [  723,  723,  631, 1038,  114,  365,  508,  332,  901,  859,  258,  721,  804,  939,  298,  485,  707,  930,  565,  891,  247,  958,  564,  221,  741,  602,  292,  571,  425,  965,  351,  673,  939,  234,  159,  739,  514,  144,  530,  586,  294,  247,  836,  883,  794,  402,  440,  851,  823,  551,  686,  580,  915,  362,  852,  832,    0,  807,  507,  973,  935,  408,  548,  332,  394,  114,  711,  716],
        [  849,  849,  672,  293,  745,  449,  899,  490,  509,  895,  949,  162,   83,  134,  510,  379,  451,  432,  289,   91,  849,  201,  701,  804,   68,  207,  600,  457,  627,  738,  530,  687,  802,  852,  649,  843,  557,  672,  770,  339,  514,  913,  129,  285,  563,  581, 1037,  838,   20,  563,  672,  479,  858,  639,   95,   25,  807,    0,  675,  405,  259,  833,  680,  999,  591,  699,   97,  606],
        [ 1088, 1088,  937,  967,  394,  379,  952,  350, 1038, 1202,  763,  698,  620,  771,  423,  601,  871, 1012,  397,  763,  727,  875,  902,  687,  616,  545,  252,  762,  749, 1197,  594,  975, 1212,  718,  447, 1096,  119,  405,  911,  337,  426,  748,  775,  898,  997,  695,  938, 1171,  694,  814,  977,  207, 1223,  701,  659,  693,  507,  675,    0, 1020,  909,  848,   42,  837,  695,  426,  606,  965],
        [  664,  664,  530,  235,  954,  692,  832,  736,  179,  647, 1014,  323,  488,  423,  711,  494,  301,   73,  627,  362,  905,  259,  598,  873,  435,  475,  870,  420,  620,  405,  624,  518,  495,  914,  827,  648,  907,  870,  684,  701,  713,  976,  277,  125,  316,  606, 1031,  583,  392,  493,  495,  847,  575,  667,  485,  404,  973,  405, 1020,    0,  158,  811, 1034, 1039,  617,  890,  431,  412],
        [  755,  755,  598,  121,  899,  617,  882,  661,  309,  761, 1017,  225,  339,  265,  652,  453,  352,  208,  513,  206,  909,  105,  654,  871,  301,  376,  789,  434,  638,  546,  602,  597,  628,  916,  781,  742,  793,  817,  736,  579,  655,  979,  137,   81,  417,  610, 1061,  699,  243,  529,  576,  725,  701,  673,  332,  254,  935,  259,  909,  158,    0,  843,  920, 1052,  621,  841,  305,  496],
        [  335,  335,  314,  962,  491,  535,  105,  536,  678,  475,  255,  689,  869,  960,  457,  458,  511,  748,  712,  892,  175,  907,  233,  188,  781,  649,  597,  409,  209,  650,  324,  347,  596,  189,  402,  354,  809,  448,  159,  774,  453,  225,  798,  768,  535,  253,  220,  482,  841,  319,  369,  838,  549,  198,  911,  856,  408,  833,  848,  811,  843,    0,  886,  246,  243,  435,  747,  434],
        [ 1122, 1122,  970,  972,  435,  409,  990,  382, 1059, 1235,  804,  712,  622,  770,  457,  627,  896, 1029,  408,  766,  767,  881,  936,  727,  623,  561,  290,  790,  783, 1224,  628, 1007, 1241,  759,  486, 1130,  128,  446,  947,  342,  460,  789,  784,  912, 1023,  729,  979, 1203,  699,  845, 1008,  204, 1254,  737,  658,  696,  548,  680,   42, 1034,  920,  886,    0,  878,  730,  466,  615,  993],
        [  564,  564,  560, 1169,  443,  617,  295,  600,  917,  702,   74,  872, 1019, 1132,  534,  624,  740,  980,  817, 1070,  151, 1104,  479,  197,  939,  798,  606,  624,  419,  896,  470,  593,  838,  150,  421,  586,  832,  443,  404,  861,  529,   95,  988,  983,  778,  442,  119,  718, 1010,  548,  615,  887,  784,  379, 1065, 1023,  332,  999,  837, 1039, 1052,  246,  878,    0,  431,  418,  906,  678],
        [  393,  393,  254,  738,  423,  335,  320,  351,  518,  511,  399,  450,  627,  719,  273,  215,  327,  563,  484,  652,  290,  676,  207,  257,  539,  407,  451,  198,   55,  573,  104,  294,  556,  298,  294,  402,  631,  349,  226,  554,  270,  361,  563,  553,  402,   12,  450,  487,  599,  157,  303,  641,  546,   52,  668,  614,  394,  591,  695,  617,  621,  243,  730,  431,    0,  353,  505,  324],
        [  720,  720,  604,  940,   71,  254,  540,  219,  834,  850,  345,  622,  693,  831,  192,  397,  641,  853,  452,  785,  302,  857,  546,  263,  632,  495,  189,  506,  395,  923,  285,  645,  908,  293,   65,  733,  415,   31,  529,  473,  188,  326,  736,  793,  741,  358,  514,  834,  715,  506,  655,  474,  894,  334,  740,  724,  114,  699,  426,  890,  841,  435,  466,  418,  353,    0,  603,  673],
        [  789,  789,  610,  366,  650,  354,  818,  396,  502,  847,  854,  124,  125,  230,  413,  290,  408,  442,  211,  183,  755,  275,  631,  710,   35,  111,  511,  389,  544,  718,  438,  629,  772,  758,  552,  784,  489,  576,  695,  275,  418,  819,  169,  306,  531,  495,  947,  793,  113,  493,  616,  421,  820,  551,  164,  122,  711,   97,  606,  431,  305,  747,  615,  906,  505,  603,    0,  558],
        [  260,  260,  124,  612,  744,  586,  432,  618,  253,  290,  672,  446,  675,  701,  554,  370,  157,  341,  652,  625,  569,  587,  203,  550,  585,  512,  741,  205,  294,  250,  395,  107,  248,  581,  612,  248,  878,  666,  286,  735,  553,  636,  514,  415,  104,  317,  645,  236,  605,  168,   83,  859,  270,  357,  700,  622,  716,  606,  965,  412,  496,  434,  993,  678,  324,  673,  558,    0]
    ]
}
