{
    "name": "random-8-23124",
    "comment": "size=8 seed=23124",
    "nodes": ["+0", "-0", "+1", "-1", "+2", "-2", "+3", "-3", "+4", "-4", "+5", "-5", "+6", "-6", "+7", "-7", "+8", "-8"],
    "precedence": {
        "+0": "-0",
        "+1": "-1",
        "+2": "-2",
        "+3": "-3",
        "+4": "-4",
        "+5": "-5",
        "+6": "-6",
        "+7": "-7",
        "+8": "-8"
    },
    "edges": [
        [    0,    0, 1059,  130,  312, 1102,  841,  847,  698,  794,  248,  366,  341,  706,  678,  680,  424,  888],
        [    0,    0, 1059,  130,  312, 1102,  841,  847,  698,  794,  248,  366,  341,  706,  678,  680,  424,  888],
        [ 1059, 1059,    0, 1034,  862,   44,  713,  237,  757,  698,  924,  866,  761,  801,  916,  952,  756,  218],
        [  130,  130, 1034,    0,  213, 1077,  737,  839,  590,  692,  342,  257,  385,  593,  556,  556,  336,  847],
        [  312,  312,  862,  213,    0,  903,  530,  690,  387,  484,  415,   64,  367,  397,  386,  396,  125,  661],
        [ 1102, 1102,   44, 1077,  903,    0,  738,  279,  789,  725,  967,  907,  805,  832,  949,  984,  797,  254],
        [  841,  841,  713,  737,  530,  738,    0,  693,  151,   49,  890,  481,  771,  165,  274,  306,  422,  510],
        [  847,  847,  237,  839,  690,  279,  693,    0,  689,  664,  694,  708,  533,  734,  835,  868,  603,  220],
        [  698,  698,  757,  590,  387,  789,  151,  689,    0,  112,  767,  334,  663,   46,  162,  197,  289,  541],
        [  794,  794,  698,  692,  484,  725,   49,  664,  112,    0,  842,  436,  723,  137,  254,  288,  374,  490],
        [  248,  248,  924,  342,  415,  967,  890,  694,  767,  842,    0,  478,  165,  789,  798,  810,  480,  790],
        [  366,  366,  866,  257,   64,  907,  481,  708,  334,  436,  478,    0,  424,  341,  324,  333,  111,  659],
        [  341,  341,  761,  385,  367,  805,  771,  533,  663,  723,  165,  424,    0,  691,  722,  741,  390,  627],
        [  706,  706,  801,  593,  397,  832,  165,  734,   46,  137,  789,  341,  691,    0,  121,  156,  310,  586],
        [  678,  678,  916,  556,  386,  949,  274,  835,  162,  254,  798,  324,  722,  121,    0,   36,  334,  700],
        [  680,  680,  952,  556,  396,  984,  306,  868,  197,  288,  810,  333,  741,  156,   36,    0,  353,  735],
        [  424,  424,  756,  336,  125,  797,  422,  603,  289,  374,  480,  111,  390,  310,  334,  353,    0,  549],
        [  888,  888,  218,  847,  661,  254,  510,  220,  541,  490,  790,  659,  627,  586,  700,  735,  549,    0]
    ]
}
