{
    "name": "random-69-9337",
    "comment": "size=69 seed=9337",
    "nodes": ["+0", "-0", "+1", "-1", "+2", "-2", "+3", "-3", "+4", "-4", "+5", "-5", "+6", "-6", "+7", "-7", "+8", "-8", "+9", "-9", "+10", "-10", "+11", "-11", "+12", "-12", "+13", "-13", "+14", "-14", "+15", "-15", "+16", "-16", "+17", "-17", "+18", "-18", "+19", "-19", "+20", "-20", "+21", "-21", "+22", "-22", "+23", "-23", "+24", "-24", "+25", "-25", "+26", "-26", "+27", "-27", "+28", "-28", "+29", "-29", "+30", "-30", "+31", "-31", "+32", "-32", "+33", "-33", "+34", "-34", "+35", "-35", "+36", "-36", "+37", "-37", "+38", "-38", "+39", "-39", "+40", "-40", "+41", "-41", "+42", "-42", "+43", "-43", "+44", "-44", "+45", "-45", "+46", "-46", "+47", "-47", "+48", "-48", "+49", "-49", "+50", "-50", "+51", "-51", "+52", "-52", "+53", "-53", "+54", "-54", "+55", "-55", "+56", "-56", "+57", "-57", "+58", "-58", "+59", "-59", "+60", "-60", "+61", "-61", "+62", "-62", "+63", "-63", "+64", "-64", "+65", "-65", "+66", "-66", "+67", "-67", "+68", "-68", "+69", "-69"],
    "precedence": {
        "+0": "-0",
        "+1": "-1",
        "+2": "-2",
        "+3": "-3",
        "+4": "-4",
        "+5": "-5",
        "+6": "-6",
        "+7": "-7",
        "+8": "-8",
        "+9": "-9",
        "+10": "-10",
        "+11": "-11",
        "+12": "-12",
        "+13": "-13",
        "+14": "-14",
        "+15": "-15",
        "+16": "-16",
        "+17": "-17",
        "+18": "-18",
        "+19": "-19",
        "+20": "-20",
        "+21": "-21",
        "+22": "-22",
        "+23": "-23",
        "+24": "-24",
        "+25": "-25",
        "+26": "-26",
        "+27": "-27",
        "+28": "-28",
        "+29": "-29",
        "+30": "-30",
        "+31": "-31",
        "+32": "-32",
        "+33": "-33",
        "+34": "-34",
        "+35": "-35",
        "+36": "-36",
        "+37": "-37",
        "+38": "-38",
        "+39": "-39",
        "+40": "-40",
        "+41": "-41",
        "+42": "-42",
        "+43": "-43",
        "+44": "-44",
        "+45": "-45",
        "+46": "-46",
        "+47": "-47",
        "+48": "-48",
        "+49": "-49",
        "+50": "-50",
        "+51": "-51",
        "+52": "-52",
        "+53": "-53",
        "+54": "-54",
        "+55": "-55",
        "+56": "-56",
        "+57": "-57",
        "+58": "-58",
        "+59": "-59",
        "+60": "-60",
        "+61": "-61",
        "+62": "-62",
        "+63": "-63",
        "+64": "-64",
        "+65": "-65",
        "+66": "-66",
        "+67": "-67",
        "+68": "-68",
        "+69": "-69"
    },
    "edges": [
        [    0,    0,  755,  693,  248,  944,  719,  358,  927,  507,  855,  880,  691,  805, 1089,  151,  567,  545,  370,  640,  493,  843,  216,  485,  844,  777,  880,  930,  858,  816,  386,  492,  212,  863,  441,  265,  785,  739,  629, 1024,  915,  909,  402,  384,  533,  386,  414,  472,  743,  914,  517,  386,  316,  645,  427,  510,  140,  645,  792,  181,  645,  945,  613,  661,  726,  453,  174,  143,  746,  708,  611,  478,  489,  919,  357,  222,  933,  372,   50,  215,  719,  865,  585,  205,   99,  800,  254,  713,  883,  938,  587,   87,  530,  407,  781,  455,  809,  324,  665,  150,  928,  365,  310,  184,  901,  116,  888,  923,  637,   67,  179,  624,  148,  821,  949,  508,  786,  536,  788,  632,  610,  569,  602,  415,  425,  880,  186,  757,  249,  672,  257,  836,  988,  303,  799,  521,  641,  807,  294,  380],
        [    0,    0,    0,    0,    0,    0,    0,    0,    0,    0,    0,    0,    0,    0,    0,    0,    0,    0,    0,    0,    0,    0,    0,    0,    0,    0,    0,    0,    0,    0,    0,    0,    0,    0,    0,    0,    0,    0,    0,    0,    0,    0,    0,    0,    0,    0,    0,    0,    0,    0,    0,    0,    0,    0,    0,    0,    0,    0,    0,    0,    0,    0,    0,    0,    0,    0,    0,    0,    0,    0,    0,    0,    0,    0,    0,    0,    0,    0,    0,    0,    0,    0,    0,    0,    0,    0,    0,    0,    0,    0,    0,    0,    0,    0,    0,    0,    0,    0,    0,    0,    0,    0,    0,    0,    0,    0,    0,    0,    0,    0,    0,    0,    0,    0,    0,    0,    0,    0,    0,    0,    0,    0,    0,    0,    0,    0,    0,    0,    0,    0,    0,    0,    0,    0,    0,    0,    0,    0,    0,    0],
        [  755,    0,    0,   64,  658,  238,  641,  544,  557,  398,  232,  271,  660,  556,  813,  615,  230,  907,  519,  599,  959,  107,  551,  351,  263,  765,  731,  520,  369,  561,  535,  272,  620,  320,  314,  536,   33,  760,  306,  703,  512,  726,  615,  699,  935,  628,  957,  672,  118,  324,  254,  904,  642,  331,  446, 1041,  743,  542,  330,  607,  266,  196,  376,  152,  291,  434,  754,  827,  190,  379,  671,  328,  266,  393,  641,  607,  659,  727,  778,  569,  474,  116,  170,  635,  756,  540,  681,  755,  529,  565,  741,  670,  981,  931,  406,  773,  609,  516,  733,  611,  512,  701,  623,  831,  148,  688,  570,  359,  258,  795,  775,  172,  611,  272,  309,  288,   46,  418,  769,  158,  236, 1073, 1048,  543,  676,  636,  725,  625,  508,  118,  499,  817,  238,  556,  142, 1052,  188,  169,  547,  384],
        [  693,    0,   64,    0,  605,  294,  626,  483,  572,  360,  268,  308,  641,  555,  826,  553,  187,  866,  458,  577,  913,  167,  492,  307,  293,  750,  728,  538,  390,  561,  475,  216,  563,  347,  253,  480,   92,  741,  286,  718,  529,  726,  571,  639,  893,  568,  907,  633,  111,  361,  191,  854,  592,  315,  401,  993,  685,  523,  343,  548,  249,  254,  354,  131,  292,  376,  697,  768,  176,  373,  643,  280,  206,  422,  581,  551,  666,  667,  716,  506,  467,  174,  108,  579,  693,  539,  619,  734,  540,  581,  710,  609,  937,  881,  411,  731,  606,  454,  709,  549,  530,  641,  561,  773,  208,  625,  578,  393,  239,  735,  719,  118,  551,  296,  354,  227,   95,  386,  754,  124,  208, 1027, 1005,  500,  633,  639,  662,  614,  446,   96,  437,  804,  297,  494,  157, 1005,  163,  203,  494,  325],
        [  248,    0,  658,  605,    0,  802,  475,  469,  702,  314,  695,  712,  445,  572,  846,  261,  435,  350,  467,  397,  344,  725,  169,  323,  675,  530,  635,  711,  664,  583,  493,  389,   68,  681,  371,  133,  690,  493,  449,  787,  697,  665,  156,  563,  354,  537,  311,  226,  685,  737,  473,  260,   69,  455,  236,  404,  129,  408,  602,  120,  475,  853,  413,  530,  544,  512,  117,  210,  712,  505,  364,  334,  409,  726,  516,   72,  695,  562,  297,  309,  495,  774,  504,   59,  333,  570,  438,  467,  659,  713,  344,  199,  376,  288,  573,  230,  570,  413,  419,  246,  711,  547,  462,  192,  804,  306,  658,  738,  471,  231,  135,  576,  180,  647,  782,  490,  698,  331,  541,  509,  458,  450,  452,  185,  180,  642,  395,  515,  260,  552,  238,  590,  895,  416,  743,  417,  501,  661,  111,  289],
        [  944,    0,  238,  294,  802,    0,  630,  774,  441,  496,  122,  133,  661,  499,  685,  817,  379,  980,  750,  617, 1054,  132,  731,  480,  161,  747,  668,  395,  261,  499,  768,  454,  778,  202,  514,  698,  225,  754,  365,  576,  393,  650,  717,  932, 1016,  861, 1074,  750,  338,  163,  478, 1020,  768,  371,  568, 1145,  907,  557,  270,  779,  331,  207,  424,  284,  287,  669,  910,  994,  404,  371,  702,  475,  466,  246,  873,  765,  560,  959,  974,  779,  456,  207,  385,  793,  961,  483,  905,  758,  430,  446,  785,  858, 1070, 1045,  353,  859,  557,  742,  750,  810,  386,  934,  851,  988,  186,  894,  475,  200,  333,  975,  931,  409,  797,  192,  110,  519,  242,  496,  747,  313,  345, 1167, 1128,  648,  768,  556,  941,  597,  708,  276,  691,  785,  218,  782,  329, 1156,  306,  141,  695,  565],
        [  719,    0,  641,  626,  475,  630,    0,  822,  294,  317,  511,  499,   43,  157,  373,  686,  463,  419,  808,   81,  524,  636,  558,  386,  470,  124,  162,  327,  382,  165,  837,  507,  511,  434,  558,  488,  666,  125,  340,  328,  315,  191,  319,  962,  462,  913,  589,  267,  737,  487,  637,  544,  407,  312,  354,  621,  600,  110,  361,  554,  377,  787,  274,  496,  362,  798,  579,  670,  798,  270,  130,  425,  553,  427,  903,  502,  237,  972,  768,  703,  176,  731,  589,  515,  795,  168,  858,  129,  264,  302,  208,  656,  524,  560,  279,  352,  120,  762,  136,  671,  331,  951,  854,  637,  741,  753,  237,  464,  387,  704,  590,  685,  613,  440,  550,  685,  686,  275,  129,  505,  421,  620,  559,  312,  314,  186,  839,   52,  619,  532,  587,  180,  817,  786,  778,  629,  463,  526,  443,  511],
        [  358,    0,  544,  483,  469,  774,  822,    0,  926,  516,  724,  759,  810,  842, 1147,  226,  456,  818,   26,  744,  801,  649,  304,  455,  732,  919,  975,  911,  792,  853,   28,  371,  402,  772,  301,  365,  566,  891,  579, 1056,  898,  991,  566,  162,  821,   97,  742,  655,  484,  806,  298,  703,  513,  607,  468,  841,  448,  719,  727,  350,  571,  705,  604,  520,  656,  123,  479,  493,  459,  686,  757,  422,  335,  844,  100,  400,  977,  186,  348,  163,  741,  631,  393,  411,  297,  832,  155,  870,  884,  938,  774,  313,  836,  728,  755,  694,  871,   61,  827,  237,  906,  161,   83,  525,  670,  245,  906,  830,  559,  423,  495,  376,  296,  720,  819,  256,  558,  559,  929,  488,  516,  895,  912,  531,  621,  932,  223,  841,  217,  512,  247,  983,  745,   57,  531,  853,  519,  661,  415,  316],
        [  927,    0,  557,  572,  702,  441,  294,  926,    0,  431,  348,  317,  336,  141,  256,  853,  481,  712,  906,  336,  814,  504,  730,  478,  306,  370,  248,   48,  192,  132,  933,  560,  718,  250,  628,  667,  570,  395,  349,  147,   49,  221,  557, 1084,  755, 1023,  873,  534,  673,  279,  668,  825,  641,  319,  505,  912,  830,  301,  230,  748,  363,  637,  328,  455,  288,  865,  816,  911,  744,  241,  417,  506,  601,  197, 1021,  706,  122, 1101,  971,  849,  209,  607,  588,  727,  985,  138, 1005,  411,   44,   12,  500,  850,  816,  843,  174,  634,  177,  873,  428,  840,   57, 1077,  979,  885,  603,  930,   57,  243,  376,  928,  831,  670,  796,  289,  337,  721,  593,  395,  366,  480,  421,  913,  852,  518,  575,  135, 1007,  243,  762,  484,  732,  386,  656,  906,  696,  920,  437,  396,  633,  619],
        [  507,    0,  398,  360,  314,  496,  317,  516,  431,    0,  384,  399,  316,  329,  633,  423,  175,  510,  499,  247,  568,  438,  301,   70,  362,  430,  462,  427,  355,  340,  528,  195,  307,  368,  241,  242,  428,  411,  136,  548,  413,  476,  224,  666,  539,  611,  580,  275,  465,  423,  324,  525,  273,  143,   82,  655,  433,  209,  291,  326,  165,  581,  107,  249,  230,  482,  428,  519,  515,  202,  294,  110,  239,  417,  604,  294,  464,  680,  548,  421,  230,  508,  293,  320,  557,  320,  577,  398,  387,  443,  353,  426,  588,  551,  275,  377,  355,  458,  364,  410,  425,  657,  559,  506,  532,  500,  401,  426,  164,  519,  448,  388,  368,  334,  468,  370,  442,   43,  437,  240,  165,  682,  652,  153,  281,  417,  576,  329,  333,  281,  303,  491,  620,  487,  516,  666,  214,  357,  219,  201],
        [  855,    0,  232,  268,  695,  122,  511,  724,  348,  384,    0,   40,  541,  386,  601,  736,  291,  860,  699,  495,  936,  158,  640,  377,   44,  629,  558,  305,  157,  387,  721,  375,  677,   99,  441,  600,  235,  635,  250,  490,  300,  544,  602,  885,  896,  815,  959,  631,  348,   93,  428,  905,  657,  253,  460, 1028,  806,  436,  151,  683,  221,  293,  305,  206,  166,  630,  806,  893,  420,  249,  580,  378,  396,  165,  823,  664,  461,  909,  888,  705,  335,  260,  333,  691,  880,  370,  842,  637,  329,  354,  664,  769,  950,  930,  235,  740,  444,  684,  629,  727,  296,  884,  795,  884,  256,  814,  373,  128,  225,  880,  826,  384,  708,   72,   97,  476,  258,  380,  629,  238,  246, 1048, 1007,  534,  651,  450,  870,  479,  628,  212,  608,  669,  316,  723,  360, 1038,  217,   66,  591,  479],
        [  880,    0,  271,  308,  712,  133,  499,  759,  317,  399,   40,    0,  532,  367,  568,  764,  321,  862,  735,  490,  941,  194,  665,  398,   38,  615,  536,  273,  130,  367,  757,  406,  698,   71,  473,  622,  274,  623,  264,  457,  269,  520,  612,  920,  899,  852,  969,  636,  388,   53,  465,  915,  671,  263,  477, 1034,  826,  431,  141,  706,  239,  321,  313,  240,  173,  667,  825,  913,  459,  246,  577,  403,  430,  129,  859,  685,  433,  945,  914,  736,  326,  295,  370,  712,  908,  351,  875,  627,  302,  323,  662,  794,  954,  939,  221,  746,  425,  718,  622,  756,  264,  919,  829,  903,  287,  843,  346,   89,  245,  903,  845,  423,  733,   68,   70,  513,  297,  391,  614,  272,  271, 1053, 1009,  546,  658,  426,  901,  465,  657,  249,  636,  652,  340,  757,  398, 1045,  248,  106,  611,  507],
        [  691,    0,  660,  641,  445,  661,   43,  810,  336,  316,  541,  532,    0,  199,  408,  665,  471,  376,  797,   70,  481,  661,  538,  386,  501,  114,  192,  369,  417,  206,  826,  509,  484,  467,  555,  468,  686,  101,  356,  369,  357,  224,  290,  946,  419,  900,  547,  231,  751,  522,  639,  503,  376,  330,  343,  579,  568,  119,  392,  530,  394,  812,  287,  512,  387,  793,  546,  636,  811,  296,   90,  425,  554,  465,  888,  476,  278,  955,  740,  686,  206,  753,  597,  488,  769,  208,  839,   98,  306,  344,  166,  631,  481,  518,  312,  311,  162,  750,   95,  650,  373,  935,  838,  602,  766,  729,  280,  501,  403,  673,  556,  693,  590,  470,  585,  685,  705,  276,  122,  518,  434,  577,  517,  290,  278,  228,  817,   95,  604,  548,  572,  176,  843,  772,  795,  586,  478,  552,  421,  503],
        [  805,    0,  556,  555,  572,  499,  157,  842,  141,  329,  386,  367,  199,    0,  305,  744,  424,  573,  825,  196,  674,  528,  618,  388,  343,  254,  177,  170,  240,   12,  853,  490,  594,  297,  553,  551,  575,  271,  286,  221,  159,  172,  423,  994,  615,  938,  732,  395,  663,  346,  611,  684,  508,  254,  394,  772,  701,  165,  238,  628,  314,  675,  241,  426,  266,  796,  685,  779,  730,  183,  276,  422,  535,  277,  933,  583,  136, 1009,  851,  748,  102,  629,  544,  602,  869,   17,  905,  282,  107,  151,  361,  732,  676,  702,  154,  493,   58,  786,  293,  730,  174,  986,  888,  751,  633,  818,   89,  318,  326,  801,  699,  635,  680,  316,  409,  663,  597,  288,  252,  444,  369,  774,  715,  391,  437,   91,  899,  110,  660,  460,  630,  286,  700,  815,  696,  780,  399,  415,  513,  528],
        [ 1089,    0,  813,  826,  846,  685,  373, 1147,  256,  633,  601,  568,  408,  305,    0, 1042,  719,  746, 1129,  450,  859,  758,  914,  692,  560,  364,  221,  296,  447,  294, 1157,  791,  878,  503,  855,  845,  826,  404,  582,  111,  302,  185,  691, 1298,  790, 1242,  939,  639,  928,  525,  908,  900,  779,  551,  694,  953,  973,  447,  484,  918,  604,  887,  544,  705,  537, 1098,  952, 1043,  998,  474,  497,  726,  835,  442, 1237,  869,  170, 1312, 1137, 1049,  406,  860,  833,  884, 1160,  315, 1206,  430,  286,  248,  558, 1022,  850,  912,  418,  713,  283, 1090,  469, 1027,  305, 1289, 1191, 1010,  854, 1113,  251,  487,  617, 1076,  963,  919,  974,  544,  576,  961,  848,  591,  354,  728,  662,  937,  865,  675,  686,  216, 1197,  332,  962,  736,  931,  336,  902, 1119,  951,  958,  684,  651,  804,  832],
        [  151,    0,  615,  553,  261,  817,  686,  226,  853,  423,  736,  764,  665,  744, 1042,    0,  445,  606,  232,  605,  580,  709,  129,  385,  731,  765,  847,  849,  760,  755,  253,  364,  198,  757,  305,  199,  644,  731,  530,  965,  835,  870,  389,  302,  605,  280,  517,  473,  596,  803,  370,  479,  318,  550,  351,  616,  223,  596,  692,  145,  538,  802,  528,  535,  623,  307,  254,  272,  596,  621,  597,  368,  353,  819,  256,  201,  878,  302,  164,   67,  650,  723,  445,  203,  145,  737,  179,  707,  810,  865,  595,   89,  615,  504,  694,  491,  759,  181,  660,   16,  846,  286,  203,  301,  759,   80,  821,  817,  528,  209,  270,  476,   82,  711,  832,  358,  643,  460,  775,  505,  495,  671,  690,  375,  432,  827,  155,  716,  110,  542,  129,  827,  845,  169,  652,  628,  519,  683,  245,  258],
        [  567,    0,  230,  187,  435,  379,  463,  456,  481,  175,  291,  321,  471,  424,  719,  445,    0,  680,  434,  404,  730,  290,  353,  122,  288,  584,  585,  460,  337,  432,  459,   87,  404,  321,  158,  322,  261,  571,  138,  620,  448,  591,  386,  616,  707,  551,  730,  447,  291,  362,  189,  675,  414,  170,  217,  812,  532,  355,  272,  401,  119,  421,  192,   97,  202,  385,  538,  618,  343,  246,  464,  102,  122,  390,  554,  391,  551,  638,  599,  416,  325,  344,  127,  420,  589,  410,  559,  560,  442,  492,  526,  481,  752,  703,  308,  545,  466,  408,  531,  437,  454,  613,  519,  616,  372,  524,  470,  380,  106,  597,  559,  223,  420,  271,  387,  242,  273,  204,  590,   74,   61,  844,  820,  314,  448,  514,  581,  460,  337,  118,  317,  642,  462,  445,  342,  824,   75,  241,  325,  189],
        [  545,    0,  907,  866,  350,  980,  419,  818,  712,  510,  860,  862,  376,  573,  746,  606,  680,    0,  816,  386,  115,  943,  516,  560,  826,  383,  531,  742,  767,  581,  842,  669,  417,  807,  678,  466,  938,  344,  623,  732,  730,  570,  299,  905,   45,  884,  208,  236,  965,  865,  781,  189,  313,  611,  469,  208,  407,  438,  725,  469,  661, 1089,  558,  758,  694,  856,  372,  426, 1007,  616,  299,  590,  703,  822,  861,  419,  647,  900,  591,  658,  552, 1017,  784,  408,  643,  580,  776,  320,  680,  720,  213,  531,  106,  187,  659,  138,  538,  762,  289,  591,  746,  888,  808,  380, 1040,  635,  656,  851,  664,  495,  367,  871,  526,  795,  924,  810,  951,  494,  393,  749,  674,  201,  148,  368,  235,  599,  722,  470,  607,  790,  582,  416, 1127,  764, 1019,  214,  723,  850,  424,  597],
        [  370,    0,  519,  458,  467,  750,  808,   26,  906,  499,  699,  735,  797,  825, 1129,  232,  434,  816,    0,  730,  803,  624,  301,  437,  708,  907,  959,  890,  770,  835,   30,  349,  400,  749,  280,  359,  541,  880,  559, 1037,  877,  975,  558,  186,  820,  118,  746,  647,  459,  783,  273,  706,  509,  587,  455,  845,  453,  703,  705,  349,  550,  680,  585,  497,  634,   99,  483,  502,  435,  666,  746,  404,  313,  821,  125,  397,  959,  211,  363,  167,  723,  606,  368,  410,  313,  814,  177,  859,  865,  918,  766,  320,  837,  731,  734,  690,  854,   55,  816,  242,  885,  185,  108,  532,  644,  258,  887,  806,  537,  434,  500,  350,  298,  697,  794,  231,  532,  542,  916,  464,  494,  899,  913,  520,  615,  914,  243,  826,  211,  488,  240,  971,  720,   68,  506,  857,  496,  637,  407,  299],
        [  640,    0,  599,  577,  397,  617,   81,  744,  336,  247,  495,  490,   70,  196,  450,  605,  404,  386,  730,    0,  482,  606,  478,  317,  457,  184,  242,  361,  384,  206,  759,  440,  431,  430,  486,  407,  626,  167,  294,  395,  348,  269,  242,  882,  427,  834,  537,  201,  687,  487,  570,  489,  330,  270,  276,  580,  524,   60,  350,  474,  333,  757,  224,  450,  336,  724,  504,  597,  745,  247,   89,  356,  485,  437,  824,  422,  303,  892,  689,  623,  168,  696,  530,  436,  715,  200,  778,  157,  300,  346,  176,  576,  487,  507,  277,  298,  178,  684,  137,  590,  364,  871,  774,  566,  710,  672,  284,  469,  341,  627,  516,  626,  532,  426,  547,  616,  644,  207,  191,  454,  370,  586,  532,  231,  245,  250,  759,  118,  539,  485,  508,  245,  790,  707,  732,  589,  415,  500,  362,  435],
        [  493,    0,  959,  913,  344, 1054,  524,  801,  814,  568,  936,  941,  481,  674,  859,  580,  730,  115,  803,  482,    0, 1006,  511,  608,  904,  496,  643,  842,  855,  683,  827,  706,  409,  891,  703,  474,  991,  456,  691,  843,  829,  681,  345,  870,   73,  858,  103,  306, 1006,  949,  807,  108,  329,  683,  514,   98,  364,  530,  808,  456,  727, 1147,  631,  815,  771,  855,  330,  360, 1041,  699,  398,  634,  735,  912,  832,  415,  755,  861,  535,  638,  643, 1072,  823,  396,  591,  680,  739,  431,  780,  823,  316,  497,   37,   93,  748,  196,  643,  749,  398,  567,  845,  852,  780,  315, 1098,  596,  759,  939,  728,  436,  318,  904,  506,  874, 1006,  829, 1002,  560,  506,  802,  732,  115,  111,  417,  288,  707,  677,  575,  602,  844,  581,  531, 1187,  746, 1062,  107,  781,  920,  439,  620],
        [  843,    0,  107,  167,  725,  132,  636,  649,  504,  438,  158,  194,  661,  528,  758,  709,  290,  943,  624,  606, 1006,    0,  634,  406,  198,  758,  704,  462,  312,  531,  641,  353,  693,  255,  405,  611,   94,  759,  322,  647,  456,  693,  662,  805,  975,  734, 1014,  708,  209,  243,  356,  960,  700,  340,  500, 1092,  820,  547,  291,  687,  283,  152,  391,  196,  274,  541,  827,  906,  277,  367,  685,  391,  356,  322,  747,  681,  615,  833,  870,  666,  462,  104,  267,  709,  851,  512,  784,  758,  483,  510,  763,  758, 1025,  986,  375,  814,  585,  620,  742,  703,  453,  807,  728,  905,  106,  784,  526,  281,  280,  880,  848,  279,  698,  218,  215,  394,  113,  450,  760,  217,  275, 1120, 1088,  590,  719,  600,  825,  611,  600,  175,  587,  804,  186,  660,  208, 1104,  227,  114,  615,  466],
        [  216,    0,  551,  492,  169,  731,  558,  304,  730,  301,  640,  665,  538,  618,  914,  129,  353,  516,  301,  478,  511,  634,    0,  272,  629,  640,  719,  728,  647,  629,  328,  282,  103,  649,  240,   71,  583,  607,  417,  839,  714,  742,  269,  416,  523,  380,  468,  356,  555,  699,  331,  421,  209,  435,  226,  564,  199,  468,  580,   62,  430,  745,  407,  448,  513,  344,  218,  278,  571,  502,  472,  263,  286,  708,  363,   98,  751,  421,  252,  153,  525,  665,  385,  115,  256,  611,  302,  584,  686,  742,  477,  130,  544,  448,  575,  390,  632,  247,  538,  114,  725,  402,  310,  288,  699,  201,  696,  710,  422,  246,  239,  439,   69,  607,  734,  338,  586,  336,  650,  420,  395,  614,  620,  249,  319,  700,  283,  588,   92,  461,   72,  703,  788,  254,  613,  577,  426,  593,  119,  169],
        [  485,    0,  351,  307,  323,  480,  386,  455,  478,   70,  377,  398,  386,  388,  692,  385,  122,  560,  437,  317,  608,  406,  272,    0,  362,  500,  528,  469,  376,  398,  466,  126,  301,  379,  172,  225,  383,  481,  146,  602,  455,  541,  265,  609,  586,  551,  610,  328,  407,  430,  255,  555,  295,  166,   95,  690,  429,  277,  309,  309,  161,  541,  151,  211,  242,  415,  431,  516,  453,  240,  362,   40,  170,  437,  546,  288,  522,  625,  523,  373,  287,  465,  230,  315,  524,  377,  528,  467,  435,  490,  416,  401,  631,  582,  312,  424,  418,  399,  432,  373,  465,  601,  503,  509,  492,  464,  453,  439,  154,  506,  451,  323,  341,  338,  468,  300,  395,  112,  507,  195,  136,  723,  698,  193,  327,  477,  534,  396,  286,  238,  259,  561,  582,  430,  460,  702,  180,  339,  216,  142],
        [  844,    0,  263,  293,  675,  161,  470,  732,  306,  362,   44,   38,  501,  343,  560,  731,  288,  826,  708,  457,  904,  198,  629,  362,    0,  587,  515,  264,  115,  344,  731,  374,  661,   58,  442,  586,  270,  594,  227,  450,  259,  501,  575,  893,  863,  825,  931,  599,  380,   75,  440,  877,  633,  225,  440,  997,  789,  398,  109,  670,  202,  336,  275,  212,  135,  643,  788,  876,  452,  212,  543,  367,  400,  131,  831,  648,  418,  917,  879,  704,  295,  301,  346,  675,  874,  327,  844,  597,  286,  313,  627,  759,  918,  902,  193,  709,  400,  689,  590,  721,  256,  891,  801,  865,  298,  810,  330,  102,  209,  867,  807,  405,  698,   32,  107,  489,  293,  354,  587,  244,  237, 1016,  973,  509,  621,  407,  869,  437,  624,  225,  602,  626,  359,  727,  395, 1008,  216,   95,  574,  473],
        [  777,    0,  765,  750,  530,  747,  124,  919,  370,  430,  629,  615,  114,  254,  364,  765,  584,  383,  907,  184,  496,  758,  640,  500,  587,    0,  150,  412,  492,  257,  936,  623,  577,  547,  669,  570,  790,   41,  464,  356,  403,  190,  380, 1052,  426, 1008,  577,  306,  860,  598,  753,  540,  462,  436,  455,  590,  648,  230,  478,  625,  501,  909,  397,  620,  485,  905,  621,  707,  921,  392,  169,  539,  668,  531,  995,  571,  279, 1059,  826,  790,  297,  854,  710,  579,  861,  268,  941,   69,  351,  376,  202,  723,  487,  550,  394,  358,  200,  859,  114,  749,  418, 1040,  944,  669,  864,  825,  315,  572,  511,  752,  629,  806,  687,  558,  661,  799,  810,  390,   12,  628,  544,  576,  506,  393,  353,  240,  914,  150,  710,  656,  678,   64,  938,  879,  902,  595,  587,  647,  521,  616],
        [  880,    0,  731,  728,  635,  668,  162,  975,  248,  462,  558,  536,  192,  177,  221,  847,  585,  531,  959,  242,  643,  704,  719,  528,  515,  150,    0,  295,  407,  173,  988,  642,  672,  466,  699,  648,  751,  188,  451,  208,  290,   40,  480, 1119,  575, 1068,  720,  421,  837,  509,  768,  680,  567,  419,  509,  738,  759,  257,  413,  715,  482,  849,  395,  598,  441,  942,  737,  827,  903,  355,  278,  566,  688,  433, 1059,  664,  138, 1130,  929,  862,  263,  805,  709,  677,  957,  193, 1018,  212,  242,  250,  338,  818,  636,  693,  329,  492,  123,  916,  249,  832,  302, 1108, 1010,  792,  808,  914,  199,  477,  494,  864,  746,  802,  774,  489,  571,  819,  773,  419,  141,  613,  535,  726,  656,  473,  469,  115, 1000,  134,  777,  633,  745,  144,  873,  941,  872,  744,  569,  590,  604,  661],
        [  930,    0,  520,  538,  711,  395,  327,  911,   48,  427,  305,  273,  369,  170,  296,  849,  460,  742,  890,  361,  842,  462,  728,  469,  264,  412,  295,    0,  152,  163,  916,  542,  722,  207,  611,  667,  531,  434,  333,  186,   15,  268,  571, 1070,  785, 1007,  896,  555,  636,  232,  644,  847,  652,  306,  505,  940,  839,  320,  198,  749,  342,  593,  322,  426,  262,  844,  827,  921,  708,  229,  445,  494,  581,  150, 1007,  710,  170, 1088,  973,  841,  217,  564,  561,  733,  984,  162,  995,  448,   63,   51,  530,  851,  845,  867,  158,  658,  214,  859,  462,  837,   10, 1064,  967,  898,  559,  927,   98,  196,  355,  934,  843,  640,  795,  249,  289,  697,  554,  394,  407,  453,  400,  943,  884,  527,  594,  180, 1001,  277,  754,  453,  726,  430,  610,  893,  657,  948,  411,  356,  637,  608],
        [  858,    0,  369,  390,  664,  261,  382,  792,  192,  355,  157,  130,  417,  240,  447,  760,  337,  767,  770,  384,  855,  312,  647,  376,  115,  492,  407,  152,    0,  240,  795,  423,  661,   60,  494,  594,  380,  504,  231,  337,  145,  390,  544,  953,  806,  888,  893,  552,  486,  107,  512,  840,  614,  214,  436,  950,  786,  329,   68,  679,  225,  449,  252,  286,  139,  715,  780,  872,  557,  162,  473,  393,  458,   62,  891,  648,  305,  974,  898,  742,  217,  415,  423,  674,  900,  225,  891,  510,  173,  199,  560,  775,  864,  863,  108,  661,  298,  744,  510,  749,  143,  949,  855,  855,  412,  839,  217,   85,  237,  873,  798,  496,  716,   98,  170,  564,  403,  334,  491,  315,  277,  963,  914,  485,  581,  296,  906,  343,  657,  309,  632,  526,  470,  780,  506,  960,  277,  204,  573,  507],
        [  816,    0,  561,  561,  583,  499,  165,  853,  132,  340,  387,  367,  206,   12,  294,  755,  432,  581,  835,  206,  683,  531,  629,  398,  344,  257,  173,  163,  240,    0,  863,  499,  605,  298,  562,  562,  580,  275,  294,  210,  152,  166,  434, 1005,  624,  948,  741,  405,  669,  345,  620,  694,  519,  263,  405,  781,  712,  176,  241,  639,  321,  677,  251,  433,  271,  806,  696,  790,  737,  190,  285,  432,  544,  275,  943,  594,  125, 1020,  862,  759,  112,  632,  552,  613,  880,   23,  916,  287,  100,  141,  369,  743,  685,  712,  157,  503,   59,  796,  300,  741,  167,  996,  898,  762,  636,  829,   79,  316,  334,  812,  710,  642,  692,  318,  408,  672,  602,  299,  255,  451,  377,  782,  723,  402,  447,   82,  910,  116,  671,  466,  641,  287,  702,  826,  702,  789,  406,  418,  524,  538],
        [  386,    0,  535,  475,  493,  768,  837,   28,  933,  528,  721,  757,  826,  853, 1157,  253,  459,  842,   30,  759,  827,  641,  328,  466,  731,  936,  988,  916,  795,  863,    0,  375,  426,  773,  306,  387,  557,  909,  585, 1065,  903, 1004,  587,  165,  846,   95,  769,  675,  470,  805,  294,  729,  536,  614,  484,  868,  475,  732,  730,  375,  575,  691,  613,  519,  660,  106,  506,  521,  442,  693,  775,  432,  338,  845,  107,  424,  987,  192,  375,  190,  751,  619,  389,  436,  324,  842,  177,  888,  892,  944,  794,  341,  862,  755,  761,  717,  882,   82,  845,  264,  911,  167,  103,  553,  657,  272,  915,  830,  563,  451,  522,  365,  322,  720,  815,  249,  547,  571,  946,  487,  519,  922,  938,  549,  643,  942,  248,  855,  239,  509,  268, 1000,  731,   85,  516,  880,  520,  658,  436,  328],
        [  492,    0,  272,  216,  389,  454,  507,  371,  560,  195,  375,  406,  509,  490,  791,  364,   87,  669,  349,  440,  706,  353,  282,  126,  374,  623,  642,  542,  423,  499,  375,    0,  348,  407,   71,  264,  304,  605,  212,  695,  529,  652,  371,  531,  692,  467,  694,  444,  300,  448,  130,  641,  380,  242,  203,  782,  472,  398,  357,  336,  201,  468,  250,  172,  286,  308,  482,  556,  338,  321,  487,   87,   46,  477,  468,  336,  621,  552,  521,  331,  389,  388,  118,  364,  508,  478,  472,  592,  519,  571,  538,  406,  732,  669,  387,  532,  527,  322,  557,  357,  536,  527,  432,  559,  420,  442,  545,  467,  189,  528,  503,  203,  346,  358,  471,  178,  310,  234,  630,  142,  146,  819,  803,  303,  435,  581,  496,  513,  255,  181,  238,  684,  510,  358,  357,  794,  158,  320,  279,  114],
        [  212,    0,  620,  563,   68,  778,  511,  402,  718,  307,  677,  698,  484,  594,  878,  198,  404,  417,  400,  431,  409,  693,  103,  301,  661,  577,  672,  722,  661,  605,  426,  348,    0,  673,  321,   84,  652,  542,  438,  812,  708,  700,  198,  499,  421,  471,  368,  279,  637,  726,  419,  320,  121,  449,  226,  464,  129,  434,  597,   54,  459,  815,  412,  500,  535,  447,  135,  216,  660,  506,  409,  305,  362,  723,  450,   14,  722,  500,  259,  243,  509,  735,  460,   16,  286,  590,  376,  517,  674,  729,  399,  147,  442,  348,  577,  295,  598,  346,  469,  182,  721,  484,  397,  212,  767,  250,  677,  732,  453,  213,  156,  525,  116,  635,  767,  432,  658,  331,  588,  476,  434,  512,  517,  204,  236,  669,  339,  547,  194,  519,  173,  639,  857,  349,  695,  477,  473,  638,   89,  240],
        [  863,    0,  320,  347,  681,  202,  434,  772,  250,  368,   99,   71,  467,  297,  503,  757,  321,  807,  749,  430,  891,  255,  649,  379,   58,  547,  466,  207,   60,  298,  773,  407,  673,    0,  477,  601,  328,  557,  236,  392,  202,  450,  570,  934,  845,  866,  924,  586,  437,   59,  484,  871,  635,  226,  448,  986,  799,  372,   84,  686,  220,  389,  271,  256,  139,  688,  796,  886,  509,  192,  517,  390,  438,   76,  871,  660,  364,  956,  901,  734,  263,  358,  392,  686,  899,  282,  879,  562,  232,  256,  604,  779,  902,  894,  155,  696,  355,  727,  559,  747,  198,  931,  838,  872,  354,  836,  277,   61,  229,  882,  815,  457,  718,   54,  118,  535,  351,  353,  546,  287,  264, 1001,  955,  508,  612,  356,  899,  397,  651,  273,  628,  583,  410,  764,  453,  996,  253,  152,  585,  500],
        [  441,    0,  314,  253,  371,  514,  558,  301,  628,  241,  441,  473,  555,  553,  855,  305,  158,  678,  280,  486,  703,  405,  240,  172,  442,  669,  699,  611,  494,  562,  306,   71,  321,  477,    0,  240,  345,  648,  280,  761,  598,  711,  382,  461,  696,  397,  681,  462,  318,  517,  104,  630,  375,  309,  226,  773,  437,  449,  428,  299,  271,  507,  312,  236,  357,  245,  452,  518,  341,  388,  523,  134,   49,  547,  398,  310,  685,  481,  466,  266,  451,  426,  146,  336,  448,  541,  403,  632,  586,  639,  566,  356,  731,  657,  455,  540,  587,  251,  594,  299,  606,  456,  362,  526,  461,  381,  611,  537,  259,  482,  473,  205,  298,  427,  537,  137,  347,  283,  677,  204,  217,  814,  804,  320,  446,  643,  430,  567,  196,  239,  185,  731,  549,  288,  375,  785,  227,  384,  265,   84],
        [  265,    0,  536,  480,  133,  698,  488,  365,  667,  242,  600,  622,  468,  551,  845,  199,  322,  466,  359,  407,  474,  611,   71,  225,  586,  570,  648,  667,  594,  562,  387,  264,   84,  601,  240,    0,  568,  538,  367,  772,  653,  672,  202,  485,  477,  446,  444,  290,  555,  654,  340,  393,  154,  381,  163,  537,  210,  399,  529,   85,  385,  731,  349,  419,  464,  390,  218,  296,  580,  444,  402,  224,  280,  656,  430,   72,  683,  491,  307,  221,  460,  652,  377,  100,  319,  545,  372,  515,  623,  678,  411,  184,  505,  421,  517,  335,  563,  306,  469,  184,  665,  471,  377,  295,  684,  269,  631,  661,  378,  282,  239,  444,  130,  562,  692,  357,  574,  273,  580,  394,  356,  582,  580,  178,  256,  632,  353,  518,  149,  437,  120,  633,  774,  318,  613,  549,  393,  558,   50,  158],
        [  785,    0,   33,   92,  690,  225,  666,  566,  570,  428,  235,  274,  686,  575,  826,  644,  261,  938,  541,  626,  991,   94,  583,  383,  270,  790,  751,  531,  380,  580,  557,  304,  652,  328,  345,  568,    0,  786,  333,  716,  524,  745,  646,  720,  966,  648,  990,  703,  117,  326,  280,  936,  674,  357,  478, 1073,  775,  569,  346,  639,  293,  164,  403,  181,  311,  455,  786,  859,  186,  401,  699,  360,  297,  399,  663,  639,  674,  748,  808,  597,  497,   84,  200,  667,  784,  559,  706,  781,  544,  578,  771,  701, 1013,  963,  424,  804,  630,  541,  761,  641,  523,  723,  646,  863,  117,  717,  585,  363,  286,  826,  807,  192,  642,  282,  305,  312,   23,  448,  793,  190,  266, 1105, 1079,  574,  707,  654,  751,  648,  538,  148,  529,  841,  206,  581,  126, 1084,  217,  176,  579,  415],
        [  739,    0,  760,  741,  493,  754,  125,  891,  395,  411,  635,  623,  101,  271,  404,  731,  571,  344,  880,  167,  456,  759,  607,  481,  594,   41,  188,  434,  504,  275,  909,  605,  542,  557,  648,  538,  786,    0,  456,  392,  425,  227,  345, 1021,  388,  978,  536,  268,  852,  610,  735,  499,  426,  430,  430,  551,  609,  219,  485,  591,  495,  910,  387,  613,  485,  881,  582,  668,  911,  393,  136,  520,  650,  546,  965,  536,  310, 1028,  789,  758,  301,  853,  696,  543,  825,  284,  908,   28,  372,  401,  162,  688,  449,  510,  403,  317,  220,  831,   75,  716,  440, 1008,  913,  629,  864,  791,  339,  586,  504,  714,  589,  792,  653,  564,  673,  780,  805,  373,   53,  619,  535,  539,  471,  362,  315,  268,  880,  162,  680,  649,  648,   98,  941,  850,  896,  557,  579,  649,  489,  591],
        [  629,    0,  306,  286,  449,  365,  340,  579,  349,  136,  250,  264,  356,  286,  582,  530,  138,  623,  559,  294,  691,  322,  417,  146,  227,  464,  451,  333,  231,  294,  585,  212,  438,  236,  280,  367,  333,  456,    0,  484,  319,  454,  353,  738,  656,  675,  710,  389,  397,  289,  327,  656,  408,   32,  214,  781,  565,  237,  164,  451,   40,  471,   71,  157,   98,  518,  562,  652,  459,  110,  367,  165,  254,  291,  675,  425,  413,  756,  668,  514,  188,  405,  259,  451,  670,  272,  666,  450,  308,  360,  442,  545,  708,  681,  176,  497,  330,  527,  428,  519,  328,  732,  635,  640,  423,  609,  334,  295,   48,  647,  582,  352,  486,  199,  333,  379,  351,  132,  468,  166,   85,  805,  769,  285,  405,  376,  677,  331,  428,  193,  402,  518,  507,  561,  440,  792,  124,  229,  350,  279],
        [ 1024,    0,  703,  718,  787,  576,  328, 1056,  147,  548,  490,  457,  369,  221,  111,  965,  620,  732, 1037,  395,  843,  647,  839,  602,  450,  356,  208,  186,  337,  210, 1065,  695,  812,  392,  761,  772,  716,  392,  484,    0,  192,  169,  635, 1210,  776, 1152,  914,  593,  819,  415,  808,  871,  722,  453,  615,  939,  915,  380,  376,  848,  502,  777,  453,  600,  432, 1001,  897,  990,  890,  375,  458,  634,  737,  332, 1148,  802,   93, 1226, 1070,  967,  318,  750,  730,  820, 1090,  228, 1124,  414,  180,  138,  530,  952,  838,  886,  314,  679,  218, 1001,  446,  951,  195, 1203, 1104,  960,  744, 1039,  151,  377,  515, 1017,  910,  814,  901,  434,  468,  860,  738,  508,  348,  623,  561,  930,  862,  609,  639,  146, 1120,  280,  880,  629,  849,  347,  792, 1031,  841,  945,  580,  541,  733,  744],
        [  915,    0,  512,  529,  697,  393,  315,  898,   49,  413,  300,  269,  357,  159,  302,  835,  448,  730,  877,  348,  829,  456,  714,  455,  259,  403,  290,   15,  145,  152,  903,  529,  708,  202,  598,  653,  524,  425,  319,  192,    0,  265,  557, 1056,  772,  994,  883,  542,  628,  231,  633,  834,  638,  292,  490,  927,  824,  306,  188,  735,  329,  589,  308,  416,  250,  832,  812,  906,  699,  215,  432,  481,  568,  149,  993,  696,  168, 1075,  958,  827,  203,  559,  550,  718,  969,  150,  982,  438,   53,   55,  518,  836,  833,  853,  144,  644,  205,  845,  451,  822,   16, 1050,  953,  883,  555,  912,   92,  195,  342,  919,  828,  629,  780,  242,  289,  685,  547,  380,  399,  442,  387,  931,  873,  512,  580,  175,  987,  267,  740,  443,  712,  424,  608,  879,  650,  936,  399,  349,  622,  595],
        [  909,    0,  726,  726,  665,  650,  191,  991,  221,  476,  544,  520,  224,  172,  185,  870,  591,  570,  975,  269,  681,  693,  742,  541,  501,  190,   40,  268,  390,  166, 1004,  652,  700,  450,  711,  672,  745,  227,  454,  169,  265,    0,  509, 1138,  614, 1085,  758,  454,  834,  490,  776,  717,  597,  423,  528,  777,  790,  276,  402,  742,  484,  836,  403,  598,  436,  955,  768,  859,  902,  354,  312,  578,  697,  411, 1077,  691,  104, 1150,  957,  883,  267,  795,  713,  705,  984,  187, 1039,  251,  221,  222,  375,  844,  675,  730,  321,  529,  125,  933,  287,  855,  277, 1128, 1030,  825,  796,  939,  176,  456,  496,  894,  779,  805,  799,  477,  551,  827,  767,  434,  180,  614,  538,  765,  696,  498,  502,   95, 1025,  155,  797,  631,  766,  180,  859,  960,  867,  783,  570,  580,  629,  677],
        [  402,    0,  615,  571,  156,  717,  319,  566,  557,  224,  602,  612,  290,  423,  691,  389,  386,  299,  558,  242,  345,  662,  269,  265,  575,  380,  480,  571,  544,  434,  587,  371,  198,  570,  382,  202,  646,  345,  353,  635,  557,  509,    0,  684,  323,  647,  358,   89,  668,  628,  484,  304,   88,  350,  171,  431,  282,  258,  488,  247,  387,  803,  300,  470,  440,  580,  263,  357,  708,  382,  212,  293,  405,  605,  631,  192,  542,  688,  451,  421,  355,  728,  486,  200,  482,  422,  567,  320,  516,  568,  209,  344,  367,  329,  444,  161,  417,  506,  273,  373,  572,  670,  578,  329,  753,  447,  511,  624,  387,  386,  276,  573,  309,  545,  680,  516,  659,  222,  391,  457,  388,  460,  435,   73,   65,  489,  536,  360,  350,  500,  320,  441,  842,  519,  722,  442,  436,  580,  152,  305],
