{
    "name": "random-63-17823",
    "comment": "size=63 seed=17823",
    "nodes": ["+0", "-0", "+1", "-1", "+2", "-2", "+3", "-3", "+4", "-4", "+5", "-5", "+6", "-6", "+7", "-7", "+8", "-8", "+9", "-9", "+10", "-10", "+11", "-11", "+12", "-12", "+13", "-13", "+14", "-14", "+15", "-15", "+16", "-16", "+17", "-17", "+18", "-18", "+19", "-19", "+20", "-20", "+21", "-21", "+22", "-22", "+23", "-23", "+24", "-24", "+25", "-25", "+26", "-26", "+27", "-27", "+28", "-28", "+29", "-29", "+30", "-30", "+31", "-31", "+32", "-32", "+33", "-33", "+34", "-34", "+35", "-35", "+36", "-36", "+37", "-37", "+38", "-38", "+39", "-39", "+40", "-40", "+41", "-41", "+42", "-42", "+43", "-43", "+44", "-44", "+45", "-45", "+46", "-46", "+47", "-47", "+48", "-48", "+49", "-49", "+50", "-50", "+51", "-51", "+52", "-52", "+53", "-53", "+54", "-54", "+55", "-55", "+56", "-56", "+57", "-57", "+58", "-58", "+59", "-59", "+60", "-60", "+61", "-61", "+62", "-62", "+63", "-63"],
    "precedence": {
        "+0": "-0",
        "+1": "-1",
        "+2": "-2",
        "+3": "-3",
        "+4": "-4",
        "+5": "-5",
        "+6": "-6",
        "+7": "-7",
        "+8": "-8",
        "+9": "-9",
        "+10": "-10",
        "+11": "-11",
        "+12": "-12",
        "+13": "-13",
        "+14": "-14",
        "+15": "-15",
        "+16": "-16",
        "+17": "-17",
        "+18": "-18",
        "+19": "-19",
        "+20": "-20",
        "+21": "-21",
        "+22": "-22",
        "+23": "-23",
        "+24": "-24",
        "+25": "-25",
        "+26": "-26",
        "+27": "-27",
        "+28": "-28",
        "+29": "-29",
        "+30": "-30",
        "+31": "-31",
        "+32": "-32",
        "+33": "-33",
        "+34": "-34",
        "+35": "-35",
        "+36": "-36",
        "+37": "-37",
        "+38": "-38",
        "+39": "-39",
        "+40": "-40",
        "+41": "-41",
        "+42": "-42",
        "+43": "-43",
        "+44": "-44",
        "+45": "-45",
        "+46": "-46",
        "+47": "-47",
        "+48": "-48",
        "+49": "-49",
        "+50": "-50",
        "+51": "-51",
        "+52": "-52",
        "+53": "-53",
        "+54": "-54",
        "+55": "-55",
        "+56": "-56",
        "+57": "-57",
        "+58": "-58",
        "+59": "-59",
        "+60": "-60",
        "+61": "-61",
        "+62": "-62",
        "+63": "-63"
    },
    "edges": [
        [    0,    0,  104,  408,  329,  732,  767,  209,  196,  333,  693,  861,  609,  320,  589,  949,  387,  591,  634,  492,  592,  574,   94,  670,  119,    6,  210,  297,  793,  306,  469,  829,  519,  295,  496,  446,  633,  533,  386,  549,  886,  279,  687,   78,  357,  640,  854,  871,  611,  824,  729,  336,  786,  816,  340,  682,  542,  582,  737,   91,  283,  590,  109,  594,  152,  413,  317,  634,  730,  251,  448,  495,  437,  750,  608,  199,  199,  702,  856,  568,  484,   98,  288,  309,  635,  377,  283,  689,  737,  788,  581,  223,  620,  632,  396,  365,  294,  497,  492,  660,  261,  391,  460,  478,  160,  275,  591,  570,  499,  451,  834,  462,  476,  201,  768,  194,  203,  581,  674,  245,  732,  727,  753,  320,  491,   22,  249,  658],
        [    0,    0,    0,    0,    0,    0,    0,    0,    0,    0,    0,    0,    0,    0,    0,    0,    0,    0,    0,    0,    0,    0,    0,    0,    0,    0,    0,    0,    0,    0,    0,    0,    0,    0,    0,    0,    0,    0,    0,    0,    0,    0,    0,    0,    0,    0,    0,    0,    0,    0,    0,    0,    0,    0,    0,    0,    0,    0,    0,    0,    0,    0,    0,    0,    0,    0,    0,    0,    0,    0,    0,    0,    0,    0,    0,    0,    0,    0,    0,    0,    0,    0,    0,    0,    0,    0,    0,    0,    0,    0,    0,    0,    0,    0,    0,    0,    0,    0,    0,    0,    0,    0,    0,    0,    0,    0,    0,    0,    0,    0,    0,    0,    0,    0,    0,    0,    0,    0,    0,    0,    0,    0,    0,    0,    0,    0,    0,    0],
        [  104,    0,    0,  489,  304,  792,  763,  234,  239,  294,  785,  861,  711,  403,  597, 1039,  331,  572,  686,  474,  647,  602,   67,  774,  218,  104,  221,  374,  861,  220,  502,  922,  622,  394,  591,  399,  714,  626,  282,  568,  979,  382,  698,  168,  455,  668,  869,  967,  691,  906,  826,  363,  886,  888,  272,  766,  642,  673,  807,  194,  385,  686,  211,  623,  147,  503,  416,  737,  723,  255,  538,  599,  540,  840,  619,  158,  112,  752,  935,  582,  585,   90,  191,  225,  738,  311,  377,  792,  832,  858,  584,  121,  709,  707,  483,  467,  367,  564,  580,  720,  363,  454,  562,  541,  260,  207,  691,  670,  523,  503,  836,  529,  517,  252,  845,  100,  220,  679,  714,  344,  830,  743,  823,  237,  485,  109,  332,  752],
        [  408,    0,  489,    0,  427,  350,  617,  304,  274,  470,  312,  679,  346,  496,  436,  557,  543,  544,  293,  476,  244,  346,  431,  484,  300,  412,  336,  510,  394,  584,  267,  448,  327,  182,  161,  550,  226,  168,  744,  363,  508,  327,  490,  414,  404,  390,  615,  511,  203,  418,  379,  266,  467,  413,  552,  279,  494,  204,  337,  361,  348,  247,  362,  354,  550,   77,  378,  377,  597,  342,  523,  362,  331,  360,  438,  437,  599,  353,  448,  396,  241,  411,  609,  579,  473,  569,  152,  413,  374,  386,  449,  603,  657,  227,  516,  209,  526,  121,  573,  286,  231,  105,  401,  128,  361,  519,  521,  276,  318,  169,  649,  100,  231,  528,  360,  530,  325,  256,  367,  362,  398,  503,  353,  584,  428,  421,  160,  293],
        [  329,    0,  304,  427,    0,  610,  462,  161,  200,   47,  733,  562,  752,  632,  311,  959,  117,  268,  486,  171,  462,  350,  250,  864,  349,  334,  137,  616,  696,  213,  277,  865,  698,  454,  580,  136,  613,  594,  410,  303,  925,  533,  414,  402,  628,  411,  584,  934,  593,  795,  805,  169,  892,  735,  145,  678,  796,  629,  653,  385,  547,  672,  404,  371,  448,  483,  587,  783,  421,  102,  741,  703,  650,  772,  335,  146,  387,  543,  808,  307,  628,  235,  269,  204,  841,  149,  411,  827,  798,  702,  293,  345,  911,  581,  699,  533,  618,  434,  790,  541,  458,  336,  700,  400,  450,  151,  838,  689,  272,  335,  538,  404,  313,  529,  715,  251,  149,  678,  482,  523,  823,  463,  667,  202,  189,  349,  337,  719],
        [  732,    0,  792,  350,  610,    0,  503,  566,  554,  656,  346,  512,  544,  843,  406,  435,  714,  561,  127,  552,  150,  298,  727,  702,  637,  736,  590,  859,   95,  816,  335,  406,  591,  530,  401,  684,  211,  360, 1004,  351,  454,  673,  377,  753,  741,  273,  401,  499,  218,  256,  443,  456,  547,  141,  755,  247,  788,  336,   86,  701,  694,  405,  705,  282,  881,  396,  720,  568,  509,  572,  852,  647,  638,  330,  387,  691,  903,   94,  240,  372,  508,  705,  860,  807,  711,  755,  501,  570,  414,  111,  433,  892,  963,  157,  855,  538,  875,  238,  900,   73,  580,  342,  709,  254,  710,  749,  801,  479,  353,  292,  487,  272,  298,  874,  170,  804,  585,  435,  179,  711,  482,  351,   88,  808,  491,  748,  495,  380],
        [  767,    0,  763,  617,  462,  503,    0,  562,  584,  485,  809,  103,  945, 1028,  190,  938,  490,  210,  410,  295,  437,  273,  704, 1095,  743,  773,  558, 1023,  593,  646,  357,  899,  944,  757,  761,  421,  656,  743,  835,  257,  951,  886,  136,  830,  980,  248,  180,  990,  648,  758,  906,  446, 1011,  639,  560,  716, 1105,  749,  587,  797,  905,  817,  813,  270,  903,  693,  944,  975,   44,  517, 1102,  978,  941,  813,  181,  607,  848,  411,  741,  226,  856,  686,  710,  635, 1088,  534,  710,  998,  883,  612,  190,  803, 1257,  597, 1077,  814, 1030,  525, 1155,  478,  788,  522, 1008,  500,  847,  600, 1136,  872,  307,  449,   84,  526,  387,  965,  671,  711,  565,  839,  329,  897,  939,  153,  590,  628,  279,  789,  650,  825],
        [  209,    0,  234,  304,  161,  566,  562,    0,   40,  191,  616,  654,  605,  483,  381,  858,  264,  396,  455,  299,  418,  371,  168,  709,  194,  214,   33,  471,  640,  280,  269,  752,  543,  297,  444,  297,  517,  465,  448,  342,  812,  373,  479,  269,  469,  437,  646,  812,  495,  707,  677,  131,  756,  672,  255,  577,  635,  506,  589,  240,  388,  539,  257,  391,  353,  346,  428,  634,  525,   60,  583,  545,  491,  663,  400,  134,  342,  520,  730,  360,  478,  145,  308,  275,  683,  279,  256,  682,  675,  641,  374,  326,  753,  498,  545,  377,  476,  350,  634,  493,  297,  239,  539,  322,  299,  216,  678,  546,  294,  275,  627,  315,  284,  404,  637,  240,   22,  541,  480,  366,  691,  519,  605,  281,  288,  230,  183,  594],
        [  196,    0,  239,  274,  200,  554,  584,   40,    0,  230,  585,  674,  567,  452,  400,  830,  303,  427,  448,  331,  409,  379,  174,  670,  162,  201,   70,  443,  625,  312,  274,  722,  504,  258,  409,  335,  492,  432,  472,  355,  781,  337,  495,  248,  433,  444,  660,  780,  470,  684,  643,  143,  721,  654,  292,  550,  596,  475,  572,  214,  352,  505,  230,  399,  345,  312,  392,  597,  549,   98,  548,  505,  452,  633,  418,  163,  350,  515,  708,  376,  440,  151,  335,  308,  644,  317,  218,  645,  642,  624,  395,  341,  717,  477,  512,  338,  448,  330,  599,  482,  258,  219,  501,  305,  268,  250,  639,  509,  304,  265,  646,  295,  283,  384,  616,  259,   57,  505,  481,  331,  656,  533,  588,  314,  315,  216,  145,  561],
        [  333,    0,  294,  470,   47,  656,  485,  191,  230,    0,  777,  586,  790,  645,  345, 1005,   74,  283,  532,  190,  509,  392,  247,  899,  369,  338,  162,  627,  743,  173,  322,  910,  733,  487,  621,  114,  659,  636,  370,  344,  970,  557,  447,  409,  650,  452,  615,  978,  639,  841,  848,  215,  933,  781,   99,  724,  822,  672,  700,  398,  569,  714,  418,  413,  440,  524,  609,  821,  443,  135,  759,  735,  681,  817,  370,  139,  366,  588,  855,  345,  665,  236,  232,  163,  873,  103,  446,  866,  842,  749,  324,  319,  931,  628,  716,  567,  626,  480,  808,  588,  487,  382,  728,  447,  466,  117,  866,  729,  315,  382,  564,  450,  360,  530,  762,  228,  175,  719,  525,  542,  866,  497,  713,  160,  220,  353,  372,  762],
        [  693,    0,  785,  312,  733,  346,  809,  616,  585,  777,    0,  839,  229,  663,  662,  258,  849,  800,  401,  753,  373,  550,  733,  376,  576,  695,  648,  692,  306,  896,  517,  138,  315,  406,  200,  848,  153,  160, 1051,  590,  197,  507,  674,  677,  535,  561,  739,  202,  163,  189,   99,  567,  204,  284,  863,   99,  511,  112,  267,  625,  524,  121,  619,  546,  817,  282,  533,  245,  803,  653,  619,  380,  398,   64,  653,  748,  890,  420,  239,  621,  264,  714,  919,  890,  396,  879,  410,  231,   75,  283,  684,  904,  685,  213,  643,  360,  713,  316,  656,  339,  452,  397,  458,  350,  598,  831,  508,  188,  562,  420,  812,  337,  471,  761,  208,  837,  637,  147,  488,  558,  137,  664,  275,  896,  697,  701,  456,   53],
        [  861,    0,  861,  679,  562,  512,  103,  654,  674,  586,  839,    0,  993, 1112,  275,  942,  592,  312,  439,  396,  474,  334,  801, 1147,  830,  867,  653, 1109,  593,  748,  431,  916, 1002,  830,  813,  523,  687,  791,  937,  331,  965,  964,  191,  921, 1056,  292,  126, 1009,  682,  765,  937,  534, 1042,  639,  662,  742, 1171,  790,  597,  886,  984,  861,  901,  325,  999,  754, 1022, 1023,  146,  613, 1179, 1040, 1008,  835,  260,  706,  948,  424,  742,  304,  913,  782,  812,  737, 1144,  637,  784, 1040,  912,  615,  281,  904, 1329,  627, 1157,  881, 1117,  577, 1231,  501,  864,  590, 1076,  556,  933,  701, 1200,  921,  384,  513,   30,  583,  454, 1057,  681,  812,  659,  885,  352,  979,  972,  179,  598,  730,  376,  883,  729,  861],
        [  609,    0,  711,  346,  752,  544,  945,  605,  567,  790,  229,  993,    0,  485,  774,  436,  864,  889,  562,  821,  521,  673,  674,  158,  495,  610,  637,  521,  524,  870,  608,  309,  111,  322,  188,  883,  334,  203,  992,  699,  344,  361,  812,  570,  354,  703,  909,  302,  329,  417,  179,  605,  186,  509,  859,  311,  287,  211,  477,  525,  371,  140,  513,  676,  704,  275,  365,   32,  930,  656,  411,  171,  210,  285,  772,  722,  803,  599,  467,  732,  129,  660,  877,  867,  170,  883,  352,   81,  208,  502,  790,  832,  458,  390,  447,  246,  543,  420,  442,  515,  349,  450,  251,  447,  477,  813,  280,   74,  659,  506,  965,  423,  567,  619,  432,  785,  624,  111,  650,  412,  157,  815,  488,  875,  773,  611,  422,  179],
        [  320,    0,  403,  496,  632,  843, 1028,  483,  452,  645,  663, 1112,  485,    0,  839,  908,  704,  878,  785,  782,  736,  790,  414,  469,  290,  316,  499,   41,  873,  621,  685,  779,  375,  315,  479,  759,  676,  527,  653,  782,  823,  171,  924,  243,  132,  849, 1077,  786,  657,  838,  654,  583,  669,  881,  659,  698,  283,  574,  815,  248,  150,  543,  229,  805,  305,  449,  131,  497,  995,  539,  144,  319,  276,  726,  853,  516,  440,  848,  883,  809,  401,  416,  592,  625,  425,  696,  350,  553,  675,  860,  839,  495,  308,  703,   84,  316,   62,  616,  179,  781,  267,  545,  245,  615,  185,  594,  332,  485,  729,  624, 1083,  589,  672,  180,  813,  502,  488,  519,  851,  137,  639,  953,  831,  636,  766,  304,  387,  614],
        [  589,    0,  597,  436,  311,  406,  190,  381,  400,  345,  662,  275,  774,  839,    0,  827,  373,  156,  287,  174,  296,  115,  534,  919,  556,  595,  383,  836,  500,  516,  171,  768,  763,  568,  587,  319,  512,  575,  713,   75,  824,  696,  104,  648,  790,  138,  274,  854,  500,  647,  755,  260,  857,  546,  436,  576,  918,  588,  478,  612,  716,  652,  627,  125,  730,  512,  754,  804,  163,  344,  913,  794,  755,  677,   26,  447,  691,  316,  641,   42,  676,  514,  576,  506,  909,  420,  521,  832,  736,  515,   29,  654, 1068,  458,  888,  627,  843,  358,  965,  358,  598,  337,  821,  328,  660,  460,  950,  701,  120,  269,  247,  351,  207,  784,  558,  559,  388,  672,  232,  708,  785,  153,  486,  502,  126,  611,  461,  670],
        [  949,    0, 1039,  557,  959,  435,  938,  858,  830, 1005,  258,  942,  436,  908,  827,    0, 1074,  978,  542,  950,  535,  714,  985,  541,  832,  952,  889,  940,  349, 1137,  713,  130,  542,  663,  457, 1063,  346,  417, 1300,  763,   98,  760,  811,  934,  778,  703,  824,  160,  367,  182,  258,  791,  290,  303, 1096,  283,  718,  368,  354,  882,  775,  372,  877,  703, 1075,  537,  781,  436,  943,  889,  846,  605,  635,  200,  812,  991, 1146,  528,  200,  790,  510,  965, 1164, 1131,  575, 1107,  667,  394,  234,  328,  853, 1157,  881,  383,  879,  615,  961,  526,  877,  470,  709,  626,  685,  560,  855, 1071,  703,  424,  749,  628,  919,  556,  667, 1016,  271, 1086,  879,  392,  612,  811,  282,  786,  349, 1135,  890,  958,  708,  300],
        [  387,    0,  331,  543,  117,  714,  490,  264,  303,   74,  849,  592,  864,  704,  373, 1074,    0,  281,  587,  203,  569,  437,  296,  972,  435,  391,  234,  683,  802,  158,  380,  980,  806,  560,  695,   74,  728,  710,  346,  386, 1041,  624,  472,  464,  717,  493,  635, 1050,  708,  907,  921,  284, 1007,  842,   73,  793,  891,  745,  762,  459,  636,  787,  479,  458,  477,  598,  675,  895,  447,  209,  823,  807,  752,  888,  399,  189,  385,  641,  919,  381,  739,  289,  223,  147,  946,   47,  519,  940,  914,  810,  350,  330,  995,  694,  777,  640,  681,  548,  871,  647,  558,  453,  797,  514,  528,  128,  936,  803,  365,  448,  572,  519,  420,  578,  826,  249,  247,  793,  573,  607,  939,  524,  775,  140,  249,  405,  445,  835],
        [  591,    0,  572,  544,  268,  561,  210,  396,  427,  283,  800,  312,  889,  878,  156,  978,  281,    0,  440,  100,  444,  266,  517, 1025,  589,  597,  385,  867,  655,  438,  286,  913,  863,  644,  702,  212,  654,  698,  626,  216,  971,  755,  223,  660,  851,  292,  367,  997,  640,  799,  890,  308,  990,  701,  352,  720,  999,  717,  631,  636,  772,  777,  653,  279,  716,  617,  812,  920,  167,  343,  971,  885,  840,  820,  177,  414,  649,  471,  795,  190,  780,  502,  502,  427, 1011,  326,  596,  953,  874,  670,  128,  600, 1135,  603,  937,  713,  871,  488, 1022,  511,  664,  440,  901,  455,  694,  395, 1036,  818,  239,  387,  292,  474,  331,  792,  710,  510,  394,  793,  387,  756,  918,  274,  640,  420,  120,  613,  527,  804],
        [  634,    0,  686,  293,  486,  127,  410,  455,  448,  532,  401,  439,  562,  785,  287,  542,  587,  440,    0,  426,   49,  175,  620,  718,  551,  639,  476,  795,  220,  694,  210,  491,  586,  472,  392,  557,  248,  361,  884,  226,  545,  617,  276,  665,  696,  164,  348,  581,  244,  361,  499,  337,  604,  264,  630,  306,  773,  354,  192,  615,  639,  425,  622,  162,  785,  356,  670,  590,  408,  455,  814,  634,  613,  404,  271,  574,  796,   68,  356,  250,  498,  597,  740,  685,  720,  629,  436,  604,  475,  232,  313,  779,  942,  189,  808,  498,  810,  172,  864,   72,  519,  250,  685,  171,  634,  627,  793,  491,  226,  184,  412,  196,  176,  793,  272,  689,  472,  451,   89,  649,  534,  264,  201,  685,  365,  652,  413,  422],
        [  492,    0,  474,  476,  171,  552,  295,  299,  331,  190,  753,  396,  821,  782,  174,  950,  203,  100,  426,    0,  420,  258,  419,  951,  493,  498,  286,  770,  646,  355,  239,  874,  787,  559,  637,  146,  614,  638,  548,  204,  933,  663,  269,  562,  760,  303,  432,  954,  597,  774,  838,  223,  935,  689,  270,  680,  912,  662,  613,  538,  680,  718,  556,  276,  617,  547,  720,  852,  253,  245,  878,  804,  757,  780,  200,  316,  554,  470,  777,  190,  707,  403,  418,  344,  934,  250,  512,  889,  825,  657,  148,  509, 1044,  569,  843,  631,  773,  438,  929,  493,  575,  373,  815,  404,  597,  305,  951,  751,  203,  334,  374,  419,  285,  693,  687,  417,  296,  731,  392,  662,  863,  321,  624,  338,   62,  514,  440,  751],
        [  592,    0,  647,  244,  462,  150,  437,  418,  409,  509,  373,  474,  521,  736,  296,  535,  569,  444,   49,  420,    0,  182,  582,  677,  506,  597,  441,  747,  235,  667,  190,  473,  541,  423,  347,  544,  220,  319,  855,  228,  529,  569,  302,  620,  647,  189,  389,  561,  212,  356,  469,  306,  574,  274,  607,  283,  726,  316,  195,  570,  590,  387,  576,  174,  743,  308,  621,  550,  430,  423,  765,  588,  565,  383,  284,  542,  758,  114,  358,  256,  452,  559,  711,  658,  677,  609,  387,  567,  448,  242,  320,  744,  894,  164,  759,  450,  762,  124,  816,   79,  470,  205,  637,  123,  587,  600,  747,  449,  217,  144,  446,  148,  150,  747,  269,  655,  437,  412,  131,  600,  503,  296,  207,  659,  359,  610,  366,  389],
        [  574,    0,  602,  346,  350,  298,  273,  371,  379,  392,  550,  334,  673,  790,  115,  714,  437,  266,  175,  258,  182,    0,  536,  822,  519,  580,  382,  791,  392,  562,  107,  654,  672,  498,  488,  396,  399,  472,  759,   54,  710,  635,  144,  622,  726,   67,  288,  741,  387,  533,  644,  240,  747,  437,  489,  463,  838,  480,  366,  580,  656,  547,  592,   22,  723,  422,  693,  703,  258,  349,  848,  708,  674,  563,  104,  465,  705,  212,  530,   76,  583,  514,  617,  553,  816,  482,  453,  727,  624,  405,  140,  676,  995,  344,  830,  548,  802,  253,  900,  245,  535,  256,  743,  227,  617,  500,  867,  600,   80,  179,  304,  253,  121,  758,  445,  582,  383,  568,  137,  654,  675,  164,  375,  551,  198,  595,  403,  561],
        [   94,    0,   67,  431,  250,  727,  704,  168,  174,  247,  733,  801,  674,  414,  534,  985,  296,  517,  620,  419,  582,  536,    0,  748,  183,   98,  155,  390,  797,  215,  435,  870,  591,  353,  543,  358,  655,  575,  321,  503,  928,  364,  635,  172,  446,  602,  805,  920,  633,  848,  779,  297,  844,  825,  246,  709,  631,  621,  744,  179,  371,  639,  198,  557,  200,  452,  406,  701,  664,  191,  541,  574,  516,  786,  555,  109,  177,  686,  875,  518,  547,   23,  205,  217,  715,  284,  331,  754,  783,  795,  522,  173,  714,  646,  490,  430,  386,  501,  586,  655,  329,  391,  545,  477,  250,  181,  679,  628,  457,  438,  775,  466,  451,  284,  784,  112,  154,  633,  648,  334,  786,  679,  759,  227,  426,  111,  278,  702],
        [  670,    0,  774,  484,  864,  702, 1095,  709,  670,  899,  376, 1147,  158,  469,  919,  541,  972, 1025,  718,  951,  677,  822,  748,    0,  566,  670,  739,  509,  678,  956,  750,  425,  167,  413,  335,  998,  491,  358, 1054,  845,  444,  395,  963,  616,  348,  856, 1065,  387,  486,  557,  303,  730,  254,  660,  957,  465,  203,  369,  633,  580,  397,  298,  565,  826,  736,  409,  375,  134, 1078,  765,  356,  175,  234,  425,  919,  813,  852,  757,  608,  878,  245,  737,  953,  955,   45,  985,  454,  152,  336,  656,  933,  890,  344,  548,  408,  333,  531,  571,  369,  673,  423,  587,  228,  595,  519,  904,  172,  228,  802,  650, 1118,  570,  712,  631,  583,  858,  726,  269,  806,  440,  268,  968,  643,  964,  907,  667,  528,  329],
        [  119,    0,  218,  300,  349,  637,  743,  194,  162,  369,  576,  830,  495,  290,  556,  832,  435,  589,  551,  493,  506,  519,  183,  566,    0,  121,  213,  281,  692,  392,  412,  712,  409,  177,  378,  481,  522,  416,  498,  504,  768,  191,  646,  116,  282,  582,  806,  753,  500,  712,  611,  297,  669,  712,  404,  568,  459,  465,  635,   65,  202,  472,   74,  537,  250,  297,  241,  521,  709,  252,  392,  392,  334,  633,  571,  256,  317,  618,  745,  528,  368,  172,  387,  392,  534,  437,  166,  575,  619,  685,  553,  339,  563,  526,  352,  250,  288,  400,  442,  567,  147,  302,  369,  386,  106,  346,  505,  453,  451,  372,  801,  366,  409,  243,  659,  294,  201,  463,  601,  174,  614,  679,  651,  401,  477,  126,  144,  540],
        [    6,    0,  104,  412,  334,  736,  773,  214,  201,  338,  695,  867,  610,  316,  595,  952,  391,  597,  639,  498,  597,  580,   98,  670,  121,    0,  215,  293,  797,  309,  474,  832,  519,  297,  499,  450,  637,  536,  385,  554,  888,  278,  692,   74,  355,  645,  859,  873,  614,  827,  731,  342,  787,  820,  344,  685,  540,  585,  741,   90,  282,  592,  108,  599,  147,  416,  315,  635,  735,  257,  445,  495,  437,  753,  614,  203,  197,  706,  859,  574,  485,  103,  290,  312,  635,  381,  286,  690,  739,  792,  587,  223,  617,  636,  393,  366,  290,  501,  489,  664,  262,  395,  459,  482,  158,  279,  589,  571,  505,  456,  840,  466,  481,  196,  771,  196,  209,  583,  679,  243,  734,  732,  757,  323,  496,   17,  252,  660],
        [  210,    0,  221,  336,  137,  590,  558,   33,   70,  162,  648,  653,  637,  499,  383,  889,  234,  385,  476,  286,  441,  382,  155,  739,  213,  215,    0,  485,  666,  249,  283,  783,  573,  327,  476,  271,  547,  497,  420,  349,  843,  397,  482,  276,  492,  448,  651,  845,  525,  737,  709,  144,  788,  698,  223,  607,  661,  538,  616,  253,  411,  571,  271,  403,  348,  378,  451,  666,  520,   43,  604,  574,  519,  694,  403,  105,  325,  540,  758,  365,  510,  134,  279,  243,  713,  248,  287,  714,  707,  667,  373,  304,  775,  527,  564,  407,  488,  377,  654,  517,  325,  267,  566,  349,  315,  184,  704,  578,  303,  298,  626,  343,  302,  409,  665,  215,   14,  573,  496,  386,  723,  525,  631,  249,  281,  231,  215,  626],
        [  297,    0,  374,  510,  616,  859, 1023,  471,  443,  627,  692, 1109,  521,   41,  836,  940,  683,  867,  795,  770,  747,  791,  390,  509,  281,  293,  485,    0,  893,  593,  686,  811,  410,  329,  504,  740,  697,  552,  618,  781,  856,  191,  923,  219,  168,  852, 1079,  821,  678,  865,  687,  578,  705,  902,  635,  722,  324,  600,  835,  233,  172,  572,  215,  807,  269,  468,  160,  534,  989,  526,  183,  356,  311,  755,  850,  494,  404,  859,  908,  806,  431,  394,  562,  598,  465,  673,  361,  590,  707,  881,  834,  461,  342,  722,  122,  339,   23,  628,  214,  795,  280,  552,  284,  625,  177,  570,  373,  517,  728,  630, 1080,  600,  675,  142,  836,  473,  475,  549,  858,  149,  674,  954,  851,  609,  757,  279,  391,  644],
        [  793,    0,  861,  394,  696,   95,  593,  640,  625,  743,  306,  593,  524,  873,  500,  349,  802,  655,  220,  646,  235,  392,  797,  678,  692,  797,  666,  893,    0,  899,  424,  337,  587,  566,  408,  775,  204,  362, 1084,  445,  378,  703,  469,  806,  762,  368,  477,  430,  220,  174,  397,  537,  496,   47,  841,  214,  787,  327,   59,  753,  723,  389,  756,  377,  939,  426,  746,  544,  600,  652,  867,  647,  646,  274,  482,  769,  972,  187,  150,  467,  511,  775,  940,  890,  693,  843,  544,  536,  365,   25,  528,  965,  963,  172,  876,  560,  911,  297,  912,  156,  617,  407,  715,  320,  754,  831,  794,  465,  445,  369,  571,  332,  384,  921,  102,  879,  660,  420,  273,  746,  437,  440,   43,  892,  585,  808,  549,  349],
        [  306,    0,  220,  584,  213,  816,  646,  280,  312,  173,  896,  748,  870,  621,  516, 1137,  158,  438,  694,  355,  667,  562,  215,  956,  392,  309,  249,  593,  899,    0,  486, 1032,  795,  550,  720,  231,  793,  744,  197,  516, 1092,  578,  618,  381,  661,  623,  785, 1092,  772,  982,  955,  362, 1030,  934,   86,  855,  845,  786,  852,  393,  585,  816,  413,  584,  354,  623,  620,  898,  603,  250,  753,  783,  725,  942,  542,  150,  241,  754, 1000,  517,  741,  221,   66,   12,  924,  118,  518,  949,  954,  902,  495,  180,  925,  770,  700,  629,  587,  620,  796,  745,  533,  513,  758,  589,  464,   68,  893,  817,  485,  531,  727,  587,  519,  470,  907,  121,  259,  815,  694,  548,  967,  669,  866,   21,  391,  319,  452,  873],
        [  469,    0,  502,  267,  277,  335,  357,  269,  274,  322,  517,  431,  608,  685,  171,  713,  380,  286,  210,  239,  190,  107,  435,  750,  412,  474,  283,  686,  424,  486,    0,  636,  593,  401,  421,  355,  375,  413,  679,  101,  695,  534,  240,  516,  626,  172,  394,  717,  359,  539,  605,  139,  705,  464,  421,  442,  748,  432,  385,  473,  554,  492,  485,  126,  618,  342,  592,  639,  333,  255,  749,  623,  585,  542,  176,  374,  607,  268,  545,  132,  507,  413,  535,  477,  739,  420,  354,  669,  590,  431,  183,  584,  900,  331,  728,  457,  695,  203,  801,  268,  434,  166,  652,  170,  511,  420,  780,  536,   52,  103,  401,  188,   47,  651,  454,  491,  282,  509,  215,  551,  633,  269,  397,  477,  180,  489,  300,  519],
        [  829,    0,  922,  448,  865,  406,  899,  752,  722,  910,  138,  916,  309,  779,  768,  130,  980,  913,  491,  874,  473,  654,  870,  425,  712,  832,  783,  811,  337, 1032,  636,    0,  413,  540,  334,  976,  261,  297, 1188,  698,   61,  632,  766,  811,  649,  655,  806,   94,  277,  168,  130,  697,  185,  299,  997,  194,  594,  250,  320,  759,  647,  245,  753,  646,  951,  419,  651,  312,  898,  788,  718,  477,  506,   94,  756,  884, 1027,  493,  213,  728,  381,  851, 1056, 1026,  456, 1011,  546,  274,  105,  313,  791, 1041,  759,  311,  750,  488,  832,  438,  750,  421,  584,  529,  557,  473,  729,  967,  581,  294,  677,  543,  891,  463,  589,  889,  239,  974,  773,  263,  571,  683,  158,  749,  321, 1031,  815,  837,  593,  174],
        [  519,    0,  622,  327,  698,  591,  944,  543,  504,  733,  315, 1002,  111,  375,  763,  542,  806,  863,  586,  787,  541,  672,  591,  167,  409,  519,  573,  410,  587,  795,  593,  413,    0,  248,  195,  832,  386,  232,  904,  690,  453,  256,  814,  472,  243,  711,  928,  412,  375,  503,  285,  565,  295,  579,  792,  380,  201,  261,  535,  431,  264,  202,  417,  678,  602,  251,  256,  125,  924,  599,  306,   66,  100,  377,  765,  650,  708,  633,  552,  723,   90,  579,  795,  793,  148,  820,  288,  182,  310,  568,  775,  741,  376,  435,  338,  167,  433,  426,  342,  551,  263,  428,  145,  447,  377,  742,  210,  129,  645,  496,  972,  420,  557,  512,  503,  702,  560,  172,  671,  307,  266,  824,  548,  802,  745,  518,  362,  263],
        [  295,    0,  394,  182,  454,  530,  757,  297,  258,  487,  406,  830,  322,  315,  568,  663,  560,  644,  472,  559,  423,  498,  353,  413,  177,  297,  327,  329,  566,  550,  401,  540,  248,    0,  206,  589,  376,  248,  673,  501,  594,  146,  639,  272,  229,  552,  780,  577,  356,  557,  435,  337,  493,  578,  545,  412,  355,  298,  508,  220,  167,  297,  214,  510,  412,  142,  199,  349,  730,  354,  351,  250,  199,  466,  576,  403,  493,  534,  595,  532,  194,  339,  555,  548,  387,  573,   49,  402,  444,  555,  575,  515,  500,  395,  338,   81,  346,  302,  403,  467,   52,  243,  257,  303,  196,  495,  393,  276,  450,  323,  800,  277,  378,  364,  516,  464,  314,  286,  542,  181,  437,  661,  524,  556,  525,  300,  120,  366],
        [  496,    0,  591,  161,  580,  401,  761,  444,  409,  621,  200,  813,  188,  479,  587,  457,  695,  702,  392,  637,  347,  488,  543,  335,  378,  499,  476,  504,  408,  720,  421,  334,  195,  206,    0,  707,  204,   49,  863,  513,  390,  315,  629,  478,  359,  522,  736,  378,  189,  361,  237,  425,  313,  408,  698,  219,  388,   97,  352,  426,  333,   97,  420,  492,  618,   98,  348,  219,  744,  490,  460,  247,  239,  261,  586,  570,  694,  438,  405,  546,  109,  525,  736,  716,  331,  718,  214,  253,  241,  391,  603,  711,  562,  245,  472,  165,  524,  237,  504,  357,  252,  265,  310,  261,  399,  658,  404,  116,  472,  319,  784,  237,  381,  563,  337,  650,  464,   98,  477,  364,  248,  635,  367,  722,  587,  504,  269,  162],
        [  446,    0,  399,  550,  136,  684,  421,  297,  335,  114,  848,  523,  883,  759,  319, 1063,   74,  212,  557,  146,  544,  396,  358,  998,  481,  450,  271,  740,  775,  231,  355,  976,  832,  589,  707,    0,  719,  717,  415,  343, 1036,  667,  413,  522,  762,  447,  572, 1050,  700,  891,  925,  284, 1016,  817,  146,  785,  931,  748,  738,  512,  681,  796,  531,  416,  545,  611,  720,  914,  378,  237,  872,  839,  786,  883,  345,  249,  458,  606,  899,  333,  761,  348,  296,  220,  975,  115,  546,  956,  916,  784,  294,  403, 1044,  680,  829,  668,  739,  539,  921,  620,  593,  453,  835,  504,  579,  200,  974,  818,  331,  435,  503,  513,  398,  641,  808,  320,  284,  804,  532,  655,  946,  466,  750,  212,  200,  465,  471,  838],
        [  633,    0,  714,  226,  613,  211,  656,  517,  492,  659,  153,  687,  334,  676,  512,  346,  728,  654,  248,  614,  220,  399,  655,  491,  522,  637,  547,  697,  204,  793,  375,  261,  386,  376,  204,  719,    0,  158,  963,  440,  320,  507,  521,  634,  561,  408,  590,  344,   23,  193,  251,  445,  356,  206,  750,   67,  585,  126,  150,  580,  527,  195,  580,  393,  772,  235,  547,  358,  650,  545,  663,  445,  443,  168,  502,  650,  824,  272,  223,  471,  308,  634,  824,  787,  501,  761,  363,  363,  228,  188,  534,  827,  761,   61,  675,  361,  716,  181,  708,  189,  428,  281,  512,  215,  571,  727,  595,  269,  417,  284,  660,  210,  329,  739,  140,  751,  538,  225,  336,  552,  286,  512,  164,  791,  555,  645,  385,  176],
        [  533,    0,  626,  168,  594,  360,  743,  465,  432,  636,  160,  791,  203,  527,  575,  417,  710,  698,  361,  638,  319,  472,  575,  358,  416,  536,  497,  552,  362,  744,  413,  297,  232,  248,   49,  717,  158,    0,  894,  501,  354,  362,  610,  519,  407,  500,  708,  349,  145,  314,  212,  433,  300,  361,  717,  171,  429,   51,  307,  466,  381,   81,  461,  474,  659,  123,  396,  233,  729,  507,  506,  289,  285,  218,  572,  595,  731,  404,  357,  534,  150,  556,  764,  739,  360,  736,  251,  257,  211,  345,  593,  745,  604,  203,  520,  213,  571,  219,  550,  321,  296,  267,  354,  248,  443,  681,  442,  130,  463,  311,  762,  226,  371,  608,  289,  680,  486,   97,  449,  411,  230,  612,  321,  745,  586,  542,  298,  130],
        [  386,    0,  282,  744,  410, 1004,  835,  448,  472,  370, 1051,  937,  992,  653,  713, 1300,  346,  626,  884,  548,  855,  759,  321, 1054,  498,  385,  420,  618, 1084,  197,  679, 1188,  904,  673,  863,  415,  963,  894,    0,  712, 1247,  661,  814,  441,  727,  820,  980, 1240,  941, 1154, 1099,  549, 1165, 1117,  278, 1021,  913,  939, 1035,  475,  662,  959,  490,  780,  350,  771,  691, 1018,  792,  432,  796,  880,  821, 1102,  738,  316,  214,  946, 1177,  714,  865,  339,  145,  208, 1018,  301,  651, 1072, 1103, 1085,  691,  165,  960,  946,  736,  747,  605,  797,  831,  932,  644,  686,  839,  768,  537,  260,  963,  948,  680,  715,  917,  762,  709,  478, 1084,  215,  427,  954,  889,  620, 1107,  865, 1049,  212,  588,  388,  596, 1022],
        [  549,    0,  568,  363,  303,  351,  257,  342,  355,  344,  590,  331,  699,  782,   75,  763,  386,  216,  226,  204,  228,   54,  503,  845,  504,  554,  349,  781,  445,  516,  101,  698,  690,  501,  513,  343,  440,  501,  712,    0,  755,  634,  143,  602,  726,  108,  305,  784,  428,  583,  682,  213,  784,  490,  440,  506,  849,  513,  417,  563,  653,  578,  576,   74,  695,  439,  691,  730,  234,  314,  849,  722,  685,  606,   76,  426,  669,  266,  581,   33,  603,  482,  571,  506,  836,  431,  455,  757,  664,  458,   95,  637, 1001,  388,  827,  557,  790,  284,  901,  296,  534,  266,  752,  254,  605,  454,  880,  627,   53,  195,  302,  277,  133,  738,  495,  542,  352,  597,  190,  648,  712,  178,  426,  503,  144,  570,  398,  597],
        [  886,    0,  979,  508,  925,  454,  951,  812,  781,  970,  197,  965,  344,  823,  824,   98, 1041,  971,  545,  933,  529,  710,  928,  444,  768,  888,  843,  856,  378, 1092,  695,   61,  453,  594,  390, 1036,  320,  354, 1247,  755,    0,  680,  820,  865,  692,  709,  853,   67,  337,  205,  170,  757,  193,  337, 1057,  253,  624,  308,  368,  814,  695,  298,  807,  702, 1005,  477,  697,  342,  952,  848,  755,  515,  548,  154,  812,  944, 1083,  543,  242,  785,  429,  909, 1115, 1086,  479, 1072,  603,  298,  152,  355,  848, 1099,  785,  368,  790,  539,  878,  498,  784,  474,  637,  589,  595,  533,  781, 1027,  607,  340,  735,  603,  940,  524,  648,  939,  285, 1033,  833,  313,  623,  733,  188,  800,  367, 1092,  874,  893,  652,  229],
        [  279,    0,  382,  327,  533,  673,  886,  373,  337,  557,  507,  964,  361,  171,  696,  760,  624,  755,  617,  663,  569,  635,  364,  395,  191,  278,  397,  191,  703,  578,  534,  632,  256,  146,  315,  667,  507,  362,  661,  634,  680,    0,  774,  222,   97,  691,  920,  651,  488,  676,  512,  449,  546,  712,  594,  533,  269,  411,  645,  189,   22,  389,  171,  649,  346,  279,   58,  380,  856,  433,  217,  221,  163,  570,  707,  446,  458,  679,  718,  662,  252,  358,  566,  578,  358,  627,  185,  437,  529,  691,  699,  497,  381,  532,  195,  150,  210,  447,  270,  611,  102,  384,  182,  448,  125,  535,  316,  342,  581,  463,  935,  422,  516,  261,  646,  471,  385,  369,  686,   53,  504,  799,  661,  589,  638,  274,  236,  461],
        [  687,    0,  698,  490,  414,  377,  136,  479,  495,  447,  674,  191,  812,  924,  104,  811,  472,  223,  276,  269,  302,  144,  635,  963,  646,  692,  482,  923,  469,  618,  240,  766,  814,  639,  629,  413,  521,  610,  814,  143,  820,  774,    0,  742,  866,  113,  171,  857,  513,  629,  771,  353,  876,  516,  536,  581,  981,  614,  458,  704,  794,  683,  718,  137,  830,  565,  831,  842,  133,  444,  988,  851,  817,  679,   80,  549,  794,  283,  616,  119,  726,  615,  678,  607,  958,  518,  593,  863,  748,  487,  123,  757, 1138,  463,  967,  691,  932,  393, 1040,  346,  674,  399,  886,  369,  747,  562, 1010,  739,  195,  323,  162,  395,  263,  878,  541,  662,  486,  705,  199,  790,  804,   53,  462,  603,  227,  708,  540,  690],
        [   78,    0,  168,  414,  402,  753,  830,  269,  248,  409,  677,  921,  570,  243,  648,  934,  464,  660,  665,  562,  620,  622,  172,  616,  116,   74,  276,  219,  806,  381,  516,  811,  472,  272,  478,  522,  634,  519,  441,  602,  865,  222,  742,    0,  289,  687,  906,  845,  612,  821,  703,  390,  751,  826,  417,  677,  475,  569,  749,   54,  221,  568,   59,  641,  141,  404,  251,  593,  793,  318,  373,  442,  384,  737,  665,  276,  237,  732,  856,  623,  449,  176,  358,  384,  579,  454,  273,  649,  714,  799,  642,  277,  545,  640,  320,  331,  218,  515,  416,  682,  229,  416,  398,  501,   97,  352,  525,  538,  550,  484,  894,  481,  516,  137,  772,  265,  268,  554,  712,  179,  702,  779,  766,  395,  556,   62,  259,  638],
        [  357,    0,  455,  404,  628,  741,  980,  469,  433,  650,  535, 1056,  354,  132,  790,  778,  717,  851,  696,  760,  647,  726,  446,  348,  282,  355,  492,  168,  762,  661,  626,  649,  243,  229,  359,  762,  561,  407,  727,  726,  692,   97,  866,  289,    0,  780, 1009,  654,  543,  715,  523,  545,  537,  765,  683,  577,  187,  452,  705,  268,   82,  415,  249,  739,  393,  346,   42,  366,  951,  529,  123,  189,  145,  599,  800,  535,  518,  756,  760,  756,  272,  442,  644,  662,  306,  717,  274,  422,  544,  747,  794,  563,  285,  593,  115,  204,  190,  524,  175,  684,  193,  472,  121,  529,  198,  622,  237,  355,  674,  551, 1027,  502,  606,  284,  695,  550,  479,  390,  769,  113,  507,  889,  720,  673,  734,  347,  330,  485],
        [  640,    0,  668,  390,  411,  273,  248,  437,  444,  452,  561,  292,  703,  849,  138,  703,  493,  292,  164,  303,  189,   67,  602,  856,  582,  645,  448,  852,  368,  623,  172,  655,  711,  552,  522,  447,  408,  500,  820,  108,  709,  691,  113,  687,  780,    0,  229,  745,  400,  522,  658,  306,  763,  414,  548,  469,  884,  502,  351,  644,  712,  572,  655,   46,  788,  464,  748,  733,  244,  415,  902,  751,  720,  567,  116,  531,  770,  181,  512,  114,  622,  580,  679,  613,  852,  538,  507,  752,  635,  384,  166,  741, 1045,  350,  886,  596,  863,  286,  954,  235,  590,  309,  790,  265,  679,  562,  911,  630,  146,  230,  263,  292,  177,  822,  433,  647,  449,  595,   96,  713,  691,  114,  357,  611,  247,  660,  462,  578],
        [  854,    0,  869,  615,  584,  401,  180,  646,  660,  615,  739,  126,  909, 1077,  274,  824,  635,  367,  348,  432,  389,  288,  805, 1065,  806,  859,  651, 1079,  477,  785,  394,  806,  928,  780,  736,  572,  590,  708,  980,  305,  853,  920,  171,  906, 1009,  229,    0,  900,  588,  651,  837,  518,  942,  522,  702,  640, 1108,  701,  487,  866,  941,  773,  879,  272,  999,  687,  977,  937,  215,  614, 1130,  972,  945,  729,  251,  720,  964,  320,  625,  287,  840,  784,  846,  774, 1066,  681,  736,  950,  810,  500,  292,  927, 1272,  530, 1115,  822, 1089,  503, 1182,  401,  819,  538, 1016,  488,  905,  731, 1132,  838,  356,  458,  113,  516,  406, 1042,  569,  832,  655,  799,  260,  941,  874,  128,  486,  769,  396,  875,  690,  765],
        [  871,    0,  967,  511,  934,  499,  990,  812,  780,  978,  202, 1009,  302,  786,  854,  160, 1050,  997,  581,  954,  561,  741,  920,  387,  753,  873,  845,  821,  430, 1092,  717,   94,  412,  577,  378, 1050,  344,  349, 1240,  784,   67,  651,  857,  845,  654,  745,  900,    0,  358,  260,  143,  768,  134,  392, 1062,  279,  573,  307,  413,  795,  664,  282,  787,  735,  984,  471,  663,  295,  988,  852,  710,  472,  510,  178,  844,  943, 1069,  586,  301,  814,  400,  902, 1111, 1087,  423, 1079,  591,  246,  138,  406,  877, 1088,  729,  398,  748,  515,  843,  516,  736,  513,  617,  599,  552,  551,  758, 1028,  553,  310,  760,  621,  984,  538,  670,  911,  333, 1027,  834,  291,  663,  704,  148,  841,  415, 1093,  896,  877,  645,  220],
