{
    "name": "random-84-2649",
    "comment": "size=84 seed=2649",
    "nodes": ["+0", "-0", "+1", "-1", "+2", "-2", "+3", "-3", "+4", "-4", "+5", "-5", "+6", "-6", "+7", "-7", "+8", "-8", "+9", "-9", "+10", "-10", "+11", "-11", "+12", "-12", "+13", "-13", "+14", "-14", "+15", "-15", "+16", "-16", "+17", "-17", "+18", "-18", "+19", "-19", "+20", "-20", "+21", "-21", "+22", "-22", "+23", "-23", "+24", "-24", "+25", "-25", "+26", "-26", "+27", "-27", "+28", "-28", "+29", "-29", "+30", "-30", "+31", "-31", "+32", "-32", "+33", "-33", "+34", "-34", "+35", "-35", "+36", "-36", "+37", "-37", "+38", "-38", "+39", "-39", "+40", "-40", "+41", "-41", "+42", "-42", "+43", "-43", "+44", "-44", "+45", "-45", "+46", "-46", "+47", "-47", "+48", "-48", "+49", "-49", "+50", "-50", "+51", "-51", "+52", "-52", "+53", "-53", "+54", "-54", "+55", "-55", "+56", "-56", "+57", "-57", "+58", "-58", "+59", "-59", "+60", "-60", "+61", "-61", "+62", "-62", "+63", "-63", "+64", "-64", "+65", "-65", "+66", "-66", "+67", "-67", "+68", "-68", "+69", "-69", "+70", "-70", "+71", "-71", "+72", "-72", "+73", "-73", "+74", "-74", "+75", "-75", "+76", "-76", "+77", "-77", "+78", "-78", "+79", "-79", "+80", "-80", "+81", "-81", "+82", "-82", "+83", "-83", "+84", "-84"],
    "precedence": {
        "+0": "-0",
        "+1": "-1",
        "+2": "-2",
        "+3": "-3",
        "+4": "-4",
        "+5": "-5",
        "+6": "-6",
        "+7": "-7",
        "+8": "-8",
        "+9": "-9",
        "+10": "-10",
        "+11": "-11",
        "+12": "-12",
        "+13": "-13",
        "+14": "-14",
        "+15": "-15",
        "+16": "-16",
        "+17": "-17",
        "+18": "-18",
        "+19": "-19",
        "+20": "-20",
        "+21": "-21",
        "+22": "-22",
        "+23": "-23",
        "+24": "-24",
        "+25": "-25",
        "+26": "-26",
        "+27": "-27",
        "+28": "-28",
        "+29": "-29",
        "+30": "-30",
        "+31": "-31",
        "+32": "-32",
        "+33": "-33",
        "+34": "-34",
        "+35": "-35",
        "+36": "-36",
        "+37": "-37",
        "+38": "-38",
        "+39": "-39",
        "+40": "-40",
        "+41": "-41",
        "+42": "-42",
        "+43": "-43",
        "+44": "-44",
        "+45": "-45",
        "+46": "-46",
        "+47": "-47",
        "+48": "-48",
        "+49": "-49",
        "+50": "-50",
        "+51": "-51",
        "+52": "-52",
        "+53": "-53",
        "+54": "-54",
        "+55": "-55",
        "+56": "-56",
        "+57": "-57",
        "+58": "-58",
        "+59": "-59",
        "+60": "-60",
        "+61": "-61",
        "+62": "-62",
        "+63": "-63",
        "+64": "-64",
        "+65": "-65",
        "+66": "-66",
        "+67": "-67",
        "+68": "-68",
        "+69": "-69",
        "+70": "-70",
        "+71": "-71",
        "+72": "-72",
        "+73": "-73",
        "+74": "-74",
        "+75": "-75",
        "+76": "-76",
        "+77": "-77",
        "+78": "-78",
        "+79": "-79",
        "+80": "-80",
        "+81": "-81",
        "+82": "-82",
        "+83": "-83",
        "+84": "-84"
    },
    "edges": [
        [    0,    0,  199,  111,  724,  114,  487,  484,  357,  365,  345,  253,  557,  805,  706,  783,  126,  141,  330,  437,  353,  153,  173,  368,  318,  642,  290,  561,  624,  265,  548,  431,  521,  207,  747,  347,  280,  104,  181,  167,  412,  731,  796,  283,  785,  343,  307,  253,  123,  375,  286,  574,  375,  268,  490,  430,  696,  439,  362,  392,  329,  235,  537,  640,  334,  201,  317,  212,  739,  480,  101,  203,  330,  315,  262,  548,  629,  424,  290,  394,  558,  258,  560,  428,  716,  703,   52,  650,  367,  320,  452,  440,  404,  601,  731,  768,  586,  455,  331,  556,  441,  132,  631,  359,  216,  291,  208,  659,  709,  588,  473,  178,  424,  427,  516,  387,  424,  477,  431,  440,  308,  172,  407,   40,  788,  712,  634,   49,  149,  697,  432,  754,  752,  279,  510,  403,  755,  806,  288,  458,  293,  129,  638,  244,  606,  783,  418,  666,   79,  269,  455,   71,  563,  645,  287,  409,  400,  478,  621,  362,  564,  740,  307,  409,  314,  681,  461,  632,  336,  493],
        [    0,    0,    0,    0,    0,    0,    0,    0,    0,    0,    0,    0,    0,    0,    0,    0,    0,    0,    0,    0,    0,    0,    0,    0,    0,    0,    0,    0,    0,    0,    0,    0,    0,    0,    0,    0,    0,    0,    0,    0,    0,    0,    0,    0,    0,    0,    0,    0,    0,    0,    0,    0,    0,    0,    0,    0,    0,    0,    0,    0,    0,    0,    0,    0,    0,    0,    0,    0,    0,    0,    0,    0,    0,    0,    0,    0,    0,    0,    0,    0,    0,    0,    0,    0,    0,    0,    0,    0,    0,    0,    0,    0,    0,    0,    0,    0,    0,    0,    0,    0,    0,    0,    0,    0,    0,    0,    0,    0,    0,    0,    0,    0,    0,    0,    0,    0,    0,    0,    0,    0,    0,    0,    0,    0,    0,    0,    0,    0,    0,    0,    0,    0,    0,    0,    0,    0,    0,    0,    0,    0,    0,    0,    0,    0,    0,    0,    0,    0,    0,    0,    0,    0,    0,    0,    0,    0,    0,    0,    0,    0,    0,    0,    0,    0,    0,    0,    0,    0,    0,    0],
        [  199,    0,    0,  304,  588,  279,  408,  541,  173,  448,  524,  450,  699,  832,  787,  803,  144,  308,  493,  272,  421,   56,   40,  172,  508,  708,  393,  590,  514,  429,  642,  626,  419,  376,  657,  438,  479,  209,  213,  177,  251,  727,  631,  164,  619,  225,  127,  212,  322,  572,  313,  727,  521,  359,  524,  439,  592,  458,  458,  215,  216,  364,  649,  486,  333,  267,  496,  139,  759,  301,  142,  296,  518,  498,  461,  720,  673,  623,  193,  432,  665,  384,  758,  400,  792,  755,  147,  534,  201,  211,  530,  254,  206,  420,  658,  654,  414,  491,  526,  554,  244,  124,  534,  187,  292,  487,  372,  732,  564,  473,  368,  244,  229,  331,  456,  354,  413,  664,  469,  292,  113,  289,  379,  180,  845,  739,  735,  200,  260,  797,  561,  597,  620,  209,  704,  598,  794,  857,  457,  380,  384,  294,  634,  233,  686,  842,  594,  746,  156,  131,  325,  262,  458,  730,  356,  223,  357,  654,  585,  419,  759,  572,  471,  379,  248,  638,  628,  535,  169,  598],
        [  111,    0,  304,    0,  831,   63,  583,  528,  467,  404,  296,  170,  538,  854,  726,  836,  232,  153,  305,  548,  401,  253,  273,  475,  252,  674,  324,  617,  726,  167,  566,  346,  622,  111,  843,  381,  185,  189,  271,  216,  523,  796,  906,  393,  895,  407,  399,  353,   40,  270,  361,  544,  363,  229,  546,  500,  796,  504,  392,  503,  393,  171,  543,  750,  342,  274,  271,  320,  792,  591,  209,  180,  219,  261,  165,  499,  673,  326,  352,  454,  566,  280,  467,  513,  740,  740,  160,  753,  478,  427,  487,  531,  506,  711,  821,  870,  697,  512,  252,  624,  541,  241,  729,  470,  280,  183,  201,  685,  817,  691,  520,  186,  523,  530,  606,  475,  503,  409,  489,  550,  416,  140,  492,  125,  821,  762,  644,  107,  211,  706,  432,  863,  858,  332,  427,  294,  798,  841,  260,  493,  334,   67,  704,  275,  630,  814,  368,  689,  157,  380,  562,   90,  665,  665,  343,  501,  490,  427,  702,  415,  477,  850,  283,  494,  415,  763,  421,  730,  422,  507],
        [  724,    0,  588,  831,    0,  834,  283,  598,  431,  629,  889,  908,  898,  651,  785,  614,  599,  735,  823,  323,  595,  639,  627,  469,  916,  693,  655,  539,  134,  988,  734, 1042,  224,  930,  197,  645,  951,  648,  570,  764,  339,  500,  164,  444,  159,  742,  609,  482,  827, 1056,  528,  952,  799,  945,  538,  473,  134,  495,  659,  388,  741,  941,  783,  124,  908,  594,  870,  512,  590,  325,  624,  881, 1043,  887,  941, 1010,  613, 1080,  743,  535,  781,  695, 1178,  398,  768,  682,  685,  103,  389,  405,  642,  601,  516,  266,  259,  112,  230,  535,  955,  452,  525,  592,  172,  406,  605,  990,  760,  726,   46,  151,  849,  830,  541,  307,  306,  407,  433, 1026,  538,  296,  502,  867,  407,  729,  747,  601,  806,  753,  651,  843,  777,  103,   36,  771, 1099, 1095,  665,  741,  817,  893,  633,  850,  467,  815,  722,  755,  932,  754,  725,  466,  271,  750,  186,  758,  591,  594,  387,  972,  358,  573, 1159,  163,  813,  403,  421,  349,  925,  169,  642,  738],
        [  114,    0,  279,   63,  834,    0,  600,  575,  449,  452,  358,  228,  600,  900,  781,  880,  238,  204,  366,  538,  446,  225,  244,  450,  313,  725,  373,  659,  737,  155,  621,  402,  633,   98,  860,  430,  238,  212,  292,  162,  514,  835,  899,  391,  888,  353,  360,  366,  102,  312,  392,  606,  423,  173,  588,  535,  809,  542,  443,  488,  339,  125,  601,  746,  280,  306,  333,  322,  836,  576,  213,  119,  242,  323,  217,  561,  721,  373,  298,  494,  623,  331,  517,  539,  794,  790,  150,  762,  467,  430,  537,  489,  473,  696,  843,  880,  686,  554,  310,  661,  506,  242,  743,  457,  316,  222,  258,  739,  817,  699,  461,  124,  487,  540,  628,  499,  533,  469,  530,  546,  392,   80,  518,  106,  873,  808,  701,   82,  246,  763,  491,  859,  863,  276,  482,  329,  846,  892,  321,  432,  380,   16,  742,  216,  683,  866,  430,  743,  124,  373,  564,  129,  676,  720,  383,  460,  512,  489,  731,  457,  530,  842,  344,  520,  427,  792,  483,  745,  377,  563],
        [  487,    0,  408,  583,  283,  600,    0,  334,  315,  348,  608,  638,  625,  495,  556,  459,  364,  468,  541,  243,  313,  446,  441,  371,  637,  462,  373,  304,  155,  748,  473,  762,   65,  690,  261,  363,  681,  395,  313,  571,  234,  359,  417,  245,  408,  615,  483,  234,  572,  786,  250,  677,  517,  738,  278,  197,  215,  222,  378,  289,  609,  718,  516,  266,  740,  324,  590,  289,  421,  297,  390,  671,  785,  607,  674,  729,  392,  804,  596,  256,  517,  414,  897,  118,  546,  473,  459,  186,  262,  198,  370,  538,  443,  348,  252,  292,  302,  267,  678,  225,  472,  364,  147,  281,  331,  727,  484,  494,  291,  133,  749,  627,  477,   82,   62,  125,  154,  743,  264,  192,  370,  649,  124,  502,  555,  416,  556,  525,  385,  602,  498,  357,  301,  616,  818,  828,  482,  557,  537,  775,  351,  615,  282,  639,  476,  559,  649,  520,  510,  279,  141,  497,   98,  517,  309,  518,  105,  690,  196,  291,  877,  382,  531,  120,  175,  238,  643,  148,  527,  467],
        [  484,    0,  541,  528,  598,  575,  334,    0,  552,  125,  385,  486,  304,  326,  251,  310,  414,  376,  315,  530,  131,  546,  554,  604,  440,  168,  204,  104,  465,  682,  140,  539,  398,  633,  487,  149,  529,  385,  335,  636,  510,  292,  746,  428,  738,  764,  660,  338,  497,  618,  229,  360,  260,  746,   62,  142,  489,  115,  142,  548,  753,  697,  186,  600,  814,  290,  380,  407,  268,  593,  432,  684,  662,  403,  531,  433,  146,  607,  724,  112,  184,  252,  657,  223,  252,  220,  491,  495,  510,  402,   58,  761,  677,  671,  432,  565,  629,   69,  486,  165,  715,  430,  430,  523,  271,  594,  341,  192,  616,  459,  906,  661,  711,  370,  294,  246,  187,  486,   80,  487,  572,  649,  229,  519,  308,  236,  226,  533,  336,  278,  205,  684,  606,  728,  571,  665,  272,  323,  338,  910,  195,  586,  216,  716,  154,  304,  394,  210,  549,  458,  449,  446,  422,  199,  199,  734,  262,  415,  278,  126,  625,  715,  320,  232,  336,  330,  364,  432,  705,  143],
        [  357,    0,  173,  467,  431,  449,  315,  552,    0,  491,  642,  596,  772,  795,  801,  761,  257,  434,  597,  109,  457,  228,  212,   57,  639,  713,  460,  570,  379,  600,  676,  764,  301,  546,  531,  490,  630,  327,  286,  344,   96,  668,  459,  129,  448,  318,  182,  227,  478,  729,  341,  809,  609,  527,  517,  422,  459,  447,  510,   44,  315,  536,  697,  320,  478,  339,  616,  185,  720,  128,  271,  467,  684,  623,  614,  822,  660,  773,  313,  441,  708,  470,  901,  357,  799,  745,  307,  393,   54,  151,  558,  224,  132,  248,  547,  509,  242,  489,  665,  512,  166,  240,  411,   35,  363,  647,  488,  741,  402,  337,  441,  414,  166,  234,  374,  317,  383,  787,  472,  145,   72,  462,  341,  345,  833,  708,  769,  368,  363,  827,  630,  429,  465,  341,  839,  758,  770,  840,  569,  475,  445,  464,  584,  387,  705,  834,  707,  761,  327,  110,  192,  409,  333,  750,  405,  203,  309,  763,  510,  446,  896,  400,  577,  338,  216,  553,  728,  411,  221,  644],
        [  365,    0,  448,  404,  629,  452,  348,  125,  491,    0,  284,  367,  289,  451,  345,  434,  311,  251,  212,  493,   37,  444,  454,  538,  331,  277,   80,  221,  497,  558,  195,  441,  411,  508,  553,   26,  410,  271,  236,  523,  470,  409,  762,  363,  753,  664,  572,  265,  372,  504,  150,  336,  173,  623,  155,  162,  538,  147,   31,  497,  653,  573,  207,  606,  698,  183,  273,  323,  392,  557,  325,  563,  542,  295,  412,  382,  270,  501,  620,   97,  220,  128,  569,  231,  353,  339,  378,  528,  458,  349,   88,  684,  608,  651,  508,  618,  614,  128,  376,  255,  647,  328,  473,  467,  160,  474,  218,  295,  638,  480,  806,  543,  640,  355,  328,  230,  198,  405,  110,  458,  497,  527,  224,  402,  423,  360,  288,  414,  218,  350,  153,  703,  643,  621,  485,  551,  395,  442,  225,  804,   73,  463,  324,  603,  244,  418,  310,  305,  434,  387,  430,  324,  444,  286,   93,  655,  250,  345,  360,   57,  542,  723,  211,  229,  285,  418,  296,  475,  615,  154],
        [  345,    0,  524,  296,  889,  358,  608,  385,  642,  284,    0,  150,  258,  683,  498,  677,  391,  216,   72,  686,  309,  490,  508,  673,   66,  477,  236,  489,  762,  385,  351,  158,  666,  357,  834,  261,  178,  320,  361,  501,  659,  676, 1006,  526,  996,  686,  644,  440,  257,  242,  363,  252,  129,  512,  432,  442,  812,  430,  255,  665,  672,  444,  306,  845,  637,  315,   28,  458,  639,  744,  385,  473,  314,   38,  191,  205,  509,  223,  632,  377,  331,  196,  290,  499,  520,  550,  390,  793,  629,  536,  328,  776,  725,  856,  790,  892,  827,  410,  109,  537,  765,  410,  745,  631,  296,  247,  155,  476,  891,  739,  810,  481,  751,  592,  601,  483,  470,  146,  394,  666,  617,  434,  486,  382,  615,  604,  403,  376,  280,  457,  202,  951,  908,  618,  211,  289,  618,  639,   75,  787,  258,  360,  599,  568,  420,  605,   74,  469,  422,  534,  654,  275,  705,  443,  299,  745,  504,  134,  643,  331,  270,  959,   77,  490,  490,  701,  126,  747,  678,  292],
        [  253,    0,  450,  170,  908,  228,  638,  486,  596,  367,  150,    0,  408,  803,  636,  791,  341,  175,  191,  661,  380,  405,  425,  615,   91,  603,  296,  587,  790,  235,  482,  179,  688,  209,  885,  342,   45,  274,  343,  385,  634,  775, 1006,  498,  995,  576,  558,  430,  136,  149,  390,  401,  257,  367,  521,  505,  851,  500,  345,  626,  562,  297,  445,  845,  501,  316,  133,  424,  751,  712,  326,  335,  178,  114,   46,  340,  623,  179,  521,  446,  469,  245,  308,  543,  656,  675,  304,  820,  596,  521,  434,  691,  656,  830,  851,  929,  809,  493,   83,  617,  693,  357,  782,  592,  307,  109,  158,  608,  903,  761,  689,  352,  677,  602,  645,  516,  522,  242,  472,  652,  556,  297,  526,  282,  747,  717,  544,  269,  259,  601,  334,  956,  932,  501,  260,  192,  740,  770,  154,  659,  314,  226,  690,  443,  550,  738,  214,  604,  319,  496,  652,  189,  730,  579,  343,  661,  534,  269,  713,  400,  312,  954,  176,  529,  489,  774,  274,  784,  585,  421],
        [  557,    0,  699,  538,  898,  600,  625,  304,  772,  289,  258,  408,    0,  502,  277,  507,  556,  417,  234,  781,  326,  679,  694,  815,  322,  296,  313,  387,  765,  642,  184,  352,  689,  612,  789,  284,  434,  494,  495,  723,  757,  546, 1041,  644, 1032,  894,  825,  546,  499,  480,  435,   59,  183,  763,  365,  428,  792,  404,  265,  781,  881,  697,  125,  889,  877,  439,  277,  594,  480,  845,  560,  718,  567,  295,  449,  156,  360,  437,  844,  371,  139,  316,  425,  508,  304,  365,  591,  795,  742,  635,  257,  948,  880,  940,  731,  868,  902,  363,  357,  465,  920,  575,  732,  750,  413,  503,  351,  281,  913,  755, 1029,  717,  911,  642,  593,  516,  471,  260,  362,  747,  768,  678,  506,  597,  404,  444,  179,  598,  440,  217,  143,  980,  908,  836,  343,  525,  434,  431,  279, 1014,  328,  604,  497,  798,  236,  392,  207,  262,  636,  664,  718,  492,  718,  237,  368,  918,  535,  181,  578,  343,  382, 1005,  257,  510,  573,  624,  145,  734,  865,  162],
        [  805,    0,  832,  854,  651,  900,  495,  326,  795,  451,  683,  803,  502,    0,  239,   38,  721,  701,  619,  736,  454,  847,  851,  851,  745,  211,  530,  246,  545, 1007,  337,  824,  539,  959,  467,  474,  843,  703,  643,  950,  725,  151,  814,  690,  810, 1056,  938,  620,  822,  924,  530,  556,  556, 1070,  316,  394,  517,  376,  465,  776, 1047, 1023,  392,  712, 1129,  606,  685,  693,   75,  791,  742, 1007,  980,  708,  848,  658,  182,  902, 1022,  413,  371,  577,  920,  441,  210,  138,  807,  565,  744,  651,  372, 1017,  926,  829,  399,  567,  781,  351,  790,  283,  958,  734,  494,  761,  590,  911,  665,  222,  687,  564, 1198,  981,  960,  567,  433,  485,  421,  749,  375,  686,  834,  973,  459,  839,  127,   94,  327,  854,  657,  314,  483,  753,  641, 1032,  835,  972,   68,  107,  650, 1210,  521,  912,  214, 1029,  271,  140,  670,  242,  865,  724,  635,  772,  537,  266,  519,  994,  488,  669,  311,  444,  880,  806,  630,  461,  593,  304,  621,  496,  984,  393],
        [  706,    0,  787,  726,  785,  781,  556,  251,  801,  345,  498,  636,  277,  239,    0,  254,  655,  578,  446,  773,  367,  787,  797,  854,  563,   95,  416,  254,  659,  861,  160,  620,  616,  820,  630,  361,  672,  615,  577,  867,  755,  329,  944,  679,  937, 1008,  908,  588,  689,  737,  476,  327,  379,  953,  288,  383,  658,  357,  344,  796,  996,  895,  192,  813, 1039,  527,  507,  656,  242,  835,  669,  897,  810,  529,  681,  432,  172,  703,  965,  362,  168,  451,  701,  460,   29,  117,  722,  686,  758,  651,  260, 1012,  928,  903,  563,  724,  858,  313,  606,  338,  965,  671,  614,  772,  504,  741,  526,   63,  811,  664, 1149,  882,  962,  607,  504,  490,  426,  535,  330,  728,  822,  859,  470,  744,  128,  212,  100,  753,  561,   76,  303,  881,  784,  966,  619,  784,  175,  155,  485, 1149,  416,  790,  321,  946,  102,  115,  468,   42,  777,  708,  685,  656,  630,   61,  435,  984,  503,  455,  428,  369,  659,  922,  462,  473,  586,  453,  412,  616,  953,  219],
        [  783,    0,  803,  836,  614,  880,  459,  310,  761,  434,  677,  791,  507,   38,  254,    0,  696,  684,  611,  701,  435,  820,  824,  818,  737,  212,  513,  222,  507,  992,  336,  820,  503,  942,  431,  458,  833,  681,  618,  925,  690,  114,  777,  659,  772, 1027,  907,  591,  805,  916,  505,  563,  549, 1049,  294,  366,  480,  350,  451,  742, 1018, 1004,  393,  674, 1104,  583,  677,  664,   45,  756,  718,  986,  969,  700,  837,  662,  169,  897,  994,  390,  373,  561,  921,  409,  226,  144,  783,  527,  710,  619,  359,  985,  892,  792,  362,  531,  744,  328,  783,  252,  924,  708,  457,  728,  568,  900,  650,  228,  649,  527, 1168,  958,  927,  533,  398,  454,  391,  749,  352,  651,  803,  952,  428,  816,  154,   75,  336,  831,  636,  330,  477,  716,  604, 1005,  835,  964,   80,  138,  640, 1182,  502,  892,  179, 1003,  273,  166,  667,  252,  841,  693,  600,  752,  500,  273,  498,  961,  456,  670,  274,  423,  882,  768,  620,  430,  563,  266,  621,  459,  953,  388],
        [  126,    0,  144,  232,  599,  238,  364,  414,  257,  311,  391,  341,  556,  721,  655,  696,    0,  178,  353,  322,  288,  133,  144,  283,  384,  580,  251,  476,  499,  390,  505,  508,  395,  332,  624,  299,  377,   72,   80,  230,  296,  632,  676,  162,  665,  354,  270,  131,  233,  479,  192,  584,  379,  378,  407,  332,  571,  346,  318,  286,  342,  355,  508,  519,  409,  128,  364,   89,  652,  372,   27,  311,  448,  369,  362,  581,  553,  519,  311,  311,  525,  240,  644,  316,  661,  633,   97,  525,  255,  195,  396,  395,  336,  491,  611,  643,  471,  372,  409,  456,  376,   21,  506,  252,  152,  402,  236,  601,  586,  462,  495,  272,  363,  302,  396,  272,  318,  534,  349,  320,  227,  287,  294,  140,  721,  628,  597,  162,  118,  659,  418,  632,  627,  314,  583,  512,  678,  736,  320,  497,  244,  254,  538,  308,  553,  718,  459,  614,  152,  155,  331,  158,  438,  596,  220,  364,  282,  517,  510,  289,  640,  622,  332,  295,  190,  568,  488,  507,  311,  458],
        [  141,    0,  308,  153,  735,  204,  468,  376,  434,  251,  216,  175,  417,  701,  578,  684,  178,    0,  191,  490,  250,  276,  294,  460,  206,  523,  172,  465,  619,  311,  419,  332,  516,  259,  721,  229,  216,  108,  169,  307,  464,  647,  832,  328,  821,  481,  430,  256,  123,  321,  226,  434,  234,  376,  395,  357,  682,  358,  240,  461,  468,  323,  402,  671,  468,  145,  188,  255,  641,  544,  170,  319,  320,  192,  207,  414,  521,  351,  429,  306,  423,  128,  469,  381,  591,  588,  178,  648,  428,  348,  335,  560,  511,  661,  692,  759,  637,  362,  234,  478,  550,  197,  614,  426,  141,  260,   68,  536,  729,  588,  613,  308,  536,  429,  481,  349,  366,  358,  339,  479,  403,  281,  362,  181,  670,  610,  501,  183,   85,  564,  294,  782,  759,  420,  405,  361,  646,  689,  151,  598,  182,  214,  557,  383,  480,  663,  287,  540,  220,  329,  478,   79,  558,  518,  195,  529,  367,  347,  563,  265,  463,  780,  168,  365,  316,  624,  324,  616,  464,  361],
        [  330,    0,  493,  305,  823,  366,  541,  315,  597,  212,   72,  191,  234,  619,  446,  611,  353,  191,    0,  632,  238,  465,  482,  631,  127,  416,  168,  419,  695,  419,  292,  230,  600,  384,  763,  189,  227,  285,  312,  494,  606,  607,  943,  476,  933,  672,  617,  385,  265,  306,  299,  245,   67,  530,  361,  371,  743,  358,  183,  616,  658,  466,  255,  783,  644,  261,   66,  412,  573,  692,  352,  484,  366,   90,  236,  228,  443,  293,  619,  306,  279,  134,  359,  430,  465,  489,  369,  726,  579,  482,  259,  746,  689,  801,  719,  822,  770,  338,  173,  465,  728,  373,  676,  582,  240,  297,  124,  418,  826,  672,  802,  484,  716,  529,  531,  416,  400,  204,  322,  609,  578,  445,  418,  369,  558,  538,  355,  368,  237,  413,  144,  888,  841,  609,  278,  354,  555,  581,   46,  784,  190,  371,  528,  566,  361,  548,  113,  414,  409,  487,  594,  263,  638,  388,  233,  715,  437,  167,  571,  260,  337,  898,   24,  422,  431,  629,  136,  678,  653,  232],
        [  437,    0,  272,  548,  323,  538,  243,  530,  109,  493,  686,  661,  781,  736,  773,  701,  322,  490,  632,    0,  457,  326,  311,  151,  693,  681,  479,  529,  277,  692,  663,  820,  212,  636,  430,  498,  698,  387,  327,  447,   27,  600,  361,  163,  350,  423,  289,  247,  554,  800,  348,  825,  633,  630,  486,  391,  356,  418,  517,   66,  421,  634,  693,  215,  586,  372,  661,  237,  662,   65,  342,  568,  766,  671,  684,  851,  619,  839,  421,  426,  701,  500,  958,  315,  767,  704,  391,  288,   72,  151,  548,  307,  213,  171,  452,  403,  150,  463,  723,  460,  236,  309,  313,   86,  393,  723,  535,  711,  295,  236,  541,  516,  245,  171,  304,  284,  348,  831,  451,   51,  180,  559,  304,  433,  789,  655,  754,  456,  411,  807,  641,  325,  357,  449,  890,  834,  719,  793,  611,  578,  461,  554,  523,  494,  683,  791,  745,  734,  420,  169,  103,  480,  237,  726,  417,  292,  271,  797,  436,  442,  949,  304,  615,  301,  209,  472,  758,  313,  325,  640],
        [  353,    0,  421,  401,  595,  446,  313,  131,  457,   37,  309,  380,  326,  454,  367,  435,  288,  250,  238,  457,    0,  421,  430,  506,  351,  293,   85,  216,  464,  560,  223,  467,  376,  508,  526,   51,  424,  255,  211,  507,  434,  400,  727,  329,  718,  641,  544,  233,  372,  521,  117,  372,  205,  616,  146,  134,  507,  123,   65,  462,  629,  569,  240,  570,  683,  162,  296,  294,  392,  521,  304,  554,  552,  316,  424,  416,  276,  523,  598,   69,  252,  136,  596,  198,  373,  350,  361,  495,  423,  314,  109,  654,  576,  615,  483,  587,  577,  115,  397,  238,  615,  305,  441,  433,  141,  485,  226,  314,  603,  446,  783,  531,  609,  319,  296,  195,  165,  435,   93,  422,  466,  519,  190,  389,  437,  362,  317,  402,  205,  377,  189,  668,  610,  601,  513,  568,  402,  454,  246,  784,   69,  458,  312,  586,  266,  433,  340,  326,  419,  354,  394,  318,  410,  309,   69,  625,  215,  378,  337,   23,  571,  687,  234,  194,  250,  397,  330,  443,  588,  187],
        [  153,    0,   56,  253,  639,  225,  446,  546,  228,  444,  490,  405,  679,  847,  787,  820,  133,  276,  465,  326,  421,    0,   21,  226,  468,  712,  382,  603,  560,  373,  637,  583,  462,  321,  700,  431,  431,  186,  211,  128,  304,  750,  685,  205,  674,  221,  155,  233,  274,  522,  320,  704,  499,  306,  535,  455,  638,  472,  450,  270,  209,  309,  639,  539,  296,  261,  462,  162,  776,  356,  121,  243,  465,  462,  413,  689,  682,  575,  178,  440,  656,  365,  712,  425,  793,  764,  102,  581,  255,  251,  528,  288,  254,  475,  697,  701,  469,  501,  483,  575,  290,  117,  578,  241,  285,  436,  342,  734,  616,  519,  363,  192,  272,  371,  490,  379,  434,  627,  478,  344,  168,  234,  403,  128,  852,  754,  729,  148,  241,  792,  545,  651,  671,  185,  662,  546,  806,  866,  426,  365,  376,  239,  656,  194,  686,  849,  562,  747,  102,  176,  373,  220,  503,  729,  353,  257,  384,  622,  615,  421,  716,  627,  442,  403,  278,  670,  599,  578,  189,  590],
        [  173,    0,   40,  273,  627,  244,  441,  554,  212,  454,  508,  425,  694,  851,  797,  824,  144,  294,  482,  311,  430,   21,    0,  207,  487,  720,  394,  608,  551,  392,  648,  603,  454,  339,  692,  443,  451,  201,  220,  138,  290,  751,  670,  198,  658,  211,  137,  234,  294,  542,  327,  720,  515,  319,  541,  458,  629,  476,  462,  254,  200,  325,  651,  525,  300,  272,  480,  162,  780,  339,  135,  257,  485,  481,  433,  707,  689,  595,  172,  447,  668,  380,  732,  425,  802,  770,  122,  571,  241,  245,  538,  269,  234,  458,  692,  691,  453,  507,  503,  577,  270,  126,  570,  226,  296,  456,  359,  743,  603,  510,  353,  205,  252,  365,  487,  379,  436,  646,  484,  331,  149,  251,  404,  148,  859,  759,  741,  167,  255,  803,  559,  636,  659,  182,  682,  566,  811,  873,  444,  360,  387,  258,  658,  198,  696,  856,  580,  756,  121,  167,  362,  240,  494,  739,  363,  238,  383,  640,  613,  430,  736,  611,  459,  404,  276,  668,  616,  571,  172,  602],
        [  368,    0,  172,  475,  469,  450,  371,  604,   57,  538,  673,  615,  815,  851,  854,  818,  283,  460,  631,  151,  506,  226,  207,    0,  665,  767,  503,  626,  428,  598,  726,  788,  354,  546,  580,  536,  646,  354,  323,  329,  145,  725,  480,  178,  469,  274,  142,  274,  491,  742,  389,  851,  648,  510,  571,  476,  507,  501,  556,   88,  273,  527,  745,  353,  447,  379,  646,  223,  777,  149,  292,  454,  690,  651,  629,  859,  715,  790,  277,  494,  757,  508,  922,  413,  853,  800,  316,  439,  110,  205,  609,  168,   75,  259,  599,  553,  263,  543,  688,  569,  111,  264,  462,   91,  404,  658,  518,  794,  437,  386,  390,  400,  110,  291,  431,  372,  439,  817,  525,  195,   60,  453,  396,  351,  889,  764,  820,  372,  395,  878,  673,  456,  503,  307,  864,  769,  826,  896,  601,  428,  488,  464,  641,  361,  758,  889,  739,  814,  327,  152,  244,  426,  384,  802,  450,  147,  365,  797,  566,  496,  921,  420,  611,  394,  269,  608,  765,  462,  175,  692],
        [  318,    0,  508,  252,  916,  313,  637,  440,  639,  331,   66,   91,  322,  745,  563,  737,  384,  206,  127,  693,  351,  468,  487,  665,    0,  540,  272,  543,  792,  323,  415,  129,  692,  300,  872,  306,  113,  313,  367,  464,  666,  731, 1025,  531, 1014,  653,  623,  451,  214,  180,  388,  312,  190,  457,  483,  483,  846,  474,  304,  666,  639,  387,  371,  863,  589,  328,   61,  459,  699,  748,  373,  424,  248,   38,  127,  251,  569,  172,  598,  420,  396,  225,  267,  533,  585,  613,  366,  822,  632,  546,  384,  756,  713,  863,  833,  925,  838,  458,   47,  585,  751,  402,  778,  631,  313,  182,  160,  540,  915,  766,  771,  437,  736,  613,  636,  513,  507,  161,  440,  678,  607,  385,  519,  352,  679,  664,  468,  343,  282,  523,  265,  972,  936,  581,  200,  228,  680,  703,  106,  744,  293,  312,  651,  527,  484,  669,  124,  534,  391,  534,  671,  249,  733,  508,  330,  725,  533,  179,  688,  373,  258,  976,  121,  522,  505,  747,  184,  780,  653,  355],
        [  642,    0,  708,  674,  693,  725,  462,  168,  713,  277,  477,  603,  296,  211,   95,  212,  580,  523,  416,  681,  293,  712,  720,  767,  540,    0,  354,  160,  566,  819,  128,  614,  522,  773,  545,  297,  642,  546,  501,  799,  663,  260,  851,  592,  845,  931,  826,  504,  639,  718,  396,  352,  350,  897,  197,  292,  569,  267,  283,  705,  920,  844,  182,  719,  975,  455,  481,  574,  186,  743,  597,  839,  780,  503,  649,  451,   82,  693,  890,  278,  161,  395,  710,  367,   87,   75,  654,  594,  668,  562,  190,  926,  840,  809,  479,  637,  764,  224,  584,  244,  877,  596,  523,  683,  433,  711,  477,   33,  719,  570, 1073,  819,  875,  514,  410,  399,  334,  538,  243,  635,  737,  802,  378,  679,  148,  150,  132,  690,  495,  152,  275,  789,  694,  894,  625,  765,  144,  168,  450, 1076,  350,  736,  235,  879,   61,  141,  460,   61,  710,  623,  591,  598,  536,   71,  362,  899,  411,  459,  339,  291,  671,  829,  428,  381,  498,  369,  411,  525,  872,  185],
        [  290,    0,  393,  324,  655,  373,  373,  204,  460,   80,  236,  296,  313,  530,  416,  513,  251,  172,  168,  479,   85,  382,  394,  503,  272,  354,    0,  298,  527,  479,  260,  392,  432,  429,  601,   58,  340,  201,  184,  451,  454,  483,  777,  333,  768,  602,  519,  236,  293,  438,  135,  350,  155,  545,  229,  212,  577,  205,   73,  472,  589,  494,  258,  618,  624,  127,  219,  281,  471,  542,  261,  485,  468,  238,  339,  373,  350,  443,  555,  151,  275,   52,  525,  264,  427,  418,  307,  558,  434,  329,  164,  638,  568,  645,  561,  657,  611,  199,  316,  322,  608,  270,  510,  440,  102,  401,  142,  369,  659,  505,  742,  467,  599,  363,  366,  249,  236,  371,  177,  451,  456,  449,  251,  328,  501,  440,  350,  338,  146,  412,  171,  721,  673,  554,  445,  484,  475,  520,  167,  737,   22,  384,  396,  531,  316,  495,  278,  377,  362,  352,  432,  245,  470,  356,   66,  608,  269,  324,  419,  104,  504,  733,  159,  255,  272,  480,  281,  512,  561,  209],
        [  561,    0,  590,  617,  539,  659,  304,  104,  570,  221,  489,  587,  387,  246,  254,  222,  476,  465,  419,  529,  216,  603,  608,  626,  543,  160,  298,    0,  410,  775,  207,  643,  363,  724,  405,  246,  630,  459,  397,  704,  513,  189,  695,  456,  688,  814,  700,  378,  588,  720,  285,  445,  364,  828,   72,  153,  419,  132,  243,  558,  805,  783,  264,  560,  883,  361,  484,  451,  178,  589,  497,  764,  762,  506,  632,  527,   91,  711,  779,  168,  254,  348,  759,  216,  243,  176,  562,  438,  522,  421,  162,  789,  700,  651,  345,  491,  606,  107,  590,   87,  735,  489,  368,  539,  346,  694,  438,  192,  563,  412,  957,  736,  735,  359,  251,  254,  187,  587,  131,  481,  602,  731,  230,  594,  264,  152,  268,  610,  415,  305,  305,  632,  542,  787,  672,  768,  205,  272,  440,  967,  284,  672,  114,  783,  184,  264,  496,  219,  620,  489,  436,  532,  377,  220,  276,  764,  262,  514,  194,  203,  726,  671,  423,  233,  359,  237,  463,  370,  746,  232],
        [  624,    0,  514,  726,  134,  737,  155,  465,  379,  497,  762,  790,  765,  545,  659,  507,  499,  619,  695,  277,  464,  560,  551,  428,  792,  566,  527,  410,    0,  888,  602,  916,  105,  830,  154,  514,  834,  539,  458,  687,  284,  395,  286,  356,  279,  696,  560,  374,  718,  938,  404,  819,  668,  862,  405,  339,   80,  362,  527,  340,  692,  850,  650,  168,  845,  475,  744,  416,  478,  306,  524,  796,  933,  761,  825,  877,  488,  958,  687,  402,  648,  568, 1051,  267,  643,  560,  591,   32,  329,  312,  508,  581,  489,  299,  186,  144,  252,  402,  832,  323,  507,  495,   51,  348,  484,  877,  638,  599,  154,   43,  817,  749,  519,  197,  173,  280,  300,  896,  404,  235,  446,  778,  277,  635,  631,  484,  676,  658,  535,  714,  644,  223,  147,  712,  972,  980,  550,  627,  691,  853,  505,  752,  348,  746,  592,  638,  802,  627,  636,  385,  191,  642,   62,  629,  464,  568,  260,  841,  239,  442, 1031,  266,  686,  273,  312,  244,  793,   50,  599,  604],
        [  265,    0,  429,  167,  988,  155,  748,  682,  600,  558,  385,  235,  642, 1007,  861,  992,  390,  311,  419,  692,  560,  373,  392,  598,  323,  819,  479,  775,  888,    0,  703,  363,  784,   58, 1008,  534,  215,  354,  437,  282,  668,  958, 1053,  545, 1041,  455,  494,  516,  189,  234,  527,  634,  484,  164,  705,  665,  959,  668,  543,  640,  442,   96,  672,  900,  317,  440,  366,  476,  949,  728,  365,  171,  130,  348,  197,  566,  826,  305,  404,  616,  696,  431,  447,  679,  878,  888,  304,  914,  620,  583,  637,  615,  613,  847,  987, 1032,  839,  673,  298,  788,  643,  396,  893,  610,  445,  157,  343,  827,  972,  852,  533,  216,  622,  691,  772,  641,  669,  453,  649,  700,  540,  152,  658,  260,  965,  918,  773,  237,  377,  831,  559, 1013, 1016,  374,  438,  229,  949,  987,  377,  488,  491,  139,  867,  301,  770,  957,  446,  827,  273,  527,  718,  256,  827,  802,  505,  589,  656,  497,  868,  575,  472,  995,  401,  661,  577,  929,  507,  894,  503,  643],
        [  548,    0,  642,  566,  734,  621,  473,  140,  676,  195,  351,  482,  184,  337,  160,  336,  505,  419,  292,  663,  223,  637,  648,  726,  415,  128,  260,  207,  602,  703,    0,  487,  537,  661,  611,  207,  519,  460,  430,  711,  642,  364,  884,  549,  876,  858,  766,  454,  529,  592,  338,  243,  226,  793,  198,  280,  620,  253,  189,  676,  846,  736,   61,  739,  882,  377,  356,  516,  304,  727,  518,  737,  657,  379,  527,  333,  179,  566,  813,  238,   48,  292,  586,  362,  176,  202,  567,  631,  637,  528,  118,  876,  797,  809,  551,  695,  767,  207,  459,  288,  836,  523,  565,  649,  353,  589,  366,  127,  753,  597,  999,  723,  830,  507,  432,  382,  325,  413,  215,  623,  688,  699,  366,  587,  266,  268,   94,  595,  405,  155,  150,  822,  740,  813,  500,  639,  271,  289,  329,  996,  263,  630,  313,  790,   70,  256,  333,  124,  621,  576,  586,  497,  561,  100,  287,  847,  398,  335,  399,  231,  547,  854,  307,  370,  463,  443,  285,  567,  810,   61],
        [  431,    0,  626,  346, 1042,  402,  762,  539,  764,  441,  158,  179,  352,  824,  620,  820,  508,  332,  230,  820,  467,  583,  603,  788,  129,  614,  392,  643,  916,  363,  487,    0,  818,  360,  991,  419,  165,  438,  495,  561,  793,  828, 1152,  658, 1142,  753,  736,  579,  315,  145,  514,  320,  279,  519,  588,  600,  968,  588,  413,  792,  739,  446,  435,  991,  663,  456,  173,  586,  785,  875,  496,  499,  251,  156,  186,  226,  655,   87,  697,  535,  458,  348,  139,  655,  645,  688,  481,  947,  759,  674,  482,  869,  832,  991,  948, 1048,  966,  567,  100,  694,  870,  526,  901,  757,  441,  207,  288,  609, 1041,  891,  861,  523,  854,  740,  757,  637,  627,  101,  551,  806,  729,  463,  642,  460,  743,  749,  521,  448,  410,  567,  344, 1100, 1062,  677,   82,  182,  757,  769,  226,  827,  414,  397,  754,  615,  555,  732,  155,  597,  497,  660,  799,  364,  858,  571,  453,  839,  657,  172,  800,  489,  134, 1104,  234,  646,  633,  858,  209,  903,  763,  433],
        [  521,    0,  419,  622,  224,  633,   65,  398,  301,  411,  666,  688,  689,  539,  616,  503,  395,  516,  600,  212,  376,  462,  454,  354,  692,  522,  432,  363,  105,  784,  537,  818,    0,  726,  239,  425,  731,  435,  354,  589,  210,  397,  353,  258,  344,  613,  478,  270,  614,  836,  305,  741,  579,  762,  341,  262,  178,  287,  440,  268,  608,  748,  580,  203,  752,  373,  647,  314,  467,  258,  421,  695,  829,  663,  722,  792,  449,  857,  599,  319,  581,  471,  954,  182,  604,  529,  488,  133,  248,  212,  434,  517,  423,  293,  246,  248,  246,  331,  732,  281,  447,  392,  116,  268,  382,  773,  537,  554,  228,   74,  741,  649,  455,   94,  113,  184,  218,  803,  328,  163,  363,  676,  187,  532,  608,  466,  618,  555,  432,  663,  561,  293,  245,  622,  876,  877,  532,  608,  593,  772,  410,  649,  328,  652,  538,  612,  709,  580,  535,  288,  111,  538,   44,  578,  368,  500,  164,  752,  231,  354,  935,  318,  590,  182,  208,  261,  705,  117,  520,  531],
        [  207,    0,  376,  111,  930,   98,  690,  633,  546,  508,  357,  209,  612,  959,  820,  942,  332,  259,  384,  636,  508,  321,  339,  546,  300,  773,  429,  724,  830,   58,  661,  360,  726,    0,  950,  485,  200,  297,  379,  239,  612,  905,  997,  488,  985,  421,  448,  458,  137,  245,  471,  609,  447,  160,  654,  610,  901,  614,  495,  586,  408,   89,  633,  844,  305,  384,  336,  418,  899,  673,  307,  144,  156,  320,  180,  548,  778,  314,  368,  563,  656,  382,  459,  622,  836,  842,  247,  856,  565,  525,  589,  573,  565,  793,  930,  974,  783,  620,  282,  734,  596,  338,  835,  555,  390,  158,  297,  783,  914,  794,  512,  180,  576,  633,  715,  584,  613,  442,  597,  644,  488,  114,  601,  204,  920,  868,  734,  180,  321,  794,  520,  957,  959,  341,  438,  251,  902,  941,  340,  472,  440,   83,  813,  271,  727,  913,  423,  784,  220,  471,  660,  200,  769,  760,  451,  546,  598,  477,  812,  523,  479,  940,  363,  604,  519,  873,  482,  836,  460,  601],
        [  747,    0,  657,  843,  197,  860,  261,  487,  531,  553,  834,  885,  789,  467,  630,  431,  624,  721,  763,  430,  526,  700,  692,  580,  872,  545,  601,  405,  154, 1008,  611,  991,  239,  950,    0,  575,  929,  654,  572,  826,  436,  320,  355,  495,  353,  847,  711,  495,  829, 1032,  496,  846,  725,  997,  427,  392,   79,  407,  583,  493,  843,  979,  666,  295,  990,  577,  819,  548,  413,  458,  650,  930, 1040,  839,  923,  919,  463, 1043,  836,  458,  659,  648, 1121,  342,  609,  519,  719,  150,  479,  449,  540,  734,  642,  438,   69,  101,  393,  436,  916,  324,  661,  624,  123,  499,  580,  979,  728,  576,  240,  195,  970,  885,  672,  329,  241,  372,  365,  957,  447,  387,  597,  909,  359,  763,  574,  430,  669,  785,  640,  696,  686,  298,  179,  859, 1038, 1076,  491,  564,  768, 1005,  580,  876,  310,  890,  584,  583,  862,  605,  769,  526,  341,  755,  200,  614,  544,  722,  355,  893,  212,  503, 1095,  359,  758,  356,  435,  177,  843,  122,  751,  629],
