{
    "name": "random-6-23201",
    "comment": "size=6 seed=23201",
    "nodes": ["+0", "-0", "+1", "-1", "+2", "-2", "+3", "-3", "+4", "-4", "+5", "-5", "+6", "-6"],
    "precedence": {
        "+0": "-0",
        "+1": "-1",
        "+2": "-2",
        "+3": "-3",
        "+4": "-4",
        "+5": "-5",
        "+6": "-6"
    },
    "edges": [
        [    0,    0,  883,  314,  652,  774,  525,  121,  322,  579,  304,  998,  912,  669],
        [    0,    0,  883,  314,  652,  774,  525,  121,  322,  579,  304,  998,  912,  669],
        [  883,  883,    0,  823,  994,  121,  519,  798,  617, 1072,  597,  903,  297, 1074],
        [  314,  314,  823,    0,  347,  703,  332,  376,  223,  315,  416,  693,  749,  382],
        [  652,  652,  994,  347,    0,  879,  485,  723,  516,  155,  743,  465,  816,   86],
        [  774,  774,  121,  703,  879,    0,  401,  696,  498,  953,  498,  822,  265,  959],
        [  525,  525,  519,  332,  485,  401,    0,  508,  206,  554,  393,  567,  417,  561],
        [  121,  121,  798,  376,  723,  696,  508,    0,  305,  670,  204, 1025,  861,  751],
        [  322,  322,  617,  223,  516,  498,  206,  305,    0,  526,  234,  734,  596,  572],
        [  579,  579, 1072,  315,  155,  953,  554,  670,  526,    0,  731,  619,  926,  108],
        [  304,  304,  597,  416,  743,  498,  393,  204,  234,  731,    0,  953,  685,  791],
        [  998,  998,  903,  693,  465,  822,  567, 1025,  734,  619,  953,    0,  628,  530],
        [  912,  912,  297,  749,  816,  265,  417,  861,  596,  926,  685,  628,    0,  901],
        [  669,  669, 1074,  382,   86,  959,  561,  751,  572,  108,  791,  530,  901,    0]
    ]
}
