{
    "name": "random-38-3450",
    "comment": "size=38 seed=3450",
    "nodes": ["+0", "-0", "+1", "-1", "+2", "-2", "+3", "-3", "+4", "-4", "+5", "-5", "+6", "-6", "+7", "-7", "+8", "-8", "+9", "-9", "+10", "-10", "+11", "-11", "+12", "-12", "+13", "-13", "+14", "-14", "+15", "-15", "+16", "-16", "+17", "-17", "+18", "-18", "+19", "-19", "+20", "-20", "+21", "-21", "+22", "-22", "+23", "-23", "+24", "-24", "+25", "-25", "+26", "-26", "+27", "-27", "+28", "-28", "+29", "-29", "+30", "-30", "+31", "-31", "+32", "-32", "+33", "-33", "+34", "-34", "+35", "-35", "+36", "-36", "+37", "-37", "+38", "-38"],
    "precedence": {
        "+0": "-0",
        "+1": "-1",
        "+2": "-2",
        "+3": "-3",
        "+4": "-4",
        "+5": "-5",
        "+6": "-6",
        "+7": "-7",
        "+8": "-8",
        "+9": "-9",
        "+10": "-10",
        "+11": "-11",
        "+12": "-12",
        "+13": "-13",
        "+14": "-14",
        "+15": "-15",
        "+16": "-16",
        "+17": "-17",
        "+18": "-18",
        "+19": "-19",
        "+20": "-20",
        "+21": "-21",
        "+22": "-22",
        "+23": "-23",
        "+24": "-24",
        "+25": "-25",
        "+26": "-26",
        "+27": "-27",
        "+28": "-28",
        "+29": "-29",
        "+30": "-30",
        "+31": "-31",
        "+32": "-32",
        "+33": "-33",
        "+34": "-34",
        "+35": "-35",
        "+36": "-36",
        "+37": "-37",
        "+38": "-38"
    },
    "edges": [
        [    0,    0,  170,  847,  883,  504,   74,  680,  757,  635,  834,  862,  754,  576,  677,  236,  765,  803, 1134,  792,  794,  793,  544,  913,   54,  730,  523, 1170,  872,  403,  465, 1044,  818, 1032,  605,  976,  847,  157,   58,  432,  446,  140, 1121, 1022,  916,  881,  634,  206,  862,  330,  700,  378,  949,  608,  810,  917,  588,  505,  707,  599,  340, 1146,  229,  842,  975,  816,  605, 1006,  292, 1022,  877,  927,  845,  897,  578,  666,  825, 1002],
        [    0,    0,  170,  847,  883,  504,   74,  680,  757,  635,  834,  862,  754,  576,  677,  236,  765,  803, 1134,  792,  794,  793,  544,  913,   54,  730,  523, 1170,  872,  403,  465, 1044,  818, 1032,  605,  976,  847,  157,   58,  432,  446,  140, 1121, 1022,  916,  881,  634,  206,  862,  330,  700,  378,  949,  608,  810,  917,  588,  505,  707,  599,  340, 1146,  229,  842,  975,  816,  605, 1006,  292, 1022,  877,  927,  845,  897,  578,  666,  825, 1002],
        [  170,  170,    0,  678,  802,  532,  217,  669,  688,  480,  705,  693,  671,  468,  511,  303,  596,  653, 1011,  700,  625,  626,  434,  772,  194,  568,  536, 1028,  847,  240,  300,  922,  680,  914,  471,  850,  687,  172,  127,  273,  278,  222,  985,  932,  898,  804,  467,  219,  711,  385,  578,  245,  819,  441,  644,  882,  456,  382,  623,  432,  177, 1019,  193,  690,  815,  803,  442,  846,  192,  893,  722,  897,  734,  783,  454,  631,  655,  847],
        [  847,  847,  678,    0,  898, 1030,  892, 1039,  877,  398,  608,   47,  817,  644,  287,  921,  183,  439,  822,  797,  136,  209,  636,  557,  871,  309, 1002,  705, 1128,  481,  385,  766,  541,  790,  532,  700,  343,  806,  804,  431,  423,  875,  721,  945, 1186,  912,  279,  823,  452,  966,  609,  581,  658,  242,  244, 1121,  543,  583,  786,  252,  511,  805,  765,  435,  392, 1133,  264,  416,  672,  708,  410, 1150,  724,  732,  577,  949,   69,  468],
        [  883,  883,  802,  898,    0,  540,  852,  364,  136,  525,  304,  867,  131,  347,  627,  713,  716,  469,  380,  112,  763,  692,  379,  403,  852,  590,  490,  538,  297,  657,  819,  315,  369,  277,  411,  307,  581,  728,  830,  863,  688,  772,  457,  146,  344,   18,  662,  685,  480,  657,  300,  574,  325,  836,  662,  257,  412,  445,  179,  837,  822,  410,  655,  487,  627,  350,  890,  634,  612,  348,  531,  290,  183,  202,  391,  288,  831,  576],
        [  504,  504,  532, 1030,  540,    0,  442,  210,  408,  658,  672, 1022,  448,  433,  759,  269,  874,  749,  896,  501,  920,  878,  423,  786,  454,  773,   51, 1011,  402,  575,  744,  815,  699,  786,  540,  772,  847,  371,  475,  751,  635,  365,  938,  683,  435,  530,  753,  318,  797,  177,  547,  459,  766,  847,  871,  461,  523,  456,  422,  841,  664,  921,  342,  788,  954,  332,  877,  976,  394,  822,  837,  461,  608,  660,  490,  254,  979,  941],
        [   74,   74,  217,  892,  852,  442,    0,  627,  723,  651,  829,  904,  726,  564,  703,  173,  798,  813, 1124,  767,  831,  824,  533,  915,   24,  753,  465, 1172,  820,  432,  516, 1034,  819, 1019,  606,  968,  866,  131,   91,  488,  481,   84, 1118,  994,  863,  850,  665,  168,  872,  266,  692,  386,  944,  657,  837,  869,  588,  502,  681,  648,  393, 1137,  208,  853,  994,  761,  658, 1024,  290, 1015,  891,  876,  829,  882,  574,  621,  866, 1016],
        [  680,  680,  669, 1039,  364,  210,  627,    0,  249,  644,  569, 1022,  307,  396,  754,  458,  866,  686,  740,  359,  915,  859,  404,  686,  635,  749,  169,  880,  196,  639,  819,  667,  613,  632,  511,  638,  796,  531,  641,  840,  693,  545,  801,  498,  237,  351,  764,  478,  723,  374,  471,  523,  642,  894,  843,  253,  498,  461,  302,  891,  766,  768,  480,  719,  884,  136,  935,  901,  495,  686,  770,  254,  477,  523,  463,   99,  980,  855],
        [  757,  757,  688,  877,  136,  408,  723,  249,    0,  484,  335,  852,   67,  263,  594,  579,  695,  475,  494,  113,  745,  679,  289,  449,  723,  571,  358,  631,  254,  570,  743,  419,  388,  385,  355,  390,  590,  601,  706,  780,  610,  641,  553,  281,  311,  129,  619,  556,  502,  522,  270,  473,  396,  780,  655,  245,  350,  358,   92,  780,  728,  522,  530,  503,  661,  278,  830,  674,  497,  437,  552,  273,  232,  275,  321,  160,  812,  623],
        [  635,  635,  480,  398,  525,  658,  651,  644,  484,    0,  284,  379,  427,  248,  112,  614,  223,  176,  578,  417,  272,  221,  243,  309,  636,  117,  624,  557,  732,  243,  335,  497,  233,  503,  135,  421,  217,  531,  579,  391,  230,  602,  525,  603,  791,  537,  138,  526,  234,  632,  226,  268,  382,  315,  214,  729,  146,  203,  393,  318,  394,  577,  467,  212,  344,  735,  371,  373,  370,  453,  243,  757,  372,  400,  181,  552,  337,  368],
        [  834,  834,  705,  608,  304,  672,  829,  569,  335,  284,    0,  573,  269,  272,  361,  739,  429,  170,  308,  227,  474,  400,  300,  118,  820,  309,  626,  350,  580,  495,  616,  220,   68,  221,  235,  146,  279,  699,  777,  670,  501,  762,  290,  338,  633,  320,  408,  673,  176,  720,  140,  462,  115,  592,  366,  553,  250,  330,  268,  595,  660,  314,  623,  184,  329,  612,  649,  340,  544,  189,  227,  585,  122,  125,  257,  471,  540,  288],
        [  862,  862,  693,   47,  867, 1022,  904, 1022,  852,  379,  573,    0,  790,  626,  268,  925,  158,  404,  779,  768,  108,  176,  619,  517,  884,  282,  992,  659, 1104,  486,  405,  725,  506,  750,  512,  660,  303,  813,  817,  455,  429,  883,  676,  909, 1162,  881,  270,  827,  413,  965,  583,  580,  619,  264,  208, 1094,  524,  571,  762,  275,  530,  761,  768,  397,  346, 1111,  294,  370,  674,  666,  369, 1124,  691,  697,  559,  930,   44,  422],
        [  754,  754,  671,  817,  131,  448,  726,  307,   67,  427,  269,  790,    0,  222,  535,  592,  634,  410,  449,   55,  683,  617,  252,  384,  724,  509,  398,  575,  318,  533,  700,  369,  322,  339,  302,  333,  525,  600,  701,  741,  568,  646,  498,  269,  375,  134,  563,  558,  436,  544,  208,  445,  335,  729,  592,  305,  299,  320,   49,  730,  695,  475,  526,  437,  595,  344,  781,  608,  481,  382,  486,  334,  171,  218,  273,  212,  751,  557],
        [  576,  576,  468,  644,  347,  433,  564,  396,  263,  248,  272,  626,  222,    0,  358,  467,  470,  317,  560,  239,  519,  464,   34,  374,  557,  355,  392,  622,  495,  312,  481,  470,  279,  456,  115,  406,  416,  433,  520,  520,  348,  493,  561,  467,  554,  353,  372,  404,  367,  452,  133,  230,  384,  522,  451,  502,  102,   99,  176,  521,  475,  574,  357,  356,  523,  491,  570,  545,  287,  454,  406,  527,  269,  321,   68,  305,  584,  514],
        [  677,  677,  511,  287,  627,  759,  703,  754,  594,  112,  361,  268,  535,  358,    0,  690,  115,  212,  632,  521,  163,  125,  352,  353,  686,   69,  727,  576,  843,  274,  299,  558,  299,  571,  246,  483,  187,  594,  624,  359,  236,  665,  560,  694,  901,  639,   58,  596,  255,  719,  330,  338,  442,  236,  134,  838,  257,  305,  503,  241,  390,  625,  537,  232,  311,  847,  294,  343,  439,  507,  241,  867,  464,  484,  291,  663,  226,  357],
        [  236,  236,  303,  921,  713,  269,  173,  458,  579,  614,  739,  925,  592,  467,  690,    0,  797,  756, 1016,  638,  837,  814,  441,  837,  185,  727,  294, 1088,  653,  440,  574,  927,  741,  907,  537,  868,  828,  131,  215,  563,  499,   98, 1027,  857,  693,  708,  664,   99,  813,   94,  599,  353,  849,  702,  820,  704,  518,  431,  551,  694,  467, 1034,  157,  797,  952,  591,  717,  979,  253,  917,  841,  709,  717,  771,  495,  461,  883,  961],
        [  765,  765,  596,  183,  716,  874,  798,  866,  695,  223,  429,  158,  634,  470,  115,  797,    0,  263,  666,  615,   50,   45,  465,  391,  779,  127,  842,  577,  947,  367,  342,  602,  363,  622,  356,  532,  184,  694,  715,  401,  319,  766,  577,  767, 1005,  729,  134,  702,  285,  829,  427,  446,  490,  232,   84,  938,  368,  419,  605,  241,  453,  653,  642,  265,  276,  954,  284,  307,  545,  546,  252,  968,  543,  554,  403,  773,  117,  341],
        [  803,  803,  653,  439,  469,  749,  813,  686,  475,  176,  170,  404,  410,  317,  212,  756,  263,    0,  421,  378,  305,  231,  331,  142,  800,  149,  708,  381,  728,  418,  499,  347,  103,  363,  221,  274,  115,  688,  746,  557,  405,  757,  354,  507,  784,  484,  267,  675,   60,  758,  215,  428,  232,  447,  197,  708,  240,  325,  393,  452,  568,  414,  618,   41,  206,  750,  505,  229,  525,  296,   89,  740,  289,  294,  267,  587,  371,  205],
        [ 1134, 1134, 1011,  822,  380,  896, 1124,  740,  494,  578,  308,  779,  449,  560,  632, 1016,  666,  421,    0,  396,  699,  626,  592,  280, 1117,  568,  846,  196,  665,  801,  912,   91,  347,  111,  541,  162,  484,  993, 1078,  969,  803, 1052,  124,  280,  703,  395,  686,  962,  383,  982,  436,  767,  198,  867,  586,  612,  556,  632,  478,  872,  965,   36,  916,  405,  445,  726,  924,  432,  843,  126,  416,  643,  300,  245,  559,  654,  757,  369],
        [  792,  792,  700,  797,  112,  501,  767,  359,  113,  417,  227,  768,   55,  239,  521,  638,  615,  378,  396,    0,  663,  594,  271,  339,  764,  488,  452,  522,  353,  547,  708,  315,  285,  285,  300,  280,  493,  639,  737,  752,  577,  688,  444,  232,  408,  121,  554,  599,  399,  594,  192,  467,  284,  726,  566,  331,  301,  336,   88,  727,  712,  420,  564,  402,  555,  387,  779,  566,  513,  328,  450,  362,  120,  164,  280,  266,  731,  513],
        [  794,  794,  625,  136,  763,  920,  831,  915,  745,  272,  474,  108,  683,  519,  163,  837,   50,  305,  699,  663,    0,   76,  514,  428,  811,  175,  889,  599,  996,  403,  357,  639,  406,  660,  405,  570,  215,  731,  746,  413,  351,  802,  605,  811, 1055,  777,  174,  740,  322,  872,  476,  487,  528,  232,  114,  987,  418,  467,  655,  242,  474,  685,  681,  304,  290, 1004,  279,  319,  585,  581,  284, 1017,  589,  598,  452,  823,   68,  361],
        [  793,  793,  626,  209,  692,  878,  824,  859,  679,  221,  400,  176,  617,  464,  125,  814,   45,  231,  626,  594,   76,    0,  463,  354,  805,  111,  844,  533,  932,  393,  382,  564,  332,  585,  350,  495,  142,  716,  742,  441,  348,  788,  535,  737,  990,  706,  160,  720,  247,  843,  410,  462,  453,  276,   40,  921,  364,  423,  590,  284,  489,  612,  661,  229,  232,  943,  328,  263,  563,  507,  211,  951,  516,  524,  399,  765,  141,  297],
        [  544,  544,  434,  636,  379,  423,  533,  404,  289,  243,  300,  619,  252,   34,  352,  441,  465,  331,  592,  271,  514,  463,    0,  397,  525,  354,  386,  648,  514,  283,  454,  502,  302,  488,  117,  436,  425,  402,  487,  492,  321,  463,  589,  500,  573,  384,  360,  374,  383,  431,  160,  197,  413,  502,  451,  524,  100,   70,  205,  501,  444,  605,  326,  371,  535,  505,  549,  560,  254,  484,  419,  549,  302,  354,   67,  317,  577,  531],
        [  913,  913,  772,  557,  403,  786,  915,  686,  449,  309,  118,  517,  384,  374,  353,  837,  391,  142,  280,  339,  428,  354,  397,    0,  904,  289,  740,  258,  689,  545,  639,  211,   97,  233,  309,  143,  215,  786,  855,  697,  538,  852,  217,  404,  741,  420,  408,  765,  107,  825,  244,  535,  102,  587,  315,  657,  327,  414,  385,  593,  702,  273,  712,  127,  226,  725,  645,  232,  626,  156,  149,  690,  225,  204,  344,  588,  490,  175],
        [   54,   54,  194,  871,  852,  454,   24,  635,  723,  636,  820,  884,  724,  557,  686,  185,  779,  800, 1117,  764,  811,  805,  525,  904,    0,  736,  475, 1161,  828,  413,  494, 1026,  808, 1012,  595,  960,  850,  125,   69,  465,  461,   91, 1109,  992,  871,  849,  647,  168,  859,  279,  683,  373,  935,  635,  820,  875,  577,  492,  678,  626,  370, 1130,  202,  839,  978,  770,  635, 1009,  279, 1007,  877,  883,  823,  876,  564,  626,  846, 1001],
        [  730,  730,  568,  309,  590,  773,  753,  749,  571,  117,  309,  282,  509,  355,   69,  727,  127,  149,  568,  488,  175,  111,  354,  289,  736,    0,  738,  507,  823,  328,  368,  496,  244,  511,  240,  423,  121,  638,  676,  428,  297,  709,  492,  645,  881,  603,  126,  636,  188,  748,  301,  376,  381,  300,   98,  813,  255,  319,  481,  306,  455,  560,  576,  165,  248,  833,  358,  280,  479,  444,  173,  843,  419,  433,  290,  655,  243,  290],
        [  523,  523,  536, 1002,  490,   51,  465,  169,  358,  624,  626,  992,  398,  392,  727,  294,  842,  708,  846,  452,  889,  844,  386,  740,  475,  738,    0,  963,  364,  557,  730,  765,  655,  736,  502,  723,  808,  382,  490,  742,  616,  385,  889,  634,  401,  480,  724,  328,  754,  207,  502,  439,  718,  827,  836,  421,  485,  423,  373,  822,  657,  871,  343,  746,  913,  298,  859,  934,  384,  773,  796,  422,  559,  611,  452,  205,  949,  897],
        [ 1170, 1170, 1028,  705,  538, 1011, 1172,  880,  631,  557,  350,  659,  575,  622,  576, 1088,  577,  381,  196,  522,  599,  533,  648,  258, 1161,  507,  963,    0,  834,  798,  873,  226,  353,  266,  566,  242,  398, 1042, 1113,  933,  785, 1107,   83,  465,  877,  556,  633, 1020,  326, 1069,  490,  793,  246,  799,  493,  786,  584,  670,  592,  807,  949,  162,  968,  349,  314,  888,  855,  291,  883,  195,  336,  818,  406,  358,  599,  787,  646,  239],
        [  872,  872,  847, 1128,  297,  402,  820,  196,  254,  732,  580, 1104,  318,  495,  843,  653,  947,  728,  665,  353,  996,  932,  514,  689,  828,  823,  364,  834,    0,  782,  961,  610,  637,  571,  599,  604,  843,  720,  830,  990,  829,  738,  752,  392,   59,  280,  864,  667,  752,  570,  523,  672,  620, 1016,  908,   69,  592,  581,  342, 1014,  924,  698,  663,  754,  908,   80, 1062,  918,  664,  645,  802,   59,  465,  495,  560,  218, 1064,  863],
        [  403,  403,  240,  481,  657,  575,  432,  639,  570,  243,  495,  486,  533,  312,  274,  440,  367,  418,  801,  547,  403,  393,  283,  545,  413,  328,  557,  798,  782,    0,  180,  714,  459,  713,  267,  640,  447,  329,  351,  211,   62,  400,  761,  769,  839,  663,  234,  342,  476,  488,  386,  119,  605,  273,  407,  800,  257,  214,  487,  268,  169,  805,  284,  454,  575,  760,  303,  606,  193,  678,  484,  822,  549,  591,  270,  570,  445,  608],
        [  465,  465,  300,  385,  819,  744,  516,  819,  743,  335,  616,  405,  700,  481,  299,  574,  342,  499,  912,  708,  357,  382,  454,  639,  494,  368,  730,  873,  961,  180,    0,  831,  567,  836,  412,  755,  485,  447,  426,   61,  133,  510,  852,  920, 1018,  827,  242,  476,  549,  637,  531,  297,  716,  144,  411,  976,  408,  385,  656,  134,  126,  910,  426,  526,  604,  939,  145,  636,  351,  786,  540,  999,  691,  727,  429,  750,  372,  656],
        [ 1044, 1044,  922,  766,  315,  815, 1034,  667,  419,  497,  220,  725,  369,  470,  558,  927,  602,  347,   91,  315,  639,  564,  502,  211, 1026,  496,  765,  226,  610,  714,  831,    0,  265,   41,  453,   76,  424,  903,  987,  886,  719,  962,  143,  245,  652,  332,  611,  872,  317,  895,  346,  678,  117,  793,  525,  561,  467,  542,  394,  798,  879,  108,  826,  337,  406,  665,  851,  400,  753,   61,  357,  593,  212,  158,  469,  577,  699,  335],
        [  818,  818,  680,  541,  369,  699,  819,  613,  388,  233,   68,  506,  322,  279,  299,  741,  363,  103,  347,  285,  406,  332,  302,   97,  808,  244,  655,  353,  637,  459,  567,  265,    0,  274,  214,  189,  213,  690,  761,  623,  458,  756,  305,  405,  692,  385,  349,  669,  115,  731,  153,  441,  150,  532,  299,  614,  232,  318,  313,  537,  620,  347,  616,  119,  273,  665,  590,  289,  530,  222,  165,  646,  188,  192,  248,  514,  473,  245],
        [ 1032, 1032,  914,  790,  277,  786, 1019,  632,  385,  503,  221,  750,  339,  456,  571,  907,  622,  363,  111,  285,  660,  585,  488,  233, 1012,  511,  736,  266,  571,  713,  836,   41,  274,    0,  448,   91,  448,  888,  975,  891,  721,  945,  183,  205,  612,  294,  622,  855,  339,  871,  336,  670,  133,  805,  547,  522,  461,  533,  368,  810,  879,  137,  811,  357,  438,  627,  863,  433,  742,   95,  381,  553,  191,  137,  461,  545,  722,  369],
        [  605,  605,  471,  532,  411,  540,  606,  511,  355,  135,  235,  512,  302,  115,  246,  537,  356,  221,  541,  300,  405,  350,  117,  309,  595,  240,  502,  566,  599,  267,  412,  453,  214,  448,    0,  380,  309,  478,  548,  460,  285,  545,  517,  508,  658,  420,  265,  459,  276,  538,  121,  229,  349,  429,  336,  599,   20,  107,  263,  429,  435,  548,  405,  261,  423,  601,  481,  448,  317,  422,  308,  626,  283,  324,   51,  418,  471,  425],
        [  976,  976,  850,  700,  307,  772,  968,  638,  390,  421,  146,  660,  333,  406,  483,  868,  532,  274,  162,  280,  570,  495,  436,  143,  960,  423,  723,  242,  604,  640,  755,   76,  189,   91,  380,    0,  358,  838,  919,  811,  643,  898,  167,  273,  651,  325,  536,  809,  248,  841,  277,  606,   42,  718,  457,  562,  394,  473,  351,  723,  804,  170,  761,  267,  355,  652,  776,  353,  685,   51,  291,  595,  165,  116,  399,  545,  632,  289],
        [  847,  847,  687,  343,  581,  847,  866,  796,  590,  217,  279,  303,  525,  416,  187,  828,  184,  115,  484,  493,  215,  142,  425,  215,  850,  121,  808,  398,  843,  447,  485,  424,  213,  448,  309,  358,    0,  747,  792,  545,  418,  818,  394,  610,  899,  597,  243,  741,  111,  841,  327,  484,  316,  402,  102,  823,  327,  405,  507,  410,  575,  471,  682,   97,  129,  864,  458,  160,  586,  367,   69,  854,  400,  399,  359,  698,  276,  171],
        [  157,  157,  172,  806,  728,  371,  131,  531,  601,  531,  699,  813,  600,  433,  594,  131,  694,  688,  993,  639,  731,  716,  402,  786,  125,  638,  382, 1042,  720,  329,  447,  903,  690,  888,  478,  838,  747,    0,  111,  433,  385,   72,  988,  868,  766,  726,  561,   54,  747,  214,  561,  264,  813,  580,  726,  764,  459,  373,  554,  572,  337, 1007,   77,  729,  874,  667,  591,  903,  164,  885,  768,  774,  699,  752,  444,  512,  772,  892],
        [   58,   58,  127,  804,  830,  475,   91,  641,  706,  579,  777,  817,  701,  520,  624,  215,  715,  746, 1078,  737,  746,  742,  487,  855,   69,  676,  490, 1113,  830,  351,  426,  987,  761,  975,  548,  919,  792,  111,    0,  397,  396,  119, 1064,  968,  877,  829,  583,  164,  805,  307,  643,  321,  892,  567,  757,  874,  530,  448,  654,  558,  303, 1089,  177,  785,  920,  777,  568,  951,  235,  965,  821,  884,  789,  840,  521,  622,  779,  946],
        [  432,  432,  273,  431,  863,  751,  488,  840,  780,  391,  670,  455,  741,  520,  359,  563,  401,  557,  969,  752,  413,  441,  492,  697,  465,  428,  742,  933,  990,  211,   61,  886,  623,  891,  460,  811,  545,  433,  397,    0,  176,  492,  911,  968, 1047,  870,  303,  468,  609,  633,  580,  320,  772,  191,  471, 1009,  454,  423,  696,  180,   97,  967,  422,  585,  664,  965,  175,  696,  358,  843,  600, 1031,  742,  778,  472,  776,  424,  716],
        [  446,  446,  278,  423,  688,  635,  481,  693,  610,  230,  501,  429,  568,  348,  236,  499,  319,  405,  803,  577,  351,  348,  321,  538,  461,  297,  616,  785,  829,   62,  133,  719,  458,  721,  285,  643,  418,  385,  396,  176,    0,  454,  755,  792,  887,  696,  189,  401,  460,  549,  405,  177,  606,  212,  367,  844,  279,  252,  523,  207,  164,  804,  343,  437,  545,  811,  244,  576,  254,  679,  461,  867,  567,  605,  297,  620,  389,  584],
        [  140,  140,  222,  875,  772,  365,   84,  545,  641,  602,  762,  883,  646,  493,  665,   98,  766,  757, 1052,  688,  802,  788,  463,  852,   91,  709,  385, 1107,  738,  400,  510,  962,  756,  945,  545,  898,  818,   72,  119,  492,  454,    0, 1051,  914,  781,  769,  632,   90,  816,  192,  623,  335,  875,  646,  798,  786,  526,  439,  602,  638,  395, 1067,  140,  798,  945,  679,  655,  974,  234,  946,  838,  794,  755,  809,  509,  538,  842,  961],
        [ 1121, 1121,  985,  721,  457,  938, 1118,  801,  553,  525,  290,  676,  498,  561,  560, 1027,  577,  354,  124,  444,  605,  535,  589,  217, 1109,  492,  889,   83,  752,  761,  852,  143,  305,  183,  517,  167,  394,  988, 1064,  911,  755, 1051,    0,  384,  794,  474,  617,  963,  305, 1004,  430,  745,  178,  790,  495,  704,  534,  618,  517,  797,  918,   94,  913,  328,  334,  806,  848,  317,  831,  117,  327,  736,  331,  280,  545,  709,  658,  257],
        [ 1022, 1022,  932,  945,  146,  683,  994,  498,  281,  603,  338,  909,  269,  467,  694,  857,  767,  507,  280,  232,  811,  737,  500,  404,  992,  645,  634,  465,  392,  769,  920,  245,  405,  205,  508,  273,  610,  868,  968,  968,  792,  914,  384,    0,  425,  154,  737,  826,  501,  803,  389,  696,  307,  918,  702,  335,  514,  562,  315,  920,  936,  315,  794,  514,  626,  460,  974,  625,  745,  296,  549,  365,  232,  213,  500,  429,  877,  562],
        [  916,  916,  898, 1186,  344,  435,  863,  237,  311,  791,  633, 1162,  375,  554,  901,  693, 1005,  784,  703,  408, 1055,  990,  573,  741,  871,  881,  401,  877,   59,  839, 1018,  652,  692,  612,  658,  651,  899,  766,  877, 1047,  887,  781,  794,  425,    0,  327,  923,  713,  806,  607,  581,  728,  669, 1074,  966,   92,  651,  639,  400, 1073,  980,  737,  712,  810,  961,  103, 1121,  971,  717,  690,  857,   62,  517,  544,  619,  272, 1122,  915],
        [  881,  881,  804,  912,   18,  530,  850,  351,  129,  537,  320,  881,  134,  353,  639,  708,  729,  484,  395,  121,  777,  706,  384,  420,  849,  603,  480,  556,  280,  663,  827,  332,  385,  294,  420,  325,  597,  726,  829,  870,  696,  769,  474,  154,  327,    0,  674,  682,  496,  651,  311,  578,  343,  847,  677,  240,  421,  451,  182,  848,  827,  426,  654,  503,  644,  334,  900,  651,  613,  365,  547,  272,  199,  219,  399,  277,  845,  593],
        [  634,  634,  467,  279,  662,  753,  665,  764,  619,  138,  408,  270,  563,  372,   58,  664,  134,  267,  686,  554,  174,  160,  360,  408,  647,  126,  724,  633,  864,  234,  242,  611,  349,  622,  265,  536,  243,  561,  583,  303,  189,  632,  617,  737,  923,  674,    0,  568,  312,  699,  363,  314,  495,  184,  179,  864,  273,  305,  528,  188,  337,  680,  509,  289,  365,  863,  241,  397,  412,  561,  299,  891,  506,  529,  306,  676,  227,  414],
        [  206,  206,  219,  823,  685,  318,  168,  478,  556,  526,  673,  827,  558,  404,  596,   99,  702,  675,  962,  599,  740,  720,  374,  765,  168,  636,  328, 1020,  667,  342,  476,  872,  669,  855,  459,  809,  741,   54,  164,  468,  401,   90,  963,  826,  713,  682,  568,    0,  733,  168,  534,  260,  786,  604,  728,  712,  441,  353,  513,  596,  373,  977,   60,  716,  866,  614,  619,  895,  158,  857,  758,  722,  665,  719,  422,  461,  786,  880],
        [  862,  862,  711,  452,  480,  797,  872,  723,  502,  234,  176,  413,  436,  367,  255,  813,  285,   60,  383,  399,  322,  247,  383,  107,  859,  188,  754,  326,  752,  476,  549,  317,  115,  339,  276,  248,  111,  747,  805,  609,  460,  816,  305,  501,  806,  496,  312,  733,    0,  813,  255,  487,  207,  487,  209,  727,  296,  382,  425,  493,  623,  373,  676,   24,  162,  779,  545,  181,  584,  261,   52,  759,  298,  291,  321,  624,  385,  149],
        [  330,  330,  385,  966,  657,  177,  266,  374,  522,  632,  720,  965,  544,  452,  719,   94,  829,  758,  982,  594,  872,  843,  431,  825,  279,  748,  207, 1069,  570,  488,  637,  895,  731,  871,  538,  841,  841,  214,  307,  633,  549,  192, 1004,  803,  607,  651,  699,  168,  813,    0,  582,  386,  826,  758,  844,  624,  519,  437,  507,  751,  539, 1002,  212,  799,  960,  504,  778,  986,  295,  891,  845,  628,  683,  738,  492,  390,  923,  961],
        [  700,  700,  578,  609,  300,  547,  692,  471,  270,  226,  140,  583,  208,  133,  330,  599,  427,  215,  436,  192,  476,  410,  160,  244,  683,  301,  502,  490,  523,  386,  531,  346,  153,  336,  121,  277,  327,  561,  643,  580,  405,  623,  430,  389,  581,  311,  363,  534,  255,  582,    0,  334,  253,  537,  386,  512,  129,  197,  182,  539,  554,  447,  485,  250,  416,  539,  592,  435,  408,  324,  300,  542,  163,  207,  125,  372,  544,  396],
        [  378,  378,  245,  581,  574,  459,  386,  523,  473,  268,  462,  580,  445,  230,  338,  353,  446,  428,  767,  467,  487,  462,  197,  535,  373,  376,  439,  793,  672,  119,  297,  678,  441,  670,  229,  606,  484,  264,  321,  320,  177,  335,  745,  696,  728,  578,  314,  260,  487,  386,  334,    0,  577,  388,  468,  694,  213,  138,  397,  383,  256,  776,  201,  467,  611,  645,  421,  640,  103,  650,  506,  714,  491,  539,  209,  457,  537,  630],
        [  949,  949,  819,  658,  325,  766,  944,  642,  396,  382,  115,  619,  335,  384,  442,  849,  490,  232,  198,  284,  528,  453,  413,  102,  935,  381,  718,  246,  620,  605,  716,  117,  150,  133,  349,   42,  316,  813,  892,  772,  606,  875,  178,  307,  669,  343,  495,  786,  207,  826,  253,  577,    0,  677,  415,  582,  364,  445,  348,  682,  768,  201,  737,  225,  320,  664,  735,  320,  658,   74,  251,  614,  165,  125,  372,  546,  591,  258],
        [  608,  608,  441,  242,  836,  847,  657,  894,  780,  315,  592,  264,  729,  522,  236,  702,  232,  447,  867,  726,  232,  276,  502,  587,  635,  300,  827,  799, 1016,  273,  144,  793,  532,  805,  429,  718,  402,  580,  567,  191,  212,  646,  790,  918, 1074,  847,  184,  604,  487,  758,  537,  388,  677,    0,  312, 1023,  431,  437,  690,   11,  270,  859,  549,  464,  507, 1005,   58,  538,  464,  742,  466, 1048,  686,  712,  460,  815,  235,  569],
        [  810,  810,  644,  244,  662,  871,  837,  843,  655,  214,  366,  208,  592,  451,  134,  820,   84,  197,  586,  566,  114,   40,  451,  315,  820,   98,  836,  493,  908,  407,  411,  525,  299,  547,  336,  457,  102,  726,  757,  471,  367,  798,  495,  702,  966,  677,  179,  728,  209,  844,  386,  468,  415,  312,    0,  895,  352,  417,  567,  320,  514,  573,  668,  191,  196,  922,  366,  227,  570,  468,  171,  925,  484,  490,  386,  748,  176,  258],
        [  917,  917,  882, 1121,  257,  461,  869,  253,  245,  729,  553, 1094,  305,  502,  838,  704,  938,  708,  612,  331,  987,  921,  524,  657,  875,  813,  421,  786,   69,  800,  976,  561,  614,  522,  599,  562,  823,  764,  874, 1009,  844,  786,  704,  335,   92,  240,  864,  712,  727,  624,  512,  694,  582, 1023,  895,    0,  594,  593,  337, 1022,  949,  646,  703,  732,  880,  148, 1071,  888,  695,  600,  778,   33,  434,  458,  564,  253, 1055,  831],
        [  588,  588,  456,  543,  412,  523,  588,  498,  350,  146,  250,  524,  299,  102,  257,  518,  368,  240,  556,  301,  418,  364,  100,  327,  577,  255,  485,  584,  592,  257,  408,  467,  232,  461,   20,  394,  327,  459,  530,  454,  279,  526,  534,  514,  651,  421,  273,  441,  296,  519,  129,  213,  364,  431,  352,  594,    0,   88,  259,  431,  425,  564,  386,  281,  442,  591,  482,  467,  299,  438,  327,  621,  292,  335,   35,  407,  482,  444],
        [  505,  505,  382,  583,  445,  456,  502,  461,  358,  203,  330,  571,  320,   99,  305,  431,  419,  325,  632,  336,  467,  423,   70,  414,  492,  319,  423,  670,  581,  214,  385,  542,  318,  533,  107,  473,  405,  373,  448,  423,  252,  439,  618,  562,  639,  451,  305,  353,  382,  437,  197,  138,  445,  437,  417,  593,   88,    0,  274,  435,  377,  642,  299,  366,  524,  569,  482,  550,  214,  518,  411,  617,  353,  401,   74,  379,  528,  530],
        [  707,  707,  623,  786,  179,  422,  681,  302,   92,  393,  268,  762,   49,  176,  503,  551,  605,  393,  478,   88,  655,  590,  205,  385,  678,  481,  373,  592,  342,  487,  656,  394,  313,  368,  263,  351,  507,  554,  654,  696,  523,  602,  517,  315,  400,  182,  528,  513,  425,  507,  182,  397,  348,  690,  567,  337,  259,  274,    0,  689,  648,  501,  479,  424,  586,  357,  740,  601,  433,  401,  473,  365,  187,  239,  231,  204,  722,  554],
        [  599,  599,  432,  252,  837,  841,  648,  891,  780,  318,  595,  275,  730,  521,  241,  694,  241,  452,  872,  727,  242,  284,  501,  593,  626,  306,  822,  807, 1014,  268,  134,  798,  537,  810,  429,  723,  410,  572,  558,  180,  207,  638,  797,  920, 1073,  848,  188,  596,  493,  751,  539,  383,  682,   11,  320, 1022,  431,  435,  689,    0,  260,  865,  542,  470,  515, 1003,   54,  546,  458,  747,  472, 1047,  689,  715,  459,  813,  245,  576],
        [  340,  340,  177,  511,  822,  664,  393,  766,  728,  394,  660,  530,  695,  475,  390,  467,  453,  568,  965,  712,  474,  489,  444,  702,  370,  455,  657,  949,  924,  169,  126,  879,  620,  879,  435,  804,  575,  337,  303,   97,  164,  395,  918,  936,  980,  827,  337,  373,  623,  539,  554,  256,  768,  270,  514,  949,  425,  377,  648,  260,    0,  967,  329,  600,  700,  894,  266,  732,  274,  841,  623,  968,  717,  758,  437,  708,  495,  744],
        [ 1146, 1146, 1019,  805,  410,  921, 1137,  768,  522,  577,  314,  761,  475,  574,  625, 1034,  653,  414,   36,  420,  685,  612,  605,  273, 1130,  560,  871,  162,  698,  805,  910,  108,  347,  137,  548,  170,  471, 1007, 1089,  967,  804, 1067,   94,  315,  737,  426,  680,  977,  373, 1002,  447,  776,  201,  859,  573,  646,  564,  642,  501,  865,  967,    0,  930,  395,  423,  759,  917,  408,  855,  127,  402,  677,  320,  265,  569,  681,  741,  346],
        [  229,  229,  193,  765,  655,  342,  208,  480,  530,  467,  623,  768,  526,  357,  537,  157,  642,  618,  916,  564,  681,  661,  326,  712,  202,  576,  343,  968,  663,  284,  426,  826,  616,  811,  405,  761,  682,   77,  177,  422,  343,  140,  913,  794,  712,  654,  509,   60,  676,  212,  485,  201,  737,  549,  668,  703,  386,  299,  479,  542,  329,  930,    0,  659,  808,  615,  567,  837,   99,  809,  700,  715,  622,  675,  369,  450,  727,  823],
        [  842,  842,  690,  435,  487,  788,  853,  719,  503,  212,  184,  397,  437,  356,  232,  797,  265,   41,  405,  402,  304,  229,  371,  127,  839,  165,  746,  349,  754,  454,  526,  337,  119,  357,  261,  267,   97,  729,  785,  585,  437,  798,  328,  514,  810,  503,  289,  716,   24,  799,  250,  467,  225,  464,  191,  732,  281,  366,  424,  470,  600,  395,  659,    0,  168,  779,  522,  190,  565,  282,   51,  764,  305,  303,  308,  621,  367,  165],
        [  975,  975,  815,  392,  627,  954,  994,  884,  661,  344,  329,  346,  595,  523,  311,  952,  276,  206,  445,  555,  290,  232,  535,  226,  978,  248,  913,  314,  908,  575,  604,  406,  273,  438,  423,  355,  129,  874,  920,  664,  545,  945,  334,  626,  961,  644,  365,  866,  162,  960,  416,  611,  320,  507,  196,  880,  442,  524,  586,  515,  700,  423,  808,  168,    0,  938,  560,   32,  712,  346,  118,  912,  446,  430,  471,  785,  333,   78],
        [  816,  816,  803, 1133,  350,  332,  761,  136,  278,  735,  612, 1111,  344,  491,  847,  591,  954,  750,  726,  387, 1004,  943,  505,  725,  770,  833,  298,  888,   80,  760,  939,  665,  665,  627,  601,  652,  864,  667,  777,  965,  811,  679,  806,  460,  103,  334,  863,  614,  779,  504,  539,  645,  664, 1005,  922,  148,  591,  569,  357, 1003,  894,  759,  615,  779,  938,    0, 1049,  951,  626,  696,  828,  136,  503,  540,  558,  191, 1070,  899],
        [  605,  605,  442,  264,  890,  877,  658,  935,  830,  371,  649,  294,  781,  570,  294,  717,  284,  505,  924,  779,  279,  328,  549,  645,  635,  358,  859,  855, 1062,  303,  145,  851,  590,  863,  481,  776,  458,  591,  568,  175,  244,  655,  848,  974, 1121,  900,  241,  619,  545,  778,  592,  421,  735,   58,  366, 1071,  482,  482,  740,   54,  266,  917,  567,  522,  560, 1049,    0,  590,  488,  800,  522, 1096,  742,  769,  509,  858,  270,  623],
        [ 1006, 1006,  846,  416,  634,  976, 1024,  901,  674,  373,  340,  370,  608,  545,  343,  979,  307,  229,  432,  566,  319,  263,  560,  232, 1009,  280,  934,  291,  918,  606,  636,  400,  289,  433,  448,  353,  160,  903,  951,  696,  576,  974,  317,  625,  971,  651,  397,  895,  181,  986,  435,  640,  320,  538,  227,  888,  467,  550,  601,  546,  732,  408,  837,  190,   32,  951,  590,    0,  741,  340,  141,  921,  455,  435,  496,  802,  359,   65],
        [  292,  292,  192,  672,  612,  394,  290,  495,  497,  370,  544,  674,  481,  287,  439,  253,  545,  525,  843,  513,  585,  563,  254,  626,  279,  479,  384,  883,  664,  193,  351,  753,  530,  742,  317,  685,  586,  164,  235,  358,  254,  234,  831,  745,  717,  613,  412,  158,  584,  295,  408,  103,  658,  464,  570,  695,  299,  214,  433,  458,  274,  855,   99,  565,  712,  626,  488,  741,    0,  731,  605,  712,  556,  607,  287,  447,  632,  729],
        [ 1022, 1022,  893,  708,  348,  822, 1015,  686,  437,  453,  189,  666,  382,  454,  507,  917,  546,  296,  126,  328,  581,  507,  484,  156, 1007,  444,  773,  195,  645,  678,  786,   61,  222,   95,  422,   51,  367,  885,  965,  843,  679,  946,  117,  296,  690,  365,  561,  857,  261,  891,  324,  650,   74,  742,  468,  600,  438,  518,  401,  747,  841,  127,  809,  282,  346,  696,  800,  340,  731,    0,  298,  633,  215,  164,  445,  593,  641,  275],
        [  877,  877,  722,  410,  531,  837,  891,  770,  552,  243,  227,  369,  486,  406,  241,  841,  252,   89,  416,  450,  284,  211,  419,  149,  877,  173,  796,  336,  802,  484,  540,  357,  165,  381,  308,  291,   69,  768,  821,  600,  461,  838,  327,  549,  857,  547,  299,  758,   52,  845,  300,  506,  251,  466,  171,  778,  327,  411,  473,  472,  623,  402,  700,   51,  118,  828,  522,  141,  605,  298,    0,  810,  349,  341,  355,  671,  344,  126],
        [  927,  927,  897, 1150,  290,  461,  876,  254,  273,  757,  585, 1124,  334,  527,  867,  709,  968,  740,  643,  362, 1017,  951,  549,  690,  883,  843,  422,  818,   59,  822,  999,  593,  646,  553,  626,  595,  854,  774,  884, 1031,  867,  794,  736,  365,   62,  272,  891,  722,  759,  628,  542,  714,  614, 1048,  925,   33,  621,  617,  365, 1047,  968,  677,  715,  764,  912,  136, 1096,  921,  712,  633,  810,    0,  466,  491,  590,  267, 1085,  864],
        [  845,  845,  734,  724,  183,  608,  829,  477,  232,  372,  122,  691,  171,  269,  464,  717,  543,  289,  300,  120,  589,  516,  302,  225,  823,  419,  559,  406,  465,  549,  691,  212,  188,  191,  283,  165,  400,  699,  789,  742,  567,  755,  331,  232,  517,  199,  506,  665,  298,  683,  163,  491,  165,  686,  484,  434,  292,  353,  187,  689,  717,  320,  622,  305,  446,  503,  742,  455,  556,  215,  349,  466,    0,   55,  284,  382,  656,  399],
        [  897,  897,  783,  732,  202,  660,  882,  523,  275,  400,  125,  697,  218,  321,  484,  771,  554,  294,  245,  164,  598,  524,  354,  204,  876,  433,  611,  358,  495,  591,  727,  158,  192,  137,  324,  116,  399,  752,  840,  778,  605,  809,  280,  213,  544,  219,  529,  719,  291,  738,  207,  539,  125,  712,  490,  458,  335,  401,  239,  715,  758,  265,  675,  303,  430,  540,  769,  435,  607,  164,  341,  491,   55,    0,  330,  430,  664,  375],
        [  578,  578,  454,  577,  391,  490,  574,  463,  321,  181,  257,  559,  273,   68,  291,  495,  403,  267,  559,  280,  452,  399,   67,  344,  564,  290,  452,  599,  560,  270,  429,  469,  248,  461,   51,  399,  359,  444,  521,  472,  297,  509,  545,  500,  619,  399,  306,  422,  321,  492,  125,  209,  372,  460,  386,  564,   35,   74,  231,  459,  437,  569,  369,  308,  471,  558,  509,  496,  287,  445,  355,  590,  284,  330,    0,  372,  517,  469],
        [  666,  666,  631,  949,  288,  254,  621,   99,  160,  552,  471,  930,  212,  305,  663,  461,  773,  587,  654,  266,  823,  765,  317,  588,  626,  655,  205,  787,  218,  570,  750,  577,  514,  545,  418,  545,  698,  512,  622,  776,  620,  538,  709,  429,  272,  277,  676,  461,  624,  390,  372,  457,  546,  815,  748,  253,  407,  379,  204,  813,  708,  681,  450,  621,  785,  191,  858,  802,  447,  593,  671,  267,  382,  430,  372,    0,  888,  756],
        [  825,  825,  655,   69,  831,  979,  866,  980,  812,  337,  540,   44,  751,  584,  226,  883,  117,  371,  757,  731,   68,  141,  577,  490,  846,  243,  949,  646, 1064,  445,  372,  699,  473,  722,  471,  632,  276,  772,  779,  424,  389,  842,  658,  877, 1122,  845,  227,  786,  385,  923,  544,  537,  591,  235,  176, 1055,  482,  528,  722,  245,  495,  741,  727,  367,  333, 1070,  270,  359,  632,  641,  344, 1085,  656,  664,  517,  888,    0,  408],
        [ 1002, 1002,  847,  468,  576,  941, 1016,  855,  623,  368,  288,  422,  557,  514,  357,  961,  341,  205,  369,  513,  361,  297,  531,  175, 1001,  290,  897,  239,  863,  608,  656,  335,  245,  369,  425,  289,  171,  892,  946,  716,  584,  961,  257,  562,  915,  593,  414,  880,  149,  961,  396,  630,  258,  569,  258,  831,  444,  530,  554,  576,  744,  346,  823,  165,   78,  899,  623,   65,  729,  275,  126,  864,  399,  375,  469,  756,  408,    0]
    ]
}
