{
    "name": "random-88-15253",
    "comment": "size=88 seed=15253",
    "nodes": ["+0", "-0", "+1", "-1", "+2", "-2", "+3", "-3", "+4", "-4", "+5", "-5", "+6", "-6", "+7", "-7", "+8", "-8", "+9", "-9", "+10", "-10", "+11", "-11", "+12", "-12", "+13", "-13", "+14", "-14", "+15", "-15", "+16", "-16", "+17", "-17", "+18", "-18", "+19", "-19", "+20", "-20", "+21", "-21", "+22", "-22", "+23", "-23", "+24", "-24", "+25", "-25", "+26", "-26", "+27", "-27", "+28", "-28", "+29", "-29", "+30", "-30", "+31", "-31", "+32", "-32", "+33", "-33", "+34", "-34", "+35", "-35", "+36", "-36", "+37", "-37", "+38", "-38", "+39", "-39", "+40", "-40", "+41", "-41", "+42", "-42", "+43", "-43", "+44", "-44", "+45", "-45", "+46", "-46", "+47", "-47", "+48", "-48", "+49", "-49", "+50", "-50", "+51", "-51", "+52", "-52", "+53", "-53", "+54", "-54", "+55", "-55", "+56", "-56", "+57", "-57", "+58", "-58", "+59", "-59", "+60", "-60", "+61", "-61", "+62", "-62", "+63", "-63", "+64", "-64", "+65", "-65", "+66", "-66", "+67", "-67", "+68", "-68", "+69", "-69", "+70", "-70", "+71", "-71", "+72", "-72", "+73", "-73", "+74", "-74", "+75", "-75", "+76", "-76", "+77", "-77", "+78", "-78", "+79", "-79", "+80", "-80", "+81", "-81", "+82", "-82", "+83", "-83", "+84", "-84", "+85", "-85", "+86", "-86", "+87", "-87", "+88", "-88"],
    "precedence": {
        "+0": "-0",
        "+1": "-1",
        "+2": "-2",
        "+3": "-3",
        "+4": "-4",
        "+5": "-5",
        "+6": "-6",
        "+7": "-7",
        "+8": "-8",
        "+9": "-9",
        "+10": "-10",
        "+11": "-11",
        "+12": "-12",
        "+13": "-13",
        "+14": "-14",
        "+15": "-15",
        "+16": "-16",
        "+17": "-17",
        "+18": "-18",
        "+19": "-19",
        "+20": "-20",
        "+21": "-21",
        "+22": "-22",
        "+23": "-23",
        "+24": "-24",
        "+25": "-25",
        "+26": "-26",
        "+27": "-27",
        "+28": "-28",
        "+29": "-29",
        "+30": "-30",
        "+31": "-31",
        "+32": "-32",
        "+33": "-33",
        "+34": "-34",
        "+35": "-35",
        "+36": "-36",
        "+37": "-37",
        "+38": "-38",
        "+39": "-39",
        "+40": "-40",
        "+41": "-41",
        "+42": "-42",
        "+43": "-43",
        "+44": "-44",
        "+45": "-45",
        "+46": "-46",
        "+47": "-47",
        "+48": "-48",
        "+49": "-49",
        "+50": "-50",
        "+51": "-51",
        "+52": "-52",
        "+53": "-53",
        "+54": "-54",
        "+55": "-55",
        "+56": "-56",
        "+57": "-57",
        "+58": "-58",
        "+59": "-59",
        "+60": "-60",
        "+61": "-61",
        "+62": "-62",
        "+63": "-63",
        "+64": "-64",
        "+65": "-65",
        "+66": "-66",
        "+67": "-67",
        "+68": "-68",
        "+69": "-69",
        "+70": "-70",
        "+71": "-71",
        "+72": "-72",
        "+73": "-73",
        "+74": "-74",
        "+75": "-75",
        "+76": "-76",
        "+77": "-77",
        "+78": "-78",
        "+79": "-79",
        "+80": "-80",
        "+81": "-81",
        "+82": "-82",
        "+83": "-83",
        "+84": "-84",
        "+85": "-85",
        "+86": "-86",
        "+87": "-87",
        "+88": "-88"
    },
    "edges": [
        [    0,    0,  702,  563, 1004,  182,  588,  238,  662,  815,  320,  208,  328,  784,   67,  916,  781,  188,  630,  578,  586,  864,  576,  429,  775,  553,  849,  146,  608,  362,  743,  889,  804,  349,  855,  317,  390,  487,  833,  947,  611,  629,  834,  727,  493,  697,  640, 1117,  591,  421,  458,  625,  278,  240,  688,  831,  342, 1033,  735,  822,  279,  517,  394,  608,  894,  823,  818,  132,  356,  483,  109, 1006,  359,  312,  620,  315,  894,  600,  518,  884,  327,  633,  720,  755,   64,  377,  638,  664,  358,  709,  784,  385,  810,  459,  148,  635,  356,  722,  499,  732,  282,  887,  577,  877,  928,  735,  546,  470,  483,  748,   48,  236,  302,  149,  753,  747,  275,  660,  178,  606,  573,  945,  744,  234,  329,  550,  328,  649,   89,  651, 1207,  295,  893,  734,  602,  702,  374,  188,  662,  871,  840,  696,  863, 1001,  877,  704,  559,  896,  917,  652,  850,  818,  610,  594,  855,  788,  335,  749,  270,  145,  749,  880,  616,  207,  226,  512, 1032,  677,  167,  655,  431,  618,  934,  404, 1147,  454,  741,   71],
        [    0,    0,    0,    0,    0,    0,    0,    0,    0,    0,    0,    0,    0,    0,    0,    0,    0,    0,    0,    0,    0,    0,    0,    0,    0,    0,    0,    0,    0,    0,    0,    0,    0,    0,    0,    0,    0,    0,    0,    0,    0,    0,    0,    0,    0,    0,    0,    0,    0,    0,    0,    0,    0,    0,    0,    0,    0,    0,    0,    0,    0,    0,    0,    0,    0,    0,    0,    0,    0,    0,    0,    0,    0,    0,    0,    0,    0,    0,    0,    0,    0,    0,    0,    0,    0,    0,    0,    0,    0,    0,    0,    0,    0,    0,    0,    0,    0,    0,    0,    0,    0,    0,    0,    0,    0,    0,    0,    0,    0,    0,    0,    0,    0,    0,    0,    0,    0,    0,    0,    0,    0,    0,    0,    0,    0,    0,    0,    0,    0,    0,    0,    0,    0,    0,    0,    0,    0,    0,    0,    0,    0,    0,    0,    0,    0,    0,    0,    0,    0,    0,    0,    0,    0,    0,    0,    0,    0,    0,    0,    0,    0,    0,    0,    0,    0,    0,    0,    0,    0,    0,    0,    0,    0,    0,    0,    0,    0,    0],
        [  702,    0,    0,  389,  321,  799,  409,  495,  455,  114,  561,  519,  461,  376,  664,  215,  336,  740,  226,  364,  410,  758,  328,  293,  691,  620,  820,  721,  139,  343,  538,  288,  251,  763,  358,  517,  345,  692,  738,  488,  734,  240,  405,  487,  547,  162,   68,  494,  468,  480,  256,  311,  683,  634,  121,  338,  434,  491,   84,  230,  426,  619,  457,  565,  581,  835,  744,  821,  380,  549,  595,  377,  627,  397,  766,  674,  534,  152,  672,  293,  376,  375,  123,  387,  687,  533,  449,  304,  399,  659,  664,  639,  262,  440,  564,  479,  400,  374,  766,  640,  421,  330,  371,  713,  229,  499,  467,  234,  234,  831,  702,  470,  731,  845,   88,  191,  511,   97,  538,  274,  675,  537,  406,  572,  374,  484,  712,  717,  789,  604,  561,  477,  495,   33,  309,  115,  376,  518,  160,  489,  815,  128,  610,  385,  445,  149,  534,  246,  381,  191,  154,  704,  380,  117,  213,  409,  705,  353,  564,  845,   52,  677,  165,  787,  542,  248,  478,  165,  868,  759,  493,  457,  491,  301,  499,  719,  328,  685],
        [  563,    0,  389,    0,  685,  726,  654,  331,  727,  466,  622,  361,  236,  229,  501,  550,  688,  694,  170,  611,   32, 1034,  579,  396,  951,  798, 1071,  658,  428,  301,  827,  676,  306,  796,  730,  578,  430,  818, 1007,  860,  907,  538,  761,  782,  711,  259,  335,  878,   83,  159,  252,  595,  701,  639,  478,  294,  225,  878,  351,  341,  391,  779,  572,  785,  916, 1070, 1006,  637,  441,  708,  468,  763,  701,  308,  934,  715,  881,  433,  818,  680,  325,   72,  496,  195,  585,  222,   93,  134,  473,  900,  935,  725,  307,  601,  423,  111,  473,  694,  875,  896,  366,  714,  616, 1007,  578,  190,   81,  331,  245, 1035,  537,  366,  749,  666,  369,  561,  539,  294,  478,  553,  848,  899,  728,  342,  351,   97,  750,  913,  645,  834,  937,  515,  850,  410,   87,  298,  215,  444,  493,  839, 1064,  489,  927,  773,  806,  509,  737,  633,  764,  513,  466,  977,   48,  298,  400,  227,  748,  198,  593,  695,  404,  982,  224,  734,  537,  180,  865,  507,  697,  945,  631,   85,  859,  286,  876,  820,  667,  587],
        [ 1004,    0,  321,  685,    0, 1077,  561,  811,  561,  221,  806,  833,  781,  590,  973,  143,  358, 1012,  516,  530,  700,  793,  505,  577,  757,  780,  878, 1000,  397,  655,  599,  182,  435,  998,  310,  770,  622,  881,  784,  390,  880,  414,  385,  554,  731,  428,  388,  218,  756,  795,  574,  461,  933,  895,  319,  515,  754,  308,  335,  393,  726,  794,  692,  699,  553,  909,  800, 1129,  658,  737,  900,  139,  855,  710,  913,  915,  494,  406,  847,  197,  686,  653,  287,  616,  981,  851,  725,  572,  667,  753,  720,  859,  442,  651,  873,  757,  669,  444,  957,  719,  725,  239,  537,  730,  110,  747,  765,  537,  553,  936, 1010,  779,  976, 1151,  317,  280,  778,  401,  831,  450,  830,  458,  458,  891,  678,  781,  950,  846, 1088,  720,  254,  746,  445,  291,  599,  388,  696,  817,  353,  454,  875,  312,  611,  164,  394,  309,  691,  125,  271,  372,  224,  750,  664,  437,  329,  625,  941,  582,  823, 1144,  288,  683,  471, 1059,  818,  566,  287,  339, 1171,  891,  707,  738,  405,  615,  196,  920,  387,  977],
        [  182,    0,  799,  726, 1077,    0,  587,  395,  647,  910,  294,  366,  492,  938,  248, 1009,  805,   72,  769,  592,  751,  788,  601,  508,  705,  483,  755,   79,  685,  482,  711,  940,  939,  213,  881,  317,  459,  389,  758,  953,  511,  674,  845,  708,  449,  825,  744, 1160,  762,  594,  579,  651,  187,  194,  759,  977,  502, 1054,  847,  951,  382,  446,  401,  559,  868,  721,  739,  227,  422,  439,  259, 1057,  290,  443,  511,  225,  880,  674,  429,  932,  446,  793,  791,  912,  142,  554,  807,  815,  410,  640,  722,  308,  946,  460,  304,  806,  409,  732,  376,  671,  396,  925,  588,  815, 1015,  905,  717,  569,  605,  638,  226,  370,  180,  217,  863,  804,  300,  776,  269,  644,  488,  938,  747,  411,  437,  723,  217,  557,  147,  593, 1255,  332,  889,  831,  753,  821,  522,  298,  725,  866,  746,  766,  825, 1047,  884,  769,  518,  960,  947,  709,  952,  750,  771,  703,  976,  946,  227,  903,  261,  158,  850,  827,  743,   41,  260,  646, 1058,  739,  204,  551,  414,  787,  937,  522, 1198,  344,  764,  139],
        [  588,    0,  409,  654,  561,  587,    0,  512,   82,  480,  294,  514,  557,  748,  591,  551,  228,  516,  556,   47,  684,  380,   84,  267,  300,  223,  425,  521,  276,  391,  181,  391,  652,  455,  303,  277,  257,  320,  354,  367,  331,  173,  259,  148,  172,  541,  400,  589,  733,  645,  403,  106,  412,  394,  300,  732,  537,  470,  491,  637,  373,  233,  195,  156,  312,  433,  355,  719,  272,  179,  515,  500,  316,  427,  364,  383,  306,  264,  287,  379,  393,  681,  319,  746,  540,  665,  742,  640,  251,  256,  282,  313,  662,  131,  514,  764,  253,  147,  396,  245,  393,  358,   40,  357,  541,  825,  709,  323,  410,  422,  616,  448,  445,  731,  497,  290,  314,  462,  420,  136,  275,  358,  161,  608,  365,  725,  412,  309,  652,  197,  687,  295,  307,  427,  609,  505,  492,  429,  255,  285,  418,  299,  296,  485,  298,  287,  133,  437,  370,  225,  535,  324,  673,  400,  621,  776,  402,  717,  332,  701,  453,  338,  490,  558,  363,  477,  475,  258,  740,  352,  174,  738,  351,  383,  636,  361,  188,  534],
        [  238,    0,  495,  331,  811,  395,  512,    0,  593,  607,  347,   31,   99,  548,  182,  708,  652,  366,  395,  484,  357,  859,  467,  272,  769,  570,  870,  328,  430,  159,  689,  724,  569,  485,  719,  313,  259,  552,  829,  831,  662,  487,  717,  659,  488,  467,  429,  952,  371,  209,  240,  508,  392,  331,  509,  594,  107,  894,  515,  589,  140,  541,  349,  591,  820,  856,  820,  336,  241,  481,  137,  837,  420,  104,  682,  414,  805,  425,  565,  721,  134,  399,  539,  520,  254,  188,  413,  427,  263,  707,  766,  447,  575,  405,   93,  415,  261,  615,  593,  717,  120,  735,  486,  853,  724,  512,  328,  279,  264,  801,  221,   68,  436,  362,  534,  582,  263,  439,  165,  476,  609,  845,  645,   97,  155,  336,  445,  683,  324,  641, 1034,  254,  792,  527,  365,  477,  138,  131,  494,  773,  862,  519,  807,  835,  764,  532,  538,  715,  774,  494,  635,  806,  377,  380,  626,  553,  446,  513,  304,  378,  538,  843,  387,  404,  240,  280,  889,  511,  389,  704,  407,  395,  822,  197,  973,  539,  617,  256],
        [  662,    0,  455,  727,  561,  647,   82,  593,    0,  511,  357,  595,  637,  809,  668,  571,  206,  576,  620,  118,  757,  311,  149,  347,  238,  228,  366,  585,  331,  472,  101,  382,  703,  497,  273,  347,  338,  340,  288,  310,  320,  217,  215,   67,  208,  597,  456,  557,  808,  725,  479,  146,  466,  456,  338,  786,  617,  425,  538,  684,  454,  250,  269,  140,  234,  381,  292,  791,  353,  217,  592,  481,  366,  508,  353,  434,  234,  320,  300,  368,  474,  751,  351,  809,  611,  746,  814,  706,  332,  207,  214,  356,  714,  203,  594,  837,  334,  118,  413,  185,  474,  338,  113,  280,  556,  894,  785,  398,  483,  387,  692,  529,  494,  802,  541,  307,  387,  518,  497,  186,  273,  291,  114,  689,  446,  801,  459,  286,  722,  161,  657,  371,  243,  468,  678,  558,  571,  508,  295,  220,  361,  334,  215,  462,  245,  318,  146,  439,  338,  264,  567,  255,  744,  462,  662,  838,  448,  779,  399,  769,  494,  258,  553,  616,  436,  549,  433,  294,  809,  331,  236,  811,  293,  462,  610,  387,  175,  605],
        [  815,    0,  114,  466,  221,  910,  480,  607,  511,    0,  664,  631,  567,  398,  777,  102,  352,  850,  297,  438,  482,  798,  404,  403,  741,  700,  870,  832,  235,  456,  582,  245,  248,  865,  350,  622,  454,  781,  782,  473,  811,  308,  412,  531,  632,  211,  178,  416,  539,  576,  367,  375,  788,  741,  182,  337,  541,  447,  115,  212,  539,  703,  556,  635,  595,  890,  792,  934,  489,  636,  708,  306,  726,  509,  844,  777,  542,  247,  756,  256,  489,  438,  162,  418,  800,  632,  511,  359,  506,  717,  710,  736,  257,  532,  676,  543,  508,  412,  857,  693,  534,  302,  445,  747,  119,  544,  546,  346,  344,  896,  815,  583,  835,  958,   99,  210,  619,  182,  650,  346,  753,  532,  440,  681,  487,  562,  814,  788,  902,  669,  471,  585,  498,   81,  381,  168,  484,  631,  227,  497,  865,  182,  636,  320,  444,  195,  611,  182,  353,  257,   56,  747,  447,  227,  165,  433,  807,  383,  670,  958,   70,  706,  251,  897,  652,  349,  430,  223,  981,  831,  587,  523,  481,  414,  411,  812,  358,  797],
        [  320,    0,  561,  622,  806,  294,  294,  347,  357,  664,    0,  333,  433,  793,  343,  756,  513,  223,  600,  300,  653,  547,  312,  278,  458,  238,  540,  229,  430,  324,  429,  656,  750,  203,  589,   47,  225,  205,  516,  660,  318,  394,  552,  419,  173,  630,  518,  871,  685,  543,  400,  362,  128,  101,  495,  809,  425,  761,  624,  752,  234,  204,  114,  289,  583,  520,  502,  444,  197,  164,  280,  772,   79,  318,  336,  114,  590,  417,  220,  647,  298,  675,  525,  777,  263,  534,  714,  668,  169,  392,  465,  104,  759,  167,  301,  726,  169,  438,  254,  413,  260,  636,  296,  558,  757,  812,  647,  355,  422,  457,  358,  284,  172,  451,  638,  527,   86,  564,  193,  360,  268,  647,  454,  425,  272,  659,  152,  344,  370,  332,  967,  108,  597,  590,  616,  613,  410,  221,  456,  574,  532,  501,  547,  760,  591,  499,  240,  685,  656,  435,  712,  500,  658,  488,  761,  811,  146,  758,   52,  414,  612,  561,  554,  266,  113,  483,  765,  468,  456,  360,  121,  701,  644,  348,  912,  199,  472,  256],
        [  208,    0,  519,  361,  833,  366,  514,   31,  595,  631,  333,    0,  127,  578,  153,  732,  664,  339,  424,  489,  386,  854,  474,  284,  764,  560,  862,  300,  448,  179,  690,  741,  598,  462,  732,  302,  266,  536,  824,  841,  650,  499,  727,  661,  481,  495,  453,  970,  399,  234,  265,  516,  370,  310,  528,  624,  137,  908,  542,  618,  142,  530,  345,  586,  824,  847,  814,  308,  244,  473,  108,  855,  403,  124,  668,  394,  811,  442,  552,  738,  151,  429,  559,  550,  225,  208,  442,  457,  264,  701,  762,  431,  604,  403,   63,  443,  262,  623,  575,  713,  126,  750,  490,  851,  747,  541,  355,  298,  289,  788,  192,   67,  413,  334,  560,  599,  251,  465,  145,  487,  598,  853,  652,   96,  167,  362,  423,  673,  294,  636, 1053,  246,  800,  551,  395,  504,  168,  113,  511,  781,  854,  538,  809,  853,  773,  550,  533,  735,  788,  509,  661,  802,  406,  405,  654,  583,  424,  543,  288,  348,  563,  842,  415,  376,  223,  308,  904,  527,  361,  692,  401,  423,  831,  219,  992,  522,  627,  227],
        [  328,    0,  461,  236,  781,  492,  557,   99,  637,  567,  433,  127,    0,  458,  266,  667,  668,  465,  323,  523,  260,  920,  501,  296,  831,  644,  939,  427,  423,  169,  737,  715,  495,  582,  728,  394,  301,  637,  891,  847,  742,  501,  736,  701,  559,  403,  394,  940,  272,  112,  213,  535,  488,  427,  498,  510,   27,  898,  466,  520,  206,  618,  416,  655,  857,  929,  884,  410,  293,  553,  234,  823,  508,  131,  764,  508,  836,  421,  647,  715,  164,  306,  526,  428,  351,  110,  315,  342,  321,  772,  824,  535,  500,  465,  189,  316,  320,  643,  683,  778,  179,  735,  526,  908,  686,  414,  229,  276,  230,  879,  304,  151,  533,  438,  485,  577,  347,  390,  260,  498,  687,  870,  675,  120,  194,  237,  540,  759,  410,  705, 1016,  332,  817,  492,  279,  421,   86,  225,  492,  800,  931,  509,  851,  824,  783,  525,  602,  696,  778,  498,  589,  865,  283,  344,  564,  461,  540,  424,  393,  462,  498,  893,  329,  503,  331,  222,  891,  508,  468,  783,  476,  296,  841,  191,  954,  628,  635,  353],
        [  784,    0,  376,  229,  590,  938,  748,  548,  809,  398,  793,  578,  458,    0,  724,  448,  711,  899,  198,  702,  215, 1119,  666,  530, 1045,  930, 1172,  866,  479,  475,  900,  641,  156,  982,  730,  747,  576,  973, 1096,  860, 1045,  596,  780,  851,  846,  217,  356,  803,  245,  386,  394,  664,  889,  829,  495,   86,  442,  844,  301,  198,  577,  919,  720,  897,  956, 1180, 1099,  864,  598,  845,  684,  699,  871,  501, 1074,  897,  910,  489,  965,  649,  507,  157,  499,   39,  800,  448,  192,  126,  629, 1003, 1022,  891,  149,  732,  640,  218,  629,  744, 1038,  991,  555,  693,  708, 1080,  481,  165,  281,  452,  373, 1161,  761,  570,  939,  893,  309,  566,  717,  294,  679,  623,  984,  912,  777,  568,  527,  289,  934, 1040,  868,  942,  841,  687,  871,  380,  185,  262,  417,  646,  527,  865, 1166,  503,  982,  715,  820,  524,  856,  579,  745,  555,  370, 1063,  181,  349,  262,   36,  930,   36,  773,  919,  360, 1047,  259,  942,  725,  310,  827,  535,  923, 1077,  773,  215,  864,  446,  785,  984,  702,  801],
        [   67,    0,  664,  501,  973,  248,  591,  182,  668,  777,  343,  153,  266,  724,    0,  879,  771,  247,  577,  576,  523,  889,  569,  405,  800,  580,  881,  205,  581,  322,  754,  868,  751,  402,  843,  331,  372,  526,  858,  942,  649,  613,  828,  734,  514,  648,  600, 1097,  526,  356,  414,  617,  323,  277,  661,  774,  283, 1021,  692,  771,  251,  546,  400,  628,  901,  858,  844,  157,  341,  505,   79,  984,  393,  269,  660,  358,  897,  573,  553,  864,  289,  571,  692,  694,  117,  310,  574,  606,  349,  734,  806,  420,  756,  465,  101,  570,  346,  718,  545,  754,  249,  870,  576,  898,  892,  670,  481,  436,  439,  787,   40,  195,  353,  182,  710,  725,  284,  616,  172,  594,  606,  945,  743,  167,  296,  484,  376,  682,  145,  674, 1184,  297,  892,  697,  543,  656,  320,  168,  638,  871,  872,  670,  875,  980,  873,  680,  576,  869,  904,  632,  810,  842,  548,  553,  807,  726,  382,  689,  292,  197,  710,  897,  568,  271,  238,  461, 1019,  654,  208,  692,  445,  553,  930,  364, 1124,  497,  732,  123],
        [  916,    0,  215,  550,  143, 1009,  551,  708,  571,  102,  756,  732,  667,  448,  879,    0,  389,  947,  382,  512,  563,  840,  481,  501,  791,  773,  917,  931,  328,  557,  630,  242,  293,  956,  367,  715,  551,  862,  827,  475,  881,  384,  437,  580,  712,  292,  280,  357,  618,  669,  468,  445,  882,  837,  263,  374,  640,  422,  205,  251,  640,  780,  646,  702,  619,  942,  839, 1036,  587,  716,  809,  260,  815,  611,  914,  869,  562,  340,  834,  255,  591,  514,  237,  474,  900,  728,  585,  433,  602,  774,  757,  823,  300,  616,  778,  617,  604,  462,  938,  746,  635,  305,  519,  783,   34,  604,  630,  447,  445,  956,  917,  685,  928, 1060,  186,  265,  715,  278,  751,  423,  826,  539,  486,  781,  588,  646,  906,  854, 1003,  731,  396,  682,  514,  183,  464,  256,  584,  732,  306,  518,  914,  260,  667,  281,  460,  268,  683,  166,  351,  334,   85,  792,  526,  328,  188,  483,  898,  440,  765, 1059,  170,  740,  344,  995,  750,  446,  402,  299, 1082,  898,  672,  599,  486,  516,  338,  895,  405,  898],
        [  781,    0,  336,  688,  358,  805,  228,  652,  206,  352,  513,  664,  668,  711,  771,  389,    0,  734,  546,  214,  715,  451,  207,  381,  404,  432,  529,  734,  262,  503,  244,  178,  581,  682,   77,  488,  402,  540,  438,  180,  525,  168,   73,  196,  397,  496,  365,  362,  771,  731,  469,  157,  636,  612,  219,  670,  643,  253,  414,  553,  527,  451,  404,  346,  247,  556,  451,  913,  431,  405,  693,  277,  543,  553,  558,  609,  199,  259,  503,  164,  520,  692,  213,  721,  740,  767,  764,  630,  424,  395,  369,  540,  591,  347,  681,  791,  426,   88,  615,  363,  539,  133,  218,  396,  369,  827,  759,  394,  462,  579,  801,  598,  671,  929,  411,  148,  515,  422,  604,  178,  478,  211,  100,  748,  498,  776,  639,  489,  854,  363,  460,  489,  163,  336,  620,  450,  587,  604,  196,  154,  526,  210,  284,  259,  119,  188,  346,  241,  144,  177,  405,  403,  692,  393,  516,  744,  629,  687,  545,  906,  359,  355,  478,  778,  563,  515,  254,  183,  941,  534,  397,  767,  175,  477,  410,  584,   42,  735],
        [  188,    0,  740,  694, 1012,   72,  516,  366,  576,  850,  223,  339,  465,  899,  247,  947,  734,    0,  724,  521,  721,  724,  531,  447,  640,  417,  696,   43,  621,  434,  641,  871,  891,  165,  811,  248,  397,  328,  694,  882,  452,  606,  774,  637,  379,  774,  686, 1090,  737,  572,  529,  581,  119,  123,  695,  933,  471,  984,  791,  901,  331,  380,  331,  490,  797,  664,  675,  269,  361,  369,  236,  988,  221,  400,  455,  159,  809,  610,  366,  863,  399,  759,  726,  875,  131,  538,  779,  775,  346,  575,  656,  241,  898,  389,  279,  781,  344,  661,  324,  604,  349,  855,  517,  749,  952,  878,  693,  512,  554,  583,  236,  330,  123,  266,  807,  737,  234,  722,  222,  575,  424,  867,  676,  399,  386,  700,  157,  496,  187,  525, 1185,  267,  818,  771,  714,  768,  484,  254,  660,  795,  687,  701,  755,  978,  813,  703,  448,  894,  877,  642,  893,  685,  738,  647,  922,  909,  166,  864,  191,  214,  791,  759,  693,   48,  198,  601,  987,  673,  259,  494,  343,  760,  866,  472, 1129,  287,  693,  125],
        [  630,    0,  226,  170,  516,  769,  556,  395,  620,  297,  600,  424,  323,  198,  577,  382,  546,  724,    0,  510,  187,  931,  474,  333,  854,  733,  980,  694,  296,  291,  715,  513,  175,  794,  579,  554,  380,  776,  907,  710,  847,  413,  618,  667,  649,   91,  182,  710,  244,  296,  201,  478,  702,  644,  329,  211,  300,  717,  182,  198,  394,  721,  523,  702,  785,  986,  909,  728,  404,  648,  524,  595,  677,  326,  877,  707,  744,  304,  767,  518,  326,  150,  342,  191,  636,  358,  223,   86,  434,  810,  833,  697,  180,  535,  483,  254,  434,  566,  842,  799,  376,  555,  516,  896,  409,  281,  250,  255,  179,  964,  615,  401,  752,  755,  199,  409,  527,  130,  503,  436,  786,  754,  600,  442,  342,  266,  744,  843,  717,  748,  767,  496,  709,  244,   85,  129,  257,  472,  353,  700,  974,  339,  805,  606,  661,  360,  659,  466,  606,  378,  297,  875,  155,  160,  245,  222,  740,  164,  584,  772,  235,  866,   69,  769,  540,  124,  703,  364,  783,  880,  576,  232,  711,  257,  707,  789,  530,  636],
        [  578,    0,  364,  611,  530,  592,   47,  484,  118,  438,  300,  489,  523,  702,  576,  512,  214,  521,  510,    0,  641,  424,   37,  230,  345,  262,  471,  522,  230,  356,  218,  366,  606,  475,  290,  276,  227,  352,  399,  369,  373,  131,  257,  179,  202,  495,  354,  573,  691,  608,  362,   70,  423,  399,  257,  685,  502,  464,  445,  591,  347,  269,  192,  202,  337,  479,  400,  710,  246,  207,  499,  479,  333,  395,  406,  397,  323,  218,  322,  355,  361,  637,  278,  700,  534,  631,  699,  595,  230,  302,  326,  333,  616,  133,  495,  721,  232,  144,  429,  290,  365,  339,    8,  397,  504,  780,  668,  281,  367,  468,  603,  422,  460,  724,  451,  254,  307,  415,  406,   92,  316,  370,  167,  581,  334,  684,  429,  354,  647,  243,  670,  284,  317,  383,  564,  458,  455,  411,  212,  296,  464,  257,  328,  465,  300,  246,  173,  406,  357,  182,  493,  368,  629,  354,  576,  730,  420,  671,  333,  697,  409,  375,  444,  565,  355,  433,  466,  216,  735,  396,  185,  695,  356,  345,  617,  390,  173,  528],
        [  586,    0,  410,   32,  700,  751,  684,  357,  757,  482,  653,  386,  260,  215,  523,  563,  715,  721,  187,  641,    0, 1064,  609,  427,  981,  829, 1102,  684,  454,  332,  856,  697,  307,  825,  755,  609,  461,  849, 1038,  885,  939,  566,  787,  811,  742,  273,  358,  896,   59,  174,  283,  624,  730,  669,  502,  286,  251,  900,  367,  345,  421,  810,  603,  816,  944, 1101, 1036,  656,  472,  739,  493,  782,  731,  337,  965,  744,  908,  460,  849,  702,  355,   60,  519,  179,  610,  235,   63,  136,  504,  930,  965,  755,  307,  632,  448,   81,  504,  722,  905,  926,  396,  736,  646, 1037,  592,  160,   72,  362,  275, 1067,  559,  394,  778,  685,  384,  585,  569,  314,  507,  581,  879,  925,  756,  361,  382,   85,  779,  944,  667,  865,  953,  545,  877,  429,  102,  314,  245,  472,  519,  866, 1095,  513,  956,  792,  832,  534,  768,  652,  787,  540,  478, 1008,   40,  323,  405,  209,  778,  187,  623,  716,  421, 1012,  246,  760,  566,  209,  887,  532,  716,  976,  662,   55,  884,  317,  892,  850,  694,  612],
        [  864,    0,  758, 1034,  793,  788,  380,  859,  311,  798,  547,  854,  920, 1119,  889,  840,  451,  724,  931,  424, 1064,    0,  458,  643,   91,  312,   95,  749,  640,  762,  220,  614, 1008,  586,  484,  562,  623,  400,   32,  427,  288,  524,  409,  271,  378,  906,  764,  710, 1113, 1016,  782,  455,  606,  627,  637, 1093,  903,  551,  841,  986,  721,  349,  510,  268,  251,  141,   51,  981,  627,  386,  823,  678,  509,  789,  301,  566,  308,  630,  359,  599,  757, 1060,  645, 1119,  804, 1029, 1122, 1016,  600,  156,   99,  486, 1019,  456,  837, 1144,  601,  387,  434,  143,  745,  554,  418,   70,  818, 1204, 1087,  703,  789,  217,  904,  792,  610,  984,  842,  589,  612,  826,  730,  496,  301,  364,  359,  950,  727, 1103,  572,  236,  902,  219,  802,  610,  355,  767,  988,  865,  864,  751,  598,  342,   97,  632,  185,  653,  401,  613,  321,  686,  526,  568,  853,   57, 1052,  772,  957, 1148,  562, 1089,  598,  936,  793,  118,  863,  749,  654,  856,  569,  594,  982,  256,  454, 1118,  407,  759,  773,  449,  441,  797],
        [  576,    0,  328,  579,  505,  601,   84,  467,  149,  404,  312,  474,  501,  666,  569,  481,  207,  531,  474,   37,  609,  458,    0,  205,  381,  296,  507,  529,  193,  333,  248,  346,  569,  495,  283,  284,  209,  382,  434,  373,  408,   98,  259,  206,  232,  458,  317,  560,  659,  582,  331,   51,  438,  409,  223,  648,  479,  459,  409,  554,  333,  300,  200,  238,  357,  516,  435,  708,  233,  236,  491,  461,  352,  375,  441,  415,  338,  181,  354,  336,  341,  603,  245,  664,  534,  607,  666,  559,  221,  339,  360,  355,  579,  149,  484,  689,  223,  150,  458,  326,  349,  325,   44,  429,  473,  746,  637,  250,  335,  505,  598,  407,  477,  723,  415,  226,  309,  379,  400,   59,  350,  380,  178,  564,  314,  653,  448,  390,  648,  280,  656,  283,  326,  347,  530,  422,  430,  403,  178,  307,  501,  223,  355,  449,  304,  214,  208,  381,  348,  148,  458,  402,  595,  317,  540,  693,  439,  635,  340,  699,  373,  405,  408,  576,  356,  400,  460,  183,  735,  432,  204,  663,  361,  318,  601,  417,  166,  529],
        [  429,    0,  293,  396,  577,  508,  267,  272,  347,  403,  278,  284,  296,  530,  405,  501,  381,  447,  333,  230,  427,  643,  205,    0,  558,  406,  676,  430,  181,  128,  447,  464,  474,  479,  448,  232,   54,  444,  616,  560,  519,  216,  447,  408,  320,  354,  243,  693,  472,  379,  145,  240,  394,  342,  260,  536,  274,  625,  350,  474,  154,  391,  191,  389,  562,  675,  612,  556,   88,  318,  328,  580,  351,  173,  547,  390,  541,  172,  436,  460,  139,  434,  292,  519,  404,  402,  488,  409,  110,  505,  545,  368,  483,  207,  308,  507,  110,  348,  511,  503,  160,  468,  234,  623,  508,  577,  445,   79,  160,  642,  439,  220,  443,  577,  364,  321,  219,  287,  254,  206,  458,  577,  380,  367,  117,  460,  428,  520,  512,  439,  780,  185,  524,  324,  365,  335,  226,  242,  234,  506,  669,  268,  558,  576,  494,  276,  341,  468,  505,  228,  447,  587,  421,  211,  485,  551,  422,  495,  274,  567,  344,  604,  280,  495,  250,  228,  621,  250,  595,  553,  244,  481,  551,  117,  720,  458,  346,  401],
        [  775,    0,  691,  951,  757,  705,  300,  769,  238,  741,  458,  764,  831, 1045,  800,  791,  404,  640,  854,  345,  981,   91,  381,  558,    0,  225,  129,  663,  568,  675,  162,  576,  940,  508,  449,  472,  536,  321,   60,  416,  219,  454,  375,  211,  288,  834,  693,  699, 1029,  929,  699,  383,  522,  540,  573, 1023,  815,  543,  775,  921,  631,  262,  420,  178,  248,  152,   55,  894,  539,  296,  733,  653,  423,  701,  239,  482,  298,  557,  278,  561,  669,  980,  583, 1044,  716,  940, 1041,  939,  511,   67,   40,  400,  951,  367,  747, 1062,  513,  330,  364,   56,  656,  520,  339,  113,  772, 1124, 1003,  620,  707,  192,  815,  702,  528,  898,  777,  533,  522,  755,  640,  423,  220,  360,  306,  860,  639, 1018,  490,  165,  815,  129,  795,  520,  339,  703,  908,  795,  777,  661,  532,  321,  125,  569,  181,  629,  377,  551,  232,  644,  499,  501,  796,   46,  971,  697,  896, 1073,  480, 1015,  509,  851,  729,  140,  788,  667,  564,  775,  559,  529,  896,  196,  364, 1036,  395,  674,  760,  371,  387,  709],
        [  553,    0,  620,  798,  780,  483,  223,  570,  228,  700,  238,  560,  644,  930,  580,  773,  432,  417,  733,  262,  829,  312,  296,  406,  225,    0,  304,  439,  482,  503,  248,  605,  852,  297,  501,  260,  369,  117,  281,  526,  115,  392,  440,  265,   88,  736,  600,  784,  870,  749,  551,  328,  298,  316,  518,  926,  631,  647,  699,  842,  439,   38,  230,   93,  402,  287,  266,  669,  360,   92,  517,  708,  198,  517,  147,  259,  428,  470,   74,  592,  489,  839,  540,  922,  492,  751,  891,  813,  329,  159,  240,  177,  863,  200,  536,  907,  330,  344,  186,  188,  465,  565,  255,  332,  763,  982,  838,  481,  565,  238,  593,  503,  309,  673,  707,  512,  311,  659,  427,  354,   55,  492,  341,  655,  459,  852,  271,  116,  591,  112,  884,  316,  452,  641,  771,  705,  603,  452,  474,  428,  295,  519,  350,  689,  465,  508,   91,  657,  565,  444,  754,  269,  826,  589,  833,  954,  260,  897,  289,  627,  667,  345,  673,  446,  348,  634,  657,  478,  672,  148,  170,  882,  507,  513,  837,  168,  397,  485],
        [  849,    0,  820, 1071,  878,  755,  425,  870,  366,  870,  540,  862,  939, 1172,  881,  917,  529,  696,  980,  471, 1102,   95,  507,  676,  129,  304,    0,  725,  696,  788,  289,  697, 1069,  547,  568,  563,  649,  368,   95,  519,  245,  582,  493,  339,  382,  962,  821,  803, 1148, 1040,  819,  512,  581,  610,  702, 1152,  924,  644,  904, 1050,  736,  337,  524,  288,  344,   50,   79,  960,  649,  390,  820,  767,  491,  810,  248,  541,  400,  685,  333,  682,  779, 1103,  712, 1170,  787, 1047, 1162, 1064,  619,  172,  161,  465, 1080,  477,  839, 1182,  620,  458,  387,  182,  761,  639,  464,  165,  897, 1247, 1120,  742,  829,  139,  892,  803,  576,  960,  906,  661,  614,  883,  730,  551,  276,  457,  432,  957,  749, 1135,  540,  202,  879,  238,  895,  617,  446,  832, 1031,  923,  890,  755,  661,  431,   10,  698,  277,  742,  489,  680,  339,  767,  614,  630,  924,  128, 1093,  824, 1025, 1200,  531, 1141,  591,  909,  858,  212,  914,  716,  651,  897,  662,  658,  954,  205,  464, 1156,  499,  790,  866,  411,  514,  780],
        [  146,    0,  721,  658, 1000,   79,  521,  328,  585,  832,  229,  300,  427,  866,  205,  931,  734,   43,  694,  522,  684,  749,  529,  430,  663,  439,  725,    0,  607,  406,  654,  865,  863,  204,  810,  246,  381,  358,  718,  887,  482,  600,  778,  647,  394,  748,  665, 1086,  698,  532,  502,  580,  145,  130,  682,  903,  434,  985,  769,  874,  304,  402,  330,  507,  810,  694,  701,  236,  344,  384,  196,  983,  241,  369,  487,  185,  819,  596,  393,  857,  370,  724,  714,  841,   88,  497,  741,  742,  333,  597,  677,  263,  870,  391,  240,  743,  331,  664,  359,  625,  320,  852,  519,  770,  937,  840,  655,  490,  527,  615,  194,  297,  159,  236,  785,  728,  224,  698,  192,  570,  451,  876,  681,  357,  359,  661,  189,  524,  155,  545, 1181,  255,  825,  752,  681,  744,  450,  222,  649,  803,  716,  689,  771,  973,  818,  693,  463,  884,  876,  633,  874,  708,  702,  625,  898,  875,  197,  831,  190,  190,  771,  779,  667,   77,  182,  571,  988,  663,  234,  524,  350,  723,  872,  445, 1124,  319,  693,   83],
        [  608,    0,  139,  428,  397,  685,  276,  430,  331,  235,  430,  448,  423,  479,  581,  328,  262,  621,  296,  230,  454,  640,  193,  181,  568,  482,  696,  607,    0,  271,  422,  295,  376,  631,  311,  388,  227,  554,  618,  438,  597,  118,  335,  373,  408,  267,  125,  523,  510,  474,  214,  186,  555,  510,   81,  457,  397,  476,  217,  362,  331,  481,  322,  431,  492,  707,  622,  735,  263,  410,  505,  407,  492,  326,  629,  543,  454,   14,  533,  293,  298,  436,  112,  481,  584,  516,  506,  382,  276,  530,  544,  503,  387,  301,  482,  532,  278,  271,  628,  514,  333,  312,  237,  602,  331,  575,  497,  152,  203,  697,  616,  389,  601,  756,  225,  155,  389,  188,  435,  145,  537,  472,  306,  519,  285,  514,  580,  582,  692,  472,  606,  355,  423,  164,  363,  229,  339,  421,   70,  412,  690,   90,  509,  406,  380,  103,  398,  289,  356,   86,  285,  585,  434,  136,  351,  509,  573,  450,  438,  748,  189,  571,  227,  669,  425,  253,  468,   86,  775,  623,  355,  507,  435,  236,  545,  581,  240,  581],
        [  362,    0,  343,  301,  655,  482,  391,  159,  472,  456,  324,  179,  169,  475,  322,  557,  503,  434,  291,  356,  332,  762,  333,  128,  675,  503,  788,  406,  271,    0,  571,  566,  458,  508,  566,  279,  140,  517,  733,  682,  609,  336,  570,  534,  416,  343,  279,  794,  369,  255,   98,  367,  415,  355,  350,  502,  147,  739,  374,  470,  104,  482,  274,  501,  689,  782,  728,  479,  143,  412,  254,  678,  402,   56,  635,  422,  668,  267,  519,  563,   37,  352,  381,  456,  355,  275,  394,  350,  175,  618,  665,  425,  465,  311,  221,  408,  174,  475,  575,  620,   86,  578,  360,  746,  571,  490,  336,  120,  123,  741,  360,  128,  464,  503,  391,  424,  243,  299,  214,  331,  551,  702,  507,  249,   53,  350,  459,  619,  450,  551,  876,  216,  650,  375,  294,  342,  102,  186,  336,  632,  780,  361,  684,  677,  617,  374,  450,  557,  619,  338,  489,  706,  335,  232,  496,  490,  456,  440,  299,  506,  389,  729,  262,  479,  250,  168,  734,  353,  526,  648,  334,  383,  675,   43,  814,  520,  469,  354],
        [  743,    0,  538,  827,  599,  711,  181,  689,  101,  582,  429,  690,  737,  900,  754,  630,  244,  641,  715,  218,  856,  220,  248,  447,  162,  248,  289,  654,  422,  571,    0,  417,  788,  541,  293,  427,  437,  365,  201,  285,  310,  305,  221,   52,  262,  687,  546,  558,  907,  825,  578,  238,  525,  525,  418,  873,  717,  410,  621,  767,  549,  280,  355,  158,  158,  313,  210,  870,  449,  272,  680,  501,  422,  607,  340,  489,  181,  412,  321,  403,  573,  848,  426,  902,  689,  845,  913,  801,  427,  157,  129,  408,  799,  291,  685,  936,  429,  170,  430,  121,  571,  363,  214,  182,  611,  991,  885,  498,  582,  339,  776,  624,  546,  879,  623,  373,  471,  608,  585,  280,  278,  245,  145,  784,  544,  901,  509,  264,  798,  146,  657,  459,  208,  548,  775,  645,  672,  598,  379,  186,  285,  413,  121,  478,  232,  394,  193,  484,  348,  349,  637,  167,  842,  556,  739,  930,  498,  872,  475,  842,  574,  158,  647,  677,  519,  648,  423,  374,  884,  307,  312,  910,  265,  562,  617,  416,  226,  683],
        [  889,    0,  288,  676,  182,  940,  391,  724,  382,  245,  656,  741,  715,  641,  868,  242,  178,  871,  513,  366,  697,  614,  346,  464,  576,  605,  697,  865,  295,  566,  417,    0,  493,  840,  131,  625,  500,  710,  604,  235,  701,  266,  205,  372,  563,  440,  343,  229,  755,  754,  503,  298,  783,  751,  218,  582,  689,  205,  344,  457,  617,  621,  543,  521,  381,  727,  619, 1019,  534,  569,  791,  118,  697,  620,  734,  760,  323,  300,  674,   15,  591,  661,  190,  659,  858,  802,  735,  587,  537,  571,  539,  698,  502,  494,  771,  766,  539,  264,  785,  537,  622,   64,  372,  553,  214,  780,  753,  446,  488,  755,  903,  681,  823, 1038,  333,  144,  642,  384,  712,  297,  653,  298,  277,  813,  576,  770,  793,  666,  969,  540,  318,  612,  275,  270,  596,  392,  630,  704,  231,  280,  695,  207,  435,  112,  222,  193,  517,   76,  111,  238,  286,  570,  667,  387,  405,  676,  784,  624,  681, 1024,  284,  507,  452,  918,  686,  522,  191,  215, 1055,  711,  549,  744,  245,  530,  259,  752,  209,  854],
        [  804,    0,  251,  306,  435,  939,  652,  569,  703,  248,  750,  598,  495,  156,  751,  293,  581,  891,  175,  606,  307, 1008,  569,  474,  940,  852, 1069,  863,  376,  458,  788,  493,    0,  949,  591,  704,  526,  911,  988,  718,  967,  487,  647,  738,  773,  121,  253,  648,  355,  455,  363,  558,  860,  804,  372,   90,  473,  694,  168,   43,  560,  846,  661,  806,  827, 1082,  994,  902,  555,  773,  697,  545,  824,  497,  999,  861,  777,  388,  896,  503,  493,  250,  369,  183,  808,  519,  312,  173,  581,  905,  914,  841,   11,  660,  657,  343,  582,  624,  981,  888,  543,  548,  613,  964,  326,  315,  379,  396,  338, 1073,  790,  573,  910,  929,  170,  434,  683,  194,  671,  519,  907,  773,  656,  614,  506,  392,  899,  956,  891,  848,  686,  651,  735,  246,  227,  148,  431,  642,  410,  732, 1064,  378,  860,  562,  683,  398,  771,  428,  600,  441,  216,  954,  268,  267,  108,  191,  894,  151,  740,  946,  222,  927,  199,  936,  702,  294,  676,  415,  957,  996,  708,  330,  724,  420,  630,  930,  577,  808],
        [  349,    0,  763,  796,  998,  213,  455,  485,  497,  865,  203,  462,  582,  982,  402,  956,  682,  165,  794,  475,  825,  586,  495,  479,  508,  297,  547,  204,  631,  508,  541,  840,  949,    0,  758,  248,  426,  188,  557,  807,  303,  585,  709,  549,  290,  829,  720, 1044,  849,  693,  593,  543,   95,  157,  693, 1004,  582,  920,  827,  952,  408,  262,  310,  384,  697,  510,  536,  432,  395,  282,  372,  953,  143,  489,  300,   90,  719,  618,  232,  829,  477,  855,  722,  963,  287,  669,  886,  857,  370,  446,  530,  143,  958,  347,  411,  893,  369,  600,  164,  480,  432,  812,  469,  620,  955,  985,  808,  554,  616,  426,  397,  434,   51,  427,  840,  718,  268,  765,  322,  548,  288,  781,  608,  538,  456,  818,   52,  352,  350,  408, 1142,  299,  736,  791,  801,  814,  581,  358,  653,  713,  538,  698,  646,  938,  742,  695,  354,  875,  824,  629,  914,  553,  836,  689,  963,  997,   58,  947,  211,  370,  814,  638,  752,  173,  260,  674,  927,  663,  416,  342,  292,  870,  789,  538, 1090,  138,  643,  281],
