{
    "name": "random-19-16035",
    "comment": "size=19 seed=16035",
    "nodes": ["+0", "-0", "+1", "-1", "+2", "-2", "+3", "-3", "+4", "-4", "+5", "-5", "+6", "-6", "+7", "-7", "+8", "-8", "+9", "-9", "+10", "-10", "+11", "-11", "+12", "-12", "+13", "-13", "+14", "-14", "+15", "-15", "+16", "-16", "+17", "-17", "+18", "-18", "+19", "-19"],
    "precedence": {
        "+0": "-0",
        "+1": "-1",
        "+2": "-2",
        "+3": "-3",
        "+4": "-4",
        "+5": "-5",
        "+6": "-6",
        "+7": "-7",
        "+8": "-8",
        "+9": "-9",
        "+10": "-10",
        "+11": "-11",
        "+12": "-12",
        "+13": "-13",
        "+14": "-14",
        "+15": "-15",
        "+16": "-16",
        "+17": "-17",
        "+18": "-18",
        "+19": "-19"
    },
    "edges": [
        [    0,    0,  951,   72,   73,  837,  383,  477,  761,  494,  345,  772,  147,  920,  358,  908,  793,  981,  580,  685,  230,  747,  537,  657,  281,  215,  214,  431,  426,  715,  653,  265,  492,  404,  761,  279,  852,  422,   37,  810],
        [    0,    0,  951,   72,   73,  837,  383,  477,  761,  494,  345,  772,  147,  920,  358,  908,  793,  981,  580,  685,  230,  747,  537,  657,  281,  215,  214,  431,  426,  715,  653,  265,  492,  404,  761,  279,  852,  422,   37,  810],
        [  951,  951,    0, 1022,  971,  365,  917,  854,  799,  480,  806,  330, 1078,   95,  900,   96,  538,  114,  794,  307, 1180,  908,  594,  715,  901,  738,  957,  634,  844,  539,  824,  705,  478,  562,  356,  715,  279,  660,  915,  874],
        [   72,   72, 1022,    0,   94,  902,  404,  518,  809,  563,  386,  842,  100,  992,  392,  980,  855, 1052,  626,  754,  160,  776,  594,  710,  316,  285,  226,  490,  467,  772,  689,  335,  563,  475,  830,  346,  922,  478,  108,  854],
        [   73,   73,  971,   94,    0,  882,  455,  424,  716,  530,  413,  769,  107,  933,  300,  921,  770,  993,  533,  718,  218,  817,  593,  618,  223,  250,  286,  486,  374,  770,  722,  269,  500,  413,  756,  271,  851,  480,   89,  760],
        [  837,  837,  365,  902,  882,    0,  665,  935,  993,  362,  579,  566,  982,  431,  929,  423,  776,  474,  921,  215, 1058,  560,  333,  881,  900,  633,  764,  421,  905,  201,  492,  660,  506,  552,  587,  690,  565,  440,  804, 1072],
        [  383,  383,  917,  404,  455,  665,    0,  800, 1039,  454,  120,  872,  503,  924,  704,  912,  978,  987,  874,  610,  515,  376,  337,  918,  632,  357,  179,  284,  748,  482,  300,  471,  592,  531,  872,  513,  933,  258,  374, 1103],
        [  477,  477,  854,  518,  424,  935,  800,    0,  301,  598,  711,  551,  484,  782,  131,  774,  443,  826,  123,  723,  600, 1101,  768,  231,  202,  453,  669,  679,   53,  911,  992,  346,  430,  391,  528,  302,  632,  689,  462,  337],
        [  761,  761,  799,  809,  716,  993, 1039,  301,    0,  724,  934,  471,  783,  710,  431,  706,  270,  734,  183,  781,  900, 1289,  923,  126,  499,  683,  934,  856,  346, 1029, 1178,  568,  526,  538,  445,  528,  527,  873,  741,   80],
        [  494,  494,  480,  563,  530,  362,  454,  598,  724,    0,  337,  431,  634,  475,  575,  462,  579,  537,  610,  192,  722,  581,  204,  600,  541,  282,  478,  177,  562,  315,  472,  299,  200,  207,  436,  331,  483,  203,  459,  801],
        [  345,  345,  806,  386,  413,  579,  120,  711,  934,  337,    0,  753,  484,  810,  627,  797,  862,  872,  776,  501,  523,  408,  247,  812,  560,  259,  192,  173,  661,  412,  310,  371,  474,  416,  753,  414,  814,  148,  326, 1001],
        [  772,  772,  330,  842,  769,  566,  872,  551,  471,  431,  753,    0,  872,  243,  622,  237,  217,  278,  475,  380,  986,  995,  622,  388,  642,  585,  849,  606,  552,  662,  890,  508,  292,  374,   27,  498,   85,  631,  738,  546],
        [  147,  147, 1078,  100,  107,  982,  503,  484,  783,  634,  484,  872,    0, 1040,  354, 1028,  861, 1099,  601,  823,  120,  876,  683,  694,  285,  353,  325,  578,  438,  861,  788,  375,  607,  519,  858,  375,  954,  568,  179,  820],
        [  920,  920,   95,  992,  933,  431,  924,  782,  710,  475,  810,  243, 1040,    0,  837,   13,  446,   63,  714,  327, 1146,  952,  616,  630,  845,  712,  947,  641,  776,  587,  861,  665,  434,  521,  269,  669,  186,  667,  884,  783],
        [  358,  358,  900,  392,  300,  929,  704,  131,  431,  575,  627,  622,  354,  837,    0,  828,  548,  887,  250,  726,  470, 1029,  720,  352,   77,  376,  560,  623,   89,  878,  922,  288,  440,  378,  601,  248,  705,  628,  348,  466],
        [  908,  908,   96,  980,  921,  423,  912,  774,  706,  462,  797,  237, 1028,   13,  828,    0,  443,   76,  707,  315, 1134,  941,  604,  625,  834,  700,  935,  629,  767,  576,  850,  654,  422,  509,  263,  658,  184,  655,  872,  780],
        [  793,  793,  538,  855,  770,  776,  978,  443,  270,  579,  862,  217,  861,  446,  548,  443,    0,  466,  335,  578,  980, 1160,  782,  226,  592,  646,  917,  742,  463,  851, 1050,  544,  394,  448,  194,  517,  261,  765,  763,  340],
        [  981,  981,  114, 1052,  993,  474,  987,  826,  734,  537,  872,  278, 1099,   63,  887,   76,  466,    0,  753,  386, 1206, 1007,  676,  663,  898,  773, 1010,  703,  823,  639,  918,  724,  493,  580,  303,  727,  208,  730,  945,  805],
        [  580,  580,  794,  626,  533,  921,  874,  123,  183,  610,  776,  475,  601,  714,  250,  707,  335,  753,    0,  706,  718, 1150,  797,  114,  317,  519,  759,  718,  164,  924, 1038,  405,  421,  408,  450,  363,  550,  732,  561,  233],
        [  685,  685,  307,  754,  718,  215,  610,  723,  781,  192,  501,  380,  823,  327,  726,  315,  578,  386,  706,    0,  914,  635,  290,  667,  704,  471,  660,  329,  696,  284,  539,  473,  294,  349,  396,  497,  400,  354,  650,  861],
        [  230,  230, 1180,  160,  218, 1058,  515,  600,  900,  722,  523,  986,  120, 1146,  470, 1134,  980, 1206,  718,  914,    0,  889,  745,  813,  402,  444,  340,  643,  555,  922,  812,  484,  715,  627,  973,  488, 1068,  630,  266,  933],
        [  747,  747,  908,  776,  817,  560,  376, 1101, 1289,  581,  408,  995,  876,  952, 1029,  941, 1160, 1007, 1150,  635,  889,    0,  378, 1164,  965,  654,  554,  434, 1054,  370,  112,  755,  775,  752, 1005,  800, 1030,  418,  731, 1362],
        [  537,  537,  594,  594,  593,  333,  337,  768,  923,  204,  247,  622,  683,  616,  720,  604,  782,  676,  797,  290,  745,  378,    0,  798,  671,  362,  434,  107,  725,  178,  270,  433,  401,  390,  631,  474,  665,  116,  508,  998],
        [  657,  657,  715,  710,  618,  881,  918,  231,  126,  600,  812,  388,  694,  630,  352,  625,  226,  663,  114,  667,  813, 1164,  798,    0,  412,  563,  819,  731,  264,  908, 1052,  448,  402,  413,  362,  410,  457,  748,  633,  201],
        [  281,  281,  901,  316,  223,  900,  632,  202,  499,  541,  560,  642,  285,  845,   77,  834,  592,  898,  317,  704,  402,  965,  671,  412,    0,  316,  485,  569,  154,  834,  860,  244,  429,  357,  624,  210,  726,  573,  272,  539],
        [  215,  215,  738,  285,  250,  633,  357,  453,  683,  282,  259,  585,  353,  712,  376,  700,  646,  773,  519,  471,  444,  654,  362,  563,  316,    0,  272,  257,  403,  534,  547,  115,  295,  212,  578,  157,  660,  258,  179,  747],
        [  214,  214,  957,  226,  286,  764,  179,  669,  934,  478,  192,  849,  325,  947,  560,  935,  917, 1010,  759,  660,  340,  554,  434,  819,  485,  272,    0,  345,  617,  604,  473,  378,  557,  479,  844,  411,  920,  325,  214,  991],
        [  431,  431,  634,  490,  486,  421,  284,  679,  856,  177,  173,  606,  578,  641,  623,  629,  742,  703,  718,  329,  643,  434,  107,  731,  569,  257,  345,    0,  634,  284,  322,  337,  350,  318,  611,  380,  660,   27,  401,  929],
        [  426,  426,  844,  467,  374,  905,  748,   53,  346,  562,  661,  552,  438,  776,   89,  767,  463,  823,  164,  696,  555, 1054,  725,  264,  154,  403,  617,  634,    0,  873,  944,  299,  403,  357,  530,  255,  634,  643,  410,  387],
        [  715,  715,  539,  772,  770,  201,  482,  911, 1029,  315,  412,  662,  861,  587,  878,  576,  851,  639,  924,  284,  922,  370,  178,  908,  834,  534,  604,  284,  873,    0,  293,  592,  507,  521,  677,  631,  683,  294,  685, 1107],
        [  653,  653,  824,  689,  722,  492,  300,  992, 1178,  472,  310,  890,  788,  861,  922,  850, 1050,  918, 1038,  539,  812,  112,  270, 1052,  860,  547,  473,  322,  944,  293,    0,  646,  664,  640,  900,  690,  929,  307,  635, 1251],
        [  265,  265,  705,  335,  269,  660,  471,  346,  568,  299,  371,  508,  375,  665,  288,  654,  544,  724,  405,  473,  484,  755,  433,  448,  244,  115,  378,  337,  299,  592,  646,    0,  232,  145,  497,   45,  588,  345,  231,  632],
        [  492,  492,  478,  563,  500,  506,  592,  430,  526,  200,  474,  292,  607,  434,  440,  422,  394,  493,  421,  294,  715,  775,  401,  402,  429,  295,  557,  350,  403,  507,  664,  232,    0,   88,  288,  238,  366,  372,  456,  603],
        [  404,  404,  562,  475,  413,  552,  531,  391,  538,  207,  416,  374,  519,  521,  378,  509,  448,  580,  408,  349,  627,  752,  390,  413,  357,  212,  479,  318,  357,  521,  640,  145,   88,    0,  367,  155,  451,  336,  369,  612],
        [  761,  761,  356,  830,  756,  587,  872,  528,  445,  436,  753,   27,  858,  269,  601,  263,  194,  303,  450,  396,  973, 1005,  631,  362,  624,  578,  844,  611,  530,  677,  900,  497,  288,  367,    0,  486,  105,  635,  728,  520],
        [  279,  279,  715,  346,  271,  690,  513,  302,  528,  331,  414,  498,  375,  669,  248,  658,  517,  727,  363,  497,  488,  800,  474,  410,  210,  157,  411,  380,  255,  631,  690,   45,  238,  155,  486,    0,  580,  388,  248,  591],
        [  852,  852,  279,  922,  851,  565,  933,  632,  527,  483,  814,   85,  954,  186,  705,  184,  261,  208,  550,  400, 1068, 1030,  665,  457,  726,  660,  920,  660,  634,  683,  929,  588,  366,  451,  105,  580,    0,  686,  817,  600],
        [  422,  422,  660,  478,  480,  440,  258,  689,  873,  203,  148,  631,  568,  667,  628,  655,  765,  730,  732,  354,  630,  418,  116,  748,  573,  258,  325,   27,  643,  294,  307,  345,  372,  336,  635,  388,  686,    0,  393,  945],
        [   37,   37,  915,  108,   89,  804,  374,  462,  741,  459,  326,  738,  179,  884,  348,  872,  763,  945,  561,  650,  266,  731,  508,  633,  272,  179,  214,  401,  410,  685,  635,  231,  456,  369,  728,  248,  817,  393,    0,  792],
        [  810,  810,  874,  854,  760, 1072, 1103,  337,   80,  801, 1001,  546,  820,  783,  466,  780,  340,  805,  233,  861,  933, 1362,  998,  201,  539,  747,  991,  929,  387, 1107, 1251,  632,  603,  612,  520,  591,  600,  945,  792,    0]
    ]
}
