{
    "name": "random-24-26891",
    "comment": "size=24 seed=26891",
    "nodes": ["+0", "-0", "+1", "-1", "+2", "-2", "+3", "-3", "+4", "-4", "+5", "-5", "+6", "-6", "+7", "-7", "+8", "-8", "+9", "-9", "+10", "-10", "+11", "-11", "+12", "-12", "+13", "-13", "+14", "-14", "+15", "-15", "+16", "-16", "+17", "-17", "+18", "-18", "+19", "-19", "+20", "-20", "+21", "-21", "+22", "-22", "+23", "-23", "+24", "-24"],
    "precedence": {
        "+0": "-0",
        "+1": "-1",
        "+2": "-2",
        "+3": "-3",
        "+4": "-4",
        "+5": "-5",
        "+6": "-6",
        "+7": "-7",
        "+8": "-8",
        "+9": "-9",
        "+10": "-10",
        "+11": "-11",
        "+12": "-12",
        "+13": "-13",
        "+14": "-14",
        "+15": "-15",
        "+16": "-16",
        "+17": "-17",
        "+18": "-18",
        "+19": "-19",
        "+20": "-20",
        "+21": "-21",
        "+22": "-22",
        "+23": "-23",
        "+24": "-24"
    },
    "edges": [
        [    0,    0,  780,  238,  473,  150,  135,  652,  931,  860,  801,  724,  547,  453,  688,  602,  292,  624,  606,  950,  542,   40,  335,  974,  386,  763,  524,  567,  400,  709,  710,  893,  512,  544,  680,  346, 1045,  499,  300,  359,  363,  783,  525, 1002,  322,  799, 1041,  973,  525,  656],
        [    0,    0,  780,  238,  473,  150,  135,  652,  931,  860,  801,  724,  547,  453,  688,  602,  292,  624,  606,  950,  542,   40,  335,  974,  386,  763,  524,  567,  400,  709,  710,  893,  512,  544,  680,  346, 1045,  499,  300,  359,  363,  783,  525, 1002,  322,  799, 1041,  973,  525,  656],
        [  780,  780,    0,  681,  898,  697,  716,  512,  317,  245,   55,  219,  604,  532,  517,  787,  631,  245,  187,  515,  470,  787,  449,  199,  411,  198,  369,  562,  543,  560,  261,  157,  584,  348,  515,  727,  283,  514,  625,  997,  474,  354,  256,  223,  960,  573,  263,  283,  537,  503],
        [  238,  238,  681,    0,  296,   91,  103,  430,  760,  699,  688,  695,  660,  542,  466,  371,   66,  474,  542,  741,  332,  274,  262,  879,  276,  725,  351,  663,  185,  482,  543,  763,  620,  374,  458,  122,  915,  581,  431,  317,  405,  593,  442,  898,  279,  573,  940,  818,  301,  436],
        [  473,  473,  898,  296,    0,  364,  364,  481,  883,  843,  891,  958,  955,  837,  507,  226,  305,  660,  794,  784,  447,  512,  539, 1087,  533,  982,  531,  958,  358,  496,  695,  941,  915,  553,  502,  188, 1085,  875,  722,  239,  698,  699,  691, 1097,  236,  577, 1138,  961,  383,  491],
        [  150,  150,  697,   91,  364,    0,   21,  506,  810,  744,  711,  682,  597,  485,  543,  460,  144,  511,  541,  811,  401,  185,  254,  895,  288,  716,  398,  606,  255,  562,  589,  794,  558,  420,  534,  208,  947,  526,  358,  327,  358,  652,  447,  918,  287,  652,  959,  860,  379,  511],
        [  135,  135,  716,  103,  364,   21,    0,  524,  830,  764,  730,  698,  603,  492,  561,  470,  160,  531,  559,  830,  420,  172,  271,  914,  307,  733,  418,  613,  274,  580,  610,  814,  564,  440,  552,  215,  967,  534,  361,  314,  369,  672,  465,  937,  274,  670,  978,  881,  396,  529],
        [  652,  652,  512,  430,  481,  506,  524,    0,  408,  381,  484,  659,  860,  740,   37,  300,  366,  279,  499,  318,  119,  682,  420,  670,  364,  665,  213,  839,  253,   69,  258,  500,  823,  217,   29,  381,  629,  757,  715,  668,  598,  224,  421,  667,  643,  150,  707,  492,  130,   11],
        [  931,  931,  317,  760,  883,  810,  830,  408,    0,   82,  263,  535,  898,  807,  389,  706,  697,  311,  456,  231,  446,  950,  609,  354,  550,  513,  413,  860,  580,  417,  222,  185,  872,  391,  392,  755,  246,  800,  863, 1047,  712,  185,  463,  330, 1017,  379,  359,   95,  503,  397],
        [  860,  860,  245,  699,  843,  744,  764,  381,   82,    0,  192,  461,  817,  726,  368,  680,  637,  237,  375,  276,  398,  878,  534,  319,  476,  442,  349,  780,  524,  403,  157,  139,  791,  326,  370,  704,  249,  718,  783,  995,  631,  162,  383,  304,  963,  383,  340,  120,  460,  370],
        [  801,  801,   55,  688,  891,  711,  730,  484,  263,  192,    0,  273,  654,  577,  485,  767,  634,  231,  227,  464,  454,  811,  468,  197,  424,  252,  360,  613,  540,  527,  227,  108,  633,  338,  484,  725,  247,  562,  663, 1002,  511,  311,  279,  211,  966,  534,  252,  231,  520,  474],
        [  724,  724,  219,  695,  958,  682,  698,  659,  535,  461,  273,    0,  412,  369,  672,  894,  660,  382,  169,  724,  584,  721,  435,  321,  426,   44,  468,  366,  606,  717,  439,  370,  400,  454,  668,  772,  465,  338,  499, 1006,  369,  547,  269,  364,  966,  750,  390,  498,  644,  651],
        [  547,  547,  604,  660,  955,  597,  603,  860,  898,  817,  654,  412,    0,  124,  887,  988,  664,  642,  442, 1039,  749,  522,  460,  732,  504,  453,  648,   48,  684,  928,  732,  760,   40,  650,  880,  776,  873,  105,  248,  901,  273,  845,  463,  775,  862,  992,  801,  884,  783,  857],
        [  453,  453,  532,  542,  837,  485,  492,  740,  807,  726,  577,  369,  124,    0,  768,  865,  543,  534,  355,  934,  628,  434,  336,  683,  382,  412,  530,  122,  560,  809,  628,  685,   85,  533,  761,  656,  811,   47,  161,  798,  149,  739,  356,  724,  758,  875,  754,  803,  661,  738],
        [  688,  688,  517,  466,  507,  543,  561,   37,  389,  368,  485,  672,  887,  768,    0,  318,  402,  291,  515,  285,  153,  718,  453,  666,  395,  676,  239,  866,  289,   45,  258,  493,  851,  240,    9,  415,  617,  784,  748,  700,  628,  208,  443,  661,  676,  114,  700,  476,  166,   34],
        [  602,  602,  787,  371,  226,  460,  470,  300,  706,  680,  767,  894,  988,  865,  318,    0,  338,  542,  726,  576,  318,  640,  532,  959,  501,  909,  429,  981,  308,  295,  549,  796,  948,  446,  314,  256,  929,  894,  784,  459,  716,  523,  629,  961,  448,  364, 1001,  792,  253,  311],
        [  292,  292,  631,   66,  305,  144,  160,  366,  697,  637,  634,  660,  664,  543,  402,  338,    0,  415,  502,  676,  267,  326,  234,  827,  235,  688,  290,  663,  120,  420,  480,  705,  624,  313,  394,  118,  857,  578,  448,  368,  398,  528,  399,  844,  332,  510,  886,  756,  237,  372],
        [  624,  624,  245,  474,  660,  511,  531,  279,  311,  237,  231,  382,  642,  534,  291,  542,  415,    0,  229,  400,  226,  641,  298,  428,  240,  386,  131,  612,  312,  336,   98,  290,  610,  108,  287,  498,  442,  538,  563,  781,  417,  205,  180,  438,  746,  373,  480,  350,  292,  271],
        [  606,  606,  187,  542,  794,  541,  559,  499,  456,  375,  227,  169,  442,  355,  515,  726,  502,  229,    0,  608,  418,  610,  288,  371,  267,  189,  301,  406,  440,  560,  305,  334,  417,  289,  511,  611,  469,  344,  438,  857,  287,  418,  103,  403,  818,  602,  440,  449,  476,  492],
        [  950,  950,  515,  741,  784,  811,  830,  318,  231,  276,  464,  724, 1039,  934,  285,  576,  676,  400,  608,    0,  411,  977,  668,  584,  605,  710,  440, 1008,  557,  289,  308,  409, 1009,  426,  292,  699,  470,  936,  954,  984,  813,  195,  579,  560,  960,  212,  589,  321,  445,  310],
        [  542,  542,  470,  332,  447,  401,  420,  119,  446,  398,  454,  584,  749,  628,  153,  318,  267,  226,  418,  411,    0,  571,  303,  649,  248,  597,  117,  731,  147,  186,  249,  495,  712,  131,  145,  309,  638,  647,  597,  602,  484,  268,  329,  654,  573,  267,  696,  517,   67,  120],
        [   40,   40,  787,  274,  512,  185,  172,  682,  950,  878,  811,  721,  522,  434,  718,  640,  326,  641,  610,  977,  571,    0,  347,  979,  402,  760,  546,  544,  430,  741,  729,  905,  488,  565,  710,  384, 1056,  480,  276,  391,  355,  806,  533, 1009,  355,  830, 1048,  988,  557,  686],
        [  335,  335,  449,  262,  539,  254,  271,  420,  609,  534,  468,  435,  460,  336,  453,  532,  234,  298,  288,  668,  303,  347,    0,  646,   63,  466,  229,  450,  225,  489,  392,  559,  421,  242,  445,  351,  711,  363,  296,  572,  188,  482,  195,  671,  533,  565,  711,  642,  327,  420],
        [  974,  974,  199,  879, 1087,  895,  914,  670,  354,  319,  197,  321,  732,  683,  666,  959,  827,  428,  371,  584,  649,  979,  646,    0,  609,  280,  557,  686,  735,  706,  412,  181,  720,  535,  666,  921,  168,  656,  798, 1194,  652,  473,  452,   46, 1158,  698,   72,  273,  715,  660],
        [  386,  386,  411,  276,  533,  288,  307,  364,  550,  476,  424,  426,  504,  382,  395,  501,  235,  240,  267,  605,  248,  402,   63,  609,    0,  453,  167,  490,  194,  432,  331,  510,  466,  179,  387,  347,  663,  404,  356,  593,  236,  419,  166,  631,  555,  506,  672,  587,  280,  362],
        [  763,  763,  198,  725,  982,  716,  733,  665,  513,  442,  252,   44,  453,  412,  676,  909,  688,  386,  189,  710,  597,  760,  466,  280,  453,    0,  482,  407,  628,  721,  435,  342,  442,  467,  673,  798,  429,  381,  542, 1038,  410,  539,  292,  324,  999,  748,  349,  471,  658,  657],
        [  524,  524,  369,  351,  531,  398,  418,  213,  413,  349,  360,  468,  648,  530,  239,  429,  290,  131,  301,  440,  117,  546,  229,  557,  167,  482,    0,  627,  182,  281,  193,  419,  612,   24,  233,  368,  570,  545,  521,  653,  392,  260,  213,  568,  619,  346,  610,  467,  177,  210],
        [  567,  567,  562,  663,  958,  606,  613,  839,  860,  780,  613,  366,   48,  122,  866,  981,  663,  612,  406, 1008,  731,  544,  450,  686,  490,  407,  627,    0,  675,  907,  701,  719,   60,  627,  859,  777,  829,   87,  269,  916,  266,  814,  434,  729,  877,  968,  755,  843,  769,  836],
        [  400,  400,  543,  185,  358,  255,  274,  253,  580,  524,  540,  606,  684,  560,  289,  308,  120,  312,  440,  557,  147,  430,  225,  735,  194,  628,  182,  675,    0,  312,  367,  601,  645,  206,  281,  186,  751,  588,  497,  473,  411,  409,  338,  748,  440,  400,  790,  643,  128,  257],
        [  709,  709,  560,  482,  496,  562,  580,   69,  417,  403,  527,  717,  928,  809,   45,  295,  420,  336,  560,  289,  186,  741,  489,  706,  432,  721,  281,  907,  312,    0,  301,  531,  891,  283,   50,  420,  650,  825,  783,  699,  667,  241,  487,  699,  677,   92,  738,  507,  185,   72],
        [  710,  710,  261,  543,  695,  589,  610,  258,  222,  157,  227,  439,  732,  628,  258,  549,  480,   98,  305,  308,  249,  729,  392,  412,  331,  435,  193,  701,  367,  301,    0,  248,  702,  170,  257,  549,  390,  630,  660,  839,  514,  114,  273,  412,  807,  315,  453,  276,  313,  248],
        [  893,  893,  157,  763,  941,  794,  814,  500,  185,  139,  108,  370,  760,  685,  493,  796,  705,  290,  334,  409,  495,  905,  559,  181,  510,  342,  419,  719,  601,  531,  248,    0,  740,  396,  494,  786,  154,  669,  769, 1071,  616,  294,  378,  169, 1036,  519,  208,  129,  560,  490],
        [  512,  512,  584,  620,  915,  558,  564,  823,  872,  791,  633,  400,   40,   85,  851,  948,  624,  610,  417, 1009,  712,  488,  421,  720,  466,  442,  612,   60,  645,  891,  702,  740,    0,  614,  844,  736,  857,   73,  213,  864,  234,  814,  431,  763,  825,  957,  790,  862,  745,  820],
        [  544,  544,  348,  374,  553,  420,  440,  217,  391,  326,  338,  454,  650,  533,  240,  446,  313,  108,  289,  426,  131,  565,  242,  535,  179,  467,   24,  627,  206,  283,  170,  396,  614,    0,  234,  391,  546,  546,  531,  676,  398,  243,  206,  545,  642,  343,  587,  444,  193,  212],
        [  680,  680,  515,  458,  502,  534,  552,   29,  392,  370,  484,  668,  880,  761,    9,  314,  394,  287,  511,  292,  145,  710,  445,  666,  387,  673,  233,  859,  281,   50,  257,  494,  844,  234,    0,  408,  619,  777,  740,  693,  621,  210,  437,  661,  669,  122,  701,  479,  158,   26],
        [  346,  346,  727,  122,  188,  208,  215,  381,  755,  704,  725,  772,  776,  656,  415,  256,  118,  498,  611,  699,  309,  384,  351,  921,  347,  798,  368,  777,  186,  420,  549,  786,  736,  391,  408,    0,  936,  692,  551,  293,  514,  576,  508,  934,  265,  511,  976,  823,  258,  389],
        [ 1045, 1045,  283,  915, 1085,  947,  967,  629,  246,  249,  247,  465,  873,  811,  617,  929,  857,  442,  469,  470,  638, 1056,  711,  168,  663,  429,  570,  829,  751,  650,  390,  154,  857,  546,  619,  936,    0,  789,  907, 1222,  756,  410,  526,  124, 1188,  622,  134,  151,  703,  618],
        [  499,  499,  514,  581,  875,  526,  534,  757,  800,  718,  562,  338,  105,   47,  784,  894,  578,  538,  344,  936,  647,  480,  363,  656,  404,  381,  545,   87,  588,  825,  630,  669,   73,  546,  777,  692,  789,    0,  208,  842,  180,  742,  359,  698,  802,  888,  727,  790,  683,  754],
        [  300,  300,  625,  431,  722,  358,  361,  715,  863,  783,  663,  499,  248,  161,  748,  784,  448,  563,  438,  954,  597,  276,  296,  798,  356,  542,  521,  269,  497,  783,  660,  769,  213,  531,  740,  551,  907,  208,    0,  653,  154,  762,  401,  834,  615,  860,  868,  876,  614,  715],
        [  359,  359,  997,  317,  239,  327,  314,  668, 1047,  995, 1002, 1006,  901,  798,  700,  459,  368,  781,  857,  984,  602,  391,  572, 1194,  593, 1038,  653,  916,  473,  699,  839, 1071,  864,  676,  693,  293, 1222,  842,  653,    0,  682,  869,  758, 1212,   41,  786, 1254, 1114,  550,  677],
        [  363,  363,  474,  405,  698,  358,  369,  598,  712,  631,  511,  369,  273,  149,  628,  716,  398,  417,  287,  813,  484,  355,  188,  652,  236,  410,  392,  266,  411,  667,  514,  616,  234,  398,  621,  514,  756,  180,  154,  682,    0,  620,  249,  687,  642,  737,  723,  723,  513,  596],
        [  783,  783,  354,  593,  699,  652,  672,  224,  185,  162,  311,  547,  845,  739,  208,  523,  528,  205,  418,  195,  268,  806,  482,  473,  419,  539,  260,  814,  409,  241,  114,  294,  814,  243,  210,  576,  410,  742,  762,  869,  620,    0,  384,  462,  839,  227,  500,  269,  321,  213],
        [  525,  525,  256,  442,  691,  447,  465,  421,  463,  383,  279,  269,  463,  356,  443,  629,  399,  180,  103,  579,  329,  533,  195,  452,  166,  292,  213,  434,  338,  487,  273,  378,  431,  206,  437,  508,  526,  359,  401,  758,  249,  384,    0,  478,  719,  539,  518,  477,  383,  416],
        [ 1002, 1002,  223,  898, 1097,  918,  937,  667,  330,  304,  211,  364,  775,  724,  661,  961,  844,  438,  403,  560,  654, 1009,  671,   46,  631,  324,  568,  729,  748,  699,  412,  169,  763,  545,  661,  934,  124,  698,  834, 1212,  687,  462,  478,    0, 1176,  686,   43,  243,  721,  657],
        [  322,  322,  960,  279,  236,  287,  274,  643, 1017,  963,  966,  966,  862,  758,  676,  448,  332,  746,  818,  960,  573,  355,  533, 1158,  555,  999,  619,  877,  440,  677,  807, 1036,  825,  642,  669,  265, 1188,  802,  615,   41,  642,  839,  719, 1176,    0,  765, 1217, 1082,  522,  652],
        [  799,  799,  573,  573,  577,  652,  670,  150,  379,  383,  534,  750,  992,  875,  114,  364,  510,  373,  602,  212,  267,  830,  565,  698,  506,  748,  346,  968,  400,   92,  315,  519,  957,  343,  122,  511,  622,  888,  860,  786,  737,  227,  539,  686,  765,    0,  722,  474,  274,  147],
        [ 1041, 1041,  263,  940, 1138,  959,  978,  707,  359,  340,  252,  390,  801,  754,  700, 1001,  886,  480,  440,  589,  696, 1048,  711,   72,  672,  349,  610,  755,  790,  738,  453,  208,  790,  587,  701,  976,  134,  727,  868, 1254,  723,  500,  518,   43, 1217,  722,    0,  269,  762,  696],
        [  973,  973,  283,  818,  961,  860,  881,  492,   95,  120,  231,  498,  884,  803,  476,  792,  756,  350,  449,  321,  517,  988,  642,  273,  587,  471,  467,  843,  643,  507,  276,  129,  862,  444,  479,  823,  151,  790,  876, 1114,  723,  269,  477,  243, 1082,  474,  269,    0,  578,  482],
        [  525,  525,  537,  301,  383,  379,  396,  130,  503,  460,  520,  644,  783,  661,  166,  253,  237,  292,  476,  445,   67,  557,  327,  715,  280,  658,  177,  769,  128,  185,  313,  560,  745,  193,  158,  258,  703,  683,  614,  550,  513,  321,  383,  721,  522,  274,  762,  578,    0,  136],
        [  656,  656,  503,  436,  491,  511,  529,   11,  397,  370,  474,  651,  857,  738,   34,  311,  372,  271,  492,  310,  120,  686,  420,  660,  362,  657,  210,  836,  257,   72,  248,  490,  820,  212,   26,  389,  618,  754,  715,  677,  596,  213,  416,  657,  652,  147,  696,  482,  136,    0]
    ]
}
