{
    "name": "random-19-4874",
    "comment": "size=19 seed=4874",
    "nodes": ["+0", "-0", "+1", "-1", "+2", "-2", "+3", "-3", "+4", "-4", "+5", "-5", "+6", "-6", "+7", "-7", "+8", "-8", "+9", "-9", "+10", "-10", "+11", "-11", "+12", "-12", "+13", "-13", "+14", "-14", "+15", "-15", "+16", "-16", "+17", "-17", "+18", "-18", "+19", "-19"],
    "precedence": {
        "+0": "-0",
        "+1": "-1",
        "+2": "-2",
        "+3": "-3",
        "+4": "-4",
        "+5": "-5",
        "+6": "-6",
        "+7": "-7",
        "+8": "-8",
        "+9": "-9",
        "+10": "-10",
        "+11": "-11",
        "+12": "-12",
        "+13": "-13",
        "+14": "-14",
        "+15": "-15",
        "+16": "-16",
        "+17": "-17",
        "+18": "-18",
        "+19": "-19"
    },
    "edges": [
        [    0,    0,  532,  804,  369,  247,  950,  210,  707,  378,  866,  492,  116,  362,  408,  375,  658,  269,  812,  283,  434,  569,  879,  540,  379,  394,  305,  713,  222,  544,  793,  749,  707,  507,  864,  826,  667,  661,  674,  401],
        [    0,    0,  532,  804,  369,  247,  950,  210,  707,  378,  866,  492,  116,  362,  408,  375,  658,  269,  812,  283,  434,  569,  879,  540,  379,  394,  305,  713,  222,  544,  793,  749,  707,  507,  864,  826,  667,  661,  674,  401],
        [  532,  532,    0,  296,  216,  295,  581,  397,  306,  427,  643,  663,  568,  761,  795,  758,  928,  316,  738,  543,  120,  560,  540,  666,  676,  176,  497,  746,  328,  157,  333,  783,  207,  583,  609,  589,  350,  148,  745,  263],
        [  804,  804,  296,    0,  512,  558,  375,  632,  202,  584,  541,  790,  854,  964,  990,  955, 1056,  610,  713,  839,  415,  627,  373,  770,  853,  412,  684,  783,  585,  271,  114,  812,   98,  687,  492,  493,  303,  262,  802,  442],
        [  369,  369,  216,  512,    0,  199,  775,  316,  499,  434,  792,  659,  374,  672,  713,  675,  902,  110,  837,  328,   97,  619,  724,  680,  622,  211,  457,  804,  230,  322,  544,  844,  423,  609,  768,  740,  513,  308,  789,  309],
        [  247,  247,  295,  558,  199,    0,  727,  119,  469,  251,  682,  464,  312,  484,  523,  484,  704,  170,  684,  371,  219,  450,  661,  490,  425,  148,  259,  628,   35,  300,  550,  667,  461,  424,  670,  636,  443,  435,  606,  181],
        [  950,  950,  581,  375,  775,  727,    0,  743,  278,  609,  249,  718, 1036,  972,  981,  955,  944,  846,  470, 1080,  685,  523,   81,  675,  838,  594,  717,  599,  740,  454,  272,  614,  403,  612,  199,  229,  285,  615,  641,  552],
        [  210,  210,  397,  632,  316,  119,  743,    0,  510,  179,  659,  359,  310,  368,  406,  368,  588,  269,  623,  422,  334,  380,  671,  391,  306,  228,  149,  545,   87,  363,  605,  584,  536,  336,  655,  617,  461,  542,  516,  201],
        [  707,  707,  306,  202,  499,  469,  278,  510,    0,  419,  364,  602,  780,  804,  825,  792,  864,  574,  516,  808,  408,  430,  235,  578,  683,  327,  527,  582,  488,  180,  112,  611,  164,  497,  321,  312,  102,  365,  602,  310],
        [  378,  378,  427,  584,  434,  251,  609,  179,  419,    0,  491,  238,  485,  385,  408,  374,  502,  420,  445,  599,  413,  204,  531,  249,  269,  259,  111,  378,  235,  326,  527,  417,  498,  176,  494,  454,  343,  572,  357,  164],
        [  866,  866,  643,  541,  792,  682,  249,  659,  364,  491,    0,  526,  968,  801,  802,  782,  721,  834,  223, 1053,  718,  339,  191,  474,  666,  584,  586,  364,  684,  488,  428,  373,  527,  430,   54,   54,  294,  726,  411,  504],
        [  492,  492,  663,  790,  659,  464,  718,  359,  602,  238,  526,    0,  608,  284,  278,  262,  270,  626,  377,  761,  648,  196,  638,   59,  154,  496,  211,  238,  439,  550,  714,  269,  712,  109,  552,  511,  508,  807,  191,  400],
        [  116,  116,  568,  854,  374,  312, 1036,  310,  780,  485,  968,  608,    0,  460,  506,  475,  765,  265,  924,  184,  456,  681,  967,  655,  491,  456,  419,  828,  296,  609,  858,  865,  758,  621,  962,  925,  751,  680,  790,  485],
        [  362,  362,  761,  964,  672,  484,  972,  368,  804,  385,  801,  284,  460,    0,   46,   24,  316,  597,  660,  641,  701,  463,  892,  342,  136,  587,  281,  514,  450,  698,  912,  539,  874,  372,  822,  780,  724,  908,  461,  525],
        [  408,  408,  795,  990,  713,  523,  981,  406,  825,  408,  802,  278,  506,   46,    0,   39,  276,  640,  650,  686,  739,  466,  901,  334,  144,  620,  307,  500,  489,  726,  934,  522,  901,  374,  825,  784,  741,  942,  446,  554],
        [  375,  375,  758,  955,  675,  484,  955,  368,  792,  374,  782,  262,  475,   24,   39,    0,  297,  603,  638,  654,  701,  444,  875,  320,  118,  583,  272,  491,  451,  690,  900,  516,  865,  353,  803,  761,  711,  905,  438,  518],
        [  658,  658,  928, 1056,  902,  704,  944,  588,  864,  502,  721,  270,  765,  316,  276,  297,    0,  851,  518,  940,  903,  438,  867,  287,  287,  758,  447,  361,  674,  819,  975,  364,  980,  369,  758,  721,  766, 1074,  310,  666],
        [  269,  269,  316,  610,  110,  170,  846,  269,  574,  420,  834,  626,  265,  597,  640,  603,  851,    0,  851,  236,  198,  619,  788,  656,  566,  256,  417,  798,  189,  394,  632,  837,  518,  593,  816,  785,  572,  417,  775,  332],
        [  812,  812,  738,  713,  837,  684,  470,  623,  516,  445,  223,  377,  924,  660,  650,  638,  518,  851,    0, 1043,  783,  244,  405,  318,  529,  628,  509,  160,  674,  583,  606,  157,  675,  312,  272,  246,  421,  850,  214,  529],
        [  283,  283,  543,  839,  328,  371, 1080,  422,  808,  599, 1053,  761,  184,  641,  686,  654,  940,  236, 1043,    0,  424,  802, 1020,  802,  659,  487,  557,  966,  372,  629,  866, 1004,  749,  756, 1039, 1005,  802,  623,  933,  549],
        [  434,  434,  120,  415,   97,  219,  685,  334,  408,  413,  718,  648,  456,  701,  739,  701,  903,  198,  783,  424,    0,  580,  637,  661,  634,  160,  459,  767,  253,  236,  448,  806,  326,  583,  690,  665,  431,  228,  758,  265],
        [  569,  569,  560,  627,  619,  450,  523,  380,  430,  204,  339,  196,  681,  463,  466,  444,  438,  619,  244,  802,  580,    0,  443,  155,  327,  420,  268,  188,  437,  421,  540,  227,  561,   92,  360,  318,  330,  693,  186,  316],
        [  879,  879,  540,  373,  724,  661,   81,  671,  235,  531,  191,  638,  967,  892,  901,  875,  867,  788,  405, 1020,  637,  443,    0,  595,  758,  534,  639,  526,  672,  402,  261,  543,  381,  532,  138,  160,  219,  592,  565,  483],
        [  540,  540,  666,  770,  680,  490,  675,  391,  578,  249,  474,   59,  655,  342,  334,  320,  287,  656,  318,  802,  661,  155,  595,    0,  212,  505,  246,  182,  468,  543,  688,  214,  697,   85,  502,  462,  480,  807,  136,  404],
        [  379,  379,  676,  853,  622,  425,  838,  306,  683,  269,  666,  154,  491,  136,  144,  118,  287,  566,  529,  659,  634,  327,  758,  212,    0,  501,  179,  391,  393,  593,  793,  420,  766,  236,  686,  644,  598,  824,  340,  424],
        [  394,  394,  176,  412,  211,  148,  594,  228,  327,  259,  584,  496,  456,  587,  620,  583,  758,  256,  628,  487,  160,  420,  534,  505,  501,    0,  322,  608,  174,  153,  403,  646,  315,  426,  563,  533,  316,  324,  598,  105],
        [  305,  305,  497,  684,  457,  259,  717,  149,  527,  111,  586,  211,  419,  281,  307,  272,  447,  417,  509,  557,  459,  268,  639,  246,  179,  322,    0,  411,  232,  419,  633,  448,  594,  203,  594,  553,  453,  645,  377,  247],
        [  713,  713,  746,  783,  804,  628,  599,  545,  582,  378,  364,  238,  828,  514,  500,  491,  361,  798,  160,  966,  767,  188,  526,  182,  391,  608,  411,    0,  612,  602,  684,   40,  727,  210,  406,  371,  480,  875,   56,  503],
        [  222,  222,  328,  585,  230,   35,  740,   87,  488,  235,  684,  439,  296,  450,  489,  451,  674,  189,  674,  372,  253,  437,  672,  468,  393,  174,  232,  612,    0,  323,  572,  651,  488,  405,  674,  639,  455,  468,  587,  190],
        [  544,  544,  157,  271,  322,  300,  454,  363,  180,  326,  488,  550,  609,  698,  726,  690,  819,  394,  583,  629,  236,  421,  402,  543,  593,  153,  419,  602,  323,    0,  250,  638,  177,  458,  457,  435,  197,  273,  607,  173],
        [  793,  793,  333,  114,  544,  550,  272,  605,  112,  527,  428,  714,  858,  912,  934,  900,  975,  632,  606,  866,  448,  540,  261,  688,  793,  403,  633,  684,  572,  250,    0,  712,  135,  608,  379,  381,  210,  344,  708,  405],
        [  749,  749,  783,  812,  844,  667,  614,  584,  611,  417,  373,  269,  865,  539,  522,  516,  364,  837,  157, 1004,  806,  227,  543,  214,  420,  646,  448,   40,  651,  638,  712,    0,  759,  249,  418,  386,  510,  910,   80,  542],
        [  707,  707,  207,   98,  423,  461,  403,  536,  164,  498,  527,  712,  758,  874,  901,  865,  980,  518,  675,  749,  326,  561,  381,  697,  766,  315,  594,  727,  488,  177,  135,  759,    0,  613,  482,  475,  255,  212,  742,  350],
        [  507,  507,  583,  687,  609,  424,  612,  336,  497,  176,  430,  109,  621,  372,  374,  353,  369,  593,  312,  756,  583,   92,  532,   85,  236,  426,  203,  210,  405,  458,  608,  249,  613,    0,  451,  410,  401,  723,  183,  323],
        [  864,  864,  609,  492,  768,  670,  199,  655,  321,  494,   54,  552,  962,  822,  825,  803,  758,  816,  272, 1039,  690,  360,  138,  502,  686,  563,  594,  406,  674,  457,  379,  418,  482,  451,    0,   42,  260,  685,  450,  490],
        [  826,  826,  589,  493,  740,  636,  229,  617,  312,  454,   54,  511,  925,  780,  784,  761,  721,  785,  246, 1005,  665,  318,  160,  462,  644,  533,  553,  371,  639,  435,  381,  386,  475,  410,   42,    0,  240,  673,  414,  457],
        [  667,  667,  350,  303,  513,  443,  285,  461,  102,  343,  294,  508,  751,  724,  741,  711,  766,  572,  421,  802,  431,  330,  219,  480,  598,  316,  453,  480,  455,  197,  210,  510,  255,  401,  260,  240,    0,  438,  501,  267],
        [  661,  661,  148,  262,  308,  435,  615,  542,  365,  572,  726,  807,  680,  908,  942,  905, 1074,  417,  850,  623,  228,  693,  592,  807,  824,  324,  645,  875,  468,  273,  344,  910,  212,  723,  685,  673,  438,    0,  878,  409],
        [  674,  674,  745,  802,  789,  606,  641,  516,  602,  357,  411,  191,  790,  461,  446,  438,  310,  775,  214,  933,  758,  186,  565,  136,  340,  598,  377,   56,  587,  607,  708,   80,  742,  183,  450,  414,  501,  878,    0,  494],
        [  401,  401,  263,  442,  309,  181,  552,  201,  310,  164,  504,  400,  485,  525,  554,  518,  666,  332,  529,  549,  265,  316,  483,  404,  424,  105,  247,  503,  190,  173,  405,  542,  350,  323,  490,  457,  267,  409,  494,    0]
    ]
}
