{
    "name": "random-79-28380",
    "comment": "size=79 seed=28380",
    "nodes": ["+0", "-0", "+1", "-1", "+2", "-2", "+3", "-3", "+4", "-4", "+5", "-5", "+6", "-6", "+7", "-7", "+8", "-8", "+9", "-9", "+10", "-10", "+11", "-11", "+12", "-12", "+13", "-13", "+14", "-14", "+15", "-15", "+16", "-16", "+17", "-17", "+18", "-18", "+19", "-19", "+20", "-20", "+21", "-21", "+22", "-22", "+23", "-23", "+24", "-24", "+25", "-25", "+26", "-26", "+27", "-27", "+28", "-28", "+29", "-29", "+30", "-30", "+31", "-31", "+32", "-32", "+33", "-33", "+34", "-34", "+35", "-35", "+36", "-36", "+37", "-37", "+38", "-38", "+39", "-39", "+40", "-40", "+41", "-41", "+42", "-42", "+43", "-43", "+44", "-44", "+45", "-45", "+46", "-46", "+47", "-47", "+48", "-48", "+49", "-49", "+50", "-50", "+51", "-51", "+52", "-52", "+53", "-53", "+54", "-54", "+55", "-55", "+56", "-56", "+57", "-57", "+58", "-58", "+59", "-59", "+60", "-60", "+61", "-61", "+62", "-62", "+63", "-63", "+64", "-64", "+65", "-65", "+66", "-66", "+67", "-67", "+68", "-68", "+69", "-69", "+70", "-70", "+71", "-71", "+72", "-72", "+73", "-73", "+74", "-74", "+75", "-75", "+76", "-76", "+77", "-77", "+78", "-78", "+79", "-79"],
    "precedence": {
        "+0": "-0",
        "+1": "-1",
        "+2": "-2",
        "+3": "-3",
        "+4": "-4",
        "+5": "-5",
        "+6": "-6",
        "+7": "-7",
        "+8": "-8",
        "+9": "-9",
        "+10": "-10",
        "+11": "-11",
        "+12": "-12",
        "+13": "-13",
        "+14": "-14",
        "+15": "-15",
        "+16": "-16",
        "+17": "-17",
        "+18": "-18",
        "+19": "-19",
        "+20": "-20",
        "+21": "-21",
        "+22": "-22",
        "+23": "-23",
        "+24": "-24",
        "+25": "-25",
        "+26": "-26",
        "+27": "-27",
        "+28": "-28",
        "+29": "-29",
        "+30": "-30",
        "+31": "-31",
        "+32": "-32",
        "+33": "-33",
        "+34": "-34",
        "+35": "-35",
        "+36": "-36",
        "+37": "-37",
        "+38": "-38",
        "+39": "-39",
        "+40": "-40",
        "+41": "-41",
        "+42": "-42",
        "+43": "-43",
        "+44": "-44",
        "+45": "-45",
        "+46": "-46",
        "+47": "-47",
        "+48": "-48",
        "+49": "-49",
        "+50": "-50",
        "+51": "-51",
        "+52": "-52",
        "+53": "-53",
        "+54": "-54",
        "+55": "-55",
        "+56": "-56",
        "+57": "-57",
        "+58": "-58",
        "+59": "-59",
        "+60": "-60",
        "+61": "-61",
        "+62": "-62",
        "+63": "-63",
        "+64": "-64",
        "+65": "-65",
        "+66": "-66",
        "+67": "-67",
        "+68": "-68",
        "+69": "-69",
        "+70": "-70",
        "+71": "-71",
        "+72": "-72",
        "+73": "-73",
        "+74": "-74",
        "+75": "-75",
        "+76": "-76",
        "+77": "-77",
        "+78": "-78",
        "+79": "-79"
    },
    "edges": [
        [    0,    0,  590,  358,  346,  258,  280,  120,  635,  669,  252,  300,  106,  253,  285,  473,  584,  480,  280,  729,  333,  786,  730,  496,  210,  536,  586,  245,  395,  301,  380,  221,  554,  350,  518,  548,  391,  493,  164,  551,   75,  223,  513,  404,  518,   66,  791,  626,  600,  569,  265,  588,  433,  617,  312,  450,  691,  798,  370,  365,  435,  127,  650,  268,  438,  597,  603,  388,  349,  292,  417,  352,  440,  595,  653,  646,  233,  249,  733,  555,  324,  403,  274,  305,  265,  660,  629,  395,  510,  781,  205,  531,  236,  608,  497,  215,  696,  372,  372,  437,  415,  704,  736,  631,  455,  283,  121,  126,  117,  211,  253,  563,  484,  131,  345,  506,  336,  421,  608,  497,  671,  265,  590,  438,  209,  617,  405,  347,  365,  665,  434,  389,  436,  649,  402,  556,  183,  489,  172,  553,  521,  649,  363,  617,  256,  332,  587,  417,  598,  524,  687,  354,  558,  173,  651,  522,  162,  302,  413,  301],
        [    0,    0,    0,    0,    0,    0,    0,    0,    0,    0,    0,    0,    0,    0,    0,    0,    0,    0,    0,    0,    0,    0,    0,    0,    0,    0,    0,    0,    0,    0,    0,    0,    0,    0,    0,    0,    0,    0,    0,    0,    0,    0,    0,    0,    0,    0,    0,    0,    0,    0,    0,    0,    0,    0,    0,    0,    0,    0,    0,    0,    0,    0,    0,    0,    0,    0,    0,    0,    0,    0,    0,    0,    0,    0,    0,    0,    0,    0,    0,    0,    0,    0,    0,    0,    0,    0,    0,    0,    0,    0,    0,    0,    0,    0,    0,    0,    0,    0,    0,    0,    0,    0,    0,    0,    0,    0,    0,    0,    0,    0,    0,    0,    0,    0,    0,    0,    0,    0,    0,    0,    0,    0,    0,    0,    0,    0,    0,    0,    0,    0,    0,    0,    0,    0,    0,    0,    0,    0,    0,    0,    0,    0,    0,    0,    0,    0,    0,    0,    0,    0,    0,    0,    0,    0,    0,    0,    0,    0,    0,    0],
        [  590,    0,    0,  675,  930,  799,  650,  491,  450,  221,  717,  494,  688,  346,  319,  315,  302,  588,  870,  263,  762,  399,  161,  602,  383,  818,  538,  822,  949,  547,  582,  810,   62,  248,  895,   79,  593,  298,  728,  839,  647,  765,  108,  187,  469,  565,  280,   73,  605,   22,  759,  149,  462,  376,  885,  820,  567,  359,  228,  949,  686,  716,  395,  435,  493,  277,  638,  865,  687,  583, 1005,  490, 1027,  272,  742,  705,  526,  411,  204,  833,  710,  517,  331,  810,  815,  933,  709,  799,  493,  253,  449,  795,  679,   46,  175,  474,  959,  333,  923,  561,  566,  280,  328,  155,  321,  863,  592,  716,  672,  435,  720,  292,  861,  578,  587,  224,  854,  573,  214,  787,   86,  753,  546,  456,  628,   41,  773,  934,  281,  583,  577,  902,  376,  477,  973,  898,  726,  869,  690,  520,  387,  497,  284,  744,  576,  919,  266,  526,  121,  119,  942,  295,  394,  425,  611,  757,  658,  724,  178,  800],
        [  358,    0,  675,    0,  452,  276,  637,  427,  454,  842,  602,  183,  332,  386,  393,  719,  494,  198,  463,  900,  127,  999,  836,  832,  389,  894,  894,  511,  384,  129,  723,  408,  671,  521,  869,  674,  111,  423,  299,  908,  316,  266,  650,  530,  321,  417,  941,  738,  923,  655,  198,  748,  256,  480,  569,  804,  450,  988,  533,  576,  790,  374,  900,  250,  753,  522,  933,  720,  706,  641,  523,  191,  544,  522,  997,  984,  571,  286,  869,  913,  681,  190,  384,  229,  297, 1017,  970,  747,  296,  920,  270,  889,  143,  668,  673,  235, 1053,  627,  651,  770,  154,  892,  935,  628,  704,  533,  238,  382,  456,  503,  603,  481,  836,  230,  691,  483,  269,  758,  570,  855,  729,  607,  899,  265,  151,  713,  761,  472,  585,  972,  771,  700,  329,  453,  437,  909,  511,  840,  231,  861,  382,  441,  583,  964,  605,  542,  799,  191,  615,  671, 1044,  580,  825,  350,  968,  878,  214,  110,  530,  634],
        [  346,    0,  930,  452,    0,  177,  494,  461,  877, 1014,  401,  531,  243,  586,  615,  807,  870,  645,   95, 1073,  335, 1121, 1074,  753,  549,  686,  875,  201,  131,  497,  638,  130,  898,  695,  599,  892,  548,  782,  207,  692,  283,  197,  857,  745,  744,  390, 1136,  970,  869,  909,  254,  934,  662,  882,  207,  566,  894, 1138,  714,  160,  643,  221,  975,  543,  732,  890,  860,  422,  542,  550,   78,  576,  101,  889,  877,  885,  527,  545, 1079,  702,  495,  607,  603,  229,  156,  779,  863,  507,  725, 1127,  499,  695,  327,  944,  842,  488,  813,  708,  285,  706,  589, 1046, 1075,  952,  789,  184,  350,  224,  310,  547,  400,  851,  579,  367,  599,  814,  203,  684,  916,  656, 1008,  375,  877,  670,  359,  959,  545,   26,  709,  950,  696,  367,  702,  883,   87,  653,  300,  578,  264,  844,  780,  875,  706,  832,  520,  140,  926,  615,  923,  869,  811,  697,  880,  506,  925,  707,  298,  342,  754,  366],
        [  258,    0,  799,  276,  177,    0,  494,  376,  703,  911,  424,  362,  160,  456,  481,  727,  706,  468,  195,  971,  167, 1038,  951,  739,  428,  728,  840,  269,  150,  324,  621,  154,  774,  580,  670,  771,  372,  620,   97,  739,  184,   36,  739,  620,  569,  320, 1028,  847,  848,  777,   79,  824,  489,  712,  314,  619,  718, 1046,  598,  306,  655,  175,  906,  385,  692,  728,  847,  501,  556,  530,  252,  404,  274,  727,  885,  883,  483,  395,  965,  746,  517,  432,  468,   71,   22,  839,  865,  558,  550, 1015,  352,  731,  152,  807,  735,  334,  874,  627,  400,  683,  413,  951,  985,  801,  710,  279,  208,  183,  288,  467,  423,  688,  642,  222,  583,  659,   83,  664,  760,  693,  871,  412,  843,  498,  190,  831,  585,  197,  612,  918,  677,  464,  535,  708,  182,  718,  316,  644,  109,  807,  610,  700,  609,  844,  494,  274,  837,  440,  776,  754,  869,  602,  815,  381,  901,  732,  143,  167,  626,  424],
        [  280,    0,  650,  637,  494,  494,    0,  240,  848,  632,  101,  553,  340,  409,  439,  398,  759,  742,  400,  683,  606,  688,  746,  261,  361,  258,  390,  298,  594,  568,  149,  377,  595,  414,  268,  582,  660,  676,  402,  274,  335,  466,  546,  485,  751,  221,  757,  655,  377,  632,  527,  581,  671,  811,  330,  192,  924,  723,  432,  411,  161,  320,  528,  500,  260,  762,  367,  220,   70,   77,  538,  603,  554,  759,  392,  394,  126,  466,  721,  278,   63,  658,  433,  556,  492,  385,  374,  154,  749,  760,  436,  252,  513,  683,  496,  460,  420,  326,  323,  218,  678,  645,  660,  746,  381,  330,  400,  312,  207,  232,  103,  737,  232,  408,  112,  660,  576,  195,  749,  219,  735,  138,  391,  675,  488,  661,  142,  480,  370,  462,  206,  271,  648,  867,  575,  293,  194,  239,  438,  363,  731,  872,  367,  351,   75,  396,  523,  673,  705,  545,  410,  356,  431,  361,  434,  244,  437,  577,  498,  178],
        [  120,    0,  491,  427,  461,  376,  240,    0,  612,  553,  258,  317,  226,  182,  215,  353,  535,  507,  388,  612,  430,  666,  623,  406,  132,  493,  479,  332,  514,  338,  298,  333,  450,  245,  505,  441,  431,  447,  283,  510,  194,  341,  405,  306,  511,   75,  676,  520,  500,  470,  374,  475,  431,  580,  394,  430,  685,  679,  265,  459,  374,  240,  531,  261,  333,  542,  508,  411,  307,  222,  530,  365,  552,  539,  571,  558,  146,  226,  621,  512,  298,  420,  206,  418,  384,  621,  544,  385,  510,  668,  197,  482,  329,  514,  382,  224,  655,  253,  438,  344,  444,  586,  617,  552,  335,  372,  204,  238,  181,   92,  261,  513,  469,  204,  268,  444,  452,  332,  541,  453,  574,  286,  483,  435,  289,  514,  381,  460,  248,  558,  344,  432,  410,  630,  521,  532,  239,  475,  282,  446,  495,  634,  246,  540,  188,  429,  468,  435,  515,  414,  644,  236,  441,  121,  548,  464,  263,  395,  317,  332],
        [  635,    0,  450,  454,  877,  703,  848,  612,    0,  670,  866,  351,  681,  441,  414,  686,  149,  267,  859,  712,  579,  849,  582,  927,  487, 1086,  917,  868,  831,  381,  857,  796,  488,  494, 1115,  502,  344,  188,  683, 1105,  645,  681,  503,  442,  135,  658,  719,  521,  973,  442,  632,  589,  216,   76,  934, 1039,  117,  808,  488,  968,  955,  725,  823,  367,  818,  176,  999, 1015,  910,  810,  953,  303,  976,  180, 1092, 1063,  732,  391,  644, 1104,  908,  273,  418,  673,  724, 1214, 1060,  996,  158,  687,  431, 1070,  552,  415,  567,  422, 1246,  642, 1004,  870,  301,  729,  778,  316,  682,  901,  551,  730,  751,  626,  868,  161, 1079,  534,  842,  244,  716,  871,  244, 1048,  451,  889,  925,  208,  519,  487,  989,  893,  575,  980,  880, 1023,  202,   27,  879, 1138,  817, 1085,  617,  890,  117,   49,  576, 1078,  785,  933,  693,  267,  334,  527, 1232,  581,  792,  491,  996, 1042,  584,  554,  431,  931],
        [  669,    0,  221,  842, 1014,  911,  632,  553,  670,    0,  720,  661,  775,  467,  453,  236,  522,  786,  938,   60,  909,  179,  159,  498,  486,  735,  391,  869, 1057,  713,  522,  886,  188,  333,  837,  178,  774,  510,  827,  755,  738,  875,  194,  312,  680,  625,  126,  153,  462,  229,  887,   95,  660,  597,  924,  769,  787,  148,  317,  998,  615,  793,  206,  593,  407,  497,  499,  851,  649,  557, 1082,  670, 1103,  493,  603,  562,  527,  559,  100,  746,  684,  706,  463,  937,  923,  832,  572,  765,  701,  129,  586,  709,  815,  260,  176,  617,  852,  316,  943,  478,  755,   59,  108,  371,  252,  909,  708,  790,  720,  471,  723,  511,  807,  698,  541,  437,  978,  497,  434,  711,  251,  759,  399,  655,  765,  187,  729, 1012,  305,  413,  496,  902,  576,  697, 1070,  826,  761,  815,  805,  385,  600,  717,  308,  617,  564,  972,  115,  718,  341,  172,  834,  317,  251,  533,  450,  666,  776,  870,  312,  804],
        [  252,    0,  717,  602,  401,  424,  101,  258,  866,  720,    0,  547,  282,  439,  472,  487,  793,  731,  307,  773,  553,  785,  825,  358,  389,  305,  490,  202,  509,  552,  249,  293,  666,  473,  268,  654,  642,  705,  338,  316,  288,  400,  617,  542,  758,  211,  845,  730,  475,  698,  468,  662,  675,  837,  229,  203,  932,  817,  492,  311,  243,  252,  626,  505,  360,  799,  462,  154,  141,  173,  441,  599,  456,  796,  477,  484,  196,  476,  805,  323,   96,  652,  464,  490,  418,  421,  463,  145,  753,  846,  439,  308,  468,  747,  573,  457,  456,  407,  226,  318,  665,  737,  754,  799,  470,  231,  369,  243,  148,  284,    4,  771,  235,  381,  212,  700,  504,  294,  794,  270,  802,   40,  491,  680,  452,  732,  164,  386,  441,  561,  305,  187,  664,  883,  485,  308,  109,  239,  386,  463,  750,  886,  438,  432,  157,  297,  614,  666,  760,  619,  449,  427,  528,  376,  532,  312,  392,  529,  555,   85],
        [  300,    0,  494,  183,  531,  362,  553,  317,  351,  661,  547,    0,  332,  219,  219,  554,  345,  191,  509,  719,  276,  822,  654,  706,  236,  809,  747,  520,  502,   54,  608,  445,  489,  348,  810,  492,  126,  261,  333,  826,  297,  336,  469,  350,  224,  339,  759,  556,  785,  474,  299,  567,  138,  352,  586,  738,  393,  808,  358,  617,  690,  375,  731,   75,  614,  368,  800,  687,  621,  538,  608,   53,  631,  368,  875,  857,  460,  116,  687,  828,  607,  105,  211,  347,  382,  937,  846,  687,  212,  738,  123,  799,  215,  489,  496,   94,  971,  468,  658,  643,  129,  713,  757,  458,  541,  552,  202,  381,  416,  371,  549,  328,  775,  185,  582,  311,  392,  636,  406,  769,  550,  563,  753,  145,  173,  532,  691,  545,  419,  823,  648,  686,  174,  361,  543,  843,  480,  781,  268,  715,  250,  358,  418,  848,  505,  582,  624,  120,  440,  490,  960,  416,  663,  209,  824,  780,  235,  241,  349,  600],
        [  106,    0,  688,  332,  243,  160,  340,  226,  681,  775,  282,  332,    0,  345,  374,  578,  651,  490,  189,  834,  272,  892,  832,  580,  306,  585,  680,  190,  290,  315,  462,  125,  655,  452,  543,  649,  393,  560,   64,  597,   42,  129,  615,  502,  555,  163,  896,  727,  688,  666,  188,  693,  469,  673,  255,  483,  722,  904,  472,  290,  501,   45,  754,  323,  533,  667,  688,  388,  405,  371,  318,  383,  340,  665,  728,  726,  323,  315,  837,  603,  370,  427,  362,  218,  163,  702,  708,  424,  542,  885,  269,  584,  192,  703,  601,  266,  738,  478,  330,  523,  426,  810,  842,  716,  560,  220,  130,   52,  136,  316,  282,  630,  512,  148,  424,  584,  242,  505,  686,  548,  766,  280,  683,  476,  188,  716,  445,  247,  471,  759,  518,  370,  490,  692,  296,  587,  182,  515,  106,  648,  574,  689,  468,  689,  335,  255,  693,  439,  685,  627,  731,  459,  661,  263,  742,  582,  119,  249,  511,  303],
        [  253,    0,  346,  386,  586,  456,  409,  182,  441,  467,  439,  219,  345,    0,   34,  336,  354,  393,  530,  527,  442,  616,  496,  506,   51,  646,  533,  496,  605,  263,  422,  468,  319,  137,  677,  316,  344,  268,  383,  665,  304,  421,  285,  165,  357,  246,  578,  391,  575,  324,  423,  376,  289,  403,  561,  600,  526,  610,  151,  618,  516,  376,  515,  145,  406,  360,  593,  592,  469,  370,  661,  249,  684,  357,  676,  653,  292,  104,  512,  665,  470,  301,   25,  473,  471,  774,  645,  560,  362,  562,  120,  631,  349,  359,  293,  153,  807,  251,  614,  445,  340,  514,  554,  378,  323,  535,  249,  377,  352,  186,  442,  332,  641,  236,  404,  262,  516,  442,  361,  608,  422,  468,  539,  289,  298,  376,  550,  591,  201,  607,  453,  612,  245,  461,  628,  698,  415,  647,  347,  501,  325,  469,  200,  654,  344,  585,  414,  316,  345,  302,  794,  198,  445,   82,  611,  605,  316,  403,  171,  513],
        [  285,    0,  319,  393,  615,  481,  439,  215,  414,  453,  472,  219,  374,   34,    0,  337,  322,  383,  561,  512,  458,  607,  472,  525,   83,  672,  543,  528,  630,  267,  445,  498,  296,  130,  707,  295,  342,  238,  411,  692,  333,  446,  266,  144,  336,  279,  560,  368,  588,  298,  444,  360,  273,  373,  594,  630,  502,  597,  141,  650,  542,  407,  513,  145,  422,  328,  608,  625,  498,  397,  691,  243,  714,  325,  694,  670,  320,  108,  492,  691,  500,  292,   13,  494,  496,  800,  662,  590,  344,  543,  135,  657,  367,  330,  281,  165,  833,  259,  647,  465,  334,  501,  543,  346,  326,  567,  274,  408,  385,  212,  474,  300,  670,  260,  429,  230,  538,  463,  328,  635,  393,  500,  550,  272,  316,  351,  580,  621,  203,  616,  473,  645,  222,  435,  655,  727,  448,  677,  372,  513,  298,  443,  202,  674,  373,  617,  407,  306,  313,  284,  819,  202,  448,  113,  622,  630,  339,  418,  148,  546],
        [  473,    0,  315,  719,  807,  727,  398,  353,  686,  236,  487,  554,  578,  336,  337,    0,  551,  717,  725,  287,  758,  315,  364,  289,  331,  515,  233,  647,  867,  598,  290,  678,  254,  211,  608,  237,  678,  500,  636,  535,  546,  692,  212,  246,  648,  419,  359,  291,  296,  305,  718,  199,  600,  623,  698,  538,  794,  335,  209,  775,  388,  588,  183,  480,  184,  537,  327,  616,  414,  322,  870,  580,  891,  533,  430,  394,  297,  439,  328,  528,  449,  628,  344,  765,  736,  623,  396,  530,  662,  364,  449,  490,  658,  359,  140,  484,  648,  101,  712,  254,  670,  250,  272,  456,   19,  686,  538,  584,  503,  263,  490,  533,  577,  532,  307,  445,  801,  270,  493,  487,  390,  526,  242,  598,  611,  308,  495,  802,  136,  294,  272,  668,  532,  712,  872,  602,  537,  585,  628,  211,  587,  727,  137,  429,  331,  751,  127,  642,  415,  197,  630,  139,  112,  374,  312,  449,  605,  720,  256,  571],
        [  584,    0,  302,  494,  870,  706,  759,  535,  149,  522,  793,  345,  651,  354,  322,  551,    0,  343,  837,  564,  611,  700,  436,  807,  404,  983,  783,  827,  847,  390,  748,  773,  341,  373, 1027,  355,  389,   92,  666, 1003,  611,  678,  359,  313,  201,  593,  572,  372,  843,  293,  643,  441,  239,   76,  894,  950,  266,  659,  363,  939,  850,  691,  679,  330,  696,   32,  871,  945,  816,  713,  948,  310,  971,   35,  968,  937,  637,  338,  497, 1001,  821,  306,  330,  690,  726, 1109,  935,  912,  229,  540,  384,  966,  559,  267,  425,  386, 1140,  518,  955,  753,  350,  581,  629,  172,  549,  864,  525,  695,  695,  530,  795,   23,  991,  507,  738,  108,  736,  757,   99,  947,  306,  820,  792,  230,  516,  339,  900,  882,  450,  843,  765,  962,  172,  176,  887, 1044,  760,  997,  607,  759,  118,  197,  452,  957,  691,  904,  548,  308,  187,  382, 1125,  459,  653,  421,  862,  934,  572,  579,  300,  865],
        [  480,    0,  588,  198,  645,  468,  742,  507,  267,  786,  731,  191,  490,  393,  383,  717,  343,    0,  646,  839,  324,  957,  744,  892,  420,  998,  924,  678,  581,  180,  797,  587,  601,  507,  996,  608,   99,  296,  472, 1016,  462,  453,  594,  489,  145,  525,  867,  658,  966,  571,  391,  693,  127,  308,  741,  925,  253,  933,  511,  759,  880,  534,  887,  255,  797,  374,  984,  865,  811,  728,  718,  146,  739,  376, 1062, 1042,  650,  296,  791, 1018,  795,   92,  378,  426,  489, 1126, 1032,  873,  117,  840,  312,  989,  322,  569,  637,  284, 1161,  641,  819,  830,   66,  842,  889,  502,  707,  705,  369,  541,  593,  559,  732,  336,  962,  354,  771,  369,  466,  824,  434,  959,  623,  744,  931,  132,  305,  628,  878,  664,  585,  998,  835,  857,  212,  263,  634, 1030,  656,  967,  402,  893,  226,  248,  584, 1037,  695,  724,  770,   77,  501,  617, 1150,  584,  828,  397, 1003,  970,  376,  306,  484,  778],
        [  280,    0,  870,  463,   95,  195,  400,  388,  859,  938,  307,  509,  189,  530,  561,  725,  837,  646,    0,  997,  361, 1039, 1008,  660,  488,  594,  784,  108,  213,  483,  545,   65,  833,  628,  512,  826,  548,  747,  177,  600,  230,  197,  790,  683,  729,  314, 1062,  905,  776,  848,  270,  862,  645,  857,  127,  474,  889, 1059,  648,  114,  549,  154,  890,  508,  642,  854,  766,  335,  448,  458,  146,  557,  166,  853,  783,  790,  439,  503, 1008,  610,  401,  595,  549,  262,  177,  690,  769,  415,  713, 1055,  457,  602,  325,  887,  769,  451,  724,  629,  211,  614,  585,  968,  995,  904,  707,   96,  313,  154,  224,  469,  305,  817,  490,  331,  506,  772,  251,  592,  874,  563,  949,  281,  785,  652,  345,  896,  452,   81,  635,  858,  604,  286,  674,  868,  179,  565,  207,  490,  245,  753,  756,  862,  632,  738,  429,   80,  847,  606,  872,  800,  722,  622,  794,  449,  833,  613,  276,  357,  693,  274],
        [  729,    0,  263,  900, 1073,  971,  683,  612,  712,   60,  773,  719,  834,  527,  512,  287,  564,  839,  997,    0,  968,  144,  162,  534,  546,  772,  416,  926, 1117,  771,  567,  944,  238,  393,  879,  231,  831,  558,  886,  791,  798,  935,  251,  371,  729,  684,   75,  192,  486,  274,  947,  153,  713,  638,  980,  813,  829,   97,  377, 1055,  656,  852,  221,  651,  449,  538,  524,  901,  696,  608, 1140,  726, 1162,  533,  626,  584,  581,  618,   89,  782,  733,  761,  523,  997,  983,  864,  596,  812,  751,   92,  645,  745,  875,  298,  236,  676,  882,  372,  997,  519,  810,   48,   80,  405,  304,  966,  768,  849,  778,  529,  776,  554,  850,  758,  589,  485, 1038,  539,  472,  750,  276,  812,  424,  707,  824,  225,  774, 1071,  364,  427,  537,  954,  628,  739, 1130,  865,  818,  858,  865,  414,  648,  760,  367,  644,  616, 1029,  161,  772,  379,  230,  864,  376,  284,  593,  468,  702,  836,  929,  370,  857],
        [  333,    0,  762,  127,  335,  167,  606,  430,  579,  909,  553,  276,  272,  442,  458,  758,  611,  324,  361,  968,    0, 1056,  921,  828,  432,  855,  909,  427,  258,  225,  713,  315,  750,  578,  813,  750,  236,  533,  220,  868,  271,  169,  722,  600,  445,  399, 1017,  820,  929,  741,   93,  817,  376,  602,  477,  755,  576, 1052,  593,  472,  765,  306,  941,  328,  762,  636,  934,  651,  673,  625,  403,  301,  423,  637,  986,  978,  564,  354,  947,  874,  640,  311,  446,  107,  186,  973,  962,  695,  422,  998,  324,  854,  102,  761,  735,  293, 1009,  661,  562,  768,  279,  956,  996,  733,  742,  441,  227,  314,  407,  517,  553,  596,  782,  229,  678,  587,  143,  753,  680,  818,  824,  550,  913,  385,  148,  799,  716,  357,  630,  988,  766,  622,  441,  580,  312,  858,  451,  785,  168,  875,  502,  568,  628,  949,  589,  440,  853,  315,  715,  741, 1002,  622,  859,  386,  978,  849,  172,   40,  603,  569],
        [  786,    0,  399,  999, 1121, 1038,  688,  666,  849,  179,  785,  822,  892,  616,  607,  315,  700,  957, 1039,  144, 1056,    0,  303,  492,  625,  727,  354,  958, 1180,  872,  554,  992,  365,  479,  847,  354,  940,  687,  948,  745,  859, 1003,  364,  474,  856,  733,  181,  329,  417,  408, 1023,  266,  832,  775, 1005,  789,  965,   69,  467, 1083,  628,  903,  164,  751,  433,  675,  454,  897,  687,  613, 1184,  836, 1204,  671,  549,  506,  605,  714,  229,  734,  730,  875,  616, 1072, 1048,  803,  522,  798,  877,  213,  735,  700,  958,  437,  327,  768,  816,  415, 1010,  494,  923,  120,   71,  546,  333,  996,  843,  899,  816,  577,  788,  689,  822,  835,  583,  615, 1110,  517,  611,  712,  419,  824,  360,  827,  909,  363,  756, 1116,  429,  340,  512,  956,  750,  875, 1186,  824,  846,  830,  936,  364,  777,  896,  431,  575,  630, 1061,  204,  887,  518,  340,  798,  438,  258,  672,  385,  656,  911, 1016,  477,  865],
        [  730,    0,  161,  836, 1074,  951,  746,  623,  582,  159,  825,  654,  832,  496,  472,  364,  436,  744, 1008,  162,  921,  303,    0,  644,  528,  876,  546,  952, 1101,  708,  653,  950,  178,  381,  971,  183,  753,  450,  876,  897,  792,  916,  218,  332,  620,  697,  140,  105,  617,  181,  915,  167,  620,  507, 1011,  899,  698,  245,  361, 1081,  751,  856,  364,  595,  545,  407,  654,  966,  772,  673, 1147,  650, 1170,  403,  759,  718,  630,  569,   74,  889,  802,  676,  484,  966,  966,  980,  727,  888,  645,  106,  605,  851,  837,  176,  252,  632, 1001,  420, 1042,  616,  725,  201,  241,  267,  377,  992,  744,  856,  800,  554,  828,  431,  939,  731,  666,  377, 1010,  633,  339,  850,  132,  863,  554,  613,  785,  123,  856, 1077,  386,  571,  634, 1011,  533,  608, 1122,  965,  850,  947,  843,  538,  535,  630,  389,  770,  674, 1051,  262,  685,  251,  210,  984,  400,  403,  573,  608,  809,  811,  883,  326,  909],
        [  496,    0,  602,  832,  753,  739,  261,  406,  927,  498,  358,  706,  580,  506,  525,  289,  807,  892,  660,  534,  828,  492,  644,    0,  474,  239,  147,  558,  849,  736,  119,  634,  541,  435,  355,  524,  827,  740,  643,  258,  565,  708,  497,  495,  861,  430,  608,  579,  117,  591,  760,  484,  794,  873,  585,  300, 1024,  543,  444,  667,  141,  568,  331,  638,  113,  799,  109,  428,  225,  210,  798,  747,  813,  795,  170,  153,  265,  597,  597,  249,  275,  801,  525,  796,  739,  336,  141,  320,  868,  622,  584,  212,  728,  645,  427,  617,  359,  290,  564,   63,  834,  488,  486,  737,  282,  589,  605,  560,  456,  336,  360,  787,  331,  607,  157,  700,  821,   76,  765,  220,  679,  392,  144,  795,  693,  597,  275,  740,  357,  207,   63,  494,  745,  951,  834,  334,  453,  339,  667,  130,  816,  962,  356,  151,  245,  654,  385,  817,  695,  484,  342,  349,  251,  498,  175,  169,  657,  794,  509,  421],
        [  210,    0,  383,  389,  549,  428,  361,  132,  487,  486,  389,  236,  306,   51,   83,  331,  404,  420,  488,  546,  432,  625,  528,  474,    0,  602,  512,  449,  576,  274,  383,  428,  350,  153,  629,  345,  361,  317,  349,  621,  266,  392,  312,  197,  397,  197,  601,  423,  549,  361,  402,  397,  324,  451,  514,  553,  568,  624,  171,  573,  474,  334,  513,  165,  379,  410,  565,  542,  423,  326,  623,  274,  645,  407,  643,  623,  247,  124,  538,  621,  422,  328,   75,  452,  441,  731,  613,  511,  400,  587,  121,  588,  334,  399,  310,  156,  764,  238,  565,  412,  363,  529,  566,  426,  316,  489,  223,  335,  304,  144,  392,  382,  593,  213,  362,  312,  493,  407,  410,  564,  462,  418,  518,  326,  284,  411,  503,  552,  199,  589,  418,  563,  289,  507,  595,  652,  366,  599,  320,  480,  370,  513,  197,  619,  298,  541,  422,  344,  391,  326,  751,  192,  436,   48,  589,  564,  291,  392,  206,  463],
        [  536,    0,  818,  894,  686,  728,  258,  493, 1086,  735,  305,  809,  585,  646,  672,  515,  983,  998,  594,  772,  855,  727,  876,  239,  602,    0,  375,  487,  804,  825,  239,  591,  758,  616,  135,  742,  918,  906,  642,   21,  586,  705,  711,  684,  998,  479,  846,  804,  319,  804,  772,  713,  921, 1042,  486,  123, 1170,  780,  630,  560,  135,  556,  568,  752,  332,  981,  286,  279,  189,  277,  709,  857,  719,  977,  236,  265,  356,  715,  833,   20,  216,  912,  669,  795,  722,  129,  241,  180,  999,  860,  689,   28,  766,  858,  646,  715,  163,  488,  434,  261,  935,  727,  724,  940,  504,  503,  657,  548,  449,  461,  305,  962,  128,  665,  246,  879,  808,  246,  957,   40,  899,  318,  369,  924,  744,  818,  144,  666,  549,  411,  243,  347,  890, 1107,  772,   99,  413,  133,  687,  365,  970, 1114,  547,  189,  306,  559,  621,  927,  898,  702,  152,  538,  489,  609,  367,   71,  690,  829,  697,  321],
        [  586,    0,  538,  894,  875,  840,  390,  479,  917,  391,  490,  747,  680,  533,  543,  233,  783,  924,  784,  416,  909,  354,  546,  147,  512,  375,    0,  686,  962,  785,  242,  751,  477,  429,  498,  460,  872,  730,  744,  392,  659,  807,  440,  475,  870,  521,  488,  499,   71,  531,  850,  401,  814,  855,  719,  446, 1022,  410,  432,  801,  288,  676,  200,  675,  149,  770,  109,  573,  366,  326,  925,  781,  942,  766,  213,  172,  358,  632,  489,  381,  415,  833,  547,  891,  843,  452,  181,  466,  882,  507,  631,  347,  807,  583,  368,  665,  468,  285,  705,  173,  871,  369,  358,  685,  236,  719,  682,  669,  569,  394,  493,  765,  476,  681,  280,  677,  920,  197,  725,  362,  604,  527,    9,  814,  766,  523,  421,  864,  347,   80,  187,  638,  753,  942,  952,  472,  577,  484,  756,   34,  814,  956,  347,  228,  356,  786,  287,  848,  645,  422,  450,  344,  146,  546,   81,  304,  741,  873,  486,  560],
        [  245,    0,  822,  511,  201,  269,  298,  332,  868,  869,  202,  520,  190,  496,  528,  647,  827,  678,  108,  926,  427,  958,  952,  558,  449,  487,  686,    0,  318,  504,  446,  116,  780,  576,  409,  771,  581,  736,  213,  493,  223,  259,  735,  636,  743,  258,  994,  850,  675,  802,  334,  798,  657,  855,   68,  368,  911,  982,  596,  129,  444,  145,  804,  504,  548,  841,  664,  235,  342,  361,  240,  572,  256,  839,  677,  685,  353,  490,  945,  503,  294,  616,  517,  339,  256,  586,  664,  308,  731,  990,  445,  495,  368,  844,  706,  448,  620,  555,  142,  515,  615,  895,  919,  874,  629,   41,  318,  139,  152,  401,  200,  806,  385,  336,  407,  751,  339,  492,  852,  456,  905,  174,  687,  664,  374,  845,  345,  185,  570,  759,  504,  196,  673,  879,  286,  461,  112,  386,  281,  657,  758,  877,  567,  631,  335,  104,  772,  628,  839,  743,  617,  556,  707,  416,  732,  506,  303,  415,  647,  167],
        [  395,    0,  949,  384,  131,  150,  594,  514,  831, 1057,  509,  502,  290,  605,  630,  867,  847,  581,  213, 1117,  258, 1180, 1101,  849,  576,  804,  962,  318,    0,  459,  732,  217,  924,  728,  724,  920,  490,  762,  232,  811,  322,  185,  888,  769,  697,  452, 1176,  996,  963,  927,  204,  972,  622,  847,  335,  686,  833, 1190,  747,  290,  750,  287, 1043,  532,  815,  870,  958,  547,  649,  641,  167,  539,  181,  869,  983,  988,  606,  544, 1114,  820,  604,  560,  618,  159,  136,  902,  967,  626,  675, 1163,  502,  811,  288,  957,  882,  482,  936,  766,  414,  798,  533, 1096, 1129,  949,  849,  308,  357,  293,  395,  605,  508,  829,  702,  371,  693,  805,  116,  777,  905,  772, 1020,  488,  964,  630,  333,  981,  661,  156,  756, 1039,  790,  495,  675,  833,   62,  777,  402,  702,  259,  930,  746,  823,  753,  940,  608,  270,  980,  565,  925,  902,  934,  745,  950,  530, 1018,  819,  292,  278,  776,  485],
        [  301,    0,  547,  129,  497,  324,  568,  338,  381,  713,  552,   54,  315,  263,  267,  598,  390,  180,  483,  771,  225,  872,  708,  736,  274,  825,  785,  504,  459,    0,  633,  421,  542,  396,  818,  545,   94,  309,  306,  841,  285,  301,  521,  402,  248,  348,  813,  609,  819,  527,  256,  619,  166,  389,  569,  748,  408,  860,  407,  594,  710,  359,  777,  122,  648,  414,  833,  686,  637,  559,  573,   81,  596,  414,  904,  888,  483,  161,  741,  844,  618,  113,  258,  302,  345,  952,  876,  694,  231,  791,  155,  816,  173,  542,  546,  121,  987,  510,  645,  673,  115,  765,  808,  509,  585,  534,  190,  366,  414,  401,  553,  374,  783,  175,  605,  363,  347,  664,  456,  786,  604,  564,  791,  174,  139,  585,  701,  513,  463,  862,  677,  679,  218,  387,  503,  853,  476,  788,  238,  753,  287,  381,  462,  875,  525,  558,  673,  124,  493,  542,  976,  460,  707,  240,  861,  800,  207,  191,  402,  599],
        [  380,    0,  582,  723,  638,  621,  149,  298,  857,  522,  249,  608,  462,  422,  445,  290,  748,  797,  545,  567,  713,  554,  653,  119,  383,  239,  242,  446,  732,  633,    0,  517,  523,  378,  319,  507,  726,  674,  525,  260,  448,  590,  475,  445,  778,  314,  642,  573,  232,  567,  643,  487,  707,  809,  477,  248,  947,  595,  391,  559,  105,  449,  391,  543,  122,  744,  227,  344,  133,   91,  685,  652,  701,  741,  275,  266,  153,  504,  617,  256,  178,  707,  443,  678,  621,  362,  250,  246,  782,  650,  486,  219,  614,  621,  413,  516,  393,  250,  466,   70,  736,  526,  533,  701,  277,  478,  492,  442,  338,  240,  251,  727,  287,  496,   39,  642,  702,   47,  719,  206,  664,  285,  243,  708,  580,  585,  207,  626,  311,  314,   59,  404,  666,  879,  717,  317,  338,  295,  550,  215,  743,  888,  308,  243,  127,  544,  409,  722,  659,  467,  378,  299,  297,  400,  288,  187,  542,  680,  459,  320],
        [  221,    0,  810,  408,  130,  154,  377,  333,  796,  886,  293,  445,  125,  468,  498,  678,  773,  587,   65,  944,  315,  992,  950,  634,  428,  591,  751,  116,  217,  421,  517,    0,  774,  570,  523,  768,  489,  683,  115,  600,  166,  147,  733,  623,  666,  261, 1008,  847,  749,  788,  222,  807,  582,  792,  163,  477,  828, 1009,  590,  174,  533,   95,  847,  444,  607,  790,  742,  350,  432,  428,  198,  495,  220,  788,  767,  771,  399,  439,  953,  609,  388,  534,  487,  224,  140,  696,  751,  416,  651, 1000,  393,  597,  268,  826,  715,  387,  731,  579,  248,  584,  525,  918,  946,  841,  659,  127,  249,   96,  183,  418,  292,  753,  497,  267,  478,  708,  224,  563,  810,  558,  889,  274,  753,  589,  284,  837,  448,  127,  581,  827,  576,  311,  610,  805,  201,  573,  185,  498,  185,  720,  692,  800,  578,  723,  396,  138,  798,  544,  810,  744,  727,  569,  751,  387,  805,  604,  214,  306,  632,  277],
        [  554,    0,   62,  671,  898,  774,  595,  450,  488,  188,  666,  489,  655,  319,  296,  254,  341,  601,  833,  238,  750,  365,  178,  541,  350,  758,  477,  780,  924,  542,  523,  774,    0,  206,  837,   18,  596,  323,  699,  779,  615,  739,   50,  155,  493,  524,  271,   73,  544,   54,  739,  101,  475,  416,  841,  763,  604,  333,  186,  908,  626,  681,  343,  425,  432,  319,  578,  812,  630,  527,  971,  492,  993,  315,  682,  645,  473,  396,  199,  773,  655,  524,  308,  790,  789,  872,  648,  744,  514,  250,  430,  735,  662,  106,  114,  458,  898,  275,  876,  500,  573,  246,  294,  210,  260,  821,  567,  680,  629,  387,  669,  328,  804,  554,  529,  251,  834,  513,  261,  727,  142,  703,  486,  469,  611,   67,  716,  900,  226,  525,  517,  852,  391,  515,  945,  839,  681,  812,  666,  459,  413,  534,  229,  682,  521,  879,  212,  535,  172,   58,  881,  240,  335,  395,  552,  696,  634,  711,  149,  750],
        [  350,    0,  248,  521,  695,  580,  414,  245,  494,  333,  473,  348,  452,  137,  130,  211,  373,  507,  628,  393,  578,  479,  381,  435,  153,  616,  429,  576,  728,  396,  378,  570,  206,    0,  673,  198,  471,  306,  500,  636,  414,  545,  163,   71,  441,  319,  448,  277,  481,  228,  554,  245,  390,  438,  637,  596,  595,  474,   21,  703,  481,  476,  384,  275,  325,  367,  506,  624,  461,  355,  767,  371,  789,  364,  599,  570,  288,  236,  386,  633,  476,  418,  139,  604,  593,  740,  566,  568,  454,  435,  256,  597,  483,  275,  158,  290,  770,  149,  676,  380,  461,  378,  418,  332,  201,  616,  376,  475,  424,  190,  476,  352,  638,  365,  372,  266,  645,  384,  342,  581,  333,  508,  437,  388,  433,  270,  547,  697,   83,  499,  392,  657,  324,  518,  745,  684,  479,  645,  473,  401,  386,  531,   84,  586,  341,  673,  278,  431,  292,  175,  755,   88,  322,  201,  509,  564,  444,  539,   84,  555],
        [  518,    0,  895,  869,  599,  670,  268,  505, 1115,  837,  268,  810,  543,  677,  707,  608, 1027,  996,  512,  879,  813,  847,  971,  355,  629,  135,  498,  409,  724,  818,  319,  523,  837,  673,    0,  822,  909,  944,  593,  126,  554,  652,  789,  743, 1015,  472,  954,  890,  448,  879,  724,  805,  934, 1079,  393,   78, 1189,  896,  690,  459,  223,  508,  685,  763,  431, 1028,  417,  178,  213,  319,  611,  862,  618, 1025,  370,  399,  390,  731,  933,  139,  208,  915,  701,  739,  660,  183,  375,  124, 1013,  965,  698,  160,  733,  933,  729,  719,  215,  563,  327,  361,  931,  835,  837, 1004,  595,  417,  637,  499,  414,  498,  267, 1005,   37,  649,  309,  926,  745,  341, 1013,  137,  979,  264,  494,  938,  719,  901,  128,  577,  618,  541,  343,  239,  915, 1134,  685,   56,  362,   30,  648,  484,  998, 1139,  615,  323,  336,  465,  723,  930,  963,  783,  215,  604,  599,  626,  499,  199,  657,  791,  757,  247],
        [  548,    0,   79,  674,  892,  771,  582,  441,  502,  178,  654,  492,  649,  316,  295,  237,  355,  608,  826,  231,  750,  354,  183,  524,  345,  742,  460,  771,  920,  545,  507,  768,   18,  198,  822,    0,  601,  334,  694,  763,  610,  736,   37,  152,  503,  516,  268,   80,  527,   71,  737,   88,  482,  430,  832,  748,  617,  325,  178,  900,  610,  674,  327,  426,  415,  334,  560,  799,  616,  513,  964,  496,  987,  329,  664,  627,  460,  397,  198,  757,  641,  530,  307,  788,  785,  856,  631,  730,  524,  249,  429,  719,  661,  123,   97,  458,  881,  260,  866,  484,  579,  236,  284,  227,  243,  812,  564,  673,  620,  376,  657,  342,  789,  551,  514,  263,  831,  497,  277,  712,  158,  691,  469,  477,  610,   80,  702,  894,  213,  508,  500,  840,  399,  528,  940,  823,  671,  797,  662,  442,  424,  547,  216,  665,  508,  870,  196,  541,  189,   41,  864,  227,  318,  391,  534,  680,  631,  711,  148,  738],
        [  391,    0,  593,  111,  548,  372,  660,  431,  344,  774,  642,  126,  393,  344,  342,  678,  389,   99,  548,  831,  236,  940,  753,  827,  361,  918,  872,  581,  490,   94,  726,  489,  596,  471,  909,  601,    0,  323,  374,  934,  368,  355,  581,  466,  210,  440,  866,  659,  909,  574,  296,  680,  150,  370,  643,  839,  347,  922,  479,  661,  804,  437,  854,  199,  738,  417,  923,  772,  729,  652,  622,  105,  644,  418,  996,  979,  576,  241,  792,  937,  711,   83,  335,  333,  393, 1045,  967,  785,  186,  842,  244,  910,  224,  581,  614,  211, 1080,  593,  722,  765,   44,  828,  873,  531,  665,  607,  275,  445,  501,  492,  643,  377,  874,  262,  698,  388,  375,  757,  469,  879,  640,  653,  878,  159,  207,  632,  793,  567,  543,  948,  769,  762,  229,  344,  541,  945,  562,  879,  304,  840,  274,  333,  542,  968,  618,  626,  744,   82,  522,  603, 1069,  541,  788,  330,  949,  893,  278,  213,  464,  685],
        [  493,    0,  298,  423,  782,  620,  676,  447,  188,  510,  705,  261,  560,  268,  238,  500,   92,  296,  747,  558,  533,  687,  450,  740,  317,  906,  730,  736,  762,  309,  674,  683,  323,  306,  944,  334,  323,    0,  577,  926,  520,  591,  328,  256,  172,  503,  578,  370,  785,  285,  559,  421,  176,  136,  803,  867,  294,  654,  300,  848,  773,  600,  645,  240,  631,  109,  811,  857,  735,  632,  860,  233,  883,  108,  905,  876,  556,  247,  502,  924,  737,  240,  244,  608,  639, 1033,  872,  827,  195,  549,  293,  889,  475,  275,  387,  296, 1065,  454,  865,  684,  288,  568,  616,  210,  495,  773,  435,  604,  604,  448,  708,   71,  907,  417,  661,   75,  653,  686,  148,  869,  327,  732,  738,  169,  430,  339,  817,  793,  387,  794,  695,  873,   95,  213,  801,  963,  670,  914,  519,  703,   91,  227,  388,  891,  609,  814,  517,  245,  205,  353, 1050,  394,  608,  331,  810,  860,  484,  499,  245,  776],
