{
    "name": "random-17-14113",
    "comment": "size=17 seed=14113",
    "nodes": ["+0", "-0", "+1", "-1", "+2", "-2", "+3", "-3", "+4", "-4", "+5", "-5", "+6", "-6", "+7", "-7", "+8", "-8", "+9", "-9", "+10", "-10", "+11", "-11", "+12", "-12", "+13", "-13", "+14", "-14", "+15", "-15", "+16", "-16", "+17", "-17"],
    "precedence": {
        "+0": "-0",
        "+1": "-1",
        "+2": "-2",
        "+3": "-3",
        "+4": "-4",
        "+5": "-5",
        "+6": "-6",
        "+7": "-7",
        "+8": "-8",
        "+9": "-9",
        "+10": "-10",
        "+11": "-11",
        "+12": "-12",
        "+13": "-13",
        "+14": "-14",
        "+15": "-15",
        "+16": "-16",
        "+17": "-17"
    },
    "edges": [
        [    0,    0,  780,  724,  238,  174,  354,  544,  198,  330,  576,  682,  264,  615,  502,  768,  178,  441,  195,  612,  718,  266,  311,  283,  180,  336,  667,  263,  830,  201,  346, 1012,  518,  644,  250,  798],
        [    0,    0,  780,  724,  238,  174,  354,  544,  198,  330,  576,  682,  264,  615,  502,  768,  178,  441,  195,  612,  718,  266,  311,  283,  180,  336,  667,  263,  830,  201,  346, 1012,  518,  644,  250,  798],
        [  780,  780,    0,  624,  788,  871,  733,  252,  731, 1053,  226,  841,  520,  997,  688,  301,  946,  466,  833,  569,  173,  779,  824,  539,  680,  520,  772,  753,  504,  712,  618,  416,  439,  805,  807,   49],
        [  724,  724,  624,    0,  545,  893,  411,  477,  542, 1051,  633,  260,  620,  487,  254,  869,  799,  330,  894,  116,  452,  914,  971,  478,  545,  740,  193,  501,  200,  532,  379,  486,  821,  243,  550,  672],
        [  238,  238,  788,  545,    0,  406,  137,  537,   70,  528,  628,  455,  359,  381,  298,  863,  256,  348,  432,  446,  679,  498,  546,  255,  131,  483,  450,   46,  690,   86,  197,  920,  656,  420,   21,  819],
        [  174,  174,  871,  893,  406,    0,  527,  658,  371,  183,  652,  855,  360,  774,  675,  800,  240,  596,   60,  779,  838,  164,  182,  433,  351,  367,  840,  434,  988,  375,  516, 1148,  530,  817,  415,  881],
        [  354,  354,  733,  411,  137,  527,    0,  488,  157,  662,  606,  329,  392,  313,  162,  854,  392,  269,  546,  317,  603,  598,  650,  247,  193,  528,  316,   96,  566,  157,  117,  812,  682,  291,  140,  770],
        [  544,  544,  252,  477,  537,  658,  488,    0,  480,  840,  157,  644,  299,  768,  466,  403,  704,  228,  628,  388,  182,  596,  648,  289,  430,  349,  582,  502,  439,  461,  371,  505,  363,  604,  556,  284],
        [  198,  198,  731,  542,   70,  371,  157,  480,    0,  512,  563,  485,  290,  439,  308,  795,  264,  307,  390,  435,  630,  446,  497,  193,   62,  415,  470,   69,  671,   20,  170,  886,  587,  447,   90,  759],
        [  330,  330, 1053, 1051,  528,  183,  662,  840,  512,    0,  831,  982,  542,  864,  819,  965,  294,  768,  222,  940, 1021,  302,  286,  607,  507,  542,  977,  566, 1158,  520,  672, 1329,  692,  948,  532, 1061],
        [  576,  576,  226,  633,  628,  652,  606,  157,  563,  831,    0,  796,  312,  903,  610,  253,  749,  368,  610,  544,  270,  554,  598,  375,  506,  295,  735,  601,  582,  545,  491,  593,  235,  755,  648,  230],
        [  682,  682,  841,  260,  455,  855,  329,  644,  485,  982,  796,    0,  678,  241,  205, 1046,  698,  433,  874,  273,  674,  922,  975,  520,  517,  813,   71,  422,  459,  484,  376,  745,  938,   44,  450,  887],
        [  264,  264,  520,  620,  359,  360,  392,  299,  290,  542,  312,  678,    0,  704,  473,  516,  439,  291,  331,  506,  480,  312,  367,  159,  229,  137,  637,  347,  667,  275,  305,  795,  297,  635,  379,  535],
        [  615,  615,  997,  487,  381,  774,  313,  768,  439,  864,  903,  241,  704,    0,  310, 1155,  571,  541,  808,  461,  844,  879,  926,  558,  492,  839,  298,  371,  685,  447,  417,  968,  995,  246,  367, 1039],
        [  502,  502,  688,  254,  298,  675,  162,  466,  308,  819,  610,  205,  473,  310,    0,  862,  553,  242,  687,  175,  535,  727,  781,  315,  327,  608,  170,  256,  425,  302,  174,  689,  737,  162,  301,  730],
        [  768,  768,  301,  869,  863,  800,  854,  403,  795,  965,  253, 1046,  516, 1155,  862,    0,  945,  621,  747,  789,  446,  665,  694,  615,  735,  439,  984,  840,  785,  778,  741,  714,  273, 1006,  883,  261],
        [  178,  178,  946,  799,  256,  240,  392,  704,  264,  294,  749,  698,  439,  571,  553,  945,    0,  564,  292,  696,  870,  391,  419,  423,  288,  512,  701,  299,  935,  279,  434, 1144,  693,  667,  254,  967],
        [  441,  441,  466,  330,  348,  596,  269,  228,  307,  768,  368,  433,  291,  541,  242,  621,  564,    0,  586,  217,  336,  593,  649,  163,  277,  411,  378,  306,  392,  289,  158,  581,  511,  391,  364,  504],
        [  195,  195,  833,  894,  432,   60,  546,  628,  390,  222,  610,  874,  331,  808,  687,  747,  292,  586,    0,  779,  809,  104,  128,  424,  361,  321,  854,  456,  978,  390,  522, 1125,  476,  835,  443,  840],
        [  612,  612,  569,  116,  446,  779,  317,  388,  435,  940,  544,  273,  506,  461,  175,  789,  696,  217,  779,    0,  402,  799,  855,  362,  433,  627,  204,  400,  251,  424,  268,  516,  718,  240,  453,  615],
        [  718,  718,  173,  452,  679,  838,  603,  182,  630, 1021,  270,  674,  480,  844,  535,  446,  870,  336,  809,  402,    0,  776,  827,  448,  587,  525,  605,  639,  340,  611,  493,  329,  504,  641,  696,  221],
        [  266,  266,  779,  914,  498,  164,  598,  596,  446,  302,  554,  922,  312,  879,  727,  665,  391,  593,  104,  799,  776,    0,   57,  437,  406,  260,  896,  515,  977,  443,  556, 1100,  393,  881,  512,  781],
        [  311,  311,  824,  971,  546,  182,  650,  648,  497,  286,  598,  975,  367,  926,  781,  694,  419,  649,  128,  855,  827,   57,    0,  493,  459,  306,  950,  565, 1033,  494,  611, 1152,  423,  935,  559,  823],
        [  283,  283,  539,  478,  255,  433,  247,  289,  193,  607,  375,  520,  159,  558,  315,  615,  423,  163,  424,  362,  448,  437,  493,    0,  142,  294,  479,  227,  555,  174,  148,  730,  437,  477,  274,  567],
        [  180,  180,  680,  545,  131,  351,  193,  430,   62,  507,  506,  517,  229,  492,  327,  735,  288,  277,  361,  433,  587,  406,  459,  142,    0,  355,  494,  123,  657,   47,  166,  857,  525,  477,  151,  707],
        [  336,  336,  520,  740,  483,  367,  528,  349,  415,  542,  295,  813,  137,  839,  608,  439,  512,  411,  321,  627,  525,  260,  306,  294,  355,    0,  770,  476,  763,  401,  441,  852,  183,  770,  503,  523],
        [  667,  667,  772,  193,  450,  840,  316,  582,  470,  977,  735,   71,  637,  298,  170,  984,  701,  378,  854,  204,  605,  896,  950,  479,  494,  770,    0,  412,  392,  467,  342,  678,  887,   53,  448,  819],
        [  263,  263,  753,  501,   46,  434,   96,  502,   69,  566,  601,  422,  347,  371,  256,  840,  299,  306,  456,  400,  639,  515,  565,  227,  123,  476,  412,    0,  644,   77,  152,  875,  643,  385,   58,  785],
        [  830,  830,  504,  200,  690,  988,  566,  439,  671, 1158,  582,  459,  667,  685,  425,  785,  935,  392,  978,  251,  340,  977, 1033,  555,  657,  763,  392,  644,    0,  657,  501,  288,  801,  442,  699,  553],
        [  201,  201,  712,  532,   86,  375,  157,  461,   20,  520,  545,  484,  275,  447,  302,  778,  279,  289,  390,  424,  611,  443,  494,  174,   47,  401,  467,   77,  657,    0,  157,  869,  572,  445,  106,  740],
        [  346,  346,  618,  379,  197,  516,  117,  371,  170,  672,  491,  376,  305,  417,  174,  741,  434,  158,  522,  268,  493,  556,  611,  148,  166,  441,  342,  152,  501,  157,    0,  724,  582,  334,  210,  653],
        [ 1012, 1012,  416,  486,  920, 1148,  812,  505,  886, 1329,  593,  745,  795,  968,  689,  714, 1144,  581, 1125,  516,  329, 1100, 1152,  730,  857,  852,  678,  875,  288,  869,  724,    0,  827,  727,  933,  453],
        [  518,  518,  439,  821,  656,  530,  682,  363,  587,  692,  235,  938,  297,  995,  737,  273,  693,  511,  476,  718,  504,  393,  423,  437,  525,  183,  887,  643,  801,  572,  582,  827,    0,  895,  676,  426],
        [  644,  644,  805,  243,  420,  817,  291,  604,  447,  948,  755,   44,  635,  246,  162, 1006,  667,  391,  835,  240,  641,  881,  935,  477,  477,  770,   53,  385,  442,  445,  334,  727,  895,    0,  416,  851],
        [  250,  250,  807,  550,   21,  415,  140,  556,   90,  532,  648,  450,  379,  367,  301,  883,  254,  364,  443,  453,  696,  512,  559,  274,  151,  503,  448,   58,  699,  106,  210,  933,  676,  416,    0,  838],
        [  798,  798,   49,  672,  819,  881,  770,  284,  759, 1061,  230,  887,  535, 1039,  730,  261,  967,  504,  840,  615,  221,  781,  823,  567,  707,  523,  819,  785,  553,  740,  653,  453,  426,  851,  838,    0]
    ]
}
