{
    "name": "random-89-10652",
    "comment": "size=89 seed=10652",
    "nodes": ["+0", "-0", "+1", "-1", "+2", "-2", "+3", "-3", "+4", "-4", "+5", "-5", "+6", "-6", "+7", "-7", "+8", "-8", "+9", "-9", "+10", "-10", "+11", "-11", "+12", "-12", "+13", "-13", "+14", "-14", "+15", "-15", "+16", "-16", "+17", "-17", "+18", "-18", "+19", "-19", "+20", "-20", "+21", "-21", "+22", "-22", "+23", "-23", "+24", "-24", "+25", "-25", "+26", "-26", "+27", "-27", "+28", "-28", "+29", "-29", "+30", "-30", "+31", "-31", "+32", "-32", "+33", "-33", "+34", "-34", "+35", "-35", "+36", "-36", "+37", "-37", "+38", "-38", "+39", "-39", "+40", "-40", "+41", "-41", "+42", "-42", "+43", "-43", "+44", "-44", "+45", "-45", "+46", "-46", "+47", "-47", "+48", "-48", "+49", "-49", "+50", "-50", "+51", "-51", "+52", "-52", "+53", "-53", "+54", "-54", "+55", "-55", "+56", "-56", "+57", "-57", "+58", "-58", "+59", "-59", "+60", "-60", "+61", "-61", "+62", "-62", "+63", "-63", "+64", "-64", "+65", "-65", "+66", "-66", "+67", "-67", "+68", "-68", "+69", "-69", "+70", "-70", "+71", "-71", "+72", "-72", "+73", "-73", "+74", "-74", "+75", "-75", "+76", "-76", "+77", "-77", "+78", "-78", "+79", "-79", "+80", "-80", "+81", "-81", "+82", "-82", "+83", "-83", "+84", "-84", "+85", "-85", "+86", "-86", "+87", "-87", "+88", "-88", "+89", "-89"],
    "precedence": {
        "+0": "-0",
        "+1": "-1",
        "+2": "-2",
        "+3": "-3",
        "+4": "-4",
        "+5": "-5",
        "+6": "-6",
        "+7": "-7",
        "+8": "-8",
        "+9": "-9",
        "+10": "-10",
        "+11": "-11",
        "+12": "-12",
        "+13": "-13",
        "+14": "-14",
        "+15": "-15",
        "+16": "-16",
        "+17": "-17",
        "+18": "-18",
        "+19": "-19",
        "+20": "-20",
        "+21": "-21",
        "+22": "-22",
        "+23": "-23",
        "+24": "-24",
        "+25": "-25",
        "+26": "-26",
        "+27": "-27",
        "+28": "-28",
        "+29": "-29",
        "+30": "-30",
        "+31": "-31",
        "+32": "-32",
        "+33": "-33",
        "+34": "-34",
        "+35": "-35",
        "+36": "-36",
        "+37": "-37",
        "+38": "-38",
        "+39": "-39",
        "+40": "-40",
        "+41": "-41",
        "+42": "-42",
        "+43": "-43",
        "+44": "-44",
        "+45": "-45",
        "+46": "-46",
        "+47": "-47",
        "+48": "-48",
        "+49": "-49",
        "+50": "-50",
        "+51": "-51",
        "+52": "-52",
        "+53": "-53",
        "+54": "-54",
        "+55": "-55",
        "+56": "-56",
        "+57": "-57",
        "+58": "-58",
        "+59": "-59",
        "+60": "-60",
        "+61": "-61",
        "+62": "-62",
        "+63": "-63",
        "+64": "-64",
        "+65": "-65",
        "+66": "-66",
        "+67": "-67",
        "+68": "-68",
        "+69": "-69",
        "+70": "-70",
        "+71": "-71",
        "+72": "-72",
        "+73": "-73",
        "+74": "-74",
        "+75": "-75",
        "+76": "-76",
        "+77": "-77",
        "+78": "-78",
        "+79": "-79",
        "+80": "-80",
        "+81": "-81",
        "+82": "-82",
        "+83": "-83",
        "+84": "-84",
        "+85": "-85",
        "+86": "-86",
        "+87": "-87",
        "+88": "-88",
        "+89": "-89"
    },
    "edges": [
        [    0,    0,  594,  390,  610,  892,  614,  386,  908,  567,  550,  476,  774,   30,   77, 1036,  626,  486,  913,  619,  267,  375,  527,  538,  587,  389,  866,  555,  104,  485,  653,  763,  980,  920,  481,  701,  878,  987,  282,  712,  419,  923, 1010, 1008,  466,  237,   40,  629,  239,  885,  999,  892,   72,  867,  902,  880,  920,  553,  865,  364,  700,  899,  345,  427, 1041,  374,  814,  822,  115,   25,  620,  727, 1168,  242,  336,  360,  509,  701,  773,  217,  869,  763,  737,  879,  136,  368,  811,  699,  816, 1074,   77,  697,  807,  770,  586,  622,  632,  350,  879,  236,  758,  116,  675,  617,  752,  323,  272,  426,  572, 1026,  131,  632,  444,  587,  566,  356,  447,  710,  336,  891,  533,  237,  603,  216,  867,  787,  355,  867,  420, 1141,  853,  466,  386, 1056,  789, 1007,  125,  841,  807,  343,  494,  365,  460,  629,  186,  978,  119,  577,  857,  486,  829,  601,  795,  903,  553,   47,  867,  344,  513,   62,  894,  372,  689,  683,  616,  831,  510,  662,  623,  533,  584,  864,  758,  208,  682,  170,  313,  215,  796,  619],
        [    0,    0,    0,    0,    0,    0,    0,    0,    0,    0,    0,    0,    0,    0,    0,    0,    0,    0,    0,    0,    0,    0,    0,    0,    0,    0,    0,    0,    0,    0,    0,    0,    0,    0,    0,    0,    0,    0,    0,    0,    0,    0,    0,    0,    0,    0,    0,    0,    0,    0,    0,    0,    0,    0,    0,    0,    0,    0,    0,    0,    0,    0,    0,    0,    0,    0,    0,    0,    0,    0,    0,    0,    0,    0,    0,    0,    0,    0,    0,    0,    0,    0,    0,    0,    0,    0,    0,    0,    0,    0,    0,    0,    0,    0,    0,    0,    0,    0,    0,    0,    0,    0,    0,    0,    0,    0,    0,    0,    0,    0,    0,    0,    0,    0,    0,    0,    0,    0,    0,    0,    0,    0,    0,    0,    0,    0,    0,    0,    0,    0,    0,    0,    0,    0,    0,    0,    0,    0,    0,    0,    0,    0,    0,    0,    0,    0,    0,    0,    0,    0,    0,    0,    0,    0,    0,    0,    0,    0,    0,    0,    0,    0,    0,    0,    0,    0,    0,    0,    0,    0,    0,    0,    0,    0,    0,    0,    0,    0,    0,    0],
        [  594,    0,    0,  469,  228,  299,  515,  258,  331,  353,  329,  408,  203,  617,  635,  447,  260,  265,  330,  310,  421,  359,  426,  112,   48,  295,  519,  555,  612,  631,  479,  671,  387,  574,  460,  287,  328,  522,  448,  490,  255,  364,  536,  504,  554,  578,  632,  407,  502,  346,  418,  348,  537,  462,  334,  680,  328,  442,  776,  416,  213,  671,  309,  494,  495,  309,  316,  366,  537,  615,  429,  447,  592,  367,  412,  366,  281,  545,  260,  402,  725,  256,  153,  730,  579,  243,  428,  586,  315,  492,  526,  169,  610,  178,   64,   96,   42,  467,  585,  397,  165,  563,  477,   94,  209,  604,  335,  587,  101,  449,  707,  426,  153,  311,   52,  373,  186,  201,  369,  341,  223,  420,   94,  463,  303,  450,  251,  599,  324,  585,  315,  305,  226,  463,  637,  447,  718,  756,  342,  536,  445,  259,  587,   93,  678,  421,  521,  186,  325,  358,  490,  669,  414,  327,  215,  641,  274,  251,  272,  616,  376,  457,  616,  185,  621,  605,  181,  173,  454,  421,   89,  358,  167,  489,  397,  712,  415,  525,  670,  577],
        [  390,    0,  469,    0,  337,  712,  795,  447,  790,  673,  646,  110,  669,  418,  367,  885,  656,  219,  783,  299,  476,  527,  151,  362,  495,  180,  936,  778,  480,  769,  800,  967,  810,  995,  676,  403,  796,  983,  513,  840,  484,  829,  998,  971,  718,  564,  423,  265,  517,  621,  869,  816,  393,  901,  666, 1037,  735,  715, 1079,   61,  664, 1042,  188,  657,  962,  484,  778,  818,  437,  395,  751,  824, 1043,  371,  533,  519,  220,  864,  723,  392, 1055,  718,  555, 1063,  487,  267,  470,  885,  537,  939,  323,  472,  960,  626,  505,  549,  508,   40,  983,  205,  611,  461,  296,  429,  521,  642,  247,  706,  518,  903,  515,  263,  348,  661,  420,  520,  287,  660,  124,  637,  276,  180,  415,  180,  770,  857,  272,  985,  541, 1048,  783,  567,  403,  880,  964,  911,  487, 1055,  795,  619,  111,  416,  730,  550,  569,  886,  425,  334,  593,  149,  902,  864,  456,  786,  296,  422,  689,  320,  583,  448,  843,  593,  895,  442,  851,  970,  518,  425,  244,  159,  403,  579,  619,  480,  328,  559,  101,  514,  986,  831],
        [  610,    0,  228,  337,    0,  385,  721,  401,  485,  563,  537,  240,  387,  638,  625,  561,  485,  131,  473,   83,  533,  512,  235,  140,  274,  224,  746,  746,  664,  796,  694,  885,  482,  801,  643,   95,  512,  732,  568,  712,  418,  536,  742,  701,  724,  679,  650,  184,  607,  289,  554,  534,  575,  686,  330,  905,  405,  643,  993,  306,  437,  898,  266,  659,  668,  457,  529,  586,  595,  626,  643,  673,  724,  442,  552,  514,  119,  762,  473,  479,  947,  472,  239,  953,  645,  259,  230,  799,  210,  620,  534,  143,  834,  324,  290,  324,  252,  353,  813,  376,  310,  623,  252,  142,  186,  728,  345,  742,  323,  590,  739,  203,  236,  528,  185,  519,  183,  422,  292,  302,   78,  383,  136,  418,  480,  678,  275,  826,  494,  741,  509,  491,  351,  549,  857,  610,  732,  972,  561,  674,  268,  385,  751,  319,  745,  590,  578,   51,  261,  191,  718,  855,  214,  483,   58,  654,  364,  315,  474,  652,  575,  608,  825,  109,  816,  831,  381,   96,  236,  228,  140,  257,  322,  582,  169,  762,  333,  621,  889,  778],
        [  892,    0,  299,  712,  385,    0,  704,  545,  149,  554,  539,  623,  178,  916,  931,  177,  427,  494,  125,  453,  710,  631,  619,  369,  315,  560,  563,  772,  910,  876,  645,  824,   98,  601,  696,  362,  222,  454,  733,  628,  531,  213,  452,  392,  798,  866,  931,  547,  790,  208,  181,  240,  836,  478,  135,  775,   29,  651,  910,  670,  311,  752,  586,  746,  321,  589,  308,  378,  835,  914,  606,  566,  342,  665,  689,  642,  495,  700,  277,  700,  842,  286,  162,  844,  875,  533,  440,  750,  264,  238,  823,  243,  725,  132,  321,  301,  264,  721,  647,  686,  140,  861,  600,  291,  203,  881,  629,  842,  349,  218, 1006,  566,  449,  502,  329,  649,  463,  287,  638,  182,  436,  706,  306,  747,  186,  529,  544,  674,  588,  372,  243,  555,  521,  170,  769,  259, 1016,  896,  358,  808,  652,  552,  834,  291,  974,  249,  819,  379,  214,  572,  551,  884,  434,  152,  417,  939,   26,  549,  506,  915,  297,  723,  789,  276,  824,  704,  438,  290,  602,  611,  322,  268,  146,  782,  502, 1009,  684,  816,  807,  773],
        [  614,    0,  515,  795,  721,  704,    0,  353,  615,  162,  187,  798,  526,  616,  690,  750,  279,  687,  636,  791,  357,  272,  840,  581,  468,  641,  312,   96,  545,  233,   74,  173,  743,  351,  134,  796,  540,  498,  334,  131,  321,  585,  524,  558,  182,  410,  630,  872,  377,  839,  691,  539,  546,  361,  802,  267,  728,   81,  285,  736,  393,  287,  613,  192,  642,  311,  435,  389,  500,  636,   99,  185,  806,  439,  286,  282,  716,   89,  439,  435,  264,  428,  632,  273,  497,  544,  939,   91,  825,  750,  600,  681,  195,  586,  453,  441,  516,  768,  289,  605,  585,  506,  943,  606,  714,  352,  549,  245,  415,  698,  643,  888,  501,  209,  543,  283,  573,  418,  672,  826,  680,  637,  602,  665,  557,  258,  533,  268,  255,  740,  508,  238,  402,  804,  177,  643,  688,  262,  393,  291,  836,  382,  213,  450,  543,  617,  496,  671,  823,  765,  282,  188,  924,  608,  684,  643,  685,  480,  247,  584,  502,  243,  105,  699,  122,  222,  341,  686,  905,  839,  590,  864,  573,  407,  883,  602,  698,  405,  193,   70],
        [  386,    0,  258,  447,  401,  545,  353,    0,  533,  228,  202,  446,  401,  403,  446,  668,  246,  342,  541,  459,  166,  111,  488,  269,  232,  289,  511,  355,  377,  396,  353,  525,  622,  569,  250,  489,  495,  607,  191,  395,   40,  541,  628,  623,  324,  322,  419,  529,  246,  600,  624,  508,  319,  496,  592,  590,  574,  272,  637,  387,  315,  597,  262,  259,  656,   56,  428,  439,  303,  410,  305,  386,  788,  146,  157,  114,  371,  418,  388,  171,  609,  378,  410,  617,  337,  192,  630,  441,  557,  698,  335,  412,  513,  415,  224,  250,  285,  423,  546,  275,  405,  326,  600,  324,  461,  347,  210,  343,  199,  649,  479,  544,  166,  226,  257,  121,  231,  326,  324,  596,  345,  307,  314,  343,  487,  430,  181,  544,  100,  757,  469,  120,   53,  697,  518,  624,  501,  614,  423,  282,  484,   32,  350,  259,  432,  595,  288,  352,  577,  414,  475,  459,  614,  527,  354,  430,  520,  128,  145,  392,  509,  209,  456,  416,  428,  524,  125,  397,  559,  488,  297,  603,  401,  238,  550,  472,  354,  272,  541,  398],
        [  908,    0,  331,  790,  485,  149,  615,  533,    0,  481,  472,  713,  135,  929,  957,  140,  355,  574,   26,  562,  693,  599,  718,  429,  324,  622,  430,  694,  909,  811,  550,  715,  133,  463,  633,  484,   84,  306,  709,  521,  510,   65,  304,  244,  736,  843,  945,  662,  770,  355,   91,   97,  846,  343,  283,  648,  156,  575,  792,  741,  239,  623,  639,  692,  185,  567,  187,  251,  835,  931,  518,  457,  262,  670,  658,  612,  581,  596,  179,  701,  720,  190,  247,  720,  869,  573,  578,  648,  404,  166,  845,  347,  605,  165,  324,  287,  290,  792,  516,  727,  180,  859,  720,  363,  323,  843,  663,  787,  337,  119, 1011,  681,  481,  430,  375,  619,  515,  219,  698,  330,  521,  751,  375,  793,   59,  408,  580,  544,  551,  259,  113,  510,  523,  189,  654,  126, 1029,  780,  236,  767,  746,  548,  773,  280,  962,  107,  820,  466,  359,  661,  423,  801,  571,    8,  504,  954,  151,  572,  457,  922,  154,  681,  690,  383,  737,  581,  412,  391,  716,  711,  387,  413,  171,  769,  624, 1005,  744,  798,  693,  684],
        [  567,    0,  353,  673,  563,  554,  162,  228,  481,    0,   28,  662,  378,  576,  637,  620,  128,  541,  499,  636,  301,  193,  699,  424,  307,  507,  299,  219,  523,  331,  133,  323,  602,  354,  154,  636,  414,  438,  295,  168,  190,  462,  463,  478,  256,  412,  592,  721,  354,  679,  564,  418,  496,  307,  645,  365,  580,   98,  431,  613,  247,  370,  486,  219,  543,  206,  316,  291,  461,  591,   82,  163,  699,  350,  237,  207,  568,  201,  304,  359,  392,  292,  472,  398,  475,  410,  779,  236,  663,  630,  534,  519,  288,  431,  291,  279,  354,  650,  322,  500,  429,  475,  793,  445,  553,  386,  437,  311,  253,  577,  628,  738,  354,   53,  383,  212,  427,  270,  550,  667,  528,  533,  441,  566,  424,  220,  403,  317,  151,  645,  382,  111,  270,  668,  300,  531,  664,  410,  285,  310,  701,  259,  293,  289,  546,  502,  452,  514,  662,  624,  263,  332,  764,  474,  530,  605,  533,  353,   94,  553,  393,  229,  264,  538,  275,  297,  183,  524,  758,  698,  430,  702,  417,  371,  728,  601,  582,  386,  328,  228],
        [  550,    0,  329,  646,  537,  539,  187,  202,  472,   28,    0,  635,  364,  560,  619,  612,  118,  513,  489,  609,  286,  176,  672,  398,  283,  480,  318,  236,  510,  340,  161,  349,  590,  374,  161,  610,  408,  447,  283,  194,  164,  456,  472,  483,  264,  405,  576,  694,  343,  658,  557,  414,  479,  320,  626,  392,  565,  116,  458,  586,  235,  396,  459,  222,  543,  183,  313,  294,  446,  574,  110,  186,  697,  329,  225,  191,  541,  229,  297,  340,  419,  285,  451,  426,  462,  383,  753,  263,  640,  624,  514,  496,  316,  414,  267,  258,  331,  624,  345,  476,  411,  461,  766,  420,  530,  383,  412,  316,  229,  571,  615,  711,  326,   46,  357,  196,  400,  258,  523,  646,  501,  508,  416,  542,  416,  238,  376,  342,  131,  646,  377,   88,  243,  658,  327,  529,  649,  437,  287,  307,  674,  234,  301,  268,  537,  499,  436,  488,  641,  597,  281,  350,  738,  465,  503,  589,  518,  327,   66,  538,  392,  224,  289,  513,  296,  324,  156,  500,  731,  670,  405,  680,  400,  358,  701,  590,  556,  374,  355,  250],
        [  476,    0,  408,  110,  240,  623,  798,  446,  713,  662,  635,    0,  600,  505,  463,  798,  624,  144,  703,  192,  512,  541,   53,  297,  441,  158,  904,  795,  557,  805,  793,  971,  720,  962,  690,  297,  728,  929,  550,  827,  479,  757,  943,  910,  746,  622,  512,  159,  565,  518,  787,  749,  467,  859,  567, 1025,  645,  718, 1083,  113,  614, 1026,  192,  682,  891,  492,  723,  769,  505,  484,  743,  803,  959,  405,  558,  536,  132,  860,  667,  433, 1052,  663,  470, 1059,  556,  255,  361,  886,  432,  855,  403,  381,  950,  548,  453,  496,  444,  140,  958,  259,  534,  530,  200,  351,  426,  693,  276,  743,  473,  823,  605,  159,  314,  642,  356,  539,  243,  607,  153,  534,  193,  245,  339,  261,  699,  827,  266,  964,  545,  971,  719,  563,  397,  788,  960,  837,  582, 1060,  745,  660,   40,  418,  763,  496,  645,  813,  491,  248,  490,   52,  871,  890,  347,  710,  209,  512,  601,  320,  569,  531,  781,  620,  902,  348,  869,  955,  492,  334,  148,   58,  331,  472,  543,  531,  220,  643,  163,  568,  985,  842],
        [  774,    0,  203,  669,  387,  178,  526,  401,  135,  378,  364,  600,    0,  795,  823,  267,  251,  458,  141,  468,  563,  473,  611,  307,  191,  497,  409,  596,  776,  703,  468,  649,  229,  454,  523,  407,  128,  349,  581,  453,  380,  162,  357,  314,  626,  715,  810,  570,  641,  342,  225,  150,  712,  331,  288,  610,  203,  475,  739,  618,  133,  591,  510,  577,  294,  437,  157,  226,  702,  797,  429,  393,  396,  536,  532,  485,  469,  523,  110,  567,  673,  117,  166,  676,  737,  442,  525,  573,  363,  300,  711,  262,  555,   79,  189,  153,  162,  668,  490,  594,   88,  726,  634,  252,  259,  720,  529,  673,  204,  253,  878,  589,  349,  326,  250,  493,  388,  109,  572,  323,  409,  619,  262,  661,  101,  363,  448,  513,  426,  383,  123,  389,  389,  301,  597,  245,  895,  723,  202,  646,  635,  415,  663,  145,  832,  219,  687,  359,  335,  549,  391,  707,  514,  129,  395,  820,  160,  438,  338,  788,  189,  560,  612,  297,  646,  537,  282,  298,  622,  605,  270,  387,   73,  638,  542,  873,  617,  669,  634,  595],
        [   30,    0,  617,  418,  638,  916,  616,  403,  929,  576,  560,  505,  795,    0,   86, 1058,  641,  515,  934,  647,  275,  385,  556,  564,  609,  417,  875,  553,   87,  477,  658,  761, 1003,  928,  484,  730,  896, 1000,  287,  717,  435,  942, 1023, 1024,  463,  228,   17,  658,  239,  912, 1020,  911,   85,  879,  928,  882,  944,  558,  861,  393,  718,  902,  373,  427, 1059,  388,  831,  836,  117,   30,  627,  735, 1187,  260,  343,  370,  538,  703,  791,  233,  868,  781,  762,  878,  126,  394,  840,  699,  844, 1095,  106,  723,  810,  793,  607,  643,  655,  378,  885,  264,  781,  112,  704,  643,  779,  313,  298,  419,  592, 1046,  102,  661,  468,  599,  591,  365,  474,  728,  365,  917,  561,  266,  628,  245,  886,  796,  381,  872,  431, 1159,  871,  477,  406, 1079,  789, 1026,  101,  837,  822,  338,  522,  383,  454,  650,  162,  997,  125,  604,  884,  515,  838,  593,  824,  923,  581,   29,  890,  367,  526,   41,  911,  374,  688,  710,  612,  834,  527,  689,  652,  562,  610,  891,  780,  211,  711,  142,  342,  213,  796,  618],
        [   77,    0,  635,  367,  625,  931,  690,  446,  957,  637,  619,  463,  823,   86,    0, 1081,  690,  497,  960,  623,  340,  445,  513,  568,  633,  402,  936,  631,  173,  561,  728,  839, 1021,  991,  557,  713,  931, 1051,  357,  785,  481,  975, 1073, 1069,  543,  312,   79,  621,  316,  907, 1047,  947,  145,  934,  930,  956,  958,  627,  942,  352,  757,  974,  361,  503, 1096,  440,  873,  884,  191,   58,  693,  798, 1217,  301,  410,  431,  516,  776,  829,  281,  945,  820,  772,  955,  210,  399,  812,  775,  834, 1122,  113,  724,  883,  812,  634,  672,  674,  329,  952,  252,  800,  193,  661,  648,  779,  398,  302,  502,  623, 1075,  156,  622,  483,  655,  603,  427,  475,  765,  338,  915,  548,  242,  634,  210,  918,  856,  387,  941,  488, 1195,  908,  533,  440, 1097,  865, 1060,  120,  918,  868,  419,  476,  422,  536,  678,  243, 1031,  194,  597,  879,  481,  899,  677,  798,  952,  569,   70,  905,  386,  578,  127,  952,  448,  766,  706,  693,  906,  568,  685,  609,  520,  615,  881,  801,  284,  678,  211,  306,  292,  873,  696],
        [ 1036,    0,  447,  885,  561,  177,  750,  668,  140,  620,  612,  798,  267, 1058, 1081,    0,  495,  666,  127,  629,  829,  738,  795,  533,  449,  727,  537,  831, 1042,  950,  682,  840,   84,  560,  772,  537,  210,  376,  846,  650,  646,  168,  365,  298,  875,  981, 1073,  723,  907,  358,   62,  214,  976,  450,  281,  759,  160,  713,  910,  841,  379,  730,  749,  831,  197,  703,  316,  372,  968, 1059,  653,  585,  166,  800,  796,  750,  669,  725,  317,  833,  834,  328,  331,  834, 1004,  689,  603,  777,  430,   66,  971,  419,  724,  270,  451,  418,  407,  892,  622,  844,  284,  992,  774,  458,  380,  982,  782,  926,  469,   77, 1143,  741,  600,  569,  486,  757,  624,  358,  804,  331,  609,  865,  472,  907,  196,  529,  698,  654,  690,  211,  243,  650,  654,   68,  775,  145, 1158,  899,  362,  907,  828,  681,  912,  410, 1098,  157,  952,  552,  372,  747,  538,  937,  599,  147,  591, 1083,  198,  696,  597, 1053,  261,  820,  820,  452,  871,  696,  549,  466,  778,  787,  487,  422,  281,  905,  676, 1139,  850,  935,  814,  818],
        [  626,    0,  260,  656,  485,  427,  279,  246,  355,  128,  118,  624,  251,  641,  690,  495,    0,  490,  372,  564,  374,  267,  655,  353,  213,  479,  281,  346,  600,  457,  228,  419,  474,  340,  278,  546,  292,  362,  380,  231,  210,  340,  384,  385,  381,  509,  657,  657,  442,  563,  440,  299,  557,  252,  523,  420,  453,  225,  520,  596,  119,  413,  469,  338,  433,  253,  201,  196,  531,  651,  183,  188,  583,  390,  323,  282,  514,  291,  180,  410,  466,  168,  357,  471,  555,  390,  686,  337,  556,  508,  580,  418,  351,  307,  197,  172,  250,  640,  335,  512,  307,  550,  729,  353,  444,  496,  443,  433,  163,  455,  706,  675,  312,   76,  301,  288,  382,  143,  536,  549,  465,  543,  353,  581,  299,  204,  387,  344,  217,  536,  261,  171,  268,  541,  379,  415,  735,  501,  183,  419,  664,  274,  418,  180,  638,  385,  519,  439,  548,  581,  248,  457,  672,  348,  462,  668,  408,  348,  118,  623,  282,  334,  372,  441,  397,  346,  140,  431,  700,  651,  346,  592,  294,  450,  654,  687,  575,  472,  414,  348],
        [  486,    0,  265,  219,  131,  494,  687,  342,  574,  541,  513,  144,  458,  515,  497,  666,  490,    0,  566,  137,  444,  447,  165,  154,  299,   98,  767,  696,  547,  726,  674,  858,  591,  824,  591,  217,  585,  786,  482,  702,  368,  616,  800,  767,  659,  579,  525,  189,  511,  419,  651,  607,  456,  719,  455,  900,  517,  607,  969,  179,  473,  898,  143,  594,  750,  394,  580,  627,  482,  501,  623,  673,  825,  344,  476,  445,   31,  741,  524,  378,  932,  520,  336,  938,  533,  162,  330,  772,  340,  721,  410,  255,  825,  409,  312,  354,  301,  229,  825,  251,  395,  510,  259,  211,  306,  637,  230,  668,  334,  686,  616,  203,  188,  516,  214,  450,  115,  464,  162,  431,   59,  255,  199,  289,  557,  692,  178,  833,  441,  832,  576,  450,  290,  662,  840,  697,  606,  947,  603,  591,  181,  318,  682,  353,  632,  673,  466,  117,  390,   94,  735,  799,  314,  571,   80,  529,  470,  229,  448,  531,  638,  537,  792,  228,  769,  828,  363,  209,  219,  162,  189,  387,  403,  482,  218,  643,  203,  521,  868,  737],
        [  913,    0,  330,  783,  473,  125,  636,  541,   26,  499,  489,  703,  141,  934,  960,  127,  372,  566,    0,  548,  703,  611,  707,  424,  327,  618,  455,  713,  917,  829,  571,  739,  109,  488,  650,  467,  109,  331,  720,  544,  520,   89,  328,  268,  752,  854,  949,  647,  780,  332,   88,  123,  851,  369,  259,  673,  131,  593,  817,  735,  254,  648,  636,  707,  202,  576,  210,  276,  842,  935,  538,  480,  263,  676,  670,  623,  572,  618,  198,  707,  745,  209,  235,  745,  877,  573,  558,  670,  384,  163,  849,  333,  630,  158,  327,  293,  289,  786,  541,  726,  172,  866,  705,  355,  306,  856,  663,  803,  344,  121, 1018,  666,  482,  447,  372,  631,  512,  233,  694,  306,  512,  750,  368,  792,   80,  432,  580,  569,  563,  269,  137,  524,  529,  170,  678,  141, 1034,  804,  260,  781,  736,  555,  790,  285,  972,  126,  827,  456,  337,  652,  448,  821,  551,   32,  494,  959,  130,  574,  471,  928,  180,  694,  712,  369,  757,  605,  422,  378,  702,  699,  380,  391,  166,  778,  608, 1013,  740,  808,  716,  705],
        [  619,    0,  310,  299,   83,  453,  791,  459,  562,  636,  609,  192,  468,  647,  623,  629,  564,  137,  548,    0,  576,  568,  172,  214,  354,  233,  828,  810,  683,  851,  768,  958,  548,  883,  706,  106,  593,  814,  613,  789,  480,  615,  824,  782,  782,  714,  657,  102,  646,  327,  627,  615,  592,  769,  380,  983,  471,  712, 1067,  281,  519,  977,  279,  716,  746,  514,  612,  669,  618,  632,  717,  751,  794,  478,  603,  568,  111,  836,  555,  514, 1023,  555,  316, 1029,  670,  294,  194,  872,  241,  690,  542,  216,  911,  403,  370,  405,  334,  323,  894,  384,  389,  646,  169,  224,  250,  771,  366,  795,  401,  663,  749,  121,  295,  603,  264,  573,  230,  505,  286,  345,  114,  384,  219,  413,  559,  759,  310,  906,  555,  816,  591,  557,  408,  612,  932,  687,  736, 1046,  644,  721,  211,  439,  806,  401,  768,  668,  602,  126,  300,  152,  799,  917,  178,  561,  108,  660,  434,  358,  545,  666,  656,  662,  895,  180,  882,  909,  454,  173,  155,  164,  221,  281,  402,  617,   93,  778,  319,  657,  963,  846],
        [  267,    0,  421,  476,  533,  710,  357,  166,  693,  301,  286,  512,  563,  275,  340,  829,  374,  444,  703,  576,    0,  111,  561,  414,  397,  364,  600,  315,  227,  295,  389,  518,  786,  654,  224,  625,  649,  730,   39,  446,  184,  696,  753,  758,  244,  158,  291,  628,   81,  758,  784,  660,  196,  605,  754,  621,  739,  290,  626,  423,  465,  638,  323,  186,  803,  128,  571,  569,  161,  291,  354,  461,  943,  107,   72,   96,  474,  441,  538,   86,  619,  527,  573,  628,  181,  283,  761,  445,  709,  857,  244,  567,  547,  580,  390,  414,  450,  442,  613,  273,  571,  177,  693,  479,  618,  196,  236,  232,  364,  806,  332,  639,  305,  326,  414,   90,  351,  480,  364,  756,  465,  301,  467,  320,  644,  521,  267,  602,  159,  906,  620,  206,  198,  861,  533,  777,  364,  602,  557,  149,  544,  163,  255,  423,  270,  747,  151,  486,  733,  494,  563,  390,  744,  687,  479,  304,  685,  219,  257,  253,  653,  122,  443,  567,  385,  568,  281,  547,  646,  563,  449,  756,  566,   77,  661,  315,  376,  106,  546,  375],
        [  375,    0,  359,  527,  512,  631,  272,  111,  599,  193,  176,  541,  473,  385,  445,  738,  267,  447,  611,  568,  111,    0,  586,  379,  326,  385,  491,  255,  336,  285,  292,  442,  701,  546,  151,  600,  549,  620,  113,  345,  105,  597,  644,  650,  214,  245,  401,  635,  175,  704,  689,  559,  304,  495,  690,  529,  660,  196,  553,  469,  366,  541,  351,  149,  699,   56,  467,  461,  271,  399,  252,  354,  843,  169,   59,   15,  477,  349,  437,  171,  535,  426,  507,  544,  289,  290,  741,  362,  665,  761,  344,  519,  452,  500,  315,  331,  381,  498,  509,  334,  493,  287,  704,  432,  565,  250,  280,  233,  283,  709,  441,  649,  277,  216,  364,   22,  339,  382,  406,  699,  455,  366,  422,  394,  548,  412,  277,  500,   51,  802,  520,   97,  162,  774,  446,  676,  474,  530,  449,  179,  577,  130,  240,  341,  371,  646,  260,  462,  681,  513,  455,  353,  725,  593,  464,  413,  607,  223,  150,  363,  548,   99,  369,  525,  328,  470,  194,  506,  661,  587,  406,  710,  486,  184,  658,  421,  429,  206,  464,  305],
        [  527,    0,  426,  151,  235,  619,  840,  488,  718,  699,  672,   53,  611,  556,  513,  795,  655,  165,  707,  172,  561,  586,    0,  315,  463,  202,  932,  840,  609,  853,  831, 1012,  716,  989,  734,  277,  738,  947,  599,  863,  519,  765,  959,  924,  793,  674,  562,  116,  616,  498,  788,  760,  519,  884,  552, 1061,  639,  759, 1124,  164,  636, 1061,  239,  728,  898,  536,  741,  791,  557,  535,  781,  836,  958,  455,  606,  582,  145,  899,  684,  483, 1090,  681,  472, 1097,  608,  298,  322,  927,  411,  854,  455,  377,  986,  554,  476,  518,  460,  186,  989,  311,  540,  582,  149,  360,  418,  744,  326,  792,  499,  825,  655,  112,  348,  677,  375,  585,  275,  626,  204,  516,  204,  297,  350,  312,  708,  857,  310,  996,  588,  975,  732,  603,  438,  781,  998,  843,  632, 1101,  766,  709,   44,  461,  811,  516,  698,  821,  543,  253,  471,   76,  900,  937,  310,  716,  217,  563,  598,  364,  606,  582,  796,  667,  943,  343,  913,  990,  525,  331,   97,   10,  344,  448,  551,  582,  180,  695,  215,  619, 1025,  886],
        [  538,    0,  112,  362,  140,  369,  581,  269,  429,  424,  398,  297,  307,  564,  568,  533,  353,  154,  424,  214,  414,  379,  315,    0,  149,  195,  623,  607,  574,  663,  556,  746,  464,  679,  505,  222,  435,  633,  447,  576,  281,  468,  647,  614,  589,  566,  577,  305,  492,  352,  511,  455,  491,  570,  365,  770,  395,  503,  855,  312,  322,  765,  218,  525,  601,  324,  427,  476,  500,  557,  505,  539,  686,  336,  423,  382,  170,  624,  371,  373,  810,  367,  208,  816,  547,  171,  365,  660,  296,  583,  465,  161,  698,  267,  163,  204,  148,  363,  685,  320,  252,  528,  377,   80,  216,  607,  268,  611,  191,  544,  660,  323,  110,  390,   61,  388,   95,  312,  272,  355,  115,  338,   66,  379,  408,  551,  184,  696,  357,  686,  424,  352,  222,  538,  720,  549,  663,  834,  452,  547,  334,  256,  617,  202,  649,  525,  484,   91,  326,  247,  593,  717,  349,  425,  110,  584,  344,  206,  334,  570,  486,  477,  685,  154,  677,  697,  242,  134,  349,  310,   48,  343,  259,  471,  305,  674,  318,  510,  750,  639],
        [  587,    0,   48,  495,  274,  315,  468,  232,  324,  307,  283,  441,  191,  609,  633,  449,  213,  299,  327,  354,  397,  326,  463,  149,    0,  317,  475,  512,  598,  592,  431,  624,  396,  531,  419,  334,  309,  490,  421,  442,  222,  349,  504,  477,  515,  554,  625,  451,  477,  384,  414,  328,  528,  422,  365,  632,  343,  397,  729,  440,  174,  624,  325,  456,  478,  278,  284,  329,  522,  610,  382,  400,  586,  353,  381,  334,  318,  498,  229,  387,  678,  224,  183,  683,  562,  253,  475,  539,  359,  489,  522,  213,  563,  186,   17,   56,   56,  489,  540,  404,  175,  548,  522,  141,  250,  574,  339,  550,   54,  443,  696,  469,  160,  264,   91,  341,  209,  167,  389,  376,  263,  430,  141,  472,  289,  405,  259,  553,  288,  571,  292,  264,  208,  472,  590,  434,  710,  709,  305,  504,  479,  238,  548,   56,  660,  406,  507,  230,  364,  393,  446,  626,  461,  319,  256,  634,  289,  248,  229,  606,  349,  422,  569,  232,  576,  558,  140,  220,  496,  458,  134,  400,  173,  468,  443,  696,  434,  502,  623,  532],
        [  389,    0,  295,  180,  224,  560,  641,  289,  622,  507,  480,  158,  497,  417,  402,  727,  479,   98,  618,  233,  364,  385,  202,  195,  317,    0,  760,  638,  451,  654,  637,  814,  656,  818,  533,  313,  622,  804,  402,  673,  322,  658,  820,  794,  592,  489,  428,  266,  426,  508,  705,  642,  360,  722,  538,  871,  586,  560,  926,  123,  486,  874,   47,  527,  790,  335,  600,  639,  387,  404,  588,  653,  880,  259,  405,  380,  123,  704,  546,  291,  895,  540,  399,  903,  439,   98,  426,  729,  433,  778,  312,  332,  795,  461,  326,  371,  335,  172,  810,  154,  447,  415,  329,  270,  386,  553,  137,  593,  339,  738,  519,  276,  169,  490,  248,  383,  110,  482,   78,  518,  147,  160,  256,  196,  598,  682,  109,  813,  388,  878,  608,  406,  240,  730,  804,  741,  509,  903,  616,  513,  196,  260,  611,  373,  536,  715,  371,  198,  480,  131,  726,  735,  410,  618,  168,  432,  536,  163,  415,  434,  666,  467,  744,  310,  712,  802,  342,  290,  282,  203,  240,  480,  453,  394,  307,  546,  124,  433,  828,  685],
        [  866,    0,  519,  936,  746,  563,  312,  511,  430,  299,  318,  904,  409,  875,  936,  537,  281,  767,  455,  828,  600,  491,  932,  623,  475,  760,    0,  407,  818,  545,  243,  325,  561,   59,  414,  792,  347,  202,  591,  182,  473,  376,  227,  276,  490,  697,  890,  925,  647,  749,  476,  334,  795,   88,  690,  222,  579,  333,  376,  877,  312,  194,  749,  483,  379,  501,  256,  186,  759,  890,  255,  142,  543,  646,  533,  506,  790,  242,  299,  657,  299,  294,  566,  297,  769,  670,  923,  288,  769,  515,  832,  651,  197,  487,  461,  423,  496,  920,   86,  785,  494,  772,  996,  606,  661,  653,  718,  554,  434,  469,  922,  944,  593,  287,  566,  511,  662,  330,  816,  729,  737,  817,  610,  853,  380,   82,  667,  117,  449,  463,  322,  405,  543,  602,  253,  403,  960,  369,  208,  584,  943,  542,  524,  428,  833,  383,  750,  704,  744,  859,   37,  480,  911,  424,  731,  903,  554,  625,  368,  850,  279,  514,  332,  681,  411,  164,  419,  676,  971,  928,  607,  795,  479,  668,  914,  890,  854,  678,  290,  363],
        [  555,    0,  555,  778,  746,  772,   96,  355,  694,  219,  236,  795,  596,  553,  631,  831,  346,  696,  713,  810,  315,  255,  840,  607,  512,  638,  407,    0,  477,  138,  168,  208,  818,  445,  106,  827,  622,  593,  284,  226,  331,  668,  619,  651,   96,  336,  567,  884,  316,  892,  773,  623,  490,  456,  861,  338,  798,  122,  313,  721,  464,  364,  605,  130,  732,  305,  519,  478,  441,  576,  180,  279,  895,  410,  249,  260,  725,  175,  516,  399,  316,  505,  685,  326,  430,  543,  970,  152,  870,  835,  551,  723,  274,  649,  497,  493,  563,  748,  380,  580,  646,  442,  954,  643,  762,  268,  531,  156,  459,  782,  569,  898,  516,  271,  577,  259,  585,  488,  659,  881,  697,  611,  637,  633,  636,  352,  530,  356,  256,  831,  589,  256,  407,  882,  242,  730,  617,  289,  480,  217,  831,  380,  122,  502,  464,  703,  439,  696,  874,  766,  378,  115,  955,  687,  703,  580,  752,  476,  284,  519,  589,  193,  136,  738,   74,  306,  375,  722,  913,  840,  623,  911,  635,  350,  902,  524,  679,  341,  244,   66],
        [  104,    0,  612,  480,  664,  910,  545,  377,  909,  523,  510,  557,  776,   87,  173, 1042,  600,  547,  917,  683,  227,  336,  609,  574,  598,  451,  818,  477,    0,  393,  593,  684,  993,  869,  416,  757,  870,  955,  228,  653,  403,  917,  979,  985,  385,  145,   96,  704,  172,  925, 1000,  882,   92,  829,  935,  810,  939,  493,  782,  447,  688,  832,  405,  354, 1027,  350,  796,  795,   76,  115,  566,  677, 1164,  246,  286,  321,  573,  634,  761,  211,  792,  750,  761,  802,   50,  409,  876,  626,  863, 1074,  157,  734,  740,  783,  593,  625,  647,  440,  822,  303,  772,   51,  756,  650,  789,  228,  320,  337,  574, 1025,  106,  710,  470,  551,  592,  315,  489,  701,  410,  928,  587,  313,  636,  301,  863,  741,  394,  807,  385, 1129,  843,  432,  391, 1069,  716,  999,  144,  758,  783,  261,  579,  362,  373,  633,   89,  969,   92,  625,  898,  560,  782,  511,  860,  903,  606,  108,  884,  369,  484,   47,  878,  308,  612,  725,  533,  766,  499,  703,  704,  615,  617,  911,  770,  152,  753,  101,  395,  142,  720,  542],
        [  485,    0,  631,  769,  796,  876,  233,  396,  811,  331,  340,  805,  703,  477,  561,  950,  457,  726,  829,  851,  295,  285,  853,  663,  592,  654,  545,  138,  393,    0,  305,  311,  930,  582,  181,  884,  744,  729,  257,  363,  383,  791,  755,  785,   78,  250,  488,  913,  261,  976,  894,  746,  429,  592,  954,  458,  903,  240,  396,  717,  575,  488,  614,  139,  862,  340,  643,  608,  376,  503,  311,  415, 1024,  401,  250,  283,  756,  310,  634,  378,  421,  622,  773,  431,  351,  565, 1025,  279,  944,  959,  499,  797,  402,  748,  579,  584,  647,  735,  515,  565,  744,  369,  980,  711,  840,  166,  530,   64,  543,  906,  472,  926,  561,  382,  643,  278,  622,  598,  658,  968,  738,  592,  703,  607,  754,  489,  551,  490,  309,  963,  711,  329,  446,  998,  362,  857,  524,  374,  607,  153,  838,  413,   46,  594,  360,  829,  379,  747,  955,  784,  515,  119, 1009,  804,  748,  501,  854,  498,  372,  438,  717,  190,  249,  805,  158,  437,  453,  788,  935,  855,  687,  988,  734,  299,  940,  420,  670,  276,  354,  190],
        [  653,    0,  479,  800,  694,  645,   74,  353,  550,  133,  161,  793,  468,  658,  728,  682,  228,  674,  571,  768,  389,  292,  831,  556,  431,  637,  243,  168,  593,  305,    0,  193,  678,  286,  178,  764,  472,  425,  372,   63,  317,  516,  451,  485,  248,  464,  673,  854,  422,  790,  622,  470,  583,  288,  749,  239,  669,  101,  300,  740,  336,  250,  614,  246,  569,  321,  367,  318,  542,  677,   52,  112,  734,  459,  319,  304,  701,   69,  374,  461,  259,  364,  585,  266,  544,  540,  906,  109,  783,  680,  632,  642,  162,  532,  415,  397,  475,  775,  230,  619,  532,  550,  926,  572,  671,  413,  559,  311,  378,  628,  694,  871,  487,  168,  512,  307,  560,  360,  676,  776,  661,  652,  569,  682,  492,  185,  532,  215,  263,  667,  440,  233,  399,  738,  167,  572,  736,  279,  323,  347,  832,  384,  282,  406,  598,  546,  535,  645,  776,  756,  211,  259,  892,  543,  662,  686,  628,  480,  226,  629,  431,  286,  145,  663,  191,  180,  315,  651,  891,  830,  559,  819,  519,  448,  860,  657,  706,  452,  196,  138],
        [  763,    0,  671,  967,  885,  824,  173,  525,  715,  323,  349,  971,  649,  761,  839,  840,  419,  858,  739,  958,  518,  442, 1012,  746,  624,  814,  325,  208,  684,  311,  193,    0,  847,  337,  296,  957,  634,  526,  490,  197,  493,  673,  551,  600,  300,  541,  774, 1041,  524,  979,  778,  627,  697,  403,  935,  157,  846,  254,  113,  908,  520,  194,  786,  337,  699,  483,  529,  468,  649,  784,  243,  260,  865,  607,  449,  451,  886,  128,  548,  600,  111,  539,  775,  121,  637,  716, 1099,   87,  974,  828,  757,  835,  131,  718,  608,  589,  667,  939,  260,  775,  719,  649, 1113,  764,  863,  467,  721,  352,  571,  778,  773, 1058,  671,  361,  704,  451,  744,  545,  844,  964,  849,  806,  762,  832,  659,  312,  706,  226,  427,  788,  603,  409,  575,  900,   74,  716,  822,   90,  481,  424, 1009,  555,  316,  598,  664,  693,  646,  836,  966,  937,  311,  204, 1084,  709,  851,  787,  809,  653,  413,  726,  580,  397,   75,  856,  154,  168,  505,  844, 1076, 1011,  751, 1010,  706,  558, 1050,  725,  869,  549,   47,  144],
        [  980,    0,  387,  810,  482,   98,  743,  622,  133,  602,  590,  720,  229, 1003, 1021,   84,  474,  591,  109,  548,  786,  701,  716,  464,  396,  656,  561,  818,  993,  930,  678,  847,    0,  591,  750,  454,  216,  421,  806,  653,  605,  187,  414,  349,  853,  941, 1018,  641,  866,  276,  110,  227,  922,  474,  200,  781,   78,  697,  925,  768,  356,  754,  681,  805,  260,  662,  319,  384,  918, 1002,  645,  589,  249,  749,  759,  712,  592,  727,  305,  782,  853,  316,  258,  853,  956,  626,  520,  778,  347,  149,  912,  340,  738,  211,  400,  373,  349,  818,  647,  779,  223,  943,  691,  387,  299,  949,  720,  901,  423,  142, 1091,  659,  539,  550,  421,  720,  557,  333,  734,  250,  534,  800,  401,  841,  189,  541,  635,  676,  655,  291,  245,  618,  603,   77,  786,  200, 1103,  912,  368,  874,  749,  632,  890,  364, 1053,  201,  902,  476,  290,  670,  556,  927,  516,  140,  514, 1027,  121,  637,  566, 1000,  283,  788,  820,  373,  864,  713,  508,  387,  696,  708,  417,  341,  224,  860,  593, 1091,  780,  892,  825,  812],
