{
    "name": "random-66-4619",
    "comment": "size=66 seed=4619",
    "nodes": ["+0", "-0", "+1", "-1", "+2", "-2", "+3", "-3", "+4", "-4", "+5", "-5", "+6", "-6", "+7", "-7", "+8", "-8", "+9", "-9", "+10", "-10", "+11", "-11", "+12", "-12", "+13", "-13", "+14", "-14", "+15", "-15", "+16", "-16", "+17", "-17", "+18", "-18", "+19", "-19", "+20", "-20", "+21", "-21", "+22", "-22", "+23", "-23", "+24", "-24", "+25", "-25", "+26", "-26", "+27", "-27", "+28", "-28", "+29", "-29", "+30", "-30", "+31", "-31", "+32", "-32", "+33", "-33", "+34", "-34", "+35", "-35", "+36", "-36", "+37", "-37", "+38", "-38", "+39", "-39", "+40", "-40", "+41", "-41", "+42", "-42", "+43", "-43", "+44", "-44", "+45", "-45", "+46", "-46", "+47", "-47", "+48", "-48", "+49", "-49", "+50", "-50", "+51", "-51", "+52", "-52", "+53", "-53", "+54", "-54", "+55", "-55", "+56", "-56", "+57", "-57", "+58", "-58", "+59", "-59", "+60", "-60", "+61", "-61", "+62", "-62", "+63", "-63", "+64", "-64", "+65", "-65", "+66", "-66"],
    "precedence": {
        "+0": "-0",
        "+1": "-1",
        "+2": "-2",
        "+3": "-3",
        "+4": "-4",
        "+5": "-5",
        "+6": "-6",
        "+7": "-7",
        "+8": "-8",
        "+9": "-9",
        "+10": "-10",
        "+11": "-11",
        "+12": "-12",
        "+13": "-13",
        "+14": "-14",
        "+15": "-15",
        "+16": "-16",
        "+17": "-17",
        "+18": "-18",
        "+19": "-19",
        "+20": "-20",
        "+21": "-21",
        "+22": "-22",
        "+23": "-23",
        "+24": "-24",
        "+25": "-25",
        "+26": "-26",
        "+27": "-27",
        "+28": "-28",
        "+29": "-29",
        "+30": "-30",
        "+31": "-31",
        "+32": "-32",
        "+33": "-33",
        "+34": "-34",
        "+35": "-35",
        "+36": "-36",
        "+37": "-37",
        "+38": "-38",
        "+39": "-39",
        "+40": "-40",
        "+41": "-41",
        "+42": "-42",
        "+43": "-43",
        "+44": "-44",
        "+45": "-45",
        "+46": "-46",
        "+47": "-47",
        "+48": "-48",
        "+49": "-49",
        "+50": "-50",
        "+51": "-51",
        "+52": "-52",
        "+53": "-53",
        "+54": "-54",
        "+55": "-55",
        "+56": "-56",
        "+57": "-57",
        "+58": "-58",
        "+59": "-59",
        "+60": "-60",
        "+61": "-61",
        "+62": "-62",
        "+63": "-63",
        "+64": "-64",
        "+65": "-65",
        "+66": "-66"
    },
    "edges": [
        [    0,    0,  507,  330,  406,  581,  326,  471,  273,  281,  400,  629,  370,  494,  317,  658,  292,  645,  157,  547,  516,  451,  142,  414,  126,  295,  332,  552,  619,  221,  407,  449,  223,   88,  352,   88,  306,  489,  406,  333,  242,  425,  475,  406,  243,  125,  322,  376,  432,  425,  500,  466,  157,  249,  408,  570,  383,  316,  525,  159,  334,  305,  268,  442,  578,  460,  241,  439,  486,  266,  457,  393,  266,  201,  423,  448,  596,  490,  195,  182,  600,  533,  326,  387,  264,  265,  264,  447,  366,  178,  584,  409,  507,  539,  210,  367,  314,  391,  471,  264,  252,  289,  363,  251,  281,  231,  481,  478,  201,  700,  641,  286,  558,  455,  306,  137,  504,  163,  371,  500,  487,  309,  353,  442,  483,  397,  660,  251,  608,  223,  517,  113,  218,  670],
        [    0,    0,    0,    0,    0,    0,    0,    0,    0,    0,    0,    0,    0,    0,    0,    0,    0,    0,    0,    0,    0,    0,    0,    0,    0,    0,    0,    0,    0,    0,    0,    0,    0,    0,    0,    0,    0,    0,    0,    0,    0,    0,    0,    0,    0,    0,    0,    0,    0,    0,    0,    0,    0,    0,    0,    0,    0,    0,    0,    0,    0,    0,    0,    0,    0,    0,    0,    0,    0,    0,    0,    0,    0,    0,    0,    0,    0,    0,    0,    0,    0,    0,    0,    0,    0,    0,    0,    0,    0,    0,    0,    0,    0,    0,    0,    0,    0,    0,    0,    0,    0,    0,    0,    0,    0,    0,    0,    0,    0,    0,    0,    0,    0,    0,    0,    0,    0,    0,    0,    0,    0,    0,    0,    0,    0,    0,    0,    0,    0,    0,    0,    0,    0,    0],
        [  507,    0,    0,  309,  832,  871,  337,  920,  753,  781,  119,  228,  170,  910,  211,  604,  787,  748,  418,  461,  697,  254,  378,  897,  464,  257,  798,  521, 1086,  330,  858,  664,  394,  589,  338,  587,  679,  847,  115,  713,  729,   90,  803,  403,  573,  504,  822,  303,  920,  854,  880,  268,  470,  746,  157,  792,  345,  774,  377,  486,  203,  226,  240,  110,  838,  637,  691,  791,  889,  639,  113,  558,  319,  327,  268,  391,  706,  674,  347,  609, 1078, 1019,  544,  442,  327,  576,  673,  500,  832,  492,  490,  372,   58,  460,  397,  236,  787,  157,   39,  640,  268,  628,  334,  534,  616,  412,  985,   33,  499,  689, 1065,  442, 1027,  846,  390,  426,  992,  536,  245,  184,  992,  341,  422,  183,  277,  124,  620,  325,  764,  289,  407,  497,  388, 1086],
        [  330,    0,  309,    0,  731,  866,   28,  800,  602,  600,  273,  327,  296,  617,  271,  771,  616,  844,  179,  628,  746,  128,  279,  741,  226,  305,  533,  667,  948,  308,  736,  690,  121,  416,  429,  417,  610,  543,  278,  642,  570,  276,  770,  510,  283,  259,  639,  420,  665,  567,  579,  140,  397,  516,  154,  823,  456,  507,  564,  412,  286,  122,  199,  203,  850,  682,  428,  487,  593,  352,  207,  599,  343,  147,   98,  528,  795,  719,  141,  348,  927,  857,  236,  524,  349,  534,  394,  596,  696,  428,  665,  491,  274,  623,  372,   75,  528,  154,  292,  565,  254,  333,   45,  239,  564,  401,  786,  298,  219,  841,  969,  461,  887,  772,  436,  343,  828,  272,  369,  202,  788,   36,  489,  152,  475,  278,  781,  335,  832,  169,  578,  391,  122,  996],
        [  406,    0,  832,  731,    0,  274,  730,   96,  167,  232,  713, 1003,  665,  680,  622,  649,  204,  504,  562,  620,  369,  844,  475,  160,  528,  576,  502,  580,  265,  503,   61,  320,  628,  328,  535,  327,  160,  742,  718,  129,  200,  743,  179,  524,  604,  514,  232,  576,  490,  617,  729,  862,  365,  383,  779,  345,  550,  509,  656,  348,  630,  679,  614,  802,  307,  362,  495,  714,  691,  589,  819,  374,  516,  591,  819,  570,  474,  360,  591,  503,  275,  245,  707,  477,  508,  266,  554,  481,   97,  341,  642,  550,  852,  611,  436,  756,  479,  759,  794,  193,  569,  625,  766,  630,  227,  424,  323,  800,  590,  637,  240,  413,  215,   79,  468,  414,  230,  537,  613,  880,  340,  713,  469,  822,  677,  708,  638,  509,  433,  593,  626,  349,  623,  266],
        [  581,    0,  871,  866,  274,    0,  872,  327,  422,  496,  759, 1077,  705,  944,  677,  486,  469,  287,  725,  519,  204,  958,  587,  428,  705,  626,  761,  458,  441,  577,  331,  211,  787,  529,  535,  527,  277,  995,  762,  256,  448,  788,  111,  485,  814,  704,  503,  573,  762,  878,  986,  977,  469,  638,  867,  119,  534,  765,  585,  455,  678,  782,  701,  875,   55,  247,  736,  960,  952,  815,  893,  316,  565,  720,  939,  516,  278,  217,  730,  724,  477,  482,  905,  438,  556,  333,  789,  400,  370,  439,  526,  517,  907,  512,  504,  869,  738,  846,  835,  318,  645,  847,  907,  829,  305,  479,  589,  839,  781,  442,  319,  433,  420,  197,  482,  524,  477,  737,  628,  969,  606,  857,  452,  918,  645,  752,  469,  564,  211,  704,  548,  484,  779,  315],
        [  326,    0,  337,   28,  730,  872,    0,  796,  596,  591,  300,  347,  320,  592,  293,  792,  608,  860,  172,  649,  758,  145,  287,  734,  215,  325,  513,  687,  941,  323,  732,  701,  109,  411,  448,  411,  613,  517,  304,  644,  564,  303,  775,  529,  260,  246,  629,  441,  646,  543,  553,  154,  404,  501,  182,  834,  476,  487,  587,  418,  309,  146,  219,  230,  858,  694,  409,  461,  568,  329,  234,  612,  360,  154,  114,  548,  810,  731,  144,  331,  919,  848,  209,  541,  365,  540,  373,  613,  691,  434,  687,  511,  301,  644,  384,  102,  509,  181,  320,  568,  272,  308,   37,  216,  570,  413,  773,  326,  200,  861,  967,  474,  880,  773,  452,  350,  819,  255,  392,  224,  775,   18,  506,  177,  499,  304,  801,  351,  845,  183,  600,  394,  111,  994],
        [  471,    0,  920,  800,   96,  327,  796,    0,  205,  244,  801, 1083,  755,  673,  709,  739,  217,  583,  626,  715,  454,  918,  555,  116,  588,  665,  506,  673,  170,  590,   65,  410,  691,  387,  629,  386,  255,  749,  806,  225,  239,  831,  252,  620,  645,  569,  228,  670,  467,  615,  730,  934,  451,  397,  859,  417,  645,  517,  752,  434,  719,  758,  696,  884,  370,  453,  519,  727,  688,  621,  901,  469,  607,  664,  891,  666,  556,  448,  662,  541,  180,  159,  752,  573,  599,  360,  581,  576,  109,  429,  737,  646,  937,  706,  525,  831,  484,  840,  881,  285,  655,  659,  833,  676,  321,  515,  266,  888,  642,  722,  177,  507,  119,  141,  562,  497,  150,  585,  706,  958,  283,  779,  565,  900,  773,  797,  727,  598,  509,  671,  722,  429,  687,  209],
        [  273,    0,  753,  602,  167,  422,  596,  205,    0,   79,  637,  897,  596,  523,  546,  704,   58,  603,  425,  640,  460,  723,  377,  145,  385,  508,  341,  616,  347,  428,  144,  397,  490,  186,  504,  186,  191,  578,  642,  187,   35,  665,  314,  519,  443,  365,  103,  542,  351,  457,  567,  738,  293,  218,  674,  466,  527,  346,  655,  278,  558,  571,  519,  704,  444,  430,  329,  548,  531,  423,  720,  408,  456,  471,  695,  567,  563,  442,  467,  340,  330,  267,  549,  479,  449,  259,  388,  507,   97,  281,  670,  538,  763,  631,  375,  638,  318,  656,  715,  185,  485,  461,  632,  472,  233,  374,  259,  721,  438,  712,  381,  389,  286,  240,  438,  328,  240,  381,  563,  770,  271,  579,  459,  711,  651,  633,  697,  444,  540,  485,  632,  257,  486,  412],
        [  281,    0,  781,  600,  232,  496,  591,  244,   79,    0,  669,  909,  632,  449,  580,  777,   29,  681,  421,  706,  538,  725,  404,  149,  376,  546,  270,  686,  357,  466,  193,  474,  483,  194,  558,  195,  268,  512,  674,  265,   70,  695,  390,  580,  408,  349,   42,  593,  272,  385,  497,  739,  339,  154,  688,  544,  583,  279,  715,  326,  594,  585,  543,  723,  520,  507,  275,  486,  460,  378,  737,  481,  500,  481,  696,  628,  641,  520,  473,  303,  330,  258,  517,  543,  494,  328,  337,  576,  142,  332,  738,  596,  785,  697,  421,  645,  248,  672,  744,  259,  517,  417,  627,  443,  306,  425,  207,  751,  416,  788,  419,  448,  298,  309,  494,  365,  229,  356,  609,  780,  217,  574,  520,  722,  704,  665,  771,  487,  618,  502,  695,  296,  481,  452],
        [  400,    0,  119,  273,  713,  759,  300,  801,  637,  669,    0,  323,   55,  833,   93,  534,  673,  656,  333,  388,  592,  271,  265,  781,  376,  139,  706,  441,  968,  212,  740,  554,  325,  478,  232,  477,  560,  783,    6,  595,  615,   30,  687,  304,  500,  415,  710,  202,  823,  773,  811,  290,  352,  645,  154,  684,  245,  684,  312,  368,   85,  160,  137,  134,  728,  530,  601,  726,  815,  563,  150,  448,  201,  240,  272,  303,  610,  568,  263,  521,  961,  903,  492,  338,  209,  458,  591,  402,  714,  373,  422,  276,  149,  386,  278,  214,  694,  139,   81,  522,  153,  558,  310,  467,  498,  294,  874,   87,  424,  615,  947,  327,  910,  728,  277,  310,  876,  451,  141,  236,  882,  298,  314,  204,  214,    8,  548,  206,  664,  194,  335,  381,  318,  967],
        [  629,    0,  228,  327, 1003, 1077,  347, 1083,  897,  909,  323,    0,  377,  930,  401,  831,  921,  974,  496,  688,  914,  203,  529, 1041,  545,  452,  859,  749, 1242,  509, 1019,  875,  446,  717,  554,  716,  860,  843,  321,  894,  869,  296, 1000,  624,  605,  581,  949,  523,  992,  886,  883,  198,  641,  839,  225, 1006,  566,  833,  604,  657,  401,  327,  390,  204, 1048,  852,  754,  790,  904,  674,  186,  770,  513,  428,  234,  617,  930,  890,  437,  674, 1227, 1161,  537,  660,  522,  764,  718,  723,  986,  667,  717,  594,  178,  688,  581,  267,  854,  244,  256,  818,  439,  650,  321,  560,  801,  602, 1103,  254,  545,  917, 1241,  645, 1182, 1029,  598,  589, 1132,  598,  462,  130, 1107,  360,  636,  188,  505,  330,  847,  515,  986,  413,  635,  655,  444, 1265],
        [  370,    0,  170,  296,  665,  705,  320,  755,  596,  632,   55,  377,    0,  823,   54,  491,  634,  604,  325,  344,  538,  312,  231,  738,  363,   90,  688,  394,  922,  168,  694,  500,  328,  444,  178,  443,  511,  780,   57,  545,  575,   83,  634,  252,  496,  401,  673,  150,  800,  761,  806,  332,  307,  618,  196,  630,  193,  667,  273,  323,   38,  175,  124,  184,  674,  476,  585,  724,  807,  556,  201,  394,  150,  233,  309,  254,  558,  514,  258,  506,  917,  860,  500,  285,  158,  407,  580,  350,  670,  326,  380,  225,  203,  341,  230,  245,  673,  179,  132,  473,  119,  555,  336,  467,  447,  243,  838,  137,  420,  569,  897,  274,  864,  678,  223,  269,  834,  441,   90,  285,  846,  316,  260,  248,  180,   48,  504,  157,  611,  184,  292,  339,  319,  917],
        [  494,    0,  910,  617,  680,  944,  592,  673,  523,  449,  833,  930,  823,    0,  774, 1147,  478, 1099,  501, 1040,  958,  729,  622,  559,  461,  769,  186, 1043,  721,  705,  635,  890,  517,  475,  844,  478,  693,  122,  839,  701,  498,  849,  836,  900,  338,  423,  451,  865,  220,   71,   78,  732,  645,  310,  765,  981,  876,  189, 1018,  642,  792,  686,  701,  812,  965,  914,  254,  153,   32,  272,  819,  864,  754,  594,  699,  942, 1054,  936,  571,  322,  673,  603,  394,  879,  752,  713,  244,  935,  586,  659, 1078,  902,  885, 1032,  704,  690,  209,  758,  884,  668,  714,  285,  611,  379,  708,  725,  459,  890,  412, 1180,  830,  776,  675,  757,  800,  631,  581,  383,  849,  814,  448,  582,  846,  768,  967,  834, 1146,  738, 1045,  642, 1011,  595,  523,  864],
        [  317,    0,  211,  271,  622,  677,  293,  709,  546,  580,   93,  401,   54,  774,    0,  502,  583,  597,  277,  358,  520,  309,  178,  689,  313,   51,  635,  401,  876,  120,  648,  476,  286,  392,  169,  390,  469,  734,   98,  504,  525,  122,  600,  248,  450,  351,  621,  152,  747,  710,  759,  329,  260,  565,  199,  609,  191,  615,  295,  276,   19,  150,   81,  200,  649,  456,  533,  678,  758,  508,  218,  373,  113,  188,  300,  260,  550,  494,  213,  455,  869,  811,  461,  273,  121,  368,  530,  343,  623,  281,  395,  225,  234,  354,  187,  231,  621,  180,  173,  430,   66,  508,  313,  423,  407,  204,  786,  179,  374,  576,  856,  244,  818,  638,  199,  218,  785,  391,   99,  297,  795,  286,  243,  252,  211,   88,  514,  116,  597,  138,  308,  290,  278,  877],
        [  658,    0,  604,  771,  649,  486,  792,  739,  704,  777,  534,  831,  491, 1147,  502,    0,  761,  219,  723,  147,  293,  802,  558,  796,  736,  467,  970,  109,  893,  487,  706,  330,  759,  674,  346,  671,  519, 1147,  534,  536,  708,  552,  499,  268,  883,  761,  806,  352, 1034, 1076, 1158,  822,  504,  857,  686,  367,  317,  960,  228,  505,  489,  652,  573,  666,  432,  287,  895, 1096, 1141,  920,  681,  296,  441,  659,  798,  244,  210,  294,  682,  839,  915,  893,  929,  273,  437,  450,  921,  212,  718,  488,  115,  282,  658,  150,  456,  732,  949,  669,  580,  519,  522,  936,  815,  872,  471,  431,  951,  581,  817,   90,  794,  373,  854,  604,  363,  527,  877,  806,  406,  767,  966,  783,  309,  737,  328,  528,   21,  453,  283,  616,  200,  552,  750,  796],
        [  292,    0,  787,  616,  204,  469,  608,  217,   58,   29,  673,  921,  634,  478,  583,  761,    0,  659,  437,  695,  516,  740,  410,  128,  393,  548,  299,  672,  337,  468,  165,  453,  500,  204,  552,  205,  248,  541,  678,  242,   61,  700,  364,  571,  432,  368,   46,  589,  296,  414,  526,  754,  337,  182,  699,  520,  577,  307,  707,  323,  597,  596,  550,  732,  494,  488,  302,  514,  488,  404,  747,  465,  499,  493,  711,  619,  620,  499,  486,  327,  312,  242,  541,  532,  493,  315,  364,  562,  114,  328,  725,  589,  793,  686,  419,  658,  277,  682,  749,  242,  521,  443,  644,  466,  290,  421,  208,  756,  437,  769,  392,  440,  276,  280,  488,  366,  213,  378,  607,  792,  220,  591,  511,  734,  700,  669,  754,  487,  595,  512,  686,  296,  497,  425],
        [  645,    0,  748,  844,  504,  287,  860,  583,  603,  681,  656,  974,  604, 1099,  597,  219,  659,    0,  752,  308,  144,  905,  586,  662,  750,  551,  915,  240,  719,  537,  565,  210,  802,  631,  429,  629,  414, 1122,  656,  418,  617,  680,  332,  352,  887,  765,  702,  454,  951, 1029, 1125,  925,  494,  793,  795,  171,  411,  910,  391,  488,  590,  735,  651,  787,  233,  188,  859, 1077, 1100,  910,  804,  256,  503,  711,  894,  358,   50,  164,  729,  821,  750,  741,  956,  324,  497,  389,  899,  255,  589,  469,  297,  380,  796,  304,  481,  823,  892,  775,  718,  433,  593,  934,  889,  887,  391,  452,  825,  720,  833,  158,  605,  389,  690,  443,  409,  536,  731,  806,  515,  889,  841,  847,  357,  848,  480,  649,  199,  510,   77,  677,  355,  533,  793,  601],
        [  157,    0,  418,  179,  562,  725,  172,  626,  425,  421,  333,  496,  325,  501,  277,  723,  437,  752,    0,  593,  634,  305,  168,  563,   50,  282,  381,  615,  770,  238,  562,  572,   66,  240,  384,  240,  456,  457,  339,  485,  393,  351,  622,  457,  173,   89,  460,  393,  507,  440,  482,  319,  265,  344,  288,  700,  415,  357,  549,  275,  296,  193,  202,  331,  717,  573,  274,  401,  483,  231,  342,  496,  287,   94,  276,  489,  702,  607,   72,  192,  748,  678,  207,  454,  289,  397,  259,  524,  520,  294,  632,  448,  402,  586,  274,  230,  371,  276,  388,  412,  223,  231,  208,  151,  420,  303,  608,  395,   99,  780,  798,  366,  709,  610,  362,  217,  649,  119,  363,  367,  612,  154,  417,  311,  481,  334,  729,  273,  725,  142,  552,  242,   62,  826],
        [  547,    0,  461,  628,  620,  519,  649,  715,  640,  706,  388,  688,  344, 1040,  358,  147,  695,  308,  593,    0,  316,  656,  432,  752,  611,  326,  871,   68,  879,  355,  671,  323,  624,  576,  210,  573,  471, 1030,  387,  495,  637,  406,  500,  141,  758,  639,  740,  209,  948,  971, 1045,  675,  399,  766,  539,  409,  179,  858,   87,  404,  344,  508,  431,  520,  470,  279,  787,  977, 1032,  801,  535,  246,  307,  522,  652,  104,  276,  303,  546,  725,  894,  860,  796,  166,  305,  381,  807,  139,  673,  390,   40,  145,  514,   10,  338,  586,  851,  523,  436,  459,  383,  813,  671,  743,  412,  316,  896,  437,  689,  230,  801,  268,  833,  591,  242,  411,  841,  683,  260,  621,  910,  641,  196,  591,  184,  381,  161,  320,  347,  477,   55,  449,  614,  809],
        [  516,    0,  697,  746,  369,  204,  758,  454,  460,  538,  592,  914,  538,  958,  520,  293,  516,  144,  634,  316,    0,  820,  475,  525,  627,  470,  773,  255,  602,  439,  429,   68,  689,  494,  361,  491,  271,  985,  594,  275,  473,  619,  208,  298,  759,  638,  559,  395,  808,  888,  985,  840,  371,  651,  718,   97,  353,  769,  384,  362,  517,  645,  561,  718,  155,   65,  721,  941,  959,  776,  735,  149,  414,  605,  805,  322,  106,   28,  621,  687,  627,  611,  834,  256,  407,  253,  763,  205,  450,  343,  323,  330,  739,  309,  375,  734,  750,  697,  663,  290,  503,  802,  790,  763,  251,  346,  686,  667,  709,  269,  502,  286,  566,  315,  322,  418,  598,  678,  454,  817,  702,  744,  279,  770,  452,  585,  279,  418,   93,  578,  347,  404,  680,  505],
        [  451,    0,  254,  128,  844,  958,  145,  918,  723,  725,  271,  203,  312,  729,  309,  802,  740,  905,  305,  656,  820,    0,  377,  864,  353,  355,  657,  705, 1069,  384,  853,  770,  249,  538,  477,  538,  714,  646,  273,  748,  692,  259,  869,  556,  403,  386,  764,  457,  791,  684,  685,   21,  496,  643,  118,  904,  498,  631,  582,  512,  318,  177,  260,  150,  937,  756,  553,  592,  703,  471,  142,  672,  406,  254,   32,  564,  857,  794,  256,  475, 1050,  981,  338,  581,  414,  629,  516,  651,  815,  525,  691,  532,  203,  653,  455,   90,  653,  134,  253,  671,  318,  448,  119,  358,  663,  481,  913,  256,  344,  880, 1084,  535, 1008,  881,  500,  441,  952,  399,  399,   90,  916,  160,  549,   72,  484,  277,  815,  402,  902,  257,  603,  498,  249, 1110],
        [  142,    0,  378,  279,  475,  587,  287,  555,  377,  404,  265,  529,  231,  622,  178,  558,  410,  586,  168,  432,  475,  377,    0,  521,  180,  154,  469,  450,  716,   83,  492,  416,  216,  214,  226,  213,  338,  601,  271,  371,  353,  292,  494,  293,  327,  208,  445,  243,  574,  555,  619,  396,  120,  390,  305,  548,  258,  451,  398,  135,  194,  206,  143,  330,  572,  412,  372,  547,  610,  371,  347,  332,  132,  134,  355,  329,  536,  448,  147,  301,  705,  643,  375,  287,  131,  255,  382,  356,  460,  150,  471,  288,  387,  425,  106,  288,  453,  286,  340,  294,  114,  382,  321,  314,  287,  136,  610,  347,  259,  613,  714,  199,  656,  505,  196,   65,  616,  252,  231,  406,  618,  272,  250,  349,  346,  262,  563,  117,  564,  121,  395,  126,  207,  738],
        [  414,    0,  897,  741,  160,  428,  734,  116,  145,  149,  781, 1041,  738,  559,  689,  796,  128,  662,  563,  752,  525,  864,  521,    0,  520,  650,  395,  719,  209,  571,  100,  471,  626,  326,  636,  327,  282,  638,  786,  261,  173,  809,  338,  641,  557,  495,  122,  675,  351,  502,  617,  879,  433,  293,  818,  505,  657,  409,  777,  418,  701,  715,  663,  849,  465,  512,  419,  619,  575,  525,  864,  510,  596,  615,  836,  689,  630,  514,  609,  452,  187,  123,  666,  598,  589,  376,  481,  614,   80,  418,  778,  663,  907,  743,  514,  781,  375,  800,  859,  296,  629,  564,  770,  592,  342,  510,  164,  865,  564,  791,  278,  516,  149,  232,  569,  471,   96,  505,  702,  913,  180,  717,  582,  855,  783,  776,  787,  585,  592,  630,  751,  400,  623,  312],
        [  126,    0,  464,  226,  528,  705,  215,  588,  385,  376,  376,  545,  363,  461,  313,  736,  393,  750,   50,  611,  627,  353,  180,  520,    0,  311,  334,  628,  728,  257,  524,  563,  107,  201,  403,  202,  431,  426,  382,  459,  352,  394,  600,  472,  148,   41,  414,  417,  458,  398,  448,  366,  257,  295,  337,  688,  435,  311,  573,  265,  332,  241,  241,  380,  700,  568,  228,  371,  445,  197,  392,  494,  307,  138,  323,  508,  700,  601,  118,  146,  704,  633,  207,  465,  308,  382,  218,  532,  480,  285,  650,  467,  451,  604,  281,  279,  323,  325,  434,  388,  255,  204,  251,  138,  402,  309,  560,  441,   83,  789,  761,  371,  667,  580,  374,  216,  604,   78,  393,  416,  564,  198,  428,  360,  511,  376,  741,  293,  719,  183,  573,  226,  105,  790],
        [  295,    0,  257,  305,  576,  626,  325,  665,  508,  546,  139,  452,   90,  769,   51,  467,  548,  551,  282,  326,  470,  355,  154,  650,  311,    0,  622,  363,  833,   81,  605,  426,  302,  363,  125,  361,  422,  737,  143,  456,  488,  169,  550,  206,  454,  347,  587,  118,  727,  703,  759,  375,  217,  543,  248,  558,  151,  602,  271,  234,   55,  188,  107,  251,  598,  406,  522,  681,  754,  507,  269,  322,   63,  201,  344,  224,  503,  444,  225,  447,  828,  772,  477,  227,   71,  320,  526,  297,  581,  237,  364,  186,  284,  321,  141,  274,  606,  228,  219,  384,   60,  512,  349,  432,  359,  155,  753,  225,  380,  537,  809,  193,  775,  590,  148,  182,  745,  389,   82,  348,  762,  316,  195,  301,  200,  134,  477,   68,  549,  153,  279,  252,  293,  829],
        [  332,    0,  798,  533,  502,  761,  513,  506,  341,  270,  706,  859,  688,  186,  635,  970,  299,  915,  381,  871,  773,  657,  469,  395,  334,  622,    0,  868,  578,  551,  461,  706,  417,  297,  683,  300,  508,  244,  712,  516,  314,  727,  653,  732,  259,  294,  278,  708,  136,  117,  227,  665,  473,  125,  666,  797,  713,   27,  855,  468,  653,  574,  570,  710,  781,  730,  107,  226,  191,  195,  721,  683,  598,  472,  626,  776,  870,  751,  451,  190,  536,  461,  354,  707,  595,  531,  145,  759,  411,  484,  907,  737,  782,  863,  539,  599,   24,  655,  767,  483,  572,  229,  541,  305,  524,  557,  332,  774,  314,  999,  672,  604,  526,  578,  632,  466,  436,  265,  700,  734,  326,  499,  675,  681,  814,  706,  969,  582,  861,  514,  845,  422,  420,  706],
        [  552,    0,  521,  667,  580,  458,  687,  673,  616,  686,  441,  749,  394, 1043,  401,  109,  672,  240,  615,   68,  255,  705,  450,  719,  628,  363,  868,    0,  834,  379,  634,  271,  652,  572,  240,  569,  438, 1040,  441,  459,  617,  462,  448,  161,  775,  654,  718,  250,  937,  972, 1052,  725,  399,  758,  590,  346,  212,  857,  153,  401,  389,  549,  469,  574,  408,  226,  790,  989, 1037,  813,  590,  210,  333,  552,  699,  141,  208,  246,  575,  733,  852,  823,  821,  166,  330,  358,  815,  111,  640,  385,   68,  177,  573,   65,  349,  631,  847,  572,  494,  432,  417,  829,  711,  764,  384,  324,  869,  496,  709,  176,  749,  268,  791,  544,  255,  420,  805,  698,  306,  676,  883,  678,  201,  642,  246,  434,  115,  345,  280,  510,  117,  448,  643,  755],
        [  619,    0, 1086,  948,  265,  441,  941,  170,  347,  357,  968, 1242,  922,  721,  876,  893,  337,  719,  770,  879,  602, 1069,  716,  209,  728,  833,  578,  834,    0,  757,  228,  566,  834,  532,  799,  532,  425,  815,  973,  394,  378,  997,  395,  789,  764,  704,  326,  840,  502,  674,  787, 1085,  617,  492, 1018,  549,  815,  597,  919,  600,  886,  916,  859, 1046,  492,  610,  619,  804,  742,  727, 1062,  634,  775,  818, 1042,  834,  700,  600,  814,  658,   53,  119,  873,  741,  767,  530,  682,  741,  257,  596,  899,  815, 1101,  870,  693,  985,  561,  999, 1048,  454,  819,  767,  978,  799,  491,  684,  264, 1054,  773,  867,  148,  677,   62,  290,  732,  661,  143,  713,  875, 1115,  277,  924,  734, 1057,  942,  963,  880,  766,  643,  830,  889,  592,  831,  175],
        [  221,    0,  330,  308,  503,  577,  323,  590,  428,  466,  212,  509,  168,  705,  120,  487,  468,  537,  238,  355,  439,  384,   83,  571,  257,   81,  551,  379,  757,    0,  529,  387,  274,  284,  147,  282,  353,  681,  217,  388,  408,  241,  493,  220,  404,  288,  507,  161,  652,  637,  700,  404,  140,  467,  292,  521,  179,  533,  317,  157,  131,  208,  125,  305,  554,  375,  455,  627,  693,  451,  323,  292,   50,  176,  367,  252,  488,  413,  197,  383,  750,  693,  443,  222,   51,  256,  464,  294,  503,  163,  394,  211,  350,  349,   73,  296,  534,  271,  292,  313,   70,  460,  353,  388,  294,   98,  673,  298,  334,  548,  739,  154,  698,  522,  131,  102,  666,  333,  151,  394,  682,  310,  186,  342,  264,  207,  494,   36,  525,  140,  316,  172,  264,  760],
        [  407,    0,  858,  736,   61,  331,  732,   65,  144,  193,  740, 1019,  694,  635,  648,  706,  165,  565,  562,  671,  429,  853,  492,  100,  524,  605,  461,  634,  228,  529,    0,  378,  628,  324,  574,  323,  204,  704,  745,  177,  178,  769,  239,  570,  586,  506,  185,  615,  438,  574,  687,  870,  389,  347,  795,  406,  592,  471,  703,  372,  658,  694,  633,  821,  366,  420,  466,  679,  648,  564,  838,  427,  547,  600,  827,  616,  534,  419,  598,  483,  229,  190,  692,  524,  539,  306,  526,  533,   52,  369,  696,  594,  875,  662,  465,  767,  439,  776,  820,  229,  593,  602,  769,  616,  269,  456,  263,  826,  580,  696,  238,  452,  172,  134,  507,  435,  172,  524,  648,  894,  279,  715,  513,  836,  719,  735,  696,  538,  493,  607,  675,  366,  623,  268],
        [  449,    0,  664,  690,  320,  211,  701,  410,  397,  474,  554,  875,  500,  890,  476,  330,  453,  210,  572,  323,   68,  770,  416,  471,  563,  426,  706,  271,  566,  387,  378,    0,  628,  426,  326,  423,  207,  917,  557,  215,  409,  582,  178,  274,  692,  572,  497,  364,  743,  820,  917,  790,  308,  583,  672,  135,  324,  702,  380,  298,  475,  594,  511,  676,  174,   45,  653,  873,  891,  709,  693,  107,  367,  548,  754,  307,  167,   47,  562,  619,  587,  564,  769,  228,  359,  186,  695,  194,  394,  279,  337,  306,  702,  315,  319,  683,  683,  651,  628,  223,  453,  735,  734,  697,  183,  291,  630,  633,  644,  320,  479,  236,  526,  276,  279,  357,  549,  612,  420,  772,  646,  687,  243,  724,  435,  547,  319,  369,  160,  523,  345,  338,  620,  486],
        [  223,    0,  394,  121,  628,  787,  109,  691,  490,  483,  325,  446,  328,  517,  286,  759,  500,  802,   66,  624,  689,  249,  216,  626,  107,  302,  417,  652,  834,  274,  628,  628,    0,  305,  415,  306,  520,  458,  331,  550,  457,  338,  686,  492,  179,  138,  521,  418,  548,  462,  489,  260,  323,  395,  251,  758,  446,  392,  573,  335,  305,  171,  207,  298,  777,  627,  311,  402,  496,  246,  306,  548,  319,  102,  218,  520,  752,  662,   78,  230,  811,  740,  175,  495,  323,  457,  283,  566,  585,  353,  663,  480,  371,  618,  321,  183,  410,  243,  368,  476,  243,  235,  144,  143,  482,  350,  665,  375,  107,  821,  863,  414,  773,  676,  403,  272,  711,  153,  380,  318,  668,   92,  459,  264,  497,  327,  767,  307,  779,  150,  580,  304,   10,  892],
        [   88,    0,  589,  416,  328,  529,  411,  387,  186,  194,  478,  717,  444,  475,  392,  674,  204,  631,  240,  576,  494,  538,  214,  326,  201,  363,  297,  572,  532,  284,  324,  426,  305,    0,  397,    3,  253,  491,  484,  275,  155,  504,  420,  439,  286,  187,  235,  428,  376,  404,  494,  553,  179,  191,  495,  535,  426,  287,  567,  173,  407,  392,  350,  529,  534,  444,  229,  448,  472,  288,  544,  389,  324,  289,  510,  484,  584,  470,  283,  197,  513,  445,  383,  411,  319,  243,  270,  462,  281,  187,  612,  447,  592,  568,  253,  455,  276,  478,  552,  216,  327,  319,  447,  306,  246,  266,  397,  559,  263,  705,  560,  308,  471,  385,  341,  186,  416,  212,  433,  588,  405,  393,  381,  530,  538,  475,  673,  310,  585,  309,  554,  129,  301,  589],
        [  352,    0,  338,  429,  535,  535,  448,  629,  504,  558,  232,  554,  178,  844,  169,  346,  552,  429,  384,  210,  361,  477,  226,  636,  403,  125,  683,  240,  799,  147,  574,  326,  415,  397,    0,  395,  375,  826,  234,  408,  492,  259,  474,   82,  550,  433,  596,   42,  773,  776,  843,  497,  222,  587,  366,  454,   33,  667,  174,  233,  161,  313,  231,  360,  500,  299,  592,  772,  834,  596,  378,  220,   98,  315,  468,  106,  382,  337,  338,  524,  802,  755,  587,  107,   96,  270,  606,  175,  561,  226,  249,   65,  379,  203,  145,  398,  664,  347,  303,  346,  178,  606,  473,  534,  309,  134,  760,  307,  480,  413,  754,  123,  745,  533,   68,  217,  731,  478,   94,  461,  772,  438,   84,  419,  148,  225,  355,  112,  433,  271,  170,  270,  406,  770],
        [   88,    0,  587,  417,  327,  527,  411,  386,  186,  195,  477,  716,  443,  478,  390,  671,  205,  629,  240,  573,  491,  538,  213,  327,  202,  361,  300,  569,  532,  282,  323,  423,  306,    3,  395,    0,  251,  494,  483,  272,  155,  503,  418,  436,  288,  188,  236,  425,  379,  407,  497,  553,  176,  194,  495,  532,  424,  290,  564,  170,  405,  391,  349,  528,  531,  442,  231,  451,  475,  291,  543,  387,  322,  289,  510,  482,  582,  467,  283,  200,  513,  445,  385,  408,  317,  240,  272,  459,  280,  185,  609,  445,  591,  565,  251,  455,  279,  478,  551,  213,  326,  321,  448,  307,  243,  264,  399,  558,  265,  702,  559,  306,  471,  383,  339,  184,  417,  214,  431,  588,  406,  394,  378,  530,  536,  474,  670,  308,  582,  308,  551,  126,  301,  588],
        [  306,    0,  679,  610,  160,  277,  613,  255,  191,  268,  560,  860,  511,  693,  469,  519,  248,  414,  456,  471,  271,  714,  338,  282,  431,  422,  508,  438,  425,  353,  204,  207,  520,  253,  375,  251,    0,  731,  565,   35,  203,  590,  170,  367,  537,  429,  292,  416,  538,  624,  727,  733,  220,  384,  638,  290,  390,  507,  500,  204,  476,  543,  470,  657,  282,  241,  468,  692,  697,  540,  674,  228,  361,  465,  692,  413,  373,  253,  470,  449,  431,  391,  630,  320,  353,  107,  517,  333,  203,  193,  497,  391,  702,  462,  283,  625,  485,  618,  640,   45,  421,  572,  649,  553,   67,  268,  433,  646,  506,  523,  387,  253,  373,  170,  309,  274,  371,  461,  454,  740,  448,  596,  310,  685,  518,  555,  511,  354,  354,  458,  472,  219,  513,  408],
        [  489,    0,  847,  543,  742,  995,  517,  749,  578,  512,  783,  843,  780,  122,  734, 1147,  541, 1122,  457, 1030,  985,  646,  601,  638,  426,  737,  244, 1040,  815,  681,  704,  917,  458,  491,  826,  494,  731,    0,  788,  743,  549,  796,  885,  889,  285,  393,  522,  842,  323,  142,   47,  646,  645,  360,  696, 1019,  858,  234,  998,  646,  753,  628,  657,  744, 1010,  935,  264,   57,   90,  231,  749,  876,  731,  548,  617,  928, 1075,  961,  523,  308,  770,  697,  310,  875,  731,  734,  226,  936,  653,  664, 1068,  888,  817, 1023,  694,  618,  265,  692,  825,  700,  679,  226,  531,  316,  735,  717,  558,  831,  361, 1188,  914,  774,  765,  817,  789,  621,  673,  349,  818,  734,  549,  509,  840,  692,  937,  784, 1149,  716, 1075,  597,  996,  599,  466,  948],
        [  406,    0,  115,  278,  718,  762,  304,  806,  642,  674,    6,  321,   57,  839,   98,  534,  678,  656,  339,  387,  594,  273,  271,  786,  382,  143,  712,  441,  973,  217,  745,  557,  331,  484,  234,  483,  565,  788,    0,  599,  620,   26,  691,  305,  506,  421,  715,  203,  829,  779,  817,  291,  357,  650,  156,  687,  246,  690,  310,  373,   89,  165,  143,  134,  730,  532,  607,  732,  821,  569,  150,  451,  205,  245,  274,  303,  612,  570,  269,  526,  966,  908,  497,  340,  213,  462,  597,  404,  720,  378,  421,  277,  146,  385,  283,  217,  700,  141,   76,  526,  158,  564,  314,  473,  502,  298,  880,   82,  430,  615,  951,  331,  915,  732,  280,  315,  881,  457,  142,  236,  888,  303,  316,  205,  212,   10,  548,  211,  666,  200,  334,  386,  323,  972],
        [  333,    0,  713,  642,  129,  256,  644,  225,  187,  265,  595,  894,  545,  701,  504,  536,  242,  418,  485,  495,  275,  748,  371,  261,  459,  456,  516,  459,  394,  388,  177,  215,  550,  275,  408,  272,   35,  743,  599,    0,  205,  625,  146,  396,  560,  454,  285,  449,  537,  632,  738,  766,  255,  392,  672,  282,  422,  516,  528,  238,  511,  576,  505,  691,  267,  253,  482,  707,  706,  559,  709,  251,  395,  497,  725,  442,  380,  260,  502,  469,  402,  366,  655,  349,  387,  140,  534,  357,  183,  227,  520,  422,  737,  486,  317,  658,  493,  652,  675,   78,  456,  592,  680,  578,  100,  302,  417,  681,  531,  534,  353,  286,  343,  135,  342,  308,  347,  485,  488,  774,  432,  628,  341,  719,  549,  589,  527,  389,  354,  492,  499,  251,  543,  373],
        [  242,    0,  729,  570,  200,  448,  564,  239,   35,   70,  615,  869,  575,  498,  525,  708,   61,  617,  393,  637,  473,  692,  353,  173,  352,  488,  314,  617,  378,  408,  178,  409,  457,  155,  492,  155,  203,  549,  620,  205,    0,  643,  339,  512,  409,  331,  105,  529,  335,  431,  539,  708,  276,  191,  646,  486,  517,  318,  648,  262,  538,  543,  494,  678,  467,  440,  297,  517,  505,  390,  693,  412,  439,  442,  664,  560,  575,  455,  437,  306,  359,  293,  515,  474,  432,  259,  355,  507,  130,  267,  669,  529,  738,  628,  358,  609,  291,  629,  692,  190,  463,  427,  600,  438,  238,  360,  269,  699,  404,  720,  415,  380,  317,  270,  428,  307,  265,  347,  547,  741,  280,  547,  452,  683,  639,  611,  702,  427,  556,  458,  627,  237,  454,  446],
        [  425,    0,   90,  276,  743,  788,  303,  831,  665,  695,   30,  296,   83,  849,  122,  552,  700,  680,  351,  406,  619,  259,  292,  809,  394,  169,  727,  462,  997,  241,  769,  582,  338,  504,  259,  503,  590,  796,   26,  625,  643,    0,  716,  329,  515,  434,  737,  227,  845,  790,  825,  277,  381,  668,  143,  712,  270,  704,  327,  398,  114,  169,  159,  115,  756,  557,  621,  739,  830,  579,  129,  476,  230,  257,  263,  325,  635,  595,  280,  540,  990,  931,  501,  365,  239,  488,  609,  427,  743,  403,  439,  300,  120,  405,  308,  211,  715,  131,   51,  552,  180,  572,  310,  480,  527,  324,  901,   57,  439,  635,  977,  356,  939,  758,  306,  338,  904,  469,  167,  216,  908,  303,  341,  189,  228,   36,  567,  236,  690,  214,  352,  409,  330,  997],
        [  475,    0,  803,  770,  179,  111,  775,  252,  314,  390,  687, 1000,  634,  836,  600,  499,  364,  332,  622,  500,  208,  869,  494,  338,  600,  550,  653,  448,  395,  493,  239,  178,  686,  420,  474,  418,  170,  885,  691,  146,  339,  716,    0,  437,  705,  598,  400,  514,  659,  770,  877,  888,  374,  529,  784,  167,  479,  656,  554,  359,  604,  694,  616,  796,  131,  222,  626,  850,  844,  705,  814,  268,  488,  624,  848,  476,  307,  207,  632,  615,  421,  410,  799,  388,  480,  240,  679,  368,  272,  344,  515,  468,  834,  492,  420,  779,  630,  763,  765,  212,  562,  738,  811,  722,  207,  398,  501,  770,  675,  474,  302,  361,  361,  112,  414,  429,  400,  629,  564,  886,  518,  759,  394,  833,  599,  681,  486,  485,  258,  612,  519,  383,  679,  310],
        [  406,    0,  403,  510,  524,  485,  529,  620,  519,  580,  304,  624,  252,  900,  248,  268,  571,  352,  457,  141,  298,  556,  293,  641,  472,  206,  732,  161,  789,  220,  570,  274,  492,  439,   82,  436,  367,  889,  305,  396,  512,  329,  437,    0,  619,  499,  616,  103,  813,  830,  904,  576,  260,  629,  445,  394,   60,  718,  137,  267,  240,  394,  312,  436,  445,  240,  647,  837,  891,  660,  452,  171,  173,  392,  548,   49,  307,  276,  415,  584,  797,  756,  662,   49,  170,  266,  666,   99,  564,  255,  179,   33,  447,  134,  197,  479,  712,  426,  370,  346,  258,  674,  554,  606,  302,  176,  777,  373,  551,  333,  730,  134,  738,  510,  101,  270,  734,  544,  164,  537,  789,  519,   61,  498,  162,  297,  276,  185,  362,  350,  116,  311,  482,  742],
        [  243,    0,  573,  283,  604,  814,  260,  645,  443,  408,  500,  605,  496,  338,  450,  883,  432,  887,  173,  758,  759,  403,  327,  557,  148,  454,  259,  775,  764,  404,  586,  692,  179,  286,  550,  288,  537,  285,  506,  560,  409,  515,  705,  619,    0,  123,  438,  563,  394,  285,  311,  409,  394,  279,  428,  811,  582,  232,  719,  399,  469,  349,  373,  475,  816,  702,  162,  228,  317,   69,  483,  632,  454,  264,  372,  655,  838,  733,  239,  106,  731,  656,  110,  610,  455,  508,  115,  676,  537,  419,  797,  614,  548,  751,  427,  354,  258,  420,  547,  498,  396,   59,  285,   47,  521,  454,  554,  554,   77,  933,  822,  514,  704,  667,  521,  359,  628,   81,  536,  484,  553,  248,  574,  434,  654,  502,  887,  439,  851,  313,  720,  355,  186,  853],
        [  125,    0,  504,  259,  514,  704,  246,  569,  365,  349,  415,  581,  401,  423,  351,  761,  368,  765,   89,  639,  638,  386,  208,  495,   41,  347,  294,  654,  704,  288,  506,  572,  138,  187,  433,  188,  429,  393,  421,  454,  331,  434,  598,  499,  123,    0,  386,  449,  419,  360,  413,  398,  272,  258,  376,  694,  465,  270,  605,  277,  370,  281,  280,  419,  703,  580,  188,  339,  408,  163,  431,  510,  338,  179,  356,  537,  715,  612,  158,  106,  678,  606,  202,  489,  339,  389,  180,  554,  461,  297,  678,  496,  490,  632,  305,  316,  284,  364,  474,  387,  291,  175,  280,  126,  405,  331,  528,  481,   78,  810,  744,  392,  643,  570,  400,  236,  577,   45,  428,  453,  530,  229,  453,  397,  546,  415,  765,  324,  730,  222,  603,  235,  138,  774],
