{
    "name": "random-65-11811",
    "comment": "size=65 seed=11811",
    "nodes": ["+0", "-0", "+1", "-1", "+2", "-2", "+3", "-3", "+4", "-4", "+5", "-5", "+6", "-6", "+7", "-7", "+8", "-8", "+9", "-9", "+10", "-10", "+11", "-11", "+12", "-12", "+13", "-13", "+14", "-14", "+15", "-15", "+16", "-16", "+17", "-17", "+18", "-18", "+19", "-19", "+20", "-20", "+21", "-21", "+22", "-22", "+23", "-23", "+24", "-24", "+25", "-25", "+26", "-26", "+27", "-27", "+28", "-28", "+29", "-29", "+30", "-30", "+31", "-31", "+32", "-32", "+33", "-33", "+34", "-34", "+35", "-35", "+36", "-36", "+37", "-37", "+38", "-38", "+39", "-39", "+40", "-40", "+41", "-41", "+42", "-42", "+43", "-43", "+44", "-44", "+45", "-45", "+46", "-46", "+47", "-47", "+48", "-48", "+49", "-49", "+50", "-50", "+51", "-51", "+52", "-52", "+53", "-53", "+54", "-54", "+55", "-55", "+56", "-56", "+57", "-57", "+58", "-58", "+59", "-59", "+60", "-60", "+61", "-61", "+62", "-62", "+63", "-63", "+64", "-64", "+65", "-65"],
    "precedence": {
        "+0": "-0",
        "+1": "-1",
        "+2": "-2",
        "+3": "-3",
        "+4": "-4",
        "+5": "-5",
        "+6": "-6",
        "+7": "-7",
        "+8": "-8",
        "+9": "-9",
        "+10": "-10",
        "+11": "-11",
        "+12": "-12",
        "+13": "-13",
        "+14": "-14",
        "+15": "-15",
        "+16": "-16",
        "+17": "-17",
        "+18": "-18",
        "+19": "-19",
        "+20": "-20",
        "+21": "-21",
        "+22": "-22",
        "+23": "-23",
        "+24": "-24",
        "+25": "-25",
        "+26": "-26",
        "+27": "-27",
        "+28": "-28",
        "+29": "-29",
        "+30": "-30",
        "+31": "-31",
        "+32": "-32",
        "+33": "-33",
        "+34": "-34",
        "+35": "-35",
        "+36": "-36",
        "+37": "-37",
        "+38": "-38",
        "+39": "-39",
        "+40": "-40",
        "+41": "-41",
        "+42": "-42",
        "+43": "-43",
        "+44": "-44",
        "+45": "-45",
        "+46": "-46",
        "+47": "-47",
        "+48": "-48",
        "+49": "-49",
        "+50": "-50",
        "+51": "-51",
        "+52": "-52",
        "+53": "-53",
        "+54": "-54",
        "+55": "-55",
        "+56": "-56",
        "+57": "-57",
        "+58": "-58",
        "+59": "-59",
        "+60": "-60",
        "+61": "-61",
        "+62": "-62",
        "+63": "-63",
        "+64": "-64",
        "+65": "-65"
    },
    "edges": [
        [    0,    0,  348,  462,  649,  105,  138,  317,  933,  717,  464,  297,  494,  556,  839,  532,  306,  448,  116,  130,  465,  102,  209,  242,  904,  563,  282,  246,  529,  596,  539,  421,  359,  876,   90,  491,  576,  458,  534,  310,  531,  535,  727,  648,  131,  434,  267,  768,  675,  534,   29,  827,  438,  666,  142,  322,  362,  371,  271,  652,  620,  689,  252,  810,  879,  605,  577,  186,  475,  243,   84,  659,  680,  755,  197,  346,  334,  514,  136,  318,  748,  524,  275,  318,  703,  862,  366,  565,  902,  331,  568,  509,  628,   61,  627,  130,  555,  374,  750,  562,  575,  453,  204,  299,   96,  300,  684,  610,  136,  155,  400,   85,  121,  754,  552,  896,  477,  691,  269,  386,   88,  316,  844,  799,  787,  932,  699,  743,  353,  216,  189,  530],
        [    0,    0,    0,    0,    0,    0,    0,    0,    0,    0,    0,    0,    0,    0,    0,    0,    0,    0,    0,    0,    0,    0,    0,    0,    0,    0,    0,    0,    0,    0,    0,    0,    0,    0,    0,    0,    0,    0,    0,    0,    0,    0,    0,    0,    0,    0,    0,    0,    0,    0,    0,    0,    0,    0,    0,    0,    0,    0,    0,    0,    0,    0,    0,    0,    0,    0,    0,    0,    0,    0,    0,    0,    0,    0,    0,    0,    0,    0,    0,    0,    0,    0,    0,    0,    0,    0,    0,    0,    0,    0,    0,    0,    0,    0,    0,    0,    0,    0,    0,    0,    0,    0,    0,    0,    0,    0,    0,    0,    0,    0,    0,    0,    0,    0,    0,    0,    0,    0,    0,    0,    0,    0,    0,    0,    0,    0,    0,    0,    0,    0,    0,    0],
        [  348,    0,    0,  211,  484,  430,  368,  183,  587,  511,  352,  162,  273,  410,  492,  486,  266,  273,  383,  443,  679,  415,  527,  154,  817,  336,  110,  230,  597,  281,  705,  211,  324,  723,  335,  726,  306,  585,  689,  252,  329,  205,  690,  392,  473,  341,  507,  424,  532,  477,  337,  656,  497,  650,  329,  574,   53,  261,  130,  514,  679,  345,  212,  673,  745,  685,  256,  233,  272,  336,  353,  334,  681,  436,  290,  432,   15,  319,  232,  380,  722,  257,  124,  176,  646,  515,  164,  418,  738,  386,  287,  178,  321,  290,  316,  358,  208,  403,  445,  277,  233,  396,  286,  241,  411,  512,  481,  526,  407,  209,  198,  397,  227,  416,  367,  800,  608,  650,  160,  611,  408,  369,  499,  583,  484,  819,  481,  453,  544,  163,  207,  185],
        [  462,    0,  211,    0,  674,  562,  414,  151,  578,  684,  187,  370,   65,  609,  468,  695,  211,  476,  536,  512,  865,  553,  667,  221, 1015,  516,  314,  429,  805,  400,  902,  412,  228,  906,  409,  907,  115,  786,  888,  460,  519,  146,  898,  548,  591,  550,  680,  442,  725,  686,  441,  835,  704,  859,  497,  745,  257,  152,  195,  709,  888,  306,  221,  863,  934,  893,  153,  283,   73,  321,  499,  226,  891,  520,  476,  634,  212,  114,  390,  583,  930,  426,  192,  386,  852,  503,  372,  616,  916,  319,  440,  141,  177,  402,  180,  519,  247,  312,  550,  104,  300,  252,  302,  198,  548,  693,  657,  731,  561,  370,  402,  534,  355,  460,  559,  997,  809,  858,  364,  792,  541,  573,  505,  747,  587, 1010,  650,  574,  732,  248,  387,  260],
        [  649,    0,  484,  674,    0,  656,  751,  663,  638,   96,  835,  382,  738,   93,  618,  200,  738,  220,  585,  778,  622,  636,  698,  606,  345,  163,  432,  405,  382,  331,  567,  276,  802,  241,  700,  682,  733,  459,  544,  340,  157,  582,  285,  185,  713,  217,  582,  514,   56,  186,  660,  182,  351,  287,  522,  624,  432,  744,  595,   51,  405,  586,  672,  190,  262,  436,  629,  660,  744,  778,  587,  666,  327,  377,  456,  390,  491,  788,  525,  376,  320,  254,  591,  357,  231,  608,  333,   84,  261,  848,  259,  565,  698,  624,  686,  551,  483,  874,  327,  696,  437,  879,  721,  714,  637,  549,   76,  140,  591,  516,  293,  630,  576,  462,  117,  326,  473,  254,  409,  604,  642,  370,  564,  168,  337,  337,  109,  282,  531,  598,  472,  448],
        [  105,    0,  430,  562,  656,    0,  226,  420, 1007,  734,  568,  346,  598,  565,  918,  513,  411,  476,   72,  170,  372,   21,  105,  342,  878,  595,  347,  276,  474,  654,  456,  462,  463,  871,  188,  392,  677,  391,  453,  331,  558,  626,  692,  684,   58,  441,  178,  840,  674,  518,  132,  829,  395,  628,  139,  225,  436,  475,  369,  652,  562,  774,  356,  802,  868,  543,  671,  291,  579,  342,   82,  752,  637,  812,  207,  307,  417,  619,  200,  294,  709,  571,  372,  361,  676,  938,  414,  573,  899,  428,  617,  599,  725,  161,  723,  107,  635,  472,  801,  661,  649,  555,  307,  404,   21,  219,  702,  596,   70,  223,  443,   34,  211,  822,  573,  873,  407,  659,  321,  294,   23,  296,  917,  816,  836,  913,  721,  788,  274,  315,  241,  606],
        [  138,    0,  368,  414,  751,  226,    0,  265,  946,  810,  366,  376,  431,  660,  844,  656,  219,  538,  253,  100,  596,  230,  317,  223, 1027,  645,  341,  349,  665,  643,  675,  499,  255,  986,   54,  617,  524,  596,  670,  415,  619,  519,  855,  722,  221,  544,  400,  787,  783,  656,  112,  932,  572,  796,  275,  450,  400,  290,  253,  761,  756,  685,  194,  922,  994,  742,  552,  141,  408,  124,  221,  633,  813,  800,  318,  480,  353,  438,  228,  448,  878,  590,  259,  400,  829,  872,  440,  669, 1009,  205,  631,  498,  590,  132,  592,  266,  567,  249,  805,  518,  599,  341,  114,  223,  224,  436,  777,  729,  272,  235,  479,  216,  176,  782,  646, 1018,  615,  818,  348,  518,  215,  445,  860,  890,  843, 1051,  788,  805,  490,  207,  280,  550],
        [  317,    0,  183,  151,  663,  420,  265,    0,  700,  693,  187,  303,  178,  585,  593,  640,   87,  447,  402,  362,  745,  413,  525,   89,  989,  519,  245,  339,  721,  451,  795,  387,  141,  903,  259,  782,  263,  686,  783,  386,  509,  263,  849,  573,  445,  499,  552,  550,  709,  635,  294,  838,  619,  802,  373,  616,  235,   85,   77,  690,  809,  431,   71,  851,  924,  808,  290,  134,  160,  183,  364,  369,  830,  596,  367,  538,  174,  202,  268,  490,  879,  439,   79,  326,  809,  625,  334,  593,  919,  210,  467,  245,  326,  259,  328,  390,  333,  221,  614,  254,  376,  218,  154,   64,  407,  571,  663,  692,  427,  252,  372,  393,  221,  556,  546,  974,  709,  809,  287,  669,  400,  481,  620,  766,  652,  995,  663,  627,  615,  114,  281,  328],
        [  933,    0,  587,  578,  638, 1007,  946,  700,    0,  567,  749,  672,  608,  652,  112,  801,  779,  612,  950, 1028, 1167,  990, 1096,  724,  925,  526,  660,  753,  981,  375, 1149,  585,  806,  752,  919, 1224,  523, 1025, 1128,  726,  567,  439,  921,  459, 1055,  706, 1042,  167,  687,  786,  924,  685,  911,  923,  886, 1104,  572,  728,  693,  689, 1028,  273,  762,  758,  802, 1053,  427,  805,  632,  882,  926,  369,  964,  262,  828,  896,  601,  644,  808,  852,  955,  483,  688,  663,  867,   76,  611,  652,  740,  895,  442,  455,  434,  876,  423,  919,  381,  889,  312,  499,  358,  819,  847,  761,  987, 1030,  568,  771,  971,  785,  597,  974,  813,  197,  591,  900, 1045,  891,  692, 1118,  985,  841,   91,  565,  309,  881,  537,  358, 1041,  741,  768,  403],
        [  717,    0,  511,  684,   96,  734,  810,  693,  567,    0,  855,  435,  747,  174,  560,  296,  773,  272,  663,  845,  718,  714,  782,  646,  373,  175,  477,  472,  477,  306,  663,  316,  834,  227,  760,  777,  729,  555,  640,  408,  192,  576,  358,  145,  791,  296,  672,  460,  128,  282,  726,  154,  446,  371,  597,  716,  459,  770,  631,  138,  496,  552,  711,  203,  264,  529,  618,  708,  755,  825,  661,  643,  411,  312,  530,  481,  520,  797,  588,  462,  391,  259,  626,  410,  305,  545,  376,  167,  234,  889,  247,  562,  683,  686,  670,  628,  469,  910,  258,  691,  418,  904,  768,  749,  714,  639,   33,  233,  671,  576,  335,  706,  634,  406,  165,  350,  568,  332,  463,  698,  718,  455,  500,   82,  260,  346,   37,  210,  624,  642,  534,  439],
        [  464,    0,  352,  187,  835,  568,  366,  187,  749,  855,    0,  488,  142,  761,  638,  825,  158,  623,  565,  465,  916,  565,  670,  271, 1167,  682,  429,  525,  907,  583,  973,  562,  113, 1072,  385,  949,  232,  868,  963,  572,  679,  330, 1034,  724,  580,  683,  720,  624,  883,  819,  437, 1004,  805,  988,  548,  780,  404,  105,  264,  865,  995,  480,  224, 1024, 1096,  994,  326,  284,  120,  245,  527,  383, 1016,  707,  550,  723,  346,  109,  446,  675, 1064,  596,  266,  510,  992,  675,  512,  769, 1085,  193,  616,  327,  320,  415,  330,  560,  433,  164,  736,  251,  486,   71,  263,  170,  559,  744,  826,  874,  590,  432,  548,  547,  393,  645,  718, 1151,  891,  993,  473,  839,  551,  667,  683,  922,  772, 1170,  822,  758,  791,  294,  465,  444],
        [  297,    0,  162,  370,  382,  346,  376,  303,  672,  435,  488,    0,  430,  295,  592,  338,  367,  164,  282,  420,  529,  327,  427,  231,  690,  271,   60,   83,  436,  310,  547,  125,  434,  622,  328,  580,  467,  425,  530,   91,  244,  355,  546,  352,  399,  197,  375,  506,  421,  332,  300,  563,  336,  500,  216,  440,  129,  387,  228,  400,  519,  467,  297,  563,  636,  524,  408,  279,  425,  397,  264,  481,  529,  467,  157,  273,  159,  473,  162,  221,  576,  228,  225,   26,  506,  607,   70,  304,  642,  470,  274,  328,  477,  257,  470,  250,  321,  498,  457,  437,  320,  519,  339,  344,  325,  371,  402,  391,  301,  145,  105,  313,  200,  481,  272,  677,  448,  506,   29,  467,  325,  210,  581,  515,  493,  702,  412,  447,  395,  220,  109,  285],
        [  494,    0,  273,   65,  738,  598,  431,  178,  608,  747,  142,  430,    0,  674,  497,  758,  215,  540,  577,  530,  914,  590,  702,  260, 1079,  580,  373,  486,  864,  460,  956,  476,  212,  969,  433,  954,   99,  842,  943,  520,  583,  194,  962,  610,  622,  613,  725,  483,  790,  750,  471,  899,  763,  922,  544,  790,  321,  146,  238,  774,  949,  339,  245,  927,  998,  952,  185,  310,   26,  325,  540,  243,  954,  573,  528,  691,  273,   51,  437,  640,  994,  489,  237,  447,  916,  534,  436,  681,  979,  304,  502,  195,  183,  437,  191,  563,  301,  289,  605,  111,  356,  211,  317,  208,  584,  741,  721,  795,  603,  418,  466,  571,  396,  506,  623, 1061,  865,  921,  422,  840,  578,  630,  542,  809,  641, 1075,  713,  631,  782,  287,  439,  318],
        [  556,    0,  410,  609,   93,  565,  660,  585,  652,  174,  761,  295,  674,    0,  616,  150,  657,  139,  493,  685,  556,  545,  609,  523,  407,  131,  347,  313,  334,  308,  513,  200,  721,  328,  608,  615,  678,  397,  491,  247,  102,  532,  303,  197,  622,  125,  498,  512,  126,  134,  568,  273,  283,  284,  429,  544,  358,  667,  514,  106,  377,  560,  588,  269,  342,  402,  582,  573,  677,  691,  495,  628,  323,  392,  364,  308,  416,  722,  434,  289,  338,  211,  510,  270,  252,  612,  251,    9,  350,  764,  231,  512,  653,  532,  641,  459,  442,  791,  350,  642,  403,  802,  633,  633,  546,  467,  144,  134,  500,  425,  214,  538,  486,  464,   65,  391,  413,  266,  320,  529,  550,  282,  571,  254,  369,  411,  170,  312,  454,  513,  381,  404],
        [  839,    0,  492,  468,  618,  918,  844,  593,  112,  560,  638,  592,  497,  616,    0,  761,  671,  555,  865,  929, 1103,  902, 1011,  622,  930,  486,  574,  674,  935,  317, 1095,  519,  696,  765,  820, 1158,  412,  969, 1074,  655,  523,  331,  902,  434,  963,  652,  966,  105,  671,  746,  828,  694,  857,  897,  802, 1030,  483,  618,  591,  668,  990,  163,  657,  760,  811, 1012,  316,  703,  521,  776,  838,  258,  936,  251,  748,  832,  505,  533,  719,  786,  937,  427,  586,  587,  848,   41,  536,  617,  757,  785,  391,  349,  323,  781,  312,  835,  284,  779,  306,  388,  273,  708,  743,  653,  898,  958,  555,  743,  886,  696,  528,  885,  719,  156,  553,  906,  990,  869,  610, 1050,  896,  774,   75,  574,  316,  893,  527,  354,  974,  641,  682,  312],
        [  532,    0,  486,  695,  200,  513,  656,  640,  801,  296,  825,  338,  758,  150,  761,    0,  700,  232,  445,  659,  423,  494,  533,  565,  373,  277,  397,  318,  186,  448,  369,  291,  767,  364,  602,  483,  779,  259,  346,  258,  239,  642,  210,  346,  568,  146,  406,  658,  188,   16,  551,  335,  155,  165,  392,  438,  439,  725,  565,  168,  229,  693,  628,  293,  356,  253,  694,  597,  757,  712,  458,  749,  198,  542,  338,  215,  487,  804,  433,  220,  239,  343,  562,  316,  174,  759,  323,  152,  395,  793,  372,  619,  766,  524,  756,  415,  564,  826,  499,  744,  532,  856,  654,  678,  497,  367,  273,   86,  444,  433,  297,  493,  493,  611,  210,  364,  273,  170,  355,  410,  503,  219,  719,  364,  518,  402,  305,  460,  340,  549,  389,  525],
        [  306,    0,  266,  211,  738,  411,  219,   87,  779,  773,  158,  367,  215,  657,  671,  700,    0,  520,  408,  319,  760,  407,  513,  136, 1057,  599,  311,  388,  764,  537,  820,  463,   68,  979,  230,  791,  311,  719,  810,  443,  587,  341,  909,  657,  425,  564,  562,  633,  782,  696,  280,  915,  663,  859,  393,  623,  316,   71,  144,  762,  854,  509,   74,  925,  998,  849,  361,  127,  191,  111,  369,  437,  884,  682,  402,  577,  255,  220,  296,  532,  938,  522,  148,  391,  872,  704,  407,  665,  996,  123,  552,  325,  386,  257,  391,  404,  418,  138,  700,  312,  462,  161,  108,   25,  402,  588,  743,  757,  432,  285,  446,  389,  239,  641,  622, 1043,  741,  870,  346,  682,  393,  524,  701,  847,  739, 1067,  744,  713,  636,  152,  322,  414],
        [  448,    0,  273,  476,  220,  476,  538,  447,  612,  272,  623,  164,  540,  139,  555,  232,  520,    0,  406,  575,  556,  456,  539,  386,  544,  120,  212,  204,  386,  239,  541,   64,  584,  461,  489,  614,  552,  415,  520,  146,   84,  411,  425,  210,  533,   99,  451,  455,  263,  220,  455,  400,  303,  392,  338,  508,  222,  529,  377,  243,  452,  468,  452,  406,  479,  468,  463,  441,  541,  559,  399,  519,  428,  370,  270,  286,  278,  588,  317,  246,  458,  130,  372,  139,  377,  559,  114,  147,  480,  628,  172,  389,  535,  415,  525,  371,  334,  654,  344,  516,  306,  664,  501,  495,  456,  430,  239,  256,  418,  305,   76,  446,  362,  416,  108,  529,  436,  385,  192,  512,  458,  235,  524,  353,  374,  549,  252,  321,  434,  379,  263,  294],
        [  116,    0,  383,  536,  585,   72,  253,  402,  950,  663,  565,  282,  577,  493,  865,  445,  408,  406,    0,  222,  354,   52,  147,  317,  812,  526,  292,  209,  420,  592,  425,  395,  466,  801,  205,  384,  650,  344,  419,  261,  488,  584,  629,  615,  129,  369,  156,  784,  603,  449,  143,  758,  334,  566,   69,  216,  382,  467,  341,  581,  509,  726,  345,  732,  799,  493,  632,  282,  561,  356,   39,  713,  577,  748,  137,  243,  372,  603,  152,  225,  647,  505,  344,  296,  610,  883,  350,  502,  829,  445,  551,  558,  690,  152,  687,   36,  584,  487,  735,  631,  594,  561,  312,  397,   53,  185,  630,  527,   26,  175,  376,   49,  182,  762,  502,  806,  363,  595,  260,  276,   59,  227,  860,  744,  769,  846,  650,  720,  238,  290,  183,  553],
        [  130,    0,  443,  512,  778,  170,  100,  362, 1028,  845,  465,  420,  530,  685,  929,  659,  319,  575,  222,    0,  535,  182,  240,  309, 1029,  689,  397,  374,  640,  708,  624,  544,  352, 1005,  110,  548,  622,  560,  622,  439,  658,  610,  849,  772,  144,  564,  347,  866,  804,  661,  120,  957,  555,  786,  267,  387,  468,  390,  340,  781,  729,  773,  291,  938, 1008,  711,  645,  232,  507,  221,  202,  727,  798,  868,  326,  464,  429,  538,  260,  441,  868,  645,  345,  442,  828,  955,  488,  694, 1031,  293,  688,  587,  686,  164,  688,  247,  648,  337,  867,  615,  676,  435,  213,  322,  178,  388,  812,  738,  233,  275,  524,  175,  226,  858,  680, 1022,  576,  814,  392,  458,  169,  441,  941,  927,  904, 1060,  826,  863,  443,  289,  314,  628],
        [  465,    0,  679,  865,  622,  372,  596,  745, 1167,  718,  916,  529,  914,  556, 1103,  423,  760,  556,  354,  535,    0,  367,  301,  657,  688,  656,  570,  451,  261,  793,  112,  586,  819,  756,  554,   60,  975,  165,  124,  452,  613,  881,  497,  742,  393,  467,  199, 1007,  608,  437,  493,  745,  274,  434,  372,  149,  657,  816,  676,  590,  306,  992,  694,  685,  731,  270,  933,  634,  901,  707,  392, 1008,  418,  923,  391,  272,  671,  946,  478,  318,  496,  685,  678,  527,  510, 1112,  572,  561,  790,  796,  727,  854,  999,  505,  994,  357,  847,  839,  891,  950,  838,  914,  666,  747,  373,  174,  693,  499,  330,  497,  576,  382,  526,  971,  601,  693,  156,  481,  522,   79,  382,  330, 1078,  787,  916,  745,  723,  860,  136,  631,  479,  810],
        [  102,    0,  415,  553,  636,   21,  230,  413,  990,  714,  565,  327,  590,  545,  902,  494,  407,  456,   52,  182,  367,    0,  115,  332,  860,  575,  330,  257,  459,  636,  447,  443,  461,  851,  189,  390,  668,  378,  444,  311,  538,  613,  675,  664,   78,  421,  170,  824,  655,  499,  130,  810,  378,  611,  119,  221,  419,  471,  359,  632,  548,  759,  350,  782,  849,  529,  658,  285,  572,  343,   65,  740,  620,  793,  187,  289,  403,  612,  184,  275,  692,  552,  362,  343,  658,  922,  395,  553,  880,  430,  598,  586,  713,  154,  711,   87,  619,  474,  782,  651,  632,  555,  306,  399,    6,  209,  682,  577,   53,  207,  424,   20,  199,  804,  553,  855,  395,  641,  303,  288,   16,  277,  900,  796,  817,  895,  701,  768,  263,  306,  223,  590],
        [  209,    0,  527,  667,  698,  105,  317,  525, 1096,  782,  670,  427,  702,  609, 1011,  533,  513,  539,  147,  240,  301,  115,    0,  446,  882,  658,  438,  350,  457,  736,  398,  534,  563,  896,  286,  309,  782,  360,  400,  395,  618,  726,  690,  748,   98,  487,  139,  930,  708,  541,  234,  862,  395,  624,  212,  155,  528,  579,  473,  685,  537,  871,  460,  825,  887,  512,  772,  395,  684,  438,  175,  854,  626,  890,  275,  319,  515,  723,  295,  323,  703,  645,  476,  439,  682, 1029,  493,  617,  927,  521,  692,  700,  828,  266,  826,  178,  730,  565,  875,  765,  740,  654,  408,  507,  120,  185,  750,  618,  126,  319,  517,  134,  314,  908,  626,  880,  372,  661,  405,  227,  126,  329, 1006,  862,  908,  925,  773,  857,  235,  419,  329,  699],
        [  242,    0,  154,  221,  606,  342,  223,   89,  724,  646,  271,  231,  260,  523,  622,  565,  136,  386,  317,  309,  657,  332,  446,    0,  921,  472,  176,  256,  636,  434,  707,  332,  203,  847,  200,  695,  336,  599,  695,  308,  457,  301,  774,  537,  372,  428,  466,  565,  648,  560,  223,  784,  534,  725,  286,  530,  196,  167,   31,  628,  725,  464,   67,  791,  864,  723,  339,   82,  245,  184,  280,  421,  751,  588,  280,  452,  140,  289,  180,  404,  803,  401,   37,  256,  736,  650,  274,  531,  865,  243,  436,  278,  387,  182,  387,  304,  345,  269,  598,  321,  379,  292,  133,  114,  327,  484,  614,  622,  343,  164,  314,  313,  136,  563,  491,  908,  621,  734,  211,  582,  321,  396,  639,  722,  637,  932,  618,  605,  527,   27,  194,  330],
        [  904,    0,  817, 1015,  345,  878, 1027,  989,  925,  373, 1167,  690, 1079,  407,  930,  373, 1057,  544,  812, 1029,  688,  860,  882,  921,    0,  508,  747,  685,  437,  670,  590,  607, 1123,  180,  974,  738, 1078,  542,  571,  622,  497,  927,  195,  513,  930,  495,  746,  830,  291,  372,  923,  240,  488,  261,  763,  760,  765, 1071,  916,  306,  384,  922,  986,  171,  128,  422,  974,  962, 1083, 1079,  828, 1008,  270,  680,  710,  572,  822, 1128,  804,  589,  193,  599,  912,  666,  203,  912,  656,  400,  204, 1157,  602,  910, 1042,  896, 1030,  784,  827, 1188,  625, 1040,  780, 1206, 1021, 1033,  863,  702,  385,  302,  808,  802,  620,  860,  862,  776,  457,   26,  541,  221,  712,  709,  870,  589,  866,  361,  619,   71,  408,  577,  660,  909,  757,  793],
        [  563,    0,  336,  516,  163,  595,  645,  519,  526,  175,  682,  271,  580,  131,  486,  277,  599,  120,  526,  689,  656,  575,  658,  472,  508,    0,  307,  322,  455,  178,  627,  147,  660,  391,  598,  715,  571,  505,  605,  265,   44,  420,  430,   92,  652,  191,  566,  382,  217,  261,  569,  322,  390,  415,  457,  620,  285,  596,  457,  206,  505,  432,  538,  349,  419,  529,  467,  537,  586,  653,  517,  506,  454,  271,  389,  391,  346,  630,  430,  357,  465,   92,  452,  248,  377,  483,  206,  134,  403,  715,  102,  403,  536,  527,  524,  490,  322,  736,  236,  534,  278,  731,  597,  574,  575,  543,  145,  262,  538,  415,  167,  565,  470,  335,   68,  488,  524,  393,  299,  618,  577,  347,  443,  250,  262,  497,  146,  207,  541,  470,  376,  286],
        [  282,    0,  110,  314,  432,  347,  341,  245,  660,  477,  429,   60,  373,  347,  574,  397,  311,  212,  292,  397,  570,  330,  438,  176,  747,  307,    0,  120,  492,  314,  595,  162,  377,  672,  297,  618,  415,  476,  580,  148,  286,  312,  605,  382,  397,  255,  403,  494,  473,  391,  280,  611,  391,  560,  230,  470,   92,  329,  170,  453,  577,  438,  242,  616,  689,  580,  364,  231,  367,  348,  266,  440,  588,  474,  184,  323,  104,  415,  150,  271,  635,  250,  167,   82,  565,  592,  102,  356,  691,  417,  292,  285,  431,  234,  425,  262,  294,  444,  470,  386,  303,  461,  291,  287,  327,  405,  445,  448,  313,  129,  142,  314,  172,  475,  318,  733,  499,  565,   51,  504,  326,  261,  570,  556,  508,  756,  452,  467,  435,  167,  109,  262],
        [  246,    0,  230,  429,  405,  276,  349,  339,  753,  472,  525,   83,  486,  313,  674,  318,  388,  204,  209,  374,  451,  257,  350,  256,  685,  322,  120,    0,  383,  387,  476,  187,  455,  638,  296,  500,  533,  358,  461,   67,  287,  431,  525,  409,  332,  196,  293,  587,  435,  315,  256,  586,  281,  473,  140,  358,  207,  421,  262,  413,  471,  548,  315,  574,  646,  470,  483,  280,  477,  395,  197,  558,  497,  541,   76,  206,  224,  525,  121,  155,  552,  297,  261,   90,  492,  689,  144,  322,  662,  476,  343,  404,  550,  219,  544,  174,  403,  510,  526,  505,  402,  547,  337,  368,  256,  289,  439,  385,  225,  117,  168,  245,  177,  561,  307,  675,  381,  486,   71,  386,  257,  145,  662,  553,  561,  705,  454,  512,  316,  237,   72,  367],
        [  529,    0,  597,  805,  382,  474,  665,  721,  981,  477,  907,  436,  864,  334,  935,  186,  764,  386,  420,  640,  261,  459,  457,  636,  437,  455,  492,  383,    0,  619,  187,  436,  830,  495,  613,  317,  902,  105,  164,  346,  415,  778,  243,  530,  520,  288,  319,  833,  358,  201,  553,  487,  103,  177,  392,  325,  558,  803,  644,  342,   92,  853,  691,  425,  471,   89,  832,  645,  858,  748,  446,  895,  172,  724,  364,  189,  594,  906,  471,  233,  249,  510,  643,  422,  251,  936,  448,  336,  530,  836,  545,  753,  903,  542,  894,  400,  715,  875,  683,  870,  691,  924,  695,  745,  464,  273,  456,  248,  408,  480,  434,  465,  531,  789,  391,  440,  107,  223,  443,  273,  472,  240,  897,  539,  702,  489,  488,  645,  226,  615,  443,  675],
        [  596,    0,  281,  400,  331,  654,  643,  451,  375,  306,  583,  310,  460,  308,  317,  448,  537,  239,  592,  708,  793,  636,  736,  434,  670,  178,  314,  387,  619,    0,  779,  210,  588,  532,  604,  849,  429,  654,  758,  353,  210,  276,  606,  161,  707,  335,  670,  217,  386,  433,  593,  459,  541,  592,  525,  732,  244,  514,  410,  378,  676,  256,  491,  504,  568,  697,  314,  512,  472,  616,  573,  339,  631,  160,  462,  521,  295,  510,  462,  477,  641,  110,  404,  297,  553,  321,  243,  310,  536,  660,   77,  267,  378,  546,  365,  559,  166,  671,  165,  391,  113,  642,  567,  514,  634,  656,  287,  439,  610,  442,  224,  622,  483,  179,  244,  649,  674,  570,  334,  744,  634,  466,  286,  356,  203,  650,  270,  177,  667,  442,  415,  142],
        [  539,    0,  705,  902,  567,  456,  675,  795, 1149,  663,  973,  547,  956,  513, 1095,  369,  820,  541,  425,  624,  112,  447,  398,  707,  590,  627,  595,  476,  187,  779,    0,  580,  882,  673,  629,  151, 1008,  126,   23,  462,  584,  901,  403,  707,  485,  444,  278,  995,  545,  384,  567,  670,  239,  344,  427,  244,  675,  870,  722,  529,  207,  997,  750,  604,  644,  169,  954,  694,  945,  779,  460, 1025,  323,  897,  429,  275,  699,  992,  528,  326,  398,  669,  722,  539,  424, 1099,  578,  516,  708,  868,  708,  874, 1023,  571, 1016,  420,  854,  911,  859,  980,  838,  978,  733,  805,  453,  240,  641,  434,  404,  544,  574,  460,  582,  954,  566,  597,  105,  393,  545,  172,  462,  338, 1062,  725,  881,  650,  673,  824,  187,  682,  518,  815],
        [  421,    0,  211,  412,  276,  462,  499,  387,  585,  316,  562,  125,  476,  200,  519,  291,  463,   64,  395,  544,  586,  443,  534,  332,  607,  147,  162,  187,  436,  210,  580,    0,  526,  517,  452,  641,  489,  454,  561,  144,  125,  351,  488,  228,  517,  151,  461,  423,  322,  281,  425,  453,  347,  454,  326,  522,  159,  469,  320,  304,  506,  419,  398,  464,  537,  520,  404,  392,  478,  509,  381,  462,  488,  358,  260,  314,  217,  524,  286,  268,  521,  111,  315,  104,  441,  527,   60,  208,  534,  575,  158,  328,  476,  381,  466,  360,  280,  599,  341,  454,  258,  604,  452,  438,  441,  446,  284,  320,  410,  270,   21,  430,  324,  389,  160,  590,  476,  448,  154,  534,  442,  257,  495,  395,  375,  609,  291,  326,  458,  327,  233,  240],
        [  359,    0,  324,  228,  802,  463,  255,  141,  806,  834,  113,  434,  212,  721,  696,  767,   68,  584,  466,  352,  819,  461,  563,  203, 1123,  660,  377,  455,  830,  588,  882,  526,    0, 1042,  277,  848,  311,  783,  873,  510,  649,  370,  976,  714,  470,  630,  621,  666,  846,  763,  332,  978,  729,  926,  456,  679,  376,   79,  208,  827,  920,  533,  141,  989, 1062,  915,  381,  188,  187,  133,  428,  450,  951,  727,  467,  643,  315,  201,  361,  598, 1005,  580,  212,  457,  939,  730,  471,  730, 1059,   93,  607,  358,  394,  315,  401,  464,  457,   86,  749,  320,  505,   96,  156,   90,  455,  648,  804,  824,  490,  351,  510,  443,  303,  679,  686, 1109,  805,  937,  413,  741,  446,  591,  732,  907,  787, 1132,  804,  764,  697,  219,  389,  458],
        [  876,    0,  723,  906,  241,  871,  986,  903,  752,  227, 1072,  622,  969,  328,  765,  364,  979,  461,  801, 1005,  756,  851,  896,  847,  180,  391,  672,  638,  495,  532,  673,  517, 1042,    0,  934,  812,  954,  595,  651,  572,  394,  802,  280,  371,  927,  443,  768,  669,  203,  356,  890,   74,  511,  331,  742,  797,  670,  983,  836,  226,  472,  774,  913,   73,   52,  511,  844,  900,  976, 1018,  808,  868,  359,  516,  680,  578,  730, 1019,  759,  579,  300,  480,  831,  597,  250,  744,  573,  319,   36, 1089,  472,  788,  909,  857,  896,  768,  696, 1114,  461,  917,  644, 1118,  960,  955,  853,  728,  250,  278,  802,  752,  534,  848,  812,  615,  357,  155,  601,  281,  648,  759,  859,  576,  698,  192,  450,  130,  263,  413,  697,  839,  707,  665],
        [   90,    0,  335,  409,  700,  188,   54,  259,  919,  760,  385,  328,  433,  608,  820,  602,  230,  489,  205,  110,  554,  189,  286,  200,  974,  598,  297,  296,  613,  604,  629,  452,  277,  934,    0,  578,  521,  546,  623,  362,  570,  501,  802,  677,  195,  491,  356,  758,  731,  602,   62,  881,  519,  743,  222,  410,  362,  299,  231,  709,  704,  664,  189,  870,  941,  691,  538,  126,  411,  155,  171,  620,  759,  763,  265,  427,  321,  446,  175,  394,  824,  547,  237,  352,  775,  846,  393,  617,  958,  242,  588,  478,  581,   78,  582,  216,  539,  286,  765,  512,  567,  368,  123,  228,  183,  390,  728,  676,  226,  185,  431,  173,  128,  750,  596,  965,  565,  765,  299,  475,  174,  391,  832,  841,  803,  998,  739,  763,  443,  180,  228,  520],
        [  491,    0,  726,  907,  682,  392,  617,  782, 1224,  777,  949,  580,  954,  615, 1158,  483,  791,  614,  384,  548,   60,  390,  309,  695,  738,  715,  618,  500,  317,  849,  151,  641,  848,  812,  578,    0, 1018,  224,  168,  506,  671,  929,  549,  801,  405,  525,  230, 1063,  667,  497,  519,  802,  333,  487,  411,  170,  706,  850,  716,  649,  355, 1045,  728,  741,  786,  317,  981,  666,  939,  732,  422, 1057,  470,  982,  436,  329,  717,  983,  517,  373,  546,  742,  717,  579,  565, 1168,  625,  620,  846,  819,  785,  902, 1046,  535, 1041,  392,  899,  863,  950,  994,  891,  943,  694,  780,  396,  215,  752,  558,  360,  537,  631,  407,  561, 1028,  660,  745,  213,  535,  570,  115,  405,  385, 1134,  846,  975,  797,  782,  919,  186,  668,  523,  862],
        [  576,    0,  306,  115,  733,  677,  524,  263,  523,  729,  232,  467,   99,  678,  412,  779,  311,  552,  650,  622,  975,  668,  782,  336, 1078,  571,  415,  533,  902,  429, 1008,  489,  311,  954,  521, 1018,    0,  890,  993,  557,  582,  153,  976,  587,  705,  635,  792,  412,  787,  769,  555,  882,  802,  942,  609,  858,  345,  244,  310,  773,  982,  261,  333,  919,  987,  990,  119,  397,  125,  422,  614,  154,  976,  519,  585,  737,  311,  124,  503,  685, 1009,  479,  307,  481,  927,  450,  458,  685,  961,  403,  483,  168,   90,  517,  100,  633,  263,  386,  558,   38,  317,  301,  411,  303,  663,  804,  706,  806,  675,  482,  483,  648,  470,  442,  623, 1058,  913,  936,  465,  904,  656,  675,  463,  783,  592, 1067,  693,  590,  841,  363,  497,  290],
        [  458,    0,  585,  786,  459,  391,  596,  686, 1025,  555,  868,  425,  842,  397,  969,  259,  719,  415,  344,  560,  165,  378,  360,  599,  542,  505,  476,  358,  105,  654,  126,  454,  783,  595,  546,  224,  890,    0,  107,  338,  462,  778,  348,  587,  431,  320,  223,  870,  444,  274,  484,  581,  116,  282,  330,  222,  553,  765,  611,  426,  178,  871,  647,  524,  574,  153,  832,  595,  833,  690,  375,  901,  275,  775,  320,  153,  580,  880,  423,  205,  353,  544,  611,  416,  354,  974,  453,  401,  629,  779,  584,  752,  901,  480,  894,  331,  729,  819,  739,  861,  712,  879,  639,  702,  383,  178,  531,  335,  328,  437,  448,  387,  481,  830,  446,  545,   24,  327,  425,  168,  392,  216,  938,  623,  762,  594,  561,  705,  126,  575,  406,  690],
        [  534,    0,  689,  888,  544,  453,  670,  783, 1128,  640,  963,  530,  943,  491, 1074,  346,  810,  520,  419,  622,  124,  444,  400,  695,  571,  605,  580,  461,  164,  758,   23,  561,  873,  651,  623,  168,  993,  107,    0,  444,  563,  884,  383,  685,  485,  424,  276,  974,  522,  361,  561,  648,  218,  323,  417,  247,  659,  859,  710,  506,  188,  978,  740,  582,  623,  150,  938,  685,  932,  772,  453, 1008,  303,  875,  417,  258,  684,  979,  517,  310,  379,  649,  710,  522,  403, 1079,  560,  494,  686,  861,  688,  858, 1007,  563, 1000,  412,  836,  903,  838,  965,  819,  969,  725,  795,  449,  236,  619,  412,  399,  532,  555,  456,  572,  934,  544,  578,   85,  372,  529,  176,  459,  321, 1042,  703,  859,  630,  650,  802,  181,  670,  505,  797],
        [  310,    0,  252,  460,  340,  331,  415,  386,  726,  408,  572,   91,  520,  247,  655,  258,  443,  146,  261,  439,  452,  311,  395,  308,  622,  265,  148,   67,  346,  353,  462,  144,  510,  572,  362,  506,  557,  338,  444,    0,  228,  441,  467,  355,  388,  130,  318,  562,  369,  254,  321,  520,  246,  417,  193,  379,  216,  470,  310,  347,  430,  541,  370,  508,  580,  434,  494,  341,  514,  457,  255,  564,  444,  501,  125,  188,  249,  562,  188,  137,  495,  254,  307,   79,  431,  666,  120,  256,  596,  537,  300,  414,  564,  285,  557,  226,  396,  569,  481,  526,  386,  599,  399,  421,  311,  305,  375,  321,  273,  182,  129,  302,  243,  531,  244,  611,  361,  427,  100,  396,  314,  125,  635,  490,  514,  640,  392,  463,  320,  292,  137,  358],
        [  531,    0,  329,  519,  157,  558,  619,  509,  567,  192,  679,  244,  583,  102,  523,  239,  587,   84,  488,  658,  613,  538,  618,  457,  497,   44,  286,  287,  415,  210,  584,  125,  649,  394,  570,  671,  582,  462,  563,  228,    0,  433,  404,  134,  615,  147,  524,  420,  207,  224,  538,  329,  347,  384,  420,  577,  276,  589,  444,  192,  468,  460,  522,  346,  418,  490,  482,  516,  588,  634,  482,  527,  423,  313,  352,  348,  336,  632,  399,  314,  439,  110,  439,  219,  353,  522,  184,  106,  410,  699,  133,  414,  553,  497,  541,  453,  341,  723,  279,  545,  302,  724,  577,  562,  538,  500,  160,  235,  499,  386,  144,  529,  443,  375,   41,  479,  481,  367,  272,  575,  541,  304,  483,  272,  306,  493,  169,  250,  497,  451,  345,  303],
        [  535,    0,  205,  146,  582,  626,  519,  263,  439,  576,  330,  355,  194,  532,  331,  642,  341,  411,  584,  610,  881,  613,  726,  301,  927,  420,  312,  431,  778,  276,  901,  351,  370,  802,  501,  929,  153,  778,  884,  441,  433,    0,  832,  434,  664,  500,  712,  298,  637,  630,  519,  730,  682,  803,  532,  779,  226,  292,  270,  624,  854,  169,  329,  767,  835,  865,   54,  379,  212,  445,  552,  129,  838,  380,  494,  627,  215,  241,  433,  575,  866,  329,  265,  363,  783,  364,  330,  538,  808,  457,  330,   28,  126,  475,  117,  561,  112,  454,  413,  116,  167,  397,  414,  323,  608,  716,  553,  662,  609,  410,  348,  594,  416,  315,  474,  907,  801,  793,  360,  815,  604,  564,  363,  631,  449,  915,  541,  442,  746,  323,  411,  137],
        [  727,    0,  690,  898,  285,  692,  855,  849,  921,  358, 1034,  546,  962,  303,  902,  210,  909,  425,  629,  849,  497,  675,  690,  774,  195,  430,  605,  525,  243,  606,  403,  488,  976,  280,  802,  549,  976,  348,  383,  467,  404,  832,    0,  469,  743,  351,  554,  799,  235,  215,  748,  297,  298,   67,  585,  566,  642,  933,  774,  234,  197,  861,  837,  219,  244,  236,  883,  805,  961,  918,  648,  931,   81,  661,  538,  386,  693, 1009,  638,  410,   36,  513,  771,  524,   55,  893,  527,  299,  315, 1001,  531,  811,  955,  725,  943,  602,  745, 1035,  610,  940,  705, 1065,  861,  887,  678,  509,  353,  171,  623,  639,  496,  677,  698,  747,  366,  198,  347,   41,  564,  515,  686,  412,  848,  389,  616,  249,  385,  564,  466,  758,  596,  706],
        [  648,    0,  392,  548,  185,  684,  722,  573,  459,  145,  724,  352,  610,  197,  434,  346,  657,  210,  615,  772,  742,  664,  748,  537,  513,   92,  382,  409,  530,  161,  707,  228,  714,  371,  677,  801,  587,  587,  685,  355,  134,  434,  469,    0,  740,  279,  657,  330,  238,  331,  652,  298,  472,  466,  546,  711,  343,  646,  518,  235,  571,  409,  600,  345,  408,  598,  474,  606,  620,  720,  605,  499,  506,  197,  479,  480,  403,  660,  513,  447,  504,  136,  513,  331,  415,  425,  284,  195,  376,  776,  109,  422,  539,  608,  526,  580,  326,  794,  154,  549,  274,  778,  666,  632,  664,  633,  128,  314,  628,  497,  248,  653,  550,  278,  142,  491,  605,  437,  381,  707,  666,  438,  381,  199,  175,  490,  109,  118,  630,  538,  460,  297],
        [  131,    0,  473,  591,  713,   58,  221,  445, 1055,  791,  580,  399,  622,  622,  963,  568,  425,  533,  129,  144,  393,   78,   98,  372,  930,  652,  397,  332,  520,  707,  485,  517,  470,  927,  195,  405,  705,  431,  485,  388,  615,  664,  743,  740,    0,  498,  211,  889,  731,  573,  151,  886,  445,  678,  196,  245,  483,  492,  401,  708,  606,  817,  377,  857,  923,  584,  707,  312,  602,  343,  136,  789,  685,  865,  264,  359,  460,  639,  247,  349,  759,  625,  405,  416,  728,  985,  468,  630,  955,  425,  671,  638,  758,  191,  757,  164,  680,  469,  855,  692,  697,  560,  318,  421,   78,  255,  759,  651,  125,  270,  498,   87,  248,  872,  630,  926,  446,  711,  373,  317,   75,  351,  965,  873,  890,  967,  778,  843,  310,  346,  292,  653],
        [  434,    0,  341,  550,  217,  441,  544,  499,  706,  296,  683,  197,  613,  125,  652,  146,  564,   99,  369,  564,  467,  421,  487,  428,  495,  191,  255,  196,  288,  335,  444,  151,  630,  443,  491,  525,  635,  320,  424,  130,  147,  500,  351,  279,  498,    0,  383,  551,  241,  137,  448,  394,  206,  310,  305,  433,  294,  583,  425,  218,  356,  566,  492,  379,  450,  371,  554,  468,  612,  585,  371,  613,  342,  457,  240,  201,  343,  659,  317,  171,  382,  226,  421,  174,  310,  655,  178,  133,  468,  663,  265,  477,  626,  414,  616,  335,  430,  693,  425,  601,  404,  716,  527,  541,  422,  356,  264,  194,  376,  311,  154,  414,  372,  511,  143,  483,  340,  311,  218,  429,  426,  163,  619,  377,  452,  511,  286,  396,  351,  414,  266,  390],
