{
    "name": "random-39-13305",
    "comment": "size=39 seed=13305",
    "nodes": ["+0", "-0", "+1", "-1", "+2", "-2", "+3", "-3", "+4", "-4", "+5", "-5", "+6", "-6", "+7", "-7", "+8", "-8", "+9", "-9", "+10", "-10", "+11", "-11", "+12", "-12", "+13", "-13", "+14", "-14", "+15", "-15", "+16", "-16", "+17", "-17", "+18", "-18", "+19", "-19", "+20", "-20", "+21", "-21", "+22", "-22", "+23", "-23", "+24", "-24", "+25", "-25", "+26", "-26", "+27", "-27", "+28", "-28", "+29", "-29", "+30", "-30", "+31", "-31", "+32", "-32", "+33", "-33", "+34", "-34", "+35", "-35", "+36", "-36", "+37", "-37", "+38", "-38", "+39", "-39"],
    "precedence": {
        "+0": "-0",
        "+1": "-1",
        "+2": "-2",
        "+3": "-3",
        "+4": "-4",
        "+5": "-5",
        "+6": "-6",
        "+7": "-7",
        "+8": "-8",
        "+9": "-9",
        "+10": "-10",
        "+11": "-11",
        "+12": "-12",
        "+13": "-13",
        "+14": "-14",
        "+15": "-15",
        "+16": "-16",
        "+17": "-17",
        "+18": "-18",
        "+19": "-19",
        "+20": "-20",
        "+21": "-21",
        "+22": "-22",
        "+23": "-23",
        "+24": "-24",
        "+25": "-25",
        "+26": "-26",
        "+27": "-27",
        "+28": "-28",
        "+29": "-29",
        "+30": "-30",
        "+31": "-31",
        "+32": "-32",
        "+33": "-33",
        "+34": "-34",
        "+35": "-35",
        "+36": "-36",
        "+37": "-37",
        "+38": "-38",
        "+39": "-39"
    },
    "edges": [
        [    0,    0,  731,  735,  962,  157,  369,  699,  638,  751,  869,  220,  952,  804,  456,  634,  624,  848,  933,  819,  823,  482,  606,  701,  777,  368,  374,  355,  655,  765,  816,  253,  615,  844,  753,  320,  700,  678,  310,  865,  587,  306,  638,  853,  691,  363,  403,  223,  480,  272,  691,  370,  539,  802,  385,  636,  531,  149,  301,  974,  422,  956,  456,  277,  214,  120,  167,  910,   82,  659,  338,  971,  704,  846,  283,  395,  670,  640,  958,  274],
        [    0,    0,  731,  735,  962,  157,  369,  699,  638,  751,  869,  220,  952,  804,  456,  634,  624,  848,  933,  819,  823,  482,  606,  701,  777,  368,  374,  355,  655,  765,  816,  253,  615,  844,  753,  320,  700,  678,  310,  865,  587,  306,  638,  853,  691,  363,  403,  223,  480,  272,  691,  370,  539,  802,  385,  636,  531,  149,  301,  974,  422,  956,  456,  277,  214,  120,  167,  910,   82,  659,  338,  971,  704,  846,  283,  395,  670,  640,  958,  274],
        [  731,  731,    0,  235,  236,  594,  635,  738,  111,  268,  708,  557,  223,  672,  338,  458,  242,  453,  228,  760,  220,  366,  328,  675,  209,  522,  637,  642,  417,  376,  298,  551,  602,  359,  629,  511,  505,  216,  440,  155,  709,  785,  180,  233,  372,  828,  437,  537,  749,  477,  707,  655,  508,  222,  607,  675,  532,  627,  518,  244,  319,  235,  756,  545,  613,  740,  898,  184,  812,  466,  408,  245,  335,  686,  929,  489,  116,   98,  243,  738],
        [  735,  735,  235,    0,  390,  579,  755,  534,  294,  498,  927,  617,  330,  885,  279,  657,  111,  686,  256,  967,  453,  517,  524,  870,  443,  426,  758,  533,  623,  604,  533,  502,  410,  593,  838,  442,  714,  434,  508,  357,  530,  874,  118,  132,  152,  926,  562,  592,  888,  536,  502,  774,  681,   77,  732,  857,  702,  600,  610,  374,  329,  403,  888,  486,  561,  705,  897,  352,  812,  256,  401,  397,  555,  904,  980,  616,  143,  272,  419,  824],
        [  962,  962,  236,  390,    0,  828,  821,  923,  325,  333,  755,  776,   80,  738,  570,  574,  447,  466,  177,  833,  226,  551,  468,  776,  262,  752,  823,  871,  526,  429,  314,  787,  797,  360,  708,  745,  594,  344,  662,  104,  913,  984,  392,  299,  542, 1021,  632,  759,  914,  700,  892,  841,  656,  332,  790,  796,  681,  862,  726,   40,  555,   25,  927,  780,  848,  975, 1127,   52, 1043,  646,  643,   10,  424,  738, 1143,  679,  333,  322,   45,  941],
        [  157,  157,  594,  579,  828,    0,  390,  581,  509,  652,  848,  188,  812,  784,  301,  582,  468,  776,  786,  817,  710,  404,  524,  696,  666,  223,  396,  245,  593,  686,  718,  104,  480,  754,  730,  168,  654,  572,  218,  735,  474,  397,  486,  700,  534,  457,  342,  172,  527,  188,  568,  400,  506,  648,  394,  639,  505,   43,  264,  837,  276,  824,  508,  130,   94,  150,  318,  776,  234,  508,  188,  837,  621,  824,  428,  355,  523,  508,  828,  352],
        [  369,  369,  635,  755,  821,  390,    0,  949,  525,  522,  507,  206,  843,  443,  534,  323,  660,  551,  862,  451,  623,  273,  365,  334,  577,  575,    6,  631,  361,  489,  578,  472,  829,  583,  396,  515,  372,  481,  265,  719,  850,  176,  638,  835,  785,  201,  200,  229,  146,  255,  931,   21,  212,  798,   33,  268,  194,  424,  158,  847,  446,  807,  137,  496,  483,  476,  467,  775,  414,  804,  418,  830,  445,  486,  366,  147,  635,  540,  802,  148],
        [  699,  699,  738,  534,  923,  581,  949,    0,  740,  959, 1316,  746,  861, 1259,  476, 1024,  496, 1139,  779, 1318,  951,  836,  912, 1201,  926,  374,  954,  345, 1011, 1045, 1011,  483,  140, 1068, 1205,  434, 1097,  877,  701,  881,  116,  977,  559,  643,  382, 1038,  824,  722, 1093,  699,   32,  962,  994,  597,  943, 1160, 1004,  563,  797,  906,  566,  935, 1078,  458,  494,  596,  800,  884,  742,  278,  547,  930,  982, 1291,  979,  863,  622,  721,  951,  932],
        [  638,  638,  111,  294,  325,  509,  525,  740,    0,  221,  634,  453,  327,  591,  293,  365,  257,  406,  338,  674,  223,  257,  233,  582,  190,  474,  527,  593,  330,  317,  272,  481,  601,  328,  545,  451,  421,  144,  338,  228,  695,  676,  198,  329,  404,  718,  327,  435,  639,  376,  711,  545,  405,  305,  496,  575,  428,  546,  410,  341,  246,  318,  646,  479,  541,  658,  803,  273,  719,  483,  331,  334,  263,  611,  824,  379,  152,   23,  321,  629],
        [  751,  751,  268,  498,  333,  652,  522,  959,  221,    0,  447,  537,  383,  418,  500,  242,  476,  188,  444,  511,  109,  275,  159,  445,   75,  670,  522,  785,  193,  110,   66,  652,  820,  111,  382,  637,  263,   87,  443,  242,  909,  695,  416,  494,  622,  722,  361,  529,  595,  480,  930,  541,  333,  489,  490,  464,  359,  693,  467,  368,  432,  313,  611,  656,  706,  800,  905,  300,  827,  703,  502,  340,   92,  427,  874,  394,  362,  242,  302,  658],
        [  869,  869,  708,  927,  755,  848,  507, 1316,  634,  447,    0,  667,  818,   66,  841,  292,  880,  291,  888,  111,  537,  481,  413,  179,  518,  967,  503, 1058,  311,  338,  444,  899, 1179,  396,  118,  915,  221,  495,  645,  679, 1241,  650,  828,  939, 1030,  637,  513,  678,  456,  664, 1290,  512,  343,  929,  486,  250,  343,  888,  586,  794,  750,  732,  486,  915,  932,  964,  973,  733,  920, 1094,  780,  760,  374,   25,  843,  493,  785,  657,  715,  643],
        [  220,  220,  557,  617,  776,  188,  206,  746,  453,  537,  667,    0,  778,  602,  362,  417,  511,  629,  775,  631,  616,  265,  389,  510,  569,  373,  211,  426,  437,  546,  602,  267,  630,  627,  550,  313,  485,  469,  117,  675,  646,  262,  506,  718,  618,  319,  184,   28,  348,   83,  729,  217,  328,  673,  206,  452,  324,  226,   84,  793,  289,  767,  333,  291,  280,  299,  368,  725,  291,  621,  234,  785,  486,  644,  374,  179,  521,  460,  767,  211],
        [  952,  952,  223,  330,   80,  812,  843,  861,  327,  383,  818,  778,    0,  797,  538,  618,  400,  532,   98,  891,  282,  571,  503,  827,  309,  716,  845,  833,  571,  486,  374,  761,  739,  425,  764,  714,  646,  377,  662,  142,  858, 1000,  351,  226,  480, 1040,  648,  759,  945,  699,  830,  863,  691,  265,  813,  841,  717,  843,  736,   48,  536,  103,  955,  752,  823,  956, 1119,   85, 1033,  585,  624,   83,  472,  800, 1150,  698,  297,  318,  124,  954],
        [  804,  804,  672,  885,  738,  784,  443, 1259,  591,  418,   66,  602,  797,    0,  786,  238,  833,  282,  862,   97,  515,  424,  365,  119,  491,  907,  438,  997,  263,  311,  425,  836, 1123,  382,   55,  855,  172,  457,  583,  656, 1182,  588,  782,  904,  982,  577,  451,  614,  397,  601, 1234,  448,  279,  891,  421,  189,  279,  824,  522,  776,  694,  715,  426,  853,  868,  900,  908,  712,  855, 1042,  721,  743,  338,   44,  782,  429,  743,  614,  699,  580],
        [  456,  456,  338,  279,  570,  301,  534,  476,  293,  500,  841,  362,  538,  786,    0,  550,  168,  670,  498,  850,  515,  365,  437,  736,  481,  185,  538,  304,  535,  576,  558,  229,  338,  610,  733,  177,  622,  414,  269,  492,  412,  623,  193,  402,  257,  679,  369,  335,  677,  287,  450,  551,  529,  348,  518,  703,  543,  323,  377,  571,   96,  572,  670,  216,  290,  430,  618,  520,  534,  273,  130,  579,  511,  817,  709,  416,  241,  280,  581,  572],
        [  634,  634,  458,  657,  574,  582,  323, 1024,  365,  242,  292,  417,  618,  238,  550,    0,  598,  229,  667,  312,  351,  192,  133,  218,  313,  679,  321,  776,   49,  174,  281,  620,  887,  271,  186,  630,   75,  247,  368,  478,  951,  497,  550,  689,  747,  511,  240,  421,  363,  394,  999,  337,  111,  670,  291,  224,  133,  624,  334,  607,  458,  554,  383,  633,  659,  713,  765,  537,  698,  805,  493,  581,  151,  267,  688,  240,  515,  388,  543,  469],
        [  624,  624,  242,  111,  447,  468,  660,  496,  257,  476,  880,  511,  400,  833,  168,  598,    0,  662,  344,  909,  456,  439,  468,  805,  434,  324,  664,  437,  571,  573,  522,  393,  361,  581,  783,  335,  662,  400,  405,  390,  470,  770,   64,  236,  150,  824,  472,  486,  797,  431,  466,  679,  607,  182,  639,  785,  626,  490,  510,  439,  223,  455,  795,  378,  453,  596,  786,  402,  702,  229,  291,  455,  517,  856,  871,  526,  126,  235,  468,  720],
        [  848,  848,  453,  686,  466,  776,  551, 1139,  406,  188,  291,  629,  532,  282,  670,  229,  662,    0,  608,  378,  255,  373,  254,  352,  247,  830,  549,  939,  195,   96,  162,  795,  999,  108,  266,  790,  191,  264,  559,  396, 1082,  724,  603,  674,  809,  736,  446,  628,  577,  591, 1111,  565,  339,  673,  520,  397,  359,  818,  549,  505,  593,  442,  601,  803,  842,  917,  988,  448,  917,  888,  651,  470,  162,  275,  917,  458,  549,  428,  425,  697],
        [  933,  933,  228,  256,  177,  786,  862,  779,  338,  444,  888,  775,   98,  862,  498,  667,  344,  608,    0,  954,  353,  593,  544,  882,  371,  667,  865,  780,  623,  552,  447,  725,  662,  501,  825,  672,  703,  421,  658,  212,  784, 1010,  305,  137,  401, 1054,  664,  753,  975,  694,  748,  883,  729,  184,  834,  889,  754,  814,  742,  144,  512,  198,  982,  713,  787,  925, 1099,  168, 1014,  506,  598,  180,  528,  869, 1148,  716,  264,  324,  219,  963],
        [  819,  819,  760,  967,  833,  817,  451, 1318,  674,  511,  111,  631,  891,   97,  850,  312,  909,  378,  954,    0,  610,  485,  444,  122,  584,  958,  445, 1041,  345,  406,  520,  879, 1184,  478,  131,  903,  255,  545,  628,  750, 1236,  575,  861,  992, 1057,  555,  498,  645,  375,  642, 1295,  451,  326,  977,  435,  183,  318,  856,  554,  871,  756,  810,  405,  897,  905,  922,  909,  807,  862, 1112,  774,  838,  428,  112,  764,  468,  825,  697,  795,  575],
        [  823,  823,  220,  453,  226,  710,  623,  951,  223,  109,  537,  616,  282,  515,  515,  351,  456,  255,  353,  610,    0,  363,  259,  551,   48,  696,  623,  814,  302,  205,   94,  696,  813,  150,  483,  671,  368,  149,  513,  143,  913,  793,  393,  423,  592,  823,  450,  605,  701,  551,  920,  642,  440,  429,  590,  572,  466,  750,  553,  263,  464,  205,  717,  696,  753,  860,  982,  198,  901,  683,  544,  233,  200,  519,  966,  488,  332,  237,  193,  754],
        [  482,  482,  366,  517,  551,  404,  273,  836,  257,  275,  481,  265,  571,  424,  365,  192,  439,  373,  593,  485,  363,    0,  125,  373,  316,  488,  274,  586,  192,  285,  339,  431,  701,  362,  370,  439,  266,  216,  187,  448,  760,  435,  402,  579,  583,  471,   87,  260,  383,  219,  812,  293,  169,  548,  242,  346,  187,  446,  193,  575,  271,  537,  390,  444,  474,  545,  632,  504,  555,  630,  301,  559,  222,  456,  604,  129,  384,  274,  533,  393],
        [  606,  606,  328,  524,  468,  524,  365,  912,  233,  159,  413,  389,  503,  365,  437,  133,  468,  254,  544,  444,  259,  125,    0,  350,  214,  584,  365,  689,  103,  163,  219,  542,  773,  239,  316,  540,  194,  126,  308,  368,  845,  537,  418,  558,  618,  564,  207,  384,  446,  341,  885,  383,  189,  537,  332,  348,  214,  566,  314,  498,  351,  451,  460,  551,  589,  667,  755,  427,  679,  681,  401,  476,   98,  389,  716,  236,  382,  255,  444,  499],
        [  701,  701,  675,  870,  776,  696,  334, 1201,  582,  445,  179,  510,  827,  119,  736,  218,  805,  352,  882,  122,  551,  373,  350,    0,  518,  838,  330,  920,  260,  351,  468,  758, 1068,  437,   93,  783,  183,  462,  508,  686, 1117,  472,  761,  906,  952,  459,  379,  524,  279,  521, 1178,  337,  208,  886,  316,   72,  198,  735,  433,  812,  641,  755,  308,  776,  784,  802,  798,  744,  748, 1002,  656,  783,  356,  162,  665,  347,  729,  604,  742,  466],
        [  777,  777,  209,  443,  262,  666,  577,  926,  190,   75,  518,  569,  309,  491,  481,  313,  434,  247,  371,  584,   48,  316,  214,  518,    0,  659,  577,  777,  265,  181,   90,  654,  787,  150,  456,  632,  337,  101,  467,  168,  884,  747,  372,  427,  575,  777,  402,  558,  658,  505,  896,  596,  398,  426,  544,  536,  423,  706,  506,  295,  425,  242,  673,  656,  711,  816,  935,  226,  854,  662,  503,  269,  164,  498,  919,  441,  314,  206,  232,  707],
        [  368,  368,  522,  426,  752,  223,  575,  374,  474,  670,  967,  373,  716,  907,  185,  679,  324,  830,  667,  958,  696,  488,  584,  838,  659,    0,  581,  120,  675,  735,  732,  120,  260,  780,  852,   61,  753,  584,  332,  676,  280,  613,  366,  556,  340,  674,  460,  348,  719,  327,  357,  589,  633,  501,  570,  793,  641,  219,  424,  751,  239,  755,  705,   94,  158,  300,  509,  703,  433,  293,  187,  761,  669,  942,  647,  495,  421,  463,  765,  566],
        [  374,  374,  637,  758,  823,  396,    6,  954,  527,  522,  503,  211,  845,  438,  538,  321,  664,  549,  865,  445,  623,  274,  365,  330,  577,  581,    0,  637,  360,  488,  578,  478,  834,  582,  392,  521,  369,  482,  270,  720,  856,  177,  642,  838,  790,  200,  202,  234,  141,  260,  936,   19,  210,  801,   33,  263,  191,  430,  163,  848,  450,  808,  133,  501,  489,  481,  471,  777,  418,  809,  423,  831,  445,  482,  369,  149,  638,  542,  802,  150],
        [  355,  355,  642,  533,  871,  245,  631,  345,  593,  785, 1058,  426,  833,  997,  304,  776,  437,  939,  780, 1041,  814,  586,  689,  920,  777,  120,  637,    0,  776,  845,  847,  163,  270,  894,  942,  150,  850,  699,  414,  796,  233,  638,  483,  664,  429,  698,  547,  405,  771,  400,  337,  642,  719,  609,  632,  869,  724,  221,  492,  869,  354,  874,  753,  144,  153,  256,  466,  821,  402,  359,  289,  880,  778, 1034,  635,  574,  539,  582,  884,  595],
        [  655,  655,  417,  623,  526,  593,  361, 1011,  330,  193,  311,  437,  571,  263,  535,   49,  571,  195,  623,  345,  302,  192,  103,  260,  265,  675,  360,  776,    0,  130,  233,  623,  873,  225,  215,  628,   92,  203,  376,  431,  941,  536,  520,  649,  720,  554,  255,  438,  410,  405,  985,  377,  153,  633,  329,  271,  177,  635,  355,  559,  447,  506,  429,  635,  665,  729,  793,  490,  723,  783,  489,  533,  102,  287,  726,  264,  481,  353,  494,  506],
        [  765,  765,  376,  604,  429,  686,  489, 1045,  317,  110,  338,  546,  486,  311,  576,  174,  573,   96,  552,  406,  205,  285,  163,  351,  181,  735,  488,  845,  130,    0,  118,  701,  906,   97,  279,  696,  170,  174,  470,  345,  988,  664,  515,  604,  721,  683,  363,  543,  537,  503, 1017,  506,  282,  597,  457,  380,  306,  728,  468,  466,  498,  407,  557,  709,  750,  829,  910,  402,  836,  798,  557,  435,   67,  318,  853,  382,  465,  339,  393,  633],
        [  816,  816,  298,  533,  314,  718,  578, 1011,  272,   66,  444,  602,  374,  425,  558,  281,  522,  162,  447,  520,   94,  339,  219,  468,   90,  732,  578,  847,  233,  118,    0,  717,  872,   61,  395,  700,  286,  150,  509,  236,  965,  752,  460,  513,  664,  776,  424,  594,  641,  546,  982,  596,  381,  515,  546,  495,  406,  759,  531,  352,  494,  291,  659,  721,  771,  866,  970,  290,  892,  750,  566,  319,  135,  426,  934,  455,  403,  291,  276,  717],
        [  253,  253,  551,  502,  787,  104,  472,  483,  481,  652,  899,  267,  761,  836,  229,  620,  393,  795,  725,  879,  696,  431,  542,  758,  654,  120,  478,  163,  623,  701,  717,    0,  377,  759,  782,   68,  694,  568,  254,  701,  380,  497,  421,  628,  441,  557,  386,  245,  614,  238,  468,  484,  558,  574,  471,  707,  562,  105,  330,  791,  236,  786,  598,   27,   62,  204,  402,  735,  322,  407,  152,  796,  634,  874,  530,  412,  466,  475,  792,  451],
        [  615,  615,  602,  410,  797,  480,  829,  140,  601,  820, 1179,  630,  739, 1123,  338,  887,  361,  999,  662, 1184,  813,  701,  773, 1068,  787,  260,  834,  270,  873,  906,  872,  377,    0,  928, 1069,  320,  959,  737,  574,  749,  126,  873,  423,  528,  262,  933,  693,  604,  974,  576,  113,  844,  860,  478,  821, 1030,  872,  469,  674,  782,  430,  807,  961,  351,  402,  525,  735,  755,  669,  158,  418,  804,  843, 1154,  897,  735,  487,  582,  822,  826],
        [  844,  844,  359,  593,  360,  754,  583, 1068,  328,  111,  396,  627,  425,  382,  610,  271,  581,  108,  501,  478,  150,  362,  239,  437,  150,  780,  582,  894,  225,   97,   61,  759,  928,    0,  358,  746,  261,  197,  541,  290, 1019,  758,  519,  572,  724,  778,  445,  621,  633,  576, 1038,  600,  378,  575,  551,  472,  401,  795,  552,  399,  541,  336,  653,  764,  811,  900,  993,  341,  917,  808,  610,  364,  143,  380,  945,  470,  462,  348,  320,  726],
        [  753,  753,  629,  838,  708,  730,  396, 1205,  545,  382,  118,  550,  764,   55,  733,  186,  783,  266,  825,  131,  483,  370,  316,   93,  456,  852,  392,  942,  215,  279,  395,  782, 1069,  358,    0,  800,  125,  414,  529,  623, 1128,  548,  733,  862,  932,  541,  396,  561,  363,  547, 1181,  403,  225,  846,  373,  157,  226,  771,  469,  745,  640,  686,  391,  799,  815,  848,  862,  680,  806,  990,  667,  714,  298,   94,  743,  376,  696,  567,  671,  536],
        [  320,  320,  511,  442,  745,  168,  515,  434,  451,  637,  915,  313,  714,  855,  177,  630,  335,  790,  672,  903,  671,  439,  540,  783,  632,   61,  521,  150,  628,  696,  700,   68,  320,  746,  800,    0,  704,  551,  276,  663,  338,  555,  368,  570,  375,  615,  406,  288,  659,  268,  417,  529,  579,  515,  510,  736,  585,  172,  365,  746,  208,  745,  645,   45,  121,  266,  469,  694,  389,  340,  140,  754,  629,  891,  596,  438,  418,  442,  753,  507],
        [  700,  700,  505,  714,  594,  654,  372, 1097,  421,  263,  221,  485,  646,  172,  622,   75,  662,  191,  703,  255,  368,  266,  194,  183,  337,  753,  369,  850,   92,  170,  286,  694,  959,  261,  125,  704,    0,  290,  442,  505, 1024,  541,  611,  737,  811,  548,  312,  491,  387,  466, 1071,  384,  164,  722,  342,  212,  179,  696,  402,  630,  531,  573,  410,  708,  732,  783,  826,  563,  762,  873,  567,  601,  176,  197,  736,  307,  572,  443,  560,  519],
        [  678,  678,  216,  434,  344,  572,  481,  877,  144,   87,  495,  469,  377,  457,  414,  247,  400,  264,  421,  545,  149,  216,  126,  462,  101,  584,  482,  699,  203,  174,  150,  568,  737,  197,  414,  551,  290,    0,  368,  243,  824,  649,  342,  448,  548,  681,  302,  458,  571,  406,  848,  500,  315,  435,  449,  468,  340,  612,  405,  373,  345,  328,  583,  571,  622,  721,  835,  301,  755,  625,  417,  352,  122,  473,  819,  343,  293,  166,  321,  608],
        [  310,  310,  440,  508,  662,  218,  265,  701,  338,  443,  645,  117,  662,  583,  269,  368,  405,  559,  658,  628,  513,  187,  308,  508,  467,  332,  270,  414,  376,  470,  509,  254,  574,  541,  529,  276,  442,  368,    0,  563,  611,  367,  394,  604,  523,  419,  133,   97,  409,   39,  680,  282,  305,  560,  251,  462,  311,  260,  108,  678,  185,  654,  401,  270,  291,  360,  471,  611,  389,  540,  157,  671,  405,  621,  491,  164,  405,  344,  655,  317],
        [  865,  865,  155,  357,  104,  735,  719,  881,  228,  242,  679,  675,  142,  656,  492,  478,  390,  396,  212,  750,  143,  448,  368,  686,  168,  676,  720,  796,  431,  345,  236,  701,  749,  290,  623,  663,  505,  243,  563,    0,  859,  881,  329,  298,  506,  918,  529,  659,  813,  601,  850,  738,  556,  315,  687,  702,  581,  771,  624,  131,  466,   92,  825,  696,  761,  884, 1030,   60,  946,  605,  554,  112,  331,  661, 1041,  576,  266,  228,   94,  838],
        [  587,  587,  709,  530,  913,  474,  850,  116,  695,  909, 1241,  646,  858, 1182,  412,  951,  470, 1082,  784, 1236,  913,  760,  845, 1117,  884,  280,  856,  233,  941,  988,  965,  380,  126, 1019, 1128,  338, 1024,  824,  611,  859,    0,  869,  531,  651,  385,  930,  739,  622,  993,  605,  116,  863,  911,  600,  847, 1072,  919,  453,  703,  901,  496,  922,  977,  356,  385,  482,  685,  869,  628,  282,  462,  921,  923, 1216,  865,  774,  594,  678,  936,  825],
        [  306,  306,  785,  874,  984,  397,  176,  977,  676,  695,  650,  262, 1000,  588,  623,  497,  770,  724, 1010,  575,  793,  435,  537,  472,  747,  613,  177,  638,  536,  664,  752,  497,  873,  758,  548,  555,  541,  649,  367,  881,  869,    0,  760,  968,  879,   61,  353,  289,  203,  340,  964,  160,  386,  926,  208,  401,  366,  417,  270, 1008,  548,  971,  173,  523,  485,  425,  343,  937,  317,  878,  495,  993,  620,  632,  197,  307,  767,  688,  967,   51],
        [  638,  638,  180,  118,  392,  486,  638,  559,  198,  416,  828,  506,  351,  782,  193,  550,   64,  603,  305,  861,  393,  402,  418,  761,  372,  366,  642,  483,  520,  515,  460,  421,  423,  519,  733,  368,  611,  342,  394,  329,  531,  760,    0,  216,  207,  811,  445,  481,  771,  424,  529,  658,  567,  168,  615,  744,  587,  512,  494,  387,  221,  397,  771,  409,  482,  622,  803,  344,  718,  291,  301,  400,  460,  804,  874,  499,   64,  176,  410,  710],
        [  853,  853,  233,  132,  299,  700,  835,  643,  329,  494,  939,  718,  226,  904,  402,  689,  236,  674,  137,  992,  423,  579,  558,  906,  427,  556,  838,  664,  649,  604,  513,  628,  528,  572,  862,  570,  737,  448,  604,  298,  651,  968,  216,    0,  267, 1017,  637,  695,  960,  636,  612,  855,  733,   56,  809,  903,  756,  723,  700,  273,  437,  317,  964,  613,  688,  831, 1017,  273,  932,  371,  517,  304,  566,  917, 1088,  691,  202,  309,  336,  919],
        [  691,  691,  372,  152,  542,  534,  785,  382,  404,  622, 1030,  618,  480,  982,  257,  747,  150,  809,  401, 1057,  592,  583,  618,  952,  575,  340,  790,  429,  720,  721,  664,  441,  262,  724,  932,  375,  811,  548,  523,  506,  385,  879,  207,  267,    0,  936,  608,  591,  927,  543,  351,  804,  751,  218,  768,  929,  769,  545,  631,  525,  340,  555,  922,  420,  493,  638,  843,  504,  763,  106,  385,  549,  666, 1006,  957,  659,  262,  382,  571,  829],
        [  363,  363,  828,  926, 1021,  457,  201, 1038,  718,  722,  637,  319, 1040,  577,  679,  511,  824,  736, 1054,  555,  823,  471,  564,  459,  777,  674,  200,  698,  554,  683,  776,  557,  933,  778,  541,  615,  548,  681,  419,  918,  930,   61,  811, 1017,  936,    0,  392,  346,  181,  395, 1025,  182,  401,  976,  233,  388,  379,  478,  318, 1045,  602, 1006,  152,  583,  546,  482,  384,  974,  367,  937,  553, 1029,  642,  621,  210,  343,  816,  731, 1001,  109],
        [  403,  403,  437,  562,  632,  342,  200,  824,  327,  361,  513,  184,  648,  451,  369,  240,  472,  446,  664,  498,  450,   87,  207,  379,  402,  460,  202,  547,  255,  363,  424,  386,  693,  445,  396,  406,  312,  302,  133,  529,  739,  353,  445,  637,  608,  392,    0,  184,  327,  155,  802,  220,  173,  601,  173,  337,  181,  384,  107,  655,  274,  620,  328,  403,  421,  475,  549,  584,  474,  641,  278,  641,  303,  488,  518,   55,  437,  341,  616,  309],
        [  223,  223,  537,  592,  759,  172,  229,  722,  435,  529,  678,   28,  759,  614,  335,  421,  486,  628,  753,  645,  605,  260,  384,  524,  558,  348,  234,  405,  438,  543,  594,  245,  604,  621,  561,  288,  491,  458,   97,  659,  622,  289,  481,  695,  591,  346,  184,    0,  372,   60,  704,  241,  337,  648,  227,  468,  335,  212,   93,  775,  263,  750,  358,  268,  262,  293,  378,  708,  298,  594,  208,  768,  481,  654,  396,  186,  498,  441,  751,  238],
        [  480,  480,  749,  888,  914,  527,  146, 1093,  639,  595,  456,  348,  945,  397,  677,  363,  797,  577,  975,  375,  701,  383,  446,  279,  658,  719,  141,  771,  410,  537,  641,  614,  974,  633,  363,  659,  387,  571,  409,  813,  993,  203,  771,  960,  927,  181,  327,  372,    0,  400, 1075,  131,  262,  926,  160,  209,  237,  558,  303,  943,  587,  897,   31,  638,  620,  595,  543,  871,  508,  948,  563,  922,  508,  440,  390,  273,  761,  657,  889,  212],
        [  272,  272,  477,  536,  700,  188,  255,  699,  376,  480,  664,   83,  699,  601,  287,  394,  431,  591,  694,  642,  551,  219,  341,  521,  505,  327,  260,  400,  405,  503,  546,  238,  576,  576,  547,  268,  466,  406,   39,  601,  605,  340,  424,  636,  543,  395,  155,   60,  400,    0,  680,  270,  322,  591,  245,  470,  325,  231,   99,  716,  209,  692,  390,  257,  268,  327,  432,  649,  350,  552,  164,  710,  439,  640,  456,  174,  438,  382,  693,  290],
        [  691,  691,  707,  502,  892,  568,  931,   32,  711,  930, 1290,  729,  830, 1234,  450,  999,  466, 1111,  748, 1295,  920,  812,  885, 1178,  896,  357,  936,  337,  985, 1017,  982,  468,  113, 1038, 1181,  417, 1071,  848,  680,  850,  116,  964,  529,  612,  351, 1025,  802,  704, 1075,  680,    0,  945,  970,  566,  924, 1138,  981,  552,  778,  875,  541,  904, 1061,  443,  483,  591,  796,  852,  737,  247,  525,  899,  955, 1266,  971,  842,  592,  692,  920,  918],
        [  370,  370,  655,  774,  841,  400,   21,  962,  545,  541,  512,  217,  863,  448,  551,  337,  679,  565,  883,  451,  642,  293,  383,  337,  596,  589,   19,  642,  377,  506,  596,  484,  844,  600,  403,  529,  384,  500,  282,  738,  863,  160,  658,  855,  804,  182,  220,  241,  131,  270,  945,    0,  226,  817,   52,  269,  207,  433,  175,  867,  464,  827,  120,  508,  493,  480,  461,  795,  411,  821,  434,  850,  462,  492,  353,  167,  655,  560,  821,  136],
        [  539,  539,  508,  681,  656,  506,  212,  994,  405,  333,  343,  328,  691,  279,  529,  111,  607,  339,  729,  326,  440,  169,  189,  208,  398,  633,  210,  719,  153,  282,  381,  558,  860,  378,  225,  579,  164,  315,  305,  556,  911,  386,  567,  733,  751,  401,  173,  337,  262,  322,  970,  226,    0,  706,  181,  178,   26,  547,  246,  687,  434,  638,  279,  575,  590,  627,  662,  615,  599,  797,  449,  664,  247,  319,  578,  151,  544,  425,  629,  359],
        [  802,  802,  222,   77,  332,  648,  798,  597,  305,  489,  929,  673,  265,  891,  348,  670,  182,  673,  184,  977,  429,  548,  537,  886,  426,  501,  801,  609,  633,  597,  515,  574,  478,  575,  846,  515,  722,  435,  560,  315,  600,  926,  168,   56,  218,  976,  601,  648,  926,  591,  566,  817,  706,    0,  773,  879,  728,  670,  658,  311,  388,  347,  928,  558,  634,  777,  965,  300,  880,  323,  466,  338,  555,  907, 1041,  655,  165,  284,  365,  876],
        [  385,  385,  607,  732,  790,  394,   33,  943,  496,  490,  486,  206,  813,  421,  518,  291,  639,  520,  834,  435,  590,  242,  332,  316,  544,  570,   33,  632,  329,  457,  546,  471,  821,  551,  373,  510,  342,  449,  251,  687,  847,  208,  615,  809,  768,  233,  173,  227,  160,  245,  924,   52,  181,  773,    0,  252,  164,  430,  147,  816,  428,  775,  157,  493,  486,  488,  491,  744,  434,  790,  406,  799,  413,  464,  398,  119,  609,  512,  770,  178],
        [  636,  636,  675,  857,  796,  639,  268, 1160,  575,  464,  250,  452,  841,  189,  703,  224,  785,  397,  889,  183,  572,  346,  348,   72,  536,  793,  263,  869,  271,  380,  495,  707, 1030,  472,  157,  736,  212,  468,  462,  702, 1072,  401,  744,  903,  929,  388,  337,  468,  209,  470, 1138,  269,  178,  879,  252,    0,  161,  677,  378,  830,  608,  776,  238,  726,  729,  740,  728,  761,  680,  972,  614,  803,  373,  233,  594,  299,  718,  596,  764,  396],
        [  531,  531,  532,  702,  681,  505,  194, 1004,  428,  359,  343,  324,  717,  279,  543,  133,  626,  359,  754,  318,  466,  187,  214,  198,  423,  641,  191,  724,  177,  306,  406,  562,  872,  401,  226,  585,  179,  340,  311,  581,  919,  366,  587,  756,  769,  379,  181,  335,  237,  325,  981,  207,   26,  728,  164,  161,    0,  546,  243,  712,  448,  664,  254,  580,  591,  623,  650,  640,  588,  812,  458,  689,  272,  320,  559,  152,  565,  448,  655,  341],
        [  149,  149,  627,  600,  862,   43,  424,  563,  546,  693,  888,  226,  843,  824,  323,  624,  490,  818,  814,  856,  750,  446,  566,  735,  706,  219,  430,  221,  635,  728,  759,  105,  469,  795,  771,  172,  696,  612,  260,  771,  453,  417,  512,  723,  545,  478,  384,  212,  558,  231,  552,  433,  547,  670,  430,  677,  546,    0,  304,  870,  308,  859,  538,  128,   69,  114,  299,  810,  218,  511,  220,  871,  663,  865,  429,  396,  552,  543,  864,  375],
        [  301,  301,  518,  610,  726,  264,  158,  797,  410,  467,  586,   84,  736,  522,  377,  334,  510,  549,  742,  554,  553,  193,  314,  433,  506,  424,  163,  492,  355,  468,  531,  330,  674,  552,  469,  365,  402,  405,  108,  624,  703,  270,  494,  700,  631,  318,  107,   93,  303,   99,  778,  175,  246,  658,  147,  378,  243,  304,    0,  747,  292,  715,  294,  351,  352,  382,  442,  677,  369,  647,  261,  736,  410,  562,  418,   96,  499,  420,  713,  221],
        [  974,  974,  244,  374,   40,  837,  847,  906,  341,  368,  794,  793,   48,  776,  571,  607,  439,  505,  144,  871,  263,  575,  498,  812,  295,  751,  848,  869,  559,  466,  352,  791,  782,  399,  745,  746,  630,  373,  678,  131,  901, 1008,  387,  273,  525, 1045,  655,  775,  943,  716,  875,  867,  687,  311,  816,  830,  712,  870,  747,    0,  562,   65,  955,  783,  853,  983, 1140,   73, 1055,  629,  650,   39,  459,  777, 1163,  703,  330,  335,   84,  963],
        [  422,  422,  319,  329,  555,  276,  446,  566,  246,  432,  750,  289,  536,  694,   96,  458,  223,  593,  512,  756,  464,  271,  351,  641,  425,  239,  450,  354,  447,  498,  494,  236,  430,  541,  640,  208,  531,  345,  185,  466,  496,  548,  221,  437,  340,  602,  274,  263,  587,  209,  541,  464,  434,  388,  428,  608,  448,  308,  292,  562,    0,  552,  582,  234,  296,  421,  588,  503,  503,  367,   89,  564,  431,  725,  653,  323,  249,  240,  558,  498],
        [  956,  956,  235,  403,   25,  824,  807,  935,  318,  313,  732,  767,  103,  715,  572,  554,  455,  442,  198,  810,  205,  537,  451,  755,  242,  755,  808,  874,  506,  407,  291,  786,  807,  336,  686,  745,  573,  328,  654,   92,  922,  971,  397,  317,  555, 1006,  620,  750,  897,  692,  904,  827,  638,  347,  775,  776,  664,  859,  715,   65,  552,    0,  910,  780,  847,  972, 1121,   54, 1036,  658,  641,   28,  404,  715, 1133,  665,  337,  317,   21,  928],
        [  456,  456,  756,  888,  927,  508,  137, 1078,  646,  611,  486,  333,  955,  426,  670,  383,  795,  601,  982,  405,  717,  390,  460,  308,  673,  705,  133,  753,  429,  557,  659,  598,  961,  653,  391,  645,  410,  583,  401,  825,  977,  173,  771,  964,  922,  152,  328,  358,   31,  390, 1061,  120,  279,  928,  157,  238,  254,  538,  294,  955,  582,  910,    0,  622,  602,  571,  514,  883,  481,  940,  553,  935,  525,  470,  360,  274,  764,  662,  903,  185],
        [  277,  277,  545,  486,  780,  130,  496,  458,  479,  656,  915,  291,  752,  853,  216,  633,  378,  803,  713,  897,  696,  444,  551,  776,  656,   94,  501,  144,  635,  709,  721,   27,  351,  764,  799,   45,  708,  571,  270,  696,  356,  523,  409,  613,  420,  583,  403,  268,  638,  257,  443,  508,  575,  558,  493,  726,  580,  128,  351,  783,  234,  780,  622,    0,   76,  221,  424,  729,  345,  383,  155,  789,  643,  890,  555,  430,  456,  472,  787,  476],
        [  214,  214,  613,  561,  848,   94,  483,  494,  541,  706,  932,  280,  823,  868,  290,  659,  453,  842,  787,  905,  753,  474,  589,  784,  711,  158,  489,  153,  665,  750,  771,   62,  402,  811,  815,  121,  732,  622,  291,  761,  385,  485,  482,  688,  493,  546,  421,  262,  620,  268,  483,  493,  590,  634,  486,  729,  591,   69,  352,  853,  296,  847,  602,   76,    0,  146,  352,  796,  275,  451,  210,  857,  683,  907,  496,  440,  528,  535,  853,  442],
        [  120,  120,  740,  705,  975,  150,  476,  596,  658,  800,  964,  299,  956,  900,  430,  713,  596,  917,  925,  922,  860,  545,  667,  802,  816,  300,  481,  256,  729,  829,  866,  204,  525,  900,  848,  266,  783,  721,  360,  884,  482,  425,  622,  831,  638,  482,  475,  293,  595,  327,  591,  480,  627,  777,  488,  740,  623,  114,  382,  983,  421,  972,  571,  221,  146,    0,  212,  923,  147,  591,  333,  984,  764,  941,  385,  477,  663,  656,  977,  392],
        [  167,  167,  898,  897, 1127,  318,  467,  800,  803,  905,  973,  368, 1119,  908,  618,  765,  786,  988, 1099,  909,  982,  632,  755,  798,  935,  509,  471,  466,  793,  910,  970,  402,  735,  993,  862,  469,  826,  835,  471, 1030,  685,  343,  803, 1017,  843,  384,  549,  378,  543,  432,  796,  461,  662,  965,  491,  728,  650,  299,  442, 1140,  588, 1121,  514,  424,  352,  212,    0, 1076,   86,  801,  503, 1137,  851,  952,  214,  530,  836,  806, 1123,  334],
        [  910,  910,  184,  352,   52,  776,  775,  884,  273,  300,  733,  725,   85,  712,  520,  537,  402,  448,  168,  807,  198,  504,  427,  744,  226,  703,  777,  821,  490,  402,  290,  735,  755,  341,  680,  694,  563,  301,  611,   60,  869,  937,  344,  273,  504,  974,  584,  708,  871,  649,  852,  795,  615,  300,  744,  761,  640,  810,  677,   73,  503,   54,  883,  729,  796,  923, 1076,    0,  991,  606,  591,   62,  390,  715, 1094,  632,  284,  270,   68,  892],
        [   82,   82,  812,  812, 1043,  234,  414,  742,  719,  827,  920,  291, 1033,  855,  534,  698,  702,  917, 1014,  862,  901,  555,  679,  748,  854,  433,  418,  402,  723,  836,  892,  322,  669,  917,  806,  389,  762,  755,  389,  946,  628,  317,  718,  932,  763,  367,  474,  298,  508,  350,  737,  411,  599,  880,  434,  680,  588,  218,  369, 1055,  503, 1036,  481,  345,  275,  147,   86,  991,    0,  725,  417, 1052,  776,  898,  240,  460,  751,  721, 1039,  297],
        [  659,  659,  466,  256,  646,  508,  804,  278,  483,  703, 1094,  621,  585, 1042,  273,  805,  229,  888,  506, 1112,  683,  630,  681, 1002,  662,  293,  809,  359,  783,  798,  750,  407,  158,  808,  990,  340,  873,  625,  540,  605,  282,  878,  291,  371,  106,  937,  641,  594,  948,  552,  247,  821,  797,  323,  790,  972,  812,  511,  647,  629,  367,  658,  940,  383,  451,  591,  801,  606,  725,    0,  388,  653,  739, 1069,  935,  689,  352,  462,  674,  829],
        [  338,  338,  408,  401,  643,  188,  418,  547,  331,  502,  780,  234,  624,  721,  130,  493,  291,  651,  598,  774,  544,  301,  401,  656,  503,  187,  423,  289,  489,  557,  566,  152,  418,  610,  667,  140,  567,  417,  157,  554,  462,  495,  301,  517,  385,  553,  278,  208,  563,  164,  525,  434,  449,  466,  406,  614,  458,  220,  261,  650,   89,  641,  553,  155,  210,  333,  503,  591,  417,  388,    0,  653,  490,  756,  581,  317,  335,  327,  646,  445],
        [  971,  971,  245,  397,   10,  837,  830,  930,  334,  340,  760,  785,   83,  743,  579,  581,  455,  470,  180,  838,  233,  559,  476,  783,  269,  761,  831,  880,  533,  435,  319,  796,  804,  364,  714,  754,  601,  352,  671,  112,  921,  993,  400,  304,  549, 1029,  641,  768,  922,  710,  899,  850,  664,  338,  799,  803,  689,  871,  736,   39,  564,   28,  935,  789,  857,  984, 1137,   62, 1052,  653,  653,    0,  431,  743, 1153,  688,  341,  332,   46,  950],
        [  704,  704,  335,  555,  424,  621,  445,  982,  263,   92,  374,  486,  472,  338,  511,  151,  517,  162,  528,  428,  200,  222,   98,  356,  164,  669,  445,  778,  102,   67,  135,  634,  843,  143,  298,  629,  176,  122,  405,  331,  923,  620,  460,  566,  666,  642,  303,  481,  508,  439,  955,  462,  247,  555,  413,  373,  272,  663,  410,  459,  431,  404,  525,  643,  683,  764,  851,  390,  776,  739,  490,  431,    0,  352,  804,  328,  414,  286,  393,  585],
        [  846,  846,  686,  904,  738,  824,  486, 1291,  611,  427,   25,  644,  800,   44,  817,  267,  856,  275,  869,  112,  519,  456,  389,  162,  498,  942,  482, 1034,  287,  318,  426,  874, 1154,  380,   94,  891,  197,  473,  621,  661, 1216,  632,  804,  917, 1006,  621,  488,  654,  440,  640, 1266,  492,  319,  907,  464,  233,  320,  865,  562,  777,  725,  715,  470,  890,  907,  941,  952,  715,  898, 1069,  756,  743,  352,    0,  826,  469,  762,  634,  699,  624],
        [  283,  283,  929,  980, 1143,  428,  366,  979,  824,  874,  843,  374, 1150,  782,  709,  688,  871,  917, 1148,  764,  966,  604,  716,  665,  919,  647,  369,  635,  726,  853,  934,  530,  897,  945,  743,  596,  736,  819,  491, 1041,  865,  197,  874, 1088,  957,  210,  518,  396,  390,  456,  971,  353,  578, 1041,  398,  594,  559,  429,  418, 1163,  653, 1133,  360,  555,  496,  385,  214, 1094,  240,  935,  581, 1153,  804,  826,    0,  480,  893,  832, 1131,  220],
        [  395,  395,  489,  616,  679,  355,  147,  863,  379,  394,  493,  179,  698,  429,  416,  240,  526,  458,  716,  468,  488,  129,  236,  347,  441,  495,  149,  574,  264,  382,  455,  412,  735,  470,  376,  438,  307,  343,  164,  576,  774,  307,  499,  691,  659,  343,   55,  186,  273,  174,  842,  167,  151,  655,  119,  299,  152,  396,   96,  703,  323,  665,  274,  430,  440,  477,  530,  632,  460,  689,  317,  688,  328,  469,  480,    0,  491,  393,  661,  266],
        [  670,  670,  116,  143,  333,  523,  635,  622,  152,  362,  785,  521,  297,  743,  241,  515,  126,  549,  264,  825,  332,  384,  382,  729,  314,  421,  638,  539,  481,  465,  403,  466,  487,  462,  696,  418,  572,  293,  405,  266,  594,  767,   64,  202,  262,  816,  437,  498,  761,  438,  592,  655,  544,  165,  609,  718,  565,  552,  499,  330,  249,  337,  764,  456,  528,  663,  836,  284,  751,  352,  335,  341,  414,  762,  893,  491,    0,  129,  348,  718],
        [  640,  640,   98,  272,  322,  508,  540,  721,   23,  242,  657,  460,  318,  614,  280,  388,  235,  428,  324,  697,  237,  274,  255,  604,  206,  463,  542,  582,  353,  339,  291,  475,  582,  348,  567,  442,  443,  166,  344,  228,  678,  688,  176,  309,  382,  731,  341,  441,  657,  382,  692,  560,  425,  284,  512,  596,  448,  543,  420,  335,  240,  317,  662,  472,  535,  656,  806,  270,  721,  462,  327,  332,  286,  634,  832,  393,  129,    0,  321,  641],
