{
    "name": "random-74-28727",
    "comment": "size=74 seed=28727",
    "nodes": ["+0", "-0", "+1", "-1", "+2", "-2", "+3", "-3", "+4", "-4", "+5", "-5", "+6", "-6", "+7", "-7", "+8", "-8", "+9", "-9", "+10", "-10", "+11", "-11", "+12", "-12", "+13", "-13", "+14", "-14", "+15", "-15", "+16", "-16", "+17", "-17", "+18", "-18", "+19", "-19", "+20", "-20", "+21", "-21", "+22", "-22", "+23", "-23", "+24", "-24", "+25", "-25", "+26", "-26", "+27", "-27", "+28", "-28", "+29", "-29", "+30", "-30", "+31", "-31", "+32", "-32", "+33", "-33", "+34", "-34", "+35", "-35", "+36", "-36", "+37", "-37", "+38", "-38", "+39", "-39", "+40", "-40", "+41", "-41", "+42", "-42", "+43", "-43", "+44", "-44", "+45", "-45", "+46", "-46", "+47", "-47", "+48", "-48", "+49", "-49", "+50", "-50", "+51", "-51", "+52", "-52", "+53", "-53", "+54", "-54", "+55", "-55", "+56", "-56", "+57", "-57", "+58", "-58", "+59", "-59", "+60", "-60", "+61", "-61", "+62", "-62", "+63", "-63", "+64", "-64", "+65", "-65", "+66", "-66", "+67", "-67", "+68", "-68", "+69", "-69", "+70", "-70", "+71", "-71", "+72", "-72", "+73", "-73", "+74", "-74"],
    "precedence": {
        "+0": "-0",
        "+1": "-1",
        "+2": "-2",
        "+3": "-3",
        "+4": "-4",
        "+5": "-5",
        "+6": "-6",
        "+7": "-7",
        "+8": "-8",
        "+9": "-9",
        "+10": "-10",
        "+11": "-11",
        "+12": "-12",
        "+13": "-13",
        "+14": "-14",
        "+15": "-15",
        "+16": "-16",
        "+17": "-17",
        "+18": "-18",
        "+19": "-19",
        "+20": "-20",
        "+21": "-21",
        "+22": "-22",
        "+23": "-23",
        "+24": "-24",
        "+25": "-25",
        "+26": "-26",
        "+27": "-27",
        "+28": "-28",
        "+29": "-29",
        "+30": "-30",
        "+31": "-31",
        "+32": "-32",
        "+33": "-33",
        "+34": "-34",
        "+35": "-35",
        "+36": "-36",
        "+37": "-37",
        "+38": "-38",
        "+39": "-39",
        "+40": "-40",
        "+41": "-41",
        "+42": "-42",
        "+43": "-43",
        "+44": "-44",
        "+45": "-45",
        "+46": "-46",
        "+47": "-47",
        "+48": "-48",
        "+49": "-49",
        "+50": "-50",
        "+51": "-51",
        "+52": "-52",
        "+53": "-53",
        "+54": "-54",
        "+55": "-55",
        "+56": "-56",
        "+57": "-57",
        "+58": "-58",
        "+59": "-59",
        "+60": "-60",
        "+61": "-61",
        "+62": "-62",
        "+63": "-63",
        "+64": "-64",
        "+65": "-65",
        "+66": "-66",
        "+67": "-67",
        "+68": "-68",
        "+69": "-69",
        "+70": "-70",
        "+71": "-71",
        "+72": "-72",
        "+73": "-73",
        "+74": "-74"
    },
    "edges": [
        [    0,    0,  606,  581,  280,  611,  805,  394,  360,   73,  226,  558,  199,  629,  642,  312,  455,  635,  114,  207,  375,  124,  347,  372,  265,  329,  273,   98,  294,  414,  589,  388,  537,  302,  328,  194,  795,  195,  376,  515,  306,  257,  388,  278,  375,  648,  318,  571,  385,  770,  164,  673,  636,  363,  377,  668,  451,  425,  672,  550,  379,  537,  252,  177,  587,  490,  180,  232,  245,  536,  309,  667,  778,  307,  705,  705,  330,  445,  700,  382,  689,   66,   93,  234,  906,  343,  642,  629,  138,  445,  769,  132,  353,  464,  464,  608,  187,  696,  533,  303,  550,  565,  504,  619,  595,  516,   49,  712,  575,  177,  237,  398,  689,  397,  640,  446,  374,  444,  395,  687,  676,  324,  129,  366,  203,  101,  258,  325,  203,  368,  368,  401,  532,  339,  240,  324,  209,  513,  309,  568,  465,  267,  337,  507,  356,  495,  527,   99,  396,  370],
        [    0,    0,    0,    0,    0,    0,    0,    0,    0,    0,    0,    0,    0,    0,    0,    0,    0,    0,    0,    0,    0,    0,    0,    0,    0,    0,    0,    0,    0,    0,    0,    0,    0,    0,    0,    0,    0,    0,    0,    0,    0,    0,    0,    0,    0,    0,    0,    0,    0,    0,    0,    0,    0,    0,    0,    0,    0,    0,    0,    0,    0,    0,    0,    0,    0,    0,    0,    0,    0,    0,    0,    0,    0,    0,    0,    0,    0,    0,    0,    0,    0,    0,    0,    0,    0,    0,    0,    0,    0,    0,    0,    0,    0,    0,    0,    0,    0,    0,    0,    0,    0,    0,    0,    0,    0,    0,    0,    0,    0,    0,    0,    0,    0,    0,    0,    0,    0,    0,    0,    0,    0,    0,    0,    0,    0,    0,    0,    0,    0,    0,    0,    0,    0,    0,    0,    0,    0,    0,    0,    0,    0,    0,    0,    0,    0,    0,    0,    0,    0,    0],
        [  606,    0,    0,   55,  382,  116,  280,  816,  895,  605,  830,  429,  543,  201,  184,  327,  151,  632,  666,  493,  979,  483,  571,  249,  634,  337,  864,  544,  874,  591,  152,  231,   89,  686,  839,  602,  258,  550,  366,  434,  645,  618,  306,  654,  486,  500,  733,  224,  649,  204,  768,  103,  833,  511,  706,  104,  695,  625,  306,  787,  290,  789,  391,  763,  131,  321,  716,  675,  732,  348,  729,  502,  424,  651,  559,  308,  593,  189,  518,  846,   95,  541,  698,  381,  396,  351,  136,  659,  610,  250,  443,  547,  383,  450,  597,  213,  659,  430,  250,  321,  547,  286,  190,  620,  792,  509,  566,  463,  544,  732,  516,  855,  575,  997,  208,  164,  559,  247,  441,  808,  573,  467,  731,  968,  412,  563,  376,  914,  480,  603,  830,  605,  253,  378,  775,  368,  781,  307,  795,  437,  143,  871,  606,  458,  656,  522,  686,  609,  558,  267],
        [  581,    0,   55,    0,  342,  165,  263,  771,  856,  574,  806,  461,  504,  155,  234,  289,  134,  577,  649,  454,  956,  459,  523,  242,  591,  295,  832,  513,  841,  604,  101,  196,   45,  685,  799,  594,  243,  542,  376,  379,  646,  616,  259,  652,  498,  446,  689,  263,  657,  199,  745,  157,  779,  462,  658,  159,  644,  638,  259,  735,  245,  737,  381,  733,  175,  267,  702,  668,  724,  293,  727,  448,  381,  606,  599,  265,  598,  147,  466,  803,  144,  515,  672,  351,  379,  306,  100,  605,  597,  200,  398,  533,  336,  472,  544,  163,  622,  380,  283,  287,  574,  323,  137,  566,  739,  454,  544,  413,  489,  698,  475,  811,  613,  975,  257,  135,  509,  262,  391,  754,  520,  420,  704,  946,  382,  531,  365,  895,  442,  554,  787,  555,  285,  383,  739,  369,  748,  337,  788,  470,  119,  845,  611,  404,  609,  545,  633,  576,  570,  264],
        [  280,    0,  382,  342,    0,  430,  534,  440,  515,  249,  496,  536,  162,  356,  484,   57,  247,  430,  378,  113,  645,  183,  222,  231,  256,   52,  500,  191,  505,  522,  324,  154,  298,  503,  458,  386,  527,  347,  350,  261,  483,  436,  109,  470,  432,  394,  355,  444,  535,  511,  438,  472,  535,  182,  343,  469,  361,  548,  392,  466,  105,  462,  235,  402,  416,  212,  444,  454,  492,  261,  530,  411,  500,  278,  701,  426,  467,  196,  443,  467,  475,  218,  360,   82,  631,   64,  381,  438,  357,  171,  493,  300,   88,  478,  301,  333,  280,  424,  423,   73,  591,  469,  237,  414,  490,  290,  260,  444,  349,  361,  137,  476,  698,  671,  492,  223,  224,  332,  159,  547,  439,  123,  386,  638,   97,  203,  222,  604,  101,  257,  451,  273,  424,  323,  398,  298,  412,  437,  561,  547,  245,  524,  480,  262,  296,  539,  391,  245,  491,  251],
        [  611,    0,  116,  165,  430,    0,  382,  870,  929,  624,  829,  327,  586,  317,   70,  374,  184,  734,  653,  536,  974,  490,  639,  239,  685,  394,  880,  566,  895,  519,  265,  279,  181,  639,  878,  571,  357,  519,  307,  532,  594,  575,  378,  608,  420,  609,  784,  118,  584,  296,  768,   77,  920,  584,  769,   69,  770,  553,  422,  868,  356,  868,  372,  780,   30,  417,  694,  639,  700,  450,  684,  612,  539,  708,  447,  424,  536,  258,  630,  894,  111,  550,  704,  408,  494,  415,  251,  758,  589,  333,  559,  530,  453,  366,  680,  327,  696,  545,  154,  361,  451,  181,  286,  721,  878,  604,  567,  577,  644,  757,  566,  905,  464,  988,   92,  213,  631,  190,  520,  903,  681,  533,  739,  962,  436,  587,  360,  899,  520,  673,  878,  679,  158,  329,  806,  326,  802,  214,  757,  334,  191,  876,  548,  554,  721,  433,  772,  633,  488,  244],
        [  805,    0,  280,  263,  534,  382,    0,  904, 1024,  782, 1027,  706,  683,  179,  437,  494,  391,  573,  887,  639, 1177,  689,  647,  501,  745,  482, 1031,  723, 1033,  866,  217,  423,  294,  944,  964,  847,   27,  796,  638,  429,  906,  873,  427,  910,  760,  413,  834,  498,  919,   91,  967,  323,  818,  583,  779,  331,  735,  900,  194,  800,  430,  808,  635,  935,  404,  359,  945,  921,  974,  343,  983,  402,  230,  746,  826,  161,  859,  364,  401,  948,  285,  739,  891,  572,  117,  478,  171,  609,  843,  364,  261,  779,  489,  730,  620,  203,  801,  301,  528,  503,  826,  561,  301,  568,  786,  501,  774,  328,  505,  891,  644,  952,  845, 1201,  463,  381,  623,  522,  506,  763,  481,  564,  919, 1169,  603,  736,  618, 1128,  632,  671,  934,  657,  531,  645,  920,  630,  942,  586, 1040,  713,  371, 1058,  873,  457,  733,  801,  690,  778,  832,  525],
        [  394,    0,  816,  771,  440,  870,  904,    0,  179,  328,  415,  922,  291,  736,  923,  497,  687,  461,  481,  339,  495,  450,  258,  657,  186,  480,  302,  357,  273,  807,  725,  593,  729,  686,  131,  587,  906,  588,  728,  485,  697,  650,  513,  667,  758,  570,   89,  875,  778,  909,  403,  910,  315,  322,  128,  907,  203,  819,  719,  235,  527,  217,  592,  290,  855,  547,  530,  613,  604,  563,  682,  591,  774,  166, 1079,  756,  724,  628,  617,   61,  910,  408,  368,  475,  973,  466,  785,  433,  530,  575,  750,  523,  436,  838,  309,  709,  213,  670,  848,  510,  935,  890,  644,  451,  290,  429,  433,  668,  459,  241,  305,   55, 1067,  536,  929,  661,  282,  753,  399,  400,  552,  353,  347,  502,  455,  334,  589,  534,  355,  234,   56,  252,  848,  693,  188,  671,  253,  848,  651,  933,  684,  385,  731,  460,  172,  879,  293,  304,  788,  669],
        [  360,    0,  895,  856,  515,  929, 1024,  179,    0,  317,  284,  918,  353,  849,  973,  568,  753,  633,  409,  402,  330,  457,  390,  698,  281,  563,  153,  368,  117,  759,  829,  665,  812,  608,   62,  532, 1023,  548,  732,  627,  630,  589,  608,  598,  733,  727,  202,  912,  715, 1016,  295,  980,  490,  450,  287,  976,  374,  763,  850,  413,  615,  395,  601,  196,  910,  667,  441,  536,  511,  693,  593,  748,  920,  286, 1064,  887,  672,  710,  777,  119,  987,  401,  295,  522, 1105,  557,  888,  607,  475,  673,  899,  490,  538,  824,  469,  823,  236,  819,  877,  575,  906,  914,  743,  622,  468,  582,  407,  821,  620,  184,  385,  131, 1047,  371,  974,  733,  420,  784,  523,  578,  717,  461,  261,  339,  495,  346,  603,  387,  415,  377,  124,  404,  877,  695,  125,  677,  156,  865,  543,  928,  754,  238,  675,  604,  317,  851,  467,  302,  747,  703],
        [   73,    0,  605,  574,  249,  624,  782,  328,  317,    0,  249,  606,  135,  605,  662,  291,  456,  570,  182,  156,  397,  140,  280,  387,  193,  301,  260,   61,  272,  480,  570,  378,  530,  374,  276,  265,  775,  260,  417,  463,  377,  328,  358,  350,  432,  593,  249,  597,  455,  755,  194,  680,  563,  301,  305,  676,  379,  493,  637,  478,  353,  465,  285,  159,  602,  451,  247,  304,  315,  494,  380,  613,  737,  235,  759,  672,  398,  432,  646,  322,  692,   85,  116,  224,  879,  309,  626,  562,  210,  419,  725,  195,  311,  517,  397,  582,  117,  650,  562,  288,  609,  598,  483,  555,  523,  457,  105,  664,  514,  136,  177,  337,  744,  424,  662,  442,  307,  469,  342,  616,  617,  269,  138,  390,  193,   47,  287,  364,  157,  299,  307,  332,  561,  380,  193,  362,  179,  549,  376,  617,  462,  276,  405,  452,  284,  553,  457,   26,  460,  390],
        [  226,    0,  830,  806,  496,  829, 1027,  415,  284,  249,    0,  726,  374,  851,  854,  534,  679,  787,  188,  404,  150,  348,  497,  592,  384,  547,  133,  306,  170,  523,  813,  613,  762,  349,  293,  308, 1018,  344,  565,  706,  381,  351,  605,  348,  526,  832,  377,  777,  464,  994,   62,  894,  717,  534,  465,  888,  556,  519,  886,  632,  599,  615,  460,  134,  804,  700,  184,  284,  243,  742,  324,  853,  985,  417,  852,  920,  436,  670,  885,  372,  911,  291,  137,  458, 1127,  557,  867,  771,  262,  665,  972,  307,  560,  624,  609,  829,  287,  896,  736,  527,  684,  762,  727,  772,  685,  690,  265,  908,  743,  195,  418,  388,  830,  175,  849,  671,  528,  652,  585,  790,  847,  512,  113,  142,  427,  296,  470,  127,  406,  505,  365,  539,  734,  531,  229,  521,  164,  706,  264,  734,  689,   62,  436,  692,  467,  633,  647,  260,  519,  585],
        [  558,    0,  429,  461,  536,  327,  706,  922,  918,  606,  726,    0,  640,  611,  286,  494,  381,  942,  540,  600,  848,  473,  753,  316,  747,  530,  819,  567,  846,  253,  553,  442,  451,  427,  881,  420,  682,  384,  195,  743,  381,  388,  551,  408,  202,  853,  835,  209,  331,  622,  673,  397, 1070,  718,  856,  388,  892,  281,  712,  999,  523,  993,  330,  731,  303,  639,  551,  462,  522,  687,  473,  863,  838,  783,  165,  723,  314,  465,  888,  925,  435,  521,  635,  468,  820,  560,  559,  958,  465,  541,  852,  432,  602,  103,  835,  612,  713,  819,  180,  469,  128,  147,  531,  927, 1025,  800,  511,  850,  853,  734,  643,  939,  165,  848,  262,  412,  759,  225,  682, 1080,  919,  658,  673,  831,  478,  589,  335,  752,  582,  787,  909,  807,  177,  229,  796,  252,  766,  126,  559,   12,  403,  784,  321,  758,  814,  132,  926,  626,  235,  290],
        [  199,    0,  543,  504,  162,  586,  683,  291,  353,  135,  374,  640,    0,  505,  635,  217,  404,  437,  312,   51,  516,  182,  151,  367,  108,  210,  351,  108,  351,  563,  479,  314,  459,  488,  297,  371,  678,  351,  445,  332,  482,  432,  258,  460,  494,  460,  203,  585,  553,  667,  323,  631,  458,  166,  218,  628,  271,  581,  522,  377,  263,  367,  311,  260,  569,  335,  378,  424,  443,  372,  501,  480,  614,  144,  801,  559,  489,  357,  513,  309,  636,  167,  248,  185,  772,  207,  538,  431,  323,  323,  600,  288,  196,  564,  267,  480,  120,  522,  557,  226,  668,  600,  392,  421,  415,  322,  209,  534,  379,  210,   44,  320,  792,  547,  640,  382,  176,  463,  211,  498,  482,  138,  262,  512,  165,   99,  305,  494,   66,  176,  293,  207,  557,  412,  239,  389,  261,  559,  507,  651,  404,  390,  499,  319,  181,  613,  336,  117,  537,  379],
        [  629,    0,  201,  155,  356,  317,  179,  736,  849,  605,  851,  611,  505,    0,  385,  318,  248,  459,  715,  461, 1000,  515,  478,  354,  571,  305,  853,  546,  855,  731,   60,  256,  161,  788,  789,  685,  174,  635,  504,  281,  753,  717,  249,  754,  625,  312,  663,  417,  776,  175,  791,  291,  686,  414,  613,  296,  579,  765,  106,  655,  252,  660,  477,  757,  329,  190,  775,  759,  809,  188,  825,  310,  228,  575,  753,  113,  713,  198,  323,  777,  264,  564,  714,  398,  278,  300,   75,  491,  675,  186,  244,  612,  312,  613,  467,   28,  624,  231,  434,  329,  719,  476,  127,  450,  649,  357,  601,  264,  377,  713,  467,  782,  765, 1025,  408,  229,  457,  401,  337,  645,  386,  390,  741,  992,  428,  558,  460,  953,  454,  505,  763,  496,  437,  504,  742,  486,  764,  486,  877,  620,  226,  880,  727,  309,  565,  686,  547,  600,  697,  381],
        [  642,    0,  184,  234,  484,   70,  437,  923,  973,  662,  854,  286,  635,  385,    0,  429,  242,  802,  673,  586,  997,  525,  698,  276,  737,  451,  914,  606,  931,  501,  335,  337,  250,  638,  923,  581,  412,  531,  309,  600,  592,  579,  440,  609,  410,  678,  836,   90,  572,  349,  794,  116,  985,  644,  826,  108,  831,  535,  490,  930,  417,  929,  395,  815,   71,  485,  710,  646,  708,  520,  684,  681,  606,  762,  390,  491,  530,  322,  700,  944,  155,  584,  734,  453,  547,  474,  318,  827,  606,  399,  626,  550,  514,  342,  744,  396,  741,  614,  135,  413,  414,  143,  355,  789,  942,  671,  596,  647,  712,  796,  619,  955,  410, 1008,   27,  273,  692,  203,  584,  970,  751,  592,  771,  983,  479,  628,  386,  917,  570,  732,  928,  740,  138,  336,  849,  339,  840,  190,  762,  291,  253,  904,  541,  622,  778,  404,  837,  673,  473,  274],
        [  312,    0,  327,  289,   57,  374,  494,  497,  568,  291,  534,  494,  217,  318,  429,    0,  191,  456,  401,  167,  683,  201,  273,  183,  312,   38,  547,  231,  554,  503,  280,   98,  245,  505,  513,  391,  485,  347,  314,  271,  480,  435,   87,  471,  408,  401,  411,  391,  525,  464,  474,  416,  580,  228,  398,  413,  411,  532,  366,  515,   69,  512,  215,  448,  360,  199,  464,  463,  506,  252,  536,  416,  482,  334,  659,  398,  457,  144,  447,  523,  420,  247,  398,   84,  595,   69,  335,  468,  370,  135,  478,  309,  110,  444,  342,  297,  333,  414,  372,   26,  558,  419,  194,  441,  536,  314,  285,  438,  371,  411,  193,  532,  658,  707,  437,  167,  273,  284,  189,  587,  453,  170,  426,  675,  112,  246,  199,  636,  153,  308,  507,  321,  373,  292,  450,  267,  460,  389,  574,  505,  189,  566,  470,  278,  350,  508,  434,  290,  471,  206],
        [  455,    0,  151,  134,  247,  184,  391,  687,  753,  456,  679,  381,  404,  248,  242,  191,    0,  579,  517,  355,  828,  332,  456,  110,  502,  210,  715,  396,  726,  484,  190,   96,   98,  553,  699,  461,  374,  409,  256,  375,  515,  483,  200,  520,  377,  476,  601,  222,  531,  333,  617,  228,  746,  403,  586,  224,  590,  517,  341,  689,  176,  688,  248,  614,  172,  264,  569,  534,  590,  309,  594,  484,  469,  524,  536,  358,  470,   89,  508,  712,  237,  390,  547,  233,  505,  233,  221,  599,  463,  169,  478,  400,  272,  368,  505,  243,  517,  440,  219,  180,  478,  266,  151,  565,  703,  441,  415,  471,  488,  585,  383,  722,  543,  846,  254,   34,  450,  159,  344,  737,  543,  350,  581,  817,  263,  415,  231,  764,  340,  490,  696,  498,  220,  257,  631,  241,  633,  258,  654,  391,   24,  721,  484,  394,  537,  441,  598,  461,  450,  135],
        [  635,    0,  632,  577,  430,  734,  573,  461,  633,  570,  787,  942,  437,  459,  802,  456,  579,    0,  748,  436,  909,  589,  293,  627,  403,  419,  718,  542,  700,  952,  487,  502,  553,  914,  575,  795,  586,  765,  770,  204,  901,  852,  392,  884,  861,  161,  438,  800,  961,  618,  746,  733,  255,  275,  347,  735,  260,  977,  385,  265,  420,  280,  665,  655,  734,  318,  815,  855,  879,  285,  933,  175,  374,  373, 1105,  413,  893,  491,  187,  520,  714,  596,  677,  512,  600,  388,  531,   38,  754,  411,  343,  708,  348,  899,  178,  436,  500,  277,  796,  482, 1013,  844,  448,   17,  232,  144,  641,  258,   91,  595,  400,  516, 1107,  946,  820,  545,  264,  721,  272,  191,  105,  324,  681,  910,  520,  535,  650,  912,  446,  282,  512,  248,  797,  748,  582,  723,  637,  827,  943,  953,  561,  784,  905,  186,  327,  964,  170,  549,  921,  654],
        [  114,    0,  666,  649,  378,  653,  887,  481,  409,  182,  188,  540,  312,  715,  673,  401,  517,  748,    0,  318,  324,  201,  460,  420,  373,  424,  286,  209,  317,  352,  670,  464,  607,  206,  392,  126,  875,  157,  379,  624,  222,  180,  483,  190,  341,  757,  413,  594,  306,  844,  134,  721,  742,  476,  481,  715,  560,  355,  767,  655,  470,  642,  282,  214,  626,  590,   68,  133,  133,  638,  203,  776,  878,  414,  671,  799,  264,  523,  809,  458,  742,  162,  117,  319,  993,  442,  720,  742,   75,  535,  871,  124,  458,  439,  577,  696,  286,  800,  551,  388,  506,  575,  589,  732,  702,  628,  119,  818,  687,  244,  350,  474,  651,  335,  666,  515,  487,  471,  505,  797,  788,  435,  149,  310,  290,  214,  294,  249,  312,  480,  446,  513,  550,  345,  305,  337,  254,  520,  196,  548,  530,  245,  267,  617,  464,  453,  638,  207,  342,  410],
        [  207,    0,  493,  454,  113,  536,  639,  339,  402,  156,  404,  600,   51,  461,  586,  167,  355,  436,  318,    0,  549,  159,  166,  319,  154,  162,  392,  110,  395,  538,  433,  264,  410,  479,  346,  361,  634,  334,  406,  309,  469,  419,  213,  450,  463,  441,  251,  537,  535,  621,  349,  581,  484,  162,  257,  578,  298,  559,  485,  406,  215,  398,  274,  298,  519,  298,  385,  419,  445,  339,  497,  461,  582,  185,  762,  520,  469,  308,  494,  359,  586,  161,  272,  138,  732,  162,  491,  434,  318,  278,  570,  274,  158,  527,  275,  437,  168,  494,  511,  176,  634,  554,  346,  420,  440,  311,  206,  509,  370,  252,   46,  370,  755,  578,  591,  332,  185,  417,  189,  516,  470,  118,  291,  543,  122,  111,  266,  519,   18,  197,  343,  224,  511,  374,  286,  350,  303,  514,  511,  611,  354,  425,  480,  300,  215,  580,  353,  144,  511,  333],
        [  375,    0,  979,  956,  645,  974, 1177,  495,  330,  397,  150,  848,  516, 1000,  997,  683,  828,  909,  324,  549,    0,  497,  626,  738,  509,  696,  196,  455,  222,  625,  962,  763,  912,  441,  364,  431, 1168,  474,  700,  845,  481,  462,  753,  449,  647,  967,  480,  917,  557, 1144,  212, 1041,  809,  669,  572, 1035,  664,  614, 1032,  726,  748,  709,  604,  259,  948,  846,  298,  389,  333,  886,  404,  988, 1128,  536,  961, 1068,  543,  820, 1020,  442, 1059,  441,  286,  608, 1275,  705, 1016,  890,  394,  814, 1115,  447,  706,  746,  732,  977,  416, 1037,  874,  677,  791,  897,  876,  895,  781,  823,  413, 1048,  874,  317,  559,  456,  936,   42,  990,  821,  658,  794,  725,  890,  977,  653,  259,   19,  577,  443,  614,  106,  552,  629,  440,  662,  872,  667,  329,  660,  273,  841,  323,  855,  839,  127,  540,  829,  583,  744,  758,  405,  627,  730],
        [  124,    0,  483,  459,  183,  490,  689,  450,  457,  140,  348,  473,  182,  515,  525,  201,  332,  589,  201,  159,  497,    0,  325,  252,  283,  226,  390,   94,  407,  381,  472,  268,  415,  327,  414,  208,  677,  176,  280,  439,  312,  263,  284,  295,  314,  574,  364,  458,  377,  650,  286,  551,  639,  318,  397,  545,  452,  401,  567,  558,  270,  549,  146,  291,  467,  393,  264,  273,  310,  443,  350,  592,  680,  322,  630,  599,  311,  326,  624,  453,  566,   61,  216,  119,  793,  246,  523,  590,  174,  335,  674,  120,  267,  389,  433,  496,  241,  606,  422,  187,  489,  458,  389,  573,  595,  457,   86,  626,  517,  275,  203,  467,  618,  517,  523,  324,  343,  330,  327,  674,  613,  266,  251,  487,   90,  117,  147,  440,  146,  354,  437,  382,  421,  244,  332,  224,  317,  409,  378,  484,  342,  390,  321,  436,  363,  434,  511,  156,  356,  251],
        [  347,    0,  571,  523,  222,  639,  647,  258,  390,  280,  497,  753,  151,  478,  698,  273,  456,  293,  460,  166,  626,  325,    0,  453,  119,  247,  441,  258,  430,  704,  470,  361,  483,  638,  328,  521,  648,  498,  562,  237,  631,  581,  266,  610,  628,  346,  191,  664,  700,  652,  454,  669,  320,   65,  137,  668,  140,  725,  465,  246,  284,  241,  435,  368,  628,  290,  526,  574,  592,  308,  652,  367,  531,  104,  917,  502,  635,  385,  398,  302,  665,  317,  384,  286,  719,  225,  529,  283,  474,  324,  511,  437,  188,  687,  118,  451,  211,  430,  644,  294,  797,  690,  392,  278,  276,  200,  359,  435,  248,  309,  122,  306,  912,  661,  708,  427,   32,  554,  142,  350,  352,  106,  389,  625,  280,  248,  425,  622,  182,   35,  288,   58,  645,  532,  308,  507,  355,  657,  655,  764,  448,  499,  645,  215,   88,  743,  187,  257,  677,  472],
        [  372,    0,  249,  242,  231,  239,  501,  657,  698,  387,  592,  316,  367,  354,  276,  183,  110,  627,  420,  319,  738,  252,  453,    0,  472,  216,  641,  331,  657,  380,  297,  129,  207,  444,  649,  354,  483,  302,  157,  429,  406,  374,  235,  410,  274,  545,  569,  219,  423,  441,  530,  303,  762,  410,  570,  297,  591,  413,  440,  696,  208,  692,  142,  542,  216,  330,  468,  427,  484,  380,  485,  557,  567,  501,  480,  461,  361,  168,  584,  674,  322,  312,  465,  182,  615,  246,  331,  642,  362,  234,  574,  300,  289,  280,  524,  345,  467,  527,  193,  160,  395,  238,  243,  612,  718,  484,  328,  556,  538,  521,  357,  685,  481,  754,  277,  126,  454,  102,  368,  767,  607,  352,  501,  726,  206,  353,  128,  668,  302,  488,  657,  503,  194,  151,  574,  133,  566,  207,  547,  327,  130,  638,  375,  442,  524,  351,  616,  398,  345,   30],
        [  265,    0,  634,  591,  256,  685,  745,  186,  281,  193,  384,  747,  108,  571,  737,  312,  502,  403,  373,  154,  509,  283,  119,  472,    0,  298,  323,  196,  312,  659,  553,  408,  548,  566,  220,  454,  744,  442,  553,  352,  567,  517,  335,  542,  597,  464,  100,  690,  642,  740,  345,  726,  371,  172,  116,  723,  187,  675,  570,  286,  346,  273,  418,  253,  670,  387,  435,  497,  505,  413,  573,  485,  645,   42,  908,  607,  582,  446,  516,  213,  728,  255,  282,  291,  824,  286,  613,  388,  401,  399,  626,  377,  261,  669,  226,  544,   98,  546,  664,  325,  772,  707,  469,  389,  330,  318,  290,  552,  366,  193,  119,  222,  898,  545,  744,  477,  151,  570,  243,  425,  469,  182,  281,  509,  273,  178,  413,  510,  171,  122,  197,  156,  664,  519,  190,  496,  237,  667,  564,  758,  499,  382,  590,  331,   92,  716,  270,  167,  636,  486],
        [  329,    0,  337,  295,   52,  394,  482,  480,  563,  301,  547,  530,  210,  305,  451,   38,  210,  419,  424,  162,  696,  226,  247,  216,  298,    0,  551,  242,  556,  540,  272,  115,  251,  537,  506,  422,  475,  379,  351,  235,  513,  468,   60,  504,  445,  365,  396,  419,  560,  459,  488,  430,  548,  197,  376,  427,  382,  568,  344,  485,   54,  482,  251,  454,  382,  169,  488,  492,  534,  220,  566,  381,  455,  316,  694,  377,  492,  149,  412,  510,  431,  266,  411,  112,  580,   32,  330,  431,  398,  119,  450,  338,   73,  481,  308,  282,  330,  383,  403,   64,  595,  450,  185,  403,  504,  276,  306,  405,  334,  413,  181,  519,  693,  722,  462,  182,  243,  316,  153,  552,  416,  141,  437,  689,  136,  254,  236,  653,  152,  282,  494,  292,  404,  329,  448,  304,  463,  423,  602,  541,  204,  576,  505,  241,  327,  546,  401,  297,  508,  240],
        [  273,    0,  864,  832,  500,  880, 1031,  302,  153,  260,  133,  819,  351,  853,  914,  547,  715,  718,  286,  392,  196,  390,  441,  641,  323,  551,    0,  320,   37,  636,  823,  637,  788,  472,  173,  412, 1026,  438,  645,  669,  499,  463,  605,  466,  625,  786,  285,  844,  584, 1010,  157,  938,  615,  490,  377,  934,  470,  636,  873,  532,  605,  514,  524,  101,  857,  685,  303,  403,  370,  720,  452,  807,  959,  346,  956,  909,  548,  689,  838,  252,  951,  330,  186,  483, 1123,  554,  880,  697,  358,  669,  943,  388,  547,  721,  543,  829,  238,  864,  805,  546,  792,  837,  736,  705,  586,  640,  321,  872,  688,  141,  392,  267,  936,  235,  912,  701,  473,  716,  553,  695,  790,  483,  148,  201,  452,  302,  530,  236,  400,  440,  249,  473,  804,  608,  136,  595,   91,  784,  395,  829,  721,   86,  550,  651,  391,  739,  564,  257,  628,  641],
        [   98,    0,  544,  513,  191,  566,  723,  357,  368,   61,  306,  567,  108,  546,  606,  231,  396,  542,  209,  110,  455,   94,  258,  331,  196,  242,  320,    0,  331,  464,  510,  317,  469,  381,  323,  264,  715,  247,  374,  418,  376,  326,  300,  353,  404,  551,  271,  544,  449,  694,  248,  621,  561,  268,  311,  617,  374,  480,  581,  478,  294,  467,  239,  220,  544,  397,  276,  316,  338,  441,  394,  570,  684,  237,  723,  616,  387,  371,  603,  359,  632,   60,  170,  163,  821,  252,  565,  537,  216,  360,  674,  183,  259,  482,  374,  523,  147,  600,  510,  227,  580,  548,  423,  526,  519,  420,  102,  616,  479,  192,  142,  373,  711,  481,  607,  381,  282,  417,  298,  605,  579,  227,  196,  448,  133,   24,  238,  416,  106,  283,  343,  315,  510,  338,  244,  318,  238,  501,  403,  577,  401,  336,  396,  409,  281,  525,  443,   68,  440,  335],
        [  294,    0,  874,  841,  505,  895, 1033,  273,  117,  272,  170,  846,  351,  855,  931,  554,  726,  700,  317,  395,  222,  407,  430,  657,  312,  556,   37,  331,    0,  668,  827,  646,  797,  506,  143,  442, 1029,  466,  668,  662,  533,  495,  608,  499,  653,  775,  264,  863,  617, 1015,  191,  952,  587,  482,  356,  947,  448,  669,  871,  505,  609,  487,  545,  118,  873,  683,  338,  436,  405,  717,  487,  796,  953,  332,  985,  907,  580,  697,  827,  221,  963,  347,  211,  494, 1122,  556,  885,  678,  387,  672,  936,  414,  546,  748,  527,  831,  234,  856,  826,  555,  822,  858,  740,  687,  560,  629,  342,  863,  674,  144,  391,  235,  965,  263,  930,  711,  462,  735,  548,  669,  775,  479,  174,  230,  464,  312,  550,  271,  404,  426,  219,  457,  825,  631,  122,  617,   94,  806,  432,  855,  732,  122,  582,  642,  374,  768,  543,  266,  659,  658],
        [  414,    0,  591,  604,  522,  519,  866,  807,  759,  480,  523,  253,  563,  731,  501,  503,  484,  952,  352,  538,  625,  381,  704,  380,  659,  540,  636,  464,  668,    0,  674,  499,  578,  186,  736,  228,  845,  220,  229,  774,  145,  174,  584,  177,  107,  903,  728,  413,   79,  794,  480,  595, 1020,  690,  774,  587,  833,   35,  819,  939,  558,  929,  289,  564,  490,  692,  339,  240,  292,  745,  229,  917,  946,  700,  338,  840,   89,  545,  946,  795,  629,  406,  465,  440,  982,  570,  700,  958,  286,  603,  951,  286,  606,  163,  809,  724,  597,  901,  369,  478,  168,  363,  621,  935,  976,  811,  375,  928,  871,  585,  583,  811,  312,  619,  483,  504,  721,  345,  680, 1053,  956,  633,  499,  607,  434,  483,  305,  523,  523,  734,  782,  762,  366,  229,  648,  250,  604,  312,  316,  256,  506,  584,   87,  780,  742,  127,  890,  505,   35,  352],
        [  589,    0,  152,  101,  324,  265,  217,  725,  829,  570,  813,  553,  479,   60,  335,  280,  190,  487,  670,  433,  962,  472,  470,  297,  553,  272,  823,  510,  827,  674,    0,  207,  102,  734,  769,  634,  206,  583,  446,  296,  699,  664,  221,  700,  567,  349,  648,  361,  720,  188,  752,  249,  701,  406,  606,  252,  580,  707,  161,  664,  219,  667,  424,  725,  275,  190,  729,  708,  760,  205,  773,  350,  286,  562,  696,  172,  657,  148,  366,  764,  228,  523,  677,  356,  325,  273,   60,  516,  627,  156,  301,  563,  292,  554,  473,   63,  599,  280,  376,  287,  660,  419,   88,  476,  662,  372,  558,  313,  401,  684,  444,  770,  708,  986,  357,  172,  452,  342,  331,  668,  423,  374,  705,  954,  387,  524,  407,  912,  424,  499,  748,  494,  379,  447,  718,  429,  735,  427,  826,  562,  168,  845,  671,  322,  557,  627,  558,  568,  639,  324],
        [  388,    0,  231,  196,  154,  279,  423,  593,  665,  378,  613,  442,  314,  256,  337,   98,   96,  502,  464,  264,  763,  268,  361,  129,  408,  115,  637,  317,  646,  499,  207,    0,  152,  535,  609,  430,  411,  381,  284,  302,  503,  464,  112,  501,  395,  417,  508,  309,  534,  382,  552,  319,  655,  309,  490,  316,  495,  530,  327,  596,   85,  594,  225,  537,  267,  201,  523,  504,  554,  252,  571,  428,  451,  429,  603,  353,  468,   59,  456,  620,  323,  322,  478,  156,  531,  138,  256,  520,  421,  106,  454,  357,  179,  409,  414,  240,  429,  403,  298,   92,  523,  346,  131,  488,  612,  361,  354,  431,  413,  503,  290,  629,  606,  785,  348,   70,  356,  219,  254,  651,  479,  255,  509,  754,  187,  335,  208,  708,  250,  396,  604,  404,  299,  272,  545,  250,  552,  326,  622,  452,   92,  650,  481,  317,  442,  479,  507,  381,  465,  158],
        [  537,    0,   89,   45,  298,  181,  294,  729,  812,  530,  762,  451,  459,  161,  250,  245,   98,  553,  607,  410,  912,  415,  483,  207,  548,  251,  788,  469,  797,  578,  102,  152,    0,  650,  755,  556,  277,  505,  349,  352,  613,  580,  218,  617,  471,  430,  646,  264,  627,  238,  701,  190,  747,  423,  617,  190,  607,  611,  261,  699,  203,  701,  344,  688,  184,  238,  661,  630,  685,  270,  691,  434,  387,  564,  597,  273,  567,  103,  454,  760,  183,  472,  628,  307,  409,  264,  124,  579,  556,  162,  401,  493,  295,  453,  509,  162,  577,  374,  276,  243,  559,  320,  106,  541,  705,  425,  500,  407,  464,  654,  431,  768,  608,  932,  270,   93,  470,  241,  353,  725,  502,  379,  660,  902,  338,  486,  327,  853,  398,  515,  744,  516,  279,  353,  694,  337,  703,  326,  750,  461,   79,  801,  580,  375,  568,  526,  600,  532,  543,  231],
        [  302,    0,  686,  685,  503,  639,  944,  686,  608,  374,  349,  427,  488,  788,  638,  505,  553,  914,  206,  479,  441,  327,  638,  444,  566,  537,  472,  381,  506,  186,  734,  535,  650,    0,  595,  120,  927,  158,  332,  763,   48,   71,  591,   35,  235,  897,  616,  549,  117,  884,  316,  714,  936,  641,  678,  706,  751,  174,  860,  851,  571,  838,  311,  415,  610,  704,  169,   74,  109,  756,   47,  914,  982,  608,  524,  887,  114,  591,  946,  663,  743,  322,  322,  426, 1057,  563,  773,  913,  166,  628,  981,  207,  590,  327,  752,  774,  486,  919,  504,  484,  354,  511,  666,  898,  895,  783,  280,  942,  843,  449,  519,  679,  497,  433,  623,  564,  661,  450,  653,  984,  939,  591,  350,  423,  407,  393,  329,  338,  469,  663,  651,  695,  501,  311,  510,  319,  456,  455,  133,  433,  573,  410,  107,  762,  656,  310,  823,  400,  195,  422],
        [  328,    0,  839,  799,  458,  878,  964,  131,   62,  276,  293,  881,  297,  789,  923,  513,  699,  575,  392,  346,  364,  414,  328,  649,  220,  506,  173,  323,  143,  736,  769,  609,  755,  595,    0,  510,  962,  520,  692,  565,  613,  569,  549,  581,  702,  666,  141,  865,  697,  957,  292,  926,  445,  388,  228,  922,  318,  743,  789,  365,  557,  347,  559,  182,  859,  606,  431,  522,  504,  632,  585,  687,  858,  225, 1032,  826,  650,  653,  716,   80,  932,  361,  275,  471, 1043,  498,  829,  550,  452,  614,  838,  459,  478,  790,  409,  763,  183,  757,  832,  520,  877,  870,  684,  563,  420,  521,  373,  760,  560,  152,  326,   95, 1016,  405,  925,  678,  358,  738,  461,  530,  658,  400,  246,  372,  444,  300,  560,  407,  360,  316,   77,  343,  831,  656,   88,  637,  141,  822,  543,  891,  700,  258,  654,  542,  256,  822,  412,  258,  721,  656],
        [  194,    0,  602,  594,  386,  571,  847,  587,  532,  265,  308,  420,  371,  685,  581,  391,  461,  795,  126,  361,  431,  208,  521,  354,  454,  422,  412,  264,  442,  228,  634,  430,  556,  120,  510,    0,  832,   53,  276,  645,  113,   63,  477,   90,  219,  779,  512,  497,  192,  793,  258,  643,  824,  522,  568,  636,  637,  234,  751,  739,  458,  727,  214,  337,  543,  589,  134,   75,  131,  641,  145,  796,  871,  496,  546,  780,  141,  488,  828,  571,  669,  205,  238,  310,  958,  446,  677,  794,   59,  518,  868,   88,  472,  318,  634,  670,  380,  804,  452,  371,  381,  470,  560,  779,  782,  664,  165,  826,  724,  359,  401,  587,  525,  435,  571,  466,  543,  382,  534,  869,  820,  472,  272,  415,  289,  279,  230,  340,  349,  547,  558,  578,  450,  246,  422,  245,  376,  414,  194,  428,  478,  367,  145,  643,  543,  328,  706,  291,  217,  337],
        [  795,    0,  258,  243,  527,  357,   27,  906, 1023,  775, 1018,  682,  678,  174,  412,  485,  374,  586,  875,  634, 1168,  677,  648,  483,  744,  475, 1026,  715, 1029,  845,  206,  411,  277,  927,  962,  832,    0,  780,  618,  436,  888,  857,  421,  893,  740,  427,  835,  474,  900,   65,  958,  297,  829,  584,  781,  305,  741,  880,  204,  809,  422,  816,  619,  929,  380,  359,  932,  906,  960,  347,  967,  418,  252,  747,  801,  174,  841,  352,  418,  949,  259,  729,  882,  562,  139,  473,  156,  622,  829,  357,  282,  765,  485,  707,  626,  200,  797,  317,  505,  493,  803,  537,  292,  580,  796,  509,  763,  345,  516,  886,  641,  954,  820, 1192,  438,  366,  625,  501,  507,  776,  496,  562,  910, 1160,  593,  729,  603, 1117,  626,  673,  934,  661,  508,  626,  916,  612,  937,  563, 1025,  689,  355, 1050,  854,  464,  735,  779,  699,  772,  812,  507],
        [  195,    0,  550,  542,  347,  519,  796,  588,  548,  260,  344,  384,  351,  635,  531,  347,  409,  765,  157,  334,  474,  176,  498,  302,  442,  379,  438,  247,  466,  220,  583,  381,  505,  158,  520,   53,  780,    0,  228,  607,  137,   90,  433,  125,  188,  740,  508,  448,  202,  741,  290,  592,  808,  493,  557,  584,  621,  234,  704,  725,  413,  714,  162,  355,  491,  546,  180,  126,  183,  598,  191,  757,  825,  483,  519,  732,  140,  438,  789,  576,  616,  188,  256,  268,  908,  405,  625,  766,   83,  471,  823,   66,  434,  284,  609,  620,  377,  761,  404,  326,  359,  424,  511,  748,  765,  630,  155,  784,  690,  369,  377,  592,  501,  480,  522,  415,  518,  331,  499,  848,  784,  441,  293,  459,  251,  265,  178,  387,  321,  526,  563,  556,  402,  196,  432,  194,  393,  368,  246,  393,  426,  401,  149,  607,  528,  304,  685,  285,  202,  284],
        [  376,    0,  366,  376,  350,  307,  638,  728,  732,  417,  565,  195,  445,  504,  309,  314,  256,  770,  379,  406,  700,  280,  562,  157,  553,  351,  645,  374,  668,  229,  446,  284,  349,  332,  692,  276,  618,  228,    0,  578,  288,  271,  383,  302,  123,  699,  641,  222,  284,  568,  508,  383,  880,  531,  662,  375,  700,  263,  594,  807,  355,  801,  136,  552,  278,  484,  407,  338,  400,  535,  377,  711,  722,  588,  357,  614,  230,  324,  739,  733,  414,  332,  459,  276,  754,  383,  472,  782,  307,  389,  730,  260,  423,  130,  650,  498,  521,  684,  177,  288,  244,  197,  399,  754,  836,  627,  327,  713,  683,  548,  450,  746,  351,  708,  297,  279,  570,  121,  502,  896,  758,  471,  497,  686,  285,  397,  141,  615,  389,  596,  717,  617,  175,   37,  608,   57,  584,  142,  454,  206,  279,  620,  243,  588,  621,  197,  739,  435,  195,  128],
        [  515,    0,  434,  379,  261,  532,  429,  485,  627,  463,  706,  743,  332,  281,  600,  271,  375,  204,  624,  309,  845,  439,  237,  429,  352,  235,  669,  418,  662,  774,  296,  302,  352,  763,  565,  645,  436,  607,  578,    0,  743,  696,  196,  730,  678,  135,  427,  596,  793,  453,  654,  536,  406,  180,  358,  537,  306,  802,  238,  375,  223,  382,  485,  587,  531,  115,  691,  712,  746,   93,  788,  153,  294,  341,  905,  274,  725,  287,  186,  535,  520,  462,  578,  341,  489,  205,  347,  227,  612,  207,  275,  558,  174,  706,  191,  255,  432,  195,  593,  297,  821,  641,  246,  191,  369,   77,  507,  204,  114,  531,  288,  537,  908,  877,  617,  341,  208,  520,  122,  375,  182,  195,  594,  842,  357,  420,  470,  825,  313,  253,  522,  234,  595,  560,  541,  535,  580,  626,  813,  754,  357,  718,  738,   28,  315,  774,  266,  448,  742,  457],
