{
    "name": "random-29-715",
    "comment": "size=29 seed=715",
    "nodes": ["+0", "-0", "+1", "-1", "+2", "-2", "+3", "-3", "+4", "-4", "+5", "-5", "+6", "-6", "+7", "-7", "+8", "-8", "+9", "-9", "+10", "-10", "+11", "-11", "+12", "-12", "+13", "-13", "+14", "-14", "+15", "-15", "+16", "-16", "+17", "-17", "+18", "-18", "+19", "-19", "+20", "-20", "+21", "-21", "+22", "-22", "+23", "-23", "+24", "-24", "+25", "-25", "+26", "-26", "+27", "-27", "+28", "-28", "+29", "-29"],
    "precedence": {
        "+0": "-0",
        "+1": "-1",
        "+2": "-2",
        "+3": "-3",
        "+4": "-4",
        "+5": "-5",
        "+6": "-6",
        "+7": "-7",
        "+8": "-8",
        "+9": "-9",
        "+10": "-10",
        "+11": "-11",
        "+12": "-12",
        "+13": "-13",
        "+14": "-14",
        "+15": "-15",
        "+16": "-16",
        "+17": "-17",
        "+18": "-18",
        "+19": "-19",
        "+20": "-20",
        "+21": "-21",
        "+22": "-22",
        "+23": "-23",
        "+24": "-24",
        "+25": "-25",
        "+26": "-26",
        "+27": "-27",
        "+28": "-28",
        "+29": "-29"
    },
    "edges": [
        [    0,    0,  342,  970,  542,  788,  539,  179,  914,  321,  837,  585, 1136,  830,  320,  897,  348,  824,  540,  907,  533,  152, 1025,  226,  256,  573,  236,  993,  245,  725,  269,  896,  643,  628,  235,  447, 1087,  905,  457,  941,  938,  912,  514,  899,  503,   38,  690,  939,  726, 1108,  764,  647,  887, 1116,  196,  565,  619,  582, 1055,  534],
        [    0,    0,  342,  970,  542,  788,  539,  179,  914,  321,  837,  585, 1136,  830,  320,  897,  348,  824,  540,  907,  533,  152, 1025,  226,  256,  573,  236,  993,  245,  725,  269,  896,  643,  628,  235,  447, 1087,  905,  457,  941,  938,  912,  514,  899,  503,   38,  690,  939,  726, 1108,  764,  647,  887, 1116,  196,  565,  619,  582, 1055,  534],
        [  342,  342,    0,  673,  201,  454,  375,  470,  972,  443,  845,  715,  918,  645,  256,  719,    7,  818,  599,  912,  515,  398,  841,  410,  188,  231,  424,  919,  149,  416,  331,  709,  492,  585,  132,  543,  868,  888,  178,  820,  763,  630,  506,  684,  528,  305,  366,  660,  771,  893,  737,  306,  563,  849,  522,  690,  383,  375,  788,  436],
        [  970,  970,  673,    0,  517,  290,  496, 1022, 1016,  854,  849,  977,  388,  375,  682,  404,  668,  809,  823,  880,  694,  945,  431,  901,  718,  496,  910,  725,  725,  258,  784,  379,  472,  664,  803,  855,  355,  826,  516,  574,  423,   85,  707,  299,  757,  934,  320,   82,  875,  380,  736,  495,  179,  216, 1097,  958,  372,  425,  167,  576],
        [  542,  542,  201,  517,    0,  264,  392,  661, 1048,  594,  902,  840,  820,  592,  385,  666,  195,  869,  703,  962,  594,  586,  773,  583,  351,   31,  597,  921,  327,  265,  484,  649,  491,  639,  325,  670,  772,  928,  182,  799,  707,  493,  591,  604,  626,  505,  197,  523,  852,  799,  783,  114,  381,  714,  718,  816,  331,  353,  654,  484],
        [  788,  788,  454,  290,  264,    0,  458,  883, 1098,  768,  936,  965,  654,  517,  562,  578,  449,  898,  814,  985,  686,  805,  653,  784,  563,  236,  796,  884,  553,  139,  671,  555,  505,  696,  584,  811,  612,  939,  349,  740,  612,  300,  691,  486,  737,  751,  111,  326,  922,  639,  814,  211,  124,  504,  949,  943,  337,  389,  451,  560],
        [  539,  539,  375,  496,  392,  458,    0,  545,  661,  360,  511,  510,  597,  294,  220,  364,  375,  477,  356,  571,  228,  473,  491,  417,  292,  404,  424,  546,  324,  328,  303,  360,  119,  251,  464,  366,  548,  537,  222,  446,  406,  420,  234,  361,  281,  510,  354,  441,  473,  569,  392,  482,  493,  595,  625,  488,  132,   75,  538,  102],
        [  179,  179,  470, 1022,  661,  883,  545,    0,  778,  223,  725,  437, 1127,  817,  341,  875,  476,  719,  429,  794,  463,   79, 1001,  133,  321,  691,  131,  913,  336,  797,  243,  879,  628,  558,  391,  331, 1080,  801,  536,  887,  913,  954,  442,  898,  415,  201,  777,  978,  604, 1098,  673,  773,  968, 1140,   82,  420,  653,  605, 1082,  507],
        [  914,  914,  972, 1016, 1048, 1098,  661,  778,    0,  596,  167,  344,  827,  642,  719,  629,  974,  208,  384,  149,  459,  765,  679,  689,  802, 1062,  679,  370,  849,  960,  680,  652,  593,  411,  999,  469,  805,  207,  868,  486,  629,  933,  467,  728,  446,  910, 1004,  935,  202,  803,  286, 1143, 1096,  977,  837,  359,  765,  719,  949,  565],
        [  321,  321,  443,  854,  594,  768,  360,  223,  596,    0,  518,  284,  916,  608,  212,  661,  448,  507,  220,  588,  241,  180,  784,  100,  256,  619,   95,  692,  297,  658,  113,  667,  422,  335,  426,  127,  871,  589,  429,  664,  697,  779,  220,  694,  193,  315,  658,  800,  405,  887,  454,  707,  831,  948,  303,  261,  484,  429,  892,  300],
        [  837,  837,  845,  849,  902,  936,  511,  725,  167,  518,    0,  332,  677,  476,  600,  466,  847,   41,  299,   71,  332,  697,  527,  617,  688,  914,  610,  249,  734,  798,  582,  489,  433,  264,  888,  396,  651,   85,  725,  334,  470,  766,  345,  563,  339,  827,  845,  769,  128,  652,  123,  992,  930,  817,  794,  335,  606,  563,  786,  420],
        [  585,  585,  715,  977,  840,  965,  510,  437,  344,  284,  332,    0,  923,  648,  463,  674,  719,  343,  156,  391,  287,  434,  774,  363,  529,  861,  351,  567,  573,  838,  389,  689,  506,  322,  709,  173,  886,  416,  661,  604,  696,  894,  277,  743,  229,  587,  858,  908,  205,  895,  338,  949, 1001, 1013,  493,   25,  639,  583,  968,  412],
        [ 1136, 1136,  918,  388,  820,  654,  597, 1127,  827,  916,  677,  923,    0,  310,  817,  257,  915,  641,  792,  678,  690, 1060,  152,  995,  886,  808,  998,  467,  912,  566,  890,  249,  500,  614, 1034,  862,   50,  620,  740,  343,  229,  354,  710,  239,  754, 1106,  641,  329,  756,   30,  600,  836,  560,  207, 1208,  912,  537,  560,  227,  621],
        [  830,  830,  645,  375,  592,  517,  294,  817,  642,  608,  476,  648,  310,    0,  511,   76,  643,  436,  503,  506,  389,  751,  199,  685,  586,  590,  689,  370,  616,  388,  581,   67,  191,  327,  749,  563,  264,  452,  470,  224,  119,  293,  408,   96,  455,  802,  455,  294,  514,  282,  366,  643,  478,  366,  898,  633,  268,  271,  323,  311],
        [  320,  320,  256,  682,  385,  562,  220,  341,  719,  212,  600,  463,  817,  511,    0,  579,  259,  577,  343,  669,  269,  264,  706,  225,   90,  409,  236,  708,  135,  462,  109,  577,  325,  351,  290,  291,  768,  652,  218,  636,  620,  614,  256,  580,  273,  292,  453,  639,  518,  789,  501,  497,  635,  807,  417,  439,  314,  269,  748,  225],
        [  897,  897,  719,  404,  666,  578,  364,  875,  629,  661,  466,  674,  257,   76,  579,    0,  718,  426,  537,  486,  433,  811,  128,  743,  656,  663,  746,  323,  687,  453,  643,   26,  255,  359,  822,  605,  215,  429,  545,  171,   44,  328,  453,  106,  497,  870,  523,  322,  521,  228,  367,  713,  527,  353,  956,  661,  343,  346,  321,  370],
        [  348,  348,    7,  668,  195,  449,  375,  476,  974,  448,  847,  719,  915,  643,  259,  718,    0,  819,  602,  914,  517,  404,  839,  415,  192,  225,  430,  919,  154,  411,  335,  707,  492,  587,  137,  547,  865,  889,  175,  819,  761,  626,  508,  682,  531,  311,  361,  656,  773,  890,  739,  300,  557,  845,  528,  694,  381,  373,  784,  437],
        [  824,  824,  818,  809,  869,  898,  477,  719,  208,  507,   41,  343,  641,  436,  577,  426,  819,    0,  291,   95,  309,  687,  490,  607,  665,  880,  601,  227,  711,  760,  565,  449,  395,  234,  866,  389,  614,   82,  693,  299,  431,  726,  323,  523,  323,  812,  807,  729,  139,  616,   86,  957,  890,  778,  791,  344,  569,  527,  747,  389],
        [  540,  540,  599,  823,  703,  814,  356,  429,  384,  220,  299,  156,  792,  503,  343,  537,  602,  291,    0,  369,  132,  399,  646,  319,  422,  723,  312,  491,  468,  684,  297,  550,  352,  179,  616,   99,  752,  372,  522,  493,  564,  741,  123,  598,   78,  532,  707,  755,  188,  763,  248,  809,  847,  867,  502,  136,  485,  429,  820,  257],
        [  907,  907,  912,  880,  962,  985,  571,  794,  149,  588,   71,  391,  678,  506,  669,  486,  914,   95,  369,    0,  401,  767,  531,  687,  758,  974,  680,  224,  803,  847,  653,  510,  485,  328,  958,  466,  657,   58,  788,  338,  483,  798,  414,  588,  410,  898,  897,  799,  192,  655,  180, 1050,  972,  831,  862,  397,  659,  619,  805,  483],
        [  533,  533,  515,  694,  594,  686,  228,  463,  459,  241,  332,  287,  690,  389,  269,  433,  517,  309,  132,  401,    0,  412,  551,  335,  357,  611,  333,  461,  403,  555,  266,  442,  224,   96,  558,  174,  647,  385,  412,  424,  465,  611,   22,  482,   67,  517,  581,  627,  260,  661,  236,  694,  716,  748,  543,  267,  354,  299,  698,  127],
        [  152,  152,  398,  945,  586,  805,  473,   79,  765,  180,  697,  434, 1060,  751,  264,  811,  404,  687,  399,  767,  412,    0,  938,   81,  243,  615,   88,  870,  260,  718,  171,  814,  560,  508,  330,  302, 1013,  768,  457,  833,  849,  877,  392,  829,  371,  159,  699,  902,  581, 1032,  633,  698,  889, 1066,  154,  414,  577,  530, 1008,  442],
        [ 1025, 1025,  841,  431,  773,  653,  491, 1001,  679,  784,  527,  774,  152,  199,  706,  128,  839,  490,  646,  531,  551,  938,    0,  868,  783,  767,  871,  329,  814,  541,  770,  133,  382,  471,  947,  721,  127,  473,  665,  194,   89,  370,  572,  171,  614,  998,  614,  354,  604,  126,  448,  809,  582,  312, 1082,  763,  460,  469,  302,  497],
        [  226,  226,  410,  901,  583,  784,  417,  133,  689,  100,  617,  363,  995,  685,  225,  743,  415,  607,  319,  687,  335,   81,  868,    0,  233,  611,   15,  790,  263,  687,  118,  747,  496,  430,  366,  223,  948,  688,  436,  757,  780,  831,  314,  766,  292,  225,  675,  854,  502,  966,  553,  697,  859, 1012,  214,  342,  530,  480,  954,  375],
        [  256,  256,  188,  718,  351,  563,  292,  321,  802,  256,  688,  529,  886,  586,   90,  656,  192,  665,  422,  758,  357,  243,  783,  233,    0,  379,  246,  797,   47,  481,  143,  652,  405,  441,  201,  358,  837,  741,  216,  722,  698,  657,  344,  648,  357,  223,  457,  684,  601,  859,  591,  465,  650,  860,  388,  505,  364,  329,  800,  312],
        [  573,  573,  231,  496,   31,  236,  404,  691, 1062,  619,  914,  861,  808,  590,  409,  663,  225,  880,  723,  974,  611,  615,  767,  611,  379,    0,  625,  926,  356,  248,  510,  646,  497,  652,  355,  693,  761,  938,  201,  800,  704,  476,  609,  597,  645,  535,  177,  506,  868,  788,  795,   88,  355,  697,  748,  837,  333,  360,  637,  498],
        [  236,  236,  424,  910,  597,  796,  424,  131,  679,   95,  610,  351,  998,  689,  236,  746,  430,  601,  312,  680,  333,   88,  871,   15,  246,  625,    0,  787,  277,  698,  128,  750,  500,  428,  380,  215,  952,  682,  449,  757,  782,  839,  313,  771,  288,  237,  687,  862,  494,  970,  548,  711,  870, 1018,  212,  330,  539,  488,  961,  378],
        [  993,  993,  919,  725,  921,  884,  546,  913,  370,  692,  249,  567,  467,  370,  708,  323,  919,  227,  491,  224,  461,  870,  329,  790,  797,  926,  787,    0,  839,  751,  726,  348,  434,  366,  992,  587,  453,  171,  765,  152,  305,  650,  481,  428,  499,  976,  814,  644,  365,  446,  243,  991,  846,  639,  989,  566,  594,  569,  623,  488],
        [  245,  245,  149,  725,  327,  553,  324,  336,  849,  297,  734,  573,  912,  616,  135,  687,  154,  711,  468,  803,  403,  260,  814,  263,   47,  356,  277,  839,    0,  481,  185,  682,  439,  485,  155,  403,  862,  786,  213,  760,  730,  669,  390,  674,  403,  209,  451,  696,  648,  885,  636,  439,  646,  877,  397,  549,  382,  353,  816,  353],
        [  725,  725,  416,  258,  265,  139,  328,  797,  960,  658,  798,  838,  566,  388,  462,  453,  411,  760,  684,  847,  555,  718,  541,  687,  481,  248,  698,  751,  481,    0,  570,  432,  368,  560,  547,  689,  520,  801,  268,  610,  490,  229,  561,  370,  609,  688,   76,  259,  786,  547,  676,  272,  173,  450,  868,  816,  202,  256,  390,  428],
        [  269,  269,  331,  784,  484,  671,  303,  243,  680,  113,  582,  389,  890,  581,  109,  643,  335,  565,  297,  653,  266,  171,  770,  118,  143,  510,  128,  726,  185,  570,    0,  644,  390,  360,  323,  221,  842,  645,  326,  675,  682,  713,  248,  658,  244,  251,  561,  737,  483,  862,  500,  598,  743,  898,  322,  366,  413,  363,  840,  274],
        [  896,  896,  709,  379,  649,  555,  360,  879,  652,  667,  489,  689,  249,   67,  577,   26,  707,  449,  550,  510,  442,  814,  133,  747,  652,  646,  750,  348,  682,  432,  644,    0,  255,  372,  815,  615,  205,  454,  534,  197,   59,  303,  462,   81,  507,  868,  502,  297,  541,  220,  388,  694,  503,  332,  960,  676,  330,  336,  298,  373],
        [  643,  643,  492,  472,  491,  505,  119,  628,  593,  422,  433,  506,  500,  191,  325,  255,  492,  395,  352,  485,  224,  560,  382,  496,  405,  497,  500,  434,  439,  368,  390,  255,    0,  198,  582,  392,  453,  444,  332,  328,  295,  389,  239,  273,  289,  616,  413,  404,  421,  472,  310,  569,  512,  530,  708,  487,  175,  138,  478,  123],
        [  628,  628,  585,  664,  639,  696,  251,  558,  411,  335,  264,  322,  614,  327,  351,  359,  587,  234,  179,  328,   96,  508,  471,  430,  441,  652,  428,  366,  485,  560,  360,  372,  198,    0,  640,  252,  574,  304,  462,  331,  386,  580,  117,  422,  147,  610,  597,  591,  226,  585,  153,  732,  709,  692,  636,  306,  360,  310,  646,  156],
        [  235,  235,  132,  803,  325,  584,  464,  391,  999,  426,  888,  709, 1034,  749,  290,  822,  137,  866,  616,  958,  558,  330,  947,  366,  201,  355,  380,  992,  155,  547,  323,  815,  582,  640,    0,  543,  984,  941,  298,  907,  866,  758,  544,  797,  555,  200,  498,  788,  799, 1008,  791,  421,  694,  976,  427,  686,  497,  479,  914,  504],
        [  447,  447,  543,  855,  670,  811,  366,  331,  469,  127,  396,  173,  862,  563,  291,  605,  547,  389,   99,  466,  174,  302,  721,  223,  358,  693,  215,  587,  403,  689,  221,  615,  392,  252,  543,    0,  819,  471,  494,  580,  636,  774,  156,  655,  109,  442,  702,  792,  280,  833,  345,  780,  858,  920,  404,  148,  497,  440,  869,  279],
        [ 1087, 1087,  868,  355,  772,  612,  548, 1080,  805,  871,  651,  886,   50,  264,  768,  215,  865,  614,  752,  657,  647, 1013,  127,  948,  837,  761,  952,  453,  862,  520,  842,  205,  453,  574,  984,  819,    0,  599,  691,  320,  191,  314,  666,  189,  711, 1057,  595,  291,  724,   28,  568,  791,  523,  195, 1161,  874,  488,  510,  201,  574],
        [  905,  905,  888,  826,  928,  939,  537,  801,  207,  589,   85,  416,  620,  452,  652,  429,  889,   82,  372,   58,  385,  768,  473,  688,  741,  938,  682,  171,  786,  801,  645,  454,  444,  304,  941,  471,  599,    0,  756,  280,  426,  745,  400,  532,  403,  893,  854,  745,  212,  597,  151, 1012,  922,  773,  872,  419,  618,  580,  748,  454],
        [  457,  457,  178,  516,  182,  349,  222,  536,  868,  429,  725,  661,  740,  470,  218,  545,  175,  693,  522,  788,  412,  457,  665,  436,  216,  201,  449,  765,  213,  268,  326,  534,  332,  462,  298,  494,  691,  756,    0,  656,  588,  464,  409,  507,  445,  421,  242,  493,  671,  716,  609,  288,  435,  679,  603,  637,  206,  203,  618,  306],
        [  941,  941,  820,  574,  799,  740,  446,  887,  486,  664,  334,  604,  343,  224,  636,  171,  819,  299,  493,  338,  424,  833,  194,  757,  722,  800,  757,  152,  760,  610,  675,  197,  328,  331,  907,  580,  320,  280,  656,    0,  154,  499,  445,  276,  478,  920,  676,  492,  420,  319,  268,  859,  697,  496,  966,  597,  469,  454,  476,  412],
        [  938,  938,  763,  423,  707,  612,  406,  913,  629,  697,  470,  696,  229,  119,  620,   44,  761,  431,  564,  483,  465,  849,   89,  780,  698,  704,  782,  305,  730,  490,  682,   59,  295,  386,  866,  636,  191,  426,  588,  154,    0,  351,  485,  129,  528,  911,  561,  342,  535,  200,  379,  753,  555,  348,  994,  684,  386,  389,  324,  409],
        [  912,  912,  630,   85,  493,  300,  420,  954,  933,  779,  766,  894,  354,  293,  614,  328,  626,  726,  741,  798,  611,  877,  370,  831,  657,  476,  839,  650,  669,  229,  713,  303,  389,  580,  758,  774,  314,  745,  464,  499,  351,    0,  625,  223,  676,  877,  300,   31,  790,  341,  652,  490,  213,  223, 1030,  876,  301,  352,  162,  496],
        [  514,  514,  506,  707,  591,  691,  234,  442,  467,  220,  345,  277,  710,  408,  256,  453,  508,  323,  123,  414,   22,  392,  572,  314,  344,  609,  313,  481,  390,  561,  248,  462,  239,  117,  544,  156,  666,  400,  409,  445,  485,  625,    0,  500,   51,  498,  585,  641,  266,  681,  253,  693,  724,  765,  522,  256,  362,  306,  714,  135],
        [  899,  899,  684,  299,  604,  486,  361,  898,  728,  694,  563,  743,  239,   96,  580,  106,  682,  523,  598,  588,  482,  829,  171,  766,  648,  597,  771,  428,  674,  370,  658,   81,  273,  422,  797,  655,  189,  532,  507,  276,  129,  223,  500,    0,  548,  869,  443,  217,  607,  212,  458,  638,  426,  270,  978,  728,  302,  322,  228,  395],
        [  503,  503,  528,  757,  626,  737,  281,  415,  446,  193,  339,  229,  754,  455,  273,  497,  531,  323,   78,  410,   67,  371,  614,  292,  357,  645,  288,  499,  403,  609,  244,  507,  289,  147,  555,  109,  711,  403,  445,  478,  528,  676,   51,  548,    0,  490,  630,  692,  245,  725,  262,  731,  773,  814,  493,  207,  411,  354,  764,  185],
        [   38,   38,  305,  934,  505,  751,  510,  201,  910,  315,  827,  587, 1106,  802,  292,  870,  311,  812,  532,  898,  517,  159,  998,  225,  223,  535,  237,  976,  209,  688,  251,  868,  616,  610,  200,  442, 1057,  893,  421,  920,  911,  877,  498,  869,  490,    0,  653,  904,  719, 1079,  750,  610,  850, 1083,  228,  566,  586,  551, 1022,  510],
        [  690,  690,  366,  320,  197,  111,  354,  777, 1004,  658,  845,  858,  641,  455,  453,  523,  361,  807,  707,  897,  581,  699,  614,  675,  457,  177,  687,  814,  451,   76,  561,  502,  413,  597,  498,  702,  595,  854,  242,  676,  561,  300,  585,  443,  630,  653,    0,  330,  823,  622,  723,  197,  198,  520,  845,  835,  239,  288,  462,  456],
        [  939,  939,  660,   82,  523,  326,  441,  978,  935,  800,  769,  908,  329,  294,  639,  322,  656,  729,  755,  799,  627,  902,  354,  854,  684,  506,  862,  644,  696,  259,  737,  297,  404,  591,  788,  792,  291,  745,  493,  492,  342,   31,  641,  217,  692,  904,  330,    0,  798,  317,  657,  519,  233,  193, 1055,  890,  326,  374,  132,  514],
        [  726,  726,  771,  875,  852,  922,  473,  604,  202,  405,  128,  205,  756,  514,  518,  521,  773,  139,  188,  192,  260,  581,  604,  502,  601,  868,  494,  365,  648,  786,  483,  541,  421,  226,  799,  280,  724,  212,  671,  420,  535,  790,  266,  607,  245,  719,  823,  798,    0,  729,  156,  951,  933,  872,  671,  208,  586,  535,  835,  373],
        [ 1108, 1108,  893,  380,  799,  639,  569, 1098,  803,  887,  652,  895,   30,  282,  789,  228,  890,  616,  763,  655,  661, 1032,  126,  966,  859,  788,  970,  446,  885,  547,  862,  220,  472,  585, 1008,  833,   28,  597,  716,  319,  200,  341,  681,  212,  725, 1079,  622,  317,  729,    0,  573,  818,  550,  212, 1179,  884,  512,  533,  224,  592],
        [  764,  764,  737,  736,  783,  814,  392,  673,  286,  454,  123,  338,  600,  366,  501,  367,  739,   86,  248,  180,  236,  633,  448,  553,  591,  795,  548,  243,  636,  676,  500,  388,  310,  153,  791,  345,  568,  151,  609,  268,  379,  652,  253,  458,  262,  750,  723,  657,  156,  573,    0,  871,  810,  720,  747,  333,  484,  441,  685,  305],
        [  647,  647,  306,  495,  114,  211,  482,  773, 1143,  707,  992,  949,  836,  643,  497,  713,  300,  957,  809, 1050,  694,  698,  809,  697,  465,   88,  711,  991,  439,  272,  598,  694,  569,  732,  421,  780,  791, 1012,  288,  859,  753,  490,  693,  638,  731,  610,  197,  519,  951,  818,  871,    0,  335,  705,  827,  925,  399,  432,  649,  579],
        [  887,  887,  563,  179,  381,  124,  493,  968, 1096,  831,  930, 1001,  560,  478,  635,  527,  557,  890,  847,  972,  716,  889,  582,  859,  650,  355,  870,  846,  646,  173,  743,  503,  512,  709,  694,  858,  523,  922,  435,  697,  555,  213,  724,  426,  773,  850,  198,  233,  933,  550,  810,  335,    0,  393, 1037,  980,  363,  420,  345,  590],
        [ 1116, 1116,  849,  216,  714,  504,  595, 1140,  977,  948,  817, 1013,  207,  366,  807,  353,  845,  778,  867,  831,  748, 1066,  312, 1012,  860,  697, 1018,  639,  877,  450,  898,  332,  530,  692,  976,  920,  195,  773,  679,  496,  348,  223,  765,  270,  814, 1083,  520,  193,  872,  212,  720,  705,  393,    0, 1219,  998,  497,  538,   62,  650],
        [  196,  196,  522, 1097,  718,  949,  625,   82,  837,  303,  794,  493, 1208,  898,  417,  956,  528,  791,  502,  862,  543,  154, 1082,  214,  388,  748,  212,  989,  397,  868,  322,  960,  708,  636,  427,  404, 1161,  872,  603,  966,  994, 1030,  522,  978,  493,  228,  845, 1055,  671, 1179,  747,  827, 1037, 1219,    0,  479,  730,  683, 1161,  588],
        [  565,  565,  690,  958,  816,  943,  488,  420,  359,  261,  335,   25,  912,  633,  439,  661,  694,  344,  136,  397,  267,  414,  763,  342,  505,  837,  330,  566,  549,  816,  366,  676,  487,  306,  686,  148,  874,  419,  637,  597,  684,  876,  256,  728,  207,  566,  835,  890,  208,  884,  333,  925,  980,  998,  479,    0,  618,  561,  952,  391],
        [  619,  619,  383,  372,  331,  337,  132,  653,  765,  484,  606,  639,  537,  268,  314,  343,  381,  569,  485,  659,  354,  577,  460,  530,  364,  333,  539,  594,  382,  202,  413,  330,  175,  360,  497,  497,  488,  618,  206,  469,  386,  301,  362,  302,  411,  586,  239,  326,  586,  512,  484,  399,  363,  497,  730,  618,    0,   58,  437,  228],
        [  582,  582,  375,  425,  353,  389,   75,  605,  719,  429,  563,  583,  560,  271,  269,  346,  373,  527,  429,  619,  299,  530,  469,  480,  329,  360,  488,  569,  353,  256,  363,  336,  138,  310,  479,  440,  510,  580,  203,  454,  389,  352,  306,  322,  354,  551,  288,  374,  535,  533,  441,  432,  420,  538,  683,  561,   58,    0,  479,  172],
        [ 1055, 1055,  788,  167,  654,  451,  538, 1082,  949,  892,  786,  968,  227,  323,  748,  321,  784,  747,  820,  805,  698, 1008,  302,  954,  800,  637,  961,  623,  816,  390,  840,  298,  478,  646,  914,  869,  201,  748,  618,  476,  324,  162,  714,  228,  764, 1022,  462,  132,  835,  224,  685,  649,  345,   62, 1161,  952,  437,  479,    0,  597],
        [  534,  534,  436,  576,  484,  560,  102,  507,  565,  300,  420,  412,  621,  311,  225,  370,  437,  389,  257,  483,  127,  442,  497,  375,  312,  498,  378,  488,  353,  428,  274,  373,  123,  156,  504,  279,  574,  454,  306,  412,  409,  496,  135,  395,  185,  510,  456,  514,  373,  592,  305,  579,  590,  650,  588,  391,  228,  172,  597,    0]
    ]
}
