{
    "name": "random-56-22637",
    "comment": "size=56 seed=22637",
    "nodes": ["+0", "-0", "+1", "-1", "+2", "-2", "+3", "-3", "+4", "-4", "+5", "-5", "+6", "-6", "+7", "-7", "+8", "-8", "+9", "-9", "+10", "-10", "+11", "-11", "+12", "-12", "+13", "-13", "+14", "-14", "+15", "-15", "+16", "-16", "+17", "-17", "+18", "-18", "+19", "-19", "+20", "-20", "+21", "-21", "+22", "-22", "+23", "-23", "+24", "-24", "+25", "-25", "+26", "-26", "+27", "-27", "+28", "-28", "+29", "-29", "+30", "-30", "+31", "-31", "+32", "-32", "+33", "-33", "+34", "-34", "+35", "-35", "+36", "-36", "+37", "-37", "+38", "-38", "+39", "-39", "+40", "-40", "+41", "-41", "+42", "-42", "+43", "-43", "+44", "-44", "+45", "-45", "+46", "-46", "+47", "-47", "+48", "-48", "+49", "-49", "+50", "-50", "+51", "-51", "+52", "-52", "+53", "-53", "+54", "-54", "+55", "-55", "+56", "-56"],
    "precedence": {
        "+0": "-0",
        "+1": "-1",
        "+2": "-2",
        "+3": "-3",
        "+4": "-4",
        "+5": "-5",
        "+6": "-6",
        "+7": "-7",
        "+8": "-8",
        "+9": "-9",
        "+10": "-10",
        "+11": "-11",
        "+12": "-12",
        "+13": "-13",
        "+14": "-14",
        "+15": "-15",
        "+16": "-16",
        "+17": "-17",
        "+18": "-18",
        "+19": "-19",
        "+20": "-20",
        "+21": "-21",
        "+22": "-22",
        "+23": "-23",
        "+24": "-24",
        "+25": "-25",
        "+26": "-26",
        "+27": "-27",
        "+28": "-28",
        "+29": "-29",
        "+30": "-30",
        "+31": "-31",
        "+32": "-32",
        "+33": "-33",
        "+34": "-34",
        "+35": "-35",
        "+36": "-36",
        "+37": "-37",
        "+38": "-38",
        "+39": "-39",
        "+40": "-40",
        "+41": "-41",
        "+42": "-42",
        "+43": "-43",
        "+44": "-44",
        "+45": "-45",
        "+46": "-46",
        "+47": "-47",
        "+48": "-48",
        "+49": "-49",
        "+50": "-50",
        "+51": "-51",
        "+52": "-52",
        "+53": "-53",
        "+54": "-54",
        "+55": "-55",
        "+56": "-56"
    },
    "edges": [
        [    0,    0,  582,  349,   92,  642,  412,  880,  302,  834,  809,  869,  412,  670,  647,  649,  391,  768, 1003,  210,  965,  701,  962,  372,  622,  572,  902,  108,  608,  723,  590,  254,  139,  771,  440,  719,  456,  778,  117,  713,  168,  398,  136,  738,  657,  941,  538,  459,  944,  970,  294,  713,  477,  730,  904,  861,  485,  301,  890,  392,  442,   47,  220,  475,  341,  604,  626,  492,  842,  494,  235,  426,  762,  768,  929,  201,  434,  969,  627,  492,  751,  502,  499,  329,  399,  430,  712,  404,  381,  812,  280,  512,  579,  245,  480,  124,  829,  902, 1018,  143,  837,  355,  462,  501,  550,  641,  850,  637,  784,  583,  659,  494,  193,  976],
        [    0,    0,    0,    0,    0,    0,    0,    0,    0,    0,    0,    0,    0,    0,    0,    0,    0,    0,    0,    0,    0,    0,    0,    0,    0,    0,    0,    0,    0,    0,    0,    0,    0,    0,    0,    0,    0,    0,    0,    0,    0,    0,    0,    0,    0,    0,    0,    0,    0,    0,    0,    0,    0,    0,    0,    0,    0,    0,    0,    0,    0,    0,    0,    0,    0,    0,    0,    0,    0,    0,    0,    0,    0,    0,    0,    0,    0,    0,    0,    0,    0,    0,    0,    0,    0,    0,    0,    0,    0,    0,    0,    0,    0,    0,    0,    0,    0,    0,    0,    0,    0,    0,    0,    0,    0,    0,    0,    0,    0,    0,    0,    0,    0,    0],
        [  582,    0,    0,  482,  646,   99,  265,  299,  519,  268,  436,  290,  537,  545,  524,  287,  598,  725,  426,  720,  699,  126,  626,  284,   68,   87,  730,  500,   82,  144,  238,  566,  469,  264,  271,  519,  304,  269,  661,  151,  612,  483,  481,  233,  665,  743,  410,  251,  370,  397,  454,  595,  270,  208,  693,  343,  855,  457,  608,  271,  146,  597,  369,  339,  821,   54,  696,  314,  583,   90,  390,  597,  300,  455,  576,  676,  694,  672,  693,  287,  665,  448,  425,  814,  318,  602,  238,  682,  258,  535,  638,  648,  688,  440,  286,  461,  247,  390,  799,  494,  255,  396,  525,   83,  531,  110,  298,  116,  238,  118,  248,  572,  423,  399],
        [  349,    0,  482,    0,  439,  576,  218,  731,   62,  655,  865,  712,   78,  839,  814,  692,  666,  985,  829,  559, 1090,  603, 1049,  460,  546,  422, 1071,  251,  458,  584,  626,  546,  231,  739,  522,  858,  558,  745,  465,  633,  499,  616,  379,  525,  886, 1099,  213,  526,  767,  789,  514,  891,  238,  530, 1053,  822,  824,  521, 1002,  472,  354,  321,  248,  596,  689,  471,  878,  219,  963,  404,  180,  127,  760,  854, 1005,  545,  737, 1078,  877,  578,  948,  676,  168,  678,  167,  133,  488,  710,  229,  921,  598,  777,  841,  122,  569,  318,  699,  869, 1170,  210,  697,   87,  116,  414,  752,  582,  654,  585,  719,  552,  418,  156,  199,  861],
        [   92,    0,  646,  439,    0,  697,  496,  945,  391,  904,  830,  935,  501,  661,  639,  679,  352,  740, 1070,  121,  962,  761,  970,  409,  680,  645,  887,  197,  680,  789,  624,  220,  227,  814,  472,  718,  481,  821,   27,  769,  113,  387,  170,  816,  627,  929,  628,  493, 1013, 1039,  295,  700,  562,  805,  895,  904,  405,  299,  892,  429,  511,  124,  298,  493,  251,  673,  588,  580,  843,  561,  321,  512,  798,  782,  941,  122,  377,  971,  589,  518,  730,  499,  589,  239,  487,  516,  792,  346,  463,  817,  222,  472,  537,  335,  507,  189,  891,  943, 1006,  234,  901,  445,  552,  566,  534,  694,  924,  689,  835,  633,  741,  582,  280, 1032],
        [  642,    0,   99,  576,  697,    0,  360,  268,  610,  271,  344,  267,  633,  488,  470,  211,  597,  669,  399,  758,  611,   75,  533,  304,   32,  182,  655,  569,  165,  146,  179,  587,  539,  166,  267,  451,  290,  171,  708,   73,  648,  477,  528,  286,  622,  663,  508,  244,  352,  380,  471,  536,  369,  257,  613,  247,  861,  472,  522,  286,  228,  662,  438,  317,  848,  136,  661,  413,  501,  173,  470,  693,  203,  372,  483,  711,  692,  582,  658,  262,  606,  420,  524,  843,  413,  698,  302,  684,  348,  453,  658,  629,  660,  524,  266,  518,  207,  294,  715,  568,  223,  489,  623,  164,  497,   15,  310,   26,  149,   75,  329,  670,  499,  336],
        [  412,    0,  265,  218,  496,  360,    0,  522,  260,  453,  668,  505,  274,  689,  664,  498,  600,  853,  629,  599,  909,  386,  856,  317,  330,  207,  909,  308,  244,  370,  433,  511,  275,  525,  362,  692,  403,  531,  518,  416,  508,  516,  365,  337,  766,  932,  199,  359,  567,  591,  436,  742,   70,  335,  883,  607,  813,  442,  819,  322,  149,  408,  204,  443,  722,  255,  774,  106,  784,  192,  179,  333,  551,  667,  809,  568,  687,  891,  772,  412,  805,  542,  191,  713,   53,  338,  306,  666,   44,  739,  578,  691,  747,  200,  404,  316,  485,  654,  997,  285,  485,  132,  268,  202,  626,  368,  460,  371,  503,  344,  248,  317,  220,  647],
        [  880,    0,  299,  731,  945,  268,  522,    0,  779,   98,  491,   25,  768,  716,  702,  434,  864,  892,  132, 1016,  752,  194,  647,  568,  274,  319,  835,  794,  281,  158,  430,  853,  762,  278,  535,  661,  557,  275,  959,  206,  907,  744,  779,  234,  864,  830,  589,  512,   90,  116,  737,  757,  494,  215,  782,  275, 1129,  739,  673,  552,  440,  892,  664,  581, 1113,  279,  911,  522,  671,  386,  677,  827,  344,  549,  597,  971,  959,  710,  907,  527,  825,  678,  623, 1106,  567,  832,  275,  952,  530,  625,  924,  890,  916,  717,  532,  759,   64,  304,  863,  784,   46,  649,  739,  380,  750,  277,  133,  287,  205,  342,  345,  778,  713,  148],
        [  302,    0,  519,   62,  391,  610,  260,  779,    0,  706,  884,  761,  111,  838,  813,  711,  642,  976,  881,  511, 1099,  643, 1065,  463,  581,  466, 1072,  212,  503,  629,  644,  516,  199,  770,  529,  863,  563,  777,  417,  670,  459,  602,  350,  580,  874, 1103,  275,  536,  820,  842,  497,  889,  290,  583, 1058,  856,  783,  504, 1013,  478,  383,  269,  240,  599,  641,  514,  861,  276,  972,  437,  175,  134,  787,  868, 1022,  502,  707, 1090,  860,  587,  942,  672,  229,  630,  213,  139,  543,  679,  262,  932,  563,  756,  821,  107,  577,  290,  744,  902, 1174,  171,  744,  131,  162,  446,  743,  615,  707,  617,  756,  579,  474,  193,  180,  906],
        [  834,    0,  268,  655,  904,  271,  453,   98,  706,    0,  551,   73,  686,  750,  734,  466,  860,  929,  176,  984,  818,  199,  719,  551,  266,  262,  890,  741,  226,  129,  448,  834,  708,  333,  529,  703,  557,  332,  920,  227,  877,  742,  743,  140,  890,  889,  501,  507,  114,  139,  721,  794,  417,  126,  840,  350, 1120,  724,  735,  537,  394,  841,  614,  586, 1088,  233,  932,  440,  727,  346,  619,  745,  398,  601,  668,  942,  956,  779,  928,  532,  864,  690,  536, 1081,  494,  749,  182,  946,  468,  680,  906,  899,  931,  652,  535,  716,  119,  386,  928,  727,   97,  575,  654,  342,  767,  284,   45,  294,  261,  342,  254,  691,  657,  244],
        [  809,    0,  436,  865,  830,  344,  668,  491,  884,  551,    0,  506,  934,  286,  286,  174,  577,  432,  593,  843,  271,  380,  191,  445,  373,  523,  345,  775,  508,  459,  241,  644,  754,  218,  374,  208,  354,  219,  831,  340,  741,  473,  675,  616,  443,  340,  841,  359,  576,  597,  539,  307,  694,  585,  292,  229,  826,  535,  185,  426,  520,  844,  663,  338,  889,  480,  507,  741,  181,  480,  717,  990,  154,   77,  142,  791,  651,  238,  502,  319,  365,  359,  849,  887,  719,  996,  639,  659,  642,  137,  696,  539,  534,  783,  330,  696,  438,  227,  379,  790,  462,  784,  935,  471,  384,  331,  595,  323,  290,  329,  673,  984,  732,  440],
        [  869,    0,  290,  712,  935,  267,  505,   25,  761,   73,  506,    0,  748,  724,  710,  442,  863,  901,  137, 1009,  769,  192,  665,  563,  270,  304,  849,  781,  266,  147,  433,  848,  748,  291,  533,  671,  556,  289,  950,  208,  900,  743,  770,  210,  870,  845,  567,  510,   86,  113,  733,  766,  474,  192,  797,  293, 1127,  735,  688,  548,  428,  880,  651,  582, 1107,  265,  916,  502,  685,  375,  662,  807,  357,  562,  615,  964,  959,  728,  912,  528,  835,  681,  601, 1100,  548,  811,  252,  951,  514,  639,  920,  892,  920,  701,  532,  748,   70,  324,  880,  769,   47,  630,  718,  370,  754,  277,  109,  287,  218,  341,  322,  756,  699,  172],
        [  412,    0,  537,   78,  501,  633,  274,  768,  111,  686,  934,  748,    0,  916,  891,  761,  743, 1063,  858,  621, 1163,  654, 1119,  536,  603,  470, 1147,  320,  504,  627,  695,  621,  304,  798,  597,  933,  634,  804,  527,  686,  568,  694,  454,  551,  964, 1175,  206,  600,  797,  817,  592,  968,  277,  560, 1128,  879,  893,  599, 1075,  548,  417,  379,  326,  672,  752,  521,  955,  246, 1036,  464,  258,   61,  823,  926, 1074,  612,  812, 1150,  954,  652, 1025,  754,  161,  740,  221,   66,  512,  784,  293,  994,  670,  854,  918,  198,  643,  393,  741,  926, 1244,  279,  737,  151,   57,  474,  829,  641,  680,  644,  774,  615,  439,   83,  275,  903],
        [  670,    0,  545,  839,  661,  488,  689,  716,  838,  750,  286,  724,  916,    0,   25,  284,  340,  182,  836,  639,  305,  553,  339,  381,  505,  622,  236,  673,  626,  631,  311,  446,  663,  445,  327,   83,  287,  450,  653,  523,  554,  274,  540,  770,  158,  273,  885,  331,  805,  830,  376,   54,  738,  742,  235,  494,  559,  369,  247,  371,  554,  713,  598,  247,  653,  597,  221,  785,  196,  541,  664,  964,  384,  210,  327,  589,  393,  321,  216,  279,  121,  171,  879,  655,  731,  969,  780,  408,  651,  191,  478,  268,  251,  731,  286,  582,  655,  504,  349,  701,  678,  772,  934,  534,  131,  474,  792,  463,  514,  430,  789,  983,  662,  702],
        [  647,    0,  524,  814,  639,  470,  664,  702,  813,  734,  286,  710,  891,   25,    0,  269,  324,  201,  824,  620,  324,  536,  352,  356,  486,  601,  261,  649,  605,  614,  292,  426,  639,  434,  303,   91,  262,  439,  633,  507,  534,  253,  516,  751,  165,  296,  861,  307,  792,  817,  353,   79,  714,  723,  258,  486,  550,  347,  262,  346,  530,  690,  573,  222,  639,  577,  224,  761,  212,  518,  639,  939,  374,  210,  337,  571,  382,  338,  219,  256,  144,  147,  854,  640,  707,  945,  760,  395,  626,  201,  461,  260,  249,  706,  262,  558,  641,  499,  372,  676,  663,  747,  909,  512,  115,  456,  776,  445,  501,  411,  768,  958,  637,  693],
        [  649,    0,  287,  692,  679,  211,  498,  434,  711,  466,  174,  442,  761,  284,  269,    0,  475,  463,  558,  707,  417,  271,  359,  279,  233,  372,  445,  607,  365,  351,   67,  513,  585,  176,  210,  240,  199,  183,  682,  240,  600,  357,  517,  497,  430,  457,  677,  192,  524,  549,  399,  329,  529,  467,  407,  250,  739,  397,  326,  259,  350,  681,  492,  197,  770,  336,  479,  577,  298,  315,  544,  818,  132,  172,  313,  656,  563,  395,  475,  161,  398,  263,  683,  767,  549,  823,  512,  563,  471,  250,  574,  472,  489,  610,  172,  531,  372,  279,  513,  620,  395,  611,  764,  306,  322,  197,  509,  186,  237,  170,  533,  813,  560,  439],
        [  391,    0,  598,  666,  352,  597,  600,  864,  642,  860,  577,  863,  743,  340,  324,  475,    0,  389,  995,  305,  642,  671,  674,  318,  595,  642,  548,  438,  665,  731,  448,  137,  444,  646,  331,  413,  308,  653,  338,  660,  239,  121,  293,  822,  277,  592,  789,  354,  948,  976,  165,  368,  667,  801,  565,  724,  267,  159,  586,  328,  520,  438,  427,  288,  316,  644,  237,  705,  535,  542,  491,  775,  606,  511,  656,  259,   97,  660,  238,  339,  386,  219,  765,  317,  622,  781,  815,   90,  557,  522,  143,  121,  188,  545,  334,  353,  802,  751,  669,  476,  819,  627,  778,  542,  210,  587,  893,  578,  694,  523,  793,  822,  468,  903],
        [  768,    0,  725,  985,  740,  669,  853,  892,  976,  929,  432,  901, 1063,  182,  201,  463,  389,    0, 1008,  689,  325,  733,  410,  537,  686,  801,  190,  793,  805,  812,  492,  521,  789,  617,  494,  233,  452,  621,  727,  702,  627,  378,  650,  951,  113,  238, 1051,  501,  981, 1005,  487,  136,  907,  923,  234,  655,  530,  479,  318,  531,  724,  814,  739,  411,  669,  777,  167,  953,  280,  716,  806, 1107,  553,  358,  422,  646,  400,  364,  163,  452,   68,  312, 1041,  674,  892, 1112,  961,  425,  813,  305,  529,  276,  220,  871,  456,  702,  831,  658,  307,  826,  855,  925, 1086,  710,  234,  655,  972,  644,  688,  611,  968, 1134,  797,  866],
        [ 1003,    0,  426,  829, 1070,  399,  629,  132,  881,  176,  593,  137,  858,  836,  824,  558,  995, 1008,    0, 1145,  843,  325,  731,  699,  405,  434,  937,  913,  396,  282,  558,  984,  880,  392,  666,  776,  688,  388, 1085,  336, 1036,  874,  906,  307,  986,  928,  667,  643,   62,   43,  868,  874,  591,  299,  882,  366, 1260,  870,  769,  683,  562, 1013,  785,  711, 1243,  399, 1036,  613,  773,  510,  792,  916,  456,  658,  684, 1100, 1090,  798, 1032,  657,  941,  807,  705, 1236,  669,  919,  348, 1083,  642,  730, 1055, 1019, 1043,  827,  662,  883,  194,  383,  954,  900,  177,  750,  823,  505,  876,  408,  179,  417,  323,  473,  421,  858,  830,  171],
        [  210,    0,  720,  559,  121,  758,  599, 1016,  511,  984,  843, 1009,  621,  639,  620,  707,  305,  689, 1145,    0,  943,  826,  965,  457,  745,  730,  852,  313,  762,  864,  660,  200,  340,  858,  511,  706,  510,  865,   95,  829,  111,  376,  244,  906,  578,  897,  743,  534, 1089, 1116,  309,  671,  667,  893,  868,  945,  292,  311,  881,  476,  594,  244,  396,  512,  131,  752,  528,  689,  830,  639,  431,  632,  834,  787,  942,   52,  300,  957,  530,  548,  690,  493,  706,  120,  596,  636,  885,  271,  563,  811,  163,  414,  475,  451,  538,  284,  959,  981,  973,  351,  971,  560,  671,  643,  508,  753, 1007,  747,  887,  689,  840,  703,  391, 1091],
        [  965,    0,  699, 1090,  962,  611,  909,  752, 1099,  818,  271,  769, 1163,  305,  324,  417,  642,  325,  843,  943,    0,  650,  119,  638,  639,  785,  145,  956,  774,  729,  477,  750,  942,  487,  571,  247,  537,  487,  956,  611,  858,  576,  832,  886,  402,  107, 1093,  564,  833,  853,  672,  276,  944,  856,   91,  480,  838,  667,   92,  622,  762, 1006,  864,  505,  952,  745,  472,  992,  128,  730,  926, 1216,  425,  245,  160,  893,  685,   51,  467,  513,  282,  464, 1097,  954,  958, 1222,  909,  704,  878,  170,  782,  556,  519,  994,  523,  868,  703,  460,  112,  980,  727, 1014, 1172,  722,  435,  598,  863,  588,  558,  585,  940, 1221,  932,  678],
        [  701,    0,  126,  603,  761,   75,  386,  194,  643,  199,  380,  192,  654,  553,  536,  271,  671,  733,  325,  826,  650,    0,  563,  375,   82,  186,  706,  623,  156,   81,  249,  660,  592,  173,  341,  510,  365,  176,  773,   41,  717,  551,  593,  236,  691,  710,  509,  319,  277,  305,  544,  599,  381,  206,  660,  234,  936,  545,  563,  359,  271,  718,  492,  391,  920,  135,  733,  421,  548,  215,  515,  715,  228,  418,  511,  780,  767,  617,  729,  337,  668,  493,  531,  914,  437,  720,  261,  759,  382,  499,  731,  703,  733,  565,  341,  578,  134,  280,  757,  618,  149,  517,  637,  206,  569,   86,  240,   96,  124,  149,  302,  682,  548,  275],
        [  962,    0,  626, 1049,  970,  533,  856,  647, 1065,  719,  191,  665, 1119,  339,  352,  359,  674,  410,  731,  965,  119,  563,    0,  612,  563,  713,  251,  940,  697,  639,  425,  767,  922,  393,  542,  262,  515,  392,  967,  522,  872,  591,  827,  797,  467,  221, 1031,  531,  725,  744,  676,  327,  884,  767,  191,  373,  894,  671,   96,  595,  708, 1000,  837,  489,  990,  669,  538,  931,  144,  670,  895, 1175,  336,  198,   52,  915,  731,   69,  533,  484,  355,  474, 1039,  991,  907, 1181,  823,  746,  829,  155,  809,  605,  579,  961,  495,  856,  601,  349,  226,  959,  625,  969, 1122,  660,  466,  520,  763,  512,  460,  519,  860, 1172,  905,  565],
        [  372,    0,  284,  460,  409,  304,  317,  568,  463,  551,  445,  563,  536,  381,  356,  279,  318,  537,  699,  457,  638,  375,  612,    0,  294,  325,  611,  331,  347,  423,  219,  286,  311,  406,   71,  400,  101,  413,  416,  374,  347,  212,  242,  505,  449,  641,  516,   88,  647,  675,  171,  434,  376,  484,  595,  495,  572,  174,  553,   21,  207,  403,  227,  136,  546,  328,  460,  420,  510,  225,  289,  585,  392,  414,  573,  409,  414,  631,  457,  128,  493,  226,  504,  540,  355,  591,  498,  400,  277,  472,  357,  387,  438,  357,  117,  253,  509,  535,  712,  348,  523,  391,  554,  224,  309,  298,  581,  291,  431,  233,  478,  602,  295,  635],
        [  622,    0,   68,  546,  680,   32,  330,  274,  581,  266,  373,  270,  603,  505,  486,  233,  595,  686,  405,  745,  639,   82,  563,  294,    0,  152,  678,  546,  136,  137,  195,  579,  516,  197,  265,  472,  291,  202,  692,   93,  635,  477,  512,  266,  635,  688,  477,  242,  355,  382,  464,  553,  338,  238,  638,  277,  858,  465,  548,  278,  201,  640,  416,  321,  839,  107,  671,  382,  527,  145,  444,  663,  233,  398,  512,  699,  692,  610,  668,  267,  623,  427,  493,  833,  383,  668,  280,  683,  319,  478,  650,  634,  668,  497,  269,  499,  215,  324,  741,  544,  229,  460,  592,  136,  506,   43,  303,   51,  175,   78,  302,  639,  474,  354],
        [  572,    0,   87,  422,  645,  182,  207,  319,  466,  262,  523,  304,  470,  622,  601,  372,  642,  801,  434,  730,  785,  186,  713,  325,  152,    0,  815,  480,   39,  164,  320,  594,  447,  344,  328,  602,  366,  349,  662,  221,  625,  533,  486,  182,  736,  828,  328,  312,  374,  399,  489,  674,  195,  165,  778,  417,  891,  493,  694,  317,  136,  580,  353,  404,  839,   52,  762,  236,  669,  101,  359,  530,  385,  542,  663,  689,  738,  758,  759,  355,  743,  514,  347,  831,  255,  535,  174,  723,  212,  621,  666,  705,  749,  398,  353,  456,  279,  464,  885,  467,  280,  337,  452,  101,  599,  194,  279,  202,  308,  202,  167,  497,  397,  441],
        [  902,    0,  730, 1071,  887,  655,  909,  835, 1072,  890,  345,  849, 1147,  236,  261,  445,  548,  190,  937,  852,  145,  706,  251,  611,  678,  815,    0,  909,  810,  787,  495,  669,  899,  559,  552,  218,  514,  561,  878,  669,  777,  504,  774,  939,  284,   49, 1102,  552,  920,  942,  609,  189,  953,  909,   61,  572,  716,  603,  175,  600,  767,  946,  832,  476,  846,  781,  350, 1001,  165,  745,  898, 1196,  493,  289,  279,  805,  576,  191,  346,  499,  164,  406, 1099,  849,  954, 1202,  957,  598,  874,  211,  690,  447,  401,  965,  507,  818,  780,  562,  122,  937,  804, 1000, 1162,  738,  354,  640,  934,  630,  632,  613,  977, 1211,  897,  780],
        [  108,    0,  500,  251,  197,  569,  308,  794,  212,  741,  775,  781,  320,  673,  649,  607,  438,  793,  913,  313,  956,  623,  940,  331,  546,  480,  909,    0,  517,  636,  543,  308,   34,  710,  402,  711,  426,  717,  222,  639,  249,  415,  146,  639,  685,  944,  432,  416,  853,  879,  307,  721,  371,  633,  903,  800,  574,  314,  875,  350,  355,  101,  132,  453,  443,  516,  665,  385,  830,  410,  130,  343,  709,  743,  903,  296,  498,  954,  665,  458,  767,  503,  393,  432,  293,  348,  612,  469,  280,  795,  351,  555,  621,  139,  447,   92,  746,  844, 1019,   42,  752,  248,  366,  418,  564,  570,  755,  567,  715,  517,  556,  402,   88,  898],
        [  608,    0,   82,  458,  680,  165,  244,  281,  503,  226,  508,  266,  504,  626,  605,  365,  665,  805,  396,  762,  774,  156,  697,  347,  136,   39,  810,  517,    0,  127,  319,  622,  484,  320,  344,  600,  379,  325,  696,  193,  657,  553,  520,  159,  745,  822,  354,  326,  337,  363,  515,  676,  228,  137,  771,  389,  917,  518,  684,  337,  170,  617,  389,  416,  870,   30,  774,  266,  661,  127,  397,  565,  365,  532,  647,  721,  761,  745,  771,  365,  746,  526,  376,  862,  292,  569,  158,  747,  250,  613,  694,  722,  764,  436,  364,  491,  242,  435,  876,  504,  243,  374,  484,  125,  610,  178,  245,  186,  279,  198,  168,  528,  434,  404],
        [  723,    0,  144,  584,  789,  146,  370,  158,  629,  129,  459,  147,  627,  631,  614,  351,  731,  812,  282,  864,  729,   81,  639,  423,  137,  164,  787,  636,  127,    0,  324,  707,  604,  247,  400,  590,  428,  248,  804,  119,  755,  613,  624,  158,  767,  791,  465,  378,  226,  254,  594,  678,  350,  129,  741,  294,  992,  596,  642,  409,  282,  735,  506,  458,  964,  121,  806,  385,  628,  229,  520,  687,  305,  499,  588,  820,  827,  694,  802,  404,  748,  563,  492,  957,  418,  692,  187,  817,  375,  580,  779,  771,  804,  562,  406,  602,  116,  338,  837,  626,  117,  500,  604,  223,  641,  159,  166,  170,  186,  214,  238,  646,  555,  278],
        [  590,    0,  238,  626,  624,  179,  433,  430,  644,  448,  241,  433,  695,  311,  292,   67,  448,  492,  558,  660,  477,  249,  425,  219,  195,  320,  495,  543,  319,  324,    0,  470,  520,  202,  152,  282,  151,  209,  629,  226,  551,  327,  459,  460,  444,  511,  616,  132,  517,  544,  353,  360,  467,  432,  461,  286,  714,  352,  387,  199,  285,  620,  426,  161,  731,  290,  485,  515,  355,  254,  478,  751,  175,  234,  379,  609,  540,  458,  481,  114,  430,  250,  620,  727,  484,  757,  471,  537,  405,  309,  535,  462,  487,  543,  123,  470,  366,  322,  571,  555,  387,  545,  699,  246,  322,  166,  488,  155,  247,  121,  485,  748,  494,  456],
        [  254,    0,  566,  546,  220,  587,  511,  853,  516,  834,  644,  848,  621,  446,  426,  513,  137,  521,  984,  200,  750,  660,  767,  286,  579,  594,  669,  308,  622,  707,  470,    0,  318,  670,  327,  509,  319,  678,  209,  657,  109,  177,  168,  775,  409,  711,  689,  350,  932,  959,  118,  483,  581,  758,  679,  755,  303,  119,  684,  302,  461,  301,  320,  316,  263,  606,  373,  613,  634,  496,  378,  649,  641,  587,  743,  149,  191,  762,  374,  357,  511,  294,  661,  258,  525,  654,  762,  164,  470,  613,   73,  258,  325,  426,  348,  229,  793,  789,  788,  347,  808,  517,  661,  497,  317,  581,  862,  573,  707,  515,  729,  702,  350,  914],
        [  139,    0,  469,  231,  227,  539,  275,  762,  199,  708,  754,  748,  304,  663,  639,  585,  444,  789,  880,  340,  942,  592,  922,  311,  516,  447,  899,   34,  484,  604,  520,  318,    0,  683,  382,  699,  409,  690,  251,  609,  269,  412,  152,  606,  684,  934,  403,  396,  820,  846,  305,  713,  338,  599,  892,  773,  594,  312,  860,  329,  323,  135,  101,  438,  469,  483,  666,  353,  815,  379,   97,  332,  684,  725,  884,  320,  509,  939,  666,  439,  761,  494,  367,  458,  261,  338,  578,  481,  247,  780,  367,  559,  625,  114,  428,   92,  714,  817, 1008,   38,  720,  220,  346,  386,  559,  541,  722,  539,  686,  489,  522,  385,   55,  867],
        [  771,    0,  264,  739,  814,  166,  525,  278,  770,  333,  218,  291,  798,  445,  434,  176,  646,  617,  392,  858,  487,  173,  393,  406,  197,  344,  559,  710,  320,  247,  202,  670,  683,    0,  348,  385,  352,    8,  822,  132,  748,  527,  646,  405,  598,  557,  672,  325,  366,  389,  553,  483,  534,  375,  508,   91,  912,  552,  403,  386,  387,  796,  583,  361,  932,  295,  651,  578,  396,  335,  622,  858,   67,  272,  342,  808,  736,  450,  647,  315,  550,  438,  689,  928,  578,  863,  432,  735,  511,  349,  736,  648,  664,  680,  324,  647,  222,  135,  596,  714,  246,  653,  788,  326,  498,  157,  378,  155,   74,  195,  475,  835,  647,  263],
        [  440,    0,  271,  522,  472,  267,  362,  535,  529,  529,  374,  533,  597,  327,  303,  210,  331,  494,  666,  511,  571,  341,  542,   71,  265,  328,  552,  402,  344,  400,  152,  327,  382,  348,    0,  337,   42,  355,  477,  334,  401,  213,  308,  501,  415,  579,  559,   24,  618,  645,  209,  381,  414,  477,  532,  435,  595,  209,  485,   53,  232,  472,  296,   83,  589,  320,  436,  460,  443,  233,  356,  648,  327,  344,  503,  461,  428,  562,  433,   58,  444,  189,  552,  584,  405,  654,  500,  419,  324,  404,  395,  378,  421,  424,   48,  323,  473,  473,  648,  418,  490,  449,  611,  229,  275,  259,  563,  250,  380,  193,  491,  660,  364,  588],
        [  719,    0,  519,  858,  718,  451,  692,  661,  863,  703,  208,  671,  933,   83,   91,  240,  413,  233,  776,  706,  247,  510,  262,  400,  472,  602,  218,  711,  600,  590,  282,  509,  699,  385,  337,    0,  300,  389,  713,  477,  616,  333,  586,  736,  236,  242,  884,  335,  749,  774,  427,  101,  736,  707,  196,  424,  640,  421,  176,  387,  550,  760,  625,  265,  728,  571,  302,  783,  125,  529,  689,  984,  321,  131,  247,  655,  472,  253,  297,  282,  165,  219,  882,  729,  738,  990,  750,  485,  657,  110,  548,  349,  334,  756,  291,  623,  601,  430,  312,  736,  625,  786,  947,  521,  204,  437,  746,  426,  456,  402,  766,  996,  691,  635],
        [  456,    0,  304,  558,  481,  290,  403,  557,  563,  557,  354,  556,  634,  287,  262,  199,  308,  452,  688,  510,  537,  365,  515,  101,  291,  366,  514,  426,  379,  428,  151,  319,  409,  352,   42,  300,    0,  359,  484,  353,  402,  187,  322,  536,  375,  541,  600,   54,  642,  669,  203,  340,  455,  511,  496,  437,  573,  201,  453,   87,  273,  491,  327,   42,  580,  355,  397,  501,  410,  272,  390,  684,  324,  317,  477,  459,  403,  531,  394,   39,  403,  150,  592,  576,  445,  690,  536,  396,  364,  372,  384,  345,  385,  457,   29,  343,  494,  472,  612,  446,  512,  487,  649,  268,  235,  280,  592,  271,  392,  216,  530,  698,  395,  601],
        [  778,    0,  269,  745,  821,  171,  531,  275,  777,  332,  219,  289,  804,  450,  439,  183,  653,  621,  388,  865,  487,  176,  392,  413,  202,  349,  561,  717,  325,  248,  209,  678,  690,    8,  355,  389,  359,    0,  829,  135,  756,  534,  653,  406,  603,  558,  676,  332,  363,  386,  560,  487,  539,  376,  509,   84,  919,  560,  403,  393,  394,  803,  590,  368,  939,  299,  656,  583,  397,  341,  629,  863,   69,  274,  341,  815,  743,  450,  652,  322,  553,  445,  694,  935,  584,  869,  434,  742,  517,  351,  743,  654,  669,  687,  331,  655,  220,  128,  597,  721,  244,  659,  793,  332,  503,  163,  377,  161,   72,  202,  478,  840,  654,  257],
        [  117,    0,  661,  465,   27,  708,  518,  959,  417,  920,  831,  950,  527,  653,  633,  682,  338,  727, 1085,   95,  956,  773,  967,  416,  692,  662,  878,  222,  696,  804,  629,  209,  251,  822,  477,  713,  484,  829,    0,  780,  101,  381,  181,  834,  614,  920,  653,  499, 1028, 1055,  293,  691,  584,  823,  887,  911,  380,  297,  888,  436,  527,  150,  317,  494,  225,  689,  573,  603,  838,  576,  344,  538,  804,  781,  939,   98,  358,  966,  574,  522,  719,  495,  614,  213,  510,  542,  811,  327,  483,  814,  204,  457,  521,  360,  511,  207,  905,  949,  997,  259,  915,  470,  578,  581,  526,  705,  941,  700,  844,  643,  762,  608,  303, 1044],
        [  713,    0,  151,  633,  769,   73,  416,  206,  670,  227,  340,  208,  686,  523,  507,  240,  660,  702,  336,  829,  611,   41,  522,  374,   93,  221,  669,  639,  193,  119,  226,  657,  609,  132,  334,  477,  353,  135,  780,    0,  719,  539,  600,  276,  665,  673,  547,  310,  293,  320,  540,  568,  415,  246,  623,  197,  926,  540,  524,  357,  293,  732,  508,  376,  919,  170,  710,  456,  510,  237,  536,  747,  187,  381,  471,  782,  755,  577,  705,  322,  637,  474,  567,  913,  468,  752,  302,  749,  408,  462,  727,  685,  712,  589,  327,  590,  143,  243,  718,  637,  162,  546,  671,  228,  547,   77,  270,   84,   88,  142,  343,  717,  567,  264],
        [  168,    0,  612,  499,  113,  648,  508,  907,  459,  877,  741,  900,  568,  554,  534,  600,  239,  627, 1036,  111,  858,  717,  872,  347,  635,  625,  777,  249,  657,  755,  551,  109,  269,  748,  401,  616,  402,  756,  101,  719,    0,  283,  144,  804,  515,  820,  666,  424,  981, 1008,  203,  592,  577,  789,  788,  836,  326,  206,  791,  366,  489,  213,  305,  407,  217,  646,  475,  603,  741,  532,  349,  588,  726,  689,  846,   65,  269,  869,  476,  440,  619,  399,  632,  208,  511,  593,  785,  238,  469,  718,  113,  359,  424,  383,  430,  195,  850,  873,  897,  290,  862,  485,  614,  536,  426,  643,  901,  637,  777,  579,  743,  650,  313,  981],
        [  398,    0,  483,  616,  387,  477,  516,  744,  602,  742,  473,  743,  694,  274,  253,  357,  121,  378,  874,  376,  576,  551,  591,  212,  477,  533,  504,  415,  553,  613,  327,  177,  412,  527,  213,  333,  187,  534,  381,  539,  283,    0,  274,  711,  273,  544,  711,  235,  828,  856,  109,  316,  579,  688,  509,  606,  388,  102,  509,  217,  418,  443,  369,  167,  418,  531,  263,  621,  458,  434,  436,  734,  488,  413,  567,  325,  216,  586,  262,  218,  354,  118,  693,  416,  546,  739,  706,  211,  473,  437,  224,  176,  232,  498,  213,  324,  681,  635,  621,  448,  699,  564,  723,  432,  152,  467,  776,  458,  574,  403,  689,  769,  423,  783],
        [  136,    0,  481,  379,  170,  528,  365,  779,  350,  743,  675,  770,  454,  540,  516,  517,  293,  650,  906,  244,  832,  593,  827,  242,  512,  486,  774,  146,  520,  624,  459,  168,  152,  646,  308,  586,  322,  653,  181,  600,  144,  274,    0,  663,  542,  812,  529,  328,  849,  876,  166,  585,  434,  650,  773,  736,  456,  173,  756,  262,  351,  175,  163,  340,  360,  510,  519,  461,  708,  397,  214,  484,  633,  633,  794,  207,  359,  835,  519,  358,  627,  371,  498,  351,  370,  489,  643,  331,  326,  677,  223,  410,  476,  259,  347,   62,  724,  776,  888,  183,  735,  353,  494,  402,  425,  525,  764,  520,  666,  464,  599,  534,  183,  863],
        [  738,    0,  233,  525,  816,  286,  337,  234,  580,  140,  616,  210,  551,  770,  751,  497,  822,  951,  307,  906,  886,  236,  797,  505,  266,  182,  939,  639,  159,  158,  460,  775,  606,  405,  501,  736,  536,  406,  834,  276,  804,  711,  663,    0,  896,  945,  362,  483,  247,  266,  671,  819,  291,   31,  895,  447, 1073,  674,  798,  495,  316,  740,  519,  571, 1019,  181,  929,  308,  782,  282,  512,  609,  463,  653,  746,  868,  919,  852,  925,  519,  889,  681,  398, 1010,  372,  613,   42,  904,  360,  734,  847,  879,  920,  537,  519,  628,  232,  488,  993,  620,  217,  450,  517,  281,  764,  300,  129,  311,  342,  341,  115,  552,  553,  380],
        [  657,    0,  665,  886,  627,  622,  766,  864,  874,  890,  443,  870,  964,  158,  165,  430,  277,  113,  986,  578,  402,  691,  467,  449,  635,  736,  284,  685,  745,  767,  444,  409,  684,  598,  415,  236,  375,  603,  614,  665,  515,  273,  542,  896,    0,  332,  965,  427,  953,  979,  380,  143,  824,  869,  315,  650,  436,  373,  372,  446,  646,  704,  639,  334,  563,  718,   71,  869,  326,  645,  706, 1005,  538,  366,  467,  534,  292,  433,   66,  382,  123,  226,  951,  567,  802, 1011,  902,  316,  725,  335,  417,  166,  118,  770,  384,  595,  802,  661,  406,  720,  824,  829,  990,  640,  141,  609,  931,  598,  664,  558,  902, 1037,  695,  857],
        [  941,    0,  743, 1099,  929,  663,  932,  830, 1103,  889,  340,  845, 1175,  273,  296,  457,  592,  238,  928,  897,  107,  710,  221,  641,  688,  828,   49,  944,  822,  791,  511,  711,  934,  557,  579,  242,  541,  558,  920,  673,  820,  544,  812,  945,  332,    0, 1122,  577,  914,  935,  648,  229,  973,  915,   51,  562,  764,  641,  159,  628,  788,  985,  864,  505,  893,  792,  398, 1021,  163,  763,  929, 1225,  492,  293,  255,  849,  623,  156,  394,  524,  211,  442, 1122,  896,  978, 1231,  965,  644,  898,  212,  735,  494,  449,  996,  532,  854,  777,  548,   77,  971,  801, 1027, 1188,  755,  395,  649,  934,  639,  629,  626,  989, 1237,  929,  767],
        [  538,    0,  410,  213,  628,  508,  199,  589,  275,  501,  841,  567,  206,  885,  861,  677,  789, 1051,  667,  743, 1093,  509, 1031,  516,  477,  328, 1102,  432,  354,  465,  616,  689,  403,  672,  559,  884,  600,  676,  653,  547,  666,  711,  529,  362,  965, 1122,    0,  555,  607,  625,  626,  939,  150,  376, 1073,  743,  985,  632, 1002,  521,  335,  518,  370,  641,  872,  378,  971,  102,  971,  363,  317,  257,  710,  849,  982,  721,  873, 1071,  969,  607, 1003,  741,   47,  861,  167,  260,  320,  849,  240,  924,  751,  885,  943,  294,  600,  472,  572,  789, 1186,  395,  564,  184,  161,  372,  824,  519,  489,  525,  633,  512,  247,  192,  354,  732],
        [  459,    0,  251,  526,  493,  244,  359,  512,  536,  507,  359,  510,  600,  331,  307,  192,  354,  501,  643,  534,  564,  319,  531,   88,  242,  312,  552,  416,  326,  378,  132,  350,  396,  325,   24,  335,   54,  332,  499,  310,  424,  235,  328,  483,  427,  577,  555,    0,  595,  623,  232,  385,  408,  459,  529,  413,  617,  232,  477,   68,  224,  490,  307,   93,  613,  302,  450,  455,  437,  219,  365,  653,  306,  333,  490,  484,  450,  554,  447,   54,  450,  202,  549,  608,  403,  658,  483,  441,  323,  396,  419,  397,  438,  432,   46,  340,  450,  451,  645,  432,  467,  452,  612,  215,  288,  235,  542,  227,  357,  170,  477,  661,  375,  564],
        [  944,    0,  370,  767, 1013,  352,  567,   90,  820,  114,  576,   86,  797,  805,  792,  524,  948,  981,   62, 1089,  833,  277,  725,  647,  355,  374,  920,  853,  337,  226,  517,  932,  820,  366,  618,  749,  642,  363, 1028,  293,  981,  828,  849,  247,  953,  914,  607,  595,    0,   28,  817,  846,  530,  238,  867,  354, 1212,  819,  756,  632,  503,  953,  725,  667, 1189,  341, 1000,  552,  756,  453,  732,  855,  431,  636,  677, 1045, 1044,  790,  996,  613,  914,  766,  645, 1183,  608,  859,  288, 1036,  581,  711, 1003,  977, 1004,  766,  617,  825,  152,  378,  944,  840,  131,  689,  763,  448,  838,  362,  119,  372,  294,  426,  361,  798,  770,  185],
        [  970,    0,  397,  789, 1039,  380,  591,  116,  842,  139,  597,  113,  817,  830,  817,  549,  976, 1005,   43, 1116,  853,  305,  744,  675,  382,  399,  942,  879,  363,  254,  544,  959,  846,  389,  645,  774,  669,  386, 1055,  320, 1008,  856,  876,  266,  979,  935,  625,  623,   28,    0,  845,  870,  552,  259,  888,  374, 1239,  847,  777,  660,  530,  979,  751,  694, 1217,  367, 1026,  572,  778,  480,  757,  874,  455,  659,  695, 1073, 1071,  809, 1022,  640,  938,  793,  663, 1210,  630,  878,  306, 1063,  606,  733, 1031, 1004, 1031,  790,  645,  852,  179,  395,  964,  865,  158,  711,  781,  475,  865,  389,  137,  399,  318,  454,  379,  816,  795,  194],
        [  294,    0,  454,  514,  295,  471,  436,  737,  497,  721,  539,  733,  592,  376,  353,  399,  165,  487,  868,  309,  672,  544,  676,  171,  464,  489,  609,  307,  515,  594,  353,  118,  305,  553,  209,  427,  203,  560,  293,  540,  203,  109,  166,  671,  380,  648,  626,  232,  817,  845,    0,  420,  503,  651,  610,  639,  403,    8,  600,  186,  361,  338,  269,  205,  381,  497,  365,  541,  550,  390,  335,  630,  526,  488,  647,  258,  255,  678,  364,  241,  462,  208,  603,  376,  459,  635,  660,  236,  393,  524,  188,  264,  327,  395,  231,  216,  677,  674,  724,  340,  692,  468,  624,  390,  259,  464,  751,  456,  589,  398,  634,  669,  319,  796],
        [  713,    0,  595,  891,  700,  536,  742,  757,  889,  794,  307,  766,  968,   54,   79,  329,  368,  136,  874,  671,  276,  599,  327,  434,  553,  674,  189,  721,  676,  678,  360,  483,  713,  483,  381,  101,  340,  487,  691,  568,  592,  316,  585,  819,  143,  229,  939,  385,  846,  870,  420,    0,  792,  790,  197,  524,  569,  414,  232,  424,  607,  757,  649,  300,  677,  648,  213,  839,  184,  594,  716, 1016,  419,  231,  324,  623,  410,  299,  208,  333,   71,  219,  932,  679,  785, 1021,  831,  429,  704,  192,  509,  282,  253,  783,  339,  630,  696,  530,  306,  750,  719,  825,  987,  587,  166,  522,  837,  511,  553,  480,  841, 1036,  713,  735],
        [  477,    0,  270,  238,  562,  369,   70,  494,  290,  417,  694,  474,  277,  738,  714,  529,  667,  907,  591,  667,  944,  381,  884,  376,  338,  195,  953,  371,  228,  350,  467,  581,  338,  534,  414,  736,  455,  539,  584,  415,  577,  579,  434,  291,  824,  973,  150,  408,  530,  552,  503,  792,    0,  293,  924,  610,  883,  508,  853,  378,  186,  469,  273,  496,  791,  246,  835,   49,  822,  215,  242,  338,  567,  700,  835,  637,  755,  923,  833,  460,  857,  599,  157,  781,   83,  342,  255,  734,  112,  775,  648,  755,  810,  252,  453,  385,  464,  657, 1036,  344,  461,  160,  257,  224,  683,  378,  418,  384,  502,  366,  190,  303,  284,  627],
        [  730,    0,  208,  530,  805,  257,  335,  215,  583,  126,  585,  192,  560,  742,  723,  467,  801,  923,  299,  893,  856,  206,  767,  484,  238,  165,  909,  633,  137,  129,  432,  758,  599,  375,  477,  707,  511,  376,  823,  246,  789,  688,  650,   31,  869,  915,  376,  459,  238,  259,  651,  790,  293,    0,  865,  418, 1053,  655,  768,  474,  301,  733,  510,  546, 1004,  158,  903,  315,  752,  263,  506,  619,  433,  623,  716,  853,  897,  822,  899,  493,  860,  655,  410,  996,  372,  623,   64,  884,  354,  704,  830,  855,  895,  535,  494,  617,  207,  460,  963,  615,  194,  453,  528,  262,  738,  271,  126,  282,  313,  313,  130,  565,  546,  360],
