{
    "name": "random-38-24257",
    "comment": "size=38 seed=24257",
    "nodes": ["+0", "-0", "+1", "-1", "+2", "-2", "+3", "-3", "+4", "-4", "+5", "-5", "+6", "-6", "+7", "-7", "+8", "-8", "+9", "-9", "+10", "-10", "+11", "-11", "+12", "-12", "+13", "-13", "+14", "-14", "+15", "-15", "+16", "-16", "+17", "-17", "+18", "-18", "+19", "-19", "+20", "-20", "+21", "-21", "+22", "-22", "+23", "-23", "+24", "-24", "+25", "-25", "+26", "-26", "+27", "-27", "+28", "-28", "+29", "-29", "+30", "-30", "+31", "-31", "+32", "-32", "+33", "-33", "+34", "-34", "+35", "-35", "+36", "-36", "+37", "-37", "+38", "-38"],
    "precedence": {
        "+0": "-0",
        "+1": "-1",
        "+2": "-2",
        "+3": "-3",
        "+4": "-4",
        "+5": "-5",
        "+6": "-6",
        "+7": "-7",
        "+8": "-8",
        "+9": "-9",
        "+10": "-10",
        "+11": "-11",
        "+12": "-12",
        "+13": "-13",
        "+14": "-14",
        "+15": "-15",
        "+16": "-16",
        "+17": "-17",
        "+18": "-18",
        "+19": "-19",
        "+20": "-20",
        "+21": "-21",
        "+22": "-22",
        "+23": "-23",
        "+24": "-24",
        "+25": "-25",
        "+26": "-26",
        "+27": "-27",
        "+28": "-28",
        "+29": "-29",
        "+30": "-30",
        "+31": "-31",
        "+32": "-32",
        "+33": "-33",
        "+34": "-34",
        "+35": "-35",
        "+36": "-36",
        "+37": "-37",
        "+38": "-38"
    },
    "edges": [
        [    0,    0,  758,  471,  414,  840,  557,  607,  483,  578,   51,  270,  439,  709,  861,  499,  941, 1034,   75,  279,  751,  340,  798,  870,  777,  839,  466,  426,  576,  580,  404,  694,  924,  498,  937,  483,  929,   56,  232,  759,  451,  482,  363,  485,  300,  592,  493,  184,  154,  774,   18,  640,  674,  893,  595,  810,  913,  565,   50,  361,  497,  436,  672,  468,  248,  930,  976,  904,  286,  894,  289,  946,  334,  471,  341,  743,  247,  449],
        [    0,    0,  758,  471,  414,  840,  557,  607,  483,  578,   51,  270,  439,  709,  861,  499,  941, 1034,   75,  279,  751,  340,  798,  870,  777,  839,  466,  426,  576,  580,  404,  694,  924,  498,  937,  483,  929,   56,  232,  759,  451,  482,  363,  485,  300,  592,  493,  184,  154,  774,   18,  640,  674,  893,  595,  810,  913,  565,   50,  361,  497,  436,  672,  468,  248,  930,  976,  904,  286,  894,  289,  946,  334,  471,  341,  743,  247,  449],
        [  758,  758,    0,  313,  351,  219,  327,  686,  678,  197,  790,  816,  622,  202,  418,  338,  240,  276,  705,  480,  150,  620,  735,  114,  148,  629,  301,  361,  228,  561,  513,  118,  182,  263,  283,  322,  280,  758,  571,   15,  411,  651,  501,  472,  558,  292,  624,  711,  867,  491,  741,  167,  637,  138,  237,  108,  834,  572,  808,  518,  562,  826,  513,  372,  936,  177,  781,  435,  686,  654,  497,  350, 1009,  380,  470,   16,  512,  551],
        [  471,  471,  313,    0,   69,  371,  131,  450,  571,  200,  495,  503,  337,  241,  434,   77,  471,  581,  409,  215,  281,  452,  568,  425,  388,  522,  152,  206,  105,  336,  381,  227,  460,  130,  468,  228,  460,  461,  262,  318,  307,  377,  193,  396,  365,  318,  356,  476,  563,  404,  454,  266,  440,  450,  273,  395,  686,  338,  520,  211,  482,  528,  352,  277,  627,  471,  685,  474,  490,  568,  190,  485,  698,  289,  281,  298,  234,  272],
        [  414,  414,  351,   69,    0,  434,  197,  483,  508,  200,  442,  477,  350,  306,  503,  137,  529,  625,  357,  148,  340,  384,  616,  464,  403,  581,  117,  152,  168,  377,  319,  281,  510,  116,  530,  189,  524,  409,  222,  353,  254,  395,  191,  342,  297,  294,  378,  408,  517,  468,  397,  270,  485,  488,  259,  420,  736,  376,  464,  209,  424,  524,  408,  229,  587,  518,  743,  543,  421,  629,  149,  551,  662,  241,  214,  335,  171,  292],
        [  840,  840,  219,  371,  434,    0,  300,  589,  863,  368,  861,  827,  581,  132,  215,  348,  119,  306,  775,  581,  100,  780,  584,  239,  363,  455,  441,  510,  267,  471,  684,  172,  168,  397,   97,  489,   90,  826,  620,  233,  585,  594,  513,  660,  704,  493,  565,  837,  919,  325,  823,  368,  515,  252,  434,  309,  667,  487,  888,  525,  752,  790,  388,  546,  972,  204,  592,  223,  835,  469,  554,  136, 1033,  555,  614,  222,  603,  514],
        [  557,  557,  327,  131,  197,  300,    0,  366,  701,  291,  572,  528,  299,  174,  313,   63,  415,  564,  488,  331,  234,  580,  453,  428,  442,  394,  277,  335,  110,  241,  512,  214,  429,  245,  393,  352,  385,  536,  329,  337,  435,  325,  214,  524,  492,  426,  298,  590,  623,  273,  540,  345,  334,  451,  373,  428,  568,  250,  603,  225,  611,  507,  230,  404,  672,  450,  557,  355,  614,  439,  269,  391,  733,  416,  410,  315,  341,  228],
        [  607,  607,  686,  450,  483,  589,  366,    0,  950,  644,  591,  410,  172,  500,  453,  382,  706,  890,  536,  538,  566,  802,  194,  778,  807,  284,  596,  633,  475,  126,  776,  569,  750,  580,  656,  671,  648,  560,  419,  697,  731,  126,  319,  817,  714,  768,  122,  734,  579,  309,  596,  705,  101,  799,  722,  790,  306,  117,  633,  306,  889,  272,  207,  710,  576,  780,  382,  491,  801,  335,  425,  610,  596,  722,  661,  675,  522,  198],
        [  483,  483,  678,  571,  508,  863,  701,  950,    0,  496,  533,  735,  786,  762,  991,  644,  917,  910,  507,  412,  765,  155, 1109,  757,  601, 1087,  437,  370,  638,  866,  190,  692,  857,  479,  949,  376,  944,  531,  543,  670,  280,  836,  632,  206,  237,  391,  830,  302,  633,  974,  478,  512,  976,  773,  441,  662, 1231,  860,  511,  645,  119,  875,  912,  319,  727,  843, 1248, 1027,  199, 1136,  525,  998,  812,  309,  297,  667,  429,  753],
        [  578,  578,  197,  200,  200,  368,  291,  644,  496,    0,  614,  675,  536,  278,  517,  263,  426,  465,  533,  300,  270,  426,  743,  300,  206,  671,  113,  166,  187,  525,  322,  198,  378,   87,  453,  127,  448,  585,  417,  192,  220,  576,  385,  292,  362,  142,  554,  517,  699,  539,  561,   70,  623,  322,   84,  233,  857,  530,  628,  403,  385,  721,  518,  181,  776,  373,  834,  547,  490,  710,  345,  503,  855,  190,  274,  183,  335,  471],
        [   51,   51,  790,  495,  442,  861,  572,  591,  533,  614,    0,  231,  427,  730,  870,  516,  965, 1065,   87,  314,  775,  390,  784,  902,  815,  834,  503,  466,  600,  574,  453,  721,  952,  532,  957,  525,  950,   37,  244,  791,  497,  467,  369,  534,  349,  635,  480,  233,  104,  777,   61,  678,  663,  926,  636,  846,  896,  558,   43,  365,  547,  402,  671,  512,  198,  960,  965,  914,  335,  889,  308,  962,  284,  516,  386,  775,  280,  445],
        [  270,  270,  816,  503,  477,  827,  528,  410,  735,  675,  231,    0,  279,  701,  778,  489,  942, 1079,  228,  407,  758,  583,  602,  928,  879,  682,  575,  565,  595,  434,  616,  721,  950,  589,  917,  623,  909,  215,  261,  821,  629,  300,  319,  689,  519,  740,  323,  447,  179,  659,  268,  744,  499,  952,  722,  894,  704,  416,  270,  305,  725,  177,  545,  630,  167,  967,  792,  822,  544,  737,  331,  902,  209,  638,  521,  800,  371,  328],
        [  439,  439,  622,  337,  350,  581,  299,  172,  786,  536,  427,  279,    0,  466,  505,  287,  700,  861,  367,  377,  530,  635,  359,  726,  721,  412,  467,  491,  395,  157,  618,  512,  724,  460,  664,  536,  657,  394,  249,  631,  584,   50,  165,  667,  549,  644,   54,  562,  430,  381,  427,  602,  236,  750,  606,  718,  476,  139,  468,  149,  733,  210,  267,  569,  444,  748,  538,  548,  631,  467,  263,  638,  483,  580,  504,  609,  357,   72],
        [  709,  709,  202,  241,  306,  132,  174,  500,  762,  278,  730,  701,  466,    0,  241,  217,  242,  397,  644,  454,   66,  667,  534,  279,  344,  429,  329,  398,  139,  376,  577,   94,  259,  285,  228,  387,  221,  695,  489,  215,  483,  485,  385,  564,  587,  416,  457,  713,  789,  291,  692,  300,  441,  300,  356,  309,  633,  390,  757,  397,  656,  676,  316,  445,  843,  284,  584,  270,  716,  458,  422,  247,  906,  455,  497,  195,  475,  396],
        [  861,  861,  418,  434,  503,  215,  313,  453,  991,  517,  870,  778,  505,  241,    0,  376,  301,  504,  788,  643,  271,  883,  396,  454,  565,  252,  555,  622,  354,  359,  803,  331,  375,  514,  233,  620,  227,  833,  629,  432,  714,  499,  501,  798,  798,  656,  471,  903,  906,  146,  844,  539,  361,  467,  596,  517,  462,  378,  904,  506,  890,  698,  251,  677,  939,  413,  378,   45,  923,  257,  578,  165,  986,  688,  712,  417,  654,  451],
        [  499,  499,  338,   77,  137,  348,   63,  382,  644,  263,  516,  489,  287,  217,  376,    0,  458,  592,  431,  268,  270,  520,  492,  446,  436,  446,  229,  282,  111,  264,  455,  234,  462,  204,  443,  305,  435,  480,  274,  346,  383,  320,  171,  472,  431,  390,  296,  527,  572,  332,  482,  324,  365,  470,  342,  432,  610,  268,  545,  185,  557,  488,  275,  354,  627,  479,  609,  418,  552,  493,  211,  447,  692,  366,  350,  324,  279,  217],
        [  941,  941,  240,  471,  529,  119,  415,  706,  917,  426,  965,  942,  700,  242,  301,  458,    0,  204,  879,  674,  191,  850,  689,  201,  359,  551,  516,  582,  366,  589,  747,  250,   90,  473,   73,  552,   76,  930,  727,  251,  645,  713,  626,  711,  780,  531,  683,  923, 1028,  429,  924,  406,  629,  203,  476,  295,  762,  606,  990,  639,  801,  909,  503,  606, 1084,  128,  674,  292,  910,  557,  658,  157, 1147,  614,  690,  250,  699,  632],
        [ 1034, 1034,  276,  581,  625,  306,  564,  890,  910,  465, 1065, 1079,  861,  397,  504,  592,  204,    0,  980,  756,  332,  876,  888,  166,  309,  753,  574,  630,  485,  769,  765,  359,  141,  538,  274,  584,  279, 1033,  842,  276,  664,  882,  761,  710,  823,  523,  853,  981, 1141,  628, 1017,  418,  820,  144,  483,  250,  965,  784, 1084,  777,  791, 1070,  692,  628, 1207,  114,  877,  495,  947,  760,  769,  355, 1278,  633,  737,  291,  787,  791],
        [   75,   75,  705,  409,  357,  775,  488,  536,  507,  533,   87,  228,  367,  644,  788,  431,  879,  980,    0,  234,  689,  356,  725,  818,  735,  764,  422,  390,  513,  505,  400,  635,  866,  450,  871,  449,  864,   53,  160,  707,  431,  411,  289,  478,  299,  562,  420,  223,  169,  700,   61,  597,  600,  842,  559,  764,  841,  491,  116,  287,  504,  382,  598,  442,  255,  874,  902,  832,  317,  820,  222,  877,  340,  447,  319,  690,  198,  375],
        [  279,  279,  480,  215,  148,  581,  331,  538,  412,  300,  314,  407,  377,  454,  643,  268,  674,  756,  234,    0,  487,  269,  699,  591,  502,  690,  189,  161,  316,  456,  242,  424,  649,  219,  678,  220,  671,  285,  155,  480,  226,  427,  220,  297,  178,  336,  420,  262,  402,  591,  262,  364,  566,  615,  327,  532,  821,  450,  329,  233,  357,  501,  514,  224,  483,  654,  847,  684,  288,  742,  115,  699,  565,  232,  128,  465,   38,  341],
        [  751,  751,  150,  281,  340,  100,  234,  566,  765,  270,  775,  758,  530,   66,  271,  270,  191,  332,  689,  487,    0,  681,  594,  215,  297,  481,  342,  410,  176,  442,  585,   74,  195,  298,  193,  390,  187,  740,  538,  164,  486,  550,  440,  562,  606,  400,  522,  741,  838,  344,  734,  277,  505,  235,  340,  254,  689,  455,  800,  454,  655,  739,  378,  447,  896,  219,  632,  291,  736,  505,  468,  233,  961,  457,  515,  147,  511,  460],
        [  340,  340,  620,  452,  384,  780,  580,  802,  155,  426,  390,  583,  635,  667,  883,  520,  850,  876,  356,  269,  681,    0,  967,  714,  575,  956,  340,  271,  534,  724,  113,  609,  802,  384,  872,  299,  866,  384,  390,  614,  212,  685,  486,  187,   91,  359,  681,  169,  492,  850,  333,  460,  834,  734,  394,  628, 1089,  717,  373,  498,  163,  721,  779,  249,  586,  794, 1114,  922,   80, 1007,  378,  910,  672,  244,  172,  607,  281,  606],
        [  798,  798,  735,  568,  616,  584,  453,  194, 1109,  743,  784,  602,  359,  534,  396,  492,  689,  888,  725,  699,  594,  967,    0,  806,  872,  153,  720,  768,  559,  244,  928,  621,  752,  694,  626,  796,  619,  752,  598,  748,  869,  317,  483,  957,  877,  878,  306,  915,  773,  260,  786,  794,  134,  825,  826,  842,  122,  251,  825,  473, 1037,  452,  227,  843,  766,  787,  192,  420,  976,  183,  591,  560,  780,  855,  815,  727,  689,  365],
        [  870,  870,  114,  425,  464,  239,  428,  778,  757,  300,  902,  928,  726,  279,  454,  446,  201,  166,  818,  591,  215,  714,  806,    0,  166,  687,  409,  465,  336,  652,  604,  215,  115,  373,  265,  420,  265,  871,  684,  112,  503,  752,  612,  554,  658,  367,  724,  816,  980,  552,  853,  255,  719,   25,  322,  101,  897,  665,  920,  628,  639,  932,  593,  466, 1049,   89,  829,  460,  783,  705,  610,  346, 1122,  471,  572,  129,  624,  655],
        [  777,  777,  148,  388,  403,  363,  442,  807,  601,  206,  815,  879,  721,  344,  565,  436,  359,  309,  735,  502,  297,  575,  872,  166,    0,  772,  314,  353,  333,  682,  463,  253,  279,  292,  415,  299,  413,  787,  622,  134,  365,  756,  581,  403,  532,  218,  731,  695,  903,  634,  761,  139,  767,  177,  187,   66,  975,  691,  826,  599,  483,  915,  647,  333,  981,  255,  927,  582,  649,  800,  550,  488, 1060,  335,  453,  151,  538,  652],
        [  839,  839,  629,  522,  581,  455,  394,  284, 1087,  671,  834,  682,  412,  429,  252,  446,  551,  753,  764,  690,  481,  956,  153,  687,  772,    0,  670,  727,  486,  260,  900,  521,  621,  638,  484,  745,  479,  799,  619,  642,  828,  383,  491,  917,  866,  812,  362,  930,  841,  138,  825,  713,  186,  703,  755,  735,  213,  276,  873,  487, 1003,  556,  177,  797,  849,  657,  164,  272,  976,   56,  594,  414,  876,  809,  792,  623,  688,  390],
        [  466,  466,  301,  152,  117,  441,  277,  596,  437,  113,  503,  575,  467,  329,  555,  229,  516,  574,  422,  189,  342,  340,  720,  409,  314,  670,    0,   69,  202,  486,  249,  271,  478,   45,  534,   77,  528,  474,  315,  299,  161,  511,  306,  249,  265,  178,  493,  411,  589,  547,  449,  176,  592,  431,  149,  345,  838,  487,  516,  324,  338,  636,  503,  127,  668,  478,  834,  591,  395,  715,  246,  571,  748,  139,  174,  286,  224,  408],
        [  426,  426,  361,  206,  152,  510,  335,  633,  370,  166,  466,  565,  491,  398,  622,  282,  582,  630,  390,  161,  410,  271,  768,  465,  353,  727,   69,    0,  269,  529,  182,  339,  541,  113,  602,   60,  596,  440,  307,  357,  102,  538,  327,  191,  199,  176,  523,  352,  558,  608,  410,  218,  637,  486,  170,  392,  888,  528,  475,  344,  276,  645,  556,   78,  642,  537,  890,  658,  329,  773,  247,  640,  725,   90,  109,  347,  198,  438],
        [  576,  576,  228,  105,  168,  267,  110,  475,  638,  187,  600,  595,  395,  139,  354,  111,  366,  485,  513,  316,  176,  534,  559,  336,  333,  486,  202,  269,    0,  351,  450,  127,  359,  162,  363,  269,  356,  565,  364,  236,  361,  426,  277,  447,  451,  327,  401,  574,  665,  355,  559,  236,  442,  360,  270,  324,  671,  359,  625,  293,  538,  598,  333,  326,  726,  373,  648,  390,  580,  526,  293,  385,  794,  337,  362,  214,  337,  325],
        [  580,  580,  561,  336,  377,  471,  241,  126,  866,  525,  574,  434,  157,  376,  359,  264,  589,  769,  505,  456,  442,  724,  244,  652,  682,  260,  486,  529,  351,    0,  685,  444,  629,  465,  544,  562,  536,  539,  364,  572,  630,  141,  242,  718,  634,  653,  114,  679,  584,  227,  566,  583,  110,  674,  605,  665,  366,   20,  613,  234,  796,  339,  112,  606,  600,  657,  401,  401,  735,  316,  349,  505,  637,  617,  572,  550,  447,  131],
        [  404,  404,  513,  381,  319,  684,  512,  776,  190,  322,  453,  616,  618,  577,  803,  455,  747,  765,  400,  242,  585,  113,  928,  604,  463,  900,  249,  182,  450,  685,    0,  512,  695,  292,  773,  196,  767,  439,  389,  506,  103,  668,  458,   84,  104,  246,  659,  259,  555,  785,  393,  351,  794,  623,  283,  516, 1049,  681,  445,  472,  116,  734,  726,  142,  648,  685, 1061,  839,  190,  948,  356,  816,  734,  134,  115,  501,  267,  578],
        [  694,  694,  118,  227,  281,  172,  214,  569,  692,  198,  721,  721,  512,   94,  331,  234,  250,  359,  635,  424,   74,  609,  621,  215,  253,  521,  271,  339,  127,  444,  512,    0,  233,  227,  264,  317,  258,  687,  489,  130,  413,  538,  403,  489,  535,  330,  511,  674,  789,  383,  677,  209,  520,  239,  270,  224,  723,  455,  743,  418,  582,  718,  397,  374,  852,  247,  677,  356,  665,  551,  417,  306,  920,  384,  444,  108,  450,  441],
        [  924,  924,  182,  460,  510,  168,  429,  750,  857,  378,  952,  950,  724,  259,  375,  462,   90,  141,  866,  649,  195,  802,  752,  115,  279,  621,  478,  541,  359,  629,  695,  233,    0,  438,  161,  503,  162,  918,  721,  189,  592,  743,  632,  652,  739,  468,  714,  889, 1022,  492,  906,  347,  680,  114,  417,  214,  833,  644,  973,  646,  739,  934,  553,  554, 1084,   39,  752,  373,  867,  632,  649,  244, 1152,  561,  649,  195,  678,  654],
        [  498,  498,  263,  130,  116,  397,  245,  580,  479,   87,  532,  589,  460,  285,  514,  204,  473,  538,  450,  219,  298,  384,  694,  373,  292,  638,   45,  113,  162,  465,  292,  227,  438,    0,  490,  109,  484,  502,  331,  262,  200,  502,  304,  286,  309,  189,  482,  452,  615,  512,  481,  156,  569,  396,  147,  315,  811,  468,  548,  322,  377,  639,  474,  164,  691,  438,  801,  549,  439,  681,  259,  527,  769,  176,  218,  248,  253,  397],
        [  937,  937,  283,  468,  530,   97,  393,  656,  949,  453,  957,  917,  664,  228,  233,  443,   73,  274,  871,  678,  193,  872,  626,  265,  415,  484,  534,  602,  363,  544,  773,  264,  161,  490,    0,  577,    8,  922,  716,  296,  673,  673,  606,  744,  798,  571,  643,  933, 1014,  368,  919,  445,  574,  270,  513,  354,  694,  561,  985,  618,  836,  872,  450,  633, 1065,  199,  604,  221,  928,  488,  650,   84, 1124,  642,  707,  291,  700,  599],
        [  483,  483,  322,  228,  189,  489,  352,  671,  376,  127,  525,  623,  536,  387,  620,  305,  552,  584,  449,  220,  390,  299,  796,  420,  299,  745,   77,   60,  269,  562,  196,  317,  503,  109,  577,    0,  572,  499,  364,  316,   97,  582,  373,  179,  239,  117,  566,  399,  618,  620,  468,  168,  668,  440,  113,  342,  914,  562,  532,  391,  271,  698,  579,   58,  702,  497,  908,  654,  365,  788,  301,  622,  784,   69,  155,  308,  257,  480],
        [  929,  929,  280,  460,  524,   90,  385,  648,  944,  448,  950,  909,  657,  221,  227,  435,   76,  279,  864,  671,  187,  866,  619,  265,  413,  479,  528,  596,  356,  536,  767,  258,  162,  484,    8,  572,    0,  914,  709,  293,  667,  666,  599,  739,  792,  567,  636,  927, 1006,  362,  912,  440,  567,  271,  509,  352,  689,  553,  977,  610,  831,  864,  443,  628, 1057,  201,  599,  217,  922,  483,  642,   82, 1116,  637,  701,  287,  693,  591],
        [   56,   56,  758,  461,  409,  826,  536,  560,  531,  585,   37,  215,  394,  695,  833,  480,  930, 1033,   53,  285,  740,  384,  752,  871,  787,  799,  474,  440,  565,  539,  439,  687,  918,  502,  922,  499,  914,    0,  208,  760,  477,  435,  333,  519,  336,  611,  447,  235,  120,  741,   54,  649,  630,  894,  610,  817,  865,  524,   75,  329,  538,  381,  636,  489,  210,  927,  932,  877,  336,  854,  273,  926,  296,  494,  365,  742,  250,  410],
        [  232,  232,  571,  262,  222,  620,  329,  419,  543,  417,  244,  261,  249,  489,  629,  274,  727,  842,  160,  155,  538,  390,  598,  684,  622,  619,  315,  307,  364,  364,  389,  489,  721,  331,  716,  364,  709,  208,    0,  574,  380,  298,  132,  450,  307,  481,  298,  317,  301,  545,  216,  486,  467,  708,  462,  641,  718,  352,  276,  133,  503,  348,  447,  376,  366,  733,  765,  673,  383,  674,   74,  719,  440,  385,  280,  555,  123,  235],
        [  759,  759,   15,  318,  353,  233,  337,  697,  670,  192,  791,  821,  631,  215,  432,  346,  251,  276,  707,  480,  164,  614,  748,  112,  134,  642,  299,  357,  236,  572,  506,  130,  189,  262,  296,  316,  293,  760,  574,    0,  404,  660,  508,  464,  554,  282,  634,  708,  869,  505,  742,  159,  649,  135,  229,   95,  848,  582,  809,  524,  553,  834,  526,  366,  939,  181,  795,  449,  681,  669,  500,  363, 1013,  373,  466,   23,  512,  560],
        [  451,  451,  411,  307,  254,  585,  435,  731,  280,  220,  497,  629,  584,  483,  714,  383,  645,  664,  431,  226,  486,  212,  869,  503,  365,  828,  161,  102,  361,  630,  103,  413,  592,  200,  673,   97,  667,  477,  380,  404,    0,  632,  420,   90,  170,  152,  619,  336,  596,  707,  437,  249,  738,  522,  182,  417,  989,  628,  497,  436,  178,  725,  658,   40,  685,  583,  991,  748,  284,  873,  330,  718,  770,   32,  113,  398,  260,  535],
        [  482,  482,  651,  377,  395,  594,  325,  126,  836,  576,  467,  300,   50,  485,  499,  320,  713,  882,  411,  427,  550,  685,  317,  752,  756,  383,  511,  538,  426,  141,  668,  538,  743,  502,  673,  582,  666,  435,  298,  660,  632,    0,  213,  715,  599,  687,   30,  610,  461,  368,  471,  641,  201,  775,  648,  749,  431,  122,  509,  197,  782,  200,  253,  616,  467,  768,  500,  542,  681,  437,  313,  641,  499,  627,  553,  638,  407,  106],
        [  363,  363,  501,  193,  191,  513,  214,  319,  632,  385,  369,  319,  165,  385,  501,  171,  626,  761,  289,  220,  440,  486,  483,  612,  581,  491,  306,  327,  277,  242,  458,  403,  632,  304,  606,  373,  599,  333,  132,  508,  420,  213,    0,  503,  397,  483,  202,  440,  411,  413,  347,  454,  349,  636,  449,  587,  604,  233,  404,   19,  572,  336,  317,  404,  459,  649,  640,  545,  494,  545,  109,  601,  522,  415,  343,  487,  207,  121],
        [  485,  485,  472,  396,  342,  660,  524,  817,  206,  292,  534,  689,  667,  564,  798,  472,  711,  710,  478,  297,  562,  187,  957,  554,  403,  917,  249,  191,  447,  718,   84,  489,  652,  286,  744,  179,  739,  519,  450,  464,   90,  715,  503,    0,  186,  187,  704,  342,  636,  795,  474,  306,  826,  571,  236,  461, 1078,  716,  527,  519,   93,  797,  747,  122,  728,  638, 1080,  831,  267,  962,  407,  794,  814,  111,  171,  461,  328,  620],
        [  300,  300,  558,  365,  297,  704,  492,  714,  237,  362,  349,  519,  549,  587,  798,  431,  780,  823,  299,  178,  606,   91,  877,  658,  532,  866,  265,  199,  451,  634,  104,  535,  739,  309,  798,  239,  792,  336,  307,  554,  170,  599,  397,  186,    0,  322,  594,  166,  451,  761,  289,  406,  744,  679,  345,  579,  999,  628,  341,  409,  206,  646,  689,  199,  544,  734, 1024,  837,  131,  916,  289,  832,  631,  198,   92,  544,  193,  518],
        [  592,  592,  292,  318,  294,  493,  426,  768,  391,  142,  635,  740,  644,  416,  656,  390,  531,  523,  562,  336,  400,  359,  878,  367,  218,  812,  178,  176,  327,  653,  246,  330,  468,  189,  571,  117,  567,  611,  481,  282,  152,  687,  483,  187,  322,    0,  669,  488,  730,  680,  577,  127,  755,  384,   61,  274,  994,  656,  639,  501,  273,  812,  655,  126,  816,  453,  975,  684,  434,  851,  417,  629,  899,  125,  253,  282,  373,  583],
        [  493,  493,  624,  356,  378,  565,  298,  122,  830,  554,  480,  323,   54,  457,  471,  296,  683,  853,  420,  420,  522,  681,  306,  724,  731,  362,  493,  523,  401,  114,  659,  511,  714,  482,  643,  566,  636,  447,  298,  634,  619,   30,  202,  704,  594,  669,    0,  613,  480,  340,  480,  619,  184,  747,  628,  723,  423,   95,  521,  187,  773,  230,  226,  601,  490,  740,  485,  513,  680,  417,  306,  612,  524,  613,  544,  611,  402,   86],
        [  184,  184,  711,  476,  408,  837,  590,  734,  302,  517,  233,  447,  562,  713,  903,  527,  923,  981,  223,  262,  741,  169,  915,  816,  695,  930,  411,  352,  574,  679,  259,  674,  889,  452,  933,  399,  927,  235,  317,  708,  336,  610,  440,  342,  166,  488,  613,    0,  332,  843,  182,  566,  784,  837,  508,  740, 1034,  668,  210,  446,  331,  603,  755,  364,  426,  888, 1079,  944,  104,  984,  338,  958,  511,  363,  245,  697,  250,  551],
        [  154,  154,  867,  563,  517,  919,  623,  579,  633,  699,  104,  179,  430,  789,  906,  572, 1028, 1141,  169,  402,  838,  492,  773,  980,  903,  841,  589,  558,  665,  584,  555,  789, 1022,  615, 1014,  618, 1006,  120,  301,  869,  596,  461,  411,  636,  451,  730,  480,  332,    0,  800,  163,  765,  662, 1004,  727,  930,  878,  567,  124,  403,  650,  354,  689,  609,   95, 1033,  960,  950,  435,  896,  373, 1011,  181,  613,  484,  851,  366,  463],
        [  774,  774,  491,  404,  468,  325,  273,  309,  974,  539,  777,  659,  381,  291,  146,  332,  429,  628,  700,  591,  344,  850,  260,  552,  634,  138,  547,  608,  355,  227,  785,  383,  492,  512,  368,  620,  362,  741,  545,  505,  707,  368,  413,  795,  761,  680,  340,  843,  800,    0,  759,  577,  215,  569,  622,  597,  346,  246,  814,  414,  884,  563,  115,  674,  823,  528,  297,  182,  879,  172,  507,  309,  863,  686,  682,  485,  595,  338],
        [   18,   18,  741,  454,  397,  823,  540,  596,  478,  561,   61,  268,  427,  692,  844,  482,  924, 1017,   61,  262,  734,  333,  786,  853,  761,  825,  449,  410,  559,  566,  393,  677,  906,  481,  919,  468,  912,   54,  216,  742,  437,  471,  347,  474,  289,  577,  480,  182,  163,  759,    0,  623,  661,  876,  580,  794,  901,  551,   68,  345,  488,  431,  657,  453,  256,  913,  963,  888,  282,  880,  272,  928,  343,  457,  326,  726,  230,  435],
        [  640,  640,  167,  266,  270,  368,  345,  705,  512,   70,  678,  744,  602,  300,  539,  324,  406,  418,  597,  364,  277,  460,  794,  255,  139,  713,  176,  218,  236,  583,  351,  209,  347,  156,  445,  168,  440,  649,  486,  159,  249,  641,  454,  306,  406,  127,  619,  566,  765,  577,  623,    0,  678,  274,   71,  175,  905,  589,  689,  472,  395,  790,  567,  212,  843,  335,  873,  565,  530,  748,  414,  503,  922,  217,  322,  157,  400,  536],
        [  674,  674,  637,  440,  485,  515,  334,  101,  976,  623,  663,  499,  236,  441,  361,  365,  629,  820,  600,  566,  505,  834,  134,  719,  767,  186,  592,  637,  442,  110,  794,  520,  680,  569,  574,  668,  567,  630,  467,  649,  738,  201,  349,  826,  744,  755,  184,  784,  662,  215,  661,  678,    0,  740,  705,  743,  256,  117,  704,  340,  905,  371,  128,  713,  666,  712,  303,  396,  842,  239,  458,  521,  691,  725,  681,  627,  555,  233],
        [  893,  893,  138,  450,  488,  252,  451,  799,  773,  322,  926,  952,  750,  300,  467,  470,  203,  144,  842,  615,  235,  734,  825,   25,  177,  703,  431,  486,  360,  674,  623,  239,  114,  396,  270,  440,  271,  894,  708,  135,  522,  775,  636,  571,  679,  384,  747,  837, 1004,  569,  876,  274,  740,    0,  341,  113,  914,  687,  943,  652,  655,  956,  613,  485, 1073,   82,  844,  471,  803,  720,  634,  352, 1146,  491,  593,  153,  647,  679],
        [  595,  595,  237,  273,  259,  434,  373,  722,  441,   84,  636,  722,  606,  356,  596,  342,  476,  483,  559,  327,  340,  394,  826,  322,  187,  755,  149,  170,  270,  605,  283,  270,  417,  147,  513,  113,  509,  610,  462,  229,  182,  648,  449,  236,  345,   61,  628,  508,  727,  622,  580,   71,  705,  341,    0,  235,  940,  609,  644,  467,  325,  783,  601,  147,  810,  404,  917,  624,  465,  793,  394,  569,  891,  151,  266,  227,  364,  543],
        [  810,  810,  108,  395,  420,  309,  428,  790,  662,  233,  846,  894,  718,  309,  517,  432,  295,  250,  764,  532,  254,  628,  842,  101,   66,  735,  345,  392,  324,  665,  516,  224,  214,  315,  354,  342,  352,  817,  641,   95,  417,  749,  587,  461,  579,  274,  723,  740,  930,  597,  794,  175,  743,  113,  235,    0,  941,  675,  860,  604,  543,  918,  620,  382, 1005,  189,  885,  530,  700,  759,  568,  430, 1081,  386,  496,  117,  567,  647],
        [  913,  913,  834,  686,  736,  667,  568,  306, 1231,  857,  896,  704,  476,  633,  462,  610,  762,  965,  841,  821,  689, 1089,  122,  897,  975,  213,  838,  888,  671,  366, 1049,  723,  833,  811,  694,  914,  689,  865,  718,  848,  989,  431,  604, 1078,  999,  994,  423, 1034,  878,  346,  901,  905,  256,  914,  940,  941,    0,  372,  938,  594, 1158,  543,  339,  962,  864,  869,  137,  478, 1097,  211,  713,  621,  870,  974,  936,  828,  810,  486],
        [  565,  565,  572,  338,  376,  487,  250,  117,  860,  530,  558,  416,  139,  390,  378,  268,  606,  784,  491,  450,  455,  717,  251,  665,  691,  276,  487,  528,  359,   20,  681,  455,  644,  468,  561,  562,  553,  524,  352,  582,  628,  122,  233,  716,  628,  656,   95,  668,  567,  246,  551,  589,  117,  687,  609,  675,  372,    0,  598,  224,  792,  320,  132,  605,  582,  672,  413,  420,  726,  332,  341,  524,  618,  617,  567,  560,  439,  118],
        [   50,   50,  808,  520,  464,  888,  603,  633,  511,  628,   43,  270,  468,  757,  904,  545,  990, 1084,  116,  329,  800,  373,  825,  920,  826,  873,  516,  475,  625,  613,  445,  743,  973,  548,  985,  532,  977,   75,  276,  809,  497,  509,  404,  527,  341,  639,  521,  210,  124,  814,   68,  689,  704,  943,  644,  860,  938,  598,    0,  401,  533,  443,  709,  515,  217,  980, 1006,  948,  313,  929,  336,  992,  302,  518,  387,  793,  297,  484],
        [  361,  361,  518,  211,  209,  525,  225,  306,  645,  403,  365,  305,  149,  397,  506,  185,  639,  777,  287,  233,  454,  498,  473,  628,  599,  487,  324,  344,  293,  234,  472,  418,  646,  322,  618,  391,  610,  329,  133,  524,  436,  197,   19,  519,  409,  501,  187,  446,  403,  414,  345,  472,  340,  652,  467,  604,  594,  224,  401,    0,  587,  318,  315,  421,  448,  664,  634,  550,  503,  541,  120,  610,  509,  432,  358,  503,  218,  109],
        [  497,  497,  562,  482,  424,  752,  611,  889,  119,  385,  547,  725,  733,  656,  890,  557,  801,  791,  504,  357,  655,  163, 1037,  639,  483, 1003,  338,  276,  538,  796,  116,  582,  739,  377,  836,  271,  831,  538,  503,  553,  178,  782,  572,   93,  206,  273,  773,  331,  650,  884,  488,  395,  905,  655,  325,  543, 1158,  792,  533,  587,    0,  848,  831,  213,  744,  725, 1165,  924,  238, 1049,  471,  887,  830,  202,  230,  551,  382,  691],
        [  436,  436,  826,  528,  524,  790,  507,  272,  875,  721,  402,  177,  210,  676,  698,  488,  909, 1070,  382,  501,  739,  721,  452,  932,  915,  556,  636,  645,  598,  339,  734,  718,  934,  639,  872,  698,  864,  381,  348,  834,  725,  200,  336,  797,  646,  812,  230,  603,  354,  563,  431,  790,  371,  956,  783,  918,  543,  320,  443,  318,  848,    0,  450,  718,  323,  957,  644,  740,  694,  607,  399,  841,  329,  728,  627,  812,  470,  280],
        [  672,  672,  513,  352,  408,  388,  230,  207,  912,  518,  671,  545,  267,  316,  251,  275,  503,  692,  598,  514,  378,  779,  227,  593,  647,  177,  503,  556,  333,  112,  726,  397,  553,  474,  450,  579,  443,  636,  447,  526,  658,  253,  317,  747,  689,  655,  226,  755,  689,  115,  657,  567,  128,  613,  601,  620,  339,  132,  709,  315,  831,  450,    0,  628,  710,  585,  336,  291,  800,  230,  418,  404,  749,  640,  617,  505,  511,  228],
        [  468,  468,  372,  277,  229,  546,  404,  710,  319,  181,  512,  630,  569,  445,  677,  354,  606,  628,  442,  224,  447,  249,  843,  466,  333,  797,  127,   78,  326,  606,  142,  374,  554,  164,  633,   58,  628,  489,  376,  366,   40,  616,  404,  122,  199,  126,  601,  364,  609,  674,  453,  212,  713,  485,  147,  382,  962,  605,  515,  421,  213,  718,  628,    0,  696,  545,  960,  711,  319,  842,  320,  679,  780,   13,  128,  360,  260,  516],
        [  248,  248,  936,  627,  587,  972,  672,  576,  727,  776,  198,  167,  444,  843,  939,  627, 1084, 1207,  255,  483,  896,  586,  766, 1049,  981,  849,  668,  642,  726,  600,  648,  852, 1084,  691, 1065,  702, 1057,  210,  366,  939,  685,  467,  459,  728,  544,  816,  490,  426,   95,  823,  256,  843,  666, 1073,  810, 1005,  864,  582,  217,  448,  744,  323,  710,  696,    0, 1097,  956,  983,  529,  903,  440, 1056,   87,  701,  573,  921,  446,  489],
        [  930,  930,  177,  471,  518,  204,  450,  780,  843,  373,  960,  967,  748,  284,  413,  479,  128,  114,  874,  654,  219,  794,  787,   89,  255,  657,  478,  537,  373,  657,  685,  247,   39,  438,  199,  497,  201,  927,  733,  181,  583,  768,  649,  638,  734,  453,  740,  888, 1033,  528,  913,  335,  712,   82,  404,  189,  869,  672,  980,  664,  725,  957,  585,  545, 1097,    0,  790,  411,  861,  669,  660,  283, 1167,  552,  646,  192,  684,  677],
        [  976,  976,  781,  685,  743,  592,  557,  382, 1248,  834,  965,  792,  538,  584,  378,  609,  674,  877,  902,  847,  632, 1114,  192,  829,  927,  164,  834,  890,  648,  401, 1061,  677,  752,  801,  604,  908,  599,  932,  765,  795,  991,  500,  640, 1080, 1024,  975,  485, 1079,  960,  297,  963,  873,  303,  844,  917,  885,  137,  413, 1006,  634, 1165,  644,  336,  960,  956,  790,    0,  383, 1131,  127,  746,  525,  971,  972,  952,  777,  842,  531],
        [  904,  904,  435,  474,  543,  223,  355,  491, 1027,  547,  914,  822,  548,  270,   45,  418,  292,  495,  832,  684,  291,  922,  420,  460,  582,  272,  591,  658,  390,  401,  839,  356,  373,  549,  221,  654,  217,  877,  673,  449,  748,  542,  545,  831,  837,  684,  513,  944,  950,  182,  888,  565,  396,  471,  624,  530,  478,  420,  948,  550,  924,  740,  291,  711,  983,  411,  383,    0,  963,  268,  621,  144, 1029,  722,  750,  435,  696,  495],
        [  286,  286,  686,  490,  421,  835,  614,  801,  199,  490,  335,  544,  631,  716,  923,  552,  910,  947,  317,  288,  736,   80,  976,  783,  649,  976,  395,  329,  580,  735,  190,  665,  867,  439,  928,  365,  922,  336,  383,  681,  284,  681,  494,  267,  131,  434,  680,  104,  435,  879,  282,  530,  842,  803,  465,  700, 1097,  726,  313,  503,  238,  694,  800,  319,  529,  861, 1131,  963,    0, 1029,  386,  962,  614,  315,  222,  672,  290,  611],
        [  894,  894,  654,  568,  629,  469,  439,  335, 1136,  710,  889,  737,  467,  458,  257,  493,  557,  760,  820,  742,  505, 1007,  183,  705,  800,   56,  715,  773,  526,  316,  948,  551,  632,  681,  488,  788,  483,  854,  674,  669,  873,  437,  545,  962,  916,  851,  417,  984,  896,  172,  880,  748,  239,  720,  793,  759,  211,  332,  929,  541, 1049,  607,  230,  842,  903,  669,  127,  268, 1029,    0,  647,  412,  929,  854,  841,  650,  741,  446],
        [  289,  289,  497,  190,  149,  554,  269,  425,  525,  345,  308,  331,  263,  422,  578,  211,  658,  769,  222,  115,  468,  378,  591,  610,  550,  594,  246,  247,  293,  349,  356,  417,  649,  259,  650,  301,  642,  273,   74,  500,  330,  313,  109,  407,  289,  417,  306,  338,  373,  507,  272,  414,  458,  634,  394,  568,  713,  341,  336,  120,  471,  399,  418,  320,  440,  660,  746,  621,  386,  647,    0,  657,  514,  330,  242,  481,   98,  229],
        [  946,  946,  350,  485,  551,  136,  391,  610,  998,  503,  962,  902,  638,  247,  165,  447,  157,  355,  877,  699,  233,  910,  560,  346,  488,  414,  571,  640,  385,  505,  816,  306,  244,  527,   84,  622,   82,  926,  719,  363,  718,  641,  601,  794,  832,  629,  612,  958, 1011,  309,  928,  503,  521,  352,  569,  430,  621,  524,  992,  610,  887,  841,  404,  679, 1056,  283,  525,  144,  962,  412,  657,    0, 1110,  689,  741,  354,  718,  577],
        [  334,  334, 1009,  698,  662, 1033,  733,  596,  812,  855,  284,  209,  483,  906,  986,  692, 1147, 1278,  340,  565,  961,  672,  780, 1122, 1060,  876,  748,  725,  794,  637,  734,  920, 1152,  769, 1124,  784, 1116,  296,  440, 1013,  770,  499,  522,  814,  631,  899,  524,  511,  181,  863,  343,  922,  691, 1146,  891, 1081,  870,  618,  302,  509,  830,  329,  749,  780,   87, 1167,  971, 1029,  614,  929,  514, 1110,    0,  786,  658,  994,  528,  536],
        [  471,  471,  380,  289,  241,  555,  416,  722,  309,  190,  516,  638,  580,  455,  688,  366,  614,  633,  447,  232,  457,  244,  855,  471,  335,  809,  139,   90,  337,  617,  134,  384,  561,  176,  642,   69,  637,  494,  385,  373,   32,  627,  415,  111,  198,  125,  613,  363,  613,  686,  457,  217,  725,  491,  151,  386,  974,  617,  518,  432,  202,  728,  640,   13,  701,  552,  972,  722,  315,  854,  330,  689,  786,    0,  131,  367,  268,  528],
        [  341,  341,  470,  281,  214,  614,  410,  661,  297,  274,  386,  521,  504,  497,  712,  350,  690,  737,  319,  128,  515,  172,  815,  572,  453,  792,  174,  109,  362,  572,  115,  444,  649,  218,  707,  155,  701,  365,  280,  466,  113,  553,  343,  171,   92,  253,  544,  245,  484,  682,  326,  322,  681,  593,  266,  496,  936,  567,  387,  358,  230,  627,  617,  128,  573,  646,  952,  750,  222,  841,  242,  741,  658,  131,    0,  455,  157,  463],
        [  743,  743,   16,  298,  335,  222,  315,  675,  667,  183,  775,  800,  609,  195,  417,  324,  250,  291,  690,  465,  147,  607,  727,  129,  151,  623,  286,  347,  214,  550,  501,  108,  195,  248,  291,  308,  287,  742,  555,   23,  398,  638,  487,  461,  544,  282,  611,  697,  851,  485,  726,  157,  627,  153,  227,  117,  828,  560,  793,  503,  551,  812,  505,  360,  921,  192,  777,  435,  672,  650,  481,  354,  994,  367,  455,    0,  496,  538],
        [  247,  247,  512,  234,  171,  603,  341,  522,  429,  335,  280,  371,  357,  475,  654,  279,  699,  787,  198,   38,  511,  281,  689,  624,  538,  688,  224,  198,  337,  447,  267,  450,  678,  253,  700,  257,  693,  250,  123,  512,  260,  407,  207,  328,  193,  373,  402,  250,  366,  595,  230,  400,  555,  647,  364,  567,  810,  439,  297,  218,  382,  470,  511,  260,  446,  684,  842,  696,  290,  741,   98,  718,  528,  268,  157,  496,    0,  327],
        [  449,  449,  551,  272,  292,  514,  228,  198,  753,  471,  445,  328,   72,  396,  451,  217,  632,  791,  375,  341,  460,  606,  365,  655,  652,  390,  408,  438,  325,  131,  578,  441,  654,  397,  599,  480,  591,  410,  235,  560,  535,  106,  121,  620,  518,  583,   86,  551,  463,  338,  435,  536,  233,  679,  543,  647,  486,  118,  484,  109,  691,  280,  228,  516,  489,  677,  531,  495,  611,  446,  229,  577,  536,  528,  463,  538,  327,    0]
    ]
}
