{
    "name": "random-41-8146",
    "comment": "size=41 seed=8146",
    "nodes": ["+0", "-0", "+1", "-1", "+2", "-2", "+3", "-3", "+4", "-4", "+5", "-5", "+6", "-6", "+7", "-7", "+8", "-8", "+9", "-9", "+10", "-10", "+11", "-11", "+12", "-12", "+13", "-13", "+14", "-14", "+15", "-15", "+16", "-16", "+17", "-17", "+18", "-18", "+19", "-19", "+20", "-20", "+21", "-21", "+22", "-22", "+23", "-23", "+24", "-24", "+25", "-25", "+26", "-26", "+27", "-27", "+28", "-28", "+29", "-29", "+30", "-30", "+31", "-31", "+32", "-32", "+33", "-33", "+34", "-34", "+35", "-35", "+36", "-36", "+37", "-37", "+38", "-38", "+39", "-39", "+40", "-40", "+41", "-41"],
    "precedence": {
        "+0": "-0",
        "+1": "-1",
        "+2": "-2",
        "+3": "-3",
        "+4": "-4",
        "+5": "-5",
        "+6": "-6",
        "+7": "-7",
        "+8": "-8",
        "+9": "-9",
        "+10": "-10",
        "+11": "-11",
        "+12": "-12",
        "+13": "-13",
        "+14": "-14",
        "+15": "-15",
        "+16": "-16",
        "+17": "-17",
        "+18": "-18",
        "+19": "-19",
        "+20": "-20",
        "+21": "-21",
        "+22": "-22",
        "+23": "-23",
        "+24": "-24",
        "+25": "-25",
        "+26": "-26",
        "+27": "-27",
        "+28": "-28",
        "+29": "-29",
        "+30": "-30",
        "+31": "-31",
        "+32": "-32",
        "+33": "-33",
        "+34": "-34",
        "+35": "-35",
        "+36": "-36",
        "+37": "-37",
        "+38": "-38",
        "+39": "-39",
        "+40": "-40",
        "+41": "-41"
    },
    "edges": [
        [    0,    0,  485,  243,  183,  839,  541,  215,  249,  764,  389,  113,  223,  251,  865,  430,  731,  571,  209,  131,  474,  772,  721,  541,  617,  456,  231,  466,  848,  467,  334,  353,  850,  126,  547,  854,  416,  380,  525,  115,  804,  573,  249,  708,  229,  278,  283,  423,  666,  770,  180,   30,  441,  921,  385,  209,  571,  467,  445,  502,  360,  666,  203,  489,  110,  370,  788,  749,  807,  612,  813,  378,  362,  680,  209,  534,  915,  831,  392,  456,  682,  792,  539,  401],
        [    0,    0,  485,  243,  183,  839,  541,  215,  249,  764,  389,  113,  223,  251,  865,  430,  731,  571,  209,  131,  474,  772,  721,  541,  617,  456,  231,  466,  848,  467,  334,  353,  850,  126,  547,  854,  416,  380,  525,  115,  804,  573,  249,  708,  229,  278,  283,  423,  666,  770,  180,   30,  441,  921,  385,  209,  571,  467,  445,  502,  360,  666,  203,  489,  110,  370,  788,  749,  807,  612,  813,  378,  362,  680,  209,  534,  915,  831,  392,  456,  682,  792,  539,  401],
        [  485,  485,    0,  243,  483,  680,  267,  270,  255,  475,  246,  454,  264,  687,  856,  229,  359,  964,  688,  578,   67,  315,  689,  111,  133,  890,  339,  106,  758,  797,  642,  493,  702,  595,   94,  768,  167,  138,  955,  388,  379,  664,  706,  771,  446,  679,  754,   63,  605,  387,  448,  510,  887,  901,  102,  535,  487,  625,  549,   87,  527,  264,  318,   43,  445,  512,  591,  629,  838,  131,  509,  398,  367,  341,  392,  949,  889,  371,  516,  270,  770,  651,  428,  182],
        [  243,  243,  243,    0,  285,  707,  338,   35,   52,  574,  201,  235,   21,  451,  808,  261,  512,  744,  445,  347,  232,  532,  644,  313,  375,  657,  177,  229,  750,  594,  438,  337,  724,  360,  314,  757,  193,  143,  724,  147,  572,  553,  466,  682,  245,  450,  512,  181,  570,  549,  254,  268,  651,  860,  146,  338,  455,  479,  455,  273,  364,  436,   97,  247,  225,  392,  637,  630,  768,  373,  620,  321,  254,  469,  186,  722,  851,  591,  372,  270,  668,  666,  405,  182],
        [  183,  183,  483,  285,    0,  972,  622,  252,  321,  858,  480,   75,  274,  414, 1029,  344,  795,  734,  333,  145,  497,  795,  876,  502,  611,  606,  147,  504,  997,  646,  516,  518,  986,  184,  518, 1003,  477,  423,  672,  243,  847,  743,  399,  878,  393,  452,  413,  432,  813,  831,   35,  203,  583, 1084,  386,   54,  708,  642,  265,  468,  529,  715,  307,  503,   83,  190,  910,  887,  975,  596,  904,  227,  494,  753,  355,  690, 1077,  852,  557,  550,  855,  928,  666,  467],
        [  839,  839,  680,  707,  972,    0,  415,  736,  660,  254,  509,  904,  711,  840,  275,  890,  406,  908,  933,  968,  616,  583,  204,  780,  679,  942,  883,  580,  123,  725,  662,  509,   25,  955,  754,  134,  550,  614,  977,  737,  500,  385,  887,  346,  618,  786,  946,  672,  195,  416,  946,  843,  968,  289,  702, 1019,  268,  479, 1160,  766,  522,  480,  665,  638,  894, 1099,   97,   97,  320,  717,  262, 1017,  481,  375,  631,  941,  275,  602,  479,  445,  382,   50,  306,  549],
        [  541,  541,  267,  338,  622,  415,    0,  371,  305,  238,  153,  567,  349,  658,  599,  478,  196,  867,  705,  665,  201,  303,  435,  370,  292,  832,  506,  166,  493,  680,  544,  357,  436,  667,  346,  503,  150,  213,  889,  426,  290,  453,  693,  537,  385,  626,  750,  259,  350,  236,  591,  557,  842,  641,  293,  675,  241,  453,  767,  353,  391,  164,  339,  224,  557,  714,  328,  364,  591,  325,  282,  619,  234,  140,  358,  870,  629,  355,  362,   92,  545,  385,  185,  157],
        [  215,  215,  270,   35,  252,  736,  371,    0,   76,  607,  232,  201,   26,  433,  829,  260,  546,  733,  420,  315,  263,  565,  667,  332,  402,  640,  149,  262,  775,  589,  434,  347,  752,  328,  336,  782,  227,  176,  708,  128,  606,  568,  445,  698,  245,  436,  489,  209,  594,  583,  220,  241,  633,  882,  170,  304,  480,  489,  430,  292,  372,  470,  100,  276,  191,  365,  667,  657,  787,  398,  653,  301,  275,  503,  187,  708,  873,  623,  384,  302,  683,  694,  432,  216],
        [  249,  249,  255,   52,  321,  660,  305,   76,    0,  538,  160,  263,   51,  432,  756,  307,  487,  715,  441,  365,  230,  524,  593,  339,  382,  635,  224,  218,  700,  557,  401,  288,  676,  372,  336,  708,  168,  133,  701,  139,  556,  502,  453,  630,  204,  425,  502,  193,  520,  526,  291,  271,  633,  809,  168,  372,  405,  431,  505,  299,  316,  418,   63,  250,  253,  440,  593,  582,  717,  385,  585,  373,  202,  440,  146,  696,  800,  583,  322,  230,  617,  619,  357,  154],
        [  764,  764,  475,  574,  858,  254,  238,  607,  538,    0,  381,  800,  584,  841,  511,  701,  154,  994,  908,  892,  418,  330,  383,  562,  445,  989,  743,  390,  369,  802,  694,  508,  278,  889,  535,  380,  388,  449, 1038,  651,  248,  497,  882,  522,  577,  799,  941,  484,  316,  163,  827,  777, 1007,  536,  523,  910,  279,  549, 1002,  556,  535,  238,  566,  433,  790,  951,  159,  261,  535,  484,   50,  852,  418,  137,  566, 1011,  522,  349,  494,  311,  548,  252,  264,  394],
        [  389,  389,  246,  201,  480,  509,  153,  232,  160,  381,    0,  420,  208,  517,  635,  402,  346,  753,  556,  514,  187,  421,  468,  354,  335,  702,  377,  152,  560,  574,  426,  256,  526,  515,  339,  568,   80,  123,  763,  274,  430,  420,  549,  532,  246,  491,  605,  204,  387,  385,  450,  405,  708,  684,  215,  531,  268,  382,  652,  323,  291,  294,  187,  215,  410,  592,  436,  436,  607,  354,  428,  510,  125,  292,  211,  748,  674,  478,  274,   71,  529,  470,  213,   65],
        [  113,  113,  454,  235,   75,  904,  567,  201,  263,  800,  420,    0,  220,  358,  955,  351,  746,  679,  292,  128,  459,  760,  804,  489,  586,  557,  143,  461,  925,  580,  445,  444,  917,  156,  501,  932,  426,  376,  625,  170,  805,  669,  348,  804,  318,  389,  371,  398,  742,  783,   67,  137,  537, 1011,  354,  116,  638,  568,  333,  452,  455,  670,  240,  468,   11,  258,  844,  818,  901,  575,  847,  270,  424,  701,  282,  638, 1004,  818,  483,  490,  781,  859,  599,  414],
        [  223,  223,  264,   21,  274,  711,  349,   26,   51,  584,  208,  220,    0,  430,  804,  275,  526,  725,  425,  330,  251,  551,  642,  333,  395,  637,  174,  246,  750,  577,  421,  326,  727,  341,  334,  757,  206,  160,  704,  126,  589,  545,  446,  675,  229,  430,  491,  202,  569,  564,  243,  248,  631,  857,  166,  326,  455,  468,  455,  293,  352,  453,   81,  266,  210,  390,  642,  632,  763,  393,  630,  325,  250,  482,  170,  703,  848,  610,  362,  278,  661,  669,  407,  195],
        [  251,  251,  687,  451,  414,  840,  658,  433,  432,  841,  517,  358,  430,    0,  785,  675,  853,  322,  122,  290,  658,  935,  675,  763,  813,  209,  481,  639,  813,  253,  188,  339,  845,  250,  764,  815,  573,  560,  277,  306,  945,  492,   49,  612,  274,   63,  107,  625,  648,  892,  422,  223,  201,  841,  595,  420,  589,  378,  677,  723,  321,  810,  370,  680,  357,  603,  817,  744,  713,  817,  890,  627,  429,  793,  309,  284,  838,  993,  364,  567,  576,  791,  582,  555],
        [  865,  865,  856,  808, 1029,  275,  599,  829,  756,  511,  635,  955,  804,  785,    0, 1036,  654,  754,  897,  986,  789,  830,  168,  965,  889,  826,  975,  751,  153,  599,  597,  513,  254,  963,  942,  143,  700,  756,  844,  787,  757,  298,  834,  174,  638,  724,  887,  830,  252,  671, 1010,  860,  860,   57,  848, 1068,  370,  412, 1256,  942,  507,  710,  738,  816,  946, 1187,  356,  254,   81,  922,  529, 1128,  555,  609,  674,  801,   54,  858,  474,  590,  214,  261,  429,  692],
        [  430,  430,  229,  261,  344,  890,  478,  260,  307,  701,  402,  351,  275,  675, 1036,    0,  587,  986,  636,  476,  283,  523,  869,  185,  321,  883,  209,  314,  956,  848,  694,  595,  911,  506,  210,  965,  343,  282,  952,  380,  600,  803,  679,  926,  504,  688,  712,  220,  788,  615,  313,  460,  870, 1085,  191,  388,  668,  737,  329,  164,  623,  492,  356,  269,  346,  305,  806,  829, 1006,  293,  736,  183,  496,  569,  445,  957, 1075,  574,  628,  453,  917,  857,  611,  347],
        [  731,  731,  359,  512,  795,  406,  196,  546,  487,  154,  346,  746,  526,  853,  654,  587,    0, 1048,  900,  852,  313,  178,  511,  431,  303, 1023,  665,  295,  517,  858,  730,  542,  431,  856,  402,  528,  321,  373, 1078,  617,  113,  590,  888,  641,  580,  819,  945,  383,  434,   40,  762,  749, 1035,  682,  427,  848,  362,  617,  904,  432,  574,   97,  529,  321,  736,  861,  310,  401,  669,  342,  167,  753,  426,   64,  553, 1056,  669,  207,  539,  287,  660,  399,  323,  334],
        [  571,  571,  964,  744,  734,  908,  867,  733,  715,  994,  753,  679,  725,  322,  754,  986, 1048,    0,  412,  602,  923, 1166,  710, 1053, 1079,  148,  800,  896,  839,  193,  328,  510,  904,  561, 1049,  837,  824,  828,  113,  608, 1153,  525,  337,  591,  519,  299,  340,  904,  721, 1086,  743,  544,  187,  801,  882,  735,  715,  447,  994, 1013,  477, 1030,  653,  949,  678,  921,  919,  818,  674, 1090, 1039,  948,  638,  986,  572,   67,  805, 1220,  510,  782,  549,  863,  734,  805],
        [  209,  209,  688,  445,  333,  933,  705,  420,  441,  908,  556,  292,  425,  122,  897,  636,  900,  412,    0,  194,  670,  962,  779,  749,  819,  275,  430,  658,  916,  373,  302,  425,  939,  153,  755,  919,  599,  573,  340,  303,  984,  601,   81,  726,  331,  183,   80,  626,  744,  940,  349,  181,  250,  953,  590,  327,  673,  487,  586,  710,  413,  846,  384,  689,  294,  515,  901,  837,  827,  817,  957,  557,  490,  844,  347,  361,  950, 1021,  455,  615,  692,  884,  657,  582],
        [  131,  131,  578,  347,  145,  968,  665,  315,  365,  892,  514,  128,  330,  290,  986,  476,  852,  602,  194,    0,  577,  879,  846,  617,  710,  468,  268,  575,  976,  536,  426,  477,  979,   42,  628,  981,  533,  489,  534,  242,  918,  691,  266,  825,  355,  337,  272,  520,  794,  890,  168,  128,  443, 1042,  477,  134,  701,  581,  393,  579,  480,  782,  327,  589,  135,  322,  919,  878,  925,  700,  940,  372,  492,  803,  339,  554, 1037,  938,  515,  582,  796,  922,  669,  519],
        [  474,  474,   67,  232,  497,  616,  201,  263,  230,  418,  187,  459,  251,  658,  789,  283,  313,  923,  670,  577,    0,  302,  622,  176,  157,  857,  359,   39,  692,  751,  598,  439,  637,  591,  156,  702,  107,   99,  921,  368,  351,  601,  681,  706,  405,  644,  732,   71,  538,  345,  462,  497,  857,  834,  116,  550,  421,  568,  592,  154,  474,  223,  290,   30,  450,  548,  527,  563,  772,  170,  454,  440,  310,  288,  355,  912,  822,  361,  460,  204,  707,  586,  362,  124],
        [  772,  772,  315,  532,  795,  583,  303,  565,  524,  330,  421,  760,  551,  935,  830,  523,  178, 1166,  962,  879,  302,    0,  684,  343,  203, 1122,  653,  306,  695,  981,  840,  658,  607,  891,  316,  706,  364,  393, 1182,  663,  100,  745,  964,  809,  666,  912, 1018,  364,  604,  170,  760,  794, 1128,  860,  410,  848,  519,  755,  852,  359,  692,  140,  579,  293,  751,  822,  487,  577,  843,  236,  333,  703,  529,  224,  627, 1166,  846,   60,  664,  384,  825,  576,  472,  382],
        [  721,  721,  689,  644,  876,  204,  435,  667,  593,  383,  468,  804,  642,  675,  168,  869,  511,  710,  779,  846,  622,  684,    0,  798,  726,  753,  814,  584,  139,  531,  490,  369,  196,  826,  776,  141,  532,  588,  784,  634,  620,  192,  723,  147,  492,  617,  781,  662,   86,  534,  856,  719,  783,  218,  681,  918,  203,  300, 1095,  775,  371,  557,  579,  649,  795, 1028,  246,  129,  160,  759,  411,  965,  392,  460,  522,  746,  208,  717,  332,  422,  180,  164,  262,  524],
        [  541,  541,  111,  313,  502,  780,  370,  332,  339,  562,  354,  489,  333,  763,  965,  185,  431, 1053,  749,  617,  176,  343,  798,    0,  140,  969,  357,  215,  863,  892,  736,  596,  803,  640,   29,  873,  277,  240, 1036,  458,  426,  773,  777,  881,  539,  761,  820,  156,  713,  453,  468,  569,  964, 1009,  171,  551,  597,  732,  513,   40,  629,  334,  400,  149,  482,  489,  689,  734,  948,  109,  591,  367,  474,  426,  482, 1033,  997,  391,  622,  380,  880,  754,  537,  290],
        [  617,  617,  133,  375,  611,  679,  292,  402,  382,  445,  335,  586,  395,  813,  889,  321,  303, 1079,  819,  710,  157,  203,  726,  140,    0, 1013,  466,  185,  774,  906,  754,  590,  703,  728,  113,  784,  258,  254, 1077,  517,  287,  734,  834,  827,  562,  801,  883,  194,  641,  320,  576,  642, 1012,  928,  234,  663,  533,  713,  649,  158,  625,  209,  443,  133,  577,  622,  584,  646,  883,   39,  468,  502,  459,  310,  511, 1068,  915,  254,  608,  334,  833,  659,  475,  276],
        [  456,  456,  890,  657,  606,  942,  832,  640,  635,  989,  702,  557,  637,  209,  826,  883, 1023,  148,  275,  468,  857, 1122,  753,  969, 1013,    0,  687,  835,  889,  228,  296,  484,  941,  427,  969,  889,  765,  759,   69,  513, 1122,  562,  209,  654,  457,  213,  199,  828,  748, 1062,  619,  428,   42,  877,  800,  602,  718,  463,  861,  930,  456,  991,  573,  880,  557,  789,  937,  847,  747, 1019, 1037,  826,  599,  961,  503,   88,  879, 1179,  495,  743,  614,  894,  726,  747],
        [  231,  231,  339,  177,  147,  883,  506,  149,  224,  743,  377,  143,  174,  481,  975,  209,  665,  800,  430,  268,  359,  653,  814,  357,  466,  687,    0,  371,  924,  681,  533,  482,  900,  298,  371,  931,  356,  296,  755,  216,  710,  707,  479,  840,  367,  503,  508,  291,  743,  700,  112,  260,  671, 1029,  245,  197,  629,  620,  282,  321,  502,  581,  238,  362,  138,  217,  812,  805,  931,  450,  787,  164,  422,  629,  315,  764, 1020,  710,  520,  445,  822,  842,  580,  349],
        [  466,  466,  106,  229,  504,  580,  166,  262,  218,  390,  152,  461,  246,  639,  751,  314,  295,  896,  658,  575,   39,  306,  584,  215,  185,  835,  371,    0,  654,  721,  570,  407,  601,  586,  195,  664,   74,   87,  898,  357,  345,  564,  665,  667,  380,  622,  716,   95,  499,  330,  470,  488,  837,  796,  135,  557,  382,  533,  615,  192,  441,  211,  275,   68,  451,  568,  493,  525,  733,  203,  428,  464,  276,  264,  333,  887,  784,  366,  426,  166,  668,  549,  323,   92],
        [  848,  848,  758,  750,  997,  123,  493,  775,  700,  369,  560,  925,  750,  813,  153,  956,  517,  839,  916,  976,  692,  695,  139,  863,  774,  889,  924,  654,    0,  666,  628,  501,  102,  958,  839,   12,  614,  675,  917,  756,  616,  329,  861,  253,  621,  755,  919,  741,  184,  531,  974,  848,  919,  168,  766, 1041,  295,  438, 1204,  845,  505,  583,  694,  717,  916, 1139,  211,  130,  206,  809,  382, 1068,  505,  479,  645,  878,  154,  718,  465,  503,  294,  119,  348,  609],
        [  467,  467,  797,  594,  646,  725,  680,  589,  557,  802,  574,  580,  577,  253,  599,  848,  858,  193,  373,  536,  751,  981,  531,  892,  906,  228,  681,  721,  666,    0,  157,  324,  723,  499,  886,  665,  648,  660,  253,  472,  964,  342,  293,  428,  354,  200,  329,  739,  535,  895,  647,  445,  262,  651,  723,  661,  524,  255,  911,  854,  289,  843,  499,  778,  577,  836,  731,  633,  520,  920,  847,  839,  454,  795,  412,  216,  652, 1034,  320,  597,  387,  678,  543,  630],
        [  334,  334,  642,  438,  516,  662,  544,  434,  401,  694,  426,  445,  421,  188,  597,  694,  730,  328,  302,  426,  598,  840,  490,  736,  754,  296,  533,  570,  628,  157,    0,  190,  665,  393,  730,  629,  497,  505,  348,  320,  832,  304,  237,  425,  198,  128,  292,  584,  468,  769,  511,  316,  315,  653,  566,  538,  425,  191,  778,  698,  160,  706,  342,  624,  440,  702,  648,  566,  526,  766,  742,  694,  312,  668,  255,  327,  651,  895,  200,  457,  390,  613,  430,  479],
        [  353,  353,  493,  337,  518,  509,  357,  347,  288,  508,  256,  444,  326,  339,  513,  595,  542,  510,  425,  477,  439,  658,  369,  596,  590,  484,  482,  407,  501,  324,  190,    0,  516,  458,  585,  505,  333,  357,  537,  278,  645,  227,  384,  362,  126,  292,  444,  441,  322,  580,  501,  350,  500,  569,  435,  556,  251,  143,  756,  561,   35,  521,  248,  468,  435,  684,  479,  414,  458,  608,  557,  643,  133,  479,  169,  515,  563,  711,   40,  274,  342,  460,  245,  316],
        [  850,  850,  702,  724,  986,   25,  436,  752,  676,  278,  526,  917,  727,  845,  254,  911,  431,  904,  939,  979,  637,  607,  196,  803,  703,  941,  900,  601,  102,  723,  665,  516,    0,  965,  777,  112,  570,  633,  975,  749,  524,  382,  892,  334,  627,  789,  951,  692,  198,  440,  960,  854,  968,  266,  721, 1033,  280,  480, 1177,  788,  527,  504,  679,  659,  908, 1116,  121,  103,  303,  740,  286, 1036,  494,  399,  643,  938,  252,  626,  485,  463,  372,   59,  321,  568],
        [  126,  126,  595,  360,  184,  955,  667,  328,  372,  889,  515,  156,  341,  250,  963,  506,  856,  561,  153,   42,  591,  891,  826,  640,  728,  427,  298,  586,  958,  499,  393,  458,  965,    0,  650,  962,  539,  500,  493,  241,  927,  666,  225,  799,  339,  299,  231,  536,  777,  895,  204,  114,  402, 1019,  494,  175,  688,  555,  434,  602,  457,  790,  328,  604,  161,  363,  909,  863,  899,  720,  938,  410,  482,  805,  329,  513, 1014,  950,  494,  581,  769,  908,  660,  524],
        [  547,  547,   94,  314,  518,  754,  346,  336,  336,  535,  339,  501,  334,  764,  942,  210,  402, 1049,  755,  628,  156,  316,  776,   29,  113,  969,  371,  195,  839,  886,  730,  585,  777,  650,    0,  849,  260,  229, 1036,  460,  398,  756,  780,  862,  533,  759,  824,  147,  691,  424,  483,  575,  964,  985,  169,  567,  575,  718,  538,   51,  618,  306,  398,  128,  493,  512,  662,  709,  927,   84,  563,  391,  460,  398,  477, 1031,  974,  365,  609,  360,  862,  729,  516,  275],
        [  854,  854,  768,  757, 1003,  134,  503,  782,  708,  380,  568,  932,  757,  815,  143,  965,  528,  837,  919,  981,  702,  706,  141,  873,  784,  889,  931,  664,   12,  665,  629,  505,  112,  962,  849,    0,  623,  684,  916,  762,  627,  330,  863,  250,  626,  757,  921,  751,  190,  542,  981,  853,  919,  157,  775, 1047,  303,  439, 1212,  855,  509,  594,  701,  726,  922, 1147,  222,  140,  199,  820,  393, 1076,  512,  490,  651,  877,  143,  729,  469,  513,  291,  130,  356,  618],
        [  416,  416,  167,  193,  477,  550,  150,  227,  168,  388,   80,  426,  206,  573,  700,  343,  321,  824,  599,  533,  107,  364,  532,  277,  258,  765,  356,   74,  614,  648,  497,  333,  570,  539,  260,  623,    0,   64,  828,  303,  389,  497,  601,  606,  309,  553,  654,  131,  449,  359,  445,  436,  769,  747,  153,  530,  330,  461,  619,  248,  368,  251,  217,  136,  416,  565,  470,  486,  677,  276,  431,  471,  204,  277,  265,  816,  736,  423,  353,  111,  604,  515,  271,   19],
        [  380,  380,  138,  143,  423,  614,  213,  176,  133,  449,  123,  376,  160,  560,  756,  282,  373,  828,  573,  489,   99,  393,  588,  240,  254,  759,  296,   87,  675,  660,  505,  357,  633,  500,  229,  684,   64,    0,  824,  272,  430,  540,  583,  655,  310,  547,  634,   85,  507,  409,  390,  402,  759,  804,   93,  476,  387,  493,  555,  206,  390,  294,  192,  122,  367,  502,  533,  548,  729,  263,  492,  408,  235,  333,  258,  815,  794,  452,  383,  172,  650,  578,  330,   66],
        [  525,  525,  955,  724,  672,  977,  889,  708,  701, 1038,  763,  625,  704,  277,  844,  952, 1078,  113,  340,  534,  921, 1182,  784, 1036, 1077,   69,  755,  898,  917,  253,  348,  537,  975,  493, 1036,  916,  828,  824,    0,  581, 1179,  594,  277,  676,  519,  277,  263,  894,  785, 1117,  686,  496,   93,  894,  867,  667,  764,  502,  925,  996,  507, 1050,  639,  945,  625,  855,  978,  883,  764, 1084, 1085,  894,  656, 1016,  566,   48,  896, 1238,  545,  801,  634,  930,  775,  809],
        [  115,  115,  388,  147,  243,  737,  426,  128,  139,  651,  274,  170,  126,  306,  787,  380,  617,  608,  303,  242,  368,  663,  634,  458,  517,  513,  216,  357,  756,  472,  320,  278,  749,  241,  460,  762,  303,  272,  581,    0,  691,  505,  320,  639,  155,  310,  366,  325,  572,  656,  224,  133,  506,  842,  292,  286,  470,  410,  481,  418,  293,  553,   88,  387,  161,  408,  681,  649,  735,  518,  699,  379,  257,  565,  113,  581,  835,  722,  317,  342,  618,  691,  434,  287],
        [  804,  804,  379,  572,  847,  500,  290,  606,  556,  248,  430,  805,  589,  945,  757,  600,  113, 1153,  984,  918,  351,  100,  620,  426,  287, 1122,  710,  345,  616,  964,  832,  645,  524,  927,  398,  627,  389,  430, 1179,  691,    0,  702,  978,  752,  672,  915, 1034,  419,  545,   87,  813,  824, 1131,  783,  465,  900,  474,  726,  926,  437,  678,  138,  604,  350,  796,  891,  406,  505,  776,  323,  243,  776,  523,  173,  640, 1159,  769,  103,  645,  380,  772,  499,  434,  404],
        [  573,  573,  664,  553,  743,  385,  453,  568,  502,  497,  420,  669,  545,  492,  298,  803,  590,  525,  601,  691,  601,  745,  192,  773,  734,  562,  707,  564,  329,  342,  304,  227,  382,  666,  756,  330,  497,  540,  594,  505,  702,    0,  540,  136,  351,  431,  596,  622,  198,  622,  728,  566,  591,  354,  628,  779,  229,  115,  983,  743,  215,  606,  470,  630,  661,  911,  399,  294,  234,  761,  537,  867,  309,  530,  395,  557,  351,  789,  188,  402,  116,  339,  273,  484],
        [  249,  249,  706,  466,  399,  887,  693,  445,  453,  882,  549,  348,  446,   49,  834,  679,  888,  337,   81,  266,  681,  964,  723,  777,  834,  209,  479,  665,  861,  293,  237,  384,  892,  225,  780,  863,  601,  583,  277,  320,  978,  540,    0,  661,  309,  111,   61,  644,  695,  928,  410,  220,  192,  889,  612,  398,  634,  426,  657,  737,  366,  842,  392,  702,  349,  584,  862,  791,  761,  836,  931,  617,  467,  829,  339,  292,  887, 1023,  410,  601,  625,  838,  625,  583],
        [  708,  708,  771,  682,  878,  346,  537,  698,  630,  522,  532,  804,  675,  612,  174,  926,  641,  591,  726,  825,  706,  809,  147,  881,  827,  654,  840,  667,  253,  428,  425,  362,  334,  799,  862,  250,  606,  655,  676,  639,  752,  136,  661,    0,  486,  551,  714,  735,  209,  667,  863,  700,  688,  229,  745,  914,  296,  245, 1117,  853,  350,  676,  602,  734,  796, 1045,  392,  275,  102,  857,  554,  998,  431,  586,  529,  634,  228,  846,  322,  502,   42,  309,  353,  595],
        [  229,  229,  446,  245,  393,  618,  385,  245,  204,  577,  246,  318,  229,  274,  638,  504,  580,  519,  331,  355,  405,  666,  492,  539,  562,  457,  367,  380,  621,  354,  198,  126,  627,  339,  533,  626,  309,  310,  519,  155,  672,  351,  309,  486,    0,  246,  368,  387,  439,  620,  377,  228,  463,  694,  369,  430,  351,  255,  636,  500,  139,  538,  149,  430,  310,  563,  576,  525,  583,  572,  627,  530,  160,  521,   60,  508,  688,  723,  166,  294,  464,  570,  329,  291],
        [  278,  278,  679,  450,  452,  786,  626,  436,  425,  799,  491,  389,  430,   63,  724,  688,  819,  299,  183,  337,  644,  912,  617,  761,  801,  213,  503,  622,  755,  200,  128,  292,  789,  299,  759,  757,  553,  547,  277,  310,  915,  431,  111,  551,  246,    0,  165,  617,  592,  859,  455,  252,  217,  779,  591,  463,  540,  318,  716,  721,  270,  783,  362,  668,  387,  641,  767,  690,  651,  808,  848,  655,  394,  758,  290,  273,  777,  969,  313,  536,  515,  737,  537,  535],
        [  283,  283,  754,  512,  413,  946,  750,  489,  502,  941,  605,  371,  491,  107,  887,  712,  945,  340,   80,  272,  732, 1018,  781,  820,  883,  199,  508,  716,  919,  329,  292,  444,  951,  231,  824,  921,  654,  634,  263,  366, 1034,  596,   61,  714,  368,  165,    0,  691,  754,  985,  429,  254,  172,  942,  657,  405,  694,  483,  663,  780,  426,  898,  443,  752,  373,  592,  922,  850,  814,  883,  991,  637,  526,  887,  394,  286,  941, 1076,  469,  659,  677,  897,  685,  636],
        [  423,  423,   63,  181,  432,  672,  259,  209,  193,  484,  204,  398,  202,  625,  830,  220,  383,  904,  626,  520,   71,  364,  662,  156,  194,  828,  291,   95,  741,  739,  584,  441,  692,  536,  147,  751,  131,   85,  894,  325,  419,  622,  644,  735,  387,  617,  691,    0,  579,  415,  397,  449,  825,  877,   47,  484,  460,  577,  522,  122,  474,  293,  255,   72,  389,  478,  586,  613,  807,  193,  522,  371,  319,  356,  332,  888,  866,  422,  467,  241,  732,  639,  402,  141],
        [  666,  666,  605,  570,  813,  195,  350,  594,  520,  316,  387,  742,  569,  648,  252,  788,  434,  721,  744,  794,  538,  604,   86,  713,  641,  748,  743,  499,  184,  535,  468,  322,  198,  777,  691,  190,  449,  507,  785,  572,  545,  198,  695,  209,  439,  592,  754,  579,    0,  459,  791,  667,  774,  298,  599,  857,  120,  285, 1024,  690,  331,  475,  511,  565,  733,  958,  202,   99,  243,  674,  351,  890,  322,  381,  462,  750,  288,  640,  289,  339,  232,  146,  178,  442],
        [  770,  770,  387,  549,  831,  416,  236,  583,  526,  163,  385,  783,  564,  892,  671,  615,   40, 1086,  940,  890,  345,  170,  534,  453,  320, 1062,  700,  330,  531,  895,  769,  580,  440,  895,  424,  542,  359,  409, 1117,  656,   87,  622,  928,  667,  620,  859,  985,  415,  459,    0,  798,  788, 1074,  697,  460,  884,  394,  652,  935,  457,  612,  124,  568,  351,  773,  893,  321,  419,  690,  359,  163,  783,  465,  101,  593, 1095,  683,  188,  577,  327,  688,  413,  358,  372],
        [  180,  180,  448,  254,   35,  946,  591,  220,  291,  827,  450,   67,  243,  422, 1010,  313,  762,  743,  349,  168,  462,  760,  856,  468,  576,  619,  112,  470,  974,  647,  511,  501,  960,  204,  483,  981,  445,  390,  686,  224,  813,  728,  410,  863,  377,  455,  429,  397,  791,  798,    0,  204,  597, 1065,  351,   88,  683,  629,  267,  433,  515,  681,  282,  468,   72,  191,  882,  862,  958,  561,  873,  209,  470,  721,  336,  701, 1058,  818,  541,  521,  840,  902,  640,  435],
        [   30,   30,  510,  268,  203,  843,  557,  241,  271,  777,  405,  137,  248,  223,  860,  460,  749,  544,  181,  128,  497,  794,  719,  569,  642,  428,  260,  488,  848,  445,  316,  350,  854,  114,  575,  853,  436,  402,  496,  133,  824,  566,  220,  700,  228,  252,  254,  449,  667,  788,  204,    0,  412,  916,  411,  223,  575,  458,  467,  529,  353,  686,  221,  514,  135,  392,  796,  752,  800,  639,  826,  405,  369,  696,  215,  506,  911,  853,  388,  471,  673,  796,  546,  420],
        [  441,  441,  887,  651,  583,  968,  842,  633,  633, 1007,  708,  537,  631,  201,  860,  870, 1035,  187,  250,  443,  857, 1128,  783,  964, 1012,   42,  671,  837,  919,  262,  315,  500,  968,  402,  964,  919,  769,  759,   93,  506, 1131,  591,  192,  688,  463,  217,  172,  825,  774, 1074,  597,  412,    0,  912,  796,  576,  739,  489,  834,  924,  473,  999,  571,  880,  539,  764,  961,  873,  782, 1017, 1055,  805,  610,  973,  505,  124,  913, 1185,  514,  752,  647,  920,  743,  750],
        [  921,  921,  901,  860, 1084,  289,  641,  882,  809,  536,  684, 1011,  857,  841,   57, 1085,  682,  801,  953, 1042,  834,  860,  218, 1009,  928,  877, 1029,  796,  168,  651,  653,  569,  266, 1019,  985,  157,  747,  804,  894,  842,  783,  354,  889,  229,  694,  779,  942,  877,  298,  697, 1065,  916,  912,    0,  897, 1123,  418,  468, 1309,  987,  563,  744,  792,  860, 1002, 1241,  378,  285,  131,  963,  549, 1181,  607,  641,  730,  850,   15,  884,  530,  636,  267,  285,  476,  740],
        [  385,  385,  102,  146,  386,  702,  293,  170,  168,  523,  215,  354,  166,  595,  848,  191,  427,  882,  590,  477,  116,  410,  681,  171,  234,  800,  245,  135,  766,  723,  566,  435,  721,  494,  169,  775,  153,   93,  867,  292,  465,  628,  612,  745,  369,  591,  657,   47,  599,  460,  351,  411,  796,  897,    0,  438,  480,  574,  480,  132,  466,  339,  229,  118,  345,  434,  619,  639,  821,  228,  562,  330,  321,  398,  312,  863,  886,  467,  464,  263,  739,  667,  422,  158],
        [  209,  209,  535,  338,   54, 1019,  675,  304,  372,  910,  531,  116,  326,  420, 1068,  388,  848,  735,  327,  134,  550,  848,  918,  551,  663,  602,  197,  557, 1041,  661,  538,  556, 1033,  175,  567, 1047,  530,  476,  667,  286,  900,  779,  398,  914,  430,  463,  405,  484,  857,  884,   88,  223,  576, 1123,  438,    0,  754,  675,  260,  517,  565,  768,  355,  555,  126,  189,  959,  933, 1012,  646,  956,  253,  540,  806,  397,  687, 1117,  905,  595,  601,  889,  974,  714,  519],
        [  571,  571,  487,  455,  708,  268,  241,  480,  405,  279,  268,  638,  455,  589,  370,  668,  362,  715,  673,  701,  421,  519,  203,  597,  533,  718,  629,  382,  295,  524,  425,  251,  280,  688,  575,  303,  330,  387,  764,  470,  474,  229,  634,  296,  351,  540,  694,  460,  120,  394,  683,  575,  739,  418,  480,  754,    0,  270,  909,  573,  270,  383,  402,  448,  629,  845,  229,  180,  352,  563,  324,  773,  214,  302,  363,  735,  407,  562,  228,  220,  307,  222,   60,  323],
        [  467,  467,  625,  479,  642,  479,  453,  489,  431,  549,  382,  568,  468,  378,  412,  737,  617,  447,  487,  581,  568,  755,  300,  732,  713,  463,  620,  533,  438,  255,  191,  143,  480,  555,  718,  439,  461,  493,  502,  410,  726,  115,  426,  245,  255,  318,  483,  577,  285,  652,  629,  458,  489,  468,  574,  675,  270,    0,  890,  698,  118,  615,  389,  597,  561,  816,  477,  384,  345,  735,  594,  782,  259,  554,  306,  469,  465,  804,  111,  383,  215,  431,  295,  445],
        [  445,  445,  549,  455,  265, 1160,  767,  430,  505, 1002,  652,  333,  455,  677, 1256,  329,  904,  994,  586,  393,  592,  852, 1095,  513,  649,  861,  282,  615, 1204,  911,  778,  756, 1177,  434,  538, 1212,  619,  555,  925,  481,  926,  983,  657, 1117,  636,  716,  663,  522, 1024,  935,  267,  467,  834, 1309,  480,  260,  909,  890,    0,  493,  773,  811,  518,  584,  338,   76, 1085, 1084, 1209,  621, 1042,  152,  703,  878,  588,  946, 1301,  902,  795,  717, 1097, 1120,  859,  616],
        [  502,  502,   87,  273,  468,  766,  353,  292,  299,  556,  323,  452,  293,  723,  942,  164,  432, 1013,  710,  579,  154,  359,  775,   40,  158,  930,  321,  192,  845,  854,  698,  561,  788,  602,   51,  855,  248,  206,  996,  418,  437,  743,  737,  853,  500,  721,  780,  122,  690,  457,  433,  529,  924,  987,  132,  517,  573,  698,  493,    0,  594,  335,  361,  129,  445,  465,  676,  716,  923,  133,  588,  345,  440,  421,  444,  994,  975,  411,  588,  354,  851,  738,  513,  260],
        [  360,  360,  527,  364,  529,  522,  391,  372,  316,  535,  291,  455,  352,  321,  507,  623,  574,  477,  413,  480,  474,  692,  371,  629,  625,  456,  502,  441,  505,  289,  160,   35,  527,  457,  618,  509,  368,  390,  507,  293,  678,  215,  366,  350,  139,  270,  426,  474,  331,  612,  515,  353,  473,  563,  466,  565,  270,  118,  773,  594,    0,  555,  272,  502,  447,  701,  497,  426,  448,  643,  583,  665,  168,  511,  188,  483,  558,  745,   44,  309,  326,  473,  271,  351],
        [  666,  666,  264,  436,  715,  480,  164,  470,  418,  238,  294,  670,  453,  810,  710,  492,   97, 1030,  846,  782,  223,  140,  557,  334,  209,  991,  581,  211,  583,  843,  706,  521,  504,  790,  306,  594,  251,  294, 1050,  553,  138,  606,  842,  676,  538,  783,  898,  293,  475,  124,  681,  686,  999,  744,  339,  768,  383,  615,  811,  335,  555,    0,  466,  228,  661,  770,  384,  459,  716,  247,  260,  660,  395,  106,  504, 1032,  731,  191,  526,  249,  689,  466,  333,  267],
        [  203,  203,  318,   97,  307,  665,  339,  100,   63,  566,  187,  240,   81,  370,  738,  356,  529,  653,  384,  327,  290,  579,  579,  400,  443,  573,  238,  275,  694,  499,  342,  248,  679,  328,  398,  701,  217,  192,  639,   88,  604,  470,  392,  602,  149,  362,  443,  255,  511,  568,  282,  221,  571,  792,  229,  355,  402,  389,  518,  361,  272,  466,    0,  311,  231,  449,  604,  581,  693,  447,  614,  397,  189,  478,   90,  634,  784,  638,  285,  256,  586,  621,  360,  200],
        [  489,  489,   43,  247,  503,  638,  224,  276,  250,  433,  215,  468,  266,  680,  816,  269,  321,  949,  689,  589,   30,  293,  649,  149,  133,  880,  362,   68,  717,  778,  624,  468,  659,  604,  128,  726,  136,  122,  945,  387,  350,  630,  702,  734,  430,  668,  752,   72,  565,  351,  468,  514,  880,  860,  118,  555,  448,  597,  584,  129,  502,  228,  311,    0,  459,  544,  548,  587,  800,  143,  468,  433,  339,  301,  379,  937,  848,  351,  489,  233,  735,  609,  389,  152],
        [  110,  110,  445,  225,   83,  894,  557,  191,  253,  790,  410,   11,  210,  357,  946,  346,  736,  678,  294,  135,  450,  751,  795,  482,  577,  557,  138,  451,  916,  577,  440,  435,  908,  161,  493,  922,  416,  367,  625,  161,  796,  661,  349,  796,  310,  387,  373,  389,  733,  773,   72,  135,  539, 1002,  345,  126,  629,  561,  338,  445,  447,  661,  231,  459,    0,  263,  834,  808,  893,  567,  837,  271,  415,  691,  273,  638,  995,  809,  475,  480,  773,  849,  589,  404],
        [  370,  370,  512,  392,  190, 1099,  714,  365,  440,  951,  592,  258,  390,  603, 1187,  305,  861,  921,  515,  322,  548,  822, 1028,  489,  622,  789,  217,  568, 1139,  836,  702,  684, 1116,  363,  512, 1147,  565,  502,  855,  408,  891,  911,  584, 1045,  563,  641,  592,  478,  958,  893,  191,  392,  764, 1241,  434,  189,  845,  816,   76,  465,  701,  770,  449,  544,  263,    0, 1027, 1021, 1139,  596,  993,  124,  636,  831,  517,  874, 1233,  874,  724,  659, 1025, 1058,  797,  560],
        [  788,  788,  591,  637,  910,   97,  328,  667,  593,  159,  436,  844,  642,  817,  356,  806,  310,  919,  901,  919,  527,  487,  246,  689,  584,  937,  812,  493,  211,  731,  648,  479,  121,  909,  662,  222,  470,  533,  978,  681,  406,  399,  862,  392,  576,  767,  922,  586,  202,  321,  882,  796,  961,  378,  619,  959,  229,  477, 1085,  676,  497,  384,  604,  548,  834, 1027,    0,  118,  388,  622,  174,  940,  427,  279,  581,  946,  364,  508,  454,  369,  423,   95,  250,  471],
        [  749,  749,  629,  630,  887,   97,  364,  657,  582,  261,  436,  818,  632,  744,  254,  829,  401,  818,  837,  878,  563,  577,  129,  734,  646,  847,  805,  525,  130,  633,  566,  414,  103,  863,  709,  140,  486,  548,  883,  649,  505,  294,  791,  275,  525,  690,  850,  613,   99,  419,  862,  752,  873,  285,  639,  933,  180,  384, 1084,  716,  426,  459,  581,  587,  808, 1021,  118,    0,  275,  681,  286,  945,  394,  357,  541,  848,  272,  605,  383,  377,  307,   48,  226,  483],
        [  807,  807,  838,  768,  975,  320,  591,  787,  717,  535,  607,  901,  763,  713,   81, 1006,  669,  674,  827,  925,  772,  843,  160,  948,  883,  747,  931,  733,  206,  520,  526,  458,  303,  899,  927,  199,  677,  729,  764,  735,  776,  234,  761,  102,  583,  651,  814,  807,  243,  690,  958,  800,  782,  131,  821, 1012,  352,  345, 1209,  923,  448,  716,  693,  800,  893, 1139,  388,  275,    0,  914,  560, 1087,  515,  619,  623,  721,  132,  875,  418,  569,  137,  296,  412,  667],
        [  612,  612,  131,  373,  596,  717,  325,  398,  385,  484,  354,  575,  393,  817,  922,  293,  342, 1090,  817,  700,  170,  236,  759,  109,   39, 1019,  450,  203,  809,  920,  766,  608,  740,  720,   84,  820,  276,  263, 1084,  518,  323,  761,  836,  857,  572,  808,  883,  193,  674,  359,  561,  639, 1017,  963,  228,  646,  563,  735,  621,  133,  643,  247,  447,  143,  567,  596,  622,  681,  914,    0,  507,  474,  478,  348,  520, 1077,  950,  283,  628,  360,  861,  696,  505,  293],
        [  813,  813,  509,  620,  904,  262,  282,  653,  585,   50,  428,  847,  630,  890,  529,  736,  167, 1039,  957,  940,  454,  333,  411,  591,  468, 1037,  787,  428,  382,  847,  742,  557,  286,  938,  563,  393,  431,  492, 1085,  699,  243,  537,  931,  554,  627,  848,  991,  522,  351,  163,  873,  826, 1055,  549,  562,  956,  324,  594, 1042,  588,  583,  260,  614,  468,  837,  993,  174,  286,  560,  507,    0,  892,  467,  168,  615, 1057,  535,  344,  542,  359,  582,  268,  312,  439],
        [  378,  378,  398,  321,  227, 1017,  619,  301,  373,  852,  510,  270,  325,  627, 1128,  183,  753,  948,  557,  372,  440,  703,  965,  367,  502,  826,  164,  464, 1068,  839,  694,  643, 1036,  410,  391, 1076,  471,  408,  894,  379,  776,  867,  617,  998,  530,  655,  637,  371,  890,  783,  209,  405,  805, 1181,  330,  253,  773,  782,  152,  345,  665,  660,  397,  433,  271,  124,  940,  945, 1087,  474,  892,    0,  574,  727,  477,  908, 1172,  755,  681,  573,  982,  979,  721,  470],
        [  362,  362,  367,  254,  494,  481,  234,  275,  202,  418,  125,  424,  250,  429,  555,  496,  426,  638,  490,  492,  310,  529,  392,  474,  459,  599,  422,  276,  505,  454,  312,  133,  494,  482,  460,  512,  204,  235,  656,  257,  523,  309,  467,  431,  160,  394,  526,  319,  322,  465,  470,  369,  610,  607,  321,  540,  214,  259,  703,  440,  168,  395,  189,  339,  415,  636,  427,  394,  515,  478,  467,  574,    0,  365,  154,  638,  599,  584,  150,  146,  422,  435,  178,  187],
        [  680,  680,  341,  469,  753,  375,  140,  503,  440,  137,  292,  701,  482,  793,  609,  569,   64,  986,  844,  803,  288,  224,  460,  426,  310,  961,  629,  264,  479,  795,  668,  479,  399,  805,  398,  490,  277,  333, 1016,  565,  173,  530,  829,  586,  521,  758,  887,  356,  381,  101,  721,  696,  973,  641,  398,  806,  302,  554,  878,  421,  511,  106,  478,  301,  691,  831,  279,  357,  619,  348,  168,  727,  365,    0,  497,  994,  628,  261,  476,  230,  603,  361,  261,  288],
