{
    "name": "grubhub-05-8",
    "comment": "size=5 instance=8",
    "nodes": ["+0", "-0", "+1", "-1", "+2", "-2", "+3", "-3", "+4", "-4", "+5", "-5"],
    "precedence": {
        "+0": "-0",
        "+1": "-1",
        "+2": "-2",
        "+3": "-3",
        "+4": "-4",
        "+5": "-5"
    },
    "edges": [
        [    0,    0, 1704, 1724,  920, 1348,  609,  838, 1539, 1294, 1545, 1670],
        [    0,    0,    0,    0,    0,    0,    0,    0,    0,    0,    0,    0],
        [ 1704,    0,    0,  282,  861,  748, 1165, 1028,  761,  817,  177,  609],
        [ 1724,    0,  282,    0,  966,  899, 1305, 1133,  924, 1038,  171,  704],
        [  920,    0,  861,  966,    0,  583,  438,  204,  756,  955,  700, 1354],
        [ 1348,    0,  748,  899,  583,    0,  822,  667,  242,  553,  788,  916],
        [  609,    0, 1165, 1305,  438,  822,    0,  371, 1122, 1284, 1047, 1648],
        [  838,    0, 1028, 1133,  204,  667,  371,    0,  844,  995,  840, 1359],
        [ 1539,    0,  761,  924,  756,  242, 1122,  844,    0,  476,  808,  840],
        [ 1294,    0,  817, 1038,  955,  553, 1284,  995,  476,    0,  802,  669],
        [ 1545,    0,  177,  171,  700,  788, 1047,  840,  808,  802,    0,  654],
        [ 1670,    0,  609,  704, 1354,  916, 1648, 1359,  840,  669,  654,    0]
    ]
}
