{
    "name": "grubhub-05-6",
    "comment": "size=5 instance=6",
    "nodes": ["+0", "-0", "+1", "-1", "+2", "-2", "+3", "-3", "+4", "-4", "+5", "-5"],
    "precedence": {
        "+0": "-0",
        "+1": "-1",
        "+2": "-2",
        "+3": "-3",
        "+4": "-4",
        "+5": "-5"
    },
    "edges": [
        [    0,    0,  614,  714,  655,  580,  382,  435, 1315, 1342, 1095,  558],
        [    0,    0,    0,    0,    0,    0,    0,    0,    0,    0,    0,    0],
        [  614,    0,    0,  793,  886,  690,  739,  685, 1020, 1165, 1064,  374],
        [  714,    0,  793,    0,  231,  657,  697,  849, 1370, 1588, 1436, 1058],
        [  655,    0,  886,  231,    0,  620,  538,  691, 1365, 1715, 1277,  900],
        [  580,    0,  690,  657,  620,    0,  556,  450, 1272, 1300, 1047,  516],
        [  382,    0,  739,  697,  538,  556,    0,  153, 1311, 1338,  773,  362],
        [  435,    0,  685,  849,  691,  450,  153,    0, 1296, 1324,  782,  347],
        [ 1315,    0, 1020, 1370, 1365, 1272, 1311, 1296,    0,  481, 1214,  949],
        [ 1342,    0, 1165, 1588, 1715, 1300, 1338, 1324,  481,    0, 1073,  988],
        [ 1095,    0, 1064, 1436, 1277, 1047,  773,  782, 1214, 1073,    0,  736],
        [  558,    0,  374, 1058,  900,  516,  362,  347,  949,  988,  736,    0]
    ]
}
