{
    "name": "grubhub-04-8",
    "comment": "size=4 instance=8",
    "nodes": ["+0", "-0", "+1", "-1", "+2", "-2", "+3", "-3", "+4", "-4"],
    "precedence": {
        "+0": "-0",
        "+1": "-1",
        "+2": "-2",
        "+3": "-3",
        "+4": "-4"
    },
    "edges": [
        [    0,    0,  668, 1021,  419,  594,  645,  877,  155,  129],
        [    0,    0,    0,    0,    0,    0,    0,    0,    0,    0],
        [  668,    0,    0,  769, 1062, 1185, 1067, 1298,  810,  773],
        [ 1021,    0,  769,    0, 1443, 1520, 1306, 1375, 1192, 1154],
        [  419,    0, 1062, 1443,    0,  556,  498,  729,  253,  538],
        [  594,    0, 1185, 1520,  556,    0,  798, 1023,  507,  564],
        [  645,    0, 1067, 1306,  498,  798,    0,  326,  511,  777],
        [  877,    0, 1298, 1375,  729, 1023,  326,    0,  685,  951],
        [  155,    0,  810, 1192,  253,  507,  511,  685,    0,  321],
        [  129,    0,  773, 1154,  538,  564,  777,  951,  321,    0]
    ]
}
