{
    "name": "grubhub-03-3",
    "comment": "size=3 instance=3",
    "nodes": ["+0", "-0", "+1", "-1", "+2", "-2", "+3", "-3"],
    "precedence": {
        "+0": "-0",
        "+1": "-1",
        "+2": "-2",
        "+3": "-3"
    },
    "edges": [
        [    0,    0,  968,  711,  871, 1208, 1155,  623],
        [    0,    0,    0,    0,    0,    0,    0,    0],
        [  968,    0,    0,  456,  700,  682,  340,  467],
        [  711,    0,  456,    0,  287,  574,  764,  461],
        [  871,    0,  700,  287,    0,  419,  723,  770],
        [ 1208,    0,  682,  574,  419,    0,  685,  965],
        [ 1155,    0,  340,  764,  723,  685,    0,  708],
        [  623,    0,  467,  461,  770,  965,  708,    0]
    ]
}
