{
    "name": "grubhub-04-9",
    "comment": "size=4 instance=9",
    "nodes": ["+0", "-0", "+1", "-1", "+2", "-2", "+3", "-3", "+4", "-4"],
    "precedence": {
        "+0": "-0",
        "+1": "-1",
        "+2": "-2",
        "+3": "-3",
        "+4": "-4"
    },
    "edges": [
        [    0,    0, 1117,  861,  880,  977, 1343, 1635,  566,  987],
        [    0,    0,    0,    0,    0,    0,    0,    0,    0,    0],
        [ 1117,    0,    0,  275,  449,  411,  343,  630,  839,  964],
        [  861,    0,  275,    0,  254,  195,  614,  906,  624,  748],
        [  880,    0,  449,  254,    0,  274,  782,  988,  601,  726],
        [  977,    0,  411,  195,  274,    0,  701,  993,  499,  624],
        [ 1343,    0,  343,  614,  782,  701,    0,  654, 1087, 1212],
        [ 1635,    0,  630,  906,  988,  993,  654,    0, 1281, 1094],
        [  566,    0,  839,  624,  601,  499, 1087, 1281,    0,  800],
        [  987,    0,  964,  748,  726,  624, 1212, 1094,  800,    0]
    ]
}
