{
    "name": "grubhub-06-1",
    "comment": "size=6 instance=1",
    "nodes": ["+0", "-0", "+1", "-1", "+2", "-2", "+3", "-3", "+4", "-4", "+5", "-5", "+6", "-6"],
    "precedence": {
        "+0": "-0",
        "+1": "-1",
        "+2": "-2",
        "+3": "-3",
        "+4": "-4",
        "+5": "-5",
        "+6": "-6"
    },
    "edges": [
        [    0,    0,  637,  801,  741,  717,  266,  298,  568,  887,  336,  650,  824,  471],
        [    0,    0,    0,    0,    0,    0,    0,    0,    0,    0,    0,    0,    0,    0],
        [  637,    0,    0,  755, 1161, 1145,  592,  450, 1062, 1376,  742,  695,  994,  235],
        [  801,    0,  755,    0,  660,  595,  498,  905,  910, 1048,  736,  126,  359,  681],
        [  741,    0, 1161,  660,    0,  105,  648, 1048,  808,  631,  897,  598,  624,  921],
        [  717,    0, 1145,  595,  105,    0,  588,  976,  776,  705,  826,  527,  563,  850],
        [  266,    0,  592,  498,  648,  588,    0,  469,  568,  887,  455,  536,  719,  417],
        [  298,    0,  450,  905, 1048,  976,  469,    0,  790, 1103,  469,  943, 1149,  385],
        [  568,    0, 1062,  910,  808,  776,  568,  790,    0,  388,  611,  911,  959, 1068],
        [  887,    0, 1376, 1048,  631,  705,  887, 1103,  388,    0, 1008, 1150, 1138, 1374],
        [  336,    0,  742,  736,  897,  826,  455,  469,  611, 1008,    0,  737,  912,  648],
        [  650,    0,  695,  126,  598,  527,  536,  943,  911, 1150,  737,    0,  234,  700],
        [  824,    0,  994,  359,  624,  563,  719, 1149,  959, 1138,  912,  234,    0,  890],
        [  471,    0,  235,  681,  921,  850,  417,  385, 1068, 1374,  648,  700,  890,    0]
    ]
}
