{
    "name": "grubhub-06-2",
    "comment": "size=6 instance=2",
    "nodes": ["+0", "-0", "+1", "-1", "+2", "-2", "+3", "-3", "+4", "-4", "+5", "-5", "+6", "-6"],
    "precedence": {
        "+0": "-0",
        "+1": "-1",
        "+2": "-2",
        "+3": "-3",
        "+4": "-4",
        "+5": "-5",
        "+6": "-6"
    },
    "edges": [
        [    0,    0, 1052,  835,  586,  809,  741,  959,  438, 1097,  966,  812,  669,  889],
        [    0,    0,    0,    0,    0,    0,    0,    0,    0,    0,    0,    0,    0,    0],
        [ 1052,    0,    0,  564, 1504, 1515,  462,  689,  883,  583,  406,  260,  808, 1066],
        [  835,    0,  564,    0, 1252, 1054,  336,  383,  701,  425,  335,  529, 1169, 1449],
        [  586,    0, 1504, 1252,    0,  506, 1157, 1243,  818, 1513, 1382, 1228, 1132, 1351],
        [  809,    0, 1515, 1054,  506,    0, 1276, 1072,  887, 1512, 1439, 1347, 1335, 1554],
        [  741,    0,  462,  336, 1157, 1276,    0,  624,  621,  356,  225,  380, 1020, 1312],
        [  959,    0,  689,  383, 1243, 1072,  624,    0,  882,  356,  428,  666, 1098, 1148],
        [  438,    0,  883,  701,  818,  887,  621,  882,    0,  884,  753,  599,  748, 1166],
        [ 1097,    0,  583,  425, 1513, 1512,  356,  356,  884,    0,  218,  450, 1083, 1355],
        [  966,    0,  406,  335, 1382, 1439,  225,  428,  753,  218,    0,  232,  865, 1191],
        [  812,    0,  260,  529, 1228, 1347,  380,  666,  599,  450,  232,    0,  799, 1043],
        [  669,    0,  808, 1169, 1132, 1335, 1020, 1098,  748, 1083,  865,  799,    0,  533],
        [  889,    0, 1066, 1449, 1351, 1554, 1312, 1148, 1166, 1355, 1191, 1043,  533,    0]
    ]
}
