{
    "name": "grubhub-03-2",
    "comment": "size=3 instance=2",
    "nodes": ["+0", "-0", "+1", "-1", "+2", "-2", "+3", "-3"],
    "precedence": {
        "+0": "-0",
        "+1": "-1",
        "+2": "-2",
        "+3": "-3"
    },
    "edges": [
        [    0,    0,  739,  406,  353,  753, 1253, 1100],
        [    0,    0,    0,    0,    0,    0,    0,    0],
        [  739,    0,    0,  582,  702,  419,  672,  519],
        [  406,    0,  582,    0,  344,  701, 1164, 1048],
        [  353,    0,  702,  344,    0,  474,  973,  820],
        [  753,    0,  419,  701,  474,    0,  835,  626],
        [ 1253,    0,  672, 1164,  973,  835,    0,  287],
        [ 1100,    0,  519, 1048,  820,  626,  287,    0]
    ]
}
