{
    "name": "grubhub-03-4",
    "comment": "size=3 instance=4",
    "nodes": ["+0", "-0", "+1", "-1", "+2", "-2", "+3", "-3"],
    "precedence": {
        "+0": "-0",
        "+1": "-1",
        "+2": "-2",
        "+3": "-3"
    },
    "edges": [
        [    0,    0,  593,  724,  941,  911,  371,  418],
        [    0,    0,    0,    0,    0,    0,    0,    0],
        [  593,    0,    0,  291,  480,  957,  425,  528],
        [  724,    0,  291,    0,  246,  715,  503,  650],
        [  941,    0,  480,  246,    0,  860,  761,  901],
        [  911,    0,  957,  715,  860,    0,  952, 1091],
        [  371,    0,  425,  503,  761,  952,    0,  418],
        [  418,    0,  528,  650,  901, 1091,  418,    0]
    ]
}
