{
    "name": "grubhub-04-6",
    "comment": "size=4 instance=6",
    "nodes": ["+0", "-0", "+1", "-1", "+2", "-2", "+3", "-3", "+4", "-4"],
    "precedence": {
        "+0": "-0",
        "+1": "-1",
        "+2": "-2",
        "+3": "-3",
        "+4": "-4"
    },
    "edges": [
        [    0,    0,  905, 1362, 1420, 1116, 1624, 1516, 1033, 1255],
        [    0,    0,    0,    0,    0,    0,    0,    0,    0,    0],
        [  905,    0,    0,  613,  895,  379,  922, 1174,  284, 1231],
        [ 1362,    0,  613,    0,  476,  323,  406,  582,  324,  873],
        [ 1420,    0,  895,  476,    0,  672,  435,  392,  732,  571],
        [ 1116,    0,  379,  323,  672,    0,  686,  862,  100, 1065],
        [ 1624,    0,  922,  406,  435,  686,    0,  251,  627,  733],
        [ 1516,    0, 1174,  582,  392,  862,  251,    0,  795,  607],
        [ 1033,    0,  284,  324,  732,  100,  627,  795,    0, 1095],
        [ 1255,    0, 1231,  873,  571, 1065,  733,  607, 1095,    0]
    ]
}
