{
    "name": "prob5c",
    "comment": "data-set-1/json/prob5c.json",
    "nodes": ["+0", "-0", "+2", "-2", "+3", "-3", "+4", "-4", "+5", "-5", "+6", "-6"],
    "precedence": {
        "+0": "-0",
        "+2": "-2",
        "+3": "-3",
        "+4": "-4",
        "+5": "-5",
        "+6": "-6"
    },
    "edges": [
        [0, 0, 760, 244, 493, 720, 873, 807, 378, 643, 1053, 483],
        [0, 0, 760, 244, 493, 720, 873, 807, 378, 643, 1053, 483],
        [760, 760, 0, 741, 284, 686, 138, 339, 392, 676, 295, 659],
        [244, 244, 741, 0, 458, 900, 873, 886, 434, 421, 1014, 260],
        [493, 493, 284, 458, 0, 672, 415, 482, 179, 481, 567, 414],
        [720, 720, 686, 900, 672, 0, 683, 409, 531, 1131, 899, 1019],
        [873, 873, 138, 873, 415, 683, 0, 288, 497, 810, 222, 797],
        [807, 807, 339, 886, 482, 409, 288, 0, 454, 955, 495, 895],
        [378, 378, 392, 434, 179, 531, 497, 454, 0, 600, 687, 492],
        [643, 643, 676, 421, 481, 1131, 810, 955, 600, 0, 861, 161],
        [1053, 1053, 295, 1014, 567, 899, 222, 495, 687, 861, 0, 888],
        [483, 483, 659, 260, 414, 1019, 797, 895, 492, 161, 888, 0]
    ]
}
