{
    "name": "prob5a",
    "comment": "data-set-1/json/prob5a.json",
    "nodes": ["+0", "-0", "+2", "-2", "+3", "-3", "+4", "-4", "+5", "-5", "+6", "-6"],
    "precedence": {
        "+0": "-0",
        "+2": "-2",
        "+3": "-3",
        "+4": "-4",
        "+5": "-5",
        "+6": "-6"
    },
    "edges": [
        [0, 0, 802, 400, 691, 957, 556, 592, 713, 827, 331, 629],
        [0, 0, 802, 400, 691, 957, 556, 592, 713, 827, 331, 629],
        [802, 802, 0, 753, 429, 216, 920, 277, 90, 198, 539, 247],
        [400, 400, 753, 0, 436, 823, 928, 477, 687, 678, 554, 511],
        [691, 691, 429, 436, 0, 415, 1057, 216, 408, 279, 610, 217],
        [957, 957, 216, 823, 415, 0, 1132, 371, 292, 145, 732, 334],
        [556, 556, 920, 928, 1057, 1132, 0, 869, 840, 1052, 448, 892],
        [592, 592, 277, 477, 216, 371, 869, 0, 222, 235, 426, 37],
        [713, 713, 90, 687, 408, 292, 840, 222, 0, 233, 449, 201],
        [827, 827, 198, 678, 279, 145, 1052, 235, 233, 0, 629, 198],
        [331, 331, 539, 554, 610, 732, 448, 426, 449, 629, 0, 452],
        [629, 629, 247, 511, 217, 334, 892, 37, 201, 198, 452, 0]
    ]
}
