{
    "name": "prob15a",
    "comment": "data-set-1/json/prob15a.json",
    "nodes": ["+0", "-0", "+2", "-2", "+3", "-3", "+4", "-4", "+5", "-5", "+6", "-6", "+7", "-7", "+8", "-8", "+9", "-9", "+10", "-10", "+11", "-11", "+12", "-12", "+13", "-13", "+14", "-14", "+15", "-15", "+16", "-16"],
    "precedence": {
        "+0": "-0",
        "+2": "-2",
        "+3": "-3",
        "+4": "-4",
        "+5": "-5",
        "+6": "-6",
        "+7": "-7",
        "+8": "-8",
        "+9": "-9",
        "+10": "-10",
        "+11": "-11",
        "+12": "-12",
        "+13": "-13",
        "+14": "-14",
        "+15": "-15",
        "+16": "-16"
    },
    "edges": [
        [0, 0, 723, 361, 455, 396, 675, 753, 247, 313, 440, 426, 733, 683, 482, 785, 263, 400, 218, 308, 544, 117, 165, 617, 390, 643, 743, 429, 279, 184, 489, 536],
        [0, 0, 723, 361, 455, 396, 675, 753, 247, 313, 440, 426, 733, 683, 482, 785, 263, 400, 218, 308, 544, 117, 165, 617, 390, 643, 743, 429, 279, 184, 489, 536],
        [723, 723, 0, 492, 861, 695, 788, 333, 509, 481, 288, 307, 891, 828, 305, 969, 845, 789, 568, 447, 774, 780, 715, 630, 910, 658, 130, 650, 784, 583, 856, 208],
        [361, 361, 492, 0, 737, 612, 851, 677, 329, 382, 302, 314, 937, 875, 188, 1005, 370, 666, 143, 327, 756, 353, 463, 733, 713, 766, 569, 182, 581, 356, 758, 388],
        [455, 455, 861, 737, 0, 165, 308, 696, 423, 405, 611, 583, 319, 293, 763, 350, 707, 75, 616, 458, 173, 562, 294, 362, 126, 366, 807, 861, 175, 381, 43, 657],
        [396, 396, 695, 612, 165, 0, 279, 543, 285, 251, 451, 423, 341, 288, 613, 400, 658, 97, 508, 308, 151, 512, 236, 254, 241, 272, 643, 756, 172, 265, 164, 492],
        [675, 675, 788, 851, 308, 279, 0, 523, 527, 469, 621, 594, 103, 43, 806, 181, 937, 308, 767, 524, 143, 791, 515, 158, 434, 133, 694, 1011, 433, 530, 267, 619],
        [753, 753, 333, 677, 696, 543, 523, 0, 507, 442, 378, 371, 623, 566, 528, 697, 957, 639, 687, 448, 559, 847, 672, 373, 784, 391, 207, 858, 688, 572, 676, 292],
        [247, 247, 509, 329, 423, 285, 527, 507, 0, 73, 223, 201, 609, 548, 343, 676, 467, 349, 242, 65, 427, 344, 207, 425, 429, 457, 507, 484, 293, 75, 438, 306],
        [313, 313, 481, 382, 405, 251, 469, 442, 73, 0, 208, 182, 557, 494, 362, 627, 540, 330, 310, 57, 381, 415, 243, 358, 433, 390, 463, 545, 303, 130, 413, 273],
        [440, 440, 288, 302, 611, 451, 621, 378, 223, 208, 0, 28, 719, 653, 189, 794, 596, 536, 318, 164, 563, 508, 430, 479, 640, 512, 307, 483, 508, 296, 615, 101],
        [426, 426, 307, 314, 583, 423, 594, 371, 201, 182, 28, 0, 691, 626, 214, 766, 594, 508, 318, 140, 535, 500, 408, 453, 614, 486, 317, 496, 483, 276, 587, 110],
        [733, 733, 891, 937, 319, 341, 103, 623, 609, 557, 719, 691, 0, 65, 902, 78, 995, 342, 845, 613, 190, 848, 569, 261, 443, 235, 797, 1091, 472, 603, 276, 721],
        [683, 683, 828, 875, 293, 288, 43, 566, 548, 494, 653, 626, 65, 0, 837, 142, 946, 303, 786, 550, 141, 799, 521, 199, 419, 175, 736, 1031, 431, 546, 250, 655],
        [482, 482, 305, 188, 763, 613, 806, 528, 343, 362, 189, 214, 902, 837, 0, 976, 551, 688, 287, 306, 738, 509, 532, 667, 770, 700, 392, 348, 634, 401, 774, 239],
        [785, 785, 969, 1005, 350, 400, 181, 697, 676, 627, 794, 766, 78, 142, 976, 0, 1045, 386, 908, 684, 251, 898, 620, 339, 466, 312, 874, 1155, 515, 665, 308, 798],
        [263, 263, 845, 370, 707, 658, 937, 957, 467, 540, 596, 594, 995, 946, 551, 1045, 0, 659, 280, 515, 806, 147, 426, 873, 624, 901, 899, 312, 533, 426, 744, 696],
        [400, 400, 789, 666, 75, 97, 308, 639, 349, 330, 536, 508, 342, 303, 688, 386, 659, 0, 548, 383, 166, 512, 236, 327, 149, 338, 740, 795, 129, 310, 93, 584],
        [218, 218, 568, 143, 616, 508, 767, 687, 242, 310, 318, 318, 845, 786, 287, 908, 280, 548, 0, 268, 657, 222, 330, 667, 580, 699, 620, 248, 451, 243, 641, 417],
        [308, 308, 447, 327, 458, 308, 524, 448, 65, 57, 164, 140, 613, 550, 306, 684, 515, 383, 268, 0, 439, 399, 269, 407, 478, 440, 442, 495, 345, 139, 468, 243],
        [544, 544, 774, 756, 173, 151, 143, 559, 427, 381, 563, 535, 190, 141, 738, 251, 806, 166, 657, 439, 0, 659, 381, 199, 297, 197, 699, 904, 291, 415, 136, 583],
        [117, 117, 780, 353, 562, 512, 791, 847, 344, 415, 508, 500, 848, 799, 509, 898, 147, 512, 222, 399, 659, 0, 279, 732, 484, 759, 815, 370, 387, 292, 598, 608],
        [165, 165, 715, 463, 294, 236, 515, 672, 207, 243, 430, 408, 569, 521, 532, 620, 426, 236, 330, 269, 381, 279, 0, 473, 250, 497, 705, 570, 122, 135, 326, 510],
        [617, 617, 630, 733, 362, 254, 158, 373, 425, 358, 479, 453, 261, 199, 667, 339, 873, 327, 667, 407, 199, 732, 473, 0, 475, 33, 536, 902, 426, 448, 331, 466],
        [390, 390, 910, 713, 126, 241, 434, 784, 429, 433, 640, 614, 443, 419, 770, 466, 624, 149, 580, 478, 297, 484, 250, 475, 0, 483, 872, 815, 136, 370, 169, 702],
        [643, 643, 658, 766, 366, 272, 133, 391, 457, 390, 512, 486, 235, 175, 700, 312, 901, 338, 699, 440, 197, 759, 497, 33, 483, 0, 562, 935, 443, 477, 333, 498],
        [743, 743, 130, 569, 807, 643, 694, 207, 507, 463, 307, 317, 797, 736, 392, 874, 899, 740, 620, 442, 699, 815, 705, 536, 872, 562, 0, 739, 755, 582, 796, 208],
        [429, 429, 650, 182, 861, 756, 1011, 858, 484, 545, 483, 496, 1091, 1031, 348, 1155, 312, 795, 248, 495, 904, 370, 570, 902, 815, 935, 739, 0, 692, 491, 888, 567],
        [279, 279, 784, 581, 175, 172, 433, 688, 293, 303, 508, 483, 472, 431, 634, 515, 533, 129, 451, 345, 291, 387, 122, 426, 136, 443, 755, 692, 0, 234, 211, 576],
        [184, 184, 583, 356, 381, 265, 530, 572, 75, 130, 296, 276, 603, 546, 401, 665, 426, 310, 243, 139, 415, 292, 135, 448, 370, 477, 582, 491, 234, 0, 402, 381],
        [489, 489, 856, 758, 43, 164, 267, 676, 438, 413, 615, 587, 276, 250, 774, 308, 744, 93, 641, 468, 136, 598, 326, 331, 169, 333, 796, 888, 211, 402, 0, 655],
        [536, 536, 208, 388, 657, 492, 619, 292, 306, 273, 101, 110, 721, 655, 239, 798, 696, 584, 417, 243, 583, 608, 510, 466, 702, 498, 208, 567, 576, 381, 655, 0]
    ]
}
