{
    "name": "prob20b",
    "comment": "data-set-1/json/prob20b.json",
    "nodes": ["+0", "-0", "+2", "-2", "+3", "-3", "+4", "-4", "+5", "-5", "+6", "-6", "+7", "-7", "+8", "-8", "+9", "-9", "+10", "-10", "+11", "-11", "+12", "-12", "+13", "-13", "+14", "-14", "+15", "-15", "+16", "-16", "+17", "-17", "+18", "-18", "+19", "-19", "+20", "-20", "+21", "-21"],
    "precedence": {
        "+0": "-0",
        "+2": "-2",
        "+3": "-3",
        "+4": "-4",
        "+5": "-5",
        "+6": "-6",
        "+7": "-7",
        "+8": "-8",
        "+9": "-9",
        "+10": "-10",
        "+11": "-11",
        "+12": "-12",
        "+13": "-13",
        "+14": "-14",
        "+15": "-15",
        "+16": "-16",
        "+17": "-17",
        "+18": "-18",
        "+19": "-19",
        "+20": "-20",
        "+21": "-21"
    },
    "edges": [
        [0, 0, 329, 736, 657, 778, 885, 572, 467, 975, 656, 659, 484, 521, 559, 610, 613, 894, 976, 502, 699, 266, 631, 665, 360, 907, 749, 393, 927, 1052, 963, 682, 615, 556, 475, 660, 586, 210, 214, 685, 308, 893],
        [0, 0, 329, 736, 657, 778, 885, 572, 467, 975, 656, 659, 484, 521, 559, 610, 613, 894, 976, 502, 699, 266, 631, 665, 360, 907, 749, 393, 927, 1052, 963, 682, 615, 556, 475, 660, 586, 210, 214, 685, 308, 893],
        [329, 329, 0, 612, 427, 475, 557, 354, 495, 765, 721, 345, 185, 229, 636, 328, 391, 565, 821, 511, 370, 163, 390, 525, 361, 659, 487, 83, 762, 885, 634, 682, 626, 683, 210, 391, 492, 172, 388, 471, 326, 584],
        [736, 736, 612, 0, 267, 490, 811, 286, 334, 304, 393, 782, 728, 765, 399, 408, 269, 785, 243, 297, 647, 759, 300, 88, 382, 349, 342, 549, 203, 321, 828, 261, 275, 497, 784, 363, 151, 560, 570, 220, 431, 569],
        [657, 657, 427, 267, 0, 239, 547, 84, 428, 339, 589, 522, 496, 527, 553, 146, 44, 524, 413, 407, 381, 589, 40, 193, 382, 250, 114, 348, 350, 467, 571, 479, 460, 644, 557, 96, 256, 449, 560, 52, 408, 340],
        [778, 778, 475, 490, 239, 0, 327, 284, 655, 424, 827, 392, 449, 462, 787, 175, 264, 298, 565, 639, 219, 628, 224, 428, 584, 269, 150, 395, 504, 593, 337, 718, 699, 876, 513, 157, 494, 573, 737, 274, 596, 118],
        [885, 885, 557, 811, 547, 327, 0, 562, 915, 737, 1114, 254, 419, 398, 1059, 425, 558, 41, 889, 909, 201, 655, 520, 740, 813, 579, 477, 508, 829, 911, 89, 1018, 989, 1136, 459, 452, 789, 714, 920, 590, 807, 304],
        [572, 572, 354, 286, 84, 284, 562, 0, 371, 416, 553, 498, 445, 480, 506, 138, 41, 544, 470, 356, 378, 514, 66, 200, 308, 334, 189, 280, 409, 531, 599, 457, 427, 592, 504, 127, 227, 365, 480, 119, 329, 396],
        [467, 467, 495, 334, 428, 655, 915, 371, 0, 631, 226, 789, 668, 712, 147, 498, 394, 903, 569, 39, 718, 591, 432, 303, 136, 632, 542, 475, 537, 650, 962, 215, 149, 222, 704, 498, 200, 360, 265, 418, 181, 764],
        [975, 975, 765, 304, 339, 424, 737, 416, 631, 0, 689, 806, 819, 844, 702, 460, 376, 701, 178, 596, 638, 927, 376, 331, 650, 158, 305, 686, 141, 175, 721, 555, 577, 801, 883, 392, 433, 774, 841, 297, 691, 438],
        [656, 656, 721, 393, 589, 827, 1114, 553, 226, 689, 0, 1008, 892, 936, 98, 689, 565, 1097, 573, 215, 922, 812, 604, 414, 361, 740, 694, 698, 564, 649, 1152, 135, 129, 147, 930, 674, 333, 581, 442, 563, 402, 927],
        [659, 659, 345, 782, 522, 392, 254, 498, 789, 806, 1008, 0, 176, 147, 936, 376, 513, 279, 925, 793, 174, 411, 485, 697, 667, 658, 504, 324, 861, 966, 343, 937, 894, 999, 206, 434, 713, 516, 732, 574, 646, 444],
        [484, 484, 185, 728, 496, 449, 419, 445, 668, 819, 892, 176, 0, 45, 812, 360, 472, 437, 908, 679, 271, 237, 456, 640, 536, 687, 517, 195, 846, 962, 504, 840, 789, 864, 64, 427, 630, 356, 572, 547, 507, 534],
        [521, 521, 229, 765, 527, 462, 398, 480, 712, 844, 936, 147, 45, 0, 857, 387, 506, 419, 940, 723, 268, 266, 487, 677, 581, 708, 540, 239, 876, 991, 485, 882, 832, 909, 61, 453, 671, 400, 615, 578, 552, 539],
        [559, 559, 636, 399, 553, 787, 1059, 506, 147, 702, 98, 936, 812, 857, 0, 638, 524, 1045, 606, 150, 863, 719, 563, 398, 276, 732, 664, 620, 588, 685, 1102, 174, 127, 99, 846, 631, 303, 490, 345, 535, 313, 893],
        [610, 610, 328, 408, 146, 175, 425, 138, 498, 460, 689, 376, 360, 387, 638, 0, 140, 408, 555, 488, 242, 489, 109, 327, 414, 336, 163, 245, 492, 604, 465, 594, 564, 720, 423, 68, 364, 402, 562, 198, 423, 293],
        [613, 613, 391, 269, 44, 264, 558, 41, 394, 376, 565, 513, 472, 506, 524, 140, 0, 537, 438, 376, 382, 552, 40, 187, 341, 293, 154, 315, 376, 496, 589, 461, 437, 613, 532, 110, 233, 406, 517, 80, 365, 371],
        [894, 894, 565, 785, 524, 298, 41, 544, 903, 701, 1097, 279, 437, 419, 1045, 408, 537, 0, 856, 895, 199, 671, 499, 717, 805, 543, 448, 510, 796, 876, 69, 999, 972, 1124, 481, 429, 769, 717, 919, 565, 801, 266],
        [976, 976, 821, 243, 413, 565, 889, 470, 569, 178, 573, 925, 908, 940, 606, 555, 438, 856, 0, 531, 766, 977, 453, 312, 625, 321, 425, 749, 64, 80, 882, 440, 479, 701, 970, 492, 394, 793, 812, 362, 673, 600],
        [502, 502, 511, 297, 407, 639, 909, 356, 39, 596, 215, 793, 679, 723, 150, 488, 376, 895, 531, 0, 714, 614, 415, 271, 159, 603, 520, 484, 499, 611, 952, 183, 120, 237, 718, 483, 169, 384, 302, 394, 208, 746],
        [699, 699, 370, 647, 381, 219, 201, 378, 718, 638, 922, 174, 271, 268, 863, 242, 382, 199, 766, 714, 0, 491, 348, 569, 613, 486, 341, 312, 703, 803, 267, 834, 800, 938, 327, 286, 604, 518, 720, 430, 605, 274],
        [266, 266, 163, 759, 589, 628, 655, 514, 591, 927, 812, 411, 237, 266, 719, 489, 552, 671, 977, 614, 491, 0, 552, 674, 456, 822, 650, 245, 919, 1043, 739, 795, 734, 748, 214, 553, 628, 231, 412, 632, 410, 731],
        [631, 631, 390, 300, 40, 224, 520, 66, 432, 376, 604, 485, 456, 487, 563, 109, 40, 499, 453, 415, 348, 552, 0, 222, 374, 278, 123, 310, 390, 507, 549, 500, 477, 652, 517, 70, 272, 422, 545, 92, 395, 332],
        [665, 665, 525, 88, 193, 428, 740, 200, 303, 331, 414, 697, 640, 677, 398, 327, 187, 717, 312, 271, 569, 674, 222, 0, 322, 334, 285, 461, 262, 386, 763, 293, 287, 495, 696, 288, 103, 481, 513, 154, 367, 518],
        [360, 360, 361, 382, 382, 584, 813, 308, 136, 650, 361, 667, 536, 581, 276, 414, 341, 805, 625, 159, 613, 456, 374, 322, 0, 617, 495, 347, 581, 703, 868, 341, 278, 332, 571, 431, 231, 226, 192, 390, 52, 699],
        [907, 907, 659, 349, 250, 269, 579, 334, 632, 158, 740, 658, 687, 708, 732, 336, 293, 543, 321, 603, 486, 822, 278, 334, 617, 0, 173, 577, 267, 333, 564, 610, 616, 829, 752, 269, 434, 699, 803, 229, 650, 281],
        [749, 749, 487, 342, 114, 150, 477, 189, 542, 305, 694, 504, 517, 540, 664, 163, 154, 448, 425, 520, 341, 650, 123, 285, 495, 173, 0, 405, 362, 462, 487, 578, 566, 757, 581, 97, 363, 540, 669, 132, 518, 233],
        [393, 393, 83, 549, 348, 395, 508, 280, 475, 686, 698, 324, 195, 239, 620, 245, 315, 510, 749, 484, 312, 245, 310, 461, 347, 577, 405, 0, 689, 811, 578, 645, 594, 678, 241, 308, 440, 206, 415, 394, 323, 506],
        [927, 927, 762, 203, 350, 504, 829, 409, 537, 141, 564, 861, 846, 876, 588, 492, 376, 796, 64, 499, 703, 919, 390, 262, 581, 267, 362, 689, 0, 125, 824, 429, 461, 685, 907, 429, 352, 739, 771, 299, 628, 543],
        [1052, 1052, 885, 321, 467, 593, 911, 531, 650, 175, 649, 966, 962, 991, 685, 604, 496, 876, 80, 611, 803, 1043, 507, 386, 703, 333, 462, 811, 125, 0, 896, 517, 558, 779, 1024, 539, 472, 865, 891, 418, 750, 614],
        [963, 963, 634, 828, 571, 337, 89, 599, 962, 721, 1152, 343, 504, 485, 1102, 465, 589, 69, 882, 952, 267, 739, 549, 763, 868, 564, 487, 578, 824, 896, 0, 1050, 1025, 1184, 546, 480, 822, 785, 986, 610, 866, 283],
        [682, 682, 682, 261, 479, 718, 1018, 457, 215, 555, 135, 937, 840, 882, 174, 594, 461, 999, 440, 183, 834, 795, 500, 293, 341, 610, 578, 645, 429, 517, 1050, 0, 66, 263, 884, 570, 230, 566, 475, 447, 391, 811],
        [615, 615, 626, 275, 460, 699, 989, 427, 149, 577, 129, 894, 789, 832, 127, 564, 437, 972, 479, 120, 800, 734, 477, 287, 278, 616, 566, 594, 461, 558, 1025, 66, 0, 224, 831, 547, 205, 504, 409, 434, 327, 798],
        [556, 556, 683, 497, 644, 876, 1136, 592, 222, 801, 147, 999, 864, 909, 99, 720, 613, 1124, 701, 237, 938, 748, 652, 495, 332, 829, 757, 678, 685, 779, 1184, 263, 224, 0, 893, 719, 398, 525, 347, 629, 358, 983],
        [475, 475, 210, 784, 557, 513, 459, 504, 704, 883, 930, 206, 64, 61, 846, 423, 532, 481, 970, 718, 327, 214, 517, 696, 571, 752, 581, 241, 907, 1024, 546, 884, 831, 893, 0, 491, 681, 374, 586, 608, 537, 595],
        [660, 660, 391, 363, 96, 157, 452, 127, 498, 392, 674, 434, 427, 453, 631, 68, 110, 429, 492, 483, 286, 553, 70, 288, 431, 269, 97, 308, 429, 539, 480, 570, 547, 719, 491, 0, 342, 450, 594, 144, 447, 269],
        [586, 586, 492, 151, 256, 494, 789, 227, 200, 433, 333, 713, 630, 671, 303, 364, 233, 769, 394, 169, 604, 628, 272, 103, 231, 434, 363, 440, 352, 472, 822, 230, 205, 398, 681, 342, 0, 417, 419, 232, 280, 594],
        [210, 210, 172, 560, 449, 573, 714, 365, 360, 774, 581, 516, 356, 400, 490, 402, 406, 717, 793, 384, 518, 231, 422, 481, 226, 699, 540, 206, 739, 865, 785, 566, 504, 525, 374, 450, 417, 0, 217, 480, 179, 689],
        [214, 214, 388, 570, 560, 737, 920, 480, 265, 841, 442, 732, 572, 615, 345, 562, 517, 919, 812, 302, 720, 412, 545, 513, 192, 803, 669, 415, 771, 891, 986, 475, 409, 347, 586, 594, 419, 217, 0, 574, 153, 855],
        [685, 685, 471, 220, 52, 274, 590, 119, 418, 297, 563, 574, 547, 578, 535, 198, 80, 565, 362, 394, 430, 632, 92, 154, 390, 229, 132, 394, 299, 418, 610, 447, 434, 629, 608, 144, 232, 480, 574, 0, 421, 365],
        [308, 308, 326, 431, 408, 596, 807, 329, 181, 691, 402, 646, 507, 552, 313, 423, 365, 801, 673, 208, 605, 410, 395, 367, 52, 650, 518, 323, 628, 750, 866, 391, 327, 358, 537, 447, 280, 179, 153, 421, 0, 713],
        [893, 893, 584, 569, 340, 118, 304, 396, 764, 438, 927, 444, 534, 539, 893, 293, 371, 266, 600, 746, 274, 731, 332, 518, 699, 281, 233, 506, 543, 614, 283, 811, 798, 983, 595, 269, 594, 689, 855, 365, 713, 0]
    ]
}
