{
    "name": "prob35b",
    "comment": "data-set-1/json/prob35b.json",
    "nodes": ["+0", "-0", "+2", "-2", "+3", "-3", "+4", "-4", "+5", "-5", "+6", "-6", "+7", "-7", "+8", "-8", "+9", "-9", "+10", "-10", "+11", "-11", "+12", "-12", "+13", "-13", "+14", "-14", "+15", "-15", "+16", "-16", "+17", "-17", "+18", "-18", "+19", "-19", "+20", "-20", "+21", "-21", "+22", "-22", "+23", "-23", "+24", "-24", "+25", "-25", "+26", "-26", "+27", "-27", "+28", "-28", "+29", "-29", "+30", "-30", "+31", "-31", "+32", "-32", "+33", "-33", "+34", "-34", "+35", "-35", "+36", "-36"],
    "precedence": {
        "+0": "-0",
        "+2": "-2",
        "+3": "-3",
        "+4": "-4",
        "+5": "-5",
        "+6": "-6",
        "+7": "-7",
        "+8": "-8",
        "+9": "-9",
        "+10": "-10",
        "+11": "-11",
        "+12": "-12",
        "+13": "-13",
        "+14": "-14",
        "+15": "-15",
        "+16": "-16",
        "+17": "-17",
        "+18": "-18",
        "+19": "-19",
        "+20": "-20",
        "+21": "-21",
        "+22": "-22",
        "+23": "-23",
        "+24": "-24",
        "+25": "-25",
        "+26": "-26",
        "+27": "-27",
        "+28": "-28",
        "+29": "-29",
        "+30": "-30",
        "+31": "-31",
        "+32": "-32",
        "+33": "-33",
        "+34": "-34",
        "+35": "-35",
        "+36": "-36"
    },
    "edges": [
        [0, 0, 835, 980, 432, 204, 509, 499, 946, 686, 383, 586, 850, 734, 561, 582, 523, 344, 859, 264, 739, 975, 278, 797, 228, 291, 868, 892, 410, 904, 751, 567, 317, 376, 170, 831, 907, 854, 861, 989, 588, 266, 844, 932, 479, 132, 462, 877, 492, 886, 248, 644, 898, 266, 658, 637, 857, 579, 410, 756, 899, 496, 936, 790, 690, 318, 931, 923, 254, 183, 275, 437],
        [0, 0, 835, 980, 432, 204, 509, 499, 946, 686, 383, 586, 850, 734, 561, 582, 523, 344, 859, 264, 739, 975, 278, 797, 228, 291, 868, 892, 410, 904, 751, 567, 317, 376, 170, 831, 907, 854, 861, 989, 588, 266, 844, 932, 479, 132, 462, 877, 492, 886, 248, 644, 898, 266, 658, 637, 857, 579, 410, 756, 899, 496, 936, 790, 690, 318, 931, 923, 254, 183, 275, 437],
        [835, 835, 0, 150, 533, 639, 537, 661, 245, 166, 499, 632, 292, 392, 527, 676, 719, 837, 185, 760, 430, 141, 678, 563, 792, 792, 210, 81, 698, 385, 138, 278, 525, 459, 964, 712, 561, 179, 149, 750, 493, 569, 30, 508, 363, 705, 696, 656, 371, 467, 917, 647, 355, 574, 226, 710, 106, 685, 549, 452, 667, 576, 329, 684, 731, 549, 774, 500, 830, 832, 565, 798],
        [980, 980, 150, 0, 680, 782, 641, 802, 200, 298, 631, 719, 376, 507, 665, 812, 816, 957, 266, 888, 484, 21, 808, 602, 923, 917, 285, 134, 844, 380, 276, 428, 666, 604, 1104, 753, 571, 263, 230, 758, 629, 715, 152, 505, 512, 850, 802, 682, 521, 475, 1049, 776, 351, 721, 372, 840, 194, 773, 697, 501, 688, 680, 303, 731, 856, 698, 798, 498, 959, 967, 708, 907],
        [432, 432, 533, 680, 0, 332, 556, 164, 730, 446, 381, 682, 442, 308, 136, 229, 691, 646, 483, 537, 678, 668, 476, 795, 538, 580, 484, 560, 167, 775, 408, 271, 295, 248, 599, 897, 868, 479, 497, 1018, 157, 244, 528, 857, 219, 347, 634, 898, 179, 805, 632, 259, 756, 219, 309, 287, 509, 710, 23, 704, 918, 574, 767, 856, 336, 142, 994, 847, 582, 539, 298, 682],
        [204, 204, 639, 782, 332, 0, 333, 459, 742, 485, 183, 433, 691, 600, 468, 540, 402, 314, 683, 205, 547, 778, 154, 620, 207, 248, 696, 701, 394, 705, 568, 383, 115, 183, 327, 677, 724, 678, 680, 826, 482, 94, 651, 741, 297, 74, 339, 709, 325, 693, 313, 586, 697, 114, 482, 600, 671, 442, 316, 566, 731, 330, 734, 635, 652, 191, 779, 732, 251, 218, 74, 362],
        [509, 509, 537, 641, 556, 333, 0, 716, 524, 376, 179, 129, 724, 705, 665, 785, 184, 332, 665, 297, 243, 646, 239, 289, 342, 310, 687, 616, 679, 424, 542, 410, 277, 308, 559, 351, 398, 658, 644, 494, 660, 355, 561, 428, 376, 400, 161, 376, 431, 386, 455, 808, 427, 383, 504, 842, 615, 168, 551, 255, 398, 39, 478, 308, 889, 439, 452, 420, 362, 400, 298, 267],
        [499, 499, 661, 802, 164, 459, 716, 0, 875, 596, 538, 841, 505, 347, 142, 84, 842, 769, 573, 661, 842, 788, 611, 959, 654, 704, 568, 674, 95, 933, 526, 422, 447, 409, 667, 1060, 1032, 572, 596, 1182, 182, 383, 651, 1019, 381, 451, 782, 1063, 336, 967, 730, 147, 913, 355, 435, 142, 618, 866, 165, 868, 1082, 732, 920, 1018, 196, 283, 1158, 1009, 696, 641, 442, 819],
        [946, 946, 245, 200, 730, 742, 524, 875, 0, 286, 568, 575, 534, 635, 751, 902, 681, 855, 423, 804, 320, 218, 729, 420, 845, 826, 447, 291, 897, 183, 377, 459, 630, 586, 1046, 567, 374, 418, 385, 560, 720, 696, 270, 306, 525, 815, 680, 490, 553, 280, 967, 880, 155, 710, 447, 941, 342, 628, 742, 331, 494, 561, 103, 551, 966, 708, 604, 300, 874, 896, 672, 788],
        [686, 686, 166, 298, 446, 485, 376, 596, 286, 0, 335, 480, 375, 413, 482, 632, 559, 671, 296, 594, 317, 296, 513, 454, 628, 626, 320, 243, 612, 345, 182, 175, 370, 313, 807, 596, 484, 289, 271, 664, 456, 425, 187, 450, 240, 555, 533, 556, 268, 400, 753, 620, 322, 434, 195, 676, 240, 531, 457, 343, 571, 414, 324, 562, 708, 425, 671, 440, 665, 670, 412, 633],
        [383, 383, 499, 631, 381, 183, 179, 538, 568, 335, 0, 303, 617, 567, 497, 609, 317, 348, 582, 262, 366, 630, 179, 451, 294, 296, 600, 570, 500, 522, 459, 290, 99, 135, 479, 529, 548, 576, 570, 666, 497, 179, 516, 561, 228, 257, 265, 547, 279, 512, 419, 636, 515, 206, 393, 668, 552, 330, 374, 387, 568, 193, 553, 487, 716, 260, 629, 552, 331, 336, 128, 339],
        [586, 586, 632, 719, 682, 433, 129, 841, 575, 480, 303, 0, 842, 831, 794, 911, 112, 331, 775, 338, 259, 727, 308, 237, 384, 335, 798, 713, 800, 439, 655, 535, 397, 435, 601, 246, 355, 768, 752, 404, 789, 471, 659, 405, 505, 492, 140, 296, 559, 374, 477, 936, 450, 500, 625, 969, 719, 54, 677, 257, 318, 110, 508, 205, 1017, 561, 347, 399, 390, 445, 412, 235],
        [850, 850, 292, 376, 442, 691, 724, 505, 534, 375, 617, 842, 0, 160, 364, 486, 905, 962, 112, 865, 689, 356, 785, 827, 885, 905, 91, 248, 574, 674, 193, 328, 594, 517, 1007, 971, 843, 116, 149, 1029, 324, 600, 264, 795, 400, 737, 867, 927, 366, 751, 1002, 434, 645, 590, 224, 500, 192, 889, 465, 715, 940, 759, 621, 937, 504, 532, 1043, 786, 928, 908, 625, 954],
        [734, 734, 392, 507, 308, 600, 705, 347, 635, 413, 567, 831, 160, 0, 209, 326, 876, 895, 248, 791, 725, 489, 717, 861, 804, 833, 236, 374, 422, 749, 258, 296, 520, 446, 899, 994, 897, 249, 280, 1076, 170, 506, 371, 861, 339, 634, 829, 965, 290, 812, 913, 276, 722, 490, 220, 342, 314, 873, 331, 751, 981, 735, 709, 957, 351, 421, 1077, 851, 848, 817, 543, 904],
        [561, 561, 527, 665, 136, 468, 665, 142, 751, 482, 497, 794, 364, 209, 0, 151, 813, 780, 431, 672, 754, 650, 608, 880, 674, 715, 426, 535, 213, 826, 390, 313, 421, 363, 730, 995, 942, 430, 455, 1103, 40, 378, 515, 921, 298, 482, 757, 986, 244, 869, 768, 146, 803, 354, 305, 195, 478, 826, 155, 781, 1004, 687, 805, 954, 232, 276, 1088, 911, 718, 675, 429, 812],
        [582, 582, 676, 812, 229, 540, 785, 84, 902, 632, 609, 911, 486, 326, 151, 0, 918, 852, 568, 744, 895, 796, 691, 1017, 737, 786, 559, 680, 174, 974, 539, 461, 521, 477, 750, 1125, 1085, 567, 594, 1241, 184, 461, 663, 1067, 434, 535, 859, 1122, 384, 1015, 814, 73, 952, 434, 456, 60, 621, 939, 236, 922, 1141, 803, 955, 1083, 112, 360, 1220, 1057, 779, 726, 519, 900],
        [523, 523, 719, 816, 691, 402, 184, 842, 681, 559, 317, 112, 905, 876, 813, 918, 0, 230, 849, 262, 368, 822, 256, 344, 304, 247, 870, 799, 789, 550, 725, 586, 396, 451, 513, 322, 462, 842, 828, 486, 814, 460, 744, 515, 540, 449, 63, 390, 593, 486, 380, 950, 561, 489, 683, 977, 799, 70, 682, 368, 410, 147, 618, 286, 1027, 559, 418, 509, 301, 364, 401, 127],
        [344, 344, 837, 957, 646, 314, 332, 769, 855, 671, 348, 331, 962, 895, 780, 852, 230, 0, 930, 109, 567, 960, 179, 568, 121, 66, 948, 912, 697, 751, 807, 635, 375, 450, 292, 550, 686, 924, 918, 715, 792, 403, 857, 734, 564, 322, 192, 620, 607, 699, 151, 899, 756, 426, 740, 911, 898, 300, 630, 573, 640, 297, 809, 516, 964, 504, 643, 727, 91, 163, 355, 109],
        [859, 859, 185, 266, 483, 683, 665, 573, 423, 296, 582, 775, 112, 248, 431, 568, 849, 930, 0, 840, 601, 246, 758, 737, 865, 877, 25, 136, 632, 570, 124, 302, 577, 501, 1008, 884, 744, 7, 38, 932, 392, 598, 156, 693, 386, 738, 816, 834, 366, 650, 986, 523, 540, 593, 201, 589, 81, 825, 504, 625, 846, 702, 512, 853, 600, 546, 952, 684, 906, 894, 612, 910],
        [264, 264, 760, 888, 537, 205, 297, 661, 804, 594, 262, 338, 865, 791, 672, 744, 262, 109, 840, 0, 540, 888, 82, 567, 46, 43, 856, 831, 591, 720, 717, 541, 273, 349, 265, 578, 683, 833, 830, 740, 684, 294, 778, 721, 465, 218, 204, 635, 505, 681, 163, 791, 721, 318, 645, 803, 813, 323, 521, 551, 656, 270, 769, 540, 856, 396, 677, 713, 71, 107, 249, 175],
        [739, 739, 430, 484, 678, 547, 243, 842, 320, 317, 366, 259, 689, 725, 754, 895, 368, 567, 601, 540, 0, 495, 479, 137, 585, 551, 626, 508, 829, 184, 497, 447, 459, 453, 801, 283, 191, 594, 570, 352, 737, 539, 460, 195, 462, 619, 379, 240, 512, 147, 697, 900, 193, 563, 505, 947, 530, 310, 680, 27, 256, 272, 250, 254, 987, 596, 355, 186, 604, 643, 493, 485],
        [975, 975, 141, 21, 668, 778, 646, 788, 218, 296, 630, 727, 356, 489, 650, 796, 822, 960, 246, 888, 495, 0, 808, 615, 923, 918, 266, 116, 831, 396, 262, 419, 663, 599, 1101, 766, 587, 244, 211, 775, 613, 710, 140, 522, 504, 845, 807, 696, 511, 491, 1048, 759, 367, 715, 359, 824, 176, 780, 686, 513, 703, 685, 320, 744, 839, 690, 813, 515, 959, 965, 704, 912],
        [278, 278, 678, 808, 476, 154, 239, 611, 729, 513, 179, 308, 785, 717, 608, 691, 256, 179, 758, 82, 479, 808, 0, 522, 116, 120, 774, 749, 548, 655, 635, 460, 197, 272, 323, 553, 635, 752, 748, 711, 618, 232, 696, 667, 386, 193, 193, 599, 428, 624, 241, 733, 654, 258, 564, 751, 730, 305, 462, 493, 621, 220, 700, 513, 803, 335, 654, 658, 152, 167, 179, 209],
        [797, 797, 563, 602, 795, 620, 289, 959, 420, 454, 451, 237, 827, 861, 880, 1017, 344, 568, 737, 567, 137, 615, 522, 0, 613, 569, 762, 640, 938, 247, 634, 578, 549, 558, 832, 151, 118, 730, 705, 223, 865, 630, 593, 175, 584, 688, 376, 106, 636, 158, 712, 1026, 269, 656, 641, 1071, 665, 275, 795, 112, 124, 302, 329, 131, 1112, 700, 217, 171, 624, 674, 578, 470],
        [228, 228, 792, 923, 538, 207, 342, 654, 845, 628, 294, 384, 885, 804, 674, 737, 304, 121, 865, 46, 585, 923, 116, 613, 0, 63, 880, 862, 579, 765, 744, 564, 291, 368, 219, 622, 730, 859, 857, 785, 689, 301, 809, 767, 485, 204, 249, 680, 521, 727, 125, 788, 765, 321, 667, 796, 841, 367, 521, 596, 702, 316, 813, 584, 849, 398, 721, 759, 44, 61, 262, 208],
        [291, 291, 792, 917, 580, 248, 310, 704, 826, 626, 296, 335, 905, 833, 715, 786, 247, 66, 877, 43, 551, 918, 120, 569, 63, 0, 894, 865, 632, 734, 754, 579, 314, 390, 267, 568, 686, 871, 866, 732, 728, 338, 811, 728, 505, 258, 196, 630, 546, 690, 146, 834, 737, 361, 684, 845, 848, 313, 564, 561, 651, 280, 787, 531, 898, 439, 665, 720, 55, 118, 292, 146],
        [868, 868, 210, 285, 484, 696, 687, 568, 447, 320, 600, 798, 91, 236, 426, 559, 870, 948, 25, 856, 626, 266, 774, 762, 880, 894, 0, 158, 630, 595, 145, 316, 591, 515, 1019, 909, 769, 32, 62, 957, 386, 609, 181, 718, 399, 749, 837, 859, 376, 676, 1001, 512, 566, 604, 214, 578, 106, 848, 506, 650, 871, 723, 537, 878, 587, 554, 977, 710, 922, 908, 626, 929],
        [892, 892, 81, 134, 560, 701, 616, 674, 291, 243, 570, 713, 248, 374, 535, 680, 799, 912, 136, 831, 508, 116, 749, 640, 862, 865, 158, 0, 721, 450, 153, 326, 588, 518, 1028, 790, 632, 132, 99, 821, 498, 626, 55, 575, 414, 764, 775, 731, 412, 536, 987, 642, 420, 628, 252, 707, 60, 765, 579, 530, 740, 655, 385, 762, 723, 595, 849, 567, 901, 900, 627, 876],
        [410, 410, 698, 844, 167, 394, 679, 95, 897, 612, 500, 800, 574, 422, 213, 174, 789, 697, 632, 591, 829, 831, 548, 938, 579, 632, 630, 721, 0, 937, 569, 438, 403, 380, 577, 1029, 1020, 629, 650, 1159, 252, 330, 692, 1014, 381, 375, 728, 1039, 345, 962, 647, 242, 919, 301, 472, 227, 667, 820, 156, 854, 1060, 690, 933, 986, 280, 241, 1128, 1004, 619, 561, 390, 755],
        [904, 904, 385, 380, 775, 705, 424, 933, 183, 345, 522, 439, 674, 749, 826, 974, 550, 751, 570, 720, 184, 396, 655, 247, 765, 734, 595, 450, 937, 0, 495, 514, 605, 581, 978, 389, 191, 564, 534, 378, 801, 681, 414, 126, 556, 779, 563, 308, 598, 97, 880, 965, 30, 701, 538, 1021, 490, 489, 782, 182, 311, 455, 84, 377, 1053, 720, 421, 119, 786, 821, 644, 669],
        [751, 751, 138, 276, 408, 568, 542, 526, 377, 182, 459, 655, 193, 258, 390, 539, 725, 807, 124, 717, 497, 262, 635, 634, 744, 754, 145, 153, 569, 495, 0, 185, 458, 385, 894, 777, 654, 118, 113, 839, 355, 486, 125, 611, 273, 627, 692, 735, 263, 565, 866, 509, 467, 485, 100, 571, 107, 704, 426, 522, 748, 579, 451, 744, 593, 446, 851, 602, 785, 775, 496, 785],
        [567, 567, 278, 428, 271, 383, 410, 422, 459, 175, 290, 535, 328, 296, 313, 461, 586, 635, 302, 541, 447, 419, 460, 578, 564, 579, 316, 326, 438, 514, 185, 0, 275, 200, 709, 705, 631, 296, 297, 799, 292, 301, 282, 608, 88, 441, 543, 684, 95, 557, 685, 456, 492, 301, 104, 508, 290, 578, 283, 474, 701, 442, 499, 666, 544, 270, 792, 598, 606, 593, 311, 627],
        [317, 317, 525, 666, 295, 115, 277, 447, 630, 370, 99, 397, 594, 520, 421, 521, 396, 375, 577, 273, 459, 663, 197, 549, 291, 314, 591, 588, 403, 605, 458, 275, 0, 77, 440, 628, 644, 571, 571, 765, 426, 81, 537, 653, 194, 186, 338, 646, 232, 603, 410, 554, 595, 107, 378, 580, 560, 419, 286, 481, 667, 287, 628, 585, 630, 165, 728, 644, 334, 317, 42, 393],
        [376, 376, 459, 604, 248, 183, 308, 409, 586, 313, 135, 435, 517, 446, 363, 477, 451, 450, 501, 349, 453, 599, 272, 558, 368, 390, 515, 518, 380, 581, 385, 200, 77, 0, 510, 652, 643, 496, 497, 779, 363, 112, 469, 643, 117, 246, 396, 659, 156, 592, 486, 502, 568, 124, 301, 535, 488, 464, 243, 477, 680, 326, 594, 610, 582, 143, 750, 633, 411, 393, 111, 461],
        [170, 170, 964, 1104, 599, 327, 559, 667, 1046, 807, 479, 601, 1007, 899, 730, 750, 513, 292, 1008, 265, 801, 1101, 323, 832, 219, 267, 1019, 1028, 577, 978, 894, 709, 440, 510, 0, 835, 948, 1002, 1006, 999, 756, 410, 977, 985, 622, 270, 463, 897, 644, 944, 145, 813, 977, 417, 806, 804, 998, 580, 578, 813, 918, 535, 1022, 798, 856, 479, 931, 977, 213, 159, 400, 400],
        [831, 831, 712, 753, 897, 677, 351, 1060, 567, 596, 529, 246, 971, 994, 995, 1125, 322, 550, 884, 578, 283, 766, 553, 151, 622, 568, 909, 790, 1029, 389, 777, 705, 628, 652, 835, 0, 216, 877, 853, 165, 984, 706, 742, 290, 697, 737, 374, 96, 752, 294, 701, 1140, 414, 734, 776, 1181, 814, 255, 895, 260, 108, 347, 472, 42, 1225, 788, 102, 291, 622, 683, 649, 442],
        [907, 907, 561, 571, 868, 724, 398, 1032, 374, 484, 548, 355, 843, 897, 942, 1085, 462, 686, 744, 683, 191, 587, 635, 118, 730, 686, 769, 632, 1020, 191, 654, 631, 644, 643, 948, 216, 0, 738, 710, 189, 923, 725, 591, 76, 651, 794, 495, 123, 701, 96, 830, 1086, 220, 749, 679, 1136, 667, 392, 871, 166, 122, 416, 273, 217, 1174, 786, 231, 78, 741, 790, 676, 588],
        [854, 854, 179, 263, 479, 678, 658, 572, 418, 289, 576, 768, 116, 249, 430, 567, 842, 924, 7, 833, 594, 244, 752, 730, 859, 871, 32, 132, 629, 564, 118, 296, 571, 496, 1002, 877, 738, 0, 33, 925, 391, 592, 150, 687, 380, 733, 809, 827, 361, 644, 980, 524, 534, 588, 196, 589, 76, 818, 500, 618, 839, 695, 507, 846, 600, 541, 945, 678, 900, 888, 607, 903],
        [861, 861, 149, 230, 497, 680, 644, 596, 385, 271, 570, 752, 149, 280, 455, 594, 828, 918, 38, 830, 570, 211, 748, 705, 857, 866, 62, 99, 650, 534, 113, 297, 571, 497, 1006, 853, 710, 33, 0, 898, 416, 597, 120, 657, 384, 738, 798, 801, 370, 615, 979, 553, 504, 595, 203, 618, 44, 802, 517, 594, 813, 682, 475, 823, 630, 551, 919, 649, 897, 888, 608, 893],
        [989, 989, 750, 758, 1018, 826, 494, 1182, 560, 664, 666, 404, 1029, 1076, 1103, 1241, 486, 715, 932, 740, 352, 775, 711, 223, 785, 732, 957, 821, 1159, 378, 839, 799, 765, 779, 999, 165, 189, 925, 898, 0, 1088, 845, 780, 254, 807, 890, 537, 120, 860, 286, 866, 1249, 408, 872, 856, 1294, 855, 419, 1018, 325, 100, 497, 457, 201, 1335, 920, 88, 260, 786, 846, 791, 608],
        [588, 588, 493, 629, 157, 482, 660, 182, 720, 456, 497, 789, 324, 170, 40, 184, 814, 792, 392, 684, 737, 613, 618, 865, 689, 728, 386, 498, 252, 801, 355, 292, 426, 363, 756, 984, 923, 391, 416, 1088, 0, 390, 480, 899, 287, 502, 760, 971, 232, 848, 787, 165, 777, 368, 273, 221, 440, 823, 178, 764, 989, 684, 777, 944, 253, 292, 1075, 889, 733, 693, 438, 819],
        [266, 266, 569, 715, 244, 94, 355, 383, 696, 425, 179, 471, 600, 506, 378, 461, 460, 403, 598, 294, 539, 710, 232, 630, 301, 338, 609, 626, 330, 681, 486, 301, 81, 112, 410, 706, 725, 592, 597, 845, 390, 0, 578, 733, 214, 140, 399, 726, 234, 683, 407, 502, 670, 29, 396, 521, 591, 490, 230, 561, 747, 362, 700, 663, 573, 103, 807, 723, 345, 312, 60, 439],
        [844, 844, 30, 152, 528, 651, 561, 651, 270, 187, 516, 659, 264, 371, 515, 663, 744, 857, 156, 778, 460, 140, 696, 593, 809, 811, 181, 55, 692, 414, 125, 282, 537, 469, 977, 742, 591, 150, 120, 780, 480, 578, 0, 538, 369, 716, 720, 686, 372, 497, 934, 631, 385, 581, 219, 695, 76, 711, 546, 482, 697, 600, 356, 714, 714, 552, 804, 530, 847, 847, 577, 821],
        [932, 932, 508, 505, 857, 741, 428, 1019, 306, 450, 561, 405, 795, 861, 921, 1067, 515, 734, 693, 721, 195, 522, 667, 175, 767, 728, 718, 575, 1014, 126, 611, 608, 653, 643, 985, 290, 76, 687, 657, 254, 899, 733, 538, 0, 638, 814, 541, 199, 685, 52, 873, 1064, 156, 756, 645, 1116, 614, 447, 862, 176, 197, 451, 203, 288, 1152, 786, 304, 10, 782, 827, 688, 640],
        [479, 479, 363, 512, 219, 297, 376, 381, 525, 240, 228, 505, 400, 339, 298, 434, 540, 564, 386, 465, 462, 504, 386, 584, 485, 505, 399, 414, 381, 556, 273, 88, 194, 117, 622, 697, 651, 380, 384, 807, 287, 214, 369, 638, 0, 354, 491, 689, 55, 586, 603, 443, 538, 213, 185, 487, 378, 542, 226, 488, 708, 403, 553, 657, 529, 187, 790, 628, 528, 510, 227, 566],
        [132, 132, 705, 850, 347, 74, 400, 451, 815, 555, 257, 492, 737, 634, 482, 535, 449, 322, 738, 218, 619, 845, 193, 688, 204, 258, 749, 764, 375, 779, 627, 441, 186, 246, 270, 737, 794, 733, 738, 890, 502, 140, 716, 814, 354, 0, 386, 775, 374, 766, 286, 587, 772, 147, 537, 593, 731, 496, 327, 638, 796, 393, 808, 696, 646, 214, 839, 804, 245, 193, 144, 390],
        [462, 462, 696, 802, 634, 339, 161, 782, 680, 533, 265, 140, 867, 829, 757, 859, 63, 192, 816, 204, 379, 807, 193, 376, 249, 196, 837, 775, 728, 563, 692, 543, 338, 396, 463, 374, 495, 809, 798, 537, 760, 399, 720, 541, 491, 386, 0, 434, 543, 508, 336, 893, 571, 428, 643, 918, 771, 118, 623, 383, 455, 122, 626, 336, 968, 499, 472, 535, 251, 309, 340, 108],
        [877, 877, 656, 682, 898, 709, 376, 1063, 490, 556, 547, 296, 927, 965, 986, 1122, 390, 620, 834, 635, 240, 696, 599, 106, 680, 630, 859, 731, 1039, 308, 735, 684, 646, 659, 897, 96, 123, 827, 801, 120, 971, 726, 686, 199, 689, 775, 434, 0, 742, 210, 769, 1131, 335, 753, 745, 1176, 760, 320, 898, 214, 22, 382, 391, 110, 1218, 800, 118, 201, 685, 741, 672, 515],
        [492, 492, 371, 521, 179, 325, 431, 336, 553, 268, 279, 559, 366, 290, 244, 384, 593, 607, 366, 505, 512, 511, 428, 636, 521, 546, 376, 412, 345, 598, 263, 95, 232, 156, 644, 752, 701, 361, 370, 860, 232, 234, 372, 685, 55, 374, 543, 742, 0, 632, 636, 390, 578, 228, 167, 435, 370, 596, 189, 538, 760, 457, 589, 712, 476, 183, 844, 674, 565, 542, 260, 614],
        [886, 886, 467, 475, 805, 693, 386, 967, 280, 400, 512, 374, 751, 812, 869, 1015, 486, 699, 650, 681, 147, 491, 624, 158, 727, 690, 676, 536, 962, 97, 565, 557, 603, 592, 944, 294, 96, 644, 615, 286, 848, 683, 497, 52, 586, 766, 508, 210, 632, 0, 836, 1012, 125, 705, 595, 1064, 572, 420, 810, 131, 214, 411, 181, 284, 1100, 734, 324, 42, 744, 786, 639, 609],
        [248, 248, 917, 1049, 632, 313, 455, 730, 967, 753, 419, 477, 1002, 913, 768, 814, 380, 151, 986, 163, 697, 1048, 241, 712, 125, 146, 1001, 987, 647, 880, 866, 685, 410, 486, 145, 701, 830, 980, 979, 866, 787, 407, 934, 873, 603, 286, 336, 769, 636, 836, 0, 871, 882, 423, 787, 871, 965, 449, 613, 706, 789, 426, 931, 666, 925, 497, 795, 866, 94, 95, 377, 260],
        [644, 644, 647, 776, 259, 586, 808, 147, 880, 620, 636, 936, 434, 276, 146, 73, 950, 899, 523, 791, 900, 759, 733, 1026, 788, 834, 512, 642, 242, 965, 509, 456, 554, 502, 813, 1140, 1086, 524, 553, 1249, 165, 502, 631, 1064, 443, 587, 893, 1131, 390, 1012, 871, 0, 942, 475, 434, 66, 583, 966, 272, 926, 1150, 828, 940, 1099, 88, 399, 1234, 1054, 830, 780, 557, 941],
        [898, 898, 355, 351, 756, 697, 427, 913, 155, 322, 515, 450, 645, 722, 803, 952, 561, 756, 540, 721, 193, 367, 654, 269, 765, 737, 566, 420, 919, 30, 467, 492, 595, 568, 977, 414, 220, 534, 504, 408, 777, 670, 385, 156, 538, 772, 571, 335, 578, 125, 882, 942, 0, 689, 512, 998, 460, 501, 764, 194, 339, 459, 60, 399, 1029, 705, 449, 149, 788, 821, 634, 677],
        [266, 266, 574, 721, 219, 114, 383, 355, 710, 434, 206, 500, 590, 490, 354, 434, 489, 426, 593, 318, 563, 715, 258, 656, 321, 361, 604, 628, 301, 701, 485, 301, 107, 124, 417, 734, 749, 588, 595, 872, 368, 29, 581, 756, 213, 147, 428, 753, 228, 705, 423, 475, 689, 0, 393, 493, 591, 519, 204, 585, 774, 391, 717, 692, 545, 78, 835, 746, 365, 328, 89, 466],
        [658, 658, 226, 372, 309, 482, 504, 435, 447, 195, 393, 625, 224, 220, 305, 456, 683, 740, 201, 645, 505, 359, 564, 641, 667, 684, 214, 252, 472, 538, 100, 104, 378, 301, 806, 776, 679, 196, 203, 856, 273, 396, 219, 645, 185, 537, 643, 745, 167, 595, 787, 434, 512, 393, 0, 494, 205, 671, 327, 531, 761, 538, 507, 740, 521, 349, 858, 635, 710, 695, 412, 729],
        [637, 637, 710, 840, 287, 600, 842, 142, 941, 676, 668, 969, 500, 342, 195, 60, 977, 911, 589, 803, 947, 824, 751, 1071, 796, 845, 578, 707, 227, 1021, 571, 508, 580, 535, 804, 1181, 1136, 589, 618, 1294, 221, 521, 695, 1116, 487, 593, 918, 1176, 435, 1064, 871, 66, 998, 493, 494, 0, 648, 997, 295, 974, 1195, 861, 998, 1139, 53, 419, 1276, 1106, 838, 783, 579, 959],
        [857, 857, 106, 194, 509, 671, 615, 618, 342, 240, 552, 719, 192, 314, 478, 621, 799, 898, 81, 813, 530, 176, 730, 665, 841, 848, 106, 60, 667, 490, 107, 290, 560, 488, 998, 814, 667, 76, 44, 855, 440, 591, 76, 614, 378, 731, 771, 760, 370, 572, 965, 583, 460, 591, 205, 648, 0, 771, 529, 553, 771, 653, 431, 784, 663, 553, 878, 605, 881, 875, 598, 868],
        [579, 579, 685, 773, 710, 442, 168, 866, 628, 531, 330, 54, 889, 873, 826, 939, 70, 300, 825, 323, 310, 780, 305, 275, 367, 313, 848, 765, 820, 489, 704, 578, 419, 464, 580, 255, 392, 818, 802, 419, 823, 490, 711, 447, 542, 496, 118, 320, 596, 420, 449, 966, 501, 519, 671, 997, 771, 0, 703, 307, 340, 139, 559, 218, 1046, 584, 354, 442, 367, 428, 430, 197],
        [410, 410, 549, 697, 23, 316, 551, 165, 742, 457, 374, 677, 465, 331, 155, 236, 682, 630, 504, 521, 680, 686, 462, 795, 521, 564, 506, 579, 156, 782, 426, 283, 286, 243, 578, 895, 871, 500, 517, 1018, 178, 230, 546, 862, 226, 327, 623, 898, 189, 810, 613, 272, 764, 204, 327, 295, 529, 703, 0, 706, 918, 567, 777, 853, 345, 127, 992, 852, 565, 520, 286, 669],
        [756, 756, 452, 501, 704, 566, 255, 868, 331, 343, 387, 257, 715, 751, 781, 922, 368, 573, 625, 551, 27, 513, 493, 112, 596, 561, 650, 530, 854, 182, 522, 474, 481, 477, 813, 260, 166, 618, 594, 325, 764, 561, 482, 176, 488, 638, 383, 214, 538, 131, 706, 926, 194, 585, 531, 974, 553, 307, 706, 0, 229, 281, 253, 233, 1013, 620, 329, 167, 614, 655, 514, 487],
        [899, 899, 667, 688, 918, 731, 398, 1082, 494, 571, 568, 318, 940, 981, 1004, 1141, 410, 640, 846, 656, 256, 703, 621, 124, 702, 651, 871, 740, 1060, 311, 748, 701, 667, 680, 918, 108, 122, 839, 813, 100, 989, 747, 697, 197, 708, 796, 455, 22, 760, 214, 789, 1150, 339, 774, 761, 1195, 771, 340, 918, 229, 0, 404, 394, 128, 1236, 820, 110, 200, 706, 763, 693, 535],
        [496, 496, 576, 680, 574, 330, 39, 732, 561, 414, 193, 110, 759, 735, 687, 803, 147, 297, 702, 270, 272, 685, 220, 302, 316, 280, 723, 655, 690, 455, 579, 442, 287, 326, 535, 347, 416, 695, 682, 497, 684, 362, 600, 451, 403, 393, 122, 382, 457, 411, 426, 828, 459, 391, 538, 861, 653, 139, 567, 281, 404, 0, 512, 305, 909, 451, 449, 443, 333, 376, 304, 229],
        [936, 936, 329, 303, 767, 734, 478, 920, 103, 324, 553, 508, 621, 709, 805, 955, 618, 809, 512, 769, 250, 320, 700, 329, 813, 787, 537, 385, 933, 84, 451, 499, 628, 594, 1022, 472, 273, 507, 475, 457, 777, 700, 356, 203, 553, 808, 626, 391, 589, 181, 931, 940, 60, 717, 507, 998, 431, 559, 777, 253, 394, 512, 0, 459, 1027, 727, 503, 197, 838, 867, 668, 732],
        [790, 790, 684, 731, 856, 635, 308, 1018, 551, 562, 487, 205, 937, 957, 954, 1083, 286, 516, 853, 540, 254, 744, 513, 131, 584, 531, 878, 762, 986, 377, 744, 666, 585, 610, 798, 42, 217, 846, 823, 201, 944, 663, 714, 288, 657, 696, 336, 110, 712, 284, 666, 1099, 399, 692, 740, 1139, 784, 218, 853, 233, 128, 305, 459, 0, 1184, 746, 144, 287, 586, 645, 606, 409],
        [690, 690, 731, 856, 336, 652, 889, 196, 966, 708, 716, 1017, 504, 351, 232, 112, 1027, 964, 600, 856, 987, 839, 803, 1112, 849, 898, 587, 723, 280, 1053, 593, 544, 630, 582, 856, 1225, 1174, 600, 630, 1335, 253, 573, 714, 1152, 529, 646, 968, 1218, 476, 1100, 925, 88, 1029, 545, 521, 53, 663, 1046, 345, 1013, 1236, 909, 1027, 1184, 0, 470, 1319, 1142, 891, 837, 630, 1011],
        [318, 318, 549, 698, 142, 191, 439, 283, 708, 425, 260, 561, 532, 421, 276, 360, 559, 504, 546, 396, 596, 690, 335, 700, 398, 439, 554, 595, 241, 720, 446, 270, 165, 143, 479, 788, 786, 541, 551, 920, 292, 103, 552, 786, 187, 214, 499, 800, 183, 734, 497, 399, 705, 78, 349, 419, 553, 584, 127, 620, 820, 451, 727, 746, 470, 0, 888, 776, 442, 402, 160, 542],
        [931, 931, 774, 798, 994, 779, 452, 1158, 604, 671, 629, 347, 1043, 1077, 1088, 1220, 418, 643, 952, 677, 355, 813, 654, 217, 721, 665, 977, 849, 1128, 421, 851, 792, 728, 750, 931, 102, 231, 945, 919, 88, 1075, 807, 804, 304, 790, 839, 472, 118, 844, 324, 795, 1234, 449, 835, 858, 1276, 878, 354, 992, 329, 110, 449, 503, 144, 1319, 888, 0, 308, 718, 781, 750, 535],
        [923, 923, 500, 498, 847, 732, 420, 1009, 300, 440, 552, 399, 786, 851, 911, 1057, 509, 727, 684, 713, 186, 515, 658, 171, 759, 720, 710, 567, 1004, 119, 602, 598, 644, 633, 977, 291, 78, 678, 649, 260, 889, 723, 530, 10, 628, 804, 535, 201, 674, 42, 866, 1054, 149, 746, 635, 1106, 605, 442, 852, 167, 200, 443, 197, 287, 1142, 776, 308, 0, 775, 819, 679, 634],
        [254, 254, 830, 959, 582, 251, 362, 696, 874, 665, 331, 390, 928, 848, 718, 779, 301, 91, 906, 71, 604, 959, 152, 624, 44, 55, 922, 901, 619, 786, 785, 606, 334, 411, 213, 622, 741, 900, 897, 786, 733, 345, 847, 782, 528, 245, 251, 685, 565, 744, 94, 830, 788, 365, 710, 838, 881, 367, 565, 614, 706, 333, 838, 586, 891, 442, 718, 775, 0, 72, 306, 192],
        [183, 183, 832, 967, 539, 218, 400, 641, 896, 670, 336, 445, 908, 817, 675, 726, 364, 163, 894, 107, 643, 965, 167, 674, 61, 118, 908, 900, 561, 821, 775, 593, 317, 393, 159, 683, 790, 888, 888, 846, 693, 312, 847, 827, 510, 193, 309, 741, 542, 786, 95, 780, 821, 328, 695, 783, 875, 428, 520, 655, 763, 376, 867, 645, 837, 402, 781, 819, 72, 0, 283, 262],
        [275, 275, 565, 708, 298, 74, 298, 442, 672, 412, 128, 412, 625, 543, 429, 519, 401, 355, 612, 249, 493, 704, 179, 578, 262, 292, 626, 627, 390, 644, 496, 311, 42, 111, 400, 649, 676, 607, 608, 791, 438, 60, 577, 688, 227, 144, 340, 672, 260, 639, 377, 557, 634, 89, 412, 579, 598, 430, 286, 514, 693, 304, 668, 606, 630, 160, 750, 679, 306, 283, 0, 384],
        [437, 437, 798, 907, 682, 362, 267, 819, 788, 633, 339, 235, 954, 904, 812, 900, 127, 109, 910, 175, 485, 912, 209, 470, 208, 146, 929, 876, 755, 669, 785, 627, 393, 461, 400, 442, 588, 903, 893, 608, 819, 439, 821, 640, 566, 390, 108, 515, 614, 609, 260, 941, 677, 466, 729, 959, 868, 197, 669, 487, 535, 229, 732, 409, 1011, 542, 535, 634, 192, 262, 384, 0]
    ]
}
