{
    "name": "prob5b",
    "comment": "data-set-1/json/prob5b.json",
    "nodes": ["+0", "-0", "+2", "-2", "+3", "-3", "+4", "-4", "+5", "-5", "+6", "-6"],
    "precedence": {
        "+0": "-0",
        "+2": "-2",
        "+3": "-3",
        "+4": "-4",
        "+5": "-5",
        "+6": "-6"
    },
    "edges": [
        [0, 0, 727, 804, 363, 549, 508, 913, 876, 42, 912, 197],
        [0, 0, 727, 804, 363, 549, 508, 913, 876, 42, 912, 197],
        [727, 727, 0, 77, 584, 280, 220, 255, 193, 685, 317, 535],
        [804, 804, 77, 0, 650, 339, 297, 209, 152, 762, 287, 612],
        [363, 363, 584, 650, 0, 316, 415, 679, 772, 344, 648, 252],
        [549, 549, 280, 339, 316, 0, 194, 375, 472, 512, 364, 356],
        [508, 508, 220, 297, 415, 194, 0, 435, 379, 466, 464, 318],
        [913, 913, 255, 209, 679, 375, 435, 0, 330, 873, 93, 716],
        [876, 876, 193, 152, 772, 472, 379, 330, 0, 834, 419, 694],
        [42, 42, 685, 762, 344, 512, 466, 873, 834, 0, 875, 158],
        [912, 912, 317, 287, 648, 364, 464, 93, 419, 875, 0, 717],
        [197, 197, 535, 612, 252, 356, 318, 716, 694, 158, 717, 0]
    ]
}
