{
    "name": "prob25c",
    "comment": "data-set-1/json/prob25c.json",
    "nodes": ["+0", "-0", "+2", "-2", "+3", "-3", "+4", "-4", "+5", "-5", "+6", "-6", "+7", "-7", "+8", "-8", "+9", "-9", "+10", "-10", "+11", "-11", "+12", "-12", "+13", "-13", "+14", "-14", "+15", "-15", "+16", "-16", "+17", "-17", "+18", "-18", "+19", "-19", "+20", "-20", "+21", "-21", "+22", "-22", "+23", "-23", "+24", "-24", "+25", "-25", "+26", "-26"],
    "precedence": {
        "+0": "-0",
        "+2": "-2",
        "+3": "-3",
        "+4": "-4",
        "+5": "-5",
        "+6": "-6",
        "+7": "-7",
        "+8": "-8",
        "+9": "-9",
        "+10": "-10",
        "+11": "-11",
        "+12": "-12",
        "+13": "-13",
        "+14": "-14",
        "+15": "-15",
        "+16": "-16",
        "+17": "-17",
        "+18": "-18",
        "+19": "-19",
        "+20": "-20",
        "+21": "-21",
        "+22": "-22",
        "+23": "-23",
        "+24": "-24",
        "+25": "-25",
        "+26": "-26"
    },
    "edges": [
        [0, 0, 396, 779, 229, 436, 309, 149, 937, 1164, 554, 46, 762, 396, 512, 804, 918, 715, 821, 494, 529, 628, 367, 929, 777, 689, 910, 702, 776, 905, 539, 762, 748, 371, 629, 767, 107, 1098, 533, 856, 725, 957, 910, 395, 743, 988, 335, 840, 665, 331, 863, 192],
        [0, 0, 396, 779, 229, 436, 309, 149, 937, 1164, 554, 46, 762, 396, 512, 804, 918, 715, 821, 494, 529, 628, 367, 929, 777, 689, 910, 702, 776, 905, 539, 762, 748, 371, 629, 767, 107, 1098, 533, 856, 725, 957, 910, 395, 743, 988, 335, 840, 665, 331, 863, 192],
        [396, 396, 0, 793, 286, 618, 90, 397, 547, 996, 252, 439, 870, 20, 176, 557, 818, 404, 747, 524, 245, 656, 76, 549, 874, 303, 603, 485, 971, 625, 581, 813, 695, 564, 665, 565, 305, 988, 356, 603, 356, 885, 760, 32, 412, 761, 412, 450, 787, 556, 807, 283],
        [779, 779, 793, 0, 598, 391, 794, 630, 994, 527, 630, 772, 194, 812, 690, 516, 253, 639, 174, 293, 610, 152, 718, 926, 176, 831, 683, 457, 403, 617, 242, 75, 143, 438, 150, 426, 814, 389, 463, 543, 783, 231, 345, 762, 687, 532, 452, 930, 219, 488, 151, 889],
        [229, 229, 286, 598, 0, 340, 236, 134, 770, 940, 350, 249, 627, 297, 329, 577, 704, 503, 611, 305, 322, 447, 221, 748, 636, 523, 691, 474, 699, 681, 359, 597, 542, 282, 451, 539, 222, 884, 305, 630, 540, 751, 686, 267, 537, 759, 152, 674, 536, 271, 659, 291],
        [436, 436, 618, 391, 340, 0, 576, 295, 1023, 878, 587, 415, 329, 632, 605, 670, 600, 690, 497, 206, 557, 265, 546, 980, 346, 796, 829, 567, 360, 788, 202, 351, 423, 65, 256, 594, 503, 766, 448, 718, 786, 609, 643, 594, 736, 789, 210, 935, 231, 107, 515, 592],
        [309, 309, 90, 794, 236, 576, 0, 328, 637, 1043, 317, 353, 851, 87, 249, 617, 847, 478, 768, 512, 304, 650, 103, 639, 858, 393, 678, 535, 935, 694, 569, 806, 710, 518, 658, 613, 215, 1022, 389, 665, 443, 909, 800, 100, 491, 819, 379, 540, 764, 503, 825, 196],
        [149, 149, 397, 630, 134, 295, 328, 0, 903, 1029, 485, 146, 617, 404, 462, 696, 776, 635, 677, 347, 456, 479, 342, 882, 631, 655, 819, 590, 648, 804, 390, 613, 603, 230, 479, 649, 208, 956, 425, 749, 674, 812, 776, 384, 670, 869, 191, 806, 520, 197, 717, 298],
        [937, 937, 547, 994, 770, 1023, 637, 903, 0, 884, 438, 977, 1150, 552, 441, 497, 867, 357, 857, 846, 468, 918, 572, 84, 1142, 249, 371, 537, 1317, 445, 888, 1049, 853, 991, 932, 579, 851, 970, 583, 496, 238, 951, 755, 543, 308, 623, 826, 98, 1101, 1005, 920, 824],
        [1164, 1164, 996, 527, 940, 878, 1043, 1029, 884, 0, 749, 1174, 710, 1015, 829, 453, 280, 636, 381, 701, 751, 615, 941, 800, 687, 856, 516, 510, 917, 446, 681, 599, 455, 906, 625, 431, 1156, 170, 658, 422, 778, 302, 254, 966, 662, 266, 840, 870, 746, 953, 377, 1204],
        [554, 554, 252, 630, 350, 587, 317, 485, 438, 749, 0, 586, 752, 270, 80, 305, 598, 164, 543, 422, 30, 520, 216, 403, 750, 214, 364, 243, 899, 376, 470, 669, 507, 554, 533, 321, 495, 757, 169, 351, 200, 673, 524, 225, 189, 509, 388, 348, 689, 568, 607, 507],
        [46, 46, 439, 772, 249, 415, 353, 146, 977, 1174, 586, 0, 743, 440, 548, 826, 922, 745, 823, 492, 560, 623, 406, 967, 760, 728, 938, 722, 747, 930, 534, 750, 749, 352, 622, 785, 153, 1102, 554, 879, 762, 958, 920, 436, 775, 1006, 338, 880, 646, 309, 863, 237],
        [762, 762, 870, 194, 627, 329, 851, 617, 1150, 710, 752, 743, 0, 887, 800, 693, 444, 792, 368, 346, 728, 234, 793, 1087, 25, 963, 863, 619, 209, 800, 290, 119, 326, 391, 220, 602, 820, 559, 584, 725, 927, 408, 539, 841, 842, 726, 475, 1077, 97, 436, 341, 905],
        [396, 396, 20, 812, 297, 632, 87, 404, 552, 1015, 270, 440, 887, 0, 193, 575, 838, 421, 767, 542, 264, 674, 94, 557, 892, 311, 618, 505, 986, 641, 599, 832, 715, 577, 683, 584, 302, 1008, 376, 620, 367, 905, 780, 52, 427, 779, 427, 455, 804, 568, 827, 274],
        [512, 512, 176, 690, 329, 605, 249, 462, 441, 829, 80, 548, 800, 193, 0, 384, 673, 229, 614, 460, 85, 570, 153, 421, 800, 196, 429, 322, 934, 449, 512, 724, 574, 565, 582, 401, 442, 835, 228, 428, 214, 747, 602, 152, 242, 588, 398, 345, 730, 572, 678, 443],
        [804, 804, 557, 516, 577, 670, 617, 696, 497, 453, 305, 826, 693, 575, 384, 0, 371, 185, 365, 464, 313, 479, 513, 421, 681, 409, 170, 107, 884, 118, 484, 581, 373, 666, 494, 91, 768, 492, 272, 53, 335, 455, 264, 529, 218, 204, 534, 453, 667, 700, 425, 797],
        [918, 918, 818, 253, 704, 600, 847, 776, 867, 280, 598, 922, 444, 838, 673, 371, 0, 541, 103, 435, 589, 336, 753, 789, 423, 761, 513, 365, 653, 438, 407, 327, 179, 632, 345, 298, 925, 181, 462, 375, 695, 84, 120, 787, 582, 307, 584, 823, 469, 680, 102, 985],
        [715, 715, 404, 639, 503, 690, 478, 635, 357, 636, 164, 745, 792, 421, 229, 185, 541, 0, 513, 499, 186, 561, 378, 297, 785, 224, 200, 185, 964, 222, 536, 693, 500, 668, 576, 243, 659, 675, 242, 216, 154, 623, 443, 381, 50, 378, 511, 292, 746, 691, 577, 670],
        [821, 821, 747, 174, 611, 497, 768, 677, 857, 381, 543, 823, 368, 767, 614, 365, 103, 513, 0, 333, 530, 234, 678, 784, 350, 724, 525, 329, 576, 454, 304, 249, 76, 529, 244, 279, 833, 279, 392, 383, 665, 141, 171, 715, 559, 358, 486, 803, 379, 577, 65, 896],
        [494, 494, 524, 293, 305, 206, 512, 347, 846, 701, 422, 492, 346, 542, 460, 464, 435, 499, 333, 0, 394, 142, 448, 795, 350, 636, 626, 363, 477, 583, 57, 295, 258, 212, 147, 388, 521, 613, 263, 512, 612, 465, 455, 495, 547, 587, 160, 764, 271, 255, 370, 596],
        [529, 529, 245, 610, 322, 557, 304, 456, 468, 751, 30, 560, 728, 264, 85, 313, 589, 186, 530, 394, 0, 496, 201, 433, 726, 242, 384, 241, 871, 392, 444, 647, 490, 523, 508, 320, 473, 751, 147, 361, 231, 662, 520, 217, 215, 517, 358, 378, 663, 538, 593, 490],
        [628, 628, 656, 152, 447, 265, 650, 479, 918, 615, 520, 623, 234, 674, 570, 479, 336, 561, 234, 142, 496, 0, 580, 858, 230, 730, 648, 395, 407, 592, 90, 157, 160, 301, 15, 390, 662, 503, 351, 517, 693, 347, 388, 626, 611, 553, 300, 844, 189, 350, 252, 737],
        [367, 367, 76, 718, 221, 546, 103, 342, 572, 941, 216, 406, 793, 94, 153, 513, 753, 378, 678, 448, 201, 580, 0, 563, 798, 323, 578, 433, 897, 592, 505, 738, 624, 494, 589, 511, 290, 925, 291, 562, 360, 818, 700, 49, 395, 716, 338, 474, 711, 489, 737, 292],
        [929, 929, 549, 926, 748, 980, 639, 882, 84, 800, 403, 967, 1087, 557, 421, 421, 789, 297, 784, 795, 433, 858, 563, 0, 1079, 246, 288, 470, 1261, 363, 833, 984, 784, 952, 873, 506, 850, 888, 534, 416, 207, 873, 676, 541, 248, 539, 789, 119, 1043, 970, 845, 831],
        [777, 777, 874, 176, 636, 346, 858, 631, 1142, 687, 750, 760, 25, 892, 800, 681, 423, 785, 350, 350, 726, 230, 798, 1079, 0, 960, 850, 610, 230, 786, 293, 102, 311, 408, 218, 590, 833, 535, 581, 711, 922, 385, 520, 845, 835, 708, 484, 1072, 115, 453, 321, 917],
        [689, 689, 303, 831, 523, 796, 393, 655, 249, 856, 214, 728, 963, 311, 196, 409, 761, 224, 724, 636, 242, 730, 323, 246, 960, 0, 371, 397, 1113, 421, 684, 876, 700, 758, 743, 464, 606, 899, 380, 434, 82, 842, 667, 296, 195, 594, 592, 152, 902, 767, 789, 585],
        [910, 910, 603, 683, 691, 829, 678, 819, 371, 516, 364, 938, 863, 618, 429, 170, 513, 200, 525, 626, 384, 648, 578, 288, 850, 371, 0, 262, 1054, 76, 649, 750, 541, 819, 664, 260, 858, 600, 401, 142, 289, 597, 396, 580, 192, 252, 675, 356, 837, 849, 581, 870],
        [702, 702, 485, 457, 474, 567, 535, 590, 537, 510, 243, 722, 619, 505, 322, 107, 365, 185, 329, 363, 241, 395, 433, 470, 610, 397, 262, 0, 802, 223, 387, 514, 316, 560, 410, 79, 672, 516, 168, 160, 336, 445, 282, 456, 232, 289, 426, 476, 583, 593, 393, 707],
        [776, 776, 971, 403, 699, 360, 935, 648, 1317, 917, 899, 747, 209, 986, 934, 884, 653, 964, 576, 477, 871, 407, 897, 1261, 230, 1113, 1054, 802, 0, 996, 431, 328, 528, 422, 392, 795, 855, 761, 737, 920, 1086, 614, 747, 945, 1013, 932, 560, 1238, 219, 450, 551, 946],
        [905, 905, 625, 617, 681, 788, 694, 804, 445, 446, 376, 930, 800, 641, 449, 118, 438, 222, 454, 583, 392, 592, 592, 363, 786, 421, 76, 223, 996, 0, 601, 685, 475, 784, 607, 202, 861, 525, 380, 75, 340, 521, 320, 600, 231, 181, 648, 424, 779, 817, 509, 881],
        [539, 539, 581, 242, 359, 202, 569, 390, 888, 681, 470, 534, 290, 599, 512, 484, 407, 536, 304, 57, 444, 90, 505, 833, 293, 684, 649, 387, 431, 601, 0, 239, 228, 226, 92, 401, 572, 581, 307, 528, 656, 429, 441, 552, 585, 588, 210, 808, 219, 273, 333, 649],
        [762, 762, 813, 75, 597, 351, 806, 613, 1049, 599, 669, 750, 119, 832, 724, 581, 327, 693, 249, 295, 647, 157, 738, 984, 102, 876, 750, 514, 328, 685, 239, 0, 210, 405, 149, 490, 806, 455, 500, 610, 833, 299, 420, 783, 742, 606, 446, 982, 153, 454, 225, 885],
        [748, 748, 695, 143, 542, 423, 710, 603, 853, 455, 507, 749, 326, 715, 574, 373, 179, 500, 76, 258, 490, 160, 624, 784, 311, 700, 541, 316, 528, 475, 228, 210, 0, 453, 172, 283, 764, 355, 347, 401, 648, 210, 230, 664, 548, 405, 412, 792, 321, 501, 118, 829],
        [371, 371, 564, 438, 282, 65, 518, 230, 991, 906, 554, 352, 391, 577, 565, 666, 632, 668, 529, 212, 523, 301, 494, 952, 408, 758, 819, 560, 422, 784, 226, 405, 453, 0, 296, 595, 438, 803, 427, 715, 754, 649, 664, 542, 713, 799, 167, 901, 294, 50, 554, 527],
        [629, 629, 665, 150, 451, 256, 658, 479, 932, 625, 533, 622, 220, 683, 582, 494, 345, 576, 244, 147, 508, 15, 589, 873, 218, 743, 664, 410, 392, 607, 92, 149, 172, 296, 0, 406, 664, 510, 364, 532, 707, 354, 400, 635, 626, 567, 303, 858, 173, 345, 259, 741],
        [767, 767, 565, 426, 539, 594, 613, 649, 579, 431, 321, 785, 602, 584, 401, 91, 298, 243, 279, 388, 320, 390, 511, 506, 590, 464, 260, 79, 795, 202, 401, 490, 283, 595, 406, 0, 743, 440, 237, 127, 397, 381, 206, 535, 285, 220, 475, 528, 578, 632, 341, 782],
        [107, 107, 305, 814, 222, 503, 215, 208, 851, 1156, 495, 153, 820, 302, 442, 768, 925, 659, 833, 521, 473, 662, 290, 850, 833, 606, 858, 672, 855, 861, 572, 806, 764, 438, 664, 743, 0, 1106, 506, 820, 649, 973, 904, 309, 681, 961, 362, 754, 724, 405, 881, 92],
        [1098, 1098, 988, 389, 884, 766, 1022, 956, 970, 170, 757, 1102, 559, 1008, 835, 492, 181, 675, 279, 613, 751, 503, 925, 888, 535, 899, 600, 516, 761, 525, 581, 455, 355, 803, 510, 440, 1106, 0, 634, 478, 827, 159, 234, 957, 710, 354, 764, 940, 607, 852, 251, 1164],
        [533, 533, 356, 463, 305, 448, 389, 425, 583, 658, 169, 554, 584, 376, 228, 272, 462, 242, 392, 263, 147, 351, 291, 534, 581, 380, 401, 168, 737, 380, 307, 500, 347, 427, 364, 237, 506, 634, 0, 325, 349, 529, 411, 325, 289, 456, 275, 502, 524, 452, 454, 547],
        [856, 856, 603, 543, 630, 718, 665, 749, 496, 422, 351, 879, 725, 620, 428, 53, 375, 216, 383, 512, 361, 517, 562, 416, 711, 434, 142, 160, 920, 75, 528, 610, 401, 715, 532, 127, 820, 478, 325, 0, 356, 459, 260, 576, 240, 162, 586, 462, 704, 750, 439, 847],
        [725, 725, 356, 783, 540, 786, 443, 674, 238, 778, 200, 762, 927, 367, 214, 335, 695, 154, 665, 612, 231, 693, 360, 207, 922, 82, 289, 336, 1086, 340, 656, 833, 648, 754, 707, 397, 649, 827, 349, 356, 0, 777, 596, 343, 117, 514, 589, 152, 872, 768, 730, 639],
        [957, 957, 885, 231, 751, 609, 909, 812, 951, 302, 673, 958, 408, 905, 747, 455, 84, 623, 141, 465, 662, 347, 818, 873, 385, 842, 597, 445, 614, 521, 429, 299, 210, 649, 354, 381, 973, 159, 529, 459, 777, 0, 201, 854, 665, 383, 622, 907, 450, 698, 96, 1037],
        [910, 910, 760, 345, 686, 643, 800, 776, 755, 254, 524, 920, 539, 780, 602, 264, 120, 443, 171, 455, 520, 388, 700, 676, 520, 667, 396, 282, 747, 320, 441, 420, 230, 664, 400, 206, 904, 234, 411, 260, 596, 201, 0, 729, 481, 191, 587, 717, 549, 709, 207, 954],
        [395, 395, 32, 762, 267, 594, 100, 384, 543, 966, 225, 436, 841, 52, 152, 529, 787, 381, 715, 495, 217, 626, 49, 541, 845, 296, 580, 456, 945, 600, 552, 783, 664, 542, 635, 535, 309, 957, 325, 576, 343, 854, 729, 0, 392, 733, 386, 446, 759, 536, 776, 296],
        [743, 743, 412, 687, 537, 736, 491, 670, 308, 662, 189, 775, 842, 427, 242, 218, 582, 50, 559, 547, 215, 611, 395, 248, 835, 195, 192, 232, 1013, 231, 585, 742, 548, 713, 626, 285, 681, 710, 289, 240, 117, 665, 481, 392, 0, 399, 554, 245, 796, 734, 622, 685],
        [988, 988, 761, 532, 759, 789, 819, 869, 623, 266, 509, 1006, 726, 779, 588, 204, 307, 378, 358, 587, 517, 553, 716, 539, 708, 594, 252, 289, 932, 181, 588, 606, 405, 799, 567, 220, 961, 354, 456, 162, 514, 383, 191, 733, 399, 0, 691, 605, 727, 839, 398, 995],
        [335, 335, 412, 452, 152, 210, 379, 191, 826, 840, 388, 338, 475, 427, 398, 534, 584, 511, 486, 160, 358, 300, 338, 789, 484, 592, 675, 426, 560, 648, 210, 446, 412, 167, 303, 475, 362, 764, 275, 586, 589, 622, 587, 386, 554, 691, 0, 735, 385, 181, 528, 439],
        [840, 840, 450, 930, 674, 935, 540, 806, 98, 870, 348, 880, 1077, 455, 345, 453, 823, 292, 803, 764, 378, 844, 474, 119, 1072, 152, 356, 476, 1238, 424, 808, 982, 792, 901, 858, 528, 754, 940, 502, 462, 152, 907, 717, 446, 245, 605, 735, 0, 1024, 913, 867, 728],
        [665, 665, 787, 219, 536, 231, 764, 520, 1101, 746, 689, 646, 97, 804, 730, 667, 469, 746, 379, 271, 663, 189, 711, 1043, 115, 902, 837, 583, 219, 779, 219, 153, 321, 294, 173, 578, 724, 607, 524, 704, 872, 450, 549, 759, 796, 727, 385, 1024, 0, 338, 369, 810],
        [331, 331, 556, 488, 271, 107, 503, 197, 1005, 953, 568, 309, 436, 568, 572, 700, 680, 691, 577, 255, 538, 350, 489, 970, 453, 767, 849, 593, 450, 817, 273, 454, 501, 50, 345, 632, 405, 852, 452, 750, 768, 698, 709, 536, 734, 839, 181, 913, 338, 0, 603, 496],
        [863, 863, 807, 151, 659, 515, 825, 717, 920, 377, 607, 863, 341, 827, 678, 425, 102, 577, 65, 370, 593, 252, 737, 845, 321, 789, 581, 393, 551, 509, 333, 225, 118, 554, 259, 341, 881, 251, 454, 439, 730, 96, 207, 776, 622, 398, 528, 867, 369, 603, 0, 947],
        [192, 192, 283, 889, 291, 592, 196, 298, 824, 1204, 507, 237, 905, 274, 443, 797, 985, 670, 896, 596, 490, 737, 292, 831, 917, 585, 870, 707, 946, 881, 649, 885, 829, 527, 741, 782, 92, 1164, 547, 847, 639, 1037, 954, 296, 685, 995, 439, 728, 810, 496, 947, 0]
    ]
}
