{
    "name": "prob30d",
    "comment": "data-set-1/json/prob30d.json",
    "nodes": ["+0", "-0", "+2", "-2", "+3", "-3", "+4", "-4", "+5", "-5", "+6", "-6", "+7", "-7", "+8", "-8", "+9", "-9", "+10", "-10", "+11", "-11", "+12", "-12", "+13", "-13", "+14", "-14", "+15", "-15", "+16", "-16", "+17", "-17", "+18", "-18", "+19", "-19", "+20", "-20", "+21", "-21", "+22", "-22", "+23", "-23", "+24", "-24", "+25", "-25", "+26", "-26", "+27", "-27", "+28", "-28", "+29", "-29", "+30", "-30", "+31", "-31"],
    "precedence": {
        "+0": "-0",
        "+2": "-2",
        "+3": "-3",
        "+4": "-4",
        "+5": "-5",
        "+6": "-6",
        "+7": "-7",
        "+8": "-8",
        "+9": "-9",
        "+10": "-10",
        "+11": "-11",
        "+12": "-12",
        "+13": "-13",
        "+14": "-14",
        "+15": "-15",
        "+16": "-16",
        "+17": "-17",
        "+18": "-18",
        "+19": "-19",
        "+20": "-20",
        "+21": "-21",
        "+22": "-22",
        "+23": "-23",
        "+24": "-24",
        "+25": "-25",
        "+26": "-26",
        "+27": "-27",
        "+28": "-28",
        "+29": "-29",
        "+30": "-30",
        "+31": "-31"
    },
    "edges": [
        [0, 0, 207, 729, 232, 446, 423, 686, 590, 431, 605, 347, 402, 716, 532, 464, 132, 815, 571, 620, 207, 538, 709, 326, 341, 500, 485, 347, 659, 696, 281, 527, 705, 833, 506, 367, 370, 262, 541, 508, 803, 604, 370, 594, 631, 231, 814, 465, 211, 117, 669, 773, 187, 106, 455, 868, 701, 105, 697, 76, 283, 375],
        [0, 0, 207, 729, 232, 446, 423, 686, 590, 431, 605, 347, 402, 716, 532, 464, 132, 815, 571, 620, 207, 538, 709, 326, 341, 500, 485, 347, 659, 696, 281, 527, 705, 833, 506, 367, 370, 262, 541, 508, 803, 604, 370, 594, 631, 231, 814, 465, 211, 117, 669, 773, 187, 106, 455, 868, 701, 105, 697, 76, 283, 375],
        [207, 207, 0, 524, 424, 461, 453, 600, 444, 507, 398, 340, 270, 562, 333, 502, 303, 670, 411, 418, 408, 332, 519, 421, 523, 525, 284, 331, 452, 489, 237, 419, 501, 677, 411, 518, 182, 347, 402, 443, 606, 480, 455, 425, 465, 352, 627, 283, 19, 263, 497, 566, 341, 165, 436, 738, 502, 125, 595, 144, 339, 525],
        [729, 729, 524, 0, 926, 839, 762, 605, 375, 864, 159, 735, 437, 365, 208, 897, 801, 453, 324, 115, 919, 236, 333, 825, 1007, 898, 247, 639, 91, 56, 585, 484, 184, 412, 633, 967, 417, 766, 524, 592, 143, 588, 837, 291, 298, 802, 223, 388, 524, 780, 273, 122, 821, 659, 777, 545, 87, 646, 559, 667, 794, 971],
        [232, 232, 424, 926, 0, 618, 390, 736, 713, 336, 817, 545, 535, 839, 720, 618, 125, 920, 711, 812, 44, 755, 938, 244, 113, 660, 679, 391, 864, 899, 378, 618, 924, 950, 726, 180, 598, 232, 771, 557, 979, 831, 284, 740, 772, 172, 974, 695, 432, 285, 814, 984, 118, 268, 646, 954, 884, 337, 763, 308, 455, 189],
        [446, 446, 461, 839, 618, 0, 862, 1061, 893, 876, 679, 122, 730, 1000, 716, 60, 567, 1113, 850, 768, 577, 603, 628, 772, 727, 65, 666, 764, 748, 786, 678, 879, 716, 1110, 247, 789, 437, 708, 363, 900, 963, 360, 816, 857, 897, 676, 1012, 451, 444, 342, 920, 815, 624, 523, 74, 1188, 858, 391, 1056, 405, 165, 798],
        [423, 423, 453, 762, 390, 862, 0, 366, 432, 111, 716, 752, 328, 539, 566, 885, 334, 591, 459, 652, 421, 686, 912, 149, 387, 919, 549, 134, 735, 758, 223, 312, 838, 634, 862, 290, 614, 171, 851, 211, 759, 931, 120, 495, 512, 226, 723, 710, 471, 539, 555, 858, 291, 339, 859, 602, 692, 474, 404, 457, 704, 288],
        [686, 686, 600, 605, 736, 1061, 366, 0, 238, 467, 640, 940, 335, 260, 482, 1100, 649, 255, 296, 528, 759, 653, 870, 509, 750, 1125, 500, 351, 624, 628, 406, 185, 749, 310, 975, 656, 684, 504, 919, 182, 536, 1003, 486, 321, 307, 564, 468, 750, 617, 799, 334, 724, 623, 581, 1034, 241, 518, 686, 54, 683, 928, 654],
        [590, 590, 444, 375, 713, 893, 432, 238, 0, 543, 403, 772, 188, 127, 246, 939, 600, 227, 59, 291, 722, 420, 633, 537, 762, 958, 272, 340, 386, 393, 335, 122, 511, 243, 772, 691, 480, 499, 702, 233, 334, 785, 534, 85, 83, 552, 291, 531, 457, 687, 124, 491, 595, 489, 855, 295, 291, 555, 202, 562, 782, 693],
        [431, 431, 507, 864, 336, 876, 111, 467, 543, 0, 808, 775, 427, 650, 664, 893, 317, 700, 568, 752, 374, 772, 994, 106, 306, 930, 643, 226, 832, 857, 299, 423, 929, 744, 907, 199, 680, 171, 909, 321, 867, 986, 61, 603, 622, 203, 833, 780, 524, 540, 665, 956, 264, 368, 883, 707, 797, 502, 509, 480, 713, 195],
        [605, 605, 398, 159, 817, 679, 716, 640, 403, 808, 0, 577, 391, 441, 162, 737, 693, 546, 344, 126, 804, 78, 231, 752, 908, 738, 166, 584, 69, 107, 512, 484, 122, 518, 476, 882, 265, 686, 370, 581, 293, 440, 772, 322, 347, 713, 359, 228, 394, 641, 341, 169, 720, 549, 618, 638, 198, 513, 604, 537, 640, 887],
        [347, 347, 340, 735, 545, 122, 752, 940, 772, 775, 577, 0, 608, 880, 600, 170, 476, 992, 730, 658, 506, 499, 557, 672, 657, 186, 550, 649, 645, 684, 561, 758, 626, 991, 209, 706, 324, 605, 304, 780, 854, 329, 715, 737, 777, 579, 899, 353, 323, 260, 801, 722, 532, 414, 108, 1067, 748, 279, 934, 297, 106, 715],
        [402, 402, 270, 437, 535, 730, 328, 335, 188, 427, 391, 608, 0, 315, 238, 772, 418, 414, 176, 325, 541, 372, 600, 392, 596, 794, 225, 202, 407, 431, 160, 150, 513, 431, 643, 540, 355, 339, 596, 206, 455, 680, 401, 205, 237, 385, 440, 433, 286, 500, 279, 531, 419, 301, 700, 473, 374, 372, 326, 376, 607, 543],
        [716, 716, 562, 365, 839, 1000, 539, 260, 127, 650, 441, 880, 315, 0, 309, 1049, 727, 114, 152, 317, 849, 478, 669, 655, 884, 1065, 348, 460, 406, 400, 462, 230, 532, 116, 860, 810, 574, 621, 778, 330, 278, 858, 648, 144, 105, 676, 208, 610, 574, 811, 100, 487, 721, 616, 957, 200, 278, 677, 208, 685, 898, 810],
        [532, 532, 333, 208, 720, 716, 566, 482, 246, 664, 162, 600, 238, 309, 0, 769, 595, 422, 188, 93, 714, 174, 389, 620, 799, 779, 51, 438, 169, 194, 378, 322, 281, 405, 554, 759, 279, 558, 469, 420, 273, 549, 634, 173, 206, 594, 302, 301, 337, 595, 214, 292, 613, 455, 665, 509, 169, 458, 448, 476, 639, 763],
        [464, 464, 502, 897, 618, 60, 885, 1100, 939, 893, 737, 170, 772, 1049, 769, 0, 579, 1161, 899, 824, 575, 661, 688, 787, 724, 44, 719, 794, 806, 844, 710, 920, 775, 1160, 306, 793, 492, 726, 423, 935, 1020, 417, 832, 906, 946, 690, 1067, 510, 486, 353, 971, 874, 635, 549, 132, 1234, 914, 421, 1097, 432, 181, 802],
        [132, 132, 303, 801, 125, 567, 334, 649, 600, 317, 693, 476, 418, 727, 595, 579, 0, 815, 594, 688, 123, 633, 821, 212, 220, 618, 554, 298, 740, 774, 265, 514, 802, 841, 638, 235, 481, 163, 669, 467, 856, 735, 257, 622, 655, 114, 854, 581, 313, 226, 696, 860, 57, 144, 583, 855, 761, 231, 670, 203, 402, 243],
        [815, 815, 670, 453, 920, 1113, 591, 255, 227, 700, 546, 992, 414, 114, 422, 1161, 815, 0, 263, 421, 935, 588, 770, 720, 956, 1177, 462, 532, 505, 494, 550, 302, 628, 58, 973, 874, 688, 696, 891, 381, 341, 970, 706, 258, 219, 753, 256, 723, 683, 914, 208, 573, 803, 712, 1071, 93, 370, 783, 203, 789, 1008, 873],
        [571, 571, 411, 324, 711, 850, 459, 296, 59, 568, 344, 730, 176, 152, 188, 899, 594, 263, 0, 234, 717, 362, 575, 552, 768, 915, 215, 354, 329, 338, 334, 161, 454, 267, 720, 705, 430, 507, 647, 272, 299, 729, 553, 35, 61, 557, 269, 476, 422, 662, 103, 438, 594, 474, 810, 340, 243, 527, 261, 536, 747, 706],
        [620, 620, 418, 115, 812, 768, 652, 528, 291, 752, 126, 658, 325, 317, 93, 824, 688, 421, 234, 0, 806, 178, 352, 711, 892, 830, 135, 527, 95, 108, 470, 387, 221, 392, 584, 852, 334, 651, 486, 492, 197, 560, 724, 207, 227, 687, 246, 329, 420, 678, 217, 209, 706, 547, 712, 513, 90, 542, 488, 561, 707, 856],
        [207, 207, 408, 919, 44, 577, 421, 759, 722, 374, 804, 506, 541, 849, 714, 575, 123, 935, 717, 806, 0, 740, 916, 278, 151, 618, 672, 410, 854, 890, 387, 633, 909, 962, 691, 223, 577, 257, 740, 578, 978, 798, 320, 745, 778, 197, 977, 673, 414, 247, 819, 972, 136, 260, 606, 972, 881, 312, 783, 283, 415, 232],
        [538, 538, 332, 236, 755, 603, 686, 653, 420, 772, 78, 499, 372, 478, 174, 661, 633, 588, 362, 178, 740, 0, 229, 709, 850, 662, 154, 553, 146, 185, 474, 484, 169, 566, 407, 832, 188, 640, 308, 572, 363, 384, 732, 346, 377, 662, 423, 154, 327, 568, 380, 240, 664, 490, 543, 678, 262, 442, 621, 467, 562, 837],
        [709, 709, 519, 333, 938, 628, 912, 870, 633, 994, 231, 557, 600, 669, 389, 688, 821, 770, 575, 352, 916, 229, 0, 924, 1041, 675, 380, 778, 265, 281, 695, 709, 148, 736, 385, 1036, 341, 852, 265, 800, 474, 298, 950, 553, 578, 867, 556, 244, 508, 709, 569, 240, 860, 684, 556, 863, 404, 606, 835, 634, 647, 1042],
        [326, 326, 421, 825, 244, 772, 149, 509, 537, 106, 752, 672, 392, 655, 620, 787, 212, 720, 552, 711, 278, 709, 924, 0, 241, 825, 592, 198, 784, 812, 242, 425, 872, 758, 811, 155, 599, 74, 821, 341, 845, 895, 45, 586, 610, 98, 822, 700, 437, 434, 654, 909, 159, 271, 780, 740, 766, 402, 543, 379, 608, 155],
        [341, 341, 523, 1007, 113, 727, 387, 750, 762, 306, 908, 657, 596, 884, 799, 724, 220, 956, 768, 892, 151, 850, 1041, 241, 0, 767, 762, 425, 951, 984, 436, 657, 1019, 992, 839, 110, 701, 263, 882, 580, 1049, 943, 268, 799, 828, 211, 1036, 800, 533, 398, 871, 1073, 187, 361, 758, 980, 959, 445, 784, 416, 566, 117],
        [500, 500, 525, 898, 660, 65, 919, 1125, 958, 930, 738, 186, 794, 1065, 779, 44, 618, 1177, 915, 830, 618, 662, 675, 825, 767, 0, 730, 825, 807, 844, 739, 943, 769, 1174, 290, 834, 500, 762, 409, 962, 1024, 395, 869, 921, 961, 728, 1074, 510, 508, 392, 984, 869, 674, 582, 121, 1253, 919, 451, 1120, 464, 217, 844],
        [485, 485, 284, 247, 679, 666, 549, 500, 272, 643, 166, 550, 225, 348, 51, 719, 554, 462, 215, 135, 672, 154, 380, 592, 762, 730, 0, 418, 192, 223, 350, 330, 289, 450, 511, 727, 231, 528, 432, 420, 323, 514, 609, 207, 243, 560, 353, 262, 287, 546, 258, 317, 575, 412, 617, 547, 218, 409, 471, 427, 588, 731],
        [347, 347, 331, 639, 391, 764, 134, 351, 340, 226, 584, 649, 202, 460, 438, 794, 298, 532, 354, 527, 410, 553, 778, 198, 425, 825, 418, 0, 606, 631, 94, 232, 706, 566, 742, 352, 484, 163, 723, 169, 649, 804, 201, 388, 412, 221, 623, 578, 349, 464, 455, 730, 275, 248, 753, 563, 574, 374, 373, 362, 614, 353],
        [659, 659, 452, 91, 864, 748, 735, 624, 386, 832, 69, 645, 407, 406, 169, 806, 740, 505, 329, 95, 854, 146, 265, 784, 951, 807, 192, 606, 0, 39, 542, 481, 127, 471, 543, 919, 331, 720, 435, 584, 228, 502, 800, 302, 321, 751, 299, 297, 450, 702, 307, 125, 764, 596, 687, 598, 141, 571, 583, 593, 707, 924],
        [696, 696, 489, 56, 899, 786, 758, 628, 393, 857, 107, 684, 431, 400, 194, 844, 774, 494, 338, 108, 890, 185, 281, 812, 984, 844, 223, 631, 39, 0, 571, 494, 135, 457, 578, 950, 370, 750, 467, 600, 198, 532, 827, 309, 323, 783, 275, 334, 488, 740, 304, 101, 797, 631, 723, 587, 125, 608, 586, 631, 746, 954],
        [281, 281, 237, 585, 378, 678, 223, 406, 335, 299, 512, 561, 160, 462, 378, 710, 265, 550, 334, 470, 387, 474, 695, 242, 436, 739, 350, 94, 542, 571, 0, 252, 633, 575, 648, 383, 392, 181, 630, 229, 614, 711, 260, 364, 395, 225, 601, 488, 256, 393, 437, 667, 260, 176, 664, 594, 529, 289, 417, 282, 533, 387],
        [527, 527, 419, 484, 618, 879, 312, 185, 122, 423, 484, 758, 150, 230, 322, 920, 514, 302, 161, 387, 633, 484, 709, 425, 657, 943, 330, 232, 481, 494, 252, 0, 601, 335, 791, 580, 500, 395, 737, 112, 455, 821, 417, 196, 204, 451, 412, 570, 435, 634, 246, 595, 501, 422, 850, 343, 404, 513, 177, 513, 752, 580],
        [705, 705, 501, 184, 924, 716, 838, 749, 511, 929, 122, 626, 513, 532, 281, 775, 802, 628, 454, 221, 909, 169, 148, 872, 1019, 769, 289, 706, 127, 135, 633, 601, 0, 592, 488, 998, 345, 804, 370, 701, 326, 423, 893, 428, 447, 829, 407, 276, 495, 729, 433, 102, 833, 659, 648, 721, 260, 608, 709, 634, 703, 1004],
        [833, 833, 677, 412, 950, 1110, 634, 310, 243, 744, 518, 991, 431, 116, 405, 1160, 841, 58, 267, 392, 962, 566, 736, 758, 992, 1174, 450, 566, 471, 457, 575, 335, 592, 0, 959, 913, 679, 729, 871, 423, 292, 949, 747, 254, 214, 786, 205, 706, 689, 927, 192, 530, 832, 732, 1065, 139, 332, 793, 257, 802, 1012, 913],
        [506, 506, 411, 633, 726, 247, 862, 975, 772, 907, 476, 209, 643, 860, 554, 306, 638, 973, 720, 584, 691, 407, 385, 811, 839, 290, 511, 742, 543, 578, 648, 791, 488, 959, 0, 873, 292, 738, 120, 840, 768, 120, 850, 717, 754, 726, 830, 255, 392, 446, 768, 590, 691, 541, 174, 1057, 669, 412, 959, 438, 315, 881],
        [367, 367, 518, 967, 180, 789, 290, 656, 691, 199, 882, 706, 540, 810, 759, 793, 235, 874, 705, 852, 223, 832, 1036, 155, 110, 834, 727, 352, 919, 950, 383, 580, 998, 913, 873, 0, 700, 202, 901, 493, 995, 969, 170, 738, 763, 170, 974, 801, 531, 449, 807, 1043, 183, 354, 811, 891, 912, 464, 693, 437, 624, 9],
        [370, 370, 182, 417, 598, 437, 614, 684, 480, 680, 265, 324, 355, 574, 279, 492, 481, 688, 430, 334, 577, 188, 341, 599, 701, 500, 231, 484, 331, 370, 392, 500, 345, 679, 292, 700, 0, 526, 243, 558, 531, 326, 631, 430, 469, 534, 576, 102, 169, 384, 487, 427, 521, 346, 386, 769, 424, 268, 666, 295, 376, 707],
        [262, 262, 347, 766, 232, 708, 171, 504, 499, 171, 686, 605, 339, 621, 558, 726, 163, 696, 507, 651, 257, 640, 852, 74, 263, 762, 528, 163, 720, 750, 181, 395, 804, 729, 738, 202, 526, 0, 747, 326, 794, 821, 112, 539, 567, 60, 776, 627, 363, 375, 610, 844, 123, 198, 712, 724, 710, 331, 531, 309, 546, 205],
        [541, 541, 402, 524, 771, 363, 851, 919, 702, 909, 370, 304, 596, 778, 469, 423, 669, 891, 647, 486, 740, 308, 265, 821, 882, 409, 432, 723, 435, 467, 630, 737, 370, 871, 120, 901, 243, 747, 0, 800, 662, 84, 856, 639, 674, 744, 728, 171, 385, 505, 683, 472, 718, 553, 291, 978, 567, 438, 897, 467, 404, 909],
        [508, 508, 443, 592, 557, 900, 211, 182, 233, 321, 581, 780, 206, 330, 420, 935, 467, 381, 272, 492, 578, 572, 800, 341, 580, 962, 420, 169, 584, 600, 229, 112, 701, 423, 840, 493, 558, 326, 800, 0, 566, 884, 325, 307, 316, 386, 521, 639, 461, 622, 356, 701, 443, 403, 879, 400, 514, 516, 206, 510, 759, 492],
        [803, 803, 606, 143, 979, 963, 759, 536, 334, 867, 293, 854, 455, 278, 273, 1020, 856, 341, 299, 197, 978, 363, 474, 845, 1049, 1024, 323, 649, 228, 198, 614, 455, 326, 292, 768, 995, 531, 794, 662, 566, 0, 729, 850, 264, 251, 838, 88, 517, 610, 869, 212, 247, 867, 720, 905, 430, 107, 731, 485, 749, 904, 997],
        [604, 604, 480, 588, 831, 360, 931, 1003, 785, 986, 440, 329, 680, 858, 549, 417, 735, 970, 729, 560, 798, 384, 298, 895, 943, 395, 514, 804, 502, 532, 711, 821, 423, 949, 120, 969, 326, 821, 84, 884, 729, 0, 932, 720, 755, 815, 799, 254, 462, 556, 762, 525, 786, 625, 287, 1058, 638, 505, 980, 532, 434, 977],
        [370, 370, 455, 837, 284, 816, 120, 486, 534, 61, 772, 715, 401, 648, 634, 832, 257, 706, 553, 724, 320, 732, 950, 45, 268, 869, 609, 201, 800, 827, 260, 417, 893, 747, 850, 170, 631, 112, 856, 325, 850, 932, 0, 588, 610, 143, 821, 731, 471, 479, 653, 925, 204, 310, 823, 721, 774, 443, 523, 421, 653, 168],
        [594, 594, 425, 291, 740, 857, 495, 321, 85, 603, 322, 737, 205, 144, 173, 906, 622, 258, 35, 207, 745, 346, 553, 586, 799, 921, 207, 388, 302, 309, 364, 196, 428, 254, 717, 738, 430, 539, 639, 307, 264, 720, 588, 0, 40, 588, 237, 469, 436, 681, 75, 407, 624, 498, 813, 340, 209, 545, 282, 555, 759, 740],
        [631, 631, 465, 298, 772, 897, 512, 307, 83, 622, 347, 777, 237, 105, 206, 946, 655, 219, 61, 227, 778, 377, 578, 610, 828, 961, 243, 412, 321, 323, 395, 204, 447, 214, 754, 763, 469, 567, 674, 316, 251, 755, 610, 40, 0, 617, 212, 505, 476, 720, 43, 418, 655, 534, 853, 304, 212, 584, 263, 594, 799, 765],
        [231, 231, 352, 802, 172, 676, 226, 564, 552, 203, 713, 579, 385, 676, 594, 690, 114, 753, 557, 687, 197, 662, 867, 98, 211, 728, 560, 221, 751, 783, 225, 451, 829, 786, 726, 170, 534, 60, 744, 386, 838, 815, 143, 588, 617, 0, 825, 635, 366, 337, 660, 875, 65, 191, 686, 784, 751, 314, 591, 289, 512, 175],
        [814, 814, 627, 223, 974, 1012, 723, 468, 291, 833, 359, 899, 440, 208, 302, 1067, 854, 256, 269, 246, 977, 423, 556, 822, 1036, 1074, 353, 623, 299, 275, 601, 412, 407, 205, 830, 974, 576, 776, 728, 521, 88, 799, 821, 237, 212, 825, 0, 575, 633, 889, 168, 334, 859, 724, 958, 344, 161, 751, 416, 766, 941, 976],
        [465, 465, 283, 388, 695, 451, 710, 750, 531, 780, 228, 353, 433, 610, 301, 510, 581, 723, 476, 329, 673, 154, 244, 700, 800, 510, 262, 578, 297, 334, 488, 570, 276, 706, 255, 801, 102, 627, 171, 639, 517, 254, 731, 469, 505, 635, 575, 0, 270, 467, 515, 369, 622, 447, 389, 809, 416, 361, 727, 390, 427, 808],
        [211, 211, 19, 524, 432, 444, 471, 617, 457, 524, 394, 323, 286, 574, 337, 486, 313, 683, 422, 420, 414, 327, 508, 437, 533, 508, 287, 349, 450, 488, 256, 435, 495, 689, 392, 531, 169, 363, 385, 461, 610, 462, 471, 436, 476, 366, 633, 270, 0, 258, 507, 563, 353, 177, 419, 752, 505, 122, 612, 143, 325, 538],
        [117, 117, 263, 780, 285, 342, 539, 799, 687, 540, 641, 260, 500, 811, 595, 353, 226, 914, 662, 678, 247, 568, 709, 434, 398, 392, 546, 464, 702, 740, 393, 634, 729, 927, 446, 449, 384, 375, 505, 622, 869, 556, 479, 681, 720, 337, 889, 467, 258, 0, 754, 808, 282, 218, 363, 972, 764, 138, 807, 126, 177, 458],
        [669, 669, 497, 273, 814, 920, 555, 334, 124, 665, 341, 801, 279, 100, 214, 971, 696, 208, 103, 217, 819, 380, 569, 654, 871, 984, 258, 455, 307, 304, 437, 246, 433, 192, 768, 807, 487, 610, 683, 356, 212, 762, 653, 75, 43, 660, 168, 515, 507, 754, 0, 395, 697, 573, 873, 298, 186, 618, 287, 629, 827, 808],
        [773, 773, 566, 122, 984, 815, 858, 724, 491, 956, 169, 722, 531, 487, 292, 874, 860, 573, 438, 209, 972, 240, 240, 909, 1073, 869, 317, 730, 125, 101, 667, 595, 102, 530, 590, 1043, 427, 844, 472, 701, 247, 525, 925, 407, 418, 875, 334, 369, 563, 808, 395, 0, 886, 716, 748, 665, 209, 681, 680, 705, 794, 1048],
        [187, 187, 341, 821, 118, 624, 291, 623, 595, 264, 720, 532, 419, 721, 613, 635, 57, 803, 594, 706, 136, 664, 860, 159, 187, 674, 575, 275, 764, 797, 260, 501, 833, 832, 691, 183, 521, 123, 718, 443, 867, 786, 204, 624, 655, 65, 859, 622, 353, 282, 697, 886, 0, 176, 639, 837, 775, 281, 648, 254, 459, 191],
        [106, 106, 165, 659, 268, 523, 339, 581, 489, 368, 549, 414, 301, 616, 455, 549, 144, 712, 474, 547, 260, 490, 684, 271, 361, 582, 412, 248, 596, 631, 176, 422, 659, 732, 541, 354, 346, 198, 553, 403, 720, 625, 310, 498, 534, 191, 724, 447, 177, 218, 573, 716, 176, 0, 521, 764, 622, 136, 592, 118, 368, 361],
        [455, 455, 436, 777, 646, 74, 859, 1034, 855, 883, 618, 108, 700, 957, 665, 132, 583, 1071, 810, 712, 606, 543, 556, 780, 758, 121, 617, 753, 687, 723, 664, 850, 648, 1065, 174, 811, 386, 712, 291, 879, 905, 287, 823, 813, 853, 686, 958, 389, 419, 363, 873, 748, 639, 521, 0, 1149, 801, 385, 1026, 404, 193, 820],
        [868, 868, 738, 545, 954, 1188, 602, 241, 295, 707, 638, 1067, 473, 200, 509, 1234, 855, 93, 340, 513, 972, 678, 863, 740, 980, 1253, 547, 563, 598, 587, 594, 343, 721, 139, 1057, 891, 769, 724, 978, 400, 430, 1058, 721, 340, 304, 784, 344, 809, 752, 972, 298, 665, 837, 764, 1149, 0, 462, 845, 198, 849, 1076, 889],
        [701, 701, 502, 87, 884, 858, 692, 518, 291, 797, 198, 748, 374, 278, 169, 914, 761, 370, 243, 90, 881, 262, 404, 766, 959, 919, 218, 574, 141, 125, 529, 404, 260, 332, 669, 912, 424, 710, 567, 514, 107, 638, 774, 209, 212, 751, 161, 416, 505, 764, 186, 209, 775, 622, 801, 462, 0, 627, 472, 645, 797, 915],
        [105, 105, 125, 646, 337, 391, 474, 686, 555, 502, 513, 279, 372, 677, 458, 421, 231, 783, 527, 542, 312, 442, 606, 402, 445, 451, 409, 374, 571, 608, 289, 513, 608, 793, 412, 464, 268, 331, 438, 516, 731, 505, 443, 545, 584, 314, 751, 361, 122, 138, 618, 681, 281, 136, 385, 845, 627, 0, 689, 29, 244, 472],
        [697, 697, 595, 559, 763, 1056, 404, 54, 202, 509, 604, 934, 326, 208, 448, 1097, 670, 203, 261, 488, 783, 621, 835, 543, 784, 1120, 471, 373, 583, 586, 417, 177, 709, 257, 959, 693, 666, 531, 897, 206, 485, 980, 523, 282, 263, 591, 416, 727, 612, 807, 287, 680, 648, 592, 1026, 198, 472, 689, 0, 688, 929, 691],
        [76, 76, 144, 667, 308, 405, 457, 683, 562, 480, 537, 297, 376, 685, 476, 432, 203, 789, 536, 561, 283, 467, 634, 379, 416, 464, 427, 362, 593, 631, 282, 513, 634, 802, 438, 437, 295, 309, 467, 510, 749, 532, 421, 555, 594, 289, 766, 390, 143, 126, 629, 705, 254, 118, 404, 849, 645, 29, 688, 0, 252, 445],
        [283, 283, 339, 794, 455, 165, 704, 928, 782, 713, 640, 106, 607, 898, 639, 181, 402, 1008, 747, 707, 415, 562, 647, 608, 566, 217, 588, 614, 707, 746, 533, 752, 703, 1012, 315, 624, 376, 546, 404, 759, 904, 434, 653, 759, 799, 512, 941, 427, 325, 177, 827, 794, 459, 368, 193, 1076, 797, 244, 929, 252, 0, 634],
        [375, 375, 525, 971, 189, 798, 288, 654, 693, 195, 887, 715, 543, 810, 763, 802, 243, 873, 706, 856, 232, 837, 1042, 155, 117, 844, 731, 353, 924, 954, 387, 580, 1004, 913, 881, 9, 707, 205, 909, 492, 997, 977, 168, 740, 765, 175, 976, 808, 538, 458, 808, 1048, 191, 361, 820, 889, 915, 472, 691, 445, 634, 0]
    ]
}
