{
    "name": "prob25b",
    "comment": "data-set-1/json/prob25b.json",
    "nodes": ["+0", "-0", "+2", "-2", "+3", "-3", "+4", "-4", "+5", "-5", "+6", "-6", "+7", "-7", "+8", "-8", "+9", "-9", "+10", "-10", "+11", "-11", "+12", "-12", "+13", "-13", "+14", "-14", "+15", "-15", "+16", "-16", "+17", "-17", "+18", "-18", "+19", "-19", "+20", "-20", "+21", "-21", "+22", "-22", "+23", "-23", "+24", "-24", "+25", "-25", "+26", "-26"],
    "precedence": {
        "+0": "-0",
        "+2": "-2",
        "+3": "-3",
        "+4": "-4",
        "+5": "-5",
        "+6": "-6",
        "+7": "-7",
        "+8": "-8",
        "+9": "-9",
        "+10": "-10",
        "+11": "-11",
        "+12": "-12",
        "+13": "-13",
        "+14": "-14",
        "+15": "-15",
        "+16": "-16",
        "+17": "-17",
        "+18": "-18",
        "+19": "-19",
        "+20": "-20",
        "+21": "-21",
        "+22": "-22",
        "+23": "-23",
        "+24": "-24",
        "+25": "-25",
        "+26": "-26"
    },
    "edges": [
        [0, 0, 140, 635, 286, 851, 334, 48, 233, 281, 73, 744, 726, 373, 362, 337, 472, 249, 401, 192, 229, 108, 399, 330, 268, 236, 391, 175, 534, 263, 836, 344, 428, 435, 590, 441, 298, 795, 749, 805, 361, 541, 580, 831, 608, 174, 645, 644, 252, 268, 756, 280],
        [0, 0, 140, 635, 286, 851, 334, 48, 233, 281, 73, 744, 726, 373, 362, 337, 472, 249, 401, 192, 229, 108, 399, 330, 268, 236, 391, 175, 534, 263, 836, 344, 428, 435, 590, 441, 298, 795, 749, 805, 361, 541, 580, 831, 608, 174, 645, 644, 252, 268, 756, 280],
        [140, 140, 0, 753, 426, 969, 258, 119, 351, 371, 75, 883, 857, 299, 301, 467, 604, 387, 443, 314, 317, 148, 461, 257, 333, 376, 528, 297, 556, 385, 936, 438, 536, 568, 694, 567, 354, 921, 882, 882, 500, 636, 538, 925, 617, 309, 740, 720, 147, 310, 832, 378],
        [635, 635, 753, 0, 422, 217, 757, 680, 624, 396, 679, 525, 186, 766, 734, 310, 545, 415, 458, 608, 711, 726, 395, 749, 458, 466, 311, 613, 526, 372, 249, 333, 221, 534, 123, 203, 804, 189, 226, 351, 424, 192, 769, 277, 591, 554, 175, 295, 886, 509, 331, 382],
        [286, 286, 426, 422, 0, 627, 563, 318, 202, 270, 355, 467, 463, 593, 571, 128, 242, 60, 443, 189, 290, 342, 399, 557, 323, 53, 120, 197, 584, 153, 660, 282, 282, 208, 429, 222, 382, 547, 480, 693, 85, 413, 732, 673, 668, 142, 501, 554, 525, 368, 652, 247],
        [851, 851, 969, 217, 627, 0, 958, 896, 828, 608, 895, 599, 222, 964, 931, 524, 709, 627, 644, 816, 917, 941, 585, 950, 666, 674, 510, 822, 680, 589, 176, 542, 434, 706, 295, 416, 1009, 125, 244, 363, 616, 368, 932, 233, 730, 764, 293, 403, 1102, 714, 375, 595],
        [334, 334, 258, 757, 563, 958, 0, 346, 566, 371, 270, 1028, 904, 41, 52, 544, 787, 507, 327, 524, 557, 397, 378, 8, 302, 527, 629, 508, 382, 454, 880, 427, 540, 750, 664, 616, 607, 944, 937, 777, 648, 592, 288, 854, 419, 495, 685, 623, 365, 249, 727, 391],
        [48, 48, 119, 680, 318, 896, 346, 0, 233, 328, 76, 767, 766, 387, 380, 379, 486, 287, 444, 196, 211, 64, 445, 343, 313, 266, 428, 178, 574, 308, 883, 391, 474, 450, 638, 484, 267, 837, 788, 853, 388, 589, 606, 878, 646, 193, 692, 691, 210, 310, 803, 328],
        [233, 233, 351, 624, 202, 828, 566, 233, 0, 398, 302, 563, 654, 604, 591, 323, 265, 222, 562, 43, 92, 216, 536, 562, 424, 162, 318, 58, 705, 308, 861, 436, 469, 232, 625, 423, 181, 742, 665, 882, 225, 601, 797, 871, 786, 96, 695, 734, 397, 449, 838, 383],
        [281, 281, 371, 396, 270, 608, 371, 328, 398, 0, 302, 691, 534, 387, 358, 193, 511, 211, 173, 361, 452, 388, 138, 363, 70, 264, 284, 354, 316, 118, 565, 67, 175, 478, 324, 247, 541, 578, 566, 524, 347, 266, 473, 555, 400, 302, 370, 364, 514, 125, 475, 25],
        [73, 73, 75, 679, 355, 895, 270, 76, 302, 302, 0, 816, 781, 310, 303, 391, 545, 313, 392, 263, 287, 133, 402, 267, 272, 306, 454, 245, 515, 310, 866, 368, 464, 509, 623, 492, 342, 846, 807, 820, 432, 568, 531, 857, 583, 247, 672, 658, 212, 257, 770, 307],
        [744, 744, 883, 525, 467, 599, 1028, 767, 563, 691, 816, 0, 382, 1055, 1030, 498, 303, 521, 844, 585, 644, 771, 784, 1021, 758, 511, 407, 601, 964, 582, 739, 667, 590, 332, 627, 476, 702, 474, 355, 875, 385, 669, 1162, 783, 1044, 574, 695, 805, 957, 810, 856, 666],
        [726, 726, 857, 186, 463, 222, 904, 766, 654, 534, 781, 382, 0, 918, 887, 390, 498, 480, 628, 650, 746, 800, 563, 896, 602, 515, 344, 659, 708, 474, 358, 479, 367, 500, 309, 293, 833, 102, 40, 510, 430, 375, 945, 406, 775, 606, 357, 479, 976, 656, 501, 514],
        [373, 373, 299, 766, 593, 964, 41, 387, 604, 387, 310, 1055, 918, 0, 33, 567, 820, 536, 325, 562, 597, 438, 379, 43, 317, 558, 653, 546, 364, 477, 878, 440, 552, 783, 668, 634, 648, 954, 952, 768, 678, 596, 249, 849, 394, 531, 685, 617, 404, 263, 718, 409],
        [362, 362, 301, 734, 571, 931, 52, 380, 591, 358, 303, 1030, 887, 33, 0, 540, 801, 513, 292, 549, 589, 434, 347, 49, 288, 538, 627, 533, 334, 451, 845, 409, 521, 764, 636, 604, 644, 922, 922, 736, 655, 563, 239, 817, 368, 515, 652, 584, 415, 233, 686, 380],
        [337, 337, 467, 310, 128, 524, 544, 379, 323, 193, 391, 498, 390, 567, 540, 0, 341, 105, 354, 301, 405, 419, 300, 537, 260, 161, 92, 305, 486, 91, 539, 178, 155, 313, 303, 108, 499, 459, 415, 565, 176, 285, 665, 549, 570, 245, 374, 428, 588, 313, 524, 168],
        [472, 472, 604, 545, 242, 709, 787, 486, 265, 511, 545, 303, 498, 820, 801, 341, 0, 302, 683, 293, 342, 479, 636, 781, 565, 264, 267, 311, 822, 393, 793, 515, 486, 37, 598, 388, 400, 599, 495, 871, 166, 606, 973, 821, 906, 298, 675, 753, 662, 608, 837, 487],
        [249, 249, 387, 415, 60, 627, 507, 287, 222, 211, 313, 521, 480, 536, 513, 105, 302, 0, 385, 197, 301, 320, 344, 500, 263, 61, 141, 200, 527, 98, 643, 229, 248, 268, 404, 212, 395, 556, 501, 660, 144, 379, 672, 651, 611, 140, 473, 515, 497, 307, 617, 189],
        [401, 401, 443, 458, 443, 644, 327, 444, 562, 173, 392, 844, 628, 325, 292, 354, 683, 385, 0, 522, 604, 508, 65, 319, 139, 437, 444, 513, 144, 290, 554, 177, 267, 651, 350, 374, 688, 647, 665, 456, 518, 276, 323, 527, 227, 466, 361, 298, 589, 135, 405, 196],
        [192, 192, 314, 608, 189, 816, 524, 196, 43, 361, 263, 585, 650, 562, 549, 301, 293, 197, 522, 0, 103, 187, 498, 520, 384, 142, 309, 18, 665, 276, 840, 402, 443, 258, 602, 406, 198, 735, 664, 853, 228, 573, 754, 849, 746, 61, 670, 703, 372, 408, 809, 347],
        [229, 229, 317, 711, 290, 917, 557, 211, 92, 452, 287, 644, 746, 597, 589, 405, 342, 301, 604, 103, 0, 170, 587, 554, 465, 245, 408, 102, 745, 376, 944, 498, 545, 312, 705, 509, 95, 834, 758, 954, 317, 674, 809, 952, 823, 162, 772, 802, 331, 481, 909, 440],
        [108, 108, 148, 726, 342, 941, 397, 64, 216, 388, 133, 771, 800, 438, 434, 419, 479, 320, 508, 187, 170, 0, 508, 394, 376, 289, 457, 170, 639, 356, 936, 449, 526, 445, 690, 526, 211, 876, 820, 912, 402, 644, 664, 933, 710, 204, 748, 751, 187, 374, 863, 385],
        [399, 399, 461, 395, 399, 585, 378, 445, 536, 138, 402, 784, 563, 379, 347, 300, 636, 344, 65, 498, 587, 508, 0, 370, 132, 400, 388, 491, 186, 246, 504, 122, 203, 605, 290, 312, 675, 584, 600, 423, 470, 217, 387, 481, 270, 440, 307, 261, 608, 153, 372, 156],
        [330, 330, 257, 749, 557, 950, 8, 343, 562, 363, 267, 1021, 896, 43, 49, 537, 781, 500, 319, 520, 554, 394, 370, 0, 294, 521, 622, 503, 375, 446, 872, 419, 532, 744, 656, 608, 605, 936, 929, 770, 641, 584, 286, 846, 414, 490, 677, 616, 366, 241, 720, 383],
        [268, 268, 333, 458, 323, 666, 302, 313, 424, 70, 272, 758, 602, 317, 288, 260, 565, 263, 139, 384, 465, 376, 132, 294, 0, 308, 351, 374, 281, 178, 610, 126, 239, 531, 376, 317, 550, 643, 635, 550, 404, 311, 410, 595, 363, 329, 412, 387, 480, 55, 499, 94],
        [236, 236, 376, 466, 53, 674, 527, 266, 162, 264, 306, 511, 515, 558, 538, 161, 264, 61, 437, 142, 245, 289, 400, 521, 308, 0, 171, 148, 580, 156, 699, 288, 308, 228, 463, 263, 339, 597, 533, 721, 126, 440, 711, 709, 663, 91, 533, 576, 472, 348, 678, 244],
        [391, 391, 528, 311, 120, 510, 629, 428, 318, 284, 454, 407, 344, 653, 627, 92, 267, 141, 444, 309, 408, 457, 388, 622, 351, 171, 0, 317, 574, 177, 555, 267, 219, 245, 338, 124, 499, 427, 362, 610, 117, 339, 756, 574, 657, 262, 414, 486, 637, 404, 573, 259],
        [175, 175, 297, 613, 197, 822, 508, 178, 58, 354, 245, 601, 659, 546, 533, 305, 311, 200, 513, 18, 102, 170, 491, 503, 374, 148, 317, 0, 655, 274, 843, 398, 443, 276, 603, 410, 196, 744, 674, 852, 241, 573, 740, 850, 736, 60, 670, 700, 356, 396, 807, 341],
        [534, 534, 556, 526, 584, 680, 382, 574, 705, 316, 515, 964, 708, 364, 334, 486, 822, 527, 144, 665, 745, 639, 186, 375, 281, 580, 574, 655, 0, 430, 558, 308, 375, 790, 405, 488, 827, 709, 748, 416, 656, 334, 252, 518, 84, 610, 388, 286, 698, 266, 370, 337],
        [263, 263, 385, 372, 153, 589, 454, 308, 308, 118, 310, 582, 474, 477, 451, 91, 393, 98, 290, 276, 376, 356, 246, 446, 178, 156, 177, 274, 430, 0, 581, 132, 172, 361, 336, 182, 470, 536, 501, 578, 229, 299, 588, 582, 514, 216, 399, 427, 514, 228, 532, 94],
        [836, 836, 936, 249, 660, 176, 880, 883, 861, 565, 866, 739, 358, 878, 845, 539, 793, 643, 554, 840, 944, 936, 504, 872, 610, 699, 555, 843, 558, 581, 0, 498, 409, 782, 245, 438, 1038, 282, 391, 191, 671, 300, 808, 57, 593, 783, 198, 272, 1078, 650, 212, 559],
        [344, 344, 438, 333, 282, 542, 427, 391, 436, 67, 368, 667, 479, 440, 409, 178, 515, 229, 177, 402, 498, 449, 122, 419, 126, 288, 267, 398, 308, 132, 498, 0, 113, 485, 257, 202, 590, 517, 513, 464, 349, 199, 496, 489, 392, 342, 303, 306, 580, 178, 416, 63],
        [428, 428, 536, 221, 282, 434, 540, 474, 469, 175, 464, 590, 367, 552, 521, 155, 486, 248, 267, 443, 545, 526, 203, 532, 239, 308, 219, 443, 375, 172, 409, 113, 0, 462, 164, 114, 639, 404, 403, 413, 327, 132, 590, 410, 454, 383, 227, 273, 674, 291, 370, 161],
        [435, 435, 568, 534, 208, 706, 750, 450, 232, 478, 509, 332, 500, 783, 764, 313, 37, 268, 651, 258, 312, 445, 605, 744, 531, 228, 245, 276, 790, 361, 782, 485, 462, 0, 581, 368, 375, 599, 500, 853, 137, 584, 938, 808, 875, 261, 657, 731, 628, 574, 818, 455],
        [590, 590, 694, 123, 429, 295, 664, 638, 625, 324, 623, 627, 309, 668, 636, 303, 598, 404, 350, 602, 705, 690, 290, 656, 376, 463, 338, 603, 405, 336, 245, 257, 164, 581, 0, 214, 799, 304, 350, 273, 455, 74, 651, 247, 468, 543, 76, 178, 835, 421, 240, 316],
        [441, 441, 567, 203, 222, 416, 616, 484, 423, 247, 492, 476, 293, 634, 604, 108, 388, 212, 374, 406, 509, 526, 312, 608, 317, 263, 124, 410, 488, 182, 438, 202, 114, 368, 214, 0, 602, 354, 323, 486, 241, 218, 696, 453, 568, 351, 290, 366, 693, 372, 449, 225],
        [298, 298, 354, 804, 382, 1009, 607, 267, 181, 541, 342, 702, 833, 648, 644, 499, 400, 395, 688, 198, 95, 211, 675, 605, 550, 339, 499, 196, 827, 470, 1038, 590, 639, 375, 799, 602, 0, 923, 843, 1048, 402, 769, 873, 1046, 903, 257, 866, 895, 327, 561, 1002, 531],
        [795, 795, 921, 189, 547, 125, 944, 837, 742, 578, 846, 474, 102, 954, 922, 459, 599, 556, 647, 735, 834, 876, 584, 936, 643, 597, 427, 744, 709, 536, 282, 517, 404, 599, 304, 354, 923, 0, 119, 453, 522, 377, 955, 335, 769, 688, 332, 453, 1047, 695, 453, 561],
        [749, 749, 882, 226, 480, 244, 937, 788, 665, 566, 807, 355, 40, 952, 922, 415, 495, 501, 665, 664, 758, 820, 600, 929, 635, 533, 362, 674, 748, 501, 391, 513, 403, 500, 350, 323, 843, 119, 0, 548, 441, 415, 984, 440, 815, 622, 397, 519, 998, 689, 540, 546],
        [805, 805, 882, 351, 693, 363, 777, 853, 882, 524, 820, 875, 510, 768, 736, 565, 871, 660, 456, 853, 954, 912, 423, 770, 550, 721, 610, 852, 416, 578, 191, 464, 413, 853, 273, 486, 1048, 453, 548, 0, 726, 281, 656, 135, 433, 793, 196, 163, 1029, 576, 51, 527],
        [361, 361, 500, 424, 85, 616, 648, 388, 225, 347, 432, 385, 430, 678, 655, 176, 166, 144, 518, 228, 317, 402, 470, 641, 404, 126, 117, 241, 656, 229, 671, 349, 327, 137, 455, 241, 402, 522, 441, 726, 0, 452, 814, 691, 740, 198, 530, 598, 589, 450, 688, 323],
        [541, 541, 636, 192, 413, 368, 592, 589, 601, 266, 568, 669, 375, 596, 563, 285, 606, 379, 276, 573, 674, 644, 217, 584, 311, 440, 339, 573, 334, 299, 300, 199, 132, 584, 74, 218, 769, 377, 415, 281, 452, 0, 578, 290, 401, 513, 104, 147, 780, 353, 239, 262],
        [580, 580, 538, 769, 732, 932, 288, 606, 797, 473, 531, 1162, 945, 249, 239, 665, 973, 672, 323, 754, 809, 664, 387, 286, 410, 711, 756, 740, 252, 588, 808, 496, 590, 938, 651, 696, 873, 955, 984, 656, 814, 578, 0, 766, 224, 711, 639, 537, 653, 364, 613, 498],
        [831, 831, 925, 277, 673, 233, 854, 878, 871, 555, 857, 783, 406, 849, 817, 549, 821, 651, 527, 849, 952, 933, 481, 846, 595, 709, 574, 850, 518, 582, 57, 489, 410, 808, 247, 453, 1046, 335, 440, 135, 691, 290, 766, 0, 548, 790, 186, 235, 1069, 631, 160, 552],
        [608, 608, 617, 591, 668, 730, 419, 646, 786, 400, 583, 1044, 775, 394, 368, 570, 906, 611, 227, 746, 823, 710, 270, 414, 363, 663, 657, 736, 84, 514, 593, 392, 454, 875, 468, 568, 903, 769, 815, 433, 740, 401, 224, 548, 0, 691, 440, 327, 756, 342, 391, 421],
        [174, 174, 309, 554, 142, 764, 495, 193, 96, 302, 247, 574, 606, 531, 515, 245, 298, 140, 466, 61, 162, 204, 440, 490, 329, 91, 262, 60, 610, 216, 783, 342, 383, 261, 543, 351, 257, 688, 622, 793, 198, 513, 711, 790, 691, 0, 610, 642, 390, 357, 748, 287],
        [645, 645, 740, 175, 501, 293, 685, 692, 695, 370, 672, 695, 357, 685, 652, 374, 675, 473, 361, 670, 772, 748, 307, 677, 412, 533, 414, 670, 388, 399, 198, 303, 227, 657, 76, 290, 866, 332, 397, 196, 530, 104, 639, 186, 440, 610, 0, 122, 883, 452, 165, 366],
        [644, 644, 720, 295, 554, 403, 623, 691, 734, 364, 658, 805, 479, 617, 584, 428, 753, 515, 298, 703, 802, 751, 261, 616, 387, 576, 486, 700, 286, 427, 272, 306, 273, 731, 178, 366, 895, 453, 519, 163, 598, 147, 537, 235, 327, 642, 122, 0, 866, 414, 112, 368],
        [252, 252, 147, 886, 525, 1102, 365, 210, 397, 514, 212, 957, 976, 404, 415, 588, 662, 497, 589, 372, 331, 187, 608, 366, 480, 472, 637, 356, 698, 514, 1078, 580, 674, 628, 835, 693, 327, 1047, 998, 1029, 589, 780, 653, 1069, 756, 390, 883, 866, 0, 457, 979, 519],
        [268, 268, 310, 509, 368, 714, 249, 310, 449, 125, 257, 810, 656, 263, 233, 313, 608, 307, 135, 408, 481, 374, 153, 241, 55, 348, 404, 396, 266, 228, 650, 178, 291, 574, 421, 372, 561, 695, 689, 576, 450, 353, 364, 631, 342, 357, 452, 414, 457, 0, 525, 148],
        [756, 756, 832, 331, 652, 375, 727, 803, 838, 475, 770, 856, 501, 718, 686, 524, 837, 617, 405, 809, 909, 863, 372, 720, 499, 678, 573, 807, 370, 532, 212, 416, 370, 818, 240, 449, 1002, 453, 540, 51, 688, 239, 613, 160, 391, 748, 165, 112, 979, 525, 0, 479],
        [280, 280, 378, 382, 247, 595, 391, 328, 383, 25, 307, 666, 514, 409, 380, 168, 487, 189, 196, 347, 440, 385, 156, 383, 94, 244, 259, 341, 337, 94, 559, 63, 161, 455, 316, 225, 531, 561, 546, 527, 323, 262, 498, 552, 421, 287, 366, 368, 519, 148, 479, 0]
    ]
}
