{
    "name": "prob30c",
    "comment": "data-set-1/json/prob30c.json",
    "nodes": ["+0", "-0", "+2", "-2", "+3", "-3", "+4", "-4", "+5", "-5", "+6", "-6", "+7", "-7", "+8", "-8", "+9", "-9", "+10", "-10", "+11", "-11", "+12", "-12", "+13", "-13", "+14", "-14", "+15", "-15", "+16", "-16", "+17", "-17", "+18", "-18", "+19", "-19", "+20", "-20", "+21", "-21", "+22", "-22", "+23", "-23", "+24", "-24", "+25", "-25", "+26", "-26", "+27", "-27", "+28", "-28", "+29", "-29", "+30", "-30", "+31", "-31"],
    "precedence": {
        "+0": "-0",
        "+2": "-2",
        "+3": "-3",
        "+4": "-4",
        "+5": "-5",
        "+6": "-6",
        "+7": "-7",
        "+8": "-8",
        "+9": "-9",
        "+10": "-10",
        "+11": "-11",
        "+12": "-12",
        "+13": "-13",
        "+14": "-14",
        "+15": "-15",
        "+16": "-16",
        "+17": "-17",
        "+18": "-18",
        "+19": "-19",
        "+20": "-20",
        "+21": "-21",
        "+22": "-22",
        "+23": "-23",
        "+24": "-24",
        "+25": "-25",
        "+26": "-26",
        "+27": "-27",
        "+28": "-28",
        "+29": "-29",
        "+30": "-30",
        "+31": "-31"
    },
    "edges": [
        [0, 0, 480, 366, 469, 248, 297, 650, 365, 455, 239, 383, 480, 478, 451, 560, 40, 583, 360, 311, 637, 155, 94, 471, 262, 299, 258, 365, 327, 410, 159, 724, 422, 532, 355, 119, 385, 515, 631, 618, 161, 497, 527, 326, 672, 267, 533, 470, 383, 534, 378, 416, 549, 125, 596, 291, 273, 223, 355, 668, 415, 348],
        [0, 0, 480, 366, 469, 248, 297, 650, 365, 455, 239, 383, 480, 478, 451, 560, 40, 583, 360, 311, 637, 155, 94, 471, 262, 299, 258, 365, 327, 410, 159, 724, 422, 532, 355, 119, 385, 515, 631, 618, 161, 497, 527, 326, 672, 267, 533, 470, 383, 534, 378, 416, 549, 125, 596, 291, 273, 223, 355, 668, 415, 348],
        [480, 480, 0, 800, 531, 485, 247, 1118, 845, 895, 402, 538, 209, 16, 614, 994, 445, 891, 553, 766, 664, 569, 507, 885, 271, 520, 728, 677, 783, 809, 380, 773, 141, 956, 560, 481, 199, 267, 223, 583, 567, 284, 995, 708, 759, 549, 53, 666, 335, 878, 853, 586, 915, 404, 1010, 771, 742, 489, 733, 769, 853, 742],
        [366, 366, 800, 0, 507, 581, 564, 338, 274, 490, 598, 405, 840, 793, 758, 197, 385, 763, 368, 382, 619, 233, 301, 552, 624, 621, 320, 609, 385, 87, 419, 658, 700, 167, 668, 457, 644, 879, 981, 655, 433, 702, 226, 517, 589, 290, 850, 382, 747, 238, 324, 727, 222, 397, 231, 249, 328, 330, 537, 575, 471, 513],
        [469, 469, 531, 507, 0, 685, 321, 835, 716, 884, 636, 104, 689, 517, 890, 647, 440, 1051, 142, 739, 171, 387, 394, 918, 553, 739, 670, 833, 751, 459, 331, 271, 390, 600, 798, 576, 333, 748, 754, 158, 630, 286, 732, 792, 237, 242, 561, 171, 707, 441, 753, 853, 494, 356, 629, 652, 686, 253, 820, 244, 849, 810],
        [248, 248, 485, 581, 685, 0, 424, 805, 469, 436, 83, 614, 378, 491, 207, 763, 259, 413, 597, 340, 857, 400, 341, 411, 216, 54, 336, 192, 355, 641, 355, 952, 499, 744, 112, 131, 492, 384, 547, 821, 158, 627, 689, 233, 905, 511, 533, 712, 219, 776, 454, 170, 784, 332, 810, 412, 344, 460, 254, 903, 397, 268],
        [297, 297, 247, 564, 321, 424, 0, 893, 653, 750, 355, 302, 370, 237, 611, 754, 257, 830, 311, 608, 481, 341, 289, 759, 245, 474, 555, 603, 624, 566, 154, 588, 136, 714, 529, 354, 88, 428, 459, 422, 433, 208, 772, 597, 559, 302, 292, 431, 392, 631, 672, 577, 668, 186, 766, 578, 570, 243, 626, 564, 710, 626],
        [650, 650, 1118, 338, 835, 805, 893, 0, 342, 506, 847, 737, 1127, 1113, 932, 207, 680, 821, 700, 491, 925, 553, 612, 581, 909, 828, 471, 753, 482, 377, 742, 941, 1029, 252, 859, 705, 976, 1156, 1281, 976, 647, 1039, 123, 648, 872, 628, 1170, 690, 1006, 452, 374, 910, 400, 715, 263, 393, 467, 666, 653, 854, 515, 626],
        [365, 365, 845, 274, 716, 469, 653, 342, 0, 219, 521, 612, 815, 843, 590, 368, 403, 515, 576, 151, 856, 340, 369, 286, 604, 488, 133, 412, 144, 362, 501, 911, 784, 373, 517, 386, 741, 837, 978, 873, 316, 838, 239, 308, 844, 474, 898, 628, 679, 510, 50, 567, 486, 467, 434, 75, 126, 481, 317, 832, 207, 289],
        [455, 455, 895, 490, 884, 436, 750, 506, 219, 0, 511, 783, 813, 897, 477, 579, 495, 315, 750, 147, 1037, 497, 499, 75, 628, 430, 214, 296, 133, 577, 613, 1102, 866, 589, 434, 414, 836, 819, 983, 1041, 328, 952, 432, 207, 1039, 644, 946, 821, 653, 728, 169, 466, 704, 578, 647, 248, 198, 634, 194, 1029, 41, 172],
        [239, 239, 402, 598, 636, 83, 355, 847, 521, 511, 0, 574, 303, 408, 257, 787, 237, 494, 561, 404, 807, 394, 328, 490, 134, 123, 389, 275, 420, 648, 310, 906, 420, 763, 175, 144, 417, 317, 472, 765, 206, 554, 728, 312, 863, 485, 450, 681, 159, 773, 512, 222, 788, 294, 828, 457, 399, 428, 335, 863, 471, 347],
        [383, 383, 538, 405, 104, 614, 302, 737, 612, 783, 574, 0, 670, 526, 820, 555, 359, 963, 38, 639, 257, 286, 301, 820, 508, 668, 570, 748, 651, 363, 264, 341, 403, 509, 726, 496, 342, 726, 758, 261, 542, 336, 631, 701, 291, 139, 576, 129, 663, 368, 650, 784, 416, 282, 544, 549, 585, 161, 729, 290, 749, 717],
        [480, 480, 209, 840, 689, 378, 370, 1127, 815, 813, 303, 670, 0, 223, 447, 1036, 456, 744, 675, 706, 839, 610, 541, 787, 218, 394, 686, 552, 723, 870, 447, 948, 323, 1005, 417, 430, 366, 61, 170, 768, 505, 480, 1004, 610, 925, 640, 228, 797, 170, 967, 811, 426, 995, 456, 1066, 747, 697, 576, 630, 932, 773, 646],
        [478, 478, 16, 793, 517, 491, 237, 1113, 843, 897, 408, 526, 223, 0, 624, 986, 442, 898, 541, 767, 649, 563, 502, 888, 276, 527, 727, 683, 784, 801, 374, 758, 126, 948, 568, 483, 185, 282, 238, 568, 569, 268, 991, 712, 745, 539, 57, 654, 346, 868, 852, 596, 905, 399, 1002, 769, 742, 480, 737, 755, 855, 746],
        [451, 451, 614, 758, 890, 207, 611, 932, 590, 477, 257, 820, 447, 624, 0, 926, 465, 304, 803, 441, 1061, 599, 545, 422, 376, 154, 468, 184, 451, 826, 559, 1158, 663, 913, 96, 333, 668, 424, 603, 1021, 327, 805, 826, 287, 1111, 717, 653, 919, 283, 968, 560, 36, 971, 539, 980, 550, 469, 667, 288, 1110, 448, 315],
        [560, 560, 994, 197, 647, 763, 754, 207, 368, 579, 787, 555, 1036, 986, 926, 0, 581, 883, 520, 510, 724, 429, 497, 651, 820, 798, 463, 762, 507, 195, 614, 735, 888, 48, 840, 644, 831, 1074, 1178, 780, 609, 875, 165, 662, 667, 465, 1043, 493, 940, 244, 415, 898, 192, 593, 70, 381, 466, 514, 676, 648, 573, 650],
        [40, 40, 445, 385, 440, 259, 257, 680, 403, 495, 237, 359, 456, 442, 465, 581, 0, 614, 339, 351, 610, 161, 92, 509, 239, 312, 298, 393, 367, 422, 122, 700, 382, 551, 370, 137, 345, 494, 603, 587, 194, 458, 557, 360, 650, 252, 497, 453, 371, 539, 417, 429, 557, 89, 613, 328, 313, 202, 389, 647, 455, 384],
        [583, 583, 891, 763, 1051, 413, 830, 821, 515, 315, 494, 963, 744, 898, 304, 883, 614, 0, 936, 382, 1219, 691, 662, 240, 627, 372, 445, 227, 381, 847, 732, 1302, 912, 886, 332, 484, 903, 726, 905, 1200, 422, 1036, 744, 265, 1245, 835, 935, 1032, 575, 999, 469, 319, 985, 701, 949, 516, 435, 803, 238, 1239, 312, 256],
        [360, 360, 553, 368, 142, 597, 311, 700, 576, 750, 561, 38, 675, 541, 803, 520, 339, 936, 0, 607, 288, 254, 274, 788, 503, 650, 537, 724, 618, 327, 253, 366, 421, 473, 708, 476, 359, 729, 769, 298, 517, 365, 594, 673, 311, 105, 593, 124, 658, 340, 614, 767, 386, 267, 510, 513, 552, 137, 701, 308, 716, 688],
        [311, 311, 766, 382, 739, 340, 608, 491, 151, 147, 404, 639, 706, 767, 441, 510, 351, 382, 607, 0, 895, 353, 353, 183, 506, 350, 71, 262, 17, 467, 468, 964, 728, 509, 372, 286, 695, 720, 874, 896, 203, 808, 390, 157, 902, 501, 818, 684, 557, 619, 120, 420, 604, 433, 573, 134, 57, 488, 167, 892, 110, 140],
        [637, 637, 664, 619, 171, 857, 481, 925, 856, 1037, 807, 257, 839, 649, 1061, 724, 610, 1219, 288, 895, 0, 542, 558, 1076, 719, 911, 824, 1002, 906, 554, 502, 110, 525, 676, 969, 746, 475, 899, 885, 97, 797, 389, 835, 957, 112, 393, 685, 238, 872, 490, 897, 1025, 545, 527, 691, 797, 840, 417, 986, 130, 1004, 974],
        [155, 155, 569, 233, 387, 400, 341, 553, 340, 497, 394, 286, 610, 563, 599, 429, 161, 691, 254, 353, 542, 0, 70, 534, 397, 449, 284, 490, 365, 261, 190, 615, 477, 395, 504, 269, 425, 652, 749, 544, 284, 505, 431, 426, 556, 149, 620, 342, 532, 380, 371, 565, 396, 165, 455, 270, 299, 141, 453, 549, 463, 438],
        [94, 94, 507, 301, 394, 341, 289, 612, 369, 499, 328, 301, 541, 502, 545, 497, 92, 662, 274, 353, 558, 70, 0, 527, 327, 392, 288, 451, 367, 331, 135, 640, 424, 465, 449, 212, 376, 582, 681, 548, 243, 469, 489, 399, 585, 176, 558, 379, 463, 447, 393, 509, 465, 104, 525, 295, 304, 141, 428, 580, 462, 417],
        [471, 471, 885, 552, 918, 411, 759, 581, 286, 75, 490, 820, 787, 888, 422, 651, 509, 240, 788, 183, 1076, 534, 527, 0, 614, 396, 254, 248, 174, 638, 630, 1146, 868, 659, 390, 411, 843, 788, 957, 1074, 327, 965, 506, 178, 1084, 682, 935, 866, 622, 790, 237, 415, 770, 596, 718, 305, 240, 665, 157, 1075, 81, 143],
        [262, 262, 271, 624, 553, 216, 245, 909, 604, 628, 134, 508, 218, 276, 376, 820, 239, 627, 503, 506, 719, 397, 327, 614, 0, 256, 477, 408, 523, 658, 254, 824, 289, 790, 303, 221, 293, 255, 375, 666, 304, 430, 786, 437, 788, 448, 321, 627, 155, 765, 604, 343, 789, 254, 851, 533, 490, 385, 462, 791, 587, 471],
        [299, 299, 520, 621, 739, 54, 474, 828, 488, 430, 123, 668, 394, 527, 154, 798, 312, 372, 650, 350, 911, 449, 392, 396, 256, 0, 357, 160, 364, 684, 408, 1006, 543, 782, 59, 180, 539, 392, 562, 875, 190, 675, 715, 223, 959, 563, 566, 765, 226, 822, 468, 118, 828, 386, 848, 436, 363, 513, 240, 957, 393, 259],
        [258, 258, 728, 320, 670, 336, 555, 471, 133, 214, 389, 570, 686, 727, 468, 463, 298, 445, 537, 71, 824, 284, 288, 254, 477, 357, 0, 299, 81, 402, 409, 893, 679, 457, 389, 257, 643, 706, 851, 827, 183, 750, 360, 200, 830, 431, 780, 613, 547, 554, 127, 442, 542, 374, 522, 83, 16, 420, 218, 821, 180, 193],
        [365, 365, 677, 609, 833, 192, 603, 753, 412, 296, 275, 748, 552, 683, 184, 762, 393, 227, 724, 262, 1002, 490, 451, 248, 408, 160, 299, 0, 271, 685, 508, 1089, 688, 755, 143, 259, 677, 547, 720, 978, 208, 810, 651, 105, 1036, 627, 723, 828, 384, 833, 379, 171, 829, 479, 820, 382, 297, 588, 104, 1031, 264, 131],
        [327, 327, 783, 385, 751, 355, 624, 482, 144, 133, 420, 651, 723, 784, 451, 507, 367, 381, 618, 17, 906, 365, 367, 174, 523, 364, 81, 271, 0, 470, 483, 974, 744, 507, 385, 303, 711, 736, 890, 908, 219, 824, 383, 166, 911, 513, 835, 693, 573, 622, 109, 431, 606, 448, 570, 136, 66, 501, 173, 902, 98, 146],
        [410, 410, 809, 87, 459, 641, 566, 377, 362, 577, 648, 363, 870, 801, 826, 195, 422, 847, 327, 467, 554, 261, 331, 638, 658, 684, 402, 685, 470, 0, 432, 583, 698, 151, 733, 513, 640, 913, 1002, 599, 499, 681, 281, 596, 514, 271, 857, 316, 792, 153, 411, 794, 145, 416, 201, 335, 411, 323, 617, 499, 558, 594],
        [159, 159, 380, 419, 331, 355, 154, 742, 501, 613, 310, 264, 447, 374, 559, 614, 122, 732, 253, 468, 502, 190, 135, 630, 254, 408, 409, 508, 483, 432, 0, 598, 289, 576, 467, 249, 241, 496, 570, 471, 314, 341, 620, 481, 554, 195, 431, 376, 407, 521, 522, 523, 550, 35, 633, 427, 425, 132, 510, 554, 574, 505],
        [724, 724, 773, 658, 271, 952, 588, 941, 911, 1102, 906, 341, 948, 758, 1158, 735, 700, 1302, 366, 964, 110, 615, 640, 1146, 824, 1006, 893, 1089, 974, 583, 598, 0, 634, 689, 1064, 837, 584, 1008, 994, 197, 883, 497, 862, 1038, 69, 468, 794, 283, 977, 492, 954, 1121, 547, 620, 693, 858, 908, 501, 1066, 87, 1072, 1053],
        [422, 422, 141, 700, 390, 499, 136, 1029, 784, 866, 420, 403, 323, 126, 663, 888, 382, 912, 421, 728, 525, 477, 424, 868, 289, 543, 679, 688, 744, 698, 289, 634, 0, 848, 592, 457, 62, 384, 364, 447, 541, 158, 908, 699, 619, 430, 173, 530, 405, 754, 800, 631, 794, 320, 898, 709, 694, 375, 726, 629, 825, 730],
        [532, 532, 956, 167, 600, 744, 714, 252, 373, 589, 763, 509, 1005, 948, 913, 48, 551, 886, 473, 509, 676, 395, 465, 659, 790, 782, 457, 755, 507, 151, 576, 689, 848, 0, 826, 622, 790, 1045, 1143, 732, 592, 831, 195, 657, 620, 421, 1004, 445, 914, 200, 422, 884, 150, 557, 66, 376, 461, 473, 673, 602, 579, 647],
        [355, 355, 560, 668, 798, 112, 529, 859, 517, 434, 175, 726, 417, 568, 96, 840, 370, 332, 708, 372, 969, 504, 449, 390, 303, 59, 389, 143, 385, 733, 467, 1064, 592, 826, 0, 237, 592, 406, 582, 932, 235, 728, 749, 229, 1017, 621, 603, 823, 247, 874, 492, 61, 878, 445, 892, 471, 392, 572, 239, 1015, 399, 262],
        [119, 119, 481, 457, 576, 131, 354, 705, 386, 414, 144, 496, 430, 483, 333, 644, 137, 484, 476, 286, 746, 269, 212, 411, 221, 180, 257, 259, 303, 513, 249, 837, 457, 622, 237, 0, 434, 453, 594, 720, 86, 561, 585, 244, 787, 385, 533, 588, 301, 645, 383, 297, 655, 221, 688, 318, 269, 338, 272, 784, 373, 273],
        [385, 385, 199, 644, 333, 492, 88, 976, 741, 836, 417, 342, 366, 185, 668, 831, 345, 903, 359, 695, 475, 425, 376, 843, 293, 539, 643, 677, 711, 640, 241, 584, 62, 790, 592, 434, 0, 426, 421, 402, 516, 137, 856, 678, 565, 371, 234, 469, 425, 692, 760, 635, 733, 274, 839, 667, 658, 317, 706, 574, 796, 708],
        [515, 515, 267, 879, 748, 384, 428, 1156, 837, 819, 317, 726, 61, 282, 424, 1074, 494, 726, 729, 720, 899, 652, 582, 788, 255, 392, 706, 547, 736, 913, 496, 1008, 384, 1045, 406, 453, 426, 0, 179, 828, 523, 541, 1034, 613, 984, 690, 281, 852, 166, 1015, 830, 407, 1041, 502, 1106, 771, 716, 626, 631, 991, 780, 649],
        [631, 631, 223, 981, 754, 547, 459, 1281, 978, 983, 472, 758, 170, 238, 603, 1178, 603, 905, 769, 874, 885, 749, 681, 957, 375, 562, 851, 720, 890, 1002, 570, 994, 364, 1143, 582, 594, 421, 179, 0, 802, 672, 500, 1158, 780, 982, 754, 201, 886, 337, 1085, 977, 586, 1118, 587, 1202, 908, 862, 691, 800, 992, 943, 816],
        [618, 618, 583, 655, 158, 821, 422, 976, 873, 1041, 765, 261, 768, 568, 1021, 780, 587, 1200, 298, 896, 97, 544, 548, 1074, 666, 875, 827, 978, 908, 599, 471, 197, 447, 732, 932, 720, 402, 828, 802, 0, 779, 302, 878, 943, 208, 400, 601, 288, 814, 556, 911, 986, 611, 499, 753, 810, 843, 408, 972, 226, 1006, 963],
        [161, 161, 567, 433, 630, 158, 433, 647, 316, 328, 206, 542, 505, 569, 327, 609, 194, 422, 517, 203, 797, 284, 243, 327, 304, 190, 183, 208, 219, 499, 314, 883, 541, 592, 235, 86, 516, 523, 672, 779, 0, 640, 531, 167, 828, 419, 619, 620, 364, 641, 307, 295, 644, 282, 658, 255, 193, 382, 196, 823, 287, 193],
        [497, 497, 284, 702, 286, 627, 208, 1039, 838, 952, 554, 336, 480, 268, 805, 875, 458, 1036, 365, 808, 389, 505, 469, 965, 430, 675, 750, 810, 824, 681, 341, 497, 158, 831, 728, 561, 137, 541, 500, 302, 640, 0, 923, 805, 492, 413, 299, 450, 558, 704, 862, 772, 751, 376, 873, 764, 767, 374, 833, 505, 912, 833],
        [527, 527, 995, 226, 732, 689, 772, 123, 239, 432, 728, 631, 1004, 991, 826, 165, 557, 744, 594, 390, 835, 431, 489, 506, 786, 715, 360, 651, 383, 281, 620, 862, 908, 195, 749, 585, 856, 1034, 1158, 878, 531, 923, 0, 547, 793, 515, 1047, 598, 886, 387, 279, 802, 342, 592, 235, 279, 358, 549, 556, 776, 433, 529],
        [326, 326, 708, 517, 792, 233, 597, 648, 308, 207, 312, 701, 610, 712, 287, 662, 360, 265, 673, 157, 957, 426, 399, 178, 437, 223, 200, 105, 166, 596, 481, 1038, 699, 657, 229, 244, 678, 613, 780, 943, 167, 805, 547, 0, 981, 571, 758, 768, 447, 747, 274, 269, 739, 449, 722, 281, 196, 541, 29, 974, 171, 36],
        [672, 672, 759, 589, 237, 905, 559, 872, 844, 1039, 863, 291, 925, 745, 1111, 667, 650, 1245, 311, 902, 112, 556, 585, 1084, 788, 959, 830, 1036, 911, 514, 554, 69, 619, 620, 1017, 787, 565, 984, 982, 208, 828, 492, 793, 981, 0, 410, 784, 218, 943, 424, 889, 1075, 479, 573, 625, 793, 845, 448, 1008, 21, 1009, 994],
        [267, 267, 549, 290, 242, 511, 302, 628, 474, 644, 485, 139, 640, 539, 717, 465, 252, 835, 105, 501, 393, 149, 176, 682, 448, 563, 431, 627, 513, 271, 195, 468, 430, 421, 621, 385, 371, 690, 754, 400, 419, 413, 515, 571, 410, 0, 594, 203, 599, 331, 511, 681, 366, 196, 469, 410, 447, 64, 598, 405, 611, 585],
        [533, 533, 53, 850, 561, 533, 292, 1170, 898, 946, 450, 576, 228, 57, 653, 1043, 497, 935, 593, 818, 685, 620, 558, 935, 321, 566, 780, 723, 835, 857, 431, 794, 173, 1004, 603, 533, 234, 281, 201, 601, 619, 299, 1047, 758, 784, 594, 0, 703, 371, 922, 906, 627, 960, 456, 1058, 823, 794, 536, 782, 795, 904, 792],
        [470, 470, 666, 382, 171, 712, 431, 690, 628, 821, 681, 129, 797, 654, 919, 493, 453, 1032, 124, 684, 238, 342, 379, 866, 627, 765, 613, 828, 693, 316, 376, 283, 530, 445, 823, 588, 469, 852, 886, 288, 620, 450, 598, 768, 218, 203, 703, 0, 782, 273, 671, 883, 327, 387, 467, 575, 627, 253, 795, 209, 791, 780],
        [383, 383, 335, 747, 707, 219, 392, 1006, 679, 653, 159, 663, 170, 346, 283, 940, 371, 575, 658, 557, 872, 532, 463, 622, 155, 226, 547, 384, 573, 792, 407, 977, 405, 914, 247, 301, 425, 166, 337, 814, 364, 558, 886, 447, 943, 599, 371, 782, 0, 908, 669, 259, 927, 403, 978, 616, 556, 537, 466, 946, 614, 483],
        [534, 534, 878, 238, 441, 776, 631, 452, 510, 728, 773, 368, 967, 868, 968, 244, 539, 999, 340, 619, 490, 380, 447, 790, 765, 822, 554, 833, 622, 153, 521, 492, 754, 200, 874, 645, 692, 1015, 1085, 556, 641, 704, 387, 747, 424, 331, 922, 273, 908, 0, 560, 934, 56, 513, 202, 487, 564, 394, 769, 405, 709, 746],
        [378, 378, 853, 324, 753, 454, 672, 374, 50, 169, 512, 650, 811, 852, 560, 415, 417, 469, 614, 120, 897, 371, 393, 237, 604, 468, 127, 379, 109, 411, 522, 954, 800, 422, 492, 383, 760, 830, 977, 911, 307, 862, 279, 274, 889, 511, 906, 671, 669, 560, 0, 539, 536, 488, 482, 101, 115, 513, 280, 877, 158, 252],
        [416, 416, 586, 727, 853, 170, 577, 910, 567, 466, 222, 784, 426, 596, 36, 898, 429, 319, 767, 420, 1025, 565, 509, 415, 343, 118, 442, 171, 431, 794, 523, 1121, 631, 884, 61, 297, 635, 407, 586, 986, 295, 772, 802, 269, 1075, 681, 627, 883, 259, 934, 539, 0, 939, 502, 950, 525, 444, 631, 274, 1074, 435, 299],
        [549, 549, 915, 222, 494, 784, 668, 400, 486, 704, 788, 416, 995, 905, 971, 192, 557, 985, 386, 604, 545, 396, 465, 770, 789, 828, 542, 829, 606, 145, 550, 547, 794, 150, 878, 655, 733, 1041, 1118, 611, 644, 751, 342, 739, 479, 366, 960, 327, 927, 56, 536, 939, 0, 539, 146, 470, 550, 427, 759, 460, 689, 735],
        [125, 125, 404, 397, 356, 332, 186, 715, 467, 578, 294, 282, 456, 399, 539, 593, 89, 701, 267, 433, 527, 165, 104, 596, 254, 386, 374, 479, 448, 416, 35, 620, 320, 557, 445, 221, 274, 502, 587, 499, 282, 376, 592, 449, 573, 196, 456, 387, 403, 513, 488, 502, 539, 0, 615, 393, 390, 136, 478, 572, 539, 472],
        [596, 596, 1010, 231, 629, 810, 766, 263, 434, 647, 828, 544, 1066, 1002, 980, 70, 613, 949, 510, 573, 691, 455, 525, 718, 851, 848, 522, 820, 570, 201, 633, 693, 898, 66, 892, 688, 839, 1106, 1202, 753, 658, 873, 235, 722, 625, 469, 1058, 467, 978, 202, 482, 950, 146, 615, 0, 441, 526, 523, 737, 606, 640, 711],
        [291, 291, 771, 249, 652, 412, 578, 393, 75, 248, 457, 549, 747, 769, 550, 381, 328, 516, 513, 134, 797, 270, 295, 305, 533, 436, 83, 382, 136, 335, 427, 858, 709, 376, 471, 318, 667, 771, 908, 810, 255, 764, 279, 281, 793, 410, 823, 575, 616, 487, 101, 525, 470, 393, 441, 0, 85, 412, 296, 782, 224, 271],
        [273, 273, 742, 328, 686, 344, 570, 467, 126, 198, 399, 585, 697, 742, 469, 466, 313, 435, 552, 57, 840, 299, 304, 240, 490, 363, 16, 297, 66, 411, 425, 908, 694, 461, 392, 269, 658, 716, 862, 843, 193, 767, 358, 196, 845, 447, 794, 627, 556, 564, 115, 444, 550, 390, 526, 85, 0, 436, 212, 836, 165, 186],
        [223, 223, 489, 330, 253, 460, 243, 666, 481, 634, 428, 161, 576, 480, 667, 514, 202, 803, 137, 488, 417, 141, 141, 665, 385, 513, 420, 588, 501, 323, 132, 501, 375, 473, 572, 338, 317, 626, 691, 408, 382, 374, 549, 541, 448, 64, 536, 253, 537, 394, 513, 631, 427, 136, 523, 412, 436, 0, 569, 445, 598, 558],
        [355, 355, 733, 537, 820, 254, 626, 653, 317, 194, 335, 729, 630, 737, 288, 676, 389, 238, 701, 167, 986, 453, 428, 157, 462, 240, 218, 104, 173, 617, 510, 1066, 726, 673, 239, 272, 706, 631, 800, 972, 196, 833, 556, 29, 1008, 598, 782, 795, 466, 769, 280, 274, 759, 478, 737, 296, 212, 569, 0, 1002, 161, 28],
        [668, 668, 769, 575, 244, 903, 564, 854, 832, 1029, 863, 290, 932, 755, 1110, 648, 647, 1239, 308, 892, 130, 549, 580, 1075, 791, 957, 821, 1031, 902, 499, 554, 87, 629, 602, 1015, 784, 574, 991, 992, 226, 823, 505, 776, 974, 21, 405, 795, 209, 946, 405, 877, 1074, 460, 572, 606, 782, 836, 445, 1002, 0, 999, 987],
        [415, 415, 853, 471, 849, 397, 710, 515, 207, 41, 471, 749, 773, 855, 448, 573, 455, 312, 716, 110, 1004, 463, 462, 81, 587, 393, 180, 264, 98, 558, 574, 1072, 825, 579, 399, 373, 796, 780, 943, 1006, 287, 912, 433, 171, 1009, 611, 904, 791, 614, 709, 158, 435, 689, 539, 640, 224, 165, 598, 161, 999, 0, 137],
        [348, 348, 742, 513, 810, 268, 626, 626, 289, 172, 347, 717, 646, 746, 315, 650, 384, 256, 688, 140, 974, 438, 417, 143, 471, 259, 193, 131, 146, 594, 505, 1053, 730, 647, 262, 273, 708, 649, 816, 963, 193, 833, 529, 36, 994, 585, 792, 780, 483, 746, 252, 299, 735, 472, 711, 271, 186, 558, 28, 987, 137, 0]
    ]
}
