{
    "name": "prob15e",
    "comment": "data-set-1/json/prob15e.json",
    "nodes": ["+0", "-0", "+2", "-2", "+3", "-3", "+4", "-4", "+5", "-5", "+6", "-6", "+7", "-7", "+8", "-8", "+9", "-9", "+10", "-10", "+11", "-11", "+12", "-12", "+13", "-13", "+14", "-14", "+15", "-15", "+16", "-16"],
    "precedence": {
        "+0": "-0",
        "+2": "-2",
        "+3": "-3",
        "+4": "-4",
        "+5": "-5",
        "+6": "-6",
        "+7": "-7",
        "+8": "-8",
        "+9": "-9",
        "+10": "-10",
        "+11": "-11",
        "+12": "-12",
        "+13": "-13",
        "+14": "-14",
        "+15": "-15",
        "+16": "-16"
    },
    "edges": [
        [0, 0, 537, 169, 338, 360, 391, 267, 331, 251, 390, 759, 500, 706, 522, 518, 718, 142, 644, 777, 778, 347, 299, 209, 412, 660, 304, 330, 562, 361, 255, 666],
        [0, 0, 537, 169, 338, 360, 391, 267, 331, 251, 390, 759, 500, 706, 522, 518, 718, 142, 644, 777, 778, 347, 299, 209, 412, 660, 304, 330, 562, 361, 255, 666],
        [537, 537, 0, 505, 859, 833, 167, 780, 804, 327, 254, 1021, 774, 517, 711, 350, 1014, 452, 131, 772, 809, 501, 780, 437, 226, 454, 234, 321, 137, 838, 614, 442],
        [169, 169, 505, 0, 369, 328, 398, 289, 490, 314, 441, 624, 357, 555, 361, 384, 592, 265, 629, 608, 610, 180, 276, 329, 454, 515, 283, 405, 570, 517, 124, 525],
        [338, 338, 859, 369, 0, 131, 724, 80, 379, 589, 728, 625, 444, 881, 529, 740, 563, 472, 974, 834, 813, 493, 123, 532, 751, 854, 625, 665, 897, 382, 314, 867],
        [360, 360, 833, 328, 131, 0, 717, 121, 491, 603, 741, 497, 316, 785, 407, 665, 437, 503, 957, 712, 688, 409, 61, 569, 759, 765, 607, 687, 891, 499, 235, 780],
        [391, 391, 167, 398, 724, 717, 0, 648, 639, 161, 110, 978, 716, 590, 675, 392, 960, 290, 255, 801, 829, 450, 660, 270, 94, 527, 119, 160, 174, 673, 518, 521],
        [267, 267, 780, 289, 80, 121, 648, 0, 372, 518, 657, 610, 402, 809, 476, 662, 552, 406, 896, 778, 761, 419, 76, 469, 678, 779, 547, 597, 822, 383, 241, 792],
        [331, 331, 804, 490, 379, 491, 639, 372, 0, 478, 585, 981, 755, 1037, 807, 848, 924, 354, 884, 1089, 1083, 669, 447, 371, 615, 990, 593, 508, 782, 34, 534, 997],
        [251, 251, 327, 314, 589, 603, 161, 518, 478, 0, 139, 933, 666, 670, 649, 464, 905, 131, 412, 833, 851, 427, 542, 112, 161, 611, 145, 91, 318, 512, 438, 610],
        [390, 390, 254, 441, 728, 741, 110, 657, 585, 139, 0, 1048, 783, 699, 753, 499, 1025, 262, 302, 901, 926, 527, 681, 219, 31, 636, 197, 77, 197, 619, 566, 631],
        [759, 759, 1021, 624, 625, 497, 978, 610, 981, 933, 1048, 0, 268, 687, 310, 706, 70, 885, 1151, 441, 388, 529, 534, 951, 1054, 709, 861, 1024, 1129, 992, 508, 730],
        [500, 500, 774, 357, 444, 316, 716, 402, 755, 666, 783, 268, 0, 540, 109, 492, 244, 620, 905, 403, 374, 273, 328, 685, 789, 540, 598, 756, 873, 772, 245, 559],
        [706, 706, 517, 555, 881, 785, 590, 809, 1037, 670, 699, 687, 540, 0, 432, 206, 714, 729, 616, 297, 348, 391, 761, 762, 684, 64, 527, 728, 654, 1066, 568, 75],
        [522, 522, 711, 361, 529, 407, 675, 476, 807, 649, 753, 310, 109, 432, 0, 403, 310, 624, 841, 305, 284, 226, 408, 686, 756, 436, 560, 737, 821, 828, 275, 455],
        [518, 518, 350, 384, 740, 665, 392, 662, 848, 464, 499, 706, 492, 206, 403, 0, 713, 527, 469, 422, 459, 257, 629, 558, 486, 148, 321, 524, 482, 879, 432, 151],
        [718, 718, 1014, 592, 563, 437, 960, 552, 924, 905, 1025, 70, 244, 714, 310, 713, 0, 848, 1145, 486, 436, 516, 478, 915, 1033, 730, 842, 996, 1117, 935, 472, 751],
        [142, 142, 452, 265, 472, 503, 290, 406, 354, 131, 262, 885, 620, 729, 624, 527, 848, 0, 542, 849, 859, 421, 441, 68, 288, 675, 240, 194, 449, 388, 377, 677],
        [644, 644, 131, 629, 974, 957, 255, 896, 884, 412, 302, 1151, 905, 616, 841, 469, 1145, 542, 0, 886, 926, 631, 901, 514, 272, 556, 350, 379, 109, 918, 741, 541],
        [777, 777, 772, 608, 834, 712, 801, 778, 1089, 833, 901, 441, 403, 297, 305, 422, 486, 849, 886, 0, 56, 431, 712, 900, 894, 344, 708, 910, 904, 1112, 558, 363],
        [778, 778, 809, 610, 813, 688, 829, 761, 1083, 851, 926, 388, 374, 348, 284, 459, 436, 859, 926, 56, 0, 438, 692, 912, 921, 392, 731, 931, 939, 1105, 549, 412],
        [347, 347, 501, 180, 493, 409, 450, 419, 669, 427, 527, 529, 273, 391, 226, 257, 516, 421, 631, 431, 438, 0, 376, 477, 529, 361, 334, 514, 601, 696, 180, 374],
        [299, 299, 780, 276, 123, 61, 660, 76, 447, 542, 681, 534, 328, 761, 408, 629, 478, 441, 901, 712, 692, 376, 0, 508, 700, 736, 551, 627, 834, 458, 197, 750],
        [209, 209, 437, 329, 532, 569, 270, 469, 371, 112, 219, 951, 685, 762, 686, 558, 915, 68, 514, 900, 912, 477, 508, 0, 247, 706, 250, 144, 414, 405, 444, 706],
        [412, 412, 226, 454, 751, 759, 94, 678, 615, 161, 31, 1054, 789, 684, 756, 486, 1033, 288, 272, 894, 921, 529, 700, 247, 0, 621, 196, 107, 167, 649, 578, 614],
        [660, 660, 454, 515, 854, 765, 527, 779, 990, 611, 636, 709, 540, 64, 436, 148, 730, 675, 556, 344, 392, 361, 736, 706, 621, 0, 467, 667, 591, 1021, 540, 21],
        [304, 304, 234, 283, 625, 607, 119, 547, 593, 145, 197, 861, 598, 527, 560, 321, 842, 240, 350, 708, 731, 334, 551, 250, 196, 467, 0, 205, 287, 627, 401, 465],
        [330, 330, 321, 405, 665, 687, 160, 597, 508, 91, 77, 1024, 756, 728, 737, 524, 996, 194, 379, 910, 931, 514, 627, 144, 107, 667, 205, 0, 274, 542, 528, 664],
        [562, 562, 137, 570, 897, 891, 174, 822, 782, 318, 197, 1129, 873, 654, 821, 482, 1117, 449, 109, 904, 939, 601, 834, 414, 167, 591, 287, 274, 0, 816, 688, 579],
        [361, 361, 838, 517, 382, 499, 673, 383, 34, 512, 619, 992, 772, 1066, 828, 879, 935, 388, 918, 1112, 1105, 696, 458, 405, 649, 1021, 627, 542, 816, 0, 556, 1027],
        [255, 255, 614, 124, 314, 235, 518, 241, 534, 438, 566, 508, 245, 568, 275, 432, 472, 377, 741, 558, 549, 180, 197, 444, 578, 540, 401, 528, 688, 556, 0, 554],
        [666, 666, 442, 525, 867, 780, 521, 792, 997, 610, 631, 730, 559, 75, 455, 151, 751, 677, 541, 363, 412, 374, 750, 706, 614, 21, 465, 664, 579, 1027, 554, 0]
    ]
}
