{
    "name": "BIER127C",
    "comment": "data-set-2/json/bier127c.json",
    "nodes": ["+0", "-0", "+2", "-2", "+4", "-4", "+5", "-5", "+7", "-7", "+8", "-8", "+12", "-12", "+13", "-13", "+15", "-15", "+16", "-16", "+18", "-18", "+19", "-19", "+21", "-21", "+22", "-22", "+25", "-25", "+28", "-28", "+33", "-33", "+34", "-34", "+35", "-35", "+36", "-36", "+37", "-37", "+38", "-38", "+41", "-41", "+45", "-45", "+50", "-50", "+52", "-52", "+53", "-53", "+54", "-54", "+55", "-55", "+60", "-60", "+65", "-65", "+66", "-66", "+67", "-67", "+69", "-69", "+74", "-74", "+77", "-77", "+79", "-79", "+83", "-83", "+87", "-87", "+88", "-88", "+90", "-90", "+91", "-91", "+94", "-94", "+96", "-96", "+97", "-97", "+98", "-98", "+99", "-99", "+100", "-100", "+101", "-101", "+102", "-102", "+103", "-103", "+104", "-104", "+105", "-105", "+106", "-106", "+109", "-109", "+112", "-112", "+113", "-113", "+114", "-114", "+116", "-116", "+119", "-119", "+122", "-122", "+123", "-123", "+124", "-124", "+125", "-125"],
    "precedence": {
        "+0": "-0",
        "+2": "-2",
        "+4": "-4",
        "+5": "-5",
        "+7": "-7",
        "+8": "-8",
        "+12": "-12",
        "+13": "-13",
        "+15": "-15",
        "+16": "-16",
        "+18": "-18",
        "+19": "-19",
        "+21": "-21",
        "+22": "-22",
        "+25": "-25",
        "+28": "-28",
        "+33": "-33",
        "+34": "-34",
        "+35": "-35",
        "+36": "-36",
        "+37": "-37",
        "+38": "-38",
        "+41": "-41",
        "+45": "-45",
        "+50": "-50",
        "+52": "-52",
        "+53": "-53",
        "+54": "-54",
        "+55": "-55",
        "+60": "-60",
        "+65": "-65",
        "+66": "-66",
        "+67": "-67",
        "+69": "-69",
        "+74": "-74",
        "+77": "-77",
        "+79": "-79",
        "+83": "-83",
        "+87": "-87",
        "+88": "-88",
        "+90": "-90",
        "+91": "-91",
        "+94": "-94",
        "+96": "-96",
        "+97": "-97",
        "+98": "-98",
        "+99": "-99",
        "+100": "-100",
        "+101": "-101",
        "+102": "-102",
        "+103": "-103",
        "+104": "-104",
        "+105": "-105",
        "+106": "-106",
        "+109": "-109",
        "+112": "-112",
        "+113": "-113",
        "+114": "-114",
        "+116": "-116",
        "+119": "-119",
        "+122": "-122",
        "+123": "-123",
        "+124": "-124",
        "+125": "-125"
    },
    "edges": [
        [0, 0, 656, 1094, 1353, 3603, 1661, 6612, 418, 1069, 1874, 6090, 1044, 4698, 844, 1100, 836, 9305, 259, 7489, 2133, 6406, 1612, 1148, 1561, 3269, 1416, 3236, 3322, 3603, 3764, 2285, 3528, 1649, 1888, 2806, 1166, 4158, 1038, 1402, 883, 1628, 2320, 1233, 1069, 2625, 2499, 2708, 1050, 4278, 2091, 1556, 3412, 4779, 2065, 1870, 3267, 3642, 2678, 5911, 5834, 1397, 3396, 4916, 2678, 6809, 5020, 1640, 2738, 4111, 2391, 3382, 2311, 2167, 6827, 2320, 7447, 2133, 7631, 3507, 2349, 820, 2706, 4114, 4518, 5852, 6705, 1276, 5926, 2865, 12004, 7346, 7540, 2698, 2139, 9753, 11021, 1556, 10723, 1249, 2645, 1774, 7007, 3793, 591, 1453, 883, 6564, 6434, 2480, 6149, 3536, 3899, 4153, 812, 1476, 2422, 883, 8622, 4548, 3641, 4537, 4722, 1982, 2346, 991, 5096, 1724],
        [0, 0, 656, 1094, 1353, 3603, 1661, 6612, 418, 1069, 1874, 6090, 1044, 4698, 844, 1100, 836, 9305, 259, 7489, 2133, 6406, 1612, 1148, 1561, 3269, 1416, 3236, 3322, 3603, 3764, 2285, 3528, 1649, 1888, 2806, 1166, 4158, 1038, 1402, 883, 1628, 2320, 1233, 1069, 2625, 2499, 2708, 1050, 4278, 2091, 1556, 3412, 4779, 2065, 1870, 3267, 3642, 2678, 5911, 5834, 1397, 3396, 4916, 2678, 6809, 5020, 1640, 2738, 4111, 2391, 3382, 2311, 2167, 6827, 2320, 7447, 2133, 7631, 3507, 2349, 820, 2706, 4114, 4518, 5852, 6705, 1276, 5926, 2865, 12004, 7346, 7540, 2698, 2139, 9753, 11021, 1556, 10723, 1249, 2645, 1774, 7007, 3793, 591, 1453, 883, 6564, 6434, 2480, 6149, 3536, 3899, 4153, 812, 1476, 2422, 883, 8622, 4548, 3641, 4537, 4722, 1982, 2346, 991, 5096, 1724],
        [656, 656, 0, 1740, 1996, 2964, 1166, 6165, 844, 418, 2491, 6072, 1578, 5301, 778, 998, 1486, 9953, 625, 8070, 2789, 6406, 2252, 1805, 2216, 2650, 2065, 3613, 3602, 4248, 3946, 2594, 3778, 1713, 1972, 3443, 906, 4773, 1038, 2029, 883, 2117, 2499, 1358, 1297, 2706, 1913, 2767, 676, 3964, 1661, 1870, 2767, 4292, 1416, 2509, 2786, 2994, 3036, 6493, 5560, 1945, 3045, 5515, 3275, 7378, 5675, 984, 3388, 4698, 3045, 3995, 2909, 1628, 7373, 2320, 8038, 2231, 8229, 4153, 2691, 1050, 2935, 4417, 3863, 6422, 7341, 1801, 5908, 3185, 11977, 7924, 7475, 2982, 2189, 9132, 11489, 957, 11238, 1870, 2101, 2207, 7315, 4080, 1194, 1755, 1512, 5908, 7056, 3045, 5502, 2881, 3787, 3507, 1358, 2133, 2794, 1281, 9278, 5199, 3856, 5180, 4571, 1411, 1860, 1612, 5180, 1561],
        [1094, 1094, 1740, 0, 259, 4620, 2547, 7562, 998, 2139, 820, 6029, 1038, 3891, 1556, 1724, 259, 8301, 1249, 6443, 1094, 6308, 519, 259, 519, 4248, 328, 2607, 3364, 2509, 3951, 2391, 3609, 2252, 2422, 1713, 2139, 3082, 1860, 348, 1755, 1476, 2648, 1512, 1640, 2607, 3581, 2715, 1931, 5116, 2865, 1358, 4441, 5779, 3156, 778, 4035, 4682, 2139, 5151, 6201, 656, 3971, 4119, 1640, 6072, 3941, 2718, 1649, 3372, 1402, 2576, 1640, 3231, 6152, 2900, 6389, 2607, 6567, 2544, 1888, 1211, 2414, 4060, 5599, 4825, 5611, 676, 6346, 2380, 12366, 6304, 7527, 2303, 2252, 10843, 10492, 2555, 10093, 259, 3707, 1724, 6381, 3787, 580, 1767, 259, 7629, 5347, 1913, 7174, 4593, 4080, 5184, 591, 478, 1888, 1297, 7548, 3541, 3777, 3443, 5356, 2928, 3168, 232, 4895, 2552],
        [1353, 1353, 1996, 259, 0, 4857, 2767, 7803, 1233, 2391, 580, 6019, 1211, 3741, 1771, 1920, 519, 8078, 1508, 6191, 883, 6288, 259, 367, 348, 4478, 116, 2483, 3449, 2252, 4060, 2509, 3699, 2461, 2617, 1453, 2391, 2825, 2101, 164, 2002, 1578, 2803, 1661, 1860, 2645, 3840, 2757, 2158, 5341, 3062, 1411, 4682, 6029, 3412, 519, 4222, 4924, 2052, 5010, 6291, 625, 4119, 3971, 1397, 5934, 3692, 2971, 1397, 3248, 1211, 2439, 1578, 3490, 6032, 3095, 6135, 2789, 6311, 2349, 1834, 1402, 2389, 4114, 5852, 4577, 5352, 706, 6490, 2303, 12487, 6052, 7522, 2252, 2332, 11103, 10403, 2794, 9977, 232, 3964, 1834, 6231, 3856, 820, 1945, 492, 7876, 5088, 1874, 7411, 4840, 4140, 5424, 778, 367, 1812, 1512, 7301, 3324, 3877, 3185, 5545, 3156, 3372, 418, 4858, 2786],
        [3603, 3603, 2964, 4620, 4857, 0, 2139, 5534, 3624, 2547, 5250, 6135, 4514, 8249, 3117, 3045, 4385, 12905, 3583, 10490, 5708, 6501, 5096, 4733, 5128, 478, 4946, 5560, 6060, 7054, 6149, 5210, 6158, 4119, 4331, 6234, 3236, 7428, 3633, 4846, 3558, 4997, 4906, 3480, 4035, 4000, 2117, 3968, 2708, 4518, 2075, 4086, 232, 3777, 1774, 5337, 1640, 259, 5032, 9414, 4505, 4596, 2461, 8458, 5926, 10278, 8537, 2026, 6242, 7632, 5987, 6953, 5862, 2439, 10235, 4410, 10504, 4548, 10723, 7110, 4722, 3528, 4589, 6860, 1392, 8834, 10055, 4432, 7304, 5042, 12999, 10332, 7162, 4783, 3641, 6870, 14158, 2065, 14016, 4682, 2391, 5026, 8612, 6513, 4040, 4478, 4367, 3089, 9698, 5971, 2555, 492, 3959, 580, 4104, 5058, 4879, 4158, 12144, 8145, 6149, 7960, 5666, 1724, 1767, 4441, 5810, 3613],
        [1661, 1661, 1166, 2547, 2767, 2139, 0, 6471, 1556, 883, 3121, 5246, 2691, 6346, 998, 906, 2334, 10845, 1744, 8404, 3641, 5598, 2994, 2698, 3065, 1724, 2865, 3573, 4756, 4924, 5064, 3757, 4924, 2825, 3082, 4104, 1920, 5290, 2167, 2738, 2026, 3256, 3633, 1353, 2461, 2216, 2091, 2231, 625, 4601, 519, 1972, 1996, 4558, 1323, 3225, 1624, 2252, 3012, 7569, 4463, 2461, 1920, 6567, 3787, 8469, 6417, 935, 4131, 5769, 3944, 5026, 3968, 2029, 8487, 3372, 8407, 3340, 8619, 5084, 2678, 1397, 2678, 5574, 3322, 6744, 7917, 2297, 6868, 3071, 12891, 8249, 6570, 2822, 1740, 8804, 12646, 418, 12375, 2576, 2391, 3364, 6995, 5234, 1972, 2921, 2288, 5220, 7565, 4140, 4676, 2231, 2900, 2718, 1996, 3009, 2825, 2436, 10019, 6088, 4989, 5824, 5414, 418, 696, 2349, 4524, 2547],
        [6612, 6612, 6165, 7562, 7803, 5534, 6471, 0, 6964, 5971, 8381, 11531, 6694, 9341, 6892, 7038, 7323, 14226, 6381, 13961, 8259, 11896, 8045, 7468, 7842, 5870, 7814, 9778, 6029, 9828, 5502, 6055, 5890, 5437, 5374, 9154, 5453, 10566, 5703, 7909, 5810, 6696, 5540, 7482, 5971, 8669, 4391, 8695, 6579, 2607, 6823, 8034, 5411, 1913, 5149, 8288, 7056, 5276, 9200, 10007, 10038, 8005, 7835, 9453, 9200, 10562, 10934, 5574, 8964, 8715, 8329, 8487, 7633, 4561, 10280, 4956, 13883, 5322, 14038, 9061, 8853, 7215, 9040, 6380, 4432, 12375, 12860, 7888, 4360, 9339, 8256, 13829, 12665, 9122, 8167, 4878, 12792, 6078, 13134, 7786, 4119, 6501, 13426, 6177, 7193, 6052, 7432, 5194, 12720, 7484, 5829, 5054, 9220, 5362, 7424, 7727, 8959, 6316, 14228, 10061, 5695, 10720, 3285, 6200, 6680, 7548, 10969, 5022],
        [418, 418, 844, 998, 1233, 3624, 1556, 6964, 0, 1194, 1673, 5689, 1323, 4812, 591, 812, 778, 9298, 676, 7227, 2091, 6002, 1476, 1142, 1512, 3250, 1323, 2844, 3685, 3461, 4153, 2648, 3899, 2065, 2303, 2645, 1548, 3944, 1453, 1233, 1297, 1913, 2718, 836, 1476, 2216, 2757, 2303, 935, 4670, 1913, 1142, 3449, 5109, 2231, 1724, 3095, 3692, 2279, 6052, 5515, 1100, 3134, 5036, 2439, 6962, 4921, 1771, 2625, 4254, 2389, 3490, 2461, 2461, 7007, 2738, 7196, 2544, 7389, 3528, 1945, 418, 2288, 4464, 4640, 5578, 6531, 957, 6342, 2458, 12419, 7080, 7147, 2285, 1740, 9965, 11262, 1561, 10926, 1069, 2937, 2091, 6603, 4150, 418, 1834, 743, 6649, 6231, 2671, 6179, 3613, 3528, 4190, 519, 1453, 2026, 1255, 8531, 4537, 4022, 4385, 5138, 1931, 2201, 820, 4682, 2133],
        [1069, 1069, 418, 2139, 2391, 2547, 883, 5971, 1194, 0, 2865, 6015, 1982, 5712, 928, 1069, 1888, 10371, 1038, 8404, 3200, 6359, 2645, 2216, 2625, 2240, 2466, 3828, 3891, 4640, 4182, 2909, 4052, 1945, 2201, 3830, 1038, 5138, 1297, 2414, 1166, 2504, 2757, 1512, 1624, 2757, 1628, 2803, 625, 3891, 1402, 2091, 2349, 4075, 1038, 2900, 2461, 2576, 3248, 6898, 5344, 2285, 2803, 5925, 3631, 7778, 6079, 580, 3787, 5105, 3461, 4410, 3322, 1411, 7765, 2491, 8379, 2458, 8575, 4571, 2900, 1297, 3071, 4711, 3461, 6750, 7722, 2133, 6015, 3372, 12060, 8256, 7382, 3151, 2240, 8775, 11846, 580, 11615, 2252, 1860, 2576, 7462, 4368, 1578, 2088, 1903, 5496, 7425, 3449, 5084, 2466, 3692, 3089, 1713, 2544, 3018, 1661, 9684, 5616, 4111, 5569, 4605, 1044, 1548, 1996, 5194, 1673],
        [1874, 1874, 2491, 820, 580, 5250, 3121, 8381, 1673, 2865, 0, 5773, 1774, 3714, 2133, 2228, 1069, 7786, 2056, 5627, 844, 6020, 367, 935, 676, 4846, 591, 2052, 3898, 1805, 4537, 3009, 4153, 3036, 3185, 984, 2957, 2285, 2678, 478, 2576, 2075, 3340, 1870, 2439, 2555, 4373, 2671, 2544, 5921, 3346, 1435, 5088, 6599, 3899, 259, 4463, 5337, 1713, 4989, 6264, 676, 4256, 3946, 820, 5917, 3297, 3443, 1038, 3299, 1183, 2480, 1834, 4035, 6060, 3663, 5578, 3348, 5759, 2216, 1578, 1724, 2167, 4512, 6311, 4005, 4858, 836, 7003, 1972, 12966, 5486, 7281, 1982, 2346, 11621, 10490, 3208, 10000, 625, 4512, 2334, 5730, 4278, 1297, 2504, 991, 8304, 4565, 2158, 7796, 5273, 4067, 5824, 1160, 778, 1508, 2091, 6898, 3082, 4343, 2718, 6105, 3528, 3668, 883, 4565, 3366],
        [6090, 6090, 6072, 6029, 6019, 6135, 5246, 11531, 5689, 6015, 5773, 0, 6918, 9341, 5332, 5086, 6050, 12273, 6329, 7471, 6613, 367, 6020, 6288, 6329, 5723, 6122, 3913, 9332, 6677, 9838, 8307, 9561, 7717, 7967, 6218, 6976, 6265, 7056, 5862, 6892, 7465, 8407, 4857, 7159, 3480, 7281, 3388, 5424, 9846, 4795, 4698, 6200, 9650, 6505, 6032, 4512, 6389, 4073, 10581, 2391, 5397, 3707, 9566, 5627, 11489, 7889, 6177, 6501, 9024, 6938, 8217, 7576, 7271, 11704, 8368, 7632, 8217, 7891, 7794, 4205, 5273, 3631, 10071, 7486, 6278, 8216, 5352, 11976, 3816, 18048, 7316, 1508, 3793, 3951, 12646, 16178, 5664, 15584, 5814, 7600, 7689, 3536, 9781, 5825, 7519, 5890, 8469, 7652, 7885, 7548, 6567, 2349, 6506, 5598, 6381, 4265, 6939, 10720, 8317, 9698, 7077, 10620, 5411, 4879, 5829, 1281, 7632],
        [1044, 1044, 1578, 1038, 1211, 4514, 2691, 6694, 1323, 1982, 1774, 6918, 0, 3735, 1870, 2117, 906, 8481, 957, 7267, 1578, 7215, 1411, 844, 1160, 4222, 1183, 3641, 2414, 3156, 2953, 1397, 2645, 1276, 1411, 2461, 1486, 3872, 1094, 1358, 1069, 591, 1612, 2133, 734, 3443, 3045, 3541, 2091, 4178, 3134, 2228, 4306, 4989, 2832, 1628, 4306, 4518, 3156, 4916, 6837, 1673, 4432, 3946, 2563, 5800, 4417, 2491, 2279, 3123, 1713, 2447, 1353, 2645, 5801, 1888, 7190, 1578, 7348, 2708, 2881, 1724, 3364, 3166, 5273, 5695, 6247, 1649, 5312, 3388, 11345, 7137, 8399, 3285, 3009, 10267, 9977, 2533, 9684, 1297, 3089, 778, 7419, 2865, 1094, 734, 1069, 7356, 6055, 1467, 7023, 4377, 4829, 5036, 1323, 1044, 2900, 418, 7958, 3777, 2794, 4073, 4334, 2982, 3382, 1160, 5838, 1689],
        [4698, 4698, 5301, 3891, 3741, 8249, 6346, 9341, 4812, 5712, 3714, 9341, 3735, 0, 5402, 5599, 4052, 4946, 4676, 6032, 2902, 9544, 3603, 3687, 3396, 7951, 3626, 5433, 3322, 2806, 3925, 3449, 3490, 4441, 4348, 3123, 5116, 3551, 4698, 3844, 4735, 3283, 3951, 5397, 4279, 6268, 6635, 6384, 5723, 6764, 6725, 5109, 8041, 8028, 6547, 3480, 7906, 8250, 5302, 1276, 9977, 4298, 7858, 232, 3714, 2204, 2491, 6225, 2844, 656, 2555, 1323, 2391, 6218, 2366, 4605, 5838, 4268, 5869, 1548, 5252, 5096, 5842, 3185, 8944, 5058, 4305, 4422, 6175, 5551, 11225, 5971, 10835, 5627, 6036, 13576, 6837, 6247, 6291, 3971, 6595, 3318, 8375, 3267, 4417, 3898, 4140, 11035, 4481, 2288, 10749, 8101, 7780, 8769, 4482, 3414, 5151, 4101, 4956, 1416, 3707, 2957, 6205, 6680, 7011, 4119, 8078, 5020],
        [844, 844, 778, 1556, 1771, 3117, 998, 6892, 591, 928, 2133, 5332, 1870, 5402, 0, 259, 1358, 9849, 1038, 7540, 2648, 5660, 1996, 1724, 2075, 2718, 1870, 2900, 4158, 3937, 4576, 3123, 4359, 2391, 2645, 3117, 1673, 4343, 1724, 1740, 1561, 2461, 3123, 591, 1870, 1931, 2555, 1996, 418, 4739, 1323, 1166, 2957, 5000, 1913, 2228, 2504, 3208, 2320, 6643, 4989, 1486, 2563, 5627, 2832, 7553, 5424, 1435, 3134, 4846, 2957, 4080, 3051, 2332, 7597, 3036, 7527, 2900, 7730, 4100, 1972, 418, 2167, 4956, 4218, 5881, 6960, 1323, 6644, 2447, 12720, 7389, 6758, 2231, 1416, 9629, 11837, 1094, 11513, 1578, 2786, 2617, 6556, 4631, 991, 2285, 1297, 6179, 6628, 3256, 5665, 3156, 3089, 3692, 998, 2026, 2091, 1724, 9029, 5093, 4463, 4846, 5341, 1397, 1616, 1353, 4410, 2320],
        [1100, 1100, 998, 1724, 1920, 3045, 906, 7038, 812, 1069, 2228, 5086, 2117, 5599, 259, 0, 1548, 9987, 1297, 7527, 2803, 5416, 2129, 1913, 2240, 2625, 2026, 2794, 4417, 4027, 4835, 3382, 4618, 2645, 2900, 3208, 1903, 4385, 1975, 1870, 1812, 2708, 3382, 478, 2129, 1713, 2671, 1771, 464, 4935, 1142, 1100, 2900, 5137, 1986, 2349, 2311, 3156, 2216, 6848, 4733, 1561, 2323, 5825, 2881, 7762, 5526, 1512, 3250, 5054, 3123, 4278, 3267, 2480, 7814, 3285, 7522, 3156, 7731, 4265, 1870, 519, 2002, 5214, 4203, 5866, 7011, 1397, 6890, 2320, 12964, 7373, 6505, 2091, 1194, 9653, 12073, 1100, 11737, 1713, 2921, 2870, 6393, 4890, 1183, 2544, 1467, 6125, 6662, 3482, 5578, 3123, 2832, 3624, 1142, 2201, 2002, 1982, 9123, 5241, 4722, 4921, 5569, 1323, 1453, 1508, 4182, 2555],
        [836, 836, 1486, 259, 519, 4385, 2334, 7323, 778, 1888, 1069, 6050, 906, 4052, 1358, 1548, 0, 8526, 991, 6696, 1323, 6339, 778, 367, 743, 4022, 580, 2750, 3297, 2767, 3856, 2297, 3536, 2056, 2240, 1972, 1888, 3340, 1624, 591, 1512, 1416, 2509, 1397, 1435, 2594, 3322, 2698, 1713, 4894, 2678, 1353, 4203, 5530, 2900, 1038, 3856, 4441, 2252, 5302, 6122, 778, 3835, 4278, 1888, 6218, 4190, 2466, 1903, 3511, 1612, 2730, 1740, 2973, 6281, 2715, 6644, 2439, 6823, 2750, 1975, 1050, 2466, 4022, 5347, 5074, 5870, 743, 6210, 2483, 12250, 6556, 7540, 2380, 2201, 10584, 10587, 2320, 10214, 464, 3449, 1649, 6538, 3735, 367, 1612, 164, 7382, 5607, 1986, 6939, 4348, 4035, 4946, 478, 676, 1996, 1100, 7796, 3764, 3692, 3701, 5173, 2706, 2973, 259, 4946, 2323],
        [9305, 9305, 9953, 8301, 8078, 12905, 10845, 14226, 9298, 10371, 7786, 12273, 8481, 4946, 9849, 9987, 8526, 0, 9350, 5723, 7207, 12351, 7858, 8173, 7786, 12547, 7980, 8668, 8204, 6078, 8734, 8392, 8337, 9352, 9278, 6848, 9942, 6135, 9528, 8117, 9537, 8124, 8897, 9656, 9114, 10061, 11494, 10169, 10232, 11680, 11122, 9182, 12716, 12972, 11304, 7640, 12248, 12946, 8841, 4254, 13623, 8462, 11991, 4802, 7326, 3939, 4589, 10927, 6749, 5599, 6918, 6072, 7148, 11081, 4368, 9550, 5467, 9210, 5283, 5800, 8961, 9469, 9465, 7888, 13753, 6152, 4190, 8619, 10644, 9024, 14504, 5800, 13604, 9208, 10023, 18521, 6566, 10843, 5407, 8276, 11485, 8202, 9928, 8058, 8880, 8777, 8559, 15834, 4769, 7137, 15454, 12830, 11446, 13458, 8853, 7850, 8811, 8883, 1972, 4762, 8534, 5356, 11008, 11229, 11439, 8497, 11024, 9925],
        [259, 259, 625, 1249, 1508, 3583, 1744, 6381, 676, 1038, 2056, 6329, 957, 4676, 1038, 1297, 991, 9350, 0, 7681, 2228, 6649, 1767, 1255, 1673, 3275, 1556, 3490, 3123, 3741, 3541, 2091, 3322, 1397, 1640, 2957, 928, 4331, 778, 1578, 625, 1512, 2091, 1476, 836, 2872, 2334, 2953, 1166, 4027, 2207, 1816, 3382, 4561, 1969, 2026, 3366, 3603, 2935, 5869, 6016, 1624, 3549, 4890, 2870, 6756, 5128, 1578, 2865, 4073, 2461, 3372, 2285, 1982, 6757, 2065, 7633, 1888, 7813, 3551, 2607, 1069, 2964, 3925, 4429, 6052, 6851, 1512, 5675, 3123, 11753, 7540, 7773, 2957, 2380, 9601, 10905, 1578, 10633, 1435, 2458, 1628, 7265, 3598, 812, 1249, 1069, 6493, 6596, 2422, 6113, 3480, 4119, 4119, 1050, 1578, 2678, 706, 8719, 4605, 3425, 4676, 4463, 2026, 2439, 1183, 5347, 1467],
        [7489, 7489, 8070, 6443, 6191, 10490, 8404, 13961, 7227, 8404, 5627, 7471, 7267, 6032, 7540, 7527, 6696, 5723, 7681, 0, 5714, 7433, 5939, 6506, 6122, 10028, 6165, 4989, 8634, 4178, 9339, 8120, 8878, 8532, 8622, 4807, 8582, 3396, 8281, 6105, 8191, 7323, 8587, 7057, 7991, 6635, 9979, 6705, 7951, 11427, 8417, 6434, 10379, 12218, 9436, 5688, 9237, 10638, 5472, 6628, 9399, 6126, 8660, 6125, 4812, 7174, 3558, 8961, 5010, 6311, 5689, 6007, 6497, 9656, 7610, 9075, 259, 8719, 464, 5283, 5770, 7130, 5987, 8872, 11725, 1661, 1888, 6274, 11845, 5502, 17245, 164, 8547, 5759, 6886, 17168, 11541, 8622, 10559, 6247, 10134, 7548, 4446, 8811, 6900, 7930, 6613, 13569, 1556, 6737, 12902, 10635, 7548, 11064, 6713, 6236, 5611, 7647, 3800, 4659, 9108, 3382, 11369, 8819, 8734, 6501, 6406, 8944],
        [2133, 2133, 2789, 1094, 883, 5708, 3641, 8259, 2091, 3200, 844, 6613, 1578, 2902, 2648, 2803, 1323, 7207, 2228, 5714, 0, 6855, 706, 984, 580, 5341, 778, 2832, 3269, 1578, 3946, 2504, 3528, 2822, 2909, 935, 3009, 2323, 2650, 957, 2594, 1628, 2921, 2533, 2311, 3382, 4537, 3497, 3025, 5714, 3946, 2207, 5526, 6567, 4190, 591, 5105, 5763, 2544, 4178, 7080, 1397, 4983, 3134, 1255, 5105, 2900, 3773, 706, 2461, 348, 1640, 1069, 4158, 5232, 3366, 5627, 3016, 5779, 1467, 2422, 2285, 3012, 3805, 6649, 4178, 4676, 1526, 6463, 2803, 12334, 5587, 8121, 2825, 3134, 11798, 9650, 3642, 9176, 1100, 4620, 1870, 6380, 3603, 1673, 2216, 1353, 8696, 4478, 1397, 8261, 5665, 4894, 6268, 1661, 656, 2349, 1982, 6493, 2447, 3735, 2499, 5726, 4022, 4254, 1297, 5396, 3267],
        [6406, 6406, 6406, 6308, 6288, 6501, 5598, 11896, 6002, 6359, 6020, 367, 7215, 9544, 5660, 5416, 6339, 12351, 6649, 7433, 6855, 0, 6278, 6566, 6592, 6090, 6388, 4111, 9629, 6848, 10145, 8607, 9860, 8040, 8288, 6422, 7312, 6397, 7382, 6129, 7218, 7755, 8719, 5173, 7475, 3787, 7640, 3699, 5763, 10199, 5153, 4989, 6567, 10014, 6864, 6279, 4879, 6756, 4311, 10776, 2678, 5670, 4073, 9767, 5834, 11677, 8017, 6531, 6713, 9247, 7174, 8445, 7834, 7625, 11903, 8695, 7604, 8537, 7862, 8000, 4463, 5587, 3899, 10360, 7851, 6304, 8259, 5632, 12305, 4052, 18380, 7281, 1297, 4047, 4268, 12997, 16380, 6016, 15766, 6088, 7958, 7983, 3364, 10073, 6125, 7827, 6177, 8816, 7689, 8147, 7891, 6934, 2706, 6870, 5893, 6648, 4514, 7248, 10761, 8487, 10001, 7207, 10961, 5770, 5241, 6113, 1467, 7967],
        [1612, 1612, 2252, 519, 259, 5096, 2994, 8045, 1476, 2645, 367, 6020, 1411, 3603, 1996, 2129, 778, 7858, 1767, 5939, 706, 6278, 0, 580, 328, 4711, 232, 2380, 3551, 1996, 4182, 2648, 3805, 2678, 2822, 1194, 2645, 2568, 2346, 259, 2252, 1713, 2973, 1834, 2088, 2708, 4100, 2822, 2391, 5569, 3269, 1508, 4924, 6279, 3668, 259, 4417, 5168, 1996, 4878, 6389, 696, 4278, 3835, 1160, 5805, 3445, 3225, 1148, 3141, 1050, 2323, 1556, 3748, 5921, 3299, 5881, 2982, 6055, 2167, 1816, 1612, 2391, 4184, 6105, 4331, 5093, 820, 6640, 2252, 12612, 5801, 7527, 2231, 2436, 11362, 10319, 3036, 9866, 418, 4222, 1972, 6088, 3941, 1069, 2139, 743, 8124, 4829, 1870, 7650, 5088, 4216, 5665, 998, 418, 1771, 1740, 7054, 3113, 3991, 2928, 5739, 3388, 3583, 656, 4835, 3025],
        [1148, 1148, 1805, 259, 367, 4733, 2698, 7468, 1142, 2216, 935, 6288, 844, 3687, 1724, 1913, 367, 8173, 1255, 6506, 984, 6566, 580, 0, 418, 4377, 348, 2832, 3117, 2491, 3714, 2158, 3364, 2101, 2252, 1724, 2091, 3123, 1774, 519, 1689, 1233, 2439, 1740, 1508, 2865, 3583, 2973, 2075, 4989, 3045, 1616, 4548, 5712, 3208, 820, 4222, 4783, 2380, 4939, 6447, 906, 4190, 3913, 1740, 5857, 3877, 2789, 1612, 3151, 1255, 2366, 1397, 3217, 5926, 2730, 6443, 2422, 6613, 2389, 2139, 1411, 2671, 3805, 5665, 4906, 5603, 935, 6129, 2625, 12136, 6371, 7786, 2555, 2504, 10850, 10250, 2671, 9863, 492, 3687, 1486, 6592, 3536, 734, 1578, 464, 7712, 5364, 1661, 7285, 4682, 4334, 5290, 812, 328, 2133, 1160, 7475, 3412, 3536, 3425, 5179, 3065, 3340, 478, 5151, 2447],
        [1561, 1561, 2216, 519, 348, 5128, 3065, 7842, 1512, 2625, 676, 6329, 1160, 3396, 2075, 2240, 743, 7786, 1673, 6122, 580, 6592, 328, 418, 0, 4762, 232, 2708, 3225, 2075, 3861, 2334, 3480, 2436, 2563, 1323, 2499, 2730, 2167, 478, 2091, 1402, 2678, 2002, 1870, 2982, 4000, 3095, 2447, 5337, 3382, 1755, 4946, 6105, 3624, 478, 4549, 5184, 2320, 4663, 6637, 957, 4463, 3626, 1411, 5587, 3461, 3200, 1194, 2900, 883, 2091, 1249, 3631, 5684, 3036, 6052, 2708, 6218, 2026, 2129, 1724, 2698, 3856, 6079, 4537, 5188, 1050, 6329, 2576, 12290, 5988, 7835, 2547, 2678, 11267, 10057, 3062, 9629, 580, 4100, 1661, 6406, 3613, 1094, 1870, 778, 8121, 4956, 1556, 7681, 5088, 4482, 5689, 1100, 116, 2091, 1526, 7062, 3025, 3668, 3009, 5461, 3443, 3687, 734, 5153, 2822],
        [3269, 3269, 2650, 4248, 4478, 478, 1724, 5870, 3250, 2240, 4846, 5723, 4222, 7951, 2718, 2625, 4022, 12547, 3275, 10028, 5341, 6090, 4711, 4377, 4762, 0, 4571, 5088, 5917, 6649, 6060, 5022, 6033, 3951, 4178, 5829, 3036, 6996, 3414, 4457, 3322, 4733, 4757, 3045, 3800, 3522, 2133, 3490, 2320, 4666, 1612, 3642, 478, 4060, 1628, 4946, 1211, 696, 4565, 9138, 4203, 4184, 2026, 8165, 5501, 10014, 8141, 1774, 5852, 7346, 5632, 6643, 5560, 2391, 9991, 4306, 10047, 4408, 10267, 6764, 4259, 3121, 4114, 6728, 1860, 8375, 9625, 4020, 7373, 4570, 13162, 9870, 6797, 4311, 3168, 7348, 13989, 1713, 13810, 4294, 2439, 4783, 8141, 6380, 3668, 4254, 3991, 3541, 9258, 5689, 2953, 844, 3511, 1038, 3714, 4698, 4417, 3889, 11744, 7786, 6042, 7546, 5759, 1323, 1297, 4060, 5356, 3482],
        [1416, 1416, 2065, 328, 116, 4946, 2865, 7814, 1323, 2466, 591, 6122, 1183, 3626, 1870, 2026, 580, 7980, 1556, 6165, 778, 6388, 232, 348, 232, 4571, 0, 2555, 3372, 2189, 3991, 2447, 3624, 2447, 2594, 1402, 2422, 2789, 2117, 259, 2026, 1512, 2757, 1774, 1856, 2757, 3891, 2870, 2252, 5337, 3168, 1526, 4769, 6052, 3480, 478, 4331, 5010, 2139, 4894, 6406, 734, 4234, 3856, 1392, 5819, 3613, 3045, 1323, 3132, 1100, 2323, 1467, 3534, 5916, 3071, 6105, 2757, 6278, 2240, 1931, 1508, 2491, 4027, 5926, 4561, 5295, 820, 6435, 2391, 12421, 6029, 7626, 2349, 2447, 11157, 10287, 2881, 9861, 348, 4007, 1771, 6288, 3773, 906, 1913, 580, 7957, 5042, 1767, 7501, 4921, 4254, 5511, 883, 259, 1903, 1508, 7220, 3223, 3805, 3123, 5515, 3250, 3476, 519, 4956, 2794],
        [3236, 3236, 3613, 2607, 2483, 5560, 3573, 9778, 2844, 3828, 2052, 3913, 3641, 5433, 2900, 2794, 2750, 8668, 3490, 4989, 2832, 4111, 2380, 2832, 2708, 5088, 2555, 0, 5926, 2786, 6542, 4989, 6179, 4783, 4983, 2311, 4391, 2533, 4256, 2320, 4111, 4060, 5252, 2323, 4158, 1649, 5453, 1724, 3256, 7512, 3490, 1744, 5472, 7896, 4779, 2303, 4248, 5730, 580, 6669, 4956, 1972, 3692, 5657, 1724, 7576, 4119, 4306, 2607, 5149, 3123, 4359, 3877, 5225, 7794, 5453, 5036, 5188, 5273, 3889, 928, 2563, 998, 6562, 6860, 3372, 4956, 2026, 8952, 519, 14968, 4828, 5402, 778, 1920, 12366, 12270, 3872, 11672, 2349, 5685, 4315, 3793, 6321, 2715, 4360, 2594, 8612, 4478, 4203, 7919, 5759, 2803, 6125, 2458, 2794, 820, 3840, 7367, 4422, 6359, 3322, 7906, 3968, 3793, 2491, 2645, 4956],
        [3322, 3322, 3602, 3364, 3449, 6060, 4756, 6029, 3685, 3891, 3898, 9332, 2414, 3322, 4158, 4417, 3297, 8204, 3123, 8634, 3269, 9629, 3551, 3117, 3225, 5917, 3372, 5926, 0, 4530, 706, 1038, 259, 1975, 1740, 4158, 2909, 5402, 2594, 3613, 2730, 1888, 1160, 4518, 2311, 5855, 4052, 5952, 4256, 3480, 5261, 4640, 5829, 4840, 4298, 3668, 6350, 5971, 5496, 4027, 9138, 4020, 6644, 3425, 4518, 4693, 5225, 4182, 3856, 2715, 3123, 2671, 2240, 3663, 4505, 1689, 8497, 1512, 8597, 3366, 5252, 4101, 5763, 820, 6346, 7260, 7200, 4027, 3236, 5742, 9075, 8532, 10810, 5665, 5411, 10417, 8105, 4463, 8034, 3609, 3889, 1649, 9620, 478, 3507, 1874, 3461, 8379, 7196, 1945, 8302, 5759, 7213, 6465, 3735, 3134, 5250, 2439, 8256, 4216, 478, 5252, 2900, 4921, 5437, 3536, 8243, 2447],
        [3603, 3603, 4248, 2509, 2252, 7054, 4924, 9828, 3461, 4640, 1805, 6677, 3156, 2806, 3937, 4027, 2767, 6078, 3741, 4178, 1578, 6848, 1996, 2491, 2075, 6649, 2189, 2786, 4530, 0, 5234, 3946, 4783, 4391, 4463, 820, 4570, 883, 4222, 2228, 4158, 3151, 4410, 3642, 3889, 4000, 6073, 4111, 4348, 7267, 5128, 3123, 6892, 8145, 5664, 1740, 6210, 7140, 2822, 3964, 7647, 2466, 5915, 3009, 1249, 4844, 1512, 5220, 883, 2708, 1512, 2091, 2332, 5706, 5105, 4906, 4075, 4548, 4216, 1397, 2900, 3528, 3435, 4890, 8098, 2730, 3113, 2630, 7765, 3036, 13436, 4060, 8145, 3185, 3946, 13341, 9575, 5010, 8921, 2391, 6174, 3372, 5599, 4769, 3062, 3777, 2738, 10105, 2900, 2594, 9600, 7071, 5437, 7629, 2957, 2179, 2757, 3558, 5096, 1640, 5008, 935, 7196, 5332, 5453, 2645, 5397, 4844],
        [3764, 3764, 3946, 3951, 4060, 6149, 5064, 5502, 4153, 4182, 4537, 9838, 2953, 3925, 4576, 4835, 3856, 8734, 3541, 9339, 3946, 10145, 4182, 3714, 3861, 6060, 3991, 6542, 706, 5234, 0, 1561, 464, 2240, 1982, 4847, 3156, 6105, 2909, 4222, 3062, 2483, 1453, 4989, 2706, 6359, 4067, 6450, 4618, 3036, 5580, 5173, 5917, 4478, 4432, 4317, 6613, 6033, 6090, 4505, 9505, 4605, 6979, 4007, 5188, 5088, 5917, 4391, 4549, 3348, 3816, 3364, 2935, 3712, 4846, 1755, 9200, 1724, 9298, 4067, 5829, 4571, 6316, 906, 6279, 7964, 7891, 4596, 2533, 6329, 8430, 9237, 11300, 6236, 5893, 10028, 8131, 4733, 8165, 4203, 3856, 2228, 10267, 676, 4027, 2320, 4020, 8256, 7896, 2645, 8259, 5805, 7660, 6505, 4268, 3764, 5838, 2900, 8878, 4894, 232, 5957, 2285, 5179, 5723, 4104, 8786, 2594],
        [2285, 2285, 2594, 2391, 2509, 5210, 3757, 6055, 2648, 2909, 3009, 8307, 1397, 3449, 3123, 3382, 2297, 8392, 2091, 8120, 2504, 8607, 2648, 2158, 2334, 5022, 2447, 4989, 1038, 3946, 1561, 0, 1255, 1100, 935, 3435, 1986, 4779, 1624, 2671, 1744, 935, 519, 3482, 1297, 4828, 3322, 4923, 3236, 3449, 4254, 3624, 4983, 4601, 3435, 2803, 5367, 5149, 4530, 4410, 8108, 3045, 5627, 3609, 3707, 5194, 4895, 3256, 3166, 2794, 2447, 2439, 1628, 2909, 5088, 1160, 8007, 820, 8133, 3012, 4268, 3065, 4760, 1834, 5656, 6649, 6848, 3036, 3995, 4769, 9979, 8005, 9781, 4676, 4377, 10129, 8969, 3488, 8808, 2645, 3223, 676, 8734, 1508, 2483, 844, 2461, 7731, 6764, 1435, 7562, 4956, 6175, 5657, 2718, 2231, 4278, 1402, 8197, 4007, 1397, 4769, 3250, 3951, 4446, 2544, 7235, 1661],
        [3528, 3528, 3778, 3609, 3699, 6158, 4924, 5890, 3899, 4052, 4153, 9561, 2645, 3490, 4359, 4618, 3536, 8337, 3322, 8878, 3528, 9860, 3805, 3364, 3480, 6033, 3624, 6179, 259, 4783, 464, 1255, 0, 2117, 1870, 4417, 3051, 5657, 2757, 3863, 2900, 2133, 1297, 4735, 2499, 6082, 4119, 6177, 4440, 3372, 5433, 4873, 5926, 4769, 4408, 3925, 6506, 6060, 5744, 4131, 9328, 4265, 6823, 3581, 4777, 4760, 5453, 4317, 4114, 2900, 3382, 2900, 2499, 3741, 4548, 1755, 8738, 1628, 8835, 3603, 5496, 4317, 6002, 706, 6389, 7512, 7428, 4268, 2982, 5988, 8817, 8777, 11035, 5908, 5632, 10340, 8031, 4618, 7998, 3856, 3939, 1888, 9877, 367, 3735, 2075, 3699, 8404, 7432, 2201, 8356, 5842, 7425, 6547, 3968, 3388, 5496, 2648, 8437, 4432, 232, 5496, 2715, 5074, 5599, 3777, 8481, 2552],
        [1649, 1649, 1713, 2252, 2461, 4119, 2825, 5437, 2065, 1945, 3036, 7717, 1276, 4441, 2391, 2645, 2056, 9352, 1397, 8532, 2822, 8040, 2678, 2101, 2436, 3951, 2447, 4783, 1975, 4391, 2240, 1100, 2117, 0, 259, 3728, 935, 5137, 676, 2594, 836, 1297, 820, 2872, 625, 4268, 2231, 4348, 2389, 2902, 3340, 3185, 3891, 3793, 2346, 2902, 4391, 4052, 4254, 5472, 7267, 2825, 4739, 4620, 3835, 6278, 5560, 2207, 3528, 3787, 2900, 3297, 2288, 1816, 6184, 676, 8449, 519, 8601, 3741, 3944, 2466, 4343, 2794, 4565, 6969, 7447, 2757, 4278, 4463, 10356, 8403, 9149, 4317, 3773, 9211, 10043, 2504, 9904, 2504, 2158, 1160, 8575, 2447, 2075, 625, 2201, 6648, 7287, 2228, 6463, 3856, 5475, 4558, 2334, 2320, 3995, 957, 9013, 4795, 2167, 5290, 3123, 2957, 3490, 2311, 6744, 580],
        [1888, 1888, 1972, 2422, 2617, 4331, 3082, 5374, 2303, 2201, 3185, 7967, 1411, 4348, 2645, 2900, 2240, 9278, 1640, 8622, 2909, 8288, 2822, 2252, 2563, 4178, 2594, 4983, 1740, 4463, 1982, 935, 1870, 259, 0, 3830, 1183, 5232, 935, 2757, 1094, 1323, 580, 3117, 836, 4512, 2391, 4593, 2648, 2806, 3598, 3412, 4101, 3787, 2563, 3036, 4643, 4254, 4463, 5341, 7527, 3016, 4997, 4518, 3971, 6129, 5580, 2447, 3613, 3692, 2957, 3250, 2285, 1982, 6020, 478, 8532, 259, 8678, 3735, 4158, 2708, 4571, 2555, 4723, 7077, 7489, 2957, 4040, 4676, 10116, 8497, 9402, 4537, 4020, 9258, 9827, 2757, 9707, 2678, 2288, 1142, 8775, 2207, 2288, 696, 2391, 6797, 7348, 2189, 6640, 4052, 5731, 4756, 2547, 2447, 4203, 1142, 8993, 4777, 1913, 5347, 2935, 3208, 3744, 2499, 6984, 734],
        [2806, 2806, 3443, 1713, 1453, 6234, 4104, 9154, 2645, 3830, 984, 6218, 2461, 3123, 3117, 3208, 1972, 6848, 2957, 4807, 935, 6422, 1194, 1724, 1323, 5829, 1402, 2311, 4158, 820, 4847, 3435, 4417, 3728, 3830, 0, 3816, 1411, 3490, 1416, 3412, 2563, 3856, 2832, 3185, 3299, 5292, 3414, 3528, 6628, 4315, 2334, 6072, 7428, 4858, 935, 5411, 6321, 2207, 4368, 6995, 1649, 5149, 3348, 591, 5283, 2320, 4410, 328, 2853, 1038, 2091, 1920, 4935, 5486, 4292, 4732, 3946, 4895, 1578, 2216, 2708, 2786, 4636, 7285, 3248, 3899, 1812, 7374, 2447, 13194, 4676, 7712, 2552, 3192, 12556, 9960, 4190, 9384, 1578, 5407, 2806, 5587, 4463, 2252, 3134, 1931, 9287, 3641, 2231, 8780, 6253, 4779, 6809, 2139, 1435, 2091, 2844, 5915, 2231, 4631, 1740, 6662, 4512, 4640, 1834, 4956, 4140],
        [1166, 1166, 906, 2139, 2391, 3236, 1920, 5453, 1548, 1038, 2957, 6976, 1486, 5116, 1673, 1903, 1888, 9942, 928, 8582, 3009, 7312, 2645, 2091, 2499, 3036, 2422, 4391, 2909, 4570, 3156, 1986, 3051, 935, 1183, 3816, 0, 5211, 418, 2480, 418, 1834, 1755, 2231, 836, 3603, 1561, 3668, 1561, 3123, 2439, 2678, 3012, 3642, 1467, 2900, 3461, 3192, 3826, 6225, 6381, 2552, 3840, 5312, 3777, 7067, 5890, 1276, 3687, 4476, 3185, 3877, 2794, 1160, 7007, 1453, 8526, 1435, 8700, 4190, 3490, 1874, 3793, 3728, 3830, 6962, 7681, 2439, 5010, 4000, 11074, 8443, 8373, 3816, 3089, 8793, 10954, 1578, 10784, 2346, 1612, 1816, 8145, 3382, 1740, 1249, 1986, 5921, 7454, 2832, 5656, 3016, 4682, 3707, 1975, 2391, 3573, 1069, 9442, 5260, 3095, 5501, 3668, 2026, 2568, 2101, 6082, 656],
        [4158, 4158, 4773, 3082, 2825, 7428, 5290, 10566, 3944, 5138, 2285, 6265, 3872, 3551, 4343, 4385, 3340, 6135, 4331, 3396, 2323, 6397, 2568, 3123, 2730, 6996, 2789, 2533, 5402, 883, 6105, 4779, 5657, 5137, 5232, 1411, 5211, 0, 4895, 2757, 4812, 3944, 5225, 3951, 4596, 4000, 6657, 4101, 4762, 8034, 5416, 3364, 7285, 8834, 6175, 2311, 6417, 7540, 2750, 4620, 7489, 2865, 6016, 3735, 1512, 5453, 1624, 5712, 1624, 3536, 2332, 2964, 3185, 6313, 5759, 5689, 3322, 5337, 3490, 2252, 2928, 3925, 3372, 5773, 8559, 1870, 2630, 3025, 8638, 2909, 14319, 3267, 7688, 3113, 4060, 13905, 10190, 5437, 9467, 2909, 6789, 4178, 4828, 5650, 3581, 4537, 3275, 10510, 2288, 3461, 9942, 7498, 5322, 8007, 3425, 2844, 2767, 4254, 4894, 2231, 5881, 812, 8025, 5708, 5744, 3168, 4988, 5551],
        [1038, 1038, 1038, 1860, 2101, 3633, 2167, 5703, 1453, 1297, 2678, 7056, 1094, 4698, 1724, 1975, 1624, 9528, 778, 8281, 2650, 7382, 2346, 1774, 2167, 3414, 2117, 4256, 2594, 4222, 2909, 1624, 2757, 676, 935, 3490, 418, 4895, 0, 2207, 164, 1416, 1467, 2228, 418, 3624, 1969, 3699, 1713, 3281, 2678, 2594, 3412, 3939, 1874, 2594, 3757, 3598, 3707, 5810, 6596, 2346, 4073, 4894, 3497, 6657, 5511, 1640, 3340, 4058, 2806, 3461, 2380, 1561, 6603, 1312, 8216, 1194, 8384, 3787, 3382, 1834, 3741, 3414, 4248, 6677, 7326, 2252, 4924, 3899, 11002, 8145, 8481, 3735, 3121, 9173, 10587, 1870, 10397, 2088, 1996, 1402, 8038, 3071, 1548, 844, 1744, 6339, 7117, 2414, 6070, 3427, 4802, 4114, 1801, 2056, 3449, 676, 9049, 4857, 2825, 5149, 3685, 2332, 2844, 1860, 6105, 706],
        [1402, 1402, 2029, 348, 164, 4846, 2738, 7909, 1233, 2414, 478, 5862, 1358, 3844, 1740, 1870, 591, 8117, 1578, 6105, 957, 6129, 259, 519, 478, 4457, 259, 2320, 3613, 2228, 4222, 2671, 3863, 2594, 2757, 1416, 2480, 2757, 2207, 0, 2101, 1740, 2957, 1578, 1986, 2504, 3899, 2617, 2139, 5463, 3009, 1281, 4676, 6122, 3443, 492, 4158, 4921, 1888, 5116, 6165, 478, 4027, 4075, 1297, 6042, 3692, 2994, 1397, 3366, 1297, 2552, 1724, 3558, 6149, 3236, 6055, 2935, 6236, 2422, 1673, 1353, 2231, 4278, 5870, 4482, 5312, 580, 6648, 2139, 12649, 5965, 7367, 2091, 2207, 11154, 10532, 2789, 10095, 164, 4035, 1996, 6073, 4020, 836, 2091, 519, 7881, 5032, 2026, 7399, 4846, 4005, 5416, 743, 519, 1649, 1640, 7301, 3372, 4040, 3156, 5689, 3134, 3324, 418, 4698, 2900],
        [883, 883, 883, 1755, 2002, 3558, 2026, 5810, 1297, 1166, 2576, 6892, 1069, 4735, 1561, 1812, 1512, 9537, 625, 8191, 2594, 7218, 2252, 1689, 2091, 3322, 2026, 4111, 2730, 4158, 3062, 1744, 2900, 836, 1094, 3412, 418, 4812, 164, 2101, 0, 1453, 1616, 2065, 478, 3461, 1975, 3536, 1556, 3414, 2533, 2439, 3340, 4027, 1816, 2504, 3626, 3534, 3558, 5866, 6443, 2216, 3925, 4935, 3396, 6721, 5472, 1548, 3275, 4101, 2767, 3480, 2391, 1578, 6678, 1476, 8131, 1353, 8302, 3777, 3231, 1673, 3583, 3549, 4222, 6579, 7267, 2117, 5088, 3748, 11166, 8053, 8317, 3581, 2957, 9211, 10695, 1744, 10490, 1975, 2029, 1467, 7889, 3208, 1411, 935, 1624, 6311, 7046, 2447, 6019, 3372, 4640, 4052, 1661, 1982, 3301, 656, 9025, 4846, 2973, 5088, 3842, 2207, 2708, 1740, 5942, 844],
        [1628, 1628, 2117, 1476, 1578, 4997, 3256, 6696, 1913, 2504, 2075, 7465, 591, 3283, 2461, 2708, 1416, 8124, 1512, 7323, 1628, 7755, 1713, 1233, 1402, 4733, 1512, 4060, 1888, 3151, 2483, 935, 2133, 1297, 1323, 2563, 1834, 3944, 1416, 1740, 1453, 0, 1297, 2715, 998, 4000, 3372, 4101, 2668, 4119, 3712, 2767, 4783, 5088, 3269, 1874, 4878, 4983, 3613, 4417, 7428, 2133, 5022, 3482, 2789, 5283, 4265, 2973, 2320, 2648, 1640, 2052, 998, 2957, 5261, 1755, 7226, 1397, 7367, 2447, 3364, 2311, 3877, 2607, 5664, 5805, 6167, 2139, 4928, 3856, 10910, 7200, 8952, 3777, 3581, 10491, 9396, 3071, 9122, 1724, 3364, 259, 7799, 2320, 1661, 676, 1578, 7755, 6029, 998, 7472, 4825, 5407, 5501, 1870, 1297, 3364, 844, 7722, 3507, 2303, 4027, 4101, 3528, 3951, 1649, 6359, 1834],
        [2320, 2320, 2499, 2648, 2803, 4906, 3633, 5540, 2718, 2757, 3340, 8407, 1612, 3951, 3123, 3382, 2509, 8897, 2091, 8587, 2921, 8719, 2973, 2439, 2678, 4757, 2757, 5252, 1160, 4410, 1453, 519, 1297, 820, 580, 3856, 1755, 5225, 1467, 2957, 1616, 1297, 0, 3551, 1255, 4932, 2935, 5020, 3168, 2935, 4145, 3777, 4676, 4086, 3141, 3156, 5210, 4825, 4762, 4873, 8058, 3283, 5540, 4104, 4080, 5632, 5402, 3025, 3603, 3297, 2900, 2957, 2117, 2533, 5500, 656, 8481, 367, 8612, 3522, 4478, 3134, 4932, 1975, 5256, 7091, 7348, 3250, 3701, 4989, 9747, 8469, 9860, 4873, 4457, 9625, 9252, 3322, 9146, 2907, 2803, 1050, 9028, 1628, 2630, 906, 2671, 7316, 7252, 1945, 7190, 4618, 6210, 5323, 2881, 2568, 4505, 1476, 8715, 4524, 1358, 5252, 2806, 3777, 4305, 2767, 7382, 1297],
        [1233, 1233, 1358, 1512, 1661, 3480, 1353, 7482, 836, 1512, 1870, 4857, 2133, 5397, 591, 478, 1397, 9656, 1476, 7057, 2533, 5173, 1834, 1740, 2002, 3045, 1774, 2323, 4518, 3642, 4989, 3482, 4735, 2872, 3117, 2832, 2231, 3951, 2228, 1578, 2065, 2715, 3551, 0, 2303, 1397, 3132, 1476, 935, 5322, 1486, 625, 3346, 5587, 2461, 2026, 2594, 3603, 1744, 6662, 4732, 1194, 2461, 5627, 2461, 7584, 5151, 1986, 2907, 4884, 2870, 4086, 3134, 2921, 7664, 3536, 7056, 3364, 7267, 4000, 1397, 418, 1578, 5292, 4669, 5396, 6580, 1038, 7148, 1860, 13227, 6903, 6311, 1640, 906, 10129, 11984, 1578, 11602, 1435, 3372, 2909, 5965, 4981, 1069, 2671, 1276, 6567, 6218, 3382, 5993, 3583, 2698, 4060, 928, 1986, 1526, 2091, 8733, 4935, 4858, 4518, 5890, 1771, 1812, 1281, 3877, 2865],
        [1069, 1069, 1297, 1640, 1860, 4035, 2461, 5971, 1476, 1624, 2439, 7159, 734, 4279, 1870, 2129, 1435, 9114, 836, 7991, 2311, 7475, 2088, 1508, 1870, 3800, 1856, 4158, 2311, 3889, 2706, 1297, 2499, 625, 836, 3185, 836, 4596, 418, 1986, 478, 998, 1255, 2303, 0, 3692, 2380, 3777, 1945, 3482, 2957, 2576, 3816, 4256, 2285, 2323, 4075, 4007, 3631, 5396, 6829, 2201, 4334, 4476, 3248, 6247, 5138, 2026, 3012, 3641, 2439, 3045, 1969, 1969, 6200, 1297, 7917, 1069, 8078, 3388, 3324, 1888, 3735, 3123, 4666, 6406, 6979, 2133, 4873, 3842, 10946, 7858, 8607, 3701, 3208, 9556, 10224, 2204, 10012, 1888, 2391, 991, 7951, 2789, 1453, 464, 1578, 6757, 6789, 1996, 6485, 3840, 4956, 4524, 1713, 1755, 3372, 348, 8657, 4457, 2594, 4807, 3748, 2668, 3151, 1689, 6157, 957],
        [2625, 2625, 2706, 2607, 2645, 4000, 2216, 8669, 2216, 2757, 2555, 3480, 3443, 6268, 1931, 1713, 2594, 10061, 2872, 6635, 3382, 3787, 2708, 2865, 2982, 3522, 2757, 1649, 5855, 4000, 6359, 4828, 6082, 4268, 4512, 3299, 3603, 4000, 3624, 2504, 3461, 4000, 4932, 1397, 3692, 0, 4278, 116, 2133, 6643, 1986, 1249, 3939, 6757, 3528, 2794, 2607, 4192, 1255, 7544, 3714, 2026, 2052, 6500, 2757, 8471, 5472, 3095, 3497, 5842, 3728, 5022, 4222, 4145, 8612, 4932, 6685, 4757, 6921, 4757, 1100, 1805, 656, 6605, 5347, 5020, 6542, 1945, 8545, 1148, 14623, 6473, 4956, 906, 519, 10860, 13026, 2594, 12554, 2422, 4558, 4218, 4779, 6308, 2349, 4040, 2439, 7008, 6090, 4512, 6288, 4254, 1512, 4549, 2129, 3012, 1249, 3461, 8893, 5530, 6218, 4723, 7271, 2552, 2252, 2391, 2483, 4248],
        [2499, 2499, 1913, 3581, 3840, 2117, 2091, 4391, 2757, 1628, 4373, 7281, 3045, 6635, 2555, 2671, 3322, 11494, 2334, 9979, 4537, 7640, 4100, 3583, 4000, 2133, 3891, 5453, 4052, 6073, 4067, 3322, 4119, 2231, 2391, 5292, 1561, 6657, 1969, 3899, 1975, 3372, 2935, 3132, 2380, 4278, 0, 4305, 2207, 2625, 2491, 3719, 1888, 2480, 778, 4359, 3045, 1975, 4873, 7699, 6165, 3856, 3699, 6823, 5173, 8509, 7432, 1183, 5194, 5987, 4733, 5424, 4348, 418, 8410, 2366, 9942, 2568, 10129, 5751, 4525, 2921, 4663, 4825, 2334, 8333, 9185, 3714, 5242, 4989, 11090, 9833, 8538, 4762, 3777, 7267, 12150, 1689, 12078, 3748, 328, 3318, 9040, 4482, 3082, 2738, 3382, 4417, 8928, 4367, 4256, 1740, 4935, 2439, 3267, 3899, 4646, 2630, 10998, 6820, 4086, 7008, 3641, 1870, 2414, 3490, 6613, 1661],
        [2708, 2708, 2767, 2715, 2757, 3968, 2231, 8695, 2303, 2803, 2671, 3388, 3541, 6384, 1996, 1771, 2698, 10169, 2953, 6705, 3497, 3699, 2822, 2973, 3095, 3490, 2870, 1724, 5952, 4111, 6450, 4923, 6177, 4348, 4593, 3414, 3668, 4101, 3699, 2617, 3536, 4101, 5020, 1476, 3777, 116, 4305, 0, 2179, 6693, 1975, 1358, 3913, 6782, 3549, 2909, 2547, 4165, 1353, 7660, 3598, 2139, 1969, 6616, 2870, 8587, 5580, 3123, 3613, 5957, 3844, 5137, 4334, 4182, 8728, 5010, 6758, 4840, 6996, 4873, 1211, 1888, 743, 6705, 5323, 5096, 6635, 2056, 8622, 1233, 14701, 6542, 4858, 998, 580, 10833, 13141, 2617, 12670, 2533, 4589, 4317, 4769, 6406, 2447, 4131, 2544, 6961, 6179, 4623, 6231, 4234, 1397, 4512, 2231, 3123, 1358, 3551, 8993, 5645, 6311, 4829, 7336, 2555, 2231, 2499, 2414, 4315],
