{
    "name": "LIN105C",
    "comment": "data-set-2/json/lin105c.json",
    "nodes": ["+0", "-0", "+2", "-2", "+6", "-6", "+7", "-7", "+8", "-8", "+9", "-9", "+13", "-13", "+14", "-14", "+15", "-15", "+17", "-17", "+20", "-20", "+23", "-23", "+24", "-24", "+30", "-30", "+31", "-31", "+32", "-32", "+33", "-33", "+34", "-34", "+35", "-35", "+36", "-36", "+37", "-37", "+41", "-41", "+43", "-43", "+46", "-46", "+47", "-47", "+50", "-50", "+52", "-52", "+54", "-54", "+55", "-55", "+56", "-56", "+57", "-57", "+58", "-58", "+62", "-62", "+65", "-65", "+66", "-66", "+67", "-67", "+71", "-71", "+72", "-72", "+73", "-73", "+74", "-74", "+75", "-75", "+76", "-76", "+82", "-82", "+83", "-83", "+87", "-87", "+91", "-91", "+92", "-92", "+94", "-94", "+98", "-98", "+100", "-100", "+103", "-103", "+104", "-104", "+105", "-105"],
    "precedence": {
        "+0": "-0",
        "+2": "-2",
        "+6": "-6",
        "+7": "-7",
        "+8": "-8",
        "+9": "-9",
        "+13": "-13",
        "+14": "-14",
        "+15": "-15",
        "+17": "-17",
        "+20": "-20",
        "+23": "-23",
        "+24": "-24",
        "+30": "-30",
        "+31": "-31",
        "+32": "-32",
        "+33": "-33",
        "+34": "-34",
        "+35": "-35",
        "+36": "-36",
        "+37": "-37",
        "+41": "-41",
        "+43": "-43",
        "+46": "-46",
        "+47": "-47",
        "+50": "-50",
        "+52": "-52",
        "+54": "-54",
        "+55": "-55",
        "+56": "-56",
        "+57": "-57",
        "+58": "-58",
        "+62": "-62",
        "+65": "-65",
        "+66": "-66",
        "+67": "-67",
        "+71": "-71",
        "+72": "-72",
        "+73": "-73",
        "+74": "-74",
        "+75": "-75",
        "+76": "-76",
        "+82": "-82",
        "+83": "-83",
        "+87": "-87",
        "+91": "-91",
        "+92": "-92",
        "+94": "-94",
        "+98": "-98",
        "+100": "-100",
        "+103": "-103",
        "+104": "-104",
        "+105": "-105"
    },
    "edges": [
        [0, 0, 31, 691, 150, 1972, 181, 2046, 598, 1487, 697, 1673, 1275, 331, 1227, 2843, 473, 1151, 846, 299, 624, 1598, 661, 2160, 747, 488, 717, 2992, 757, 1380, 787, 2322, 849, 2228, 1461, 773, 1428, 2115, 1084, 819, 1147, 2756, 1357, 2418, 1424, 847, 1482, 1317, 1427, 1220, 1442, 2874, 1540, 2296, 1548, 763, 1504, 2264, 1567, 1631, 1608, 2265, 1657, 3024, 1933, 2957, 2382, 715, 2379, 2627, 2130, 610, 2182, 870, 2226, 2658, 2253, 309, 2289, 2451, 2326, 642, 2292, 1367, 2300, 2269, 2341, 2356, 2744, 2123, 2693, 1358, 2724, 2344, 3023, 1210, 2928, 2745, 3189, 579, 563, 3027, 1142, 1655, 1743, 1409],
        [0, 0, 31, 691, 150, 1972, 181, 2046, 598, 1487, 697, 1673, 1275, 331, 1227, 2843, 473, 1151, 846, 299, 624, 1598, 661, 2160, 747, 488, 717, 2992, 757, 1380, 787, 2322, 849, 2228, 1461, 773, 1428, 2115, 1084, 819, 1147, 2756, 1357, 2418, 1424, 847, 1482, 1317, 1427, 1220, 1442, 2874, 1540, 2296, 1548, 763, 1504, 2264, 1567, 1631, 1608, 2265, 1657, 3024, 1933, 2957, 2382, 715, 2379, 2627, 2130, 610, 2182, 870, 2226, 2658, 2253, 309, 2289, 2451, 2326, 642, 2292, 1367, 2300, 2269, 2341, 2356, 2744, 2123, 2693, 1358, 2724, 2344, 3023, 1210, 2928, 2745, 3189, 579, 563, 3027, 1142, 1655, 1743, 1409],
        [31, 31, 0, 662, 119, 1943, 150, 2015, 588, 1457, 687, 1642, 1265, 300, 1216, 2812, 442, 1147, 827, 268, 596, 1569, 632, 2129, 721, 464, 686, 2961, 727, 1349, 756, 2292, 820, 2198, 1444, 748, 1410, 2089, 1058, 797, 1121, 2725, 1328, 2387, 1396, 824, 1453, 1287, 1397, 1190, 1411, 2843, 1511, 2265, 1518, 743, 1474, 2234, 1536, 1609, 1578, 2234, 1628, 2993, 1903, 2927, 2356, 690, 2352, 2597, 2099, 579, 2151, 847, 2196, 2628, 2223, 303, 2259, 2421, 2296, 611, 2261, 1337, 2269, 2238, 2310, 2326, 2716, 2098, 2662, 1327, 2693, 2313, 2994, 1208, 2897, 2717, 3161, 549, 533, 2998, 1112, 1634, 1712, 1381],
        [691, 691, 662, 0, 554, 1282, 526, 1379, 535, 800, 596, 1031, 988, 400, 919, 2211, 240, 1030, 433, 425, 71, 908, 32, 1516, 184, 266, 110, 2359, 162, 716, 195, 1647, 159, 1543, 978, 181, 923, 1446, 423, 346, 508, 2095, 669, 1779, 736, 341, 792, 653, 739, 578, 779, 2242, 850, 1637, 861, 339, 842, 1575, 905, 1037, 923, 1606, 966, 2391, 1245, 2275, 1706, 194, 1698, 1947, 1484, 178, 1545, 339, 1567, 1974, 1577, 570, 1603, 1788, 1641, 173, 1616, 678, 1662, 1631, 1700, 1672, 2057, 1462, 2062, 722, 2093, 1696, 2333, 1100, 2250, 2056, 2499, 187, 140, 2336, 459, 1078, 1072, 729],
        [150, 150, 119, 554, 0, 1832, 31, 1898, 565, 1345, 667, 1524, 1236, 181, 1182, 2693, 327, 1144, 763, 149, 491, 1460, 525, 2011, 631, 382, 571, 2842, 610, 1232, 639, 2175, 712, 2084, 1384, 654, 1345, 1991, 960, 723, 1029, 2607, 1222, 2268, 1289, 747, 1346, 1170, 1285, 1072, 1294, 2724, 1403, 2147, 1404, 672, 1356, 2121, 1418, 1529, 1465, 2116, 1518, 2874, 1790, 2811, 2255, 602, 2250, 2481, 1981, 462, 2032, 767, 2078, 2514, 2107, 309, 2144, 2303, 2182, 493, 2145, 1226, 2150, 2119, 2191, 2212, 2611, 2003, 2543, 1208, 2574, 2194, 2886, 1208, 2781, 2610, 3052, 431, 421, 2889, 998, 1557, 1596, 1279],
        [1972, 1972, 1943, 1282, 1832, 0, 1803, 398, 1648, 493, 1638, 575, 1540, 1665, 1489, 1187, 1507, 1782, 1330, 1694, 1349, 378, 1312, 620, 1266, 1516, 1265, 1314, 1236, 664, 1214, 486, 1123, 316, 1166, 1235, 1110, 487, 935, 1285, 921, 953, 630, 813, 564, 1246, 502, 712, 549, 833, 618, 1213, 440, 595, 439, 1342, 576, 307, 537, 844, 387, 574, 317, 1341, 102, 1024, 579, 1305, 533, 716, 591, 1384, 673, 1215, 548, 717, 426, 1815, 363, 679, 402, 1355, 459, 607, 737, 718, 750, 432, 815, 555, 1066, 753, 1091, 702, 1064, 1831, 1021, 799, 1223, 1412, 1411, 1060, 838, 906, 388, 614],
        [181, 181, 150, 526, 31, 1803, 0, 1867, 562, 1315, 664, 1493, 1230, 150, 1175, 2662, 297, 1145, 748, 118, 464, 1432, 498, 1980, 608, 364, 541, 2811, 580, 1202, 608, 2145, 684, 2054, 1369, 631, 1329, 1966, 935, 705, 1006, 2577, 1195, 2237, 1262, 728, 1318, 1140, 1256, 1041, 1264, 2693, 1375, 2116, 1375, 655, 1326, 2092, 1388, 1509, 1435, 2086, 1490, 2843, 1761, 2781, 2229, 581, 2223, 2451, 1950, 431, 2001, 747, 2047, 2484, 2076, 318, 2115, 2272, 2152, 463, 2115, 1197, 2119, 2088, 2160, 2182, 2583, 1978, 2512, 1178, 2543, 2163, 2858, 1209, 2751, 2582, 3023, 401, 392, 2861, 969, 1538, 1565, 1253],
        [2046, 2046, 2015, 1379, 1898, 398, 1867, 0, 1830, 612, 1840, 398, 1845, 1720, 1786, 873, 1573, 2062, 1539, 1751, 1450, 607, 1411, 225, 1416, 1638, 1331, 1014, 1289, 667, 1260, 288, 1229, 292, 1501, 1384, 1439, 878, 1125, 1477, 1146, 716, 830, 454, 779, 1438, 720, 729, 674, 828, 604, 902, 663, 265, 551, 1526, 542, 388, 480, 1204, 489, 235, 552, 1044, 313, 931, 907, 1454, 845, 602, 194, 1436, 277, 1407, 197, 659, 227, 1945, 341, 409, 364, 1405, 260, 736, 357, 334, 380, 384, 1008, 947, 734, 698, 762, 349, 1175, 2118, 889, 966, 1298, 1467, 1489, 1148, 922, 1270, 307, 860],
        [598, 598, 588, 535, 565, 1648, 562, 1830, 0, 1219, 102, 1521, 677, 573, 629, 2689, 536, 587, 331, 568, 481, 1275, 510, 1993, 423, 312, 637, 2835, 693, 1198, 728, 2074, 637, 1944, 891, 453, 869, 1672, 716, 363, 731, 2540, 1023, 2257, 1086, 402, 1149, 1138, 1157, 1087, 1259, 2719, 1212, 2094, 1282, 307, 1319, 1955, 1380, 1116, 1345, 2063, 1338, 2866, 1637, 2671, 1952, 386, 1963, 2354, 1960, 627, 2028, 434, 2025, 2364, 2004, 292, 2000, 2235, 2039, 647, 2043, 1094, 2142, 2112, 2178, 2070, 2343, 1665, 2543, 1229, 2573, 2165, 2639, 654, 2661, 2356, 2815, 608, 526, 2655, 926, 1125, 1526, 1036],
        [1487, 1487, 1457, 800, 1345, 493, 1315, 612, 1219, 0, 1228, 392, 1275, 1174, 1211, 1481, 1018, 1470, 928, 1204, 869, 170, 831, 794, 811, 1047, 775, 1624, 743, 214, 721, 858, 642, 744, 983, 779, 914, 800, 514, 865, 542, 1321, 232, 1053, 202, 826, 170, 241, 63, 360, 205, 1511, 158, 877, 63, 915, 214, 777, 241, 763, 126, 847, 202, 1655, 446, 1476, 1003, 850, 976, 1150, 759, 892, 835, 795, 809, 1174, 788, 1352, 804, 1016, 842, 863, 827, 126, 943, 914, 975, 872, 1300, 844, 1338, 331, 1367, 955, 1557, 1529, 1455, 1289, 1716, 921, 924, 1553, 347, 833, 318, 297],
        [697, 697, 687, 596, 667, 1638, 664, 1840, 102, 1228, 0, 1547, 579, 672, 533, 2705, 625, 487, 308, 668, 548, 1270, 574, 2012, 459, 398, 702, 2850, 757, 1224, 791, 2076, 679, 1940, 815, 487, 799, 1632, 716, 363, 717, 2546, 1021, 2275, 1082, 402, 1145, 1166, 1166, 1124, 1283, 2736, 1208, 2105, 1290, 317, 1342, 1945, 1402, 1060, 1352, 2074, 1333, 2881, 1633, 2662, 1914, 426, 1928, 2349, 1978, 705, 2048, 433, 2036, 2355, 2007, 388, 1995, 2242, 2033, 723, 2046, 1105, 2161, 2131, 2196, 2064, 2310, 1622, 2560, 1264, 2590, 2180, 2609, 555, 2656, 2326, 2787, 689, 605, 2627, 953, 1064, 1540, 1024],
        [1673, 1673, 1642, 1031, 1524, 575, 1493, 398, 1521, 392, 1547, 0, 1658, 1343, 1593, 1180, 1204, 1839, 1264, 1375, 1101, 499, 1062, 488, 1099, 1296, 968, 1328, 921, 324, 889, 686, 893, 658, 1375, 1068, 1306, 1030, 861, 1189, 911, 1086, 618, 749, 594, 1153, 557, 384, 434, 456, 264, 1211, 525, 627, 356, 1231, 208, 735, 156, 1141, 329, 596, 480, 1360, 477, 1329, 1154, 1136, 1106, 1000, 457, 1064, 514, 1124, 558, 1056, 625, 1600, 716, 785, 746, 1032, 659, 481, 632, 601, 671, 770, 1347, 1090, 1031, 315, 1062, 671, 1549, 1901, 1283, 1316, 1682, 1095, 1126, 1528, 595, 1212, 187, 690],
        [1275, 1275, 1265, 988, 1236, 1540, 1230, 1845, 677, 1275, 579, 1658, 0, 1210, 71, 2710, 1120, 282, 555, 1213, 975, 1239, 981, 2052, 804, 907, 1094, 2844, 1136, 1365, 1161, 2022, 982, 1856, 410, 813, 445, 1364, 824, 642, 753, 2493, 1043, 2299, 1079, 652, 1131, 1322, 1225, 1334, 1409, 2737, 1184, 2099, 1325, 654, 1455, 1831, 1502, 751, 1376, 2071, 1293, 2873, 1572, 2524, 1638, 796, 1671, 2245, 2017, 1150, 2097, 663, 2037, 2226, 1958, 967, 1901, 2210, 1938, 1155, 1994, 1177, 2197, 2171, 2224, 1967, 2048, 1331, 2576, 1447, 2604, 2193, 2355, 307, 2541, 2080, 2536, 1145, 1063, 2387, 1136, 717, 1585, 990],
        [331, 331, 300, 400, 181, 1665, 150, 1720, 573, 1174, 672, 1343, 1210, 0, 1150, 2512, 160, 1160, 692, 32, 346, 1296, 375, 1830, 512, 306, 400, 2661, 434, 1055, 461, 1998, 553, 1910, 1305, 531, 1260, 1846, 820, 634, 898, 2428, 1065, 2087, 1131, 650, 1185, 993, 1116, 892, 1116, 2543, 1241, 1967, 1233, 592, 1178, 1950, 1240, 1416, 1293, 1937, 1353, 2693, 1619, 2636, 2105, 492, 2096, 2305, 1800, 285, 1851, 664, 1898, 2340, 1930, 393, 1971, 2123, 2008, 316, 1968, 1058, 1969, 1938, 2010, 2038, 2452, 1861, 2362, 1028, 2393, 2014, 2723, 1227, 2604, 2449, 2886, 255, 260, 2724, 828, 1450, 1418, 1128],
        [1227, 1227, 1216, 919, 1182, 1489, 1175, 1786, 629, 1211, 533, 1593, 71, 1150, 0, 2653, 1056, 307, 487, 1154, 908, 1180, 913, 1991, 736, 845, 1024, 2788, 1067, 1298, 1091, 1969, 911, 1805, 383, 744, 409, 1331, 755, 573, 685, 2441, 979, 2241, 1017, 583, 1071, 1254, 1161, 1265, 1343, 2681, 1125, 2042, 1262, 587, 1389, 1782, 1437, 716, 1315, 2014, 1236, 2818, 1517, 2480, 1607, 728, 1638, 2197, 1957, 1082, 2036, 593, 1979, 2180, 1904, 921, 1850, 2156, 1888, 1088, 1940, 1112, 2138, 2111, 2165, 1917, 2017, 1301, 2519, 1379, 2546, 2135, 2324, 345, 2494, 2047, 2505, 1078, 997, 2354, 1066, 688, 1523, 929],
        [2843, 2843, 2812, 2211, 2693, 1187, 2662, 873, 2689, 1481, 2705, 1180, 2710, 2512, 2653, 0, 2380, 2933, 2408, 2544, 2281, 1476, 2243, 696, 2270, 2475, 2147, 149, 2098, 1498, 2066, 704, 2070, 886, 2350, 2238, 2291, 1562, 1995, 2342, 2018, 318, 1702, 432, 1651, 2304, 1592, 1560, 1541, 1636, 1435, 31, 1534, 612, 1421, 2390, 1373, 948, 1311, 2031, 1361, 640, 1418, 181, 1141, 664, 1441, 2308, 1371, 625, 730, 2238, 666, 2274, 676, 715, 761, 2780, 860, 509, 832, 2206, 729, 1602, 549, 580, 512, 810, 1265, 1630, 150, 1493, 119, 526, 1209, 2988, 562, 1195, 1212, 2269, 2305, 1145, 1767, 2092, 1166, 1731],
        [473, 473, 442, 240, 327, 1507, 297, 1573, 536, 1018, 625, 1204, 1120, 160, 1056, 2380, 0, 1104, 578, 188, 192, 1137, 217, 1692, 370, 227, 244, 2529, 285, 907, 315, 1849, 393, 1757, 1176, 384, 1127, 1687, 663, 509, 744, 2285, 905, 1952, 971, 519, 1025, 845, 959, 750, 969, 2411, 1081, 1825, 1078, 476, 1032, 1795, 1094, 1267, 1138, 1794, 1194, 2561, 1464, 2484, 1944, 356, 1935, 2155, 1662, 142, 1716, 529, 1755, 2187, 1781, 441, 1817, 1979, 1855, 174, 1819, 900, 1834, 1803, 1874, 1885, 2292, 1702, 2230, 889, 2261, 1875, 2564, 1174, 2455, 2289, 2728, 111, 100, 2565, 672, 1304, 1270, 968],
        [1151, 1151, 1147, 1030, 1144, 1782, 1145, 2062, 587, 1470, 487, 1839, 282, 1160, 307, 2933, 1104, 0, 617, 1155, 998, 1457, 1014, 2260, 858, 878, 1140, 3071, 1190, 1529, 1220, 2258, 1066, 2098, 688, 876, 716, 1638, 979, 707, 929, 2731, 1240, 2514, 1285, 732, 1342, 1479, 1415, 1471, 1580, 2962, 1399, 2322, 1525, 695, 1632, 2079, 1684, 1023, 1581, 2293, 1516, 3101, 1805, 2782, 1914, 838, 1945, 2494, 2225, 1167, 2303, 753, 2257, 2480, 2192, 845, 2145, 2441, 2183, 1180, 2228, 1361, 2408, 2381, 2438, 2213, 2324, 1607, 2796, 1597, 2824, 2411, 2631, 71, 2794, 2354, 2812, 1155, 1071, 2661, 1278, 994, 1786, 1202],
        [846, 846, 827, 433, 763, 1330, 748, 1539, 331, 928, 308, 1264, 555, 692, 487, 2408, 578, 617, 0, 701, 421, 963, 426, 1717, 251, 389, 540, 2552, 586, 943, 613, 1771, 450, 1632, 621, 264, 583, 1341, 414, 91, 409, 2241, 715, 1979, 775, 116, 838, 888, 867, 864, 1000, 2438, 900, 1804, 989, 102, 1056, 1637, 1114, 798, 1050, 1774, 1026, 2583, 1326, 2354, 1621, 241, 1632, 2042, 1683, 595, 1755, 141, 1736, 2047, 1701, 577, 1687, 1939, 1726, 600, 1740, 806, 1867, 1837, 1900, 1757, 2012, 1336, 2264, 997, 2294, 1882, 2309, 686, 2348, 2026, 2485, 592, 512, 2325, 679, 814, 1243, 716],
        [299, 299, 268, 425, 149, 1694, 118, 1751, 568, 1204, 668, 1375, 1213, 32, 1154, 2544, 188, 1155, 701, 0, 369, 1325, 400, 1862, 531, 313, 429, 2693, 465, 1086, 492, 2029, 580, 1941, 1317, 550, 1273, 1871, 844, 647, 920, 2459, 1092, 2119, 1159, 664, 1213, 1024, 1146, 924, 1148, 2575, 1269, 1999, 1263, 603, 1210, 1980, 1272, 1435, 1323, 1968, 1382, 2725, 1649, 2667, 2131, 508, 2123, 2336, 1832, 316, 1883, 680, 1930, 2371, 1961, 373, 2001, 2155, 2039, 347, 1999, 1087, 2001, 1970, 2042, 2068, 2480, 1886, 2394, 1060, 2425, 2046, 2752, 1222, 2635, 2477, 2916, 285, 287, 2753, 858, 1468, 1450, 1154],
        [624, 624, 596, 71, 491, 1349, 464, 1450, 481, 869, 548, 1101, 975, 346, 908, 2281, 192, 998, 421, 369, 0, 974, 39, 1587, 186, 197, 157, 2429, 213, 787, 249, 1718, 227, 1613, 994, 195, 942, 1503, 475, 340, 553, 2166, 733, 1850, 800, 342, 857, 724, 808, 647, 850, 2312, 915, 1708, 931, 321, 913, 1644, 976, 1075, 993, 1677, 1034, 2461, 1314, 2345, 1765, 182, 1759, 2017, 1555, 175, 1615, 347, 1638, 2043, 1648, 499, 1673, 1859, 1711, 183, 1687, 747, 1733, 1702, 1771, 1742, 2121, 1517, 2132, 792, 2163, 1767, 2398, 1068, 2321, 2121, 2565, 172, 99, 2403, 530, 1113, 1143, 789],
        [1598, 1598, 1569, 908, 1460, 378, 1432, 607, 1275, 170, 1270, 499, 1239, 1296, 1180, 1476, 1137, 1457, 963, 1325, 974, 0, 937, 815, 888, 1138, 899, 1614, 874, 384, 856, 811, 749, 669, 908, 857, 842, 631, 560, 913, 556, 1284, 253, 1061, 189, 874, 126, 409, 202, 527, 368, 1504, 63, 864, 158, 968, 363, 681, 368, 646, 170, 836, 63, 1644, 363, 1396, 842, 927, 819, 1079, 780, 1020, 862, 842, 800, 1090, 742, 1437, 725, 987, 764, 992, 780, 246, 959, 933, 985, 795, 1158, 674, 1339, 499, 1367, 955, 1427, 1512, 1386, 1153, 1592, 1047, 1040, 1429, 479, 716, 365, 256],
        [661, 661, 632, 32, 525, 1312, 498, 1411, 510, 831, 574, 1062, 981, 375, 913, 2243, 217, 1014, 426, 400, 39, 937, 0, 1548, 181, 235, 129, 2391, 184, 748, 218, 1679, 189, 1575, 984, 184, 931, 1472, 445, 341, 527, 2127, 697, 1811, 764, 339, 821, 685, 770, 609, 811, 2273, 879, 1669, 893, 329, 874, 1606, 937, 1054, 954, 1638, 996, 2423, 1276, 2306, 1732, 185, 1725, 1978, 1516, 173, 1577, 341, 1599, 2005, 1609, 538, 1635, 1820, 1673, 175, 1648, 709, 1694, 1663, 1732, 1703, 2086, 1486, 2094, 754, 2124, 1728, 2362, 1085, 2282, 2085, 2529, 177, 119, 2366, 491, 1093, 1104, 756],
        [2160, 2160, 2129, 1516, 2011, 620, 1980, 225, 1993, 794, 2012, 488, 2052, 1830, 1991, 696, 1692, 2260, 1717, 1862, 1587, 815, 1548, 0, 1573, 1780, 1456, 844, 1409, 802, 1377, 332, 1374, 441, 1718, 1542, 1654, 1091, 1305, 1649, 1335, 610, 1021, 264, 976, 1612, 921, 864, 852, 944, 739, 727, 867, 178, 736, 1695, 677, 543, 615, 1426, 679, 158, 764, 875, 537, 906, 1092, 1612, 1026, 602, 35, 1552, 53, 1581, 138, 685, 312, 2086, 468, 330, 475, 1520, 321, 911, 150, 121, 185, 482, 1130, 1161, 549, 803, 580, 185, 1249, 2318, 842, 1079, 1347, 1583, 1614, 1211, 1070, 1493, 476, 1062],
        [747, 747, 721, 184, 631, 1266, 608, 1416, 423, 811, 459, 1099, 804, 512, 736, 2270, 370, 858, 251, 531, 186, 888, 181, 1573, 0, 260, 289, 2416, 335, 776, 363, 1669, 221, 1549, 809, 32, 757, 1369, 342, 163, 400, 2130, 636, 1837, 703, 158, 765, 715, 748, 666, 837, 2300, 826, 1679, 874, 164, 898, 1569, 959, 904, 937, 1648, 950, 2448, 1243, 2280, 1639, 39, 1638, 1958, 1540, 354, 1606, 161, 1609, 1975, 1599, 550, 1607, 1823, 1646, 355, 1638, 685, 1722, 1691, 1758, 1676, 2009, 1376, 2122, 807, 2153, 1747, 2295, 929, 2264, 2014, 2466, 356, 285, 2303, 504, 937, 1110, 673],
        [488, 488, 464, 266, 382, 1516, 364, 1638, 312, 1047, 398, 1296, 907, 306, 845, 2475, 227, 878, 389, 313, 197, 1138, 235, 1780, 260, 0, 349, 2623, 405, 979, 441, 1901, 409, 1790, 1008, 289, 966, 1629, 602, 341, 659, 2354, 889, 2044, 956, 364, 1016, 916, 984, 843, 1042, 2506, 1077, 1898, 1109, 292, 1105, 1815, 1168, 1148, 1172, 1867, 1199, 2655, 1487, 2522, 1899, 227, 1898, 2196, 1748, 317, 1809, 385, 1828, 2219, 1831, 307, 1849, 2047, 1887, 340, 1870, 922, 1927, 1896, 1965, 1918, 2268, 1636, 2327, 988, 2357, 1959, 2552, 947, 2502, 2272, 2722, 296, 217, 2560, 716, 1175, 1331, 931],
        [717, 717, 686, 110, 571, 1265, 541, 1331, 637, 775, 702, 968, 1094, 400, 1024, 2147, 244, 1140, 540, 429, 157, 899, 129, 1456, 289, 349, 0, 2296, 56, 665, 92, 1606, 177, 1513, 1063, 281, 1005, 1466, 469, 452, 564, 2045, 674, 1718, 739, 443, 791, 602, 716, 512, 727, 2178, 844, 1585, 834, 448, 790, 1551, 853, 1096, 894, 1554, 954, 2328, 1220, 2240, 1717, 303, 1705, 1911, 1425, 123, 1482, 437, 1515, 1943, 1537, 640, 1573, 1738, 1611, 100, 1575, 659, 1600, 1569, 1639, 1640, 2056, 1487, 1998, 655, 2029, 1638, 2325, 1210, 2211, 2051, 2487, 148, 158, 2325, 428, 1141, 1027, 746],
        [2992, 2992, 2961, 2359, 2842, 1314, 2811, 1014, 2835, 1624, 2850, 1328, 2844, 2661, 2788, 149, 2529, 3071, 2552, 2693, 2429, 1614, 2391, 844, 2416, 2623, 2296, 0, 2247, 1645, 2214, 828, 2218, 1006, 2479, 2385, 2421, 1667, 2138, 2487, 2159, 393, 1843, 580, 1791, 2449, 1732, 1707, 1685, 1784, 1583, 118, 1673, 750, 1563, 2535, 1520, 1060, 1458, 2156, 1503, 780, 1555, 32, 1272, 672, 1528, 2454, 1459, 704, 877, 2387, 814, 2418, 817, 783, 888, 2929, 974, 635, 943, 2355, 854, 1746, 697, 728, 659, 919, 1317, 1733, 299, 1641, 268, 670, 1227, 3125, 573, 1247, 1208, 2418, 2454, 1160, 1914, 2216, 1310, 1870],
        [757, 757, 727, 162, 610, 1236, 580, 1289, 693, 743, 757, 921, 1136, 434, 1067, 2098, 285, 1190, 586, 465, 213, 874, 184, 1409, 335, 405, 56, 2247, 0, 622, 36, 1565, 187, 1476, 1090, 324, 1030, 1454, 477, 496, 575, 2000, 658, 1670, 721, 484, 770, 560, 686, 465, 685, 2129, 821, 1540, 801, 496, 747, 1517, 809, 1106, 860, 1509, 928, 2279, 1187, 2202, 1700, 352, 1686, 1872, 1378, 150, 1434, 476, 1470, 1906, 1497, 693, 1537, 1695, 1574, 120, 1535, 631, 1552, 1521, 1591, 1604, 2032, 1477, 1949, 606, 1980, 1591, 2297, 1260, 2171, 2026, 2458, 179, 207, 2296, 398, 1154, 986, 735],
        [1380, 1380, 1349, 716, 1232, 664, 1202, 667, 1198, 214, 1224, 324, 1365, 1055, 1298, 1498, 907, 1529, 943, 1086, 787, 384, 748, 802, 776, 979, 665, 1645, 622, 0, 594, 944, 572, 864, 1121, 745, 1051, 1012, 550, 867, 612, 1380, 362, 1065, 368, 831, 363, 63, 205, 172, 63, 1528, 368, 921, 241, 908, 126, 916, 189, 943, 279, 890, 409, 1677, 594, 1583, 1204, 813, 1173, 1252, 769, 771, 832, 803, 851, 1291, 875, 1285, 925, 1074, 961, 739, 913, 214, 949, 918, 986, 990, 1479, 1058, 1349, 118, 1380, 980, 1720, 1593, 1550, 1462, 1871, 801, 822, 1711, 272, 1011, 364, 457],
        [787, 787, 756, 195, 639, 1214, 608, 1260, 728, 721, 791, 889, 1161, 461, 1091, 2066, 315, 1220, 613, 492, 249, 856, 218, 1377, 363, 441, 92, 2214, 36, 594, 0, 1537, 198, 1451, 1104, 350, 1043, 1443, 481, 523, 581, 1970, 646, 1637, 708, 509, 755, 532, 666, 434, 656, 2097, 805, 1510, 778, 526, 718, 1494, 780, 1109, 836, 1479, 909, 2246, 1164, 2175, 1686, 383, 1670, 1845, 1346, 177, 1401, 499, 1440, 1880, 1469, 728, 1512, 1665, 1549, 145, 1507, 611, 1519, 1488, 1559, 1578, 2014, 1468, 1916, 574, 1947, 1560, 2277, 1291, 2143, 2007, 2437, 207, 242, 2275, 377, 1158, 957, 726],
        [2322, 2322, 2292, 1647, 2175, 486, 2145, 288, 2074, 858, 2076, 686, 2022, 1998, 1969, 704, 1849, 2258, 1771, 2029, 1718, 811, 1679, 332, 1669, 1901, 1606, 828, 1565, 944, 1537, 0, 1493, 184, 1652, 1637, 1595, 876, 1361, 1715, 1367, 474, 1056, 379, 997, 1676, 934, 1005, 921, 1109, 882, 729, 872, 181, 795, 1768, 821, 264, 760, 1328, 732, 184, 749, 855, 453, 644, 813, 1708, 743, 314, 331, 1714, 368, 1645, 194, 375, 70, 2208, 173, 196, 161, 1683, 31, 984, 354, 354, 344, 158, 801, 946, 592, 984, 614, 282, 921, 2309, 606, 748, 1028, 1744, 1762, 886, 1188, 1389, 580, 1065],
        [849, 849, 820, 159, 712, 1123, 684, 1229, 637, 642, 679, 893, 982, 553, 911, 2070, 393, 1066, 450, 580, 227, 749, 189, 1374, 221, 409, 177, 2218, 187, 572, 198, 1493, 0, 1387, 907, 195, 845, 1296, 292, 359, 389, 1945, 512, 1638, 579, 337, 634, 510, 581, 449, 635, 2101, 691, 1489, 704, 378, 697, 1417, 760, 921, 766, 1458, 808, 2249, 1087, 2118, 1552, 254, 1543, 1791, 1341, 296, 1405, 321, 1419, 1816, 1424, 716, 1446, 1638, 1484, 277, 1462, 520, 1521, 1491, 1559, 1515, 1900, 1315, 1922, 593, 1952, 1551, 2175, 1136, 2095, 1898, 2340, 317, 293, 2178, 307, 967, 922, 577],
        [2228, 2228, 2198, 1543, 2084, 316, 2054, 292, 1944, 744, 1940, 658, 1856, 1910, 1805, 886, 1757, 2098, 1632, 1941, 1613, 669, 1575, 441, 1549, 1790, 1513, 1006, 1476, 864, 1451, 184, 1387, 0, 1479, 1517, 1424, 694, 1228, 1582, 1224, 638, 921, 553, 858, 1543, 795, 923, 806, 1035, 807, 910, 732, 339, 682, 1637, 750, 102, 694, 1151, 621, 329, 606, 1033, 307, 732, 654, 1588, 587, 410, 426, 1626, 489, 1511, 320, 430, 145, 2094, 61, 379, 98, 1595, 164, 868, 508, 500, 507, 128, 716, 765, 776, 924, 798, 449, 892, 2147, 717, 674, 1025, 1656, 1665, 870, 1087, 1210, 511, 919],
        [1461, 1461, 1444, 978, 1384, 1166, 1369, 1501, 891, 983, 815, 1375, 410, 1305, 383, 2350, 1176, 688, 621, 1317, 994, 908, 984, 1718, 809, 1008, 1063, 2479, 1090, 1121, 1104, 1652, 907, 1479, 0, 801, 70, 955, 654, 671, 555, 2117, 765, 1953, 781, 657, 820, 1092, 946, 1138, 1152, 2376, 863, 1745, 1022, 715, 1186, 1444, 1222, 344, 1064, 1719, 954, 2507, 1210, 2126, 1228, 820, 1262, 1856, 1684, 1155, 1766, 648, 1687, 1831, 1590, 1175, 1519, 1844, 1555, 1150, 1625, 912, 1858, 1834, 1881, 1583, 1638, 921, 2222, 1222, 2248, 1844, 1945, 717, 2147, 1670, 2126, 1162, 1094, 1977, 947, 307, 1270, 685],
        [773, 773, 748, 181, 654, 1235, 631, 1384, 453, 779, 487, 1068, 813, 531, 744, 2238, 384, 876, 264, 550, 195, 857, 184, 1542, 32, 289, 281, 2385, 324, 745, 350, 1637, 195, 1517, 801, 0, 748, 1342, 313, 173, 375, 2098, 605, 1806, 672, 161, 733, 684, 716, 637, 806, 2269, 795, 1647, 842, 184, 867, 1537, 928, 885, 905, 1616, 919, 2416, 1211, 2248, 1610, 71, 1610, 1926, 1508, 356, 1575, 158, 1577, 1943, 1567, 581, 1575, 1791, 1614, 354, 1606, 653, 1690, 1660, 1727, 1645, 1979, 1350, 2091, 778, 2121, 1715, 2265, 946, 2232, 1984, 2435, 361, 295, 2273, 473, 920, 1078, 643],
        [1428, 1428, 1410, 923, 1345, 1110, 1329, 1439, 869, 914, 799, 1306, 445, 1260, 409, 2291, 1127, 716, 583, 1273, 942, 842, 931, 1654, 757, 966, 1005, 2421, 1030, 1051, 1043, 1595, 845, 1424, 70, 748, 0, 922, 587, 627, 487, 2062, 695, 1891, 712, 610, 753, 1022, 876, 1069, 1082, 2318, 796, 1684, 954, 674, 1117, 1393, 1153, 307, 997, 1658, 890, 2450, 1151, 2080, 1199, 771, 1229, 1806, 1620, 1100, 1702, 598, 1626, 1783, 1533, 1148, 1466, 1786, 1502, 1093, 1568, 842, 1795, 1771, 1819, 1531, 1608, 892, 2162, 1152, 2189, 1783, 1915, 751, 2099, 1638, 2096, 1108, 1042, 1945, 878, 283, 1204, 617],
        [2115, 2115, 2089, 1446, 1991, 487, 1966, 878, 1672, 800, 1632, 1030, 1364, 1846, 1331, 1562, 1687, 1638, 1341, 1871, 1503, 631, 1472, 1091, 1369, 1629, 1466, 1667, 1454, 1012, 1443, 876, 1296, 694, 955, 1342, 922, 0, 1032, 1328, 971, 1278, 797, 1246, 737, 1293, 698, 1040, 830, 1157, 988, 1583, 662, 1029, 774, 1388, 967, 616, 950, 615, 753, 1014, 604, 1690, 587, 1202, 282, 1402, 307, 979, 1066, 1589, 1144, 1264, 997, 929, 838, 1898, 707, 1066, 732, 1566, 858, 863, 1190, 1177, 1195, 752, 688, 71, 1464, 1124, 1483, 1140, 994, 1671, 1240, 716, 1175, 1612, 1586, 1023, 1082, 649, 845, 720],
        [1084, 1084, 1058, 423, 960, 935, 935, 1125, 716, 514, 716, 861, 824, 820, 755, 1995, 663, 979, 414, 844, 475, 560, 445, 1305, 342, 602, 469, 2138, 477, 550, 481, 1361, 292, 1228, 654, 313, 587, 1032, 0, 355, 102, 1830, 307, 1566, 371, 316, 434, 502, 453, 511, 601, 2024, 497, 1390, 575, 409, 654, 1240, 708, 629, 636, 1360, 622, 2169, 921, 1956, 1298, 379, 1296, 1638, 1270, 585, 1344, 284, 1322, 1649, 1291, 889, 1284, 1526, 1323, 568, 1330, 394, 1454, 1425, 1487, 1354, 1666, 1043, 1851, 624, 1881, 1468, 1953, 1043, 1945, 1672, 2125, 603, 563, 1963, 312, 678, 830, 331],
        [819, 819, 797, 346, 723, 1285, 705, 1477, 363, 865, 363, 1189, 642, 634, 573, 2342, 509, 707, 91, 647, 340, 913, 341, 1649, 163, 341, 452, 2487, 496, 867, 523, 1715, 359, 1582, 671, 173, 627, 1328, 355, 0, 370, 2184, 661, 1912, 724, 39, 787, 810, 803, 780, 924, 2372, 850, 1741, 927, 60, 983, 1592, 1041, 813, 989, 1711, 976, 2518, 1275, 2308, 1605, 158, 1612, 1992, 1615, 513, 1686, 71, 1673, 2002, 1646, 572, 1638, 1880, 1677, 516, 1684, 741, 1798, 1769, 1833, 1708, 1990, 1328, 2197, 916, 2227, 1817, 2283, 777, 2299, 2001, 2458, 512, 435, 2297, 599, 836, 1177, 674],
        [1147, 1147, 1121, 508, 1029, 921, 1006, 1146, 731, 542, 717, 911, 753, 898, 685, 2018, 744, 929, 409, 920, 553, 556, 527, 1335, 400, 659, 564, 2159, 575, 612, 581, 1367, 389, 1224, 555, 375, 487, 971, 102, 370, 0, 1839, 316, 1593, 370, 332, 432, 571, 486, 595, 658, 2047, 494, 1409, 599, 429, 706, 1228, 756, 532, 658, 1380, 619, 2190, 919, 1945, 1243, 432, 1247, 1633, 1301, 677, 1377, 301, 1342, 1638, 1298, 931, 1278, 1539, 1317, 661, 1336, 432, 1484, 1456, 1515, 1348, 1622, 977, 1877, 697, 1906, 1493, 1914, 990, 1940, 1632, 2088, 692, 646, 1927, 398, 579, 860, 307],
        [2756, 2756, 2725, 2095, 2607, 953, 2577, 716, 2540, 1321, 2546, 1086, 2493, 2428, 2441, 318, 2285, 2731, 2241, 2459, 2166, 1284, 2127, 610, 2130, 2354, 2045, 393, 2000, 1380, 1970, 474, 1945, 638, 2117, 2098, 2062, 1278, 1830, 2184, 1839, 0, 1526, 395, 1469, 2145, 1407, 1443, 1384, 1536, 1317, 329, 1345, 460, 1258, 2235, 1254, 679, 1192, 1786, 1196, 491, 1222, 414, 927, 389, 1136, 2169, 1066, 312, 636, 2146, 604, 2113, 530, 398, 542, 2661, 599, 307, 565, 2114, 504, 1446, 496, 524, 454, 538, 947, 1343, 305, 1400, 301, 428, 907, 2782, 292, 878, 931, 2177, 2202, 845, 1638, 1844, 1023, 1539],
        [1357, 1357, 1328, 669, 1222, 630, 1195, 830, 1023, 232, 1021, 618, 1043, 1065, 979, 1702, 905, 1240, 715, 1092, 733, 253, 697, 1021, 636, 889, 674, 1843, 658, 362, 646, 1056, 512, 921, 765, 605, 695, 797, 307, 661, 316, 1526, 0, 1278, 67, 622, 128, 345, 184, 426, 388, 1731, 191, 1093, 285, 716, 422, 935, 463, 587, 342, 1064, 316, 1874, 614, 1649, 1043, 674, 1032, 1331, 986, 797, 1064, 590, 1027, 1343, 986, 1186, 977, 1225, 1016, 772, 1025, 148, 1170, 1142, 1200, 1047, 1388, 824, 1561, 472, 1590, 1177, 1666, 1298, 1638, 1388, 1835, 822, 805, 1672, 292, 654, 547, 102],
        [2418, 2418, 2387, 1779, 2268, 813, 2237, 454, 2257, 1053, 2275, 749, 2299, 2087, 2241, 432, 1952, 2514, 1979, 2119, 1850, 1061, 1811, 264, 1837, 2044, 1718, 580, 1670, 1065, 1637, 379, 1638, 553, 1953, 1806, 1891, 1246, 1566, 1912, 1593, 395, 1278, 0, 1230, 1874, 1173, 1128, 1113, 1206, 1003, 463, 1116, 219, 994, 1959, 941, 642, 879, 1648, 936, 239, 1006, 611, 748, 751, 1190, 1876, 1121, 511, 298, 1811, 236, 1844, 267, 611, 409, 2349, 551, 229, 538, 1779, 391, 1173, 118, 149, 79, 529, 1135, 1317, 285, 1063, 316, 110, 1188, 2571, 669, 1074, 1254, 1842, 1876, 1138, 1335, 1712, 736, 1313],
        [1424, 1424, 1396, 736, 1289, 564, 1262, 779, 1086, 202, 1082, 594, 1079, 1131, 1017, 1651, 971, 1285, 775, 1159, 800, 189, 764, 976, 703, 956, 739, 1791, 721, 368, 708, 997, 579, 858, 781, 672, 712, 737, 371, 724, 370, 1469, 67, 1230, 0, 685, 63, 363, 170, 457, 384, 1680, 126, 1041, 246, 779, 409, 870, 442, 575, 297, 1011, 252, 1821, 552, 1585, 979, 741, 966, 1268, 941, 862, 1020, 653, 975, 1278, 928, 1253, 914, 1169, 953, 836, 966, 158, 1123, 1096, 1153, 984, 1322, 767, 1512, 484, 1540, 1127, 1599, 1342, 1575, 1321, 1767, 887, 872, 1605, 346, 644, 505, 95],
        [847, 847, 824, 341, 747, 1246, 728, 1438, 402, 826, 402, 1153, 652, 650, 583, 2304, 519, 732, 116, 664, 342, 874, 339, 1612, 158, 364, 443, 2449, 484, 831, 509, 1676, 337, 1543, 657, 161, 610, 1293, 316, 39, 332, 2145, 622, 1874, 685, 0, 748, 775, 765, 749, 889, 2334, 811, 1703, 888, 97, 946, 1553, 1005, 785, 950, 1673, 937, 2480, 1236, 2269, 1570, 163, 1576, 1953, 1577, 512, 1649, 32, 1635, 1963, 1607, 606, 1599, 1841, 1638, 513, 1646, 703, 1761, 1731, 1795, 1669, 1953, 1293, 2160, 883, 2190, 1779, 2246, 801, 2260, 1963, 2420, 513, 440, 2259, 565, 811, 1139, 635],
        [1482, 1482, 1453, 792, 1346, 502, 1318, 720, 1149, 170, 1145, 557, 1131, 1185, 1071, 1592, 1025, 1342, 838, 1213, 857, 126, 821, 921, 765, 1016, 791, 1732, 770, 363, 755, 934, 634, 795, 820, 733, 753, 698, 434, 787, 432, 1407, 128, 1173, 63, 748, 0, 368, 158, 473, 368, 1621, 63, 981, 202, 842, 384, 807, 409, 593, 246, 952, 189, 1762, 489, 1522, 931, 803, 915, 1205, 886, 913, 966, 716, 916, 1216, 866, 1314, 851, 1108, 890, 887, 904, 170, 1068, 1041, 1096, 921, 1266, 732, 1454, 481, 1482, 1069, 1541, 1398, 1512, 1264, 1708, 939, 927, 1546, 385, 662, 455, 141],
        [1317, 1317, 1287, 653, 1170, 712, 1140, 729, 1138, 241, 1166, 384, 1322, 993, 1254, 1560, 845, 1479, 888, 1024, 724, 409, 685, 864, 715, 916, 602, 1707, 560, 63, 532, 1005, 510, 923, 1092, 684, 1022, 1040, 502, 810, 571, 1443, 345, 1128, 363, 775, 368, 0, 214, 122, 126, 1591, 384, 984, 279, 850, 189, 972, 252, 932, 325, 953, 442, 1739, 647, 1643, 1242, 752, 1213, 1313, 831, 709, 894, 747, 914, 1350, 937, 1223, 983, 1137, 1020, 678, 975, 205, 1011, 980, 1049, 1049, 1526, 1083, 1412, 130, 1442, 1042, 1772, 1544, 1611, 1511, 1925, 739, 759, 1764, 212, 999, 425, 444],
        [1427, 1427, 1397, 739, 1285, 549, 1256, 674, 1157, 63, 1166, 434, 1225, 1116, 1161, 1541, 959, 1415, 867, 1146, 808, 202, 770, 852, 748, 984, 716, 1685, 686, 205, 666, 921, 581, 806, 946, 716, 876, 830, 453, 803, 486, 1384, 184, 1113, 170, 765, 158, 214, 0, 327, 214, 1571, 170, 939, 126, 853, 241, 837, 279, 744, 189, 908, 246, 1716, 506, 1538, 1043, 787, 1020, 1212, 818, 835, 892, 733, 870, 1236, 851, 1289, 866, 1078, 904, 806, 890, 63, 1002, 973, 1034, 934, 1351, 870, 1398, 323, 1427, 1015, 1611, 1475, 1518, 1342, 1772, 863, 864, 1610, 289, 813, 377, 264],
        [1220, 1220, 1190, 578, 1072, 833, 1041, 828, 1087, 360, 1124, 456, 1334, 892, 1265, 1636, 750, 1471, 864, 924, 647, 527, 609, 944, 666, 843, 512, 1784, 465, 172, 434, 1109, 449, 1035, 1138, 637, 1069, 1157, 511, 780, 595, 1536, 426, 1206, 457, 749, 473, 122, 327, 0, 229, 1667, 497, 1076, 400, 813, 288, 1088, 349, 1009, 446, 1045, 562, 1816, 766, 1750, 1362, 701, 1334, 1419, 913, 610, 970, 723, 1006, 1460, 1041, 1146, 1096, 1231, 1132, 578, 1079, 303, 1088, 1057, 1127, 1160, 1648, 1197, 1486, 145, 1517, 1126, 1891, 1537, 1715, 1632, 2043, 641, 670, 1883, 199, 1074, 530, 528],
        [1442, 1442, 1411, 779, 1294, 618, 1264, 604, 1259, 205, 1283, 264, 1409, 1116, 1343, 1435, 969, 1580, 1000, 1148, 850, 368, 811, 739, 837, 1042, 727, 1583, 685, 63, 656, 882, 635, 807, 1152, 806, 1082, 988, 601, 924, 658, 1317, 388, 1003, 384, 889, 368, 126, 214, 229, 0, 1466, 363, 858, 214, 966, 63, 861, 126, 958, 241, 827, 384, 1614, 544, 1522, 1169, 874, 1135, 1191, 706, 832, 771, 859, 788, 1232, 814, 1348, 868, 1011, 903, 801, 852, 241, 887, 856, 924, 932, 1432, 1037, 1287, 138, 1318, 917, 1669, 1643, 1488, 1413, 1818, 863, 885, 1658, 333, 1027, 302, 477],
        [2874, 2874, 2843, 2242, 2724, 1213, 2693, 902, 2719, 1511, 2736, 1211, 2737, 2543, 2681, 31, 2411, 2962, 2438, 2575, 2312, 1504, 2273, 727, 2300, 2506, 2178, 118, 2129, 1528, 2097, 729, 2101, 910, 2376, 2269, 2318, 1583, 2024, 2372, 2047, 329, 1731, 463, 1680, 2334, 1621, 1591, 1571, 1667, 1466, 0, 1563, 640, 1450, 2420, 1404, 971, 1341, 2057, 1390, 669, 1447, 150, 1168, 663, 1459, 2338, 1389, 640, 760, 2269, 697, 2304, 705, 727, 787, 2811, 883, 534, 854, 2237, 754, 1632, 580, 610, 542, 832, 1274, 1651, 181, 1524, 150, 556, 1211, 3016, 561, 1205, 1210, 2300, 2336, 1146, 1797, 2118, 1196, 1760],
        [1540, 1540, 1511, 850, 1403, 440, 1375, 663, 1212, 158, 1208, 525, 1184, 1241, 1125, 1534, 1081, 1399, 900, 1269, 915, 63, 879, 867, 826, 1077, 844, 1673, 821, 368, 805, 872, 691, 732, 863, 795, 796, 662, 497, 850, 494, 1345, 191, 1116, 126, 811, 63, 384, 170, 497, 363, 1563, 0, 923, 170, 905, 368, 744, 384, 617, 202, 894, 126, 1703, 426, 1459, 885, 865, 866, 1142, 832, 966, 913, 779, 858, 1153, 804, 1376, 788, 1047, 827, 939, 842, 202, 1013, 986, 1040, 858, 1212, 701, 1396, 486, 1425, 1012, 1484, 1455, 1449, 1208, 1650, 992, 983, 1487, 430, 687, 407, 197],
        [2296, 2296, 2265, 1637, 2147, 595, 2116, 265, 2094, 877, 2105, 627, 2099, 1967, 2042, 612, 1825, 2322, 1804, 1999, 1708, 864, 1669, 178, 1679, 1898, 1585, 750, 1540, 921, 1510, 181, 1489, 339, 1745, 1647, 1684, 1029, 1390, 1741, 1409, 460, 1093, 219, 1041, 1703, 981, 984, 939, 1076, 858, 640, 923, 0, 815, 1791, 795, 433, 732, 1434, 754, 31, 807, 781, 535, 730, 988, 1718, 919, 424, 192, 1686, 201, 1672, 70, 509, 194, 2205, 346, 160, 340, 1654, 184, 1001, 174, 174, 168, 339, 978, 1100, 478, 940, 505, 110, 1078, 2376, 670, 923, 1172, 1717, 1743, 1038, 1182, 1498, 569, 1120],
        [1548, 1548, 1518, 861, 1404, 439, 1375, 551, 1282, 63, 1290, 356, 1325, 1233, 1262, 1421, 1078, 1525, 989, 1263, 931, 158, 893, 736, 874, 1109, 834, 1563, 801, 241, 778, 795, 704, 682, 1022, 842, 954, 774, 575, 927, 599, 1258, 285, 994, 246, 888, 202, 279, 126, 400, 214, 1450, 170, 815, 0, 977, 205, 717, 214, 786, 63, 785, 170, 1594, 386, 1414, 964, 913, 934, 1087, 701, 950, 778, 857, 747, 1112, 725, 1415, 742, 953, 780, 921, 764, 189, 885, 857, 916, 811, 1250, 822, 1278, 350, 1308, 895, 1502, 1583, 1392, 1237, 1660, 979, 984, 1498, 406, 857, 261, 339],
        [763, 763, 743, 339, 672, 1342, 655, 1526, 307, 915, 317, 1231, 654, 592, 587, 2390, 476, 695, 102, 603, 321, 968, 329, 1695, 164, 292, 448, 2535, 496, 908, 526, 1768, 378, 1637, 715, 184, 674, 1388, 409, 60, 429, 2235, 716, 1959, 779, 97, 842, 850, 853, 813, 966, 2420, 905, 1791, 977, 0, 1026, 1648, 1085, 869, 1040, 1760, 1031, 2566, 1330, 2364, 1665, 145, 1672, 2047, 1661, 496, 1731, 128, 1722, 2058, 1698, 512, 1693, 1931, 1732, 502, 1737, 790, 1845, 1815, 1879, 1763, 2049, 1388, 2244, 951, 2274, 1865, 2343, 765, 2354, 2060, 2517, 491, 411, 2356, 637, 891, 1225, 731],
        [1504, 1504, 1474, 842, 1356, 576, 1326, 542, 1319, 214, 1342, 208, 1455, 1178, 1389, 1373, 1032, 1632, 1056, 1210, 913, 363, 874, 677, 898, 1105, 790, 1520, 747, 126, 718, 821, 697, 750, 1186, 867, 1117, 967, 654, 983, 706, 1254, 422, 941, 409, 946, 384, 189, 241, 288, 63, 1404, 368, 795, 205, 1026, 0, 808, 63, 977, 214, 764, 368, 1552, 496, 1462, 1137, 936, 1099, 1131, 644, 894, 709, 917, 725, 1173, 753, 1411, 811, 948, 846, 863, 791, 279, 825, 794, 861, 874, 1387, 1019, 1225, 179, 1256, 854, 1618, 1694, 1427, 1366, 1765, 925, 948, 1606, 394, 1047, 242, 504],
        [2264, 2264, 2234, 1575, 2121, 307, 2092, 388, 1955, 777, 1945, 735, 1831, 1950, 1782, 948, 1795, 2079, 1637, 1980, 1644, 681, 1606, 543, 1569, 1815, 1551, 1060, 1517, 916, 1494, 264, 1417, 102, 1444, 1537, 1393, 616, 1240, 1592, 1228, 679, 935, 642, 870, 1553, 807, 972, 837, 1088, 861, 971, 744, 433, 717, 1648, 808, 0, 756, 1110, 658, 426, 619, 1085, 331, 717, 555, 1607, 487, 415, 528, 1667, 590, 1521, 420, 410, 241, 2117, 92, 450, 117, 1637, 252, 898, 605, 599, 601, 141, 621, 685, 848, 985, 867, 541, 815, 2126, 716, 584, 958, 1696, 1701, 799, 1123, 1166, 576, 921],
        [1567, 1567, 1536, 905, 1418, 537, 1388, 480, 1380, 241, 1402, 156, 1502, 1240, 1437, 1311, 1094, 1684, 1114, 1272, 976, 368, 937, 615, 959, 1168, 853, 1458, 809, 189, 780, 760, 760, 694, 1222, 928, 1153, 950, 708, 1041, 756, 1192, 463, 879, 442, 1005, 409, 252, 279, 349, 126, 1341, 384, 732, 214, 1085, 63, 756, 0, 1000, 205, 701, 363, 1490, 452, 1402, 1106, 997, 1066, 1071, 581, 957, 647, 975, 662, 1115, 693, 1474, 755, 886, 789, 925, 730, 325, 763, 732, 799, 817, 1344, 1005, 1163, 230, 1194, 791, 1569, 1745, 1366, 1320, 1713, 987, 1010, 1555, 456, 1070, 184, 537],
        [1631, 1631, 1609, 1037, 1529, 844, 1509, 1204, 1116, 763, 1060, 1141, 751, 1416, 716, 2031, 1267, 1023, 798, 1435, 1075, 646, 1054, 1426, 904, 1148, 1096, 2156, 1106, 943, 1109, 1328, 921, 1151, 344, 885, 307, 615, 629, 813, 532, 1786, 587, 1648, 575, 785, 593, 932, 744, 1009, 958, 2057, 617, 1434, 786, 869, 977, 1110, 1000, 0, 814, 1410, 679, 2183, 900, 1783, 892, 929, 922, 1518, 1393, 1208, 1476, 763, 1380, 1490, 1270, 1375, 1188, 1523, 1222, 1194, 1302, 729, 1560, 1537, 1579, 1250, 1302, 586, 1909, 1057, 1934, 1538, 1608, 1057, 1806, 1331, 1789, 1223, 1172, 1638, 845, 70, 1008, 487],
        [1608, 1608, 1578, 923, 1465, 387, 1435, 489, 1345, 126, 1352, 329, 1376, 1293, 1315, 1361, 1138, 1581, 1050, 1323, 993, 170, 954, 679, 937, 1172, 894, 1503, 860, 279, 836, 732, 766, 621, 1064, 905, 997, 753, 636, 989, 658, 1196, 342, 936, 297, 950, 246, 325, 189, 446, 241, 1390, 202, 754, 63, 1040, 214, 658, 205, 814, 0, 724, 158, 1534, 328, 1352, 929, 976, 895, 1025, 644, 1009, 723, 919, 686, 1051, 662, 1477, 681, 891, 719, 979, 701, 252, 828, 800, 858, 749, 1202, 804, 1219, 378, 1248, 835, 1449, 1639, 1330, 1186, 1604, 1038, 1045, 1443, 466, 884, 208, 387],
        [2265, 2265, 2234, 1606, 2116, 574, 2086, 235, 2063, 847, 2074, 596, 2071, 1937, 2014, 640, 1794, 2293, 1774, 1968, 1677, 836, 1638, 158, 1648, 1867, 1554, 780, 1509, 890, 1479, 184, 1458, 329, 1719, 1616, 1658, 1014, 1360, 1711, 1380, 491, 1064, 239, 1011, 1673, 952, 953, 908, 1045, 827, 669, 894, 31, 785, 1760, 764, 426, 701, 1410, 724, 0, 779, 810, 511, 756, 981, 1687, 913, 445, 167, 1655, 187, 1641, 39, 527, 185, 2174, 341, 189, 339, 1623, 181, 970, 179, 174, 180, 340, 984, 1085, 505, 909, 532, 129, 1093, 2348, 697, 931, 1190, 1686, 1712, 1054, 1151, 1474, 538, 1091],
        [1657, 1657, 1628, 966, 1518, 317, 1490, 552, 1338, 202, 1333, 480, 1293, 1353, 1236, 1418, 1194, 1516, 1026, 1382, 1034, 63, 996, 764, 950, 1199, 954, 1555, 928, 409, 909, 749, 808, 606, 954, 919, 890, 604, 622, 976, 619, 1222, 316, 1006, 252, 937, 189, 442, 246, 562, 384, 1447, 126, 807, 170, 1031, 368, 619, 363, 679, 158, 779, 0, 1585, 300, 1333, 801, 989, 774, 1016, 730, 1075, 812, 905, 744, 1027, 681, 1499, 662, 927, 701, 1047, 719, 297, 906, 881, 932, 732, 1106, 652, 1283, 520, 1311, 900, 1370, 1570, 1323, 1098, 1534, 1102, 1097, 1371, 531, 749, 329, 317],
        [3024, 3024, 2993, 2391, 2874, 1341, 2843, 1044, 2866, 1655, 2881, 1360, 2873, 2693, 2818, 181, 2561, 3101, 2583, 2725, 2461, 1644, 2423, 875, 2448, 2655, 2328, 32, 2279, 1677, 2246, 855, 2249, 1033, 2507, 2416, 2450, 1690, 2169, 2518, 2190, 414, 1874, 611, 1821, 2480, 1762, 1739, 1716, 1816, 1614, 150, 1703, 781, 1594, 2566, 1552, 1085, 1490, 2183, 1534, 810, 1585, 0, 1301, 678, 1548, 2486, 1479, 724, 908, 2419, 846, 2449, 847, 801, 917, 2960, 1000, 663, 969, 2387, 882, 1777, 729, 760, 691, 944, 1330, 1756, 331, 1673, 300, 701, 1233, 3154, 581, 1260, 1209, 2450, 2486, 1165, 1945, 2243, 1341, 1899],
