{
    "name": "PR107B",
    "comment": "data-set-2/json/pr107b.json",
    "nodes": ["+0", "-0", "+2", "-2", "+4", "-4", "+6", "-6", "+7", "-7", "+10", "-10", "+11", "-11", "+12", "-12", "+15", "-15", "+19", "-19", "+21", "-21", "+23", "-23", "+26", "-26", "+29", "-29", "+30", "-30", "+31", "-31", "+33", "-33", "+34", "-34", "+37", "-37", "+39", "-39", "+40", "-40", "+41", "-41", "+42", "-42", "+47", "-47", "+48", "-48", "+50", "-50", "+52", "-52", "+53", "-53", "+54", "-54", "+55", "-55", "+56", "-56", "+57", "-57", "+59", "-59", "+61", "-61", "+64", "-64", "+67", "-67", "+68", "-68", "+69", "-69", "+72", "-72", "+75", "-75", "+78", "-78", "+79", "-79", "+81", "-81", "+84", "-84", "+85", "-85", "+87", "-87", "+91", "-91", "+94", "-94", "+96", "-96", "+102", "-102", "+103", "-103", "+105", "-105", "+106", "-106", "+107", "-107"],
    "precedence": {
        "+0": "-0",
        "+2": "-2",
        "+4": "-4",
        "+6": "-6",
        "+7": "-7",
        "+10": "-10",
        "+11": "-11",
        "+12": "-12",
        "+15": "-15",
        "+19": "-19",
        "+21": "-21",
        "+23": "-23",
        "+26": "-26",
        "+29": "-29",
        "+30": "-30",
        "+31": "-31",
        "+33": "-33",
        "+34": "-34",
        "+37": "-37",
        "+39": "-39",
        "+40": "-40",
        "+41": "-41",
        "+42": "-42",
        "+47": "-47",
        "+48": "-48",
        "+50": "-50",
        "+52": "-52",
        "+53": "-53",
        "+54": "-54",
        "+55": "-55",
        "+56": "-56",
        "+57": "-57",
        "+59": "-59",
        "+61": "-61",
        "+64": "-64",
        "+67": "-67",
        "+68": "-68",
        "+69": "-69",
        "+72": "-72",
        "+75": "-75",
        "+78": "-78",
        "+79": "-79",
        "+81": "-81",
        "+84": "-84",
        "+85": "-85",
        "+87": "-87",
        "+91": "-91",
        "+94": "-94",
        "+96": "-96",
        "+102": "-102",
        "+103": "-103",
        "+105": "-105",
        "+106": "-106",
        "+107": "-107"
    },
    "edges": [
        [0, 0, 400, 1552, 283, 750, 283, 1712, 806, 8903, 922, 1500, 950, 1712, 971, 200, 1700, 6800, 2300, 2508, 2500, 2508, 2532, 3306, 3126, 2335, 3324, 4020, 3306, 1746, 4000, 985, 4200, 3100, 4205, 4219, 4900, 5764, 5100, 5800, 5104, 6000, 5116, 9080, 5104, 4205, 5963, 3300, 5953, 4916, 6612, 6003, 6803, 8989, 6812, 447, 6803, 6600, 10087, 9361, 9566, 9722, 9028, 8331, 8148, 8552, 7641, 7858, 7650, 7653, 7853, 7687, 8052, 8050, 8080, 8032, 8100, 7796, 8189, 7709, 8228, 7901, 7988, 8238, 8048, 9530, 8254, 8633, 8626, 8372, 8515, 7837, 8727, 8700, 9085, 7453, 9194, 9600, 9850, 7510, 10010, 8429, 10410, 9893, 10235, 9424, 10386, 10104],
        [0, 0, 400, 1552, 283, 750, 283, 1712, 806, 8903, 922, 1500, 950, 1712, 971, 200, 1700, 6800, 2300, 2508, 2500, 2508, 2532, 3306, 3126, 2335, 3324, 4020, 3306, 1746, 4000, 985, 4200, 3100, 4205, 4219, 4900, 5764, 5100, 5800, 5104, 6000, 5116, 9080, 5104, 4205, 5963, 3300, 5953, 4916, 6612, 6003, 6803, 8989, 6812, 447, 6803, 6600, 10087, 9361, 9566, 9722, 9028, 8331, 8148, 8552, 7641, 7858, 7650, 7653, 7853, 7687, 8052, 8050, 8080, 8032, 8100, 7796, 8189, 7709, 8228, 7901, 7988, 8238, 8048, 9530, 8254, 8633, 8626, 8372, 8515, 7837, 8727, 8700, 9085, 7453, 9194, 9600, 9850, 7510, 10010, 8429, 10410, 9893, 10235, 9424, 10386, 10104],
        [400, 400, 0, 1500, 632, 850, 283, 1712, 700, 8552, 922, 1552, 1031, 1803, 1124, 447, 1746, 6812, 2335, 2571, 2532, 2508, 2500, 3354, 3100, 2300, 3300, 4000, 3306, 1700, 4020, 900, 4219, 3126, 4243, 4200, 4916, 5750, 5116, 5814, 5135, 6013, 5100, 8727, 5104, 4205, 5950, 3324, 5953, 4900, 6600, 6030, 6826, 8633, 6800, 200, 6803, 6612, 9795, 9028, 9258, 9411, 8701, 7966, 7784, 8206, 7252, 7480, 7250, 7253, 7453, 7289, 7653, 7650, 7682, 7641, 7703, 7404, 7796, 7312, 7837, 7504, 7606, 7858, 7669, 9194, 7885, 8280, 8254, 7988, 8148, 7447, 8379, 8331, 8751, 7053, 8864, 9285, 9534, 7114, 9691, 8048, 10104, 9570, 9940, 9085, 10087, 9804],
        [1552, 1552, 1500, 0, 1432, 850, 1315, 283, 800, 7924, 632, 400, 680, 632, 814, 1360, 447, 5315, 894, 1166, 1077, 1020, 1000, 1897, 1600, 800, 1800, 2500, 1811, 200, 2532, 600, 2729, 1649, 2766, 2700, 3423, 4250, 3622, 4319, 3650, 4518, 3600, 8112, 3606, 2707, 4450, 1844, 4454, 3400, 5100, 4540, 5334, 8048, 5300, 1300, 5304, 5116, 8820, 8274, 8364, 8533, 7916, 7470, 7276, 7549, 7053, 7121, 7404, 7366, 7563, 7289, 7760, 7796, 7692, 7453, 7673, 7250, 7650, 7271, 7653, 7474, 7294, 7517, 7319, 8455, 7424, 7669, 7816, 7692, 7664, 7253, 7736, 7859, 8008, 7169, 8095, 8429, 8678, 7071, 8850, 7715, 9194, 8751, 8981, 8372, 9143, 8864],
        [283, 283, 632, 1432, 0, 585, 400, 1552, 781, 8989, 806, 1315, 776, 1500, 750, 200, 1513, 6603, 2110, 2300, 2309, 2335, 2377, 3100, 2961, 2184, 3158, 3847, 3126, 1616, 3805, 922, 4005, 2907, 4000, 4045, 4704, 5582, 4904, 5604, 4900, 5803, 4937, 9169, 4916, 4020, 5781, 3106, 5764, 4738, 6428, 5800, 6600, 9083, 6627, 600, 6612, 6403, 10104, 9424, 9600, 9760, 9085, 8440, 8254, 8633, 7796, 7988, 7853, 7850, 8050, 7869, 8250, 8252, 8265, 8189, 8280, 7957, 8352, 7886, 8385, 8080, 8126, 8372, 8180, 9595, 8369, 8721, 8745, 8513, 8626, 7992, 8810, 8813, 9149, 7650, 9254, 9643, 9893, 7687, 10056, 8565, 10441, 9943, 10256, 9495, 10410, 10128],
        [750, 750, 850, 850, 585, 0, 585, 971, 403, 8575, 250, 750, 200, 971, 283, 550, 950, 6050, 1550, 1761, 1750, 1761, 1795, 2558, 2384, 1601, 2581, 3275, 2558, 1031, 3250, 427, 3450, 2350, 3456, 3473, 4150, 5016, 4350, 5050, 4355, 5250, 4368, 8758, 4355, 3456, 5215, 2550, 5204, 4169, 5864, 5254, 6053, 8681, 6063, 680, 6053, 5850, 9597, 8975, 9114, 9278, 8627, 8064, 7874, 8210, 7510, 7653, 7687, 7670, 7869, 7650, 8069, 8085, 8050, 7907, 8051, 7687, 8085, 7653, 8106, 7851, 7805, 8043, 7848, 9150, 8003, 8312, 8386, 8198, 8254, 7709, 8392, 8444, 8703, 7470, 8800, 9167, 9416, 7453, 9583, 8238, 9951, 9476, 9753, 9057, 9911, 9630],
        [283, 283, 283, 1315, 400, 585, 0, 1500, 539, 8633, 700, 1315, 776, 1552, 850, 200, 1513, 6603, 2110, 2335, 2309, 2300, 2309, 3126, 2907, 2110, 3106, 3805, 3100, 1513, 3805, 728, 4005, 2907, 4020, 4005, 4704, 5554, 4904, 5604, 4916, 5803, 4904, 8810, 4900, 4000, 5753, 3106, 5750, 4704, 6403, 5814, 6612, 8721, 6603, 200, 6600, 6403, 9804, 9085, 9285, 9442, 8751, 8069, 7885, 8280, 7404, 7606, 7453, 7450, 7650, 7470, 7850, 7853, 7866, 7796, 7881, 7563, 7957, 7488, 7992, 7682, 7740, 7988, 7797, 9254, 7995, 8363, 8369, 8126, 8254, 7600, 8456, 8440, 8809, 7250, 8917, 9320, 9570, 7289, 9731, 8180, 10128, 9614, 9953, 9149, 10104, 9822],
        [1712, 1712, 1712, 283, 1552, 971, 1500, 0, 1020, 8048, 800, 283, 776, 400, 850, 1513, 200, 5104, 632, 894, 825, 800, 825, 1649, 1414, 632, 1612, 2309, 1600, 200, 2309, 825, 2508, 1414, 2532, 2508, 3206, 4055, 3406, 4105, 3423, 4305, 3406, 8238, 3400, 2500, 4255, 1612, 4250, 3206, 4904, 4319, 5116, 8180, 5104, 1513, 5100, 4904, 8864, 8372, 8429, 8602, 8008, 7620, 7424, 7669, 7250, 7294, 7641, 7600, 7796, 7510, 7992, 8032, 7913, 7650, 7891, 7453, 7853, 7488, 7850, 7692, 7474, 7692, 7493, 8555, 7580, 7797, 7974, 7873, 7816, 7450, 7858, 8011, 8108, 7404, 8189, 8504, 8751, 7289, 8927, 7891, 9254, 8833, 9028, 8477, 9194, 8917],
        [806, 806, 700, 800, 781, 403, 539, 1020, 0, 8231, 283, 894, 472, 1166, 650, 640, 1077, 6113, 1649, 1897, 1844, 1811, 1800, 2668, 2400, 1600, 2600, 3300, 2608, 1000, 3324, 200, 3523, 2433, 3551, 3500, 4219, 5050, 4418, 5116, 4441, 5315, 4400, 8413, 4405, 3506, 5250, 2631, 5254, 4200, 5900, 5334, 6129, 8331, 6100, 500, 6103, 5914, 9323, 8652, 8820, 8981, 8310, 7702, 7514, 7871, 7121, 7276, 7284, 7267, 7467, 7250, 7666, 7682, 7650, 7517, 7653, 7294, 7692, 7254, 7715, 7453, 7424, 7664, 7470, 8825, 7637, 7966, 8018, 7816, 7891, 7319, 8051, 8080, 8379, 7068, 8481, 8864, 9114, 7054, 9278, 7859, 9661, 9167, 9475, 8727, 9629, 9347],
        [8903, 8903, 8552, 7924, 8989, 8575, 8633, 8048, 8231, 0, 8331, 8301, 8496, 8429, 8681, 8810, 8238, 8269, 8077, 8228, 8032, 7837, 7641, 8100, 7531, 7688, 7504, 7453, 7703, 7858, 7853, 8148, 7850, 7927, 8050, 7450, 7881, 7610, 7901, 8011, 8100, 8054, 7504, 200, 7703, 7650, 7653, 7901, 7848, 7483, 7827, 8249, 8459, 283, 7891, 8456, 8080, 8209, 2631, 900, 1844, 1811, 985, 922, 985, 400, 2532, 1746, 4205, 4005, 4000, 3456, 4005, 4205, 3506, 2500, 3306, 2707, 2707, 3256, 2508, 3300, 1910, 1700, 1712, 922, 1118, 283, 1118, 1910, 900, 2508, 200, 922, 728, 4020, 922, 1612, 1750, 3275, 1761, 1712, 2408, 1563, 2608, 728, 2600, 2408],
        [922, 922, 922, 632, 806, 250, 700, 800, 283, 8331, 0, 632, 206, 894, 403, 728, 825, 5903, 1414, 1649, 1612, 1600, 1612, 2433, 2209, 1414, 2408, 3106, 2400, 825, 3106, 200, 3306, 2209, 3324, 3306, 4005, 4854, 4205, 4904, 4219, 5104, 4205, 8515, 4200, 3300, 5054, 2408, 5050, 4005, 5704, 5116, 5914, 8440, 5903, 728, 5900, 5704, 9347, 8727, 8864, 9028, 8379, 7827, 7637, 7966, 7294, 7424, 7504, 7483, 7682, 7452, 7881, 7901, 7853, 7692, 7850, 7474, 7873, 7450, 7891, 7650, 7580, 7816, 7620, 8903, 7768, 8069, 8152, 7974, 8018, 7493, 8148, 8209, 8456, 7284, 8552, 8917, 9167, 7250, 9334, 8011, 9701, 9227, 9503, 8810, 9661, 9380],
        [1500, 1500, 1552, 400, 1315, 750, 1315, 283, 894, 8301, 632, 0, 550, 283, 585, 1300, 200, 5300, 800, 1020, 1000, 1020, 1077, 1811, 1649, 894, 1844, 2532, 1811, 447, 2500, 721, 2700, 1600, 2707, 2729, 3400, 4269, 3600, 4300, 3606, 4500, 3622, 8491, 3606, 2707, 4468, 1800, 4454, 3423, 5116, 4504, 5304, 8429, 5315, 1360, 5304, 5100, 9143, 8636, 8704, 8875, 8274, 7859, 7664, 7924, 7453, 7517, 7796, 7760, 7957, 7687, 8154, 8189, 8090, 7853, 8072, 7650, 8050, 7670, 8052, 7873, 7692, 7913, 7715, 8818, 7816, 8048, 8207, 8090, 8054, 7653, 8112, 8249, 8372, 7563, 8455, 8776, 9024, 7470, 9198, 8112, 9530, 9103, 9307, 8739, 9472, 9194],
        [950, 950, 1031, 680, 776, 200, 776, 776, 472, 8496, 206, 550, 0, 776, 200, 750, 750, 5850, 1350, 1563, 1550, 1563, 1601, 2358, 2187, 1408, 2384, 3076, 2358, 850, 3050, 403, 3250, 2150, 3256, 3275, 3950, 4817, 4150, 4850, 4155, 5050, 4169, 8681, 4155, 3256, 5016, 2350, 5004, 3970, 5664, 5054, 5853, 8608, 5864, 850, 5853, 5650, 9472, 8879, 9000, 9167, 8528, 8003, 7812, 8128, 7488, 7610, 7709, 7687, 7886, 7653, 8085, 8106, 8054, 7886, 8050, 7670, 8069, 7650, 8085, 7850, 7768, 8002, 7805, 9057, 7946, 8236, 8332, 8162, 8194, 7687, 8312, 8386, 8610, 7488, 8703, 9058, 9307, 7450, 9476, 8198, 9835, 9372, 9630, 8967, 9790, 9510],
        [1712, 1712, 1803, 632, 1500, 971, 1552, 400, 1166, 8429, 894, 283, 776, 0, 750, 1513, 200, 5104, 632, 800, 825, 894, 1000, 1600, 1523, 849, 1709, 2377, 1649, 600, 2309, 1000, 2508, 1414, 2500, 2571, 3206, 4094, 3406, 4105, 3400, 4305, 3453, 8620, 3423, 2532, 4292, 1612, 4269, 3256, 4937, 4300, 5100, 8565, 5135, 1616, 5116, 4904, 9194, 8739, 8776, 8951, 8372, 8011, 7816, 8048, 7650, 7692, 8032, 7992, 8189, 7907, 8385, 8423, 8310, 8050, 8289, 7853, 8252, 7886, 8250, 8090, 7873, 8090, 7891, 8923, 7974, 8180, 8368, 8272, 8207, 7850, 8238, 8404, 8477, 7796, 8555, 8856, 9103, 7687, 9280, 8289, 9595, 9190, 9361, 8849, 9530, 9254],
        [971, 971, 1124, 814, 750, 283, 850, 850, 650, 8681, 403, 585, 200, 750, 0, 776, 776, 5853, 1365, 1550, 1563, 1601, 1662, 2350, 2232, 1477, 2425, 3108, 2384, 960, 3057, 602, 3256, 2159, 3250, 3305, 3955, 4837, 4155, 4854, 4150, 5054, 4193, 8867, 4169, 3275, 5036, 2358, 5016, 3995, 5682, 5050, 5850, 8796, 5881, 960, 5864, 5654, 9630, 9057, 9167, 9334, 8703, 8194, 8003, 8312, 7687, 7805, 7907, 7886, 8085, 7853, 8284, 8305, 8254, 8085, 8250, 7869, 8268, 7850, 8284, 8050, 7965, 8198, 8002, 9235, 8139, 8422, 8526, 8360, 8386, 7886, 8496, 8578, 8788, 7687, 8879, 9227, 9476, 7650, 9647, 8394, 9999, 9545, 9790, 9147, 9951, 9672],
        [200, 200, 447, 1360, 200, 550, 200, 1513, 640, 8810, 728, 1300, 750, 1513, 776, 0, 1500, 6600, 2100, 2309, 2300, 2309, 2335, 3106, 2927, 2138, 3126, 3821, 3106, 1552, 3800, 806, 4000, 2900, 4005, 4020, 4700, 5564, 4900, 5600, 4904, 5800, 4916, 8989, 4904, 4005, 5764, 3100, 5753, 4717, 6412, 5803, 6603, 8902, 6612, 400, 6603, 6400, 9953, 9254, 9442, 9600, 8917, 8254, 8069, 8456, 7600, 7797, 7653, 7650, 7850, 7670, 8050, 8052, 8066, 7992, 8080, 7760, 8154, 7687, 8189, 7881, 7933, 8180, 7988, 9424, 8181, 8542, 8556, 8319, 8440, 7796, 8633, 8626, 8978, 7450, 9085, 9481, 9731, 7488, 9893, 8372, 10284, 9778, 10104, 9322, 10256, 9974],
        [1700, 1700, 1746, 447, 1513, 950, 1513, 200, 1077, 8238, 825, 200, 750, 200, 776, 1500, 0, 5100, 600, 825, 800, 825, 894, 1612, 1456, 721, 1649, 2335, 1612, 400, 2300, 894, 2500, 1400, 2508, 2532, 3200, 4070, 3400, 4100, 3406, 4300, 3423, 8429, 3406, 2508, 4269, 1600, 4255, 3225, 4916, 4305, 5104, 8372, 5116, 1552, 5104, 4900, 9028, 8555, 8602, 8776, 8189, 7816, 7620, 7858, 7450, 7493, 7837, 7796, 7992, 7709, 8189, 8228, 8112, 7850, 8090, 7653, 8052, 7687, 8050, 7891, 7673, 7891, 7692, 8739, 7777, 7988, 8171, 8072, 8011, 7650, 8048, 8207, 8292, 7600, 8372, 8679, 8927, 7488, 9103, 8090, 9424, 9011, 9194, 8663, 9361, 9085],
        [6800, 6800, 6812, 5315, 6603, 6050, 6603, 5104, 6113, 8269, 5903, 5300, 5850, 5104, 5853, 6600, 5100, 0, 4500, 4305, 4300, 4305, 4319, 3506, 3722, 4518, 3523, 2828, 3506, 5116, 2800, 5914, 2600, 3700, 2608, 2631, 1900, 1124, 1700, 1000, 1712, 800, 1746, 8459, 1712, 2608, 939, 3500, 873, 1942, 447, 825, 200, 8523, 400, 6612, 200, 200, 7450, 8032, 7493, 7692, 7641, 8413, 8231, 7891, 9028, 8602, 10235, 10104, 10256, 9753, 10410, 10538, 10100, 9361, 9981, 9307, 9638, 9630, 9530, 9820, 8875, 8951, 8776, 8228, 8498, 8146, 8860, 9222, 8595, 9194, 8080, 8778, 7882, 9953, 7837, 7715, 7896, 9472, 8095, 9126, 8052, 8118, 7650, 8271, 7850, 7653],
        [2300, 2300, 2335, 894, 2110, 1550, 2110, 632, 1649, 8077, 1414, 800, 1350, 632, 1365, 2100, 600, 4500, 0, 283, 200, 283, 447, 1020, 894, 400, 1077, 1746, 1020, 721, 1700, 1456, 1900, 800, 1910, 1942, 2600, 3473, 2800, 3500, 2807, 3700, 2828, 8271, 2807, 1910, 3672, 1000, 3655, 2631, 4319, 3705, 4504, 8228, 4518, 2138, 4504, 4300, 8704, 8334, 8318, 8498, 7959, 7715, 7517, 7688, 7474, 7453, 7988, 7933, 8126, 7805, 8319, 8372, 8207, 7873, 8171, 7692, 8090, 7768, 8072, 7974, 7650, 7853, 7653, 8523, 7692, 7837, 8090, 8050, 7913, 7673, 7882, 8112, 8080, 7740, 8146, 8413, 8657, 7571, 8839, 8052, 9126, 8758, 8875, 8459, 9048, 8776],
        [2508, 2508, 2571, 1166, 2300, 1761, 2335, 894, 1897, 8228, 1649, 1020, 1563, 800, 1550, 2309, 825, 4305, 283, 0, 200, 400, 600, 800, 849, 632, 1000, 1616, 894, 1000, 1513, 1709, 1712, 632, 1700, 1803, 2408, 3305, 2608, 3306, 2600, 3506, 2668, 8423, 2631, 1746, 3502, 825, 3473, 2474, 4144, 3500, 4300, 8385, 4342, 2377, 4319, 4105, 8776, 8459, 8413, 8595, 8080, 7891, 7692, 7837, 7692, 7650, 8238, 8180, 8372, 8043, 8565, 8620, 8444, 8090, 8404, 7913, 8310, 8002, 8289, 8207, 7853, 8050, 7850, 8650, 7873, 7992, 8272, 8252, 8090, 7891, 8032, 8289, 8209, 7988, 8269, 8515, 8758, 7805, 8942, 8250, 9213, 8867, 8951, 8592, 9126, 8856],
        [2500, 2500, 2532, 1077, 2309, 1750, 2309, 825, 1844, 8032, 1612, 1000, 1550, 825, 1563, 2300, 800, 4300, 200, 200, 0, 200, 400, 825, 721, 447, 894, 1552, 825, 894, 1500, 1649, 1700, 600, 1712, 1746, 2400, 3275, 2600, 3300, 2608, 3500, 2631, 8228, 2608, 1712, 3473, 800, 3456, 2433, 4119, 3506, 4305, 8189, 4319, 2335, 4305, 4100, 8602, 8269, 8231, 8413, 7891, 7692, 7493, 7641, 7493, 7450, 8048, 7988, 8180, 7848, 8372, 8429, 8249, 7891, 8207, 7715, 8112, 7805, 8090, 8011, 7653, 7850, 7650, 8459, 7673, 7796, 8072, 8052, 7891, 7692, 7837, 8090, 8018, 7797, 8080, 8331, 8575, 7610, 8758, 8050, 9034, 8681, 8776, 8400, 8951, 8679],
        [2508, 2508, 2508, 1020, 2335, 1761, 2300, 800, 1811, 7837, 1600, 1020, 1563, 894, 1601, 2309, 825, 4305, 283, 400, 200, 0, 200, 894, 632, 283, 825, 1513, 800, 825, 1513, 1612, 1712, 632, 1746, 1712, 2408, 3256, 2608, 3306, 2631, 3506, 2608, 8032, 2600, 1700, 3456, 825, 3450, 2408, 4105, 3523, 4319, 7992, 4305, 2309, 4300, 4105, 8429, 8080, 8051, 8231, 7702, 7493, 7294, 7447, 7294, 7250, 7858, 7797, 7988, 7653, 8180, 8238, 8054, 7692, 8011, 7517, 7913, 7610, 7891, 7816, 7453, 7650, 7450, 8269, 7474, 7600, 7873, 7853, 7692, 7493, 7641, 7891, 7827, 7606, 7891, 8148, 8392, 7414, 8575, 7850, 8856, 8496, 8602, 8209, 8776, 8504],
        [2532, 2532, 2500, 1000, 2377, 1795, 2309, 825, 1800, 7641, 1612, 1077, 1601, 1000, 1662, 2335, 894, 4319, 447, 600, 400, 200, 0, 1000, 600, 200, 800, 1500, 825, 800, 1552, 1600, 1746, 721, 1803, 1700, 2433, 3250, 2631, 3324, 2668, 3523, 2600, 7837, 2608, 1712, 3450, 894, 3456, 2400, 4100, 3551, 4342, 7796, 4300, 2300, 4305, 4119, 8258, 7891, 7871, 8051, 7514, 7294, 7095, 7252, 7095, 7050, 7669, 7606, 7797, 7458, 7988, 8048, 7859, 7493, 7816, 7319, 7715, 7414, 7692, 7620, 7253, 7450, 7250, 8080, 7275, 7404, 7673, 7653, 7493, 7294, 7447, 7692, 7637, 7416, 7702, 7966, 8210, 7218, 8392, 7650, 8679, 8312, 8429, 8018, 8602, 8329],
        [3306, 3306, 3354, 1897, 3100, 2558, 3126, 1649, 2668, 8100, 2433, 1811, 2358, 1600, 2350, 3106, 1612, 3506, 1020, 800, 825, 894, 1000, 0, 632, 1166, 600, 922, 400, 1709, 728, 2474, 922, 283, 900, 1082, 1612, 2522, 1811, 2508, 1800, 2707, 1897, 8299, 1844, 985, 2717, 200, 2680, 1709, 3354, 2700, 3500, 8280, 3551, 3158, 3523, 3306, 8413, 8249, 8112, 8301, 7859, 7850, 7650, 7703, 7816, 7692, 8515, 8440, 8626, 8254, 8813, 8886, 8650, 8207, 8592, 8054, 8444, 8194, 8404, 8400, 7913, 8090, 7891, 8444, 7853, 7881, 8252, 8310, 8050, 8011, 7901, 8250, 8011, 8254, 8054, 8238, 8475, 8003, 8665, 8289, 8886, 8606, 8595, 8404, 8778, 8515],
        [3126, 3126, 3100, 1600, 2961, 2384, 2907, 1414, 2400, 7531, 2209, 1649, 2187, 1523, 2232, 2927, 1456, 3722, 894, 849, 721, 632, 600, 632, 0, 800, 200, 900, 283, 1400, 985, 2200, 1170, 400, 1253, 1100, 1844, 2650, 2040, 2729, 2088, 2927, 2000, 7729, 2010, 1118, 2850, 447, 2857, 1800, 3500, 2961, 3748, 7703, 3700, 2900, 3705, 3523, 7962, 7714, 7623, 7808, 7328, 7253, 7053, 7135, 7188, 7075, 7885, 7808, 7995, 7621, 8181, 8254, 8018, 7580, 7960, 7424, 7816, 7562, 7777, 7768, 7294, 7474, 7275, 7907, 7250, 7306, 7650, 7692, 7453, 7384, 7333, 7653, 7470, 7623, 7521, 7736, 7977, 7371, 8164, 7673, 8413, 8096, 8140, 7859, 8318, 8051],
        [2335, 2335, 2300, 800, 2184, 1601, 2110, 632, 1600, 7688, 1414, 894, 1408, 849, 1477, 2138, 721, 4518, 400, 632, 447, 283, 200, 1166, 800, 0, 1000, 1700, 1020, 600, 1746, 1400, 1942, 894, 1992, 1900, 2631, 3450, 2828, 3523, 2864, 3722, 2800, 7882, 2807, 1910, 3650, 1077, 3655, 2600, 4300, 3748, 4540, 7837, 4500, 2100, 4504, 4319, 8364, 7959, 7962, 8140, 7586, 7319, 7121, 7302, 7075, 7053, 7606, 7548, 7740, 7414, 7933, 7988, 7816, 7474, 7777, 7294, 7692, 7375, 7673, 7580, 7250, 7453, 7253, 8146, 7294, 7447, 7692, 7650, 7517, 7275, 7495, 7715, 7702, 7356, 7772, 8051, 8296, 7178, 8476, 7653, 8776, 8392, 8533, 8080, 8704, 8429],
        [3324, 3324, 3300, 1800, 3158, 2581, 3106, 1612, 2600, 7504, 2408, 1844, 2384, 1709, 2425, 3126, 1649, 3523, 1077, 1000, 894, 825, 800, 600, 200, 1000, 0, 700, 200, 1600, 806, 2400, 985, 447, 1082, 900, 1649, 2450, 1844, 2532, 1897, 2729, 1800, 7703, 1811, 922, 2650, 400, 2658, 1600, 3300, 2766, 3551, 7682, 3500, 3100, 3506, 3324, 7871, 7664, 7549, 7736, 7276, 7250, 7050, 7107, 7229, 7095, 7966, 7885, 8069, 7685, 8254, 8331, 8080, 7620, 8018, 7470, 7859, 7621, 7816, 7827, 7319, 7493, 7294, 7859, 7253, 7284, 7653, 7715, 7450, 7424, 7306, 7650, 7424, 7701, 7470, 7669, 7907, 7431, 8096, 7692, 8331, 8033, 8051, 7816, 8231, 7966],
        [4020, 4020, 4000, 2500, 3847, 3275, 3805, 2309, 3300, 7453, 3106, 2532, 3076, 2377, 3108, 3821, 2335, 2828, 1746, 1616, 1552, 1513, 1500, 922, 900, 1700, 700, 0, 728, 2300, 400, 3100, 447, 985, 632, 200, 985, 1750, 1170, 1844, 1253, 2040, 1100, 7653, 1118, 283, 1950, 806, 1960, 900, 2600, 2088, 2864, 7650, 2800, 3800, 2807, 2631, 7586, 7531, 7328, 7521, 7135, 7284, 7085, 7053, 7416, 7208, 8280, 8186, 8363, 7945, 8542, 8633, 8331, 7797, 8254, 7669, 8048, 7865, 7988, 8069, 7447, 7600, 7404, 7729, 7306, 7250, 7703, 7837, 7483, 7606, 7253, 7682, 7306, 8009, 7333, 7470, 7701, 7681, 7895, 7796, 8080, 7848, 7772, 7703, 7959, 7702],
        [3306, 3306, 3306, 1811, 3126, 2558, 3100, 1600, 2608, 7703, 2400, 1811, 2358, 1649, 2384, 3106, 1612, 3506, 1020, 894, 825, 800, 825, 400, 283, 1020, 200, 728, 0, 1612, 728, 2408, 922, 283, 985, 922, 1612, 2458, 1811, 2508, 1844, 2707, 1811, 7901, 1800, 900, 2658, 200, 2650, 1612, 3306, 2729, 3523, 7881, 3506, 3106, 3500, 3306, 8051, 7859, 7736, 7924, 7470, 7450, 7250, 7306, 7424, 7294, 8148, 8069, 8254, 7874, 8440, 8515, 8269, 7816, 8209, 7664, 8054, 7812, 8011, 8018, 7517, 7692, 7493, 8054, 7453, 7483, 7853, 7913, 7650, 7620, 7504, 7850, 7620, 7885, 7664, 7858, 8096, 7621, 8285, 7891, 8515, 8223, 8231, 8011, 8413, 8148],
        [1746, 1746, 1700, 200, 1616, 1031, 1513, 200, 1000, 7858, 825, 447, 850, 600, 960, 1552, 400, 5116, 721, 1000, 894, 825, 800, 1709, 1400, 600, 1600, 2300, 1612, 0, 2335, 800, 2532, 1456, 2571, 2500, 3225, 4050, 3423, 4119, 3453, 4319, 3400, 8048, 3406, 2508, 4250, 1649, 4255, 3200, 4900, 4342, 5135, 7988, 5100, 1500, 5104, 4916, 8701, 8189, 8258, 8429, 7827, 7424, 7229, 7480, 7050, 7095, 7447, 7404, 7600, 7312, 7796, 7837, 7715, 7450, 7692, 7253, 7653, 7289, 7650, 7493, 7275, 7493, 7294, 8372, 7384, 7606, 7777, 7673, 7620, 7250, 7669, 7816, 7925, 7208, 8008, 8329, 8577, 7090, 8751, 7692, 9085, 8656, 8864, 8292, 9028, 8751],
        [4000, 4000, 4020, 2532, 3805, 3250, 3805, 2309, 3324, 7853, 3106, 2500, 3050, 2309, 3057, 3800, 2300, 2800, 1700, 1513, 1500, 1513, 1552, 728, 985, 1746, 806, 400, 728, 2335, 0, 3126, 200, 900, 283, 447, 900, 1795, 1100, 1800, 1118, 2000, 1170, 8052, 1118, 283, 1991, 700, 1960, 985, 2631, 2010, 2807, 8050, 2828, 3821, 2807, 2600, 7959, 7927, 7714, 7907, 7531, 7682, 7483, 7453, 7797, 7600, 8633, 8542, 8721, 8312, 8902, 8989, 8700, 8180, 8626, 8048, 8429, 8236, 8372, 8440, 7837, 7992, 7796, 8125, 7703, 7650, 8100, 8228, 7881, 7988, 7653, 8080, 7703, 8363, 7729, 7859, 8089, 8050, 8283, 8189, 8459, 8238, 8146, 8100, 8334, 8080],
        [985, 985, 900, 600, 922, 427, 728, 825, 200, 8148, 200, 721, 403, 1000, 602, 806, 894, 5914, 1456, 1709, 1649, 1612, 1600, 2474, 2200, 1400, 2400, 3100, 2408, 800, 3126, 0, 3324, 2236, 3354, 3300, 4020, 4850, 4219, 4916, 4243, 5116, 4200, 8331, 4205, 3306, 5050, 2433, 5054, 4000, 5700, 5135, 5930, 8254, 5900, 700, 5903, 5714, 9193, 8552, 8701, 8864, 8206, 7637, 7447, 7784, 7095, 7229, 7306, 7284, 7483, 7252, 7682, 7703, 7653, 7493, 7650, 7275, 7673, 7250, 7692, 7450, 7384, 7620, 7424, 8727, 7576, 7885, 7960, 7777, 7827, 7294, 7966, 8018, 8280, 7085, 8379, 8751, 9000, 7050, 9167, 7816, 9540, 9058, 9347, 8633, 9503, 9222],
        [4200, 4200, 4219, 2729, 4005, 3450, 4005, 2508, 3523, 7850, 3306, 2700, 3250, 2508, 3256, 4000, 2500, 2600, 1900, 1712, 1700, 1712, 1746, 922, 1170, 1942, 985, 447, 922, 2532, 200, 3324, 0, 1100, 200, 400, 700, 1601, 900, 1600, 922, 1800, 985, 8050, 922, 200, 1795, 900, 1761, 806, 2433, 1811, 2608, 8052, 2631, 4020, 2608, 2400, 7891, 7901, 7664, 7859, 7504, 7703, 7504, 7450, 7858, 7641, 8727, 8633, 8810, 8392, 8989, 9080, 8778, 8238, 8700, 8112, 8491, 8312, 8429, 8515, 7882, 8032, 7837, 8100, 7729, 7653, 8125, 8271, 7901, 8048, 7650, 8100, 7682, 8456, 7703, 7816, 8043, 8128, 8238, 8228, 8400, 8198, 8080, 8080, 8269, 8018],
        [3100, 3100, 3126, 1649, 2907, 2350, 2907, 1414, 2433, 7927, 2209, 1600, 2150, 1414, 2159, 2900, 1400, 3700, 800, 632, 600, 632, 721, 283, 400, 894, 447, 985, 283, 1456, 900, 2236, 1100, 0, 1118, 1170, 1800, 2680, 2000, 2700, 2010, 2900, 2040, 8125, 2010, 1118, 2878, 200, 2857, 1844, 3523, 2907, 3705, 8100, 3722, 2927, 3705, 3500, 8318, 8101, 7995, 8181, 7714, 7653, 7453, 7531, 7580, 7474, 8254, 8181, 8369, 8003, 8556, 8626, 8400, 7974, 8345, 7816, 8207, 7946, 8171, 8152, 7692, 7873, 7673, 8295, 7650, 7703, 8050, 8090, 7853, 7777, 7729, 8052, 7859, 7995, 7907, 8112, 8351, 7754, 8540, 8072, 8778, 8475, 8498, 8249, 8678, 8413],
        [4205, 4205, 4243, 2766, 4000, 3456, 4020, 2532, 3551, 8050, 3324, 2707, 3256, 2500, 3250, 4005, 2508, 2608, 1910, 1700, 1712, 1746, 1803, 900, 1253, 1992, 1082, 632, 985, 2571, 283, 3354, 200, 1118, 0, 600, 728, 1662, 922, 1612, 900, 1811, 1082, 8250, 985, 400, 1850, 922, 1795, 922, 2474, 1800, 2600, 8252, 2668, 4045, 2631, 2408, 8080, 8100, 7859, 8054, 7703, 7901, 7703, 7650, 8048, 7837, 8903, 8810, 8989, 8575, 9169, 9258, 8962, 8429, 8886, 8301, 8681, 8496, 8620, 8700, 8077, 8228, 8032, 8299, 7927, 7853, 8323, 8466, 8100, 8238, 7850, 8299, 7881, 8633, 7901, 8011, 8238, 8312, 8434, 8423, 8592, 8394, 8269, 8280, 8459, 8209],
        [4219, 4219, 4200, 2700, 4045, 3473, 4005, 2508, 3500, 7450, 3306, 2729, 3275, 2571, 3305, 4020, 2532, 2631, 1942, 1803, 1746, 1712, 1700, 1082, 1100, 1900, 900, 200, 922, 2500, 447, 3300, 400, 1170, 600, 0, 806, 1550, 985, 1649, 1082, 1844, 900, 7650, 922, 200, 1750, 985, 1761, 700, 2400, 1897, 2668, 7653, 2600, 4000, 2608, 2433, 7514, 7504, 7276, 7470, 7107, 7306, 7107, 7050, 7480, 7252, 8379, 8280, 8456, 8029, 8633, 8727, 8413, 7858, 8331, 7736, 8112, 7945, 8048, 8148, 7495, 7641, 7447, 7703, 7333, 7253, 7729, 7882, 7504, 7669, 7250, 7703, 7284, 8106, 7306, 7424, 7653, 7763, 7848, 7837, 8018, 7805, 7702, 7682, 7891, 7637],
        [4900, 4900, 4916, 3423, 4704, 4150, 4704, 3206, 4219, 7881, 4005, 3400, 3950, 3206, 3955, 4700, 3200, 1900, 2600, 2408, 2400, 2408, 2433, 1612, 1844, 2631, 1649, 985, 1612, 3225, 900, 4020, 700, 1800, 728, 806, 0, 939, 200, 900, 283, 1100, 447, 8080, 283, 728, 1124, 1600, 1069, 400, 1746, 1118, 1910, 8100, 1942, 4717, 1910, 1700, 7688, 7853, 7531, 7729, 7453, 7816, 7620, 7483, 8108, 7827, 9085, 8978, 9149, 8703, 9322, 9424, 9080, 8477, 8989, 8372, 8739, 8610, 8663, 8810, 8080, 8209, 8018, 8052, 7859, 7703, 8249, 8459, 8011, 8292, 7682, 8207, 7650, 8809, 7653, 7703, 7920, 8432, 8118, 8400, 8228, 8095, 7882, 8050, 8077, 7837],
        [5764, 5764, 5750, 4250, 5582, 5016, 5554, 4055, 5050, 7610, 4854, 4269, 4817, 4094, 4837, 5564, 4070, 1124, 3473, 3305, 3275, 3256, 3250, 2522, 2650, 3450, 2450, 1750, 2458, 4050, 1795, 4850, 1601, 2680, 1662, 1550, 939, 0, 763, 403, 885, 472, 650, 7805, 680, 1563, 200, 2482, 283, 850, 850, 650, 1209, 7848, 1050, 5550, 1069, 939, 7128, 7478, 7054, 7254, 7080, 7653, 7464, 7218, 8130, 7763, 9253, 9130, 9290, 8807, 9451, 9570, 9167, 8480, 9058, 8404, 8751, 8695, 8656, 8890, 8029, 8128, 7945, 7678, 7719, 7458, 8096, 8392, 7843, 8305, 7414, 8033, 7300, 8972, 7279, 7250, 7453, 8529, 7653, 8312, 7697, 7650, 7326, 7697, 7524, 7300],
        [5100, 5100, 5116, 3622, 4904, 4350, 4904, 3406, 4418, 7901, 4205, 3600, 4150, 3406, 4155, 4900, 3400, 1700, 2800, 2608, 2600, 2608, 2631, 1811, 2040, 2828, 1844, 1170, 1811, 3423, 1100, 4219, 900, 2000, 922, 985, 200, 763, 0, 700, 200, 900, 400, 8100, 200, 922, 939, 1800, 873, 447, 1552, 922, 1712, 8125, 1746, 4916, 1712, 1500, 7641, 7850, 7504, 7703, 7450, 7859, 7664, 7504, 8189, 7891, 9194, 9085, 9254, 8800, 9424, 9530, 9174, 8555, 9080, 8455, 8818, 8703, 8739, 8903, 8146, 8269, 8080, 8050, 7907, 7729, 8295, 8523, 8054, 8372, 7703, 8249, 7653, 8917, 7650, 7682, 7896, 8528, 8095, 8459, 8189, 8076, 7837, 8052, 8032, 7796],
        [5800, 5800, 5814, 4319, 5604, 5050, 5604, 4105, 5116, 8011, 4904, 4300, 4850, 4105, 4854, 5600, 4100, 1000, 3500, 3306, 3300, 3306, 3324, 2508, 2729, 3523, 2532, 1844, 2508, 4119, 1800, 4916, 1600, 2700, 1612, 1649, 900, 403, 700, 0, 728, 200, 806, 8207, 728, 1612, 427, 2500, 250, 985, 894, 283, 1020, 8249, 1077, 5614, 1020, 800, 7517, 7881, 7453, 7653, 7483, 8048, 7858, 7620, 8504, 8148, 9600, 9481, 9643, 9167, 9806, 9922, 9530, 8856, 9424, 8776, 9126, 9058, 9034, 9254, 8413, 8515, 8331, 8080, 8112, 7859, 8491, 8778, 8238, 8679, 7816, 8429, 7703, 9320, 7682, 7650, 7851, 8890, 8051, 8700, 8090, 8050, 7715, 8100, 7913, 7692],
        [5104, 5104, 5135, 3650, 4900, 4355, 4916, 3423, 4441, 8100, 4219, 3606, 4155, 3400, 4150, 4904, 3406, 1712, 2807, 2600, 2608, 2631, 2668, 1800, 2088, 2864, 1897, 1253, 1844, 3453, 1118, 4243, 922, 2010, 900, 1082, 283, 885, 200, 728, 0, 922, 600, 8299, 400, 985, 1040, 1811, 939, 632, 1616, 900, 1700, 8323, 1803, 4937, 1746, 1513, 7837, 8050, 7703, 7901, 7650, 8054, 7859, 7703, 8372, 8080, 9361, 9254, 9424, 8975, 9595, 9699, 9350, 8739, 9258, 8636, 9001, 8879, 8923, 9080, 8334, 8459, 8269, 8250, 8101, 7927, 8489, 8712, 8249, 8555, 7901, 8444, 7853, 9085, 7850, 7881, 8095, 8703, 8294, 8650, 8385, 8276, 8032, 8252, 8228, 7992],
        [6000, 6000, 6013, 4518, 5803, 5250, 5803, 4305, 5315, 8054, 5104, 4500, 5050, 4305, 5054, 5800, 4300, 800, 3700, 3506, 3500, 3506, 3523, 2707, 2927, 3722, 2729, 2040, 2707, 4319, 2000, 5116, 1800, 2900, 1811, 1844, 1100, 472, 900, 200, 922, 0, 985, 8249, 922, 1811, 403, 2700, 206, 1170, 721, 200, 825, 8295, 894, 5814, 825, 600, 7493, 7901, 7450, 7650, 7504, 8112, 7924, 7664, 8602, 8231, 9722, 9600, 9760, 9278, 9922, 10040, 9638, 8951, 9530, 8875, 9222, 9167, 9126, 9361, 8498, 8595, 8413, 8100, 8181, 7907, 8556, 8860, 8301, 8776, 7859, 8491, 7729, 9442, 7703, 7653, 7850, 9000, 8050, 8778, 8072, 8054, 7692, 8125, 7891, 7673],
        [5116, 5116, 5100, 3600, 4937, 4368, 4904, 3406, 4400, 7504, 4205, 3622, 4169, 3453, 4193, 4916, 3423, 1746, 2828, 2668, 2631, 2608, 2600, 1897, 2000, 2800, 1800, 1100, 1811, 3400, 1170, 4200, 985, 2040, 1082, 900, 447, 650, 400, 806, 600, 985, 0, 7703, 200, 922, 850, 1844, 873, 200, 1500, 1082, 1803, 7729, 1700, 4900, 1712, 1552, 7252, 7450, 7107, 7306, 7050, 7470, 7276, 7107, 7827, 7514, 8864, 8751, 8917, 8455, 9085, 9194, 8825, 8189, 8727, 8095, 8455, 8354, 8372, 8552, 7772, 7891, 7702, 7650, 7521, 7333, 7907, 8146, 7664, 8008, 7306, 7859, 7253, 8586, 7250, 7284, 7498, 8181, 7697, 8080, 7796, 7678, 7447, 7653, 7641, 7404],
        [9080, 9080, 8727, 8112, 9169, 8758, 8810, 8238, 8413, 200, 8515, 8491, 8681, 8620, 8867, 8989, 8429, 8459, 8271, 8423, 8228, 8032, 7837, 8299, 7729, 7882, 7703, 7653, 7901, 8048, 8052, 8331, 8050, 8125, 8250, 7650, 8080, 7805, 8100, 8207, 8299, 8249, 7703, 0, 7901, 7850, 7848, 8100, 8043, 7682, 8018, 8444, 8650, 200, 8080, 8633, 8269, 8400, 2668, 922, 1897, 1844, 1082, 985, 1082, 600, 2571, 1803, 4219, 4020, 4005, 3473, 4000, 4200, 3500, 2508, 3300, 2729, 2700, 3275, 2500, 3306, 1942, 1712, 1746, 900, 1170, 447, 1100, 1900, 922, 2532, 400, 900, 806, 4045, 985, 1649, 1761, 3305, 1750, 1700, 2400, 1550, 2631, 700, 2608, 2433],
        [5104, 5104, 5104, 3606, 4916, 4355, 4900, 3400, 4405, 7703, 4200, 3606, 4155, 3423, 4169, 4904, 3406, 1712, 2807, 2631, 2608, 2600, 2608, 1844, 2010, 2807, 1811, 1118, 1800, 3406, 1118, 4205, 922, 2010, 985, 922, 283, 680, 200, 728, 400, 922, 200, 7901, 0, 900, 873, 1811, 850, 283, 1513, 985, 1746, 7927, 1712, 4904, 1700, 1513, 7447, 7650, 7306, 7504, 7250, 7664, 7470, 7306, 8008, 7702, 9028, 8917, 9085, 8627, 9254, 9361, 8999, 8372, 8903, 8274, 8636, 8528, 8555, 8727, 7959, 8080, 7891, 7850, 7714, 7531, 8101, 8334, 7859, 8189, 7504, 8054, 7453, 8751, 7450, 7483, 7697, 8354, 7896, 8269, 7992, 7877, 7641, 7853, 7837, 7600],
        [4205, 4205, 4205, 2707, 4020, 3456, 4000, 2500, 3506, 7650, 3300, 2707, 3256, 2532, 3275, 4005, 2508, 2608, 1910, 1746, 1712, 1700, 1712, 985, 1118, 1910, 922, 283, 900, 2508, 283, 3306, 200, 1118, 400, 200, 728, 1563, 922, 1612, 985, 1811, 922, 7850, 900, 0, 1761, 922, 1750, 728, 2408, 1844, 2631, 7853, 2608, 4005, 2600, 2408, 7702, 7703, 7470, 7664, 7306, 7504, 7306, 7250, 7669, 7447, 8552, 8456, 8633, 8210, 8810, 8903, 8595, 8048, 8515, 7924, 8301, 8128, 8238, 8331, 7688, 7837, 7641, 7901, 7531, 7453, 7927, 8077, 7703, 7858, 7450, 7901, 7483, 8280, 7504, 7620, 7848, 7945, 8043, 8032, 8209, 8002, 7891, 7881, 8080, 7827],
        [5963, 5963, 5950, 4450, 5781, 5215, 5753, 4255, 5250, 7653, 5054, 4468, 5016, 4292, 5036, 5764, 4269, 939, 3672, 3502, 3473, 3456, 3450, 2717, 2850, 3650, 2650, 1950, 2658, 4250, 1991, 5050, 1795, 2878, 1850, 1750, 1124, 200, 939, 427, 1040, 403, 850, 7848, 873, 1761, 0, 2680, 200, 1050, 650, 602, 1040, 7895, 850, 5750, 873, 763, 7101, 7498, 7050, 7250, 7101, 7719, 7532, 7264, 8232, 7849, 9379, 9253, 9411, 8922, 9570, 9691, 9278, 8577, 9167, 8507, 8850, 8807, 8751, 9000, 8117, 8210, 8029, 7697, 7790, 7508, 8164, 8476, 7907, 8404, 7458, 8096, 7326, 9098, 7300, 7252, 7450, 8643, 7650, 8392, 7678, 7653, 7300, 7722, 7498, 7279],
        [3300, 3300, 3324, 1844, 3106, 2550, 3106, 1612, 2631, 7901, 2408, 1800, 2350, 1612, 2358, 3100, 1600, 3500, 1000, 825, 800, 825, 894, 200, 447, 1077, 400, 806, 200, 1649, 700, 2433, 900, 200, 922, 985, 1600, 2482, 1800, 2500, 1811, 2700, 1844, 8100, 1811, 922, 2680, 0, 2658, 1649, 3324, 2707, 3506, 8080, 3523, 3126, 3506, 3300, 8231, 8054, 7924, 8112, 7664, 7650, 7450, 7504, 7620, 7493, 8331, 8254, 8440, 8064, 8626, 8700, 8459, 8011, 8400, 7859, 8249, 8003, 8207, 8209, 7715, 7891, 7692, 8249, 7653, 7682, 8052, 8112, 7850, 7816, 7703, 8050, 7816, 8069, 7859, 8048, 8285, 7812, 8475, 8090, 8700, 8415, 8413, 8207, 8595, 8331],
        [5953, 5953, 5953, 4454, 5764, 5204, 5750, 4250, 5254, 7848, 5050, 4454, 5004, 4269, 5016, 5753, 4255, 873, 3655, 3473, 3456, 3450, 3456, 2680, 2857, 3655, 2658, 1960, 2650, 4255, 1960, 5054, 1761, 2857, 1795, 1761, 1069, 283, 873, 250, 939, 206, 873, 8043, 850, 1750, 200, 2658, 0, 1069, 680, 403, 939, 8089, 873, 5753, 850, 680, 7300, 7697, 7250, 7450, 7300, 7907, 7719, 7458, 8404, 8029, 9534, 9411, 9570, 9085, 9731, 9850, 9444, 8751, 9334, 8678, 9024, 8972, 8927, 9167, 8296, 8392, 8210, 7896, 7977, 7701, 8351, 8657, 8096, 8577, 7653, 8285, 7524, 9253, 7498, 7452, 7650, 8807, 7850, 8575, 7877, 7853, 7498, 7920, 7697, 7478],
        [4916, 4916, 4900, 3400, 4738, 4169, 4704, 3206, 4200, 7483, 4005, 3423, 3970, 3256, 3995, 4717, 3225, 1942, 2631, 2474, 2433, 2408, 2400, 1709, 1800, 2600, 1600, 900, 1612, 3200, 985, 4000, 806, 1844, 922, 700, 400, 850, 447, 985, 632, 1170, 200, 7682, 283, 728, 1050, 1649, 1069, 0, 1700, 1253, 1992, 7703, 1900, 4700, 1910, 1746, 7302, 7453, 7135, 7333, 7053, 7424, 7229, 7085, 7742, 7447, 8751, 8640, 8809, 8354, 8978, 9085, 8727, 8108, 8633, 8008, 8372, 8256, 8292, 8456, 7702, 7827, 7637, 7653, 7470, 7306, 7859, 8080, 7620, 7925, 7284, 7816, 7250, 8473, 7253, 7306, 7524, 8081, 7722, 8018, 7837, 7697, 7495, 7650, 7688, 7447],
        [6612, 6612, 6600, 5100, 6428, 5864, 6403, 4904, 5900, 7827, 5704, 5116, 5664, 4937, 5682, 6412, 4916, 447, 4319, 4144, 4119, 4105, 4100, 3354, 3500, 4300, 3300, 2600, 3306, 4900, 2631, 5700, 2433, 3523, 2474, 2400, 1746, 850, 1552, 894, 1616, 721, 1500, 8018, 1513, 2408, 650, 3324, 680, 1700, 0, 849, 632, 8080, 200, 6400, 283, 400, 7053, 7600, 7075, 7275, 7208, 7966, 7784, 7447, 8586, 8156, 9804, 9671, 9822, 9316, 9974, 10104, 9661, 8917, 9540, 8864, 9194, 9192, 9085, 9380, 8429, 8504, 8329, 7796, 8051, 7702, 8413, 8776, 8148, 8751, 7637, 8331, 7447, 9522, 7404, 7294, 7478, 9035, 7678, 8679, 7650, 7697, 7253, 7837, 7453, 7250],
        [6003, 6003, 6030, 4540, 5800, 5254, 5814, 4319, 5334, 8249, 5116, 4504, 5054, 4300, 5050, 5803, 4305, 825, 3705, 3500, 3506, 3523, 3551, 2700, 2961, 3748, 2766, 2088, 2729, 4342, 2010, 5135, 1811, 2907, 1800, 1897, 1118, 650, 922, 283, 900, 200, 1082, 8444, 985, 1844, 602, 2707, 403, 1253, 849, 0, 800, 8489, 1000, 5831, 894, 632, 7692, 8100, 7650, 7850, 7703, 8301, 8112, 7859, 8776, 8413, 9880, 9760, 9922, 9444, 10085, 10201, 9806, 9126, 9699, 9048, 9397, 9334, 9303, 9530, 8678, 8778, 8595, 8299, 8369, 8101, 8745, 9042, 8491, 8951, 8054, 8681, 7927, 9600, 7901, 7853, 8050, 9167, 8250, 8962, 8272, 8254, 7891, 8323, 8090, 7873],
        [6803, 6803, 6826, 5334, 6600, 6053, 6612, 5116, 6129, 8459, 5914, 5304, 5853, 5100, 5850, 6603, 5104, 200, 4504, 4300, 4305, 4319, 4342, 3500, 3748, 4540, 3551, 2864, 3523, 5135, 2807, 5930, 2608, 3705, 2600, 2668, 1910, 1209, 1712, 1020, 1700, 825, 1803, 8650, 1746, 2631, 1040, 3506, 939, 1992, 632, 800, 0, 8712, 600, 6627, 400, 283, 7650, 8228, 7692, 7891, 7837, 8595, 8413, 8080, 9194, 8776, 10386, 10256, 10410, 9911, 10565, 10691, 10260, 9530, 10143, 9472, 9806, 9790, 9699, 9981, 9048, 9126, 8951, 8423, 8678, 8334, 9042, 9397, 8778, 9361, 8269, 8962, 8077, 10104, 8032, 7913, 8095, 9630, 8294, 9303, 8252, 8317, 7850, 8466, 8050, 7853],
        [8989, 8989, 8633, 8048, 9083, 8681, 8721, 8180, 8331, 283, 8440, 8429, 8608, 8565, 8796, 8902, 8372, 8523, 8228, 8385, 8189, 7992, 7796, 8280, 7703, 7837, 7682, 7650, 7881, 7988, 8050, 8254, 8052, 8100, 8252, 7653, 8100, 7848, 8125, 8249, 8323, 8295, 7729, 200, 7927, 7853, 7895, 8080, 8089, 7703, 8080, 8489, 8712, 0, 8146, 8542, 8334, 8459, 2864, 1118, 2088, 2040, 1253, 806, 922, 632, 2377, 1616, 4020, 3821, 3805, 3275, 3800, 4000, 3300, 2309, 3100, 2532, 2500, 3076, 2300, 3106, 1746, 1513, 1552, 1100, 985, 400, 900, 1700, 728, 2335, 447, 700, 985, 3847, 1170, 1844, 1960, 3108, 1950, 1500, 2600, 1750, 2828, 900, 2807, 2631],
        [6812, 6812, 6800, 5300, 6627, 6063, 6603, 5104, 6100, 7891, 5903, 5315, 5864, 5135, 5881, 6612, 5116, 400, 4518, 4342, 4319, 4305, 4300, 3551, 3700, 4500, 3500, 2800, 3506, 5100, 2828, 5900, 2631, 3722, 2668, 2600, 1942, 1050, 1746, 1077, 1803, 894, 1700, 8080, 1712, 2608, 850, 3523, 873, 1900, 200, 1000, 600, 8146, 0, 6600, 200, 447, 7050, 7641, 7095, 7294, 7252, 8051, 7871, 7514, 8701, 8258, 9940, 9804, 9953, 9443, 10104, 10235, 9784, 9028, 9661, 8981, 9307, 9316, 9194, 9503, 8533, 8602, 8429, 7837, 8140, 7772, 8498, 8875, 8231, 8864, 7702, 8413, 7495, 9657, 7447, 7319, 7498, 9161, 7697, 8776, 7653, 7722, 7250, 7882, 7450, 7253],
        [447, 447, 200, 1300, 600, 680, 200, 1513, 500, 8456, 728, 1360, 850, 1616, 960, 400, 1552, 6612, 2138, 2377, 2335, 2309, 2300, 3158, 2900, 2100, 3100, 3800, 3106, 1500, 3821, 700, 4020, 2927, 4045, 4000, 4717, 5550, 4916, 5614, 4937, 5814, 4900, 8633, 4904, 4005, 5750, 3126, 5753, 4700, 6400, 5831, 6627, 8542, 6600, 0, 6603, 6412, 9657, 8917, 9129, 9285, 8586, 7885, 7701, 8106, 7208, 7416, 7253, 7250, 7450, 7271, 7650, 7653, 7666, 7600, 7682, 7366, 7760, 7289, 7796, 7483, 7548, 7797, 7606, 9085, 7808, 8186, 8181, 7933, 8069, 7404, 8280, 8254, 8640, 7050, 8751, 9161, 9411, 7090, 9570, 7988, 9974, 9451, 9804, 8978, 9953, 9671],
        [6803, 6803, 6803, 5304, 6612, 6053, 6600, 5100, 6103, 8080, 5900, 5304, 5853, 5116, 5864, 6603, 5104, 200, 4504, 4319, 4305, 4300, 4305, 3523, 3705, 4504, 3506, 2807, 3500, 5104, 2807, 5903, 2608, 3705, 2631, 2608, 1910, 1069, 1712, 1020, 1746, 825, 1712, 8269, 1700, 2600, 873, 3506, 850, 1910, 283, 894, 400, 8334, 200, 6603, 0, 283, 7250, 7837, 7294, 7493, 7447, 8231, 8051, 7702, 8864, 8429, 10087, 9953, 10104, 9597, 10256, 10386, 9941, 9194, 9820, 9143, 9472, 9472, 9361, 9661, 8704, 8776, 8602, 8032, 8318, 7959, 8678, 9048, 8413, 9028, 7891, 8595, 7688, 9804, 7641, 7517, 7697, 9316, 7896, 8951, 7853, 7920, 7450, 8077, 7650, 7453],
        [6600, 6600, 6612, 5116, 6403, 5850, 6403, 4904, 5914, 8209, 5704, 5100, 5650, 4904, 5654, 6400, 4900, 200, 4300, 4105, 4100, 4105, 4119, 3306, 3523, 4319, 3324, 2631, 3306, 4916, 2600, 5714, 2400, 3500, 2408, 2433, 1700, 939, 1500, 800, 1513, 600, 1552, 8400, 1513, 2408, 763, 3300, 680, 1746, 400, 632, 283, 8459, 447, 6412, 283, 0, 7453, 7992, 7474, 7673, 7600, 8331, 8148, 7827, 8917, 8504, 10104, 9974, 10128, 9630, 10284, 10410, 9981, 9254, 9864, 9194, 9530, 9510, 9424, 9701, 8776, 8856, 8679, 8189, 8413, 8080, 8778, 9126, 8515, 9085, 8018, 8700, 7837, 9822, 7796, 7692, 7877, 9350, 8076, 9034, 8050, 8095, 7653, 8228, 7853, 7650],
        [10087, 10087, 9795, 8820, 10104, 9597, 9804, 8864, 9323, 2631, 9347, 9143, 9472, 9194, 9630, 9953, 9028, 7450, 8704, 8776, 8602, 8429, 8258, 8413, 7962, 8364, 7871, 7586, 8051, 8701, 7959, 9193, 7891, 8318, 8080, 7514, 7688, 7128, 7641, 7517, 7837, 7493, 7252, 2668, 7447, 7702, 7101, 8231, 7300, 7302, 7053, 7692, 7650, 2864, 7050, 9657, 7250, 7453, 0, 1746, 800, 825, 1700, 3506, 3500, 2600, 5100, 4300, 6803, 6603, 6612, 6053, 6627, 6826, 6129, 5116, 5930, 5304, 5334, 5853, 5135, 5914, 4504, 4319, 4305, 1803, 3705, 2807, 3748, 4540, 3523, 5104, 2608, 3551, 1910, 6600, 1712, 1020, 939, 5850, 1040, 4342, 632, 1209, 200, 1992, 400, 283],
