{
    "name": "PR107A",
    "comment": "data-set-2/json/pr107a.json",
    "nodes": ["+0", "-0", "+2", "-2", "+4", "-4", "+5", "-5", "+6", "-6", "+7", "-7", "+11", "-11", "+14", "-14", "+16", "-16", "+18", "-18", "+21", "-21", "+23", "-23", "+24", "-24", "+25", "-25", "+28", "-28", "+29", "-29", "+31", "-31", "+38", "-38", "+40", "-40", "+43", "-43", "+44", "-44", "+46", "-46", "+47", "-47", "+48", "-48", "+51", "-51", "+52", "-52", "+55", "-55", "+56", "-56", "+57", "-57", "+58", "-58", "+61", "-61", "+62", "-62", "+63", "-63", "+67", "-67", "+68", "-68", "+69", "-69", "+70", "-70", "+75", "-75", "+78", "-78", "+79", "-79", "+81", "-81", "+83", "-83", "+85", "-85", "+87", "-87", "+88", "-88", "+90", "-90", "+91", "-91", "+92", "-92", "+93", "-93", "+97", "-97", "+100", "-100", "+102", "-102", "+105", "-105", "+106", "-106"],
    "precedence": {
        "+0": "-0",
        "+2": "-2",
        "+4": "-4",
        "+5": "-5",
        "+6": "-6",
        "+7": "-7",
        "+11": "-11",
        "+14": "-14",
        "+16": "-16",
        "+18": "-18",
        "+21": "-21",
        "+23": "-23",
        "+24": "-24",
        "+25": "-25",
        "+28": "-28",
        "+29": "-29",
        "+31": "-31",
        "+38": "-38",
        "+40": "-40",
        "+43": "-43",
        "+44": "-44",
        "+46": "-46",
        "+47": "-47",
        "+48": "-48",
        "+51": "-51",
        "+52": "-52",
        "+55": "-55",
        "+56": "-56",
        "+57": "-57",
        "+58": "-58",
        "+61": "-61",
        "+62": "-62",
        "+63": "-63",
        "+67": "-67",
        "+68": "-68",
        "+69": "-69",
        "+70": "-70",
        "+75": "-75",
        "+78": "-78",
        "+79": "-79",
        "+81": "-81",
        "+83": "-83",
        "+85": "-85",
        "+87": "-87",
        "+88": "-88",
        "+90": "-90",
        "+91": "-91",
        "+92": "-92",
        "+93": "-93",
        "+97": "-97",
        "+100": "-100",
        "+102": "-102",
        "+105": "-105",
        "+106": "-106"
    },
    "edges": [
        [0, 0, 400, 750, 283, 971, 447, 4205, 283, 200, 806, 922, 950, 1500, 1552, 1700, 1712, 2300, 1712, 2335, 2500, 2508, 2532, 1746, 2508, 3300, 3100, 4200, 3306, 3306, 3324, 4219, 4000, 4020, 4916, 5100, 5104, 5104, 5800, 4205, 5764, 6000, 6003, 6600, 5963, 4900, 5953, 6612, 6800, 6812, 6803, 6803, 10087, 9530, 9566, 10010, 9028, 8100, 8552, 9424, 7641, 7837, 7510, 3126, 7453, 7653, 7853, 7650, 8052, 7709, 8080, 7901, 7687, 985, 8189, 8032, 8228, 8050, 7988, 7796, 8048, 8372, 8429, 8238, 8626, 7858, 8515, 8254, 8700, 8148, 8989, 8331, 8727, 8633, 8903, 10386, 9080, 5116, 9361, 9085, 9893, 9194, 9850, 9600, 10410, 9722, 10235, 10104],
        [0, 0, 400, 750, 283, 971, 447, 4205, 283, 200, 806, 922, 950, 1500, 1552, 1700, 1712, 2300, 1712, 2335, 2500, 2508, 2532, 1746, 2508, 3300, 3100, 4200, 3306, 3306, 3324, 4219, 4000, 4020, 4916, 5100, 5104, 5104, 5800, 4205, 5764, 6000, 6003, 6600, 5963, 4900, 5953, 6612, 6800, 6812, 6803, 6803, 10087, 9530, 9566, 10010, 9028, 8100, 8552, 9424, 7641, 7837, 7510, 3126, 7453, 7653, 7853, 7650, 8052, 7709, 8080, 7901, 7687, 985, 8189, 8032, 8228, 8050, 7988, 7796, 8048, 8372, 8429, 8238, 8626, 7858, 8515, 8254, 8700, 8148, 8989, 8331, 8727, 8633, 8903, 10386, 9080, 5116, 9361, 9085, 9893, 9194, 9850, 9600, 10410, 9722, 10235, 10104],
        [400, 400, 0, 850, 632, 1124, 200, 4243, 283, 447, 700, 922, 1031, 1552, 1500, 1746, 1803, 2335, 1712, 2300, 2532, 2571, 2500, 1700, 2508, 3324, 3126, 4219, 3354, 3306, 3300, 4200, 4020, 4000, 4900, 5116, 5135, 5104, 5814, 4205, 5750, 6013, 6030, 6612, 5950, 4916, 5953, 6600, 6812, 6800, 6826, 6803, 9795, 9194, 9258, 9691, 8701, 7703, 8206, 9085, 7252, 7447, 7114, 3100, 7053, 7253, 7453, 7250, 7653, 7312, 7682, 7504, 7289, 900, 7796, 7641, 7837, 7650, 7606, 7404, 7669, 7988, 8048, 7858, 8254, 7480, 8148, 7885, 8331, 7784, 8633, 7966, 8379, 8280, 8552, 10087, 8727, 5100, 9028, 8751, 9570, 8864, 9534, 9285, 10104, 9411, 9940, 9804],
        [750, 750, 850, 0, 585, 283, 680, 3456, 585, 550, 403, 250, 200, 750, 850, 950, 971, 1550, 971, 1601, 1750, 1761, 1795, 1031, 1761, 2550, 2350, 3450, 2558, 2558, 2581, 3473, 3250, 3275, 4169, 4350, 4355, 4355, 5050, 3456, 5016, 5250, 5254, 5850, 5215, 4150, 5204, 5864, 6050, 6063, 6053, 6053, 9597, 9150, 9114, 9583, 8627, 8051, 8210, 9057, 7510, 7709, 7453, 2384, 7470, 7670, 7869, 7687, 8069, 7653, 8050, 7851, 7650, 427, 8085, 7907, 8106, 8085, 7805, 7687, 7848, 8198, 8238, 8043, 8386, 7653, 8254, 8003, 8444, 7874, 8681, 8064, 8392, 8312, 8575, 9911, 8758, 4368, 8975, 8703, 9476, 8800, 9416, 9167, 9951, 9278, 9753, 9630],
        [283, 283, 632, 585, 0, 750, 600, 4000, 400, 200, 781, 806, 776, 1315, 1432, 1513, 1500, 2110, 1552, 2184, 2309, 2300, 2377, 1616, 2335, 3106, 2907, 4005, 3100, 3126, 3158, 4045, 3805, 3847, 4738, 4904, 4900, 4916, 5604, 4020, 5582, 5803, 5800, 6403, 5781, 4704, 5764, 6428, 6603, 6627, 6600, 6612, 10104, 9595, 9600, 10056, 9085, 8280, 8633, 9495, 7796, 7992, 7687, 2961, 7650, 7850, 8050, 7853, 8250, 7886, 8265, 8080, 7869, 922, 8352, 8189, 8385, 8252, 8126, 7957, 8180, 8513, 8565, 8372, 8745, 7988, 8626, 8369, 8813, 8254, 9083, 8440, 8810, 8721, 8989, 10410, 9169, 4937, 9424, 9149, 9943, 9254, 9893, 9643, 10441, 9760, 10256, 10128],
        [971, 971, 1124, 283, 750, 0, 960, 3250, 850, 776, 650, 403, 200, 585, 814, 776, 750, 1365, 850, 1477, 1563, 1550, 1662, 960, 1601, 2358, 2159, 3256, 2350, 2384, 2425, 3305, 3057, 3108, 3995, 4155, 4150, 4169, 4854, 3275, 4837, 5054, 5050, 5654, 5036, 3955, 5016, 5682, 5853, 5881, 5850, 5864, 9630, 9235, 9167, 9647, 8703, 8250, 8312, 9147, 7687, 7886, 7650, 2232, 7687, 7886, 8085, 7907, 8284, 7850, 8254, 8050, 7853, 602, 8268, 8085, 8284, 8305, 7965, 7869, 8002, 8360, 8394, 8198, 8526, 7805, 8386, 8139, 8578, 8003, 8796, 8194, 8496, 8422, 8681, 9951, 8867, 4193, 9057, 8788, 9545, 8879, 9476, 9227, 9999, 9334, 9790, 9672],
        [447, 447, 200, 680, 600, 960, 0, 4045, 200, 400, 500, 728, 850, 1360, 1300, 1552, 1616, 2138, 1513, 2100, 2335, 2377, 2300, 1500, 2309, 3126, 2927, 4020, 3158, 3106, 3100, 4000, 3821, 3800, 4700, 4916, 4937, 4904, 5614, 4005, 5550, 5814, 5831, 6412, 5750, 4717, 5753, 6400, 6612, 6600, 6627, 6603, 9657, 9085, 9129, 9570, 8586, 7682, 8106, 8978, 7208, 7404, 7090, 2900, 7050, 7250, 7450, 7253, 7650, 7289, 7666, 7483, 7271, 700, 7760, 7600, 7796, 7653, 7548, 7366, 7606, 7933, 7988, 7797, 8181, 7416, 8069, 7808, 8254, 7701, 8542, 7885, 8280, 8186, 8456, 9953, 8633, 4900, 8917, 8640, 9451, 8751, 9411, 9161, 9974, 9285, 9804, 9671],
        [4205, 4205, 4243, 3456, 4000, 3250, 4045, 0, 4020, 4005, 3551, 3324, 3256, 2707, 2766, 2508, 2500, 1910, 2532, 1992, 1712, 1700, 1803, 2571, 1746, 922, 1118, 200, 900, 985, 1082, 600, 283, 632, 922, 922, 900, 985, 1612, 400, 1662, 1811, 1800, 2408, 1850, 728, 1795, 2474, 2608, 2668, 2600, 2631, 8080, 8299, 7859, 8434, 7703, 8886, 7650, 8280, 8048, 8238, 8312, 1253, 8633, 8810, 8989, 8903, 9169, 8496, 8962, 8700, 8575, 3354, 8681, 8429, 8620, 9258, 8077, 8301, 8032, 8466, 8423, 8228, 8323, 7837, 8100, 7927, 8299, 7703, 8252, 7901, 7850, 7853, 8050, 8459, 8250, 1082, 8100, 7881, 8394, 7901, 8238, 8011, 8592, 8054, 8269, 8209],
        [283, 283, 283, 585, 400, 850, 200, 4020, 0, 200, 539, 700, 776, 1315, 1315, 1513, 1552, 2110, 1500, 2110, 2309, 2335, 2309, 1513, 2300, 3106, 2907, 4005, 3126, 3100, 3106, 4005, 3805, 3805, 4704, 4904, 4916, 4900, 5604, 4000, 5554, 5803, 5814, 6403, 5753, 4704, 5750, 6403, 6603, 6603, 6612, 6600, 9804, 9254, 9285, 9731, 8751, 7881, 8280, 9149, 7404, 7600, 7289, 2907, 7250, 7450, 7650, 7453, 7850, 7488, 7866, 7682, 7470, 728, 7957, 7796, 7992, 7853, 7740, 7563, 7797, 8126, 8180, 7988, 8369, 7606, 8254, 7995, 8440, 7885, 8721, 8069, 8456, 8363, 8633, 10104, 8810, 4904, 9085, 8809, 9614, 8917, 9570, 9320, 10128, 9442, 9953, 9822],
        [200, 200, 447, 550, 200, 776, 400, 4005, 200, 0, 640, 728, 750, 1300, 1360, 1500, 1513, 2100, 1513, 2138, 2300, 2309, 2335, 1552, 2309, 3100, 2900, 4000, 3106, 3106, 3126, 4020, 3800, 3821, 4717, 4900, 4904, 4904, 5600, 4005, 5564, 5800, 5803, 6400, 5764, 4700, 5753, 6412, 6600, 6612, 6603, 6603, 9953, 9424, 9442, 9893, 8917, 8080, 8456, 9322, 7600, 7796, 7488, 2927, 7450, 7650, 7850, 7653, 8050, 7687, 8066, 7881, 7670, 806, 8154, 7992, 8189, 8052, 7933, 7760, 7988, 8319, 8372, 8180, 8556, 7797, 8440, 8181, 8626, 8069, 8902, 8254, 8633, 8542, 8810, 10256, 8989, 4916, 9254, 8978, 9778, 9085, 9731, 9481, 10284, 9600, 10104, 9974],
        [806, 806, 700, 403, 781, 650, 500, 3551, 539, 640, 0, 283, 472, 894, 800, 1077, 1166, 1649, 1020, 1600, 1844, 1897, 1800, 1000, 1811, 2631, 2433, 3523, 2668, 2608, 2600, 3500, 3324, 3300, 4200, 4418, 4441, 4405, 5116, 3506, 5050, 5315, 5334, 5914, 5250, 4219, 5254, 5900, 6113, 6100, 6129, 6103, 9323, 8825, 8820, 9278, 8310, 7653, 7871, 8727, 7121, 7319, 7054, 2400, 7068, 7267, 7467, 7284, 7666, 7254, 7650, 7453, 7250, 200, 7692, 7517, 7715, 7682, 7424, 7294, 7470, 7816, 7859, 7664, 8018, 7276, 7891, 7637, 8080, 7514, 8331, 7702, 8051, 7966, 8231, 9629, 8413, 4400, 8652, 8379, 9167, 8481, 9114, 8864, 9661, 8981, 9475, 9347],
        [922, 922, 922, 250, 806, 403, 728, 3324, 700, 728, 283, 0, 206, 632, 632, 825, 894, 1414, 800, 1414, 1612, 1649, 1612, 825, 1600, 2408, 2209, 3306, 2433, 2400, 2408, 3306, 3106, 3106, 4005, 4205, 4219, 4200, 4904, 3300, 4854, 5104, 5116, 5704, 5054, 4005, 5050, 5704, 5903, 5903, 5914, 5900, 9347, 8903, 8864, 9334, 8379, 7850, 7966, 8810, 7294, 7493, 7250, 2209, 7284, 7483, 7682, 7504, 7881, 7450, 7853, 7650, 7452, 200, 7873, 7692, 7891, 7901, 7580, 7474, 7620, 7974, 8011, 7816, 8152, 7424, 8018, 7768, 8209, 7637, 8440, 7827, 8148, 8069, 8331, 9661, 8515, 4205, 8727, 8456, 9227, 8552, 9167, 8917, 9701, 9028, 9503, 9380],
        [950, 950, 1031, 200, 776, 200, 850, 3256, 776, 750, 472, 206, 0, 550, 680, 750, 776, 1350, 776, 1408, 1550, 1563, 1601, 850, 1563, 2350, 2150, 3250, 2358, 2358, 2384, 3275, 3050, 3076, 3970, 4150, 4155, 4155, 4850, 3256, 4817, 5050, 5054, 5650, 5016, 3950, 5004, 5664, 5850, 5864, 5853, 5853, 9472, 9057, 9000, 9476, 8528, 8050, 8128, 8967, 7488, 7687, 7450, 2187, 7488, 7687, 7886, 7709, 8085, 7650, 8054, 7850, 7653, 403, 8069, 7886, 8085, 8106, 7768, 7670, 7805, 8162, 8198, 8002, 8332, 7610, 8194, 7946, 8386, 7812, 8608, 8003, 8312, 8236, 8496, 9790, 8681, 4169, 8879, 8610, 9372, 8703, 9307, 9058, 9835, 9167, 9630, 9510],
        [1500, 1500, 1552, 750, 1315, 585, 1360, 2707, 1315, 1300, 894, 632, 550, 0, 400, 200, 283, 800, 283, 894, 1000, 1020, 1077, 447, 1020, 1800, 1600, 2700, 1811, 1811, 1844, 2729, 2500, 2532, 3423, 3600, 3606, 3606, 4300, 2707, 4269, 4500, 4504, 5100, 4468, 3400, 4454, 5116, 5300, 5315, 5304, 5304, 9143, 8818, 8704, 9198, 8274, 8072, 7924, 8739, 7453, 7653, 7470, 1649, 7563, 7760, 7957, 7796, 8154, 7670, 8090, 7873, 7687, 721, 8050, 7853, 8052, 8189, 7692, 7650, 7715, 8090, 8112, 7913, 8207, 7517, 8054, 7816, 8249, 7664, 8429, 7859, 8112, 8048, 8301, 9472, 8491, 3622, 8636, 8372, 9103, 8455, 9024, 8776, 9530, 8875, 9307, 9194],
        [1552, 1552, 1500, 850, 1432, 814, 1300, 2766, 1315, 1360, 800, 632, 680, 400, 0, 447, 632, 894, 283, 800, 1077, 1166, 1000, 200, 1020, 1844, 1649, 2729, 1897, 1811, 1800, 2700, 2532, 2500, 3400, 3622, 3650, 3606, 4319, 2707, 4250, 4518, 4540, 5116, 4450, 3423, 4454, 5100, 5315, 5300, 5334, 5304, 8820, 8455, 8364, 8850, 7916, 7673, 7549, 8372, 7053, 7253, 7071, 1600, 7169, 7366, 7563, 7404, 7760, 7271, 7692, 7474, 7289, 600, 7650, 7453, 7653, 7796, 7294, 7250, 7319, 7692, 7715, 7517, 7816, 7121, 7664, 7424, 7859, 7276, 8048, 7470, 7736, 7669, 7924, 9143, 8112, 3600, 8274, 8008, 8751, 8095, 8678, 8429, 9194, 8533, 8981, 8864],
        [1700, 1700, 1746, 950, 1513, 776, 1552, 2508, 1513, 1500, 1077, 825, 750, 200, 447, 0, 200, 600, 200, 721, 800, 825, 894, 400, 825, 1600, 1400, 2500, 1612, 1612, 1649, 2532, 2300, 2335, 3225, 3400, 3406, 3406, 4100, 2508, 4070, 4300, 4305, 4900, 4269, 3200, 4255, 4916, 5100, 5116, 5104, 5104, 9028, 8739, 8602, 9103, 8189, 8090, 7858, 8663, 7450, 7650, 7488, 1456, 7600, 7796, 7992, 7837, 8189, 7687, 8112, 7891, 7709, 894, 8052, 7850, 8050, 8228, 7673, 7653, 7692, 8072, 8090, 7891, 8171, 7493, 8011, 7777, 8207, 7620, 8372, 7816, 8048, 7988, 8238, 9361, 8429, 3423, 8555, 8292, 9011, 8372, 8927, 8679, 9424, 8776, 9194, 9085],
        [1712, 1712, 1803, 971, 1500, 750, 1616, 2500, 1552, 1513, 1166, 894, 776, 283, 632, 200, 0, 632, 400, 849, 825, 800, 1000, 600, 894, 1612, 1414, 2508, 1600, 1649, 1709, 2571, 2309, 2377, 3256, 3406, 3400, 3423, 4105, 2532, 4094, 4305, 4300, 4904, 4292, 3206, 4269, 4937, 5104, 5135, 5100, 5116, 9194, 8923, 8776, 9280, 8372, 8289, 8048, 8849, 7650, 7850, 7687, 1523, 7796, 7992, 8189, 8032, 8385, 7886, 8310, 8090, 7907, 1000, 8252, 8050, 8250, 8423, 7873, 7853, 7891, 8272, 8289, 8090, 8368, 7692, 8207, 7974, 8404, 7816, 8565, 8011, 8238, 8180, 8429, 9530, 8620, 3453, 8739, 8477, 9190, 8555, 9103, 8856, 9595, 8951, 9361, 9254],
        [2300, 2300, 2335, 1550, 2110, 1365, 2138, 1910, 2110, 2100, 1649, 1414, 1350, 800, 894, 600, 632, 0, 632, 400, 200, 283, 447, 721, 283, 1000, 800, 1900, 1020, 1020, 1077, 1942, 1700, 1746, 2631, 2800, 2807, 2807, 3500, 1910, 3473, 3700, 3705, 4300, 3672, 2600, 3655, 4319, 4500, 4518, 4504, 4504, 8704, 8523, 8318, 8839, 7959, 8171, 7688, 8459, 7474, 7673, 7571, 894, 7740, 7933, 8126, 7988, 8319, 7768, 8207, 7974, 7805, 1456, 8090, 7873, 8072, 8372, 7650, 7692, 7653, 8050, 8052, 7853, 8090, 7453, 7913, 7692, 8112, 7517, 8228, 7715, 7882, 7837, 8077, 9048, 8271, 2828, 8334, 8080, 8758, 8146, 8657, 8413, 9126, 8498, 8875, 8776],
        [1712, 1712, 1712, 971, 1552, 850, 1513, 2532, 1500, 1513, 1020, 800, 776, 283, 283, 200, 400, 632, 0, 632, 825, 894, 825, 200, 800, 1612, 1414, 2508, 1649, 1600, 1612, 2508, 2309, 2309, 3206, 3406, 3423, 3400, 4105, 2500, 4055, 4305, 4319, 4904, 4255, 3206, 4250, 4904, 5104, 5104, 5116, 5100, 8864, 8555, 8429, 8927, 8008, 7891, 7669, 8477, 7250, 7450, 7289, 1414, 7404, 7600, 7796, 7641, 7992, 7488, 7913, 7692, 7510, 825, 7853, 7650, 7850, 8032, 7474, 7453, 7493, 7873, 7891, 7692, 7974, 7294, 7816, 7580, 8011, 7424, 8180, 7620, 7858, 7797, 8048, 9194, 8238, 3406, 8372, 8108, 8833, 8189, 8751, 8504, 9254, 8602, 9028, 8917],
        [2335, 2335, 2300, 1601, 2184, 1477, 2100, 1992, 2110, 2138, 1600, 1414, 1408, 894, 800, 721, 849, 400, 632, 0, 447, 632, 200, 600, 283, 1077, 894, 1942, 1166, 1020, 1000, 1900, 1746, 1700, 2600, 2828, 2864, 2807, 3523, 1910, 3450, 3722, 3748, 4319, 3650, 2631, 3655, 4300, 4518, 4500, 4540, 4504, 8364, 8146, 7962, 8476, 7586, 7777, 7302, 8080, 7075, 7275, 7178, 800, 7356, 7548, 7740, 7606, 7933, 7375, 7816, 7580, 7414, 1400, 7692, 7474, 7673, 7988, 7250, 7294, 7253, 7650, 7653, 7453, 7692, 7053, 7517, 7294, 7715, 7121, 7837, 7319, 7495, 7447, 7688, 8704, 7882, 2800, 7959, 7702, 8392, 7772, 8296, 8051, 8776, 8140, 8533, 8429],
        [2500, 2500, 2532, 1750, 2309, 1563, 2335, 1712, 2309, 2300, 1844, 1612, 1550, 1000, 1077, 800, 825, 200, 825, 447, 0, 200, 400, 894, 200, 800, 600, 1700, 825, 825, 894, 1746, 1500, 1552, 2433, 2600, 2608, 2608, 3300, 1712, 3275, 3500, 3506, 4100, 3473, 2400, 3456, 4119, 4300, 4319, 4305, 4305, 8602, 8459, 8231, 8758, 7891, 8207, 7641, 8400, 7493, 7692, 7610, 721, 7797, 7988, 8180, 8048, 8372, 7805, 8249, 8011, 7848, 1649, 8112, 7891, 8090, 8429, 7653, 7715, 7650, 8052, 8050, 7850, 8072, 7450, 7891, 7673, 8090, 7493, 8189, 7692, 7837, 7796, 8032, 8951, 8228, 2631, 8269, 8018, 8681, 8080, 8575, 8331, 9034, 8413, 8776, 8679],
        [2508, 2508, 2571, 1761, 2300, 1550, 2377, 1700, 2335, 2309, 1897, 1649, 1563, 1020, 1166, 825, 800, 283, 894, 632, 200, 0, 600, 1000, 400, 825, 632, 1712, 800, 894, 1000, 1803, 1513, 1616, 2474, 2608, 2600, 2631, 3306, 1746, 3305, 3506, 3500, 4105, 3502, 2408, 3473, 4144, 4305, 4342, 4300, 4319, 8776, 8650, 8413, 8942, 8080, 8404, 7837, 8592, 7692, 7891, 7805, 849, 7988, 8180, 8372, 8238, 8565, 8002, 8444, 8207, 8043, 1709, 8310, 8090, 8289, 8620, 7853, 7913, 7850, 8252, 8250, 8050, 8272, 7650, 8090, 7873, 8289, 7692, 8385, 7891, 8032, 7992, 8228, 9126, 8423, 2668, 8459, 8209, 8867, 8269, 8758, 8515, 9213, 8595, 8951, 8856],
        [2532, 2532, 2500, 1795, 2377, 1662, 2300, 1803, 2309, 2335, 1800, 1612, 1601, 1077, 1000, 894, 1000, 447, 825, 200, 400, 600, 0, 800, 200, 894, 721, 1746, 1000, 825, 800, 1700, 1552, 1500, 2400, 2631, 2668, 2608, 3324, 1712, 3250, 3523, 3551, 4119, 3450, 2433, 3456, 4100, 4319, 4300, 4342, 4305, 8258, 8080, 7871, 8392, 7514, 7816, 7252, 8018, 7095, 7294, 7218, 600, 7416, 7606, 7797, 7669, 7988, 7414, 7859, 7620, 7458, 1600, 7715, 7493, 7692, 8048, 7253, 7319, 7250, 7653, 7650, 7450, 7673, 7050, 7493, 7275, 7692, 7095, 7796, 7294, 7447, 7404, 7641, 8602, 7837, 2600, 7891, 7637, 8312, 7702, 8210, 7966, 8679, 8051, 8429, 8329],
        [1746, 1746, 1700, 1031, 1616, 960, 1500, 2571, 1513, 1552, 1000, 825, 850, 447, 200, 400, 600, 721, 200, 600, 894, 1000, 800, 0, 825, 1649, 1456, 2532, 1709, 1612, 1600, 2500, 2335, 2300, 3200, 3423, 3453, 3406, 4119, 2508, 4050, 4319, 4342, 4916, 4250, 3225, 4255, 4900, 5116, 5100, 5135, 5104, 8701, 8372, 8258, 8751, 7827, 7692, 7480, 8292, 7050, 7250, 7090, 1400, 7208, 7404, 7600, 7447, 7796, 7289, 7715, 7493, 7312, 800, 7653, 7450, 7650, 7837, 7275, 7253, 7294, 7673, 7692, 7493, 7777, 7095, 7620, 7384, 7816, 7229, 7988, 7424, 7669, 7606, 7858, 9028, 8048, 3400, 8189, 7925, 8656, 8008, 8577, 8329, 9085, 8429, 8864, 8751],
        [2508, 2508, 2508, 1761, 2335, 1601, 2309, 1746, 2300, 2309, 1811, 1600, 1563, 1020, 1020, 825, 894, 283, 800, 283, 200, 400, 200, 825, 0, 825, 632, 1712, 894, 800, 825, 1712, 1513, 1513, 2408, 2608, 2631, 2600, 3306, 1700, 3256, 3506, 3523, 4105, 3456, 2408, 3450, 4105, 4305, 4305, 4319, 4300, 8429, 8269, 8051, 8575, 7702, 8011, 7447, 8209, 7294, 7493, 7414, 632, 7606, 7797, 7988, 7858, 8180, 7610, 8054, 7816, 7653, 1612, 7913, 7692, 7891, 8238, 7453, 7517, 7450, 7853, 7850, 7650, 7873, 7250, 7692, 7474, 7891, 7294, 7992, 7493, 7641, 7600, 7837, 8776, 8032, 2608, 8080, 7827, 8496, 7891, 8392, 8148, 8856, 8231, 8602, 8504],
        [3300, 3300, 3324, 2550, 3106, 2358, 3126, 922, 3106, 3100, 2631, 2408, 2350, 1800, 1844, 1600, 1612, 1000, 1612, 1077, 800, 825, 894, 1649, 825, 0, 200, 900, 200, 200, 400, 985, 700, 806, 1649, 1800, 1811, 1811, 2500, 922, 2482, 2700, 2707, 3300, 2680, 1600, 2658, 3324, 3500, 3523, 3506, 3506, 8231, 8249, 7924, 8475, 7664, 8400, 7504, 8207, 7620, 7816, 7812, 447, 8069, 8254, 8440, 8331, 8626, 8003, 8459, 8209, 8064, 2433, 8249, 8011, 8207, 8700, 7715, 7859, 7692, 8112, 8090, 7891, 8052, 7493, 7850, 7653, 8050, 7450, 8080, 7650, 7703, 7682, 7901, 8595, 8100, 1844, 8054, 7816, 8415, 7859, 8285, 8048, 8700, 8112, 8413, 8331],
        [3100, 3100, 3126, 2350, 2907, 2159, 2927, 1118, 2907, 2900, 2433, 2209, 2150, 1600, 1649, 1400, 1414, 800, 1414, 894, 600, 632, 721, 1456, 632, 200, 0, 1100, 283, 283, 447, 1170, 900, 985, 1844, 2000, 2010, 2010, 2700, 1118, 2680, 2900, 2907, 3500, 2878, 1800, 2857, 3523, 3700, 3722, 3705, 3705, 8318, 8295, 7995, 8540, 7714, 8345, 7531, 8249, 7580, 7777, 7754, 400, 7995, 8181, 8369, 8254, 8556, 7946, 8400, 8152, 8003, 2236, 8207, 7974, 8171, 8626, 7692, 7816, 7673, 8090, 8072, 7873, 8050, 7474, 7853, 7650, 8052, 7453, 8100, 7653, 7729, 7703, 7927, 8678, 8125, 2040, 8101, 7859, 8475, 7907, 8351, 8112, 8778, 8181, 8498, 8413],
        [4200, 4200, 4219, 3450, 4005, 3256, 4020, 200, 4005, 4000, 3523, 3306, 3250, 2700, 2729, 2500, 2508, 1900, 2508, 1942, 1700, 1712, 1746, 2532, 1712, 900, 1100, 0, 922, 922, 985, 400, 200, 447, 806, 900, 922, 922, 1600, 200, 1601, 1800, 1811, 2400, 1795, 700, 1761, 2433, 2600, 2631, 2608, 2608, 7891, 8100, 7664, 8238, 7504, 8700, 7450, 8080, 7858, 8048, 8128, 1170, 8456, 8633, 8810, 8727, 8989, 8312, 8778, 8515, 8392, 3324, 8491, 8238, 8429, 9080, 7882, 8112, 7837, 8271, 8228, 8032, 8125, 7641, 7901, 7729, 8100, 7504, 8052, 7703, 7650, 7653, 7850, 8269, 8050, 985, 7901, 7682, 8198, 7703, 8043, 7816, 8400, 7859, 8080, 8018],
        [3306, 3306, 3354, 2558, 3100, 2350, 3158, 900, 3126, 3106, 2668, 2433, 2358, 1811, 1897, 1612, 1600, 1020, 1649, 1166, 825, 800, 1000, 1709, 894, 200, 283, 922, 0, 400, 600, 1082, 728, 922, 1709, 1811, 1800, 1844, 2508, 985, 2522, 2707, 2700, 3306, 2717, 1612, 2680, 3354, 3506, 3551, 3500, 3523, 8413, 8444, 8112, 8665, 7859, 8592, 7703, 8404, 7816, 8011, 8003, 632, 8254, 8440, 8626, 8515, 8813, 8194, 8650, 8400, 8254, 2474, 8444, 8207, 8404, 8886, 7913, 8054, 7891, 8310, 8289, 8090, 8252, 7692, 8050, 7853, 8250, 7650, 8280, 7850, 7901, 7881, 8100, 8778, 8299, 1897, 8249, 8011, 8606, 8054, 8475, 8238, 8886, 8301, 8595, 8515],
        [3306, 3306, 3306, 2558, 3126, 2384, 3106, 985, 3100, 3106, 2608, 2400, 2358, 1811, 1811, 1612, 1649, 1020, 1600, 1020, 825, 894, 825, 1612, 800, 200, 283, 922, 400, 0, 200, 922, 728, 728, 1612, 1811, 1844, 1800, 2508, 900, 2458, 2707, 2729, 3306, 2658, 1612, 2650, 3306, 3506, 3506, 3523, 3500, 8051, 8054, 7736, 8285, 7470, 8209, 7306, 8011, 7424, 7620, 7621, 283, 7885, 8069, 8254, 8148, 8440, 7812, 8269, 8018, 7874, 2408, 8054, 7816, 8011, 8515, 7517, 7664, 7493, 7913, 7891, 7692, 7853, 7294, 7650, 7453, 7850, 7250, 7881, 7450, 7504, 7483, 7703, 8413, 7901, 1811, 7859, 7620, 8223, 7664, 8096, 7858, 8515, 7924, 8231, 8148],
        [3324, 3324, 3300, 2581, 3158, 2425, 3100, 1082, 3106, 3126, 2600, 2408, 2384, 1844, 1800, 1649, 1709, 1077, 1612, 1000, 894, 1000, 800, 1600, 825, 400, 447, 985, 600, 200, 0, 900, 806, 700, 1600, 1844, 1897, 1811, 2532, 922, 2450, 2729, 2766, 3324, 2650, 1649, 2658, 3300, 3523, 3500, 3551, 3506, 7871, 7859, 7549, 8096, 7276, 8018, 7107, 7816, 7229, 7424, 7431, 200, 7701, 7885, 8069, 7966, 8254, 7621, 8080, 7827, 7685, 2400, 7859, 7620, 7816, 8331, 7319, 7470, 7294, 7715, 7692, 7493, 7653, 7095, 7450, 7253, 7650, 7050, 7682, 7250, 7306, 7284, 7504, 8231, 7703, 1800, 7664, 7424, 8033, 7470, 7907, 7669, 8331, 7736, 8051, 7966],
        [4219, 4219, 4200, 3473, 4045, 3305, 4000, 600, 4005, 4020, 3500, 3306, 3275, 2729, 2700, 2532, 2571, 1942, 2508, 1900, 1746, 1803, 1700, 2500, 1712, 985, 1170, 400, 1082, 922, 900, 0, 447, 200, 700, 985, 1082, 922, 1649, 200, 1550, 1844, 1897, 2433, 1750, 806, 1761, 2400, 2631, 2600, 2668, 2608, 7514, 7703, 7276, 7848, 7107, 8331, 7050, 7682, 7480, 7669, 7763, 1100, 8106, 8280, 8456, 8379, 8633, 7945, 8413, 8148, 8029, 3300, 8112, 7858, 8048, 8727, 7495, 7736, 7447, 7882, 7837, 7641, 7729, 7252, 7504, 7333, 7703, 7107, 7653, 7306, 7250, 7253, 7450, 7891, 7650, 900, 7504, 7284, 7805, 7306, 7653, 7424, 8018, 7470, 7702, 7637],
        [4000, 4000, 4020, 3250, 3805, 3057, 3821, 283, 3805, 3800, 3324, 3106, 3050, 2500, 2532, 2300, 2309, 1700, 2309, 1746, 1500, 1513, 1552, 2335, 1513, 700, 900, 200, 728, 728, 806, 447, 0, 400, 985, 1100, 1118, 1118, 1800, 283, 1795, 2000, 2010, 2600, 1991, 900, 1960, 2631, 2800, 2828, 2807, 2807, 7959, 8125, 7714, 8283, 7531, 8626, 7453, 8100, 7797, 7988, 8050, 985, 8363, 8542, 8721, 8633, 8902, 8236, 8700, 8440, 8312, 3126, 8429, 8180, 8372, 8989, 7837, 8048, 7796, 8228, 8189, 7992, 8100, 7600, 7881, 7703, 8080, 7483, 8050, 7682, 7653, 7650, 7853, 8334, 8052, 1170, 7927, 7703, 8238, 7729, 8089, 7859, 8459, 7907, 8146, 8080],
        [4020, 4020, 4000, 3275, 3847, 3108, 3800, 632, 3805, 3821, 3300, 3106, 3076, 2532, 2500, 2335, 2377, 1746, 2309, 1700, 1552, 1616, 1500, 2300, 1513, 806, 985, 447, 922, 728, 700, 200, 400, 0, 900, 1170, 1253, 1118, 1844, 283, 1750, 2040, 2088, 2631, 1950, 985, 1960, 2600, 2828, 2800, 2864, 2807, 7586, 7729, 7328, 7895, 7135, 8254, 7053, 7703, 7416, 7606, 7681, 900, 8009, 8186, 8363, 8280, 8542, 7865, 8331, 8069, 7945, 3100, 8048, 7797, 7988, 8633, 7447, 7669, 7404, 7837, 7796, 7600, 7703, 7208, 7483, 7306, 7682, 7085, 7650, 7284, 7253, 7250, 7453, 7959, 7653, 1100, 7531, 7306, 7848, 7333, 7701, 7470, 8080, 7521, 7772, 7702],
        [4916, 4916, 4900, 4169, 4738, 3995, 4700, 922, 4704, 4717, 4200, 4005, 3970, 3423, 3400, 3225, 3256, 2631, 3206, 2600, 2433, 2474, 2400, 3200, 2408, 1649, 1844, 806, 1709, 1612, 1600, 700, 985, 900, 0, 447, 632, 283, 985, 728, 850, 1170, 1253, 1746, 1050, 400, 1069, 1700, 1942, 1900, 1992, 1910, 7302, 7653, 7135, 7722, 7053, 8633, 7085, 7650, 7742, 7925, 8081, 1800, 8473, 8640, 8809, 8751, 8978, 8256, 8727, 8456, 8354, 4000, 8372, 8108, 8292, 9085, 7702, 8008, 7637, 8080, 8018, 7827, 7859, 7447, 7620, 7470, 7816, 7229, 7703, 7424, 7284, 7306, 7483, 7688, 7682, 200, 7453, 7250, 7697, 7253, 7524, 7306, 7837, 7333, 7495, 7447],
        [5100, 5100, 5116, 4350, 4904, 4155, 4916, 922, 4904, 4900, 4418, 4205, 4150, 3600, 3622, 3400, 3406, 2800, 3406, 2828, 2600, 2608, 2631, 3423, 2608, 1800, 2000, 900, 1811, 1811, 1844, 985, 1100, 1170, 447, 0, 200, 200, 700, 922, 763, 900, 922, 1500, 939, 200, 873, 1552, 1700, 1746, 1712, 1712, 7641, 8050, 7504, 8095, 7450, 9080, 7504, 8052, 8189, 8372, 8528, 2040, 8917, 9085, 9254, 9194, 9424, 8703, 9174, 8903, 8800, 4219, 8818, 8555, 8739, 9530, 8146, 8455, 8080, 8523, 8459, 8269, 8295, 7891, 8054, 7907, 8249, 7664, 8125, 7859, 7703, 7729, 7901, 8032, 8100, 400, 7850, 7653, 8076, 7650, 7896, 7682, 8189, 7703, 7837, 7796],
        [5104, 5104, 5135, 4355, 4900, 4150, 4937, 900, 4916, 4904, 4441, 4219, 4155, 3606, 3650, 3406, 3400, 2807, 3423, 2864, 2608, 2600, 2668, 3453, 2631, 1811, 2010, 922, 1800, 1844, 1897, 1082, 1118, 1253, 632, 200, 0, 400, 728, 985, 885, 922, 900, 1513, 1040, 283, 939, 1616, 1712, 1803, 1700, 1746, 7837, 8250, 7703, 8294, 7650, 9258, 7703, 8252, 8372, 8555, 8703, 2088, 9085, 9254, 9424, 9361, 9595, 8879, 9350, 9080, 8975, 4243, 9001, 8739, 8923, 9699, 8334, 8636, 8269, 8712, 8650, 8459, 8489, 8080, 8249, 8101, 8444, 7859, 8323, 8054, 7901, 7927, 8100, 8228, 8299, 600, 8050, 7853, 8276, 7850, 8095, 7881, 8385, 7901, 8032, 7992],
        [5104, 5104, 5104, 4355, 4916, 4169, 4904, 985, 4900, 4904, 4405, 4200, 4155, 3606, 3606, 3406, 3423, 2807, 3400, 2807, 2608, 2631, 2608, 3406, 2600, 1811, 2010, 922, 1844, 1800, 1811, 922, 1118, 1118, 283, 200, 400, 0, 728, 900, 680, 922, 985, 1513, 873, 283, 850, 1513, 1712, 1712, 1746, 1700, 7447, 7850, 7306, 7896, 7250, 8903, 7306, 7853, 8008, 8189, 8354, 2010, 8751, 8917, 9085, 9028, 9254, 8528, 8999, 8727, 8627, 4205, 8636, 8372, 8555, 9361, 7959, 8274, 7891, 8334, 8269, 8080, 8101, 7702, 7859, 7714, 8054, 7470, 7927, 7664, 7504, 7531, 7703, 7837, 7901, 200, 7650, 7453, 7877, 7450, 7697, 7483, 7992, 7504, 7641, 7600],
        [5800, 5800, 5814, 5050, 5604, 4854, 5614, 1612, 5604, 5600, 5116, 4904, 4850, 4300, 4319, 4100, 4105, 3500, 4105, 3523, 3300, 3306, 3324, 4119, 3306, 2500, 2700, 1600, 2508, 2508, 2532, 1649, 1800, 1844, 985, 700, 728, 728, 0, 1612, 403, 200, 283, 800, 427, 900, 250, 894, 1000, 1077, 1020, 1020, 7517, 8080, 7453, 8051, 7483, 9424, 7620, 8100, 8504, 8679, 8890, 2729, 9320, 9481, 9643, 9600, 9806, 9058, 9530, 9254, 9167, 4916, 9126, 8856, 9034, 9922, 8413, 8776, 8331, 8778, 8700, 8515, 8491, 8148, 8238, 8112, 8429, 7858, 8249, 8048, 7816, 7859, 8011, 7913, 8207, 806, 7881, 7703, 8050, 7682, 7851, 7650, 8090, 7653, 7715, 7692],
        [4205, 4205, 4205, 3456, 4020, 3275, 4005, 400, 4000, 4005, 3506, 3300, 3256, 2707, 2707, 2508, 2532, 1910, 2500, 1910, 1712, 1746, 1712, 2508, 1700, 922, 1118, 200, 985, 900, 922, 200, 283, 283, 728, 922, 985, 900, 1612, 0, 1563, 1811, 1844, 2408, 1761, 728, 1750, 2408, 2608, 2608, 2631, 2600, 7702, 7901, 7470, 8043, 7306, 8515, 7250, 7881, 7669, 7858, 7945, 1118, 8280, 8456, 8633, 8552, 8810, 8128, 8595, 8331, 8210, 3306, 8301, 8048, 8238, 8903, 7688, 7924, 7641, 8077, 8032, 7837, 7927, 7447, 7703, 7531, 7901, 7306, 7853, 7504, 7450, 7453, 7650, 8080, 7850, 922, 7703, 7483, 8002, 7504, 7848, 7620, 8209, 7664, 7891, 7827],
        [5764, 5764, 5750, 5016, 5582, 4837, 5550, 1662, 5554, 5564, 5050, 4854, 4817, 4269, 4250, 4070, 4094, 3473, 4055, 3450, 3275, 3305, 3250, 4050, 3256, 2482, 2680, 1601, 2522, 2458, 2450, 1550, 1795, 1750, 850, 763, 885, 680, 403, 1563, 0, 472, 650, 939, 200, 939, 283, 850, 1124, 1050, 1209, 1069, 7128, 7678, 7054, 7653, 7080, 9058, 7218, 7697, 8130, 8305, 8529, 2650, 8972, 9130, 9290, 9253, 9451, 8695, 9167, 8890, 8807, 4850, 8751, 8480, 8656, 9570, 8029, 8404, 7945, 8392, 8312, 8128, 8096, 7763, 7843, 7719, 8033, 7464, 7848, 7653, 7414, 7458, 7610, 7524, 7805, 650, 7478, 7300, 7650, 7279, 7453, 7250, 7697, 7254, 7326, 7300],
        [6000, 6000, 6013, 5250, 5803, 5054, 5814, 1811, 5803, 5800, 5315, 5104, 5050, 4500, 4518, 4300, 4305, 3700, 4305, 3722, 3500, 3506, 3523, 4319, 3506, 2700, 2900, 1800, 2707, 2707, 2729, 1844, 2000, 2040, 1170, 900, 922, 922, 200, 1811, 472, 0, 200, 600, 403, 1100, 206, 721, 800, 894, 825, 825, 7493, 8100, 7450, 8050, 7504, 9530, 7664, 8125, 8602, 8776, 9000, 2927, 9442, 9600, 9760, 9722, 9922, 9167, 9638, 9361, 9278, 5116, 9222, 8951, 9126, 10040, 8498, 8875, 8413, 8860, 8778, 8595, 8556, 8231, 8301, 8181, 8491, 7924, 8295, 8112, 7859, 7907, 8054, 7891, 8249, 985, 7901, 7729, 8054, 7703, 7850, 7653, 8072, 7650, 7692, 7673],
        [6003, 6003, 6030, 5254, 5800, 5050, 5831, 1800, 5814, 5803, 5334, 5116, 5054, 4504, 4540, 4305, 4300, 3705, 4319, 3748, 3506, 3500, 3551, 4342, 3523, 2707, 2907, 1811, 2700, 2729, 2766, 1897, 2010, 2088, 1253, 922, 900, 985, 283, 1844, 650, 200, 0, 632, 602, 1118, 403, 849, 825, 1000, 800, 894, 7692, 8299, 7650, 8250, 7703, 9699, 7859, 8323, 8776, 8951, 9167, 2961, 9600, 9760, 9922, 9880, 10085, 9334, 9806, 9530, 9444, 5135, 9397, 9126, 9303, 10201, 8678, 9048, 8595, 9042, 8962, 8778, 8745, 8413, 8491, 8369, 8681, 8112, 8489, 8301, 8054, 8101, 8249, 8090, 8444, 1082, 8100, 7927, 8254, 7901, 8050, 7853, 8272, 7850, 7891, 7873],
        [6600, 6600, 6612, 5850, 6403, 5654, 6412, 2408, 6403, 6400, 5914, 5704, 5650, 5100, 5116, 4900, 4904, 4300, 4904, 4319, 4100, 4105, 4119, 4916, 4105, 3300, 3500, 2400, 3306, 3306, 3324, 2433, 2600, 2631, 1746, 1500, 1513, 1513, 800, 2408, 939, 600, 632, 0, 763, 1700, 680, 400, 200, 447, 283, 283, 7453, 8189, 7474, 8076, 7600, 9864, 7827, 8228, 8917, 9085, 9350, 3523, 9822, 9974, 10128, 10104, 10284, 9510, 9981, 9701, 9630, 5714, 9530, 9254, 9424, 10410, 8776, 9194, 8679, 9126, 9034, 8856, 8778, 8504, 8515, 8413, 8700, 8148, 8459, 8331, 8018, 8080, 8209, 7853, 8400, 1552, 7992, 7837, 8095, 7796, 7877, 7692, 8050, 7673, 7653, 7650],
        [5963, 5963, 5950, 5215, 5781, 5036, 5750, 1850, 5753, 5764, 5250, 5054, 5016, 4468, 4450, 4269, 4292, 3672, 4255, 3650, 3473, 3502, 3450, 4250, 3456, 2680, 2878, 1795, 2717, 2658, 2650, 1750, 1991, 1950, 1050, 939, 1040, 873, 427, 1761, 200, 403, 602, 763, 0, 1124, 200, 650, 939, 850, 1040, 873, 7101, 7697, 7050, 7650, 7101, 9167, 7264, 7722, 8232, 8404, 8643, 2850, 9098, 9253, 9411, 9379, 9570, 8807, 9278, 9000, 8922, 5050, 8850, 8577, 8751, 9691, 8117, 8507, 8029, 8476, 8392, 8210, 8164, 7849, 7907, 7790, 8096, 7532, 7895, 7719, 7458, 7508, 7653, 7498, 7848, 850, 7498, 7326, 7653, 7300, 7450, 7252, 7678, 7250, 7300, 7279],
        [4900, 4900, 4916, 4150, 4704, 3955, 4717, 728, 4704, 4700, 4219, 4005, 3950, 3400, 3423, 3200, 3206, 2600, 3206, 2631, 2400, 2408, 2433, 3225, 2408, 1600, 1800, 700, 1612, 1612, 1649, 806, 900, 985, 400, 200, 283, 283, 900, 728, 939, 1100, 1118, 1700, 1124, 0, 1069, 1746, 1900, 1942, 1910, 1910, 7688, 8052, 7531, 8118, 7453, 8989, 7483, 8050, 8108, 8292, 8432, 1844, 8809, 8978, 9149, 9085, 9322, 8610, 9080, 8810, 8703, 4020, 8739, 8477, 8663, 9424, 8080, 8372, 8018, 8459, 8400, 8209, 8249, 7827, 8011, 7859, 8207, 7620, 8100, 7816, 7682, 7703, 7881, 8077, 8080, 447, 7853, 7650, 8095, 7653, 7920, 7703, 8228, 7729, 7882, 7837],
        [5953, 5953, 5953, 5204, 5764, 5016, 5753, 1795, 5750, 5753, 5254, 5050, 5004, 4454, 4454, 4255, 4269, 3655, 4250, 3655, 3456, 3473, 3456, 4255, 3450, 2658, 2857, 1761, 2680, 2650, 2658, 1761, 1960, 1960, 1069, 873, 939, 850, 250, 1750, 283, 206, 403, 680, 200, 1069, 0, 680, 873, 873, 939, 850, 7300, 7896, 7250, 7850, 7300, 9334, 7458, 7920, 8404, 8577, 8807, 2857, 9253, 9411, 9570, 9534, 9731, 8972, 9444, 9167, 9085, 5054, 9024, 8751, 8927, 9850, 8296, 8678, 8210, 8657, 8575, 8392, 8351, 8029, 8096, 7977, 8285, 7719, 8089, 7907, 7653, 7701, 7848, 7697, 8043, 873, 7697, 7524, 7853, 7498, 7650, 7452, 7877, 7450, 7498, 7478],
        [6612, 6612, 6600, 5864, 6428, 5682, 6400, 2474, 6403, 6412, 5900, 5704, 5664, 5116, 5100, 4916, 4937, 4319, 4904, 4300, 4119, 4144, 4100, 4900, 4105, 3324, 3523, 2433, 3354, 3306, 3300, 2400, 2631, 2600, 1700, 1552, 1616, 1513, 894, 2408, 850, 721, 849, 400, 650, 1746, 680, 0, 447, 200, 632, 283, 7053, 7796, 7075, 7678, 7208, 9540, 7447, 7837, 8586, 8751, 9035, 3500, 9522, 9671, 9822, 9804, 9974, 9192, 9661, 9380, 9316, 5700, 9194, 8917, 9085, 10104, 8429, 8864, 8329, 8776, 8679, 8504, 8413, 8156, 8148, 8051, 8331, 7784, 8080, 7966, 7637, 7702, 7827, 7453, 8018, 1500, 7600, 7447, 7697, 7404, 7478, 7294, 7650, 7275, 7253, 7250],
        [6800, 6800, 6812, 6050, 6603, 5853, 6612, 2608, 6603, 6600, 6113, 5903, 5850, 5300, 5315, 5100, 5104, 4500, 5104, 4518, 4300, 4305, 4319, 5116, 4305, 3500, 3700, 2600, 3506, 3506, 3523, 2631, 2800, 2828, 1942, 1700, 1712, 1712, 1000, 2608, 1124, 800, 825, 200, 939, 1900, 873, 447, 0, 400, 200, 200, 7450, 8228, 7493, 8095, 7641, 9981, 7891, 8271, 9028, 9194, 9472, 3722, 9953, 10104, 10256, 10235, 10410, 9630, 10100, 9820, 9753, 5914, 9638, 9361, 9530, 10538, 8875, 9307, 8776, 9222, 9126, 8951, 8860, 8602, 8595, 8498, 8778, 8231, 8523, 8413, 8080, 8146, 8269, 7850, 8459, 1746, 8032, 7882, 8118, 7837, 7896, 7715, 8052, 7692, 7650, 7653],
        [6812, 6812, 6800, 6063, 6627, 5881, 6600, 2668, 6603, 6612, 6100, 5903, 5864, 5315, 5300, 5116, 5135, 4518, 5104, 4500, 4319, 4342, 4300, 5100, 4305, 3523, 3722, 2631, 3551, 3506, 3500, 2600, 2828, 2800, 1900, 1746, 1803, 1712, 1077, 2608, 1050, 894, 1000, 447, 850, 1942, 873, 200, 400, 0, 600, 200, 7050, 7837, 7095, 7697, 7252, 9661, 7514, 7882, 8701, 8864, 9161, 3700, 9657, 9804, 9953, 9940, 10104, 9316, 9784, 9503, 9443, 5900, 9307, 9028, 9194, 10235, 8533, 8981, 8429, 8875, 8776, 8602, 8498, 8258, 8231, 8140, 8413, 7871, 8146, 8051, 7702, 7772, 7891, 7450, 8080, 1700, 7641, 7495, 7722, 7447, 7498, 7319, 7653, 7294, 7250, 7253],
        [6803, 6803, 6826, 6053, 6600, 5850, 6627, 2600, 6612, 6603, 6129, 5914, 5853, 5304, 5334, 5104, 5100, 4504, 5116, 4540, 4305, 4300, 4342, 5135, 4319, 3506, 3705, 2608, 3500, 3523, 3551, 2668, 2807, 2864, 1992, 1712, 1700, 1746, 1020, 2631, 1209, 825, 800, 283, 1040, 1910, 939, 632, 200, 600, 0, 400, 7650, 8423, 7692, 8294, 7837, 10143, 8080, 8466, 9194, 9361, 9630, 3748, 10104, 10256, 10410, 10386, 10565, 9790, 10260, 9981, 9911, 5930, 9806, 9530, 9699, 10691, 9048, 9472, 8951, 9397, 9303, 9126, 9042, 8776, 8778, 8678, 8962, 8413, 8712, 8595, 8269, 8334, 8459, 8050, 8650, 1803, 8228, 8077, 8317, 8032, 8095, 7913, 8252, 7891, 7850, 7853],
        [6803, 6803, 6803, 6053, 6612, 5864, 6603, 2631, 6600, 6603, 6103, 5900, 5853, 5304, 5304, 5104, 5116, 4504, 5100, 4504, 4305, 4319, 4305, 5104, 4300, 3506, 3705, 2608, 3523, 3500, 3506, 2608, 2807, 2807, 1910, 1712, 1746, 1700, 1020, 2600, 1069, 825, 894, 283, 873, 1910, 850, 283, 200, 200, 400, 0, 7250, 8032, 7294, 7896, 7447, 9820, 7702, 8077, 8864, 9028, 9316, 3705, 9804, 9953, 10104, 10087, 10256, 9472, 9941, 9661, 9597, 5903, 9472, 9194, 9361, 10386, 8704, 9143, 8602, 9048, 8951, 8776, 8678, 8429, 8413, 8318, 8595, 8051, 8334, 8231, 7891, 7959, 8080, 7650, 8269, 1712, 7837, 7688, 7920, 7641, 7697, 7517, 7853, 7493, 7450, 7453],
        [10087, 10087, 9795, 9597, 10104, 9630, 9657, 8080, 9804, 9953, 9323, 9347, 9472, 9143, 8820, 9028, 9194, 8704, 8864, 8364, 8602, 8776, 8258, 8701, 8429, 8231, 8318, 7891, 8413, 8051, 7871, 7514, 7959, 7586, 7302, 7641, 7837, 7447, 7517, 7702, 7128, 7493, 7692, 7453, 7101, 7688, 7300, 7053, 7450, 7050, 7650, 7250, 0, 1803, 800, 1040, 1700, 5930, 2600, 1992, 5100, 5104, 5850, 7962, 6600, 6603, 6612, 6803, 6627, 5853, 6129, 5914, 6053, 9193, 5334, 5116, 5135, 6826, 4504, 5304, 4305, 4540, 4342, 4319, 3748, 4300, 3523, 3705, 3551, 3500, 2864, 3506, 2608, 2807, 2631, 400, 2668, 7252, 1746, 1910, 1209, 1712, 939, 1020, 632, 825, 200, 283],
        [9530, 9530, 9194, 9150, 9595, 9235, 9085, 8299, 9254, 9424, 8825, 8903, 9057, 8818, 8455, 8739, 8923, 8523, 8555, 8146, 8459, 8650, 8080, 8372, 8269, 8249, 8295, 8100, 8444, 8054, 7859, 7703, 8125, 7729, 7653, 8050, 8250, 7850, 8080, 7901, 7678, 8100, 8299, 8189, 7697, 8052, 7896, 7796, 8228, 7837, 8423, 8032, 1803, 0, 1082, 850, 600, 4200, 1082, 200, 3453, 3423, 4193, 7907, 4937, 4916, 4904, 5116, 4900, 4169, 4400, 4205, 4368, 8727, 3600, 3406, 3400, 5100, 2828, 3622, 2631, 2800, 2600, 2608, 2000, 2668, 1811, 2040, 1800, 1897, 1100, 1844, 985, 1170, 922, 1712, 900, 7650, 200, 447, 650, 400, 873, 806, 1500, 985, 1746, 1552],
        [9566, 9566, 9258, 9114, 9600, 9167, 9129, 7859, 9285, 9442, 8820, 8864, 9000, 8704, 8364, 8602, 8776, 8318, 8429, 7962, 8231, 8413, 7871, 8258, 8051, 7924, 7995, 7664, 8112, 7736, 7549, 7276, 7714, 7328, 7135, 7504, 7703, 7306, 7453, 7470, 7054, 7450, 7650, 7474, 7050, 7531, 7250, 7075, 7493, 7095, 7692, 7294, 800, 1082, 0, 602, 900, 5135, 1800, 1253, 4300, 4305, 5050, 7623, 5800, 5803, 5814, 6003, 5831, 5054, 5334, 5116, 5254, 8701, 4540, 4319, 4342, 6030, 3705, 4504, 3506, 3748, 3551, 3523, 2961, 3500, 2729, 2907, 2766, 2700, 2088, 2707, 1811, 2010, 1844, 894, 1897, 7107, 985, 1118, 650, 922, 403, 283, 849, 200, 825, 632],
        [10010, 10010, 9691, 9583, 10056, 9647, 9570, 8434, 9731, 9893, 9278, 9334, 9476, 9198, 8850, 9103, 9280, 8839, 8927, 8476, 8758, 8942, 8392, 8751, 8575, 8475, 8540, 8238, 8665, 8285, 8096, 7848, 8283, 7895, 7722, 8095, 8294, 7896, 8051, 8043, 7653, 8050, 8250, 8076, 7650, 8118, 7850, 7678, 8095, 7697, 8294, 7896, 1040, 850, 602, 0, 1040, 5050, 1850, 1050, 4292, 4269, 5036, 8164, 5781, 5764, 5753, 5963, 5750, 5016, 5250, 5054, 5215, 9167, 4450, 4255, 4250, 5950, 3672, 4468, 3473, 3650, 3450, 3456, 2850, 3502, 2658, 2878, 2650, 2717, 1950, 2680, 1795, 1991, 1761, 873, 1750, 7697, 873, 1124, 200, 939, 200, 427, 650, 403, 939, 763],
        [9028, 9028, 8701, 8627, 9085, 8703, 8586, 7703, 8751, 8917, 8310, 8379, 8528, 8274, 7916, 8189, 8372, 7959, 8008, 7586, 7891, 8080, 7514, 7827, 7702, 7664, 7714, 7504, 7859, 7470, 7276, 7107, 7531, 7135, 7053, 7450, 7650, 7250, 7483, 7306, 7080, 7504, 7703, 7600, 7101, 7453, 7300, 7208, 7641, 7252, 7837, 7447, 1700, 600, 900, 1040, 0, 4243, 900, 632, 3400, 3406, 4150, 7328, 4900, 4904, 4916, 5104, 4937, 4155, 4441, 4219, 4355, 8206, 3650, 3423, 3453, 5135, 2807, 3606, 2608, 2864, 2668, 2631, 2088, 2600, 1844, 2010, 1897, 1800, 1253, 1811, 922, 1118, 985, 1746, 1082, 7050, 400, 283, 885, 200, 939, 728, 1616, 922, 1712, 1513],
        [8100, 8100, 7703, 8051, 8280, 8250, 7682, 8886, 7881, 8080, 7653, 7850, 8050, 8072, 7673, 8090, 8289, 8171, 7891, 7777, 8207, 8404, 7816, 7692, 8011, 8400, 8345, 8700, 8592, 8209, 8018, 8331, 8626, 8254, 8633, 9080, 9258, 8903, 9424, 8515, 9058, 9530, 9699, 9864, 9167, 8989, 9334, 9540, 9981, 9661, 10143, 9820, 5930, 4200, 5135, 5050, 4243, 0, 3354, 4000, 1000, 894, 602, 7960, 922, 806, 728, 985, 700, 403, 200, 200, 427, 7650, 600, 825, 800, 900, 1456, 721, 1649, 1400, 1600, 1612, 2200, 1709, 2408, 2236, 2400, 2474, 3100, 2433, 3324, 3126, 3306, 5903, 3300, 8727, 4205, 4020, 4850, 4219, 5054, 4916, 5700, 5116, 5914, 5714],
        [8552, 8552, 8206, 8210, 8633, 8312, 8106, 7650, 8280, 8456, 7871, 7966, 8128, 7924, 7549, 7858, 8048, 7688, 7669, 7302, 7641, 7837, 7252, 7480, 7447, 7504, 7531, 7450, 7703, 7306, 7107, 7050, 7453, 7053, 7085, 7504, 7703, 7306, 7620, 7250, 7218, 7664, 7859, 7827, 7264, 7483, 7458, 7447, 7891, 7514, 8080, 7702, 2600, 1082, 1800, 1850, 900, 3354, 0, 922, 2500, 2508, 3250, 7135, 4000, 4005, 4020, 4205, 4045, 3256, 3551, 3324, 3456, 7784, 2766, 2532, 2571, 4243, 1910, 2707, 1712, 1992, 1803, 1746, 1253, 1700, 985, 1118, 1082, 900, 632, 922, 200, 283, 400, 2631, 600, 7107, 985, 728, 1662, 922, 1795, 1612, 2474, 1811, 2608, 2408],
