{
    "name": "U159B",
    "comment": "data-set-2/json/u159b.json",
    "nodes": ["+0", "-0", "+2", "-2", "+4", "-4", "+9", "-9", "+10", "-10", "+12", "-12", "+14", "-14", "+15", "-15", "+17", "-17", "+19", "-19", "+23", "-23", "+24", "-24", "+25", "-25", "+27", "-27", "+29", "-29", "+30", "-30", "+32", "-32", "+34", "-34", "+35", "-35", "+36", "-36", "+38", "-38", "+39", "-39", "+43", "-43", "+44", "-44", "+46", "-46", "+50", "-50", "+53", "-53", "+54", "-54", "+56", "-56", "+58", "-58", "+61", "-61", "+62", "-62", "+63", "-63", "+66", "-66", "+69", "-69", "+72", "-72", "+73", "-73", "+74", "-74", "+75", "-75", "+76", "-76", "+79", "-79", "+81", "-81", "+82", "-82", "+84", "-84", "+90", "-90", "+92", "-92", "+97", "-97", "+99", "-99", "+102", "-102", "+104", "-104", "+105", "-105", "+106", "-106", "+108", "-108", "+110", "-110", "+113", "-113", "+116", "-116", "+117", "-117", "+119", "-119", "+121", "-121", "+124", "-124", "+126", "-126", "+127", "-127", "+128", "-128", "+129", "-129", "+130", "-130", "+133", "-133", "+137", "-137", "+138", "-138", "+139", "-139", "+141", "-141", "+142", "-142", "+144", "-144", "+147", "-147", "+148", "-148", "+150", "-150", "+151", "-151", "+155", "-155", "+157", "-157", "+158", "-158", "+159", "-159"],
    "precedence": {
        "+0": "-0",
        "+2": "-2",
        "+4": "-4",
        "+9": "-9",
        "+10": "-10",
        "+12": "-12",
        "+14": "-14",
        "+15": "-15",
        "+17": "-17",
        "+19": "-19",
        "+23": "-23",
        "+24": "-24",
        "+25": "-25",
        "+27": "-27",
        "+29": "-29",
        "+30": "-30",
        "+32": "-32",
        "+34": "-34",
        "+35": "-35",
        "+36": "-36",
        "+38": "-38",
        "+39": "-39",
        "+43": "-43",
        "+44": "-44",
        "+46": "-46",
        "+50": "-50",
        "+53": "-53",
        "+54": "-54",
        "+56": "-56",
        "+58": "-58",
        "+61": "-61",
        "+62": "-62",
        "+63": "-63",
        "+66": "-66",
        "+69": "-69",
        "+72": "-72",
        "+73": "-73",
        "+74": "-74",
        "+75": "-75",
        "+76": "-76",
        "+79": "-79",
        "+81": "-81",
        "+82": "-82",
        "+84": "-84",
        "+90": "-90",
        "+92": "-92",
        "+97": "-97",
        "+99": "-99",
        "+102": "-102",
        "+104": "-104",
        "+105": "-105",
        "+106": "-106",
        "+108": "-108",
        "+110": "-110",
        "+113": "-113",
        "+116": "-116",
        "+117": "-117",
        "+119": "-119",
        "+121": "-121",
        "+124": "-124",
        "+126": "-126",
        "+127": "-127",
        "+128": "-128",
        "+129": "-129",
        "+130": "-130",
        "+133": "-133",
        "+137": "-137",
        "+138": "-138",
        "+139": "-139",
        "+141": "-141",
        "+142": "-142",
        "+144": "-144",
        "+147": "-147",
        "+148": "-148",
        "+150": "-150",
        "+151": "-151",
        "+155": "-155",
        "+157": "-157",
        "+158": "-158",
        "+159": "-159"
    },
    "edges": [
        [0, 0, 728, 1404, 922, 4300, 1811, 2110, 1910, 1360, 2100, 1300, 2508, 2309, 2608, 2159, 2807, 2700, 3551, 3622, 3506, 3406, 3700, 4071, 3905, 3585, 4205, 2625, 4464, 4428, 4144, 3338, 3418, 3640, 3329, 4717, 3276, 5906, 3081, 2691, 2983, 5337, 3111, 3183, 3220, 3087, 3276, 2941, 3722, 3895, 4614, 5022, 5500, 5859, 5701, 6622, 5873, 5657, 6223, 5503, 6440, 6512, 6268, 6081, 6022, 6054, 5954, 5727, 5814, 5001, 5686, 4866, 5456, 3551, 5100, 6003, 4875, 4357, 5148, 5261, 5536, 5770, 5471, 5412, 5441, 5571, 5385, 5126, 4464, 5209, 4079, 4657, 5277, 5360, 5247, 5224, 5215, 4752, 5204, 5235, 5201, 4501, 4901, 4512, 3600, 3002, 3202, 3471, 2602, 2886, 3081, 4272, 3276, 2802, 3640, 4805, 3270, 3454, 2088, 2421, 1077, 1315, 1565, 2081, 1924, 2693, 1931, 2476, 2193, 2907, 2404, 2907, 2608, 3401, 2865, 3023, 2417, 2236, 2341, 1513, 2474, 4045, 2138, 1868, 1844, 2600, 1746, 1942, 1709, 1414, 1552, 1077, 1393, 3635, 1118, 1712, 1000, 700, 283, 1118],
        [0, 0, 728, 1404, 922, 4300, 1811, 2110, 1910, 1360, 2100, 1300, 2508, 2309, 2608, 2159, 2807, 2700, 3551, 3622, 3506, 3406, 3700, 4071, 3905, 3585, 4205, 2625, 4464, 4428, 4144, 3338, 3418, 3640, 3329, 4717, 3276, 5906, 3081, 2691, 2983, 5337, 3111, 3183, 3220, 3087, 3276, 2941, 3722, 3895, 4614, 5022, 5500, 5859, 5701, 6622, 5873, 5657, 6223, 5503, 6440, 6512, 6268, 6081, 6022, 6054, 5954, 5727, 5814, 5001, 5686, 4866, 5456, 3551, 5100, 6003, 4875, 4357, 5148, 5261, 5536, 5770, 5471, 5412, 5441, 5571, 5385, 5126, 4464, 5209, 4079, 4657, 5277, 5360, 5247, 5224, 5215, 4752, 5204, 5235, 5201, 4501, 4901, 4512, 3600, 3002, 3202, 3471, 2602, 2886, 3081, 4272, 3276, 2802, 3640, 4805, 3270, 3454, 2088, 2421, 1077, 1315, 1565, 2081, 1924, 2693, 1931, 2476, 2193, 2907, 2404, 2907, 2608, 3401, 2865, 3023, 2417, 2236, 2341, 1513, 2474, 4045, 2138, 1868, 1844, 2600, 1746, 1942, 1709, 1414, 1552, 1077, 1393, 3635, 1118, 1712, 1000, 700, 283, 1118],
        [728, 728, 0, 1442, 200, 3606, 1100, 1400, 1200, 632, 1414, 632, 1800, 1600, 1900, 1432, 2100, 2010, 2828, 2907, 2800, 2700, 3007, 3606, 3200, 2884, 3500, 1985, 3736, 3712, 3418, 2617, 2693, 2912, 2640, 4205, 2581, 5423, 2408, 2062, 2335, 5025, 2500, 2581, 2683, 2668, 2786, 2417, 3231, 3418, 4123, 4478, 4940, 5385, 5131, 6046, 5235, 5033, 5597, 5120, 5883, 5903, 5731, 5456, 5471, 5546, 5463, 5281, 5349, 4710, 5250, 4601, 4998, 3046, 4624, 5504, 4427, 3848, 4713, 5001, 5142, 5314, 5099, 5064, 5080, 5166, 5049, 4730, 4130, 5016, 3801, 4329, 5004, 5036, 5000, 5004, 5009, 4500, 5025, 5001, 5036, 4374, 4768, 4211, 3471, 2864, 3059, 3200, 2474, 2600, 2800, 3932, 3000, 2668, 3256, 4510, 2864, 3059, 1803, 1879, 854, 600, 1200, 1581, 1513, 2400, 1600, 1887, 1811, 2474, 1803, 2332, 1921, 3256, 2163, 2343, 1700, 1513, 1616, 800, 1746, 3801, 1414, 1140, 1118, 1879, 1020, 1217, 985, 700, 825, 361, 671, 2915, 424, 1000, 412, 200, 500, 400],
        [1404, 1404, 1442, 0, 1562, 4617, 2247, 2506, 2332, 1720, 2608, 1980, 2864, 2683, 2955, 2377, 3138, 3130, 3688, 3833, 3795, 3700, 4050, 2973, 4176, 3225, 4464, 2121, 4405, 4589, 4000, 3517, 3306, 3622, 2927, 3677, 2915, 4780, 2631, 2138, 2452, 4016, 2435, 2470, 2332, 1980, 2280, 2059, 2691, 2828, 3538, 4036, 4534, 4720, 4751, 5664, 5111, 4855, 5408, 4249, 5445, 5640, 5235, 5270, 5021, 4968, 4841, 4549, 4662, 3669, 4494, 3517, 4301, 2561, 3982, 4904, 3720, 3324, 3966, 3905, 4294, 4604, 4205, 4123, 4163, 4342, 4085, 3895, 3178, 3821, 2751, 3362, 3929, 4050, 3883, 3847, 3833, 3396, 3812, 3864, 3805, 3100, 3500, 3195, 2202, 1612, 1811, 2154, 1217, 1612, 1789, 2997, 1970, 1414, 2441, 3479, 2126, 2280, 922, 1676, 640, 1844, 800, 1334, 1044, 1442, 894, 1844, 1166, 1844, 1825, 2154, 2300, 2010, 2600, 2617, 2335, 2508, 2377, 2000, 2625, 2693, 2417, 2102, 2147, 2532, 2059, 2236, 1879, 1921, 1887, 1487, 1664, 3808, 1421, 2163, 1204, 1612, 1237, 1697],
        [922, 922, 200, 1562, 0, 3406, 900, 1200, 1000, 447, 1217, 447, 1600, 1400, 1700, 1237, 1900, 1811, 2631, 2707, 2600, 2500, 2807, 3544, 3000, 2720, 3300, 1860, 3544, 3513, 3231, 2419, 2508, 2720, 2484, 4123, 2421, 5349, 2263, 1942, 2202, 5009, 2385, 2470, 2600, 2631, 2720, 2341, 3162, 3353, 4050, 4383, 4837, 5314, 5025, 5936, 5099, 4904, 5467, 5080, 5780, 5780, 5636, 5326, 5371, 5463, 5385, 5220, 5281, 4701, 5192, 4601, 4934, 2973, 4554, 5423, 4368, 3770, 4657, 5001, 5099, 5250, 5064, 5036, 5049, 5120, 5025, 4687, 4111, 5036, 3801, 4310, 5000, 5016, 5004, 5016, 5025, 4504, 5049, 5009, 5064, 4415, 4805, 4201, 3517, 2912, 3105, 3206, 2530, 2608, 2807, 3912, 3007, 2720, 3225, 4501, 2828, 3027, 1825, 1803, 943, 400, 1217, 1530, 1500, 2408, 1612, 1789, 1800, 2433, 1700, 2236, 1769, 3298, 2000, 2193, 1526, 1315, 1432, 600, 1552, 3812, 1217, 949, 922, 1700, 825, 1020, 806, 500, 632, 224, 500, 2717, 316, 800, 412, 283, 700, 200],
        [4300, 4300, 3606, 4617, 3406, 0, 2508, 2209, 2408, 3027, 2200, 3000, 1811, 2010, 1712, 2256, 1513, 1600, 1000, 806, 825, 922, 600, 4327, 447, 2163, 224, 2860, 1200, 510, 1456, 1118, 1628, 1281, 2343, 4386, 2267, 5412, 2546, 2921, 2759, 6054, 3041, 3114, 3538, 4104, 3821, 3538, 4000, 4162, 4472, 4332, 4512, 5441, 4571, 5204, 4000, 4011, 4401, 5770, 5224, 4801, 5261, 4300, 4965, 5337, 5385, 5536, 5471, 5908, 5571, 5941, 5255, 3842, 4885, 5360, 4919, 4206, 5189, 6268, 5727, 5503, 5814, 5906, 5859, 5686, 5954, 5412, 5301, 6560, 5315, 5464, 6213, 6003, 6325, 6440, 6500, 5920, 6622, 6382, 6684, 6294, 6586, 5500, 5608, 5161, 5280, 4952, 4940, 4561, 4686, 5140, 4817, 5048, 4534, 5743, 4243, 4386, 4206, 3384, 4026, 3007, 3863, 3536, 3801, 4441, 4025, 3162, 3945, 3970, 3106, 3256, 2524, 5404, 2280, 2476, 2326, 2138, 2247, 2807, 1992, 5449, 2236, 2550, 2532, 2147, 2631, 2433, 2766, 2907, 2828, 3324, 3041, 860, 3338, 2608, 3551, 3600, 4105, 3206],
        [1811, 1811, 1100, 2247, 900, 2508, 0, 300, 100, 539, 361, 539, 700, 500, 800, 424, 1000, 922, 1746, 1811, 1700, 1600, 1910, 3401, 2100, 2062, 2400, 1513, 2693, 2617, 2419, 1530, 1720, 1879, 1887, 3864, 1803, 5099, 1746, 1612, 1772, 5036, 2040, 2138, 2402, 2648, 2602, 2202, 3002, 3202, 3833, 4052, 4460, 5080, 4624, 5504, 4549, 4391, 4940, 5000, 5385, 5284, 5281, 4802, 4998, 5166, 5120, 5036, 5064, 4768, 5025, 4707, 4738, 2802, 4342, 5142, 4211, 3536, 4510, 5099, 5001, 5049, 5001, 5009, 5004, 5004, 5016, 4600, 4144, 5220, 3929, 4342, 5080, 5025, 5120, 5166, 5192, 4632, 5250, 5142, 5281, 4701, 5070, 4276, 3847, 3276, 3448, 3384, 2941, 2823, 3008, 3946, 3195, 3106, 3239, 4571, 2844, 3041, 2163, 1726, 1612, 500, 1628, 1616, 1749, 2640, 1942, 1603, 2012, 2452, 1503, 2002, 1265, 3624, 1389, 1655, 894, 447, 721, 300, 721, 3985, 361, 300, 200, 1000, 224, 224, 447, 400, 361, 825, 583, 1825, 854, 100, 1077, 1118, 1600, 700],
        [2110, 2110, 1400, 2506, 1200, 2209, 300, 0, 200, 825, 200, 825, 400, 200, 500, 300, 700, 632, 1456, 1513, 1400, 1300, 1612, 3406, 1800, 1887, 2100, 1503, 2417, 2319, 2163, 1237, 1487, 1612, 1746, 3821, 1655, 5049, 1649, 1603, 1712, 5080, 2002, 2102, 2408, 2720, 2631, 2236, 3007, 3206, 3805, 3981, 4368, 5036, 4522, 5385, 4391, 4249, 4789, 5009, 5281, 5143, 5192, 4653, 4904, 5099, 5064, 5009, 5025, 4827, 5004, 4780, 4710, 2807, 4310, 5080, 4200, 3506, 4500, 5166, 5004, 5016, 5016, 5036, 5025, 5001, 5049, 4610, 4198, 5314, 4016, 4393, 5142, 5064, 5192, 5250, 5281, 4713, 5349, 5220, 5385, 4830, 5189, 4342, 3996, 3441, 3606, 3493, 3124, 2953, 3130, 4002, 3311, 3280, 3298, 4632, 2912, 3105, 2343, 1803, 1879, 800, 1844, 1749, 1921, 2778, 2126, 1649, 2163, 2530, 1552, 2010, 1204, 3774, 1265, 1552, 806, 224, 608, 600, 500, 4085, 200, 424, 361, 854, 447, 283, 640, 700, 632, 1118, 854, 1530, 1140, 400, 1360, 1414, 1900, 1000],
        [1910, 1910, 1200, 2332, 1000, 2408, 100, 200, 0, 632, 283, 632, 600, 400, 700, 361, 900, 825, 1649, 1712, 1600, 1500, 1811, 3400, 2000, 2000, 2300, 1503, 2600, 2518, 2332, 1432, 1640, 1789, 1836, 3847, 1749, 5080, 1709, 1603, 1746, 5049, 2022, 2121, 2400, 2668, 2608, 2209, 3000, 3200, 3821, 4026, 4427, 5064, 4588, 5463, 4494, 4342, 4888, 5001, 5349, 5235, 5250, 4751, 4965, 5142, 5099, 5025, 5049, 4785, 5016, 4730, 4727, 2800, 4329, 5120, 4205, 3523, 4504, 5120, 5000, 5036, 5004, 5016, 5009, 5001, 5025, 4601, 4159, 5250, 3956, 4357, 5099, 5036, 5142, 5192, 5220, 4657, 5281, 5166, 5314, 4742, 5108, 4295, 3895, 3329, 3499, 3418, 3000, 2864, 3046, 3962, 3231, 3162, 3256, 4589, 2864, 3059, 2220, 1746, 1700, 600, 1697, 1655, 1803, 2683, 2000, 1612, 2059, 2474, 1513, 2000, 1237, 3672, 1342, 1616, 854, 361, 671, 400, 640, 4016, 283, 316, 224, 943, 283, 200, 500, 500, 447, 922, 671, 1726, 949, 200, 1170, 1217, 1700, 800],
        [1360, 1360, 632, 1720, 447, 3027, 539, 825, 632, 0, 894, 400, 1217, 1020, 1315, 806, 1513, 1456, 2209, 2300, 2209, 2110, 2433, 3256, 2608, 2280, 2907, 1476, 3105, 3102, 2786, 2002, 2062, 2280, 2052, 3795, 1985, 5029, 1844, 1565, 1803, 4801, 2012, 2102, 2280, 2400, 2433, 2040, 2864, 3059, 3736, 4031, 4472, 5000, 4653, 5557, 4686, 4500, 5061, 4826, 5412, 5382, 5280, 4920, 5009, 5126, 5060, 4924, 4973, 4510, 4903, 4428, 4632, 2668, 4245, 5092, 4079, 3448, 4374, 4826, 4837, 4948, 4817, 4804, 4809, 4851, 4801, 4428, 3901, 4903, 3635, 4101, 4817, 4800, 4837, 4866, 4884, 4342, 4924, 4851, 4948, 4332, 4713, 4011, 3454, 2864, 3046, 3059, 2506, 2474, 2668, 3701, 2864, 2683, 3000, 4310, 2600, 2800, 1746, 1513, 1082, 200, 1166, 1304, 1360, 2280, 1523, 1456, 1649, 2200, 1360, 1897, 1345, 3231, 1562, 1769, 1082, 900, 985, 283, 1118, 3667, 800, 510, 500, 1253, 400, 600, 361, 224, 200, 300, 100, 2302, 316, 447, 539, 721, 1118, 283],
        [2100, 2100, 1414, 2608, 1217, 2200, 361, 200, 283, 894, 0, 800, 447, 283, 539, 500, 728, 600, 1523, 1552, 1414, 1315, 1600, 3606, 1811, 2059, 2110, 1703, 2506, 2354, 2280, 1300, 1628, 1720, 1931, 4020, 1838, 5247, 1844, 1803, 1910, 5277, 2202, 2302, 2608, 2912, 2828, 2433, 3206, 3406, 4005, 4177, 4561, 5235, 4713, 5571, 4565, 4428, 4965, 5209, 5471, 5323, 5385, 4830, 5096, 5295, 5261, 5209, 5224, 5022, 5204, 4973, 4909, 3007, 4510, 5277, 4400, 3705, 4700, 5360, 5204, 5215, 5215, 5235, 5224, 5201, 5247, 4809, 4393, 5503, 4206, 4589, 5337, 5261, 5385, 5441, 5471, 4904, 5536, 5412, 5571, 5009, 5371, 4535, 4168, 3606, 3774, 3677, 3280, 3130, 3311, 4198, 3493, 3441, 3493, 4827, 3105, 3298, 2500, 1992, 1972, 825, 1980, 1924, 2081, 2953, 2280, 1844, 2332, 2720, 1746, 2209, 1404, 3945, 1456, 1746, 1005, 412, 806, 632, 671, 4272, 400, 583, 500, 1044, 566, 447, 781, 728, 721, 1170, 943, 1581, 1208, 447, 1432, 1400, 1910, 1020],
        [1300, 1300, 632, 1980, 447, 3000, 539, 825, 632, 400, 800, 0, 1217, 1020, 1315, 943, 1513, 1400, 2280, 2335, 2209, 2110, 2400, 3650, 2608, 2546, 2907, 1838, 3231, 3140, 2953, 2062, 2247, 2417, 2343, 4176, 2267, 5412, 2163, 1931, 2147, 5201, 2377, 2470, 2668, 2800, 2828, 2433, 3256, 3453, 4123, 4401, 4833, 5385, 5009, 5906, 5000, 4826, 5382, 5224, 5770, 5714, 5646, 5243, 5371, 5503, 5441, 5315, 5360, 4909, 5295, 4826, 5022, 3059, 4632, 5471, 4472, 3833, 4768, 5224, 5235, 5337, 5215, 5204, 5209, 5247, 5201, 4826, 4301, 5295, 4031, 4501, 5215, 5200, 5235, 5261, 5277, 4738, 5315, 5247, 5337, 4713, 5096, 4410, 3828, 3231, 3418, 3453, 2864, 2864, 3059, 4101, 3256, 3046, 3400, 4710, 3000, 3200, 2119, 1910, 1345, 200, 1523, 1703, 1746, 2668, 1897, 1844, 2040, 2600, 1746, 2280, 1664, 3606, 1844, 2081, 1345, 985, 1204, 283, 1253, 4061, 894, 707, 640, 1487, 566, 721, 671, 224, 447, 500, 500, 2354, 583, 447, 781, 600, 1118, 283],
        [2508, 2508, 1800, 2864, 1600, 1811, 700, 400, 600, 1217, 447, 1217, 0, 200, 100, 500, 300, 283, 1077, 1118, 1000, 900, 1217, 3453, 1400, 1709, 1700, 1581, 2059, 1924, 1844, 854, 1221, 1281, 1628, 3800, 1530, 5009, 1600, 1676, 1712, 5166, 2022, 2121, 2474, 2864, 2720, 2341, 3059, 3256, 3805, 3920, 4276, 5004, 4415, 5250, 4205, 4085, 4610, 5049, 5166, 4977, 5099, 4478, 4805, 5036, 5016, 5001, 5001, 4934, 5004, 4904, 4701, 2864, 4301, 5025, 4219, 3506, 4518, 5281, 5036, 5000, 5064, 5099, 5080, 5025, 5120, 4653, 4301, 5463, 4163, 4492, 5250, 5142, 5314, 5385, 5423, 4847, 5504, 5349, 5546, 5025, 5371, 4460, 4220, 3688, 3842, 3672, 3394, 3162, 3329, 4111, 3499, 3538, 3418, 4743, 3046, 3231, 2617, 1972, 2247, 1200, 2163, 1985, 2193, 3000, 2408, 1789, 2408, 2683, 1700, 2088, 1237, 4000, 1200, 1500, 854, 361, 671, 1000, 412, 4249, 447, 762, 728, 806, 825, 632, 985, 1100, 1020, 1513, 1237, 1140, 1530, 800, 1746, 1811, 2300, 1400],
        [2309, 2309, 1600, 2683, 1400, 2010, 500, 200, 400, 1020, 283, 1020, 200, 0, 300, 361, 500, 447, 1265, 1315, 1200, 1100, 1414, 3423, 1600, 1789, 1900, 1530, 2236, 2121, 2000, 1044, 1345, 1442, 1676, 3805, 1581, 5025, 1612, 1628, 1700, 5120, 2002, 2102, 2433, 2786, 2668, 2280, 3027, 3225, 3800, 3946, 4317, 5016, 4464, 5314, 4294, 4163, 4696, 5025, 5220, 5057, 5142, 4562, 4851, 5064, 5036, 5001, 5009, 4876, 5000, 4838, 4701, 2828, 4301, 5049, 4205, 3500, 4504, 5220, 5016, 5004, 5036, 5064, 5049, 5009, 5080, 4627, 4245, 5385, 4085, 4438, 5192, 5099, 5250, 5314, 5349, 4776, 5423, 5281, 5463, 4924, 5277, 4397, 4105, 3561, 3720, 3578, 3256, 3053, 3225, 4052, 3400, 3406, 3353, 4684, 2973, 3162, 2476, 1879, 2062, 1000, 2000, 1860, 2052, 2884, 2263, 1709, 2280, 2600, 1616, 2040, 1204, 3883, 1217, 1513, 806, 224, 608, 800, 412, 4163, 283, 583, 539, 806, 632, 447, 806, 900, 825, 1315, 1044, 1334, 1334, 600, 1552, 1612, 2100, 1200],
        [2608, 2608, 1900, 2955, 1700, 1712, 800, 500, 700, 1315, 539, 1315, 100, 300, 0, 583, 200, 224, 985, 1020, 900, 800, 1118, 3471, 1300, 1676, 1600, 1616, 1972, 1825, 1769, 762, 1166, 1204, 1612, 3801, 1513, 5004, 1603, 1709, 1726, 5192, 2040, 2138, 2500, 2907, 2751, 2377, 3081, 3276, 3812, 3912, 4258, 5001, 4393, 5220, 4163, 4050, 4569, 5064, 5142, 4940, 5080, 4438, 4785, 5025, 5009, 5004, 5000, 4965, 5009, 4940, 4704, 2886, 4305, 5016, 4230, 3513, 4528, 5314, 5049, 5001, 5080, 5120, 5099, 5036, 5142, 4669, 4332, 5504, 4205, 4522, 5281, 5166, 5349, 5423, 5463, 4885, 5546, 5385, 5590, 5077, 5420, 4494, 4280, 3754, 3905, 3722, 3466, 3220, 3384, 4144, 3551, 3607, 3454, 4776, 3087, 3270, 2691, 2025, 2341, 1300, 2247, 2052, 2267, 3061, 2484, 1836, 2476, 2729, 1749, 2119, 1265, 4061, 1204, 1503, 894, 447, 721, 1100, 447, 4294, 539, 854, 825, 825, 922, 728, 1077, 1200, 1118, 1612, 1334, 1044, 1628, 900, 1844, 1910, 2400, 1500],
        [2159, 2159, 1432, 2377, 1237, 2256, 424, 300, 361, 806, 500, 943, 500, 361, 583, 0, 762, 781, 1404, 1503, 1432, 1334, 1676, 3106, 1825, 1640, 2121, 1204, 2309, 2300, 2012, 1200, 1304, 1487, 1476, 3523, 1389, 4752, 1360, 1304, 1414, 4785, 1703, 1803, 2110, 2435, 2335, 1942, 2707, 2907, 3506, 3688, 4080, 4738, 4238, 5108, 4134, 3982, 4528, 4710, 4998, 4876, 4904, 4391, 4617, 4805, 4768, 4710, 4727, 4535, 4704, 4492, 4410, 2508, 4011, 4785, 3900, 3206, 4200, 4876, 4704, 4717, 4717, 4738, 4727, 4701, 4752, 4310, 3905, 5033, 3734, 4100, 4851, 4768, 4904, 4965, 4998, 4427, 5070, 4934, 5108, 4565, 4919, 4052, 3744, 3202, 3360, 3220, 2900, 2693, 2865, 3711, 3041, 3048, 3008, 4342, 2625, 2816, 2121, 1523, 1772, 854, 1664, 1500, 1697, 2524, 1910, 1360, 1921, 2247, 1265, 1712, 906, 3523, 985, 1265, 510, 141, 316, 671, 316, 3808, 100, 300, 316, 583, 412, 224, 510, 762, 608, 1105, 800, 1500, 1100, 500, 1304, 1487, 1924, 1044],
        [2807, 2807, 2100, 3138, 1900, 1513, 1000, 700, 900, 1513, 728, 1513, 300, 500, 200, 762, 0, 224, 806, 825, 700, 600, 922, 3517, 1100, 1628, 1400, 1700, 1803, 1628, 1628, 583, 1077, 1063, 1600, 3812, 1500, 5000, 1628, 1789, 1772, 5250, 2088, 2184, 2563, 3002, 2823, 2460, 3132, 3324, 3833, 3901, 4230, 5001, 4357, 5166, 4085, 3985, 4494, 5099, 5099, 4870, 5049, 4366, 4752, 5009, 5001, 5016, 5004, 5033, 5025, 5016, 4717, 2941, 4319, 5004, 4258, 3536, 4554, 5385, 5080, 5009, 5120, 5166, 5142, 5064, 5192, 4707, 4401, 5590, 4294, 4588, 5349, 5220, 5423, 5504, 5546, 4966, 5636, 5463, 5682, 5187, 5523, 4569, 4405, 3890, 4036, 3828, 3612, 3342, 3500, 4215, 3662, 3748, 3534, 4847, 3176, 3354, 2843, 2140, 2530, 1500, 2419, 2193, 2421, 3189, 2640, 1942, 2617, 2830, 1860, 2193, 1342, 4187, 1237, 1530, 1000, 632, 849, 1300, 566, 4391, 728, 1044, 1020, 894, 1118, 922, 1265, 1400, 1315, 1811, 1530, 854, 1825, 1100, 2040, 2110, 2600, 1700],
        [2700, 2700, 2010, 3130, 1811, 1600, 922, 632, 825, 1456, 600, 1400, 283, 447, 224, 781, 224, 0, 1000, 985, 825, 728, 1000, 3688, 1217, 1844, 1513, 1838, 2000, 1772, 1844, 781, 1300, 1281, 1803, 4005, 1703, 5201, 1811, 1931, 1942, 5412, 2256, 2354, 2720, 3130, 2973, 2600, 3298, 3493, 4020, 4105, 4441, 5200, 4571, 5385, 4308, 4206, 4717, 5277, 5315, 5092, 5261, 4588, 4965, 5215, 5204, 5209, 5201, 5187, 5215, 5162, 4909, 3105, 4510, 5209, 4441, 3722, 4738, 5536, 5261, 5204, 5295, 5337, 5315, 5247, 5360, 4884, 4554, 5727, 4428, 4743, 5503, 5385, 5571, 5646, 5686, 5108, 5770, 5608, 5814, 5300, 5644, 4717, 4500, 3970, 4123, 3945, 3677, 3441, 3606, 4366, 3774, 3821, 3677, 4998, 3311, 3493, 2900, 2247, 2508, 1414, 2441, 2267, 2476, 3280, 2691, 2059, 2691, 2953, 1972, 2341, 1487, 4280, 1414, 1712, 1118, 640, 943, 1217, 671, 4518, 721, 1030, 985, 1044, 1077, 894, 1253, 1315, 1265, 1746, 1487, 1030, 1772, 1020, 1992, 2000, 2508, 1612],
        [3551, 3551, 2828, 3688, 2631, 1000, 1746, 1456, 1649, 2209, 1523, 2280, 1077, 1265, 985, 1404, 806, 1000, 0, 224, 400, 412, 632, 3400, 566, 1265, 806, 1860, 1000, 906, 894, 224, 671, 400, 1389, 3544, 1304, 4653, 1562, 1921, 1769, 5143, 2062, 2140, 2561, 3111, 2843, 2546, 3053, 3225, 3606, 3551, 3805, 4669, 3900, 4639, 3493, 3437, 3905, 4904, 4610, 4295, 4600, 3785, 4300, 4617, 4639, 4730, 4687, 4974, 4754, 4993, 4438, 2884, 4052, 4627, 4050, 3324, 4332, 5334, 4870, 4707, 4940, 5016, 4977, 4838, 5057, 4531, 4357, 5604, 4342, 4528, 5284, 5099, 5385, 5492, 5547, 4965, 5661, 5438, 5720, 5308, 5608, 4549, 4610, 4162, 4280, 3960, 3945, 3561, 3688, 4188, 3821, 4050, 3561, 4802, 3256, 3406, 3220, 2385, 3126, 2236, 2912, 2550, 2823, 3441, 3046, 2163, 2953, 2973, 2110, 2263, 1526, 4405, 1281, 1487, 1360, 1315, 1315, 2040, 1100, 4469, 1414, 1703, 1712, 1170, 1811, 1612, 1900, 2138, 2010, 2508, 2202, 141, 2502, 1844, 2700, 2864, 3324, 2433],
        [3622, 3622, 2907, 3833, 2707, 806, 1811, 1513, 1712, 2300, 1552, 2335, 1118, 1315, 1020, 1503, 825, 985, 224, 0, 224, 283, 412, 3624, 361, 1487, 632, 2062, 1063, 806, 1044, 316, 894, 608, 1612, 3764, 1526, 4866, 1780, 2126, 1985, 5367, 2280, 2360, 2780, 3324, 3061, 2759, 3276, 3448, 3828, 3766, 4011, 4884, 4101, 4826, 3667, 3622, 4079, 5126, 4804, 4472, 4801, 3962, 4501, 4826, 4851, 4948, 4903, 5197, 4973, 5215, 4657, 3106, 4272, 4837, 4272, 3547, 4554, 5557, 5092, 4924, 5162, 5239, 5200, 5060, 5280, 4754, 4579, 5825, 4561, 4751, 5507, 5323, 5608, 5714, 5769, 5187, 5882, 5660, 5941, 5523, 5826, 4771, 4817, 4360, 4482, 4173, 4134, 3764, 3895, 4410, 4031, 4244, 3780, 5025, 3471, 3624, 3400, 2581, 3256, 2309, 3068, 2729, 2997, 3640, 3220, 2360, 3138, 3183, 2302, 2476, 1720, 4610, 1487, 1703, 1523, 1400, 1456, 2110, 1217, 4686, 1500, 1803, 1800, 1342, 1900, 1700, 2010, 2209, 2100, 2600, 2302, 100, 2602, 1910, 2807, 2927, 3406, 2508],
        [3506, 3506, 2800, 3795, 2600, 825, 1700, 1400, 1600, 2209, 1414, 2209, 1000, 1200, 900, 1432, 700, 825, 400, 224, 0, 100, 283, 3758, 400, 1649, 700, 2121, 1281, 949, 1265, 361, 1044, 800, 1746, 3929, 1655, 5049, 1887, 2193, 2081, 5504, 2385, 2470, 2884, 3406, 3162, 2843, 3400, 3578, 3985, 3946, 4205, 5064, 4300, 5036, 3883, 3833, 4295, 5281, 5009, 4687, 5000, 4177, 4700, 5016, 5036, 5120, 5080, 5324, 5142, 5334, 4827, 3225, 4438, 5025, 4427, 3700, 4713, 5682, 5250, 5099, 5314, 5385, 5349, 5220, 5423, 4904, 4701, 5936, 4662, 4876, 5636, 5463, 5731, 5831, 5883, 5300, 5991, 5780, 6046, 5608, 5920, 4888, 4880, 4405, 4534, 4252, 4162, 3821, 3960, 4528, 4104, 4280, 3883, 5148, 3561, 3720, 3413, 2625, 3202, 2200, 3046, 2746, 3002, 3688, 3225, 2408, 3162, 3256, 2343, 2561, 1769, 4669, 1562, 1803, 1526, 1315, 1432, 2000, 1170, 4780, 1414, 1726, 1712, 1360, 1811, 1612, 1942, 2100, 2010, 2508, 2220, 316, 2518, 1800, 2729, 2807, 3300, 2400],
        [3406, 3406, 2700, 3700, 2500, 922, 1600, 1300, 1500, 2110, 1315, 2110, 900, 1100, 800, 1334, 600, 728, 412, 283, 100, 0, 361, 3716, 500, 1628, 800, 2052, 1345, 1044, 1300, 316, 1020, 806, 1709, 3905, 1616, 5036, 1836, 2126, 2025, 5463, 2332, 2419, 2830, 3342, 3106, 2780, 3354, 3534, 3956, 3932, 4201, 5049, 4301, 5049, 3905, 3847, 4317, 5250, 5016, 4707, 5001, 4198, 4701, 5009, 5025, 5099, 5064, 5277, 5120, 5284, 4805, 3176, 4415, 5016, 4397, 3669, 4684, 5636, 5220, 5080, 5281, 5349, 5314, 5192, 5385, 4870, 4653, 5883, 4604, 4830, 5590, 5423, 5682, 5780, 5831, 5248, 5936, 5731, 5991, 5544, 5860, 4837, 4808, 4328, 4460, 4187, 4080, 3748, 3890, 4478, 4036, 4201, 3828, 5100, 3500, 3662, 3329, 2550, 3105, 2100, 2955, 2663, 2915, 3612, 3138, 2335, 3081, 3189, 2267, 2500, 1697, 4597, 1500, 1749, 1442, 1217, 1342, 1900, 1077, 4720, 1315, 1628, 1612, 1281, 1712, 1513, 1844, 2000, 1910, 2408, 2121, 361, 2419, 1700, 2631, 2707, 3200, 2300],
        [3700, 3700, 3007, 4050, 2807, 600, 1910, 1612, 1811, 2433, 1600, 2400, 1217, 1414, 1118, 1676, 922, 1000, 632, 412, 283, 361, 0, 4025, 283, 1897, 539, 2404, 1342, 860, 1414, 640, 1300, 1020, 2012, 4176, 1924, 5277, 2163, 2476, 2360, 5770, 2663, 2746, 3162, 3688, 3441, 3124, 3672, 3847, 4238, 4177, 4418, 5295, 4504, 5215, 4045, 4011, 4455, 5536, 5201, 4851, 5204, 4342, 4904, 5235, 5261, 5360, 5315, 5595, 5385, 5608, 5070, 3499, 4684, 5247, 4682, 3956, 4965, 5954, 5503, 5337, 5571, 5646, 5608, 5471, 5686, 5162, 4974, 6213, 4941, 5148, 5906, 5727, 6003, 6106, 6159, 5576, 6268, 6054, 6325, 5890, 6201, 5162, 5162, 4686, 4817, 4534, 4441, 4104, 4243, 4802, 4386, 4561, 4162, 5420, 3842, 4000, 3689, 2907, 3448, 2408, 3311, 3023, 3276, 3970, 3499, 2691, 3441, 3538, 2625, 2843, 2052, 4952, 1844, 2081, 1803, 1552, 1700, 2209, 1432, 5061, 1649, 1965, 1942, 1640, 2040, 1844, 2184, 2309, 2236, 2729, 2452, 510, 2746, 2010, 2961, 3000, 3506, 2608],
        [4071, 4071, 3606, 2973, 3544, 4327, 3401, 3406, 3400, 3256, 3606, 3650, 3453, 3423, 3471, 3106, 3517, 3688, 3400, 3624, 3758, 3716, 4025, 0, 3945, 2163, 4105, 1903, 3394, 3982, 2973, 3401, 2729, 3053, 2012, 721, 2102, 1836, 1897, 1803, 1746, 1746, 1432, 1334, 1000, 1000, 825, 1217, 400, 200, 566, 1118, 1612, 1789, 1836, 2720, 2433, 2138, 2625, 1603, 2484, 2773, 2263, 2500, 2062, 2000, 1887, 1676, 1746, 1581, 1649, 1628, 1393, 600, 1030, 1942, 825, 412, 1118, 1942, 1600, 1709, 1612, 1649, 1628, 1603, 1676, 1204, 990, 2263, 1170, 1140, 1887, 1709, 2000, 2126, 2193, 1628, 2335, 2062, 2408, 2193, 2385, 1204, 1900, 1897, 1844, 1217, 2059, 1442, 1342, 860, 1265, 1970, 632, 1421, 849, 721, 2062, 1746, 3002, 3453, 2506, 2025, 2147, 1562, 2163, 1811, 1887, 1166, 1910, 1400, 2220, 1811, 2280, 1992, 2617, 3214, 2816, 3423, 3041, 1360, 3206, 3102, 3202, 2648, 3206, 3200, 3015, 3437, 3225, 3324, 3158, 3536, 3228, 3406, 3195, 3795, 3801, 3493],
        [3905, 3905, 3200, 4176, 3000, 447, 2100, 1800, 2000, 2608, 1811, 2608, 1400, 1600, 1300, 1825, 1100, 1217, 566, 361, 400, 500, 283, 3945, 0, 1789, 300, 2421, 1077, 583, 1200, 671, 1221, 894, 1942, 4050, 1860, 5120, 2126, 2484, 2335, 5682, 2625, 2702, 3124, 3677, 3406, 3111, 3606, 3774, 4123, 4026, 4243, 5142, 4319, 5004, 3821, 3801, 4230, 5423, 5001, 4627, 5016, 4119, 4717, 5064, 5099, 5220, 5166, 5523, 5250, 5547, 4934, 3441, 4554, 5080, 4569, 3848, 4847, 5883, 5385, 5192, 5463, 5546, 5504, 5349, 5590, 5057, 4909, 6161, 4904, 5077, 5831, 5636, 5936, 6046, 6103, 5522, 6220, 5991, 6280, 5873, 6172, 5104, 5174, 4720, 4841, 4525, 4494, 4123, 4252, 4743, 4386, 4604, 4123, 5354, 3821, 3970, 3759, 2941, 3590, 2600, 3418, 3089, 3354, 4000, 3578, 2720, 3499, 3538, 2663, 2828, 2081, 4968, 1844, 2052, 1879, 1712, 1803, 2400, 1552, 5033, 1811, 2121, 2110, 1700, 2209, 2010, 2335, 2500, 2408, 2907, 2617, 424, 2915, 2200, 3126, 3206, 3700, 2800],
        [3585, 3585, 2884, 3225, 2720, 2163, 2062, 1887, 2000, 2280, 2059, 2546, 1709, 1789, 1676, 1640, 1628, 1844, 1265, 1487, 1649, 1628, 1897, 2163, 1789, 0, 1942, 1105, 1342, 1838, 894, 1315, 608, 894, 300, 2280, 316, 3413, 600, 1100, 806, 3895, 985, 1030, 1442, 2059, 1720, 1523, 1844, 2000, 2341, 2309, 2608, 3423, 2729, 3544, 2506, 2377, 2907, 3640, 3471, 3270, 3423, 2773, 3126, 3400, 3406, 3471, 3437, 3744, 3493, 3780, 3178, 1697, 2789, 3401, 2786, 2062, 3068, 4105, 3606, 3453, 3677, 3758, 3716, 3574, 3801, 3270, 3140, 4405, 3183, 3302, 4050, 3847, 4162, 4280, 4342, 3764, 4469, 4220, 4534, 4187, 4455, 3342, 3585, 3231, 3311, 2884, 3105, 2600, 2683, 2983, 2778, 3162, 2408, 3581, 2163, 2280, 2508, 1603, 2816, 2408, 2433, 1903, 2202, 2530, 2400, 1400, 2209, 1970, 1404, 1265, 985, 3400, 721, 608, 1204, 1664, 1345, 2263, 1389, 3330, 1720, 1838, 1910, 1063, 1980, 1844, 1921, 2335, 2126, 2524, 2220, 1393, 2470, 2126, 2594, 3000, 3312, 2561],
        [4205, 4205, 3500, 4464, 3300, 224, 2400, 2100, 2300, 2907, 2110, 2907, 1700, 1900, 1600, 2121, 1400, 1513, 806, 632, 700, 800, 539, 4105, 300, 1942, 0, 2663, 1005, 361, 1237, 949, 1414, 1063, 2126, 4163, 2052, 5192, 2335, 2720, 2550, 5831, 2828, 2900, 3324, 3895, 3607, 3330, 3780, 3941, 4249, 4111, 4295, 5220, 4357, 5001, 3801, 3805, 4205, 5546, 5016, 4604, 5049, 4101, 4752, 5120, 5166, 5314, 5250, 5686, 5349, 5720, 5033, 3624, 4662, 5142, 4696, 3982, 4966, 6046, 5504, 5281, 5590, 5682, 5636, 5463, 5731, 5188, 5080, 6341, 5099, 5243, 5991, 5780, 6103, 6220, 6280, 5701, 6403, 6161, 6466, 6081, 6370, 5280, 5404, 4965, 5080, 4742, 4751, 4360, 4482, 4920, 4610, 4855, 4319, 5522, 4031, 4173, 4025, 3191, 3883, 2900, 3700, 3354, 3625, 4244, 3848, 2968, 3759, 3764, 2915, 3048, 2332, 5201, 2081, 2267, 2154, 2010, 2088, 2700, 1844, 5235, 2110, 2419, 2408, 1970, 2508, 2309, 2631, 2800, 2707, 3206, 2915, 671, 3214, 2500, 3423, 3506, 4000, 3100],
        [2625, 2625, 1985, 2121, 1860, 2860, 1513, 1503, 1503, 1476, 1703, 1838, 1581, 1530, 1616, 1204, 1700, 1838, 1860, 2062, 2121, 2052, 2404, 1903, 2421, 1105, 2663, 0, 2354, 2683, 1924, 1769, 1300, 1655, 806, 2354, 800, 3590, 510, 100, 361, 3590, 539, 632, 906, 1304, 1140, 762, 1503, 1703, 2319, 2563, 2997, 3569, 3176, 4082, 3253, 3048, 3612, 3506, 3936, 3920, 3808, 3471, 3534, 3669, 3614, 3523, 3551, 3353, 3513, 3324, 3225, 1304, 2828, 3640, 2702, 2022, 3002, 3700, 3501, 3536, 3513, 3536, 3523, 3500, 3551, 3106, 2720, 3891, 2594, 2912, 3669, 3569, 3734, 3808, 3848, 3270, 3936, 3770, 3982, 3500, 3828, 2879, 2759, 2302, 2421, 2140, 2102, 1703, 1838, 2530, 1985, 2195, 1838, 3162, 1476, 1655, 1432, 539, 1746, 1655, 1334, 800, 1100, 1581, 1304, 316, 1140, 1140, 300, 510, 361, 2550, 583, 500, 728, 1315, 922, 1581, 1170, 2693, 1304, 1217, 1315, 806, 1334, 1304, 1170, 1616, 1393, 1640, 1389, 2000, 1562, 1530, 1628, 2140, 2343, 1749],
        [4464, 4464, 3736, 4405, 3544, 1200, 2693, 2417, 2600, 3105, 2506, 3231, 2059, 2236, 1972, 2309, 1803, 2000, 1000, 1063, 1281, 1345, 1342, 3394, 1077, 1342, 1005, 2354, 0, 707, 447, 1221, 1100, 825, 1616, 3329, 1581, 4272, 1897, 2377, 2119, 5061, 2326, 2371, 2778, 3400, 3053, 2864, 3124, 3256, 3441, 3220, 3353, 4308, 3396, 4005, 2800, 2816, 3202, 4717, 4031, 3601, 4079, 3100, 3785, 4176, 4238, 4428, 4346, 4958, 4472, 5021, 4159, 3000, 3808, 4206, 3883, 3202, 4134, 5315, 4665, 4386, 4771, 4883, 4826, 4614, 4941, 4383, 4384, 5657, 4482, 4528, 5250, 5000, 5381, 5517, 5587, 5021, 5728, 5449, 5800, 5500, 5749, 4597, 4924, 4569, 4652, 4219, 4427, 3940, 4025, 4245, 4118, 4494, 3720, 4810, 3499, 3606, 3785, 2886, 3905, 3162, 3606, 3140, 3437, 3863, 3650, 2668, 3493, 3311, 2648, 2600, 2110, 4741, 1811, 1868, 2110, 2247, 2138, 2973, 1992, 4640, 2341, 2596, 2625, 1910, 2720, 2530, 2766, 3068, 2912, 3396, 3081, 990, 3373, 2786, 3551, 3795, 4220, 3353],
        [4428, 4428, 3712, 4589, 3513, 510, 2617, 2319, 2518, 3102, 2354, 3140, 1924, 2121, 1825, 2300, 1628, 1772, 906, 806, 949, 1044, 860, 3982, 583, 1838, 361, 2683, 707, 0, 1030, 1100, 1389, 1030, 2062, 3982, 2000, 4965, 2302, 2729, 2524, 5686, 2780, 2843, 3265, 3860, 3547, 3302, 3680, 3829, 4082, 3900, 4052, 4998, 4100, 4710, 3501, 3523, 3900, 5371, 4738, 4300, 4785, 3801, 4491, 4876, 4934, 5108, 5033, 5561, 5148, 5608, 4833, 3536, 4472, 4904, 4528, 3828, 4789, 5920, 5324, 5070, 5420, 5523, 5471, 5277, 5576, 5025, 4968, 6237, 5021, 5122, 5860, 5630, 5982, 6107, 6172, 5597, 6303, 6044, 6370, 6021, 6294, 5174, 5382, 4974, 5077, 4701, 4785, 4357, 4465, 4817, 4580, 4876, 4245, 5404, 3982, 4111, 4085, 3220, 4031, 3114, 3808, 3418, 3700, 4254, 3922, 2997, 3808, 3744, 2955, 3023, 2377, 5187, 2102, 2247, 2256, 2202, 2220, 2915, 2002, 5166, 2302, 2600, 2602, 2062, 2702, 2502, 2802, 3015, 2902, 3401, 3100, 800, 3400, 2717, 3601, 3734, 4211, 3314],
        [4144, 4144, 3418, 4000, 3231, 1456, 2419, 2163, 2332, 2786, 2280, 2953, 1844, 2000, 1769, 2012, 1628, 1844, 894, 1044, 1265, 1300, 1414, 2973, 1200, 894, 1237, 1924, 447, 1030, 0, 1082, 728, 566, 1170, 2953, 1140, 3956, 1456, 1942, 1676, 4662, 1879, 1924, 2332, 2953, 2608, 2417, 2691, 2828, 3053, 2879, 3059, 3985, 3126, 3805, 2631, 2602, 3041, 4342, 3801, 3437, 3821, 2927, 3523, 3883, 3929, 4085, 4016, 4545, 4123, 4601, 3808, 2561, 3444, 3905, 3499, 2802, 3759, 4904, 4294, 4050, 4391, 4494, 4442, 4249, 4549, 3996, 3962, 5235, 4046, 4111, 4841, 4604, 4968, 5099, 5166, 4597, 5304, 5033, 5374, 5061, 5315, 4173, 4478, 4123, 4205, 3774, 3985, 3493, 3578, 3818, 3672, 4050, 3280, 4393, 3053, 3162, 3354, 2452, 3523, 2864, 3200, 2717, 3015, 3418, 3225, 2236, 3059, 2864, 2220, 2154, 1700, 4294, 1400, 1432, 1746, 1972, 1803, 2683, 1700, 4201, 2059, 2285, 2326, 1552, 2417, 2236, 2435, 2773, 2600, 3068, 2751, 949, 3036, 2506, 3202, 3493, 3890, 3046],
        [3338, 3338, 2617, 3517, 2419, 1118, 1530, 1237, 1432, 2002, 1300, 2062, 854, 1044, 762, 1200, 583, 781, 224, 316, 361, 316, 640, 3401, 671, 1315, 949, 1769, 1221, 1100, 1082, 0, 707, 539, 1393, 3590, 1300, 4727, 1526, 1838, 1720, 5148, 2025, 2110, 2524, 3048, 2802, 2484, 3041, 3220, 3640, 3622, 3900, 4738, 4005, 4768, 3640, 3569, 4052, 4934, 4727, 4438, 4704, 3929, 4405, 4704, 4717, 4785, 4752, 4965, 4805, 4974, 4491, 2865, 4100, 4710, 4080, 3353, 4368, 5324, 4904, 4768, 4965, 5033, 4998, 4876, 5070, 4554, 4342, 5576, 4301, 4518, 5277, 5108, 5371, 5471, 5523, 4940, 5630, 5420, 5686, 5250, 5561, 4528, 4528, 4061, 4187, 3895, 3828, 3471, 3607, 4168, 3748, 3941, 3523, 4789, 3202, 3360, 3089, 2280, 2943, 2022, 2751, 2419, 2683, 3342, 2907, 2062, 2830, 2900, 2000, 2202, 1421, 4319, 1204, 1442, 1208, 1105, 1140, 1825, 906, 4420, 1204, 1500, 1503, 1030, 1603, 1404, 1703, 1924, 1803, 2302, 2000, 300, 2300, 1628, 2502, 2648, 3114, 2220],
        [3418, 3418, 2693, 3306, 2508, 1628, 1720, 1487, 1640, 2062, 1628, 2247, 1221, 1345, 1166, 1304, 1077, 1300, 671, 894, 1044, 1020, 1300, 2729, 1221, 608, 1414, 1300, 1100, 1389, 728, 707, 0, 361, 721, 2886, 640, 4020, 922, 1342, 1140, 4472, 1414, 1487, 1910, 2484, 2193, 1921, 2385, 2555, 2941, 2915, 3202, 4031, 3314, 4100, 3008, 2912, 3418, 4238, 4045, 3795, 4011, 3289, 3712, 4001, 4011, 4079, 4045, 4305, 4100, 4327, 3785, 2220, 3396, 4005, 3384, 2657, 3669, 4665, 4206, 4061, 4272, 4346, 4308, 4176, 4386, 3863, 3689, 4941, 3688, 3859, 4614, 4428, 4717, 4826, 4883, 4301, 5000, 4771, 5061, 4667, 4958, 3883, 4000, 3585, 3689, 3330, 3401, 2968, 3081, 3523, 3202, 3489, 2907, 4134, 2617, 2759, 2720, 1838, 2807, 2147, 2508, 2062, 2354, 2865, 2571, 1616, 2435, 2360, 1581, 1640, 1020, 3801, 728, 860, 1020, 1281, 1077, 1972, 1000, 3821, 1360, 1565, 1612, 825, 1700, 1526, 1709, 2059, 1879, 2341, 2025, 806, 2309, 1803, 2474, 2773, 3162, 2326],
        [3640, 3640, 2912, 3622, 2720, 1281, 1879, 1612, 1789, 2280, 1720, 2417, 1281, 1442, 1204, 1487, 1063, 1281, 400, 608, 800, 806, 1020, 3053, 894, 894, 1063, 1655, 825, 1030, 566, 539, 361, 0, 1063, 3162, 990, 4258, 1281, 1700, 1500, 4789, 1769, 1838, 2263, 2843, 2546, 2280, 2720, 2884, 3231, 3158, 3406, 4276, 3500, 4243, 3105, 3041, 3517, 4531, 4211, 3905, 4200, 3396, 3900, 4219, 4243, 4342, 4295, 4632, 4368, 4662, 4052, 2561, 3669, 4230, 3677, 2955, 3956, 4993, 4494, 4317, 4569, 4652, 4610, 4460, 4696, 4163, 4022, 5280, 4036, 4188, 4940, 4741, 5048, 5161, 5220, 4640, 5341, 5104, 5404, 5021, 5308, 4220, 4360, 3945, 4050, 3688, 3758, 3329, 3441, 3860, 3561, 3847, 3256, 4465, 2973, 3111, 3068, 2193, 3100, 2341, 2828, 2404, 2693, 3225, 2912, 1970, 2786, 2720, 1931, 2000, 1360, 4162, 1077, 1221, 1300, 1432, 1315, 2154, 1170, 4173, 1523, 1772, 1803, 1100, 1897, 1709, 1942, 2247, 2088, 2571, 2256, 510, 2550, 1970, 2729, 2973, 3396, 2530],
        [3329, 3329, 2640, 2927, 2484, 2343, 1887, 1746, 1836, 2052, 1931, 2343, 1628, 1676, 1612, 1476, 1600, 1803, 1389, 1612, 1746, 1709, 2012, 2012, 1942, 300, 2126, 806, 1616, 2062, 1170, 1393, 721, 1063, 0, 2220, 100, 3400, 300, 800, 510, 3758, 721, 781, 1204, 1803, 1487, 1253, 1664, 1836, 2256, 2302, 2648, 3401, 2789, 3640, 2663, 2506, 3053, 3544, 3544, 3400, 3471, 2915, 3178, 3413, 3401, 3423, 3406, 3585, 3437, 3606, 3126, 1500, 2729, 3406, 2693, 1965, 2983, 3945, 3517, 3413, 3574, 3640, 3606, 3493, 3677, 3162, 2968, 4220, 2973, 3138, 3895, 3716, 3996, 4105, 4162, 3581, 4280, 4050, 4342, 3962, 4245, 3162, 3329, 2955, 3041, 2640, 2816, 2326, 2419, 2802, 2524, 2879, 2193, 3413, 1921, 2052, 2209, 1304, 2530, 2193, 2138, 1603, 1903, 2247, 2100, 1100, 1910, 1700, 1105, 985, 721, 3138, 500, 316, 1000, 1523, 1166, 2062, 1265, 3111, 1565, 1640, 1720, 894, 1780, 1664, 1697, 2126, 1910, 2280, 1985, 1526, 2220, 1942, 2332, 2766, 3053, 2335],
        [4717, 4717, 4205, 3677, 4123, 4386, 3864, 3821, 3847, 3795, 4020, 4176, 3800, 3805, 3801, 3523, 3812, 4005, 3544, 3764, 3929, 3905, 4176, 721, 4050, 2280, 4163, 2354, 3329, 3982, 2953, 3590, 2886, 3162, 2220, 0, 2319, 1237, 2200, 2256, 2110, 1769, 1825, 1726, 1523, 1697, 1442, 1789, 1000, 849, 200, 412, 894, 1217, 1118, 2000, 1800, 1500, 1942, 1389, 1769, 2062, 1562, 1825, 1345, 1342, 1265, 1204, 1204, 1749, 1217, 1879, 906, 1166, 510, 1300, 566, 361, 806, 2081, 1342, 1200, 1442, 1562, 1500, 1300, 1628, 1063, 1334, 2506, 1700, 1393, 2000, 1697, 2163, 2332, 2419, 1931, 2594, 2247, 2683, 2648, 2751, 1552, 2532, 2600, 2530, 1897, 2778, 2163, 2059, 1304, 1970, 2683, 1342, 1655, 1562, 1442, 2759, 2326, 3662, 3985, 3162, 2642, 2802, 2280, 2843, 2341, 2561, 1844, 2435, 1897, 2617, 2474, 2600, 2300, 3015, 3612, 3214, 3929, 3401, 1900, 3622, 3569, 3667, 3002, 3688, 3650, 3517, 3956, 3736, 3900, 3700, 3669, 3808, 3883, 3801, 4386, 4442, 4050],
        [3276, 3276, 2581, 2915, 2421, 2267, 1803, 1655, 1749, 1985, 1838, 2267, 1530, 1581, 1513, 1389, 1500, 1703, 1304, 1526, 1655, 1616, 1924, 2102, 1860, 316, 2052, 800, 1581, 2000, 1140, 1300, 640, 990, 100, 2319, 0, 3500, 316, 806, 539, 3848, 781, 849, 1273, 1860, 1556, 1304, 1749, 1924, 2354, 2402, 2746, 3501, 2886, 3734, 2746, 2594, 3138, 3640, 3640, 3489, 3569, 3002, 3276, 3513, 3501, 3523, 3506, 3672, 3536, 3689, 3225, 1581, 2828, 3506, 2789, 2062, 3081, 4031, 3614, 3513, 3669, 3734, 3700, 3590, 3770, 3257, 3053, 4301, 3048, 3225, 3982, 3808, 4082, 4188, 4244, 3662, 4360, 4134, 4420, 4031, 4319, 3245, 3384, 2997, 3089, 2702, 2846, 2371, 2470, 2884, 2581, 2915, 2267, 3499, 1985, 2121, 2220, 1315, 2500, 2121, 2121, 1600, 1900, 2285, 2102, 1105, 1924, 1749, 1100, 1030, 671, 3191, 424, 300, 922, 1432, 1082, 1985, 1170, 3183, 1476, 1562, 1640, 806, 1703, 1581, 1628, 2052, 1838, 2220, 1921, 1442, 2163, 1860, 2283, 2702, 3002, 2267],
        [5906, 5906, 5423, 4780, 5349, 5412, 5099, 5049, 5080, 5029, 5247, 5412, 5009, 5025, 5004, 4752, 5000, 5201, 4653, 4866, 5049, 5036, 5277, 1836, 5120, 3413, 5192, 3590, 4272, 4965, 3956, 4727, 4020, 4258, 3400, 1237, 3500, 0, 3413, 3493, 3338, 1600, 3059, 2961, 2751, 2830, 2640, 3008, 2193, 2012, 1300, 1105, 943, 100, 990, 1300, 1921, 1697, 1789, 1000, 1000, 1649, 700, 1749, 762, 300, 100, 400, 200, 1825, 500, 2040, 500, 2377, 806, 200, 1063, 1581, 860, 2000, 900, 300, 1100, 1300, 1200, 800, 1400, 1077, 1836, 2500, 2332, 1746, 1900, 1500, 2100, 2300, 2400, 2159, 2600, 2200, 2700, 2983, 2915, 1970, 3225, 3483, 3360, 2766, 3748, 3189, 3041, 1942, 2900, 3612, 2343, 1868, 2663, 2500, 3883, 3547, 4837, 5220, 4342, 3848, 3982, 3342, 3996, 3574, 3722, 3002, 3669, 3132, 3847, 3245, 3812, 3513, 4243, 4837, 4441, 5166, 4617, 2506, 4851, 4805, 4903, 4219, 4924, 4884, 4754, 5192, 4973, 5126, 4934, 4768, 5033, 5120, 5016, 5608, 5636, 5281],
